
--------------- Linear optimization problem characteristics ---------------
Seed:                    62
Number of variables:     10000
Number of constraints:   2

Norm of primal sol:      2.00e+00
Norm of dual sol:        2.00e+00
Norm of dual slacks:     2.00e+00

Norm of vector b:        1.20e-02
Norm of vector c:        2.25e+00

Norm of matrix A:        1.00e+00
Condition number:        2.00e+00

----------------------- Linear optimization problem -----------------------
Coeff matrix A:          [[+0.011 -0.008 -0.005 ... +0.003 -0.000 -0.002]
                          [-0.017 -0.000 +0.016 ... +0.003 -0.002 +0.012]]

RHS vector b:            [+0.009 -0.008]
Obj vector c:            [-0.010 +0.015 -0.001 ... -0.007 +0.002 -0.004]

---------------------------- Optimal solution -----------------------------
Primal variables:         [+0.001 +0.017 +0.029 ... +0.007 +0.033 +0.015]
Dual slacks:              [+0.000 +0.000 +0.000 ... +0.000 +0.000 +0.000]
Dual variables:           [-1.889 -0.658]

Optimal objective:       -1.22087692e-02
===========================================================================

Method:                  II-QIPM
LO_Precision:            1.00e-01
Stop_Precision:          1.00e-03
LO_Verbosity:            2
Omega:                   1.00e+01

The Quantum Inexact Infeasible Interior-Point Method starts running ...


                  Objective                Residual                                Linear system           Step-length
Iter      Primal           Dual         Primal    Dual     Compl    ||Resl||  Cond-Num  ||M||   ||RHS||    a-star   a-hat      Time
   0   3.14929878e+01  0.00000000e+00  1.05e+01 5.19e+00  5.73e+03  1.05e+01  4.00e+00 1.00e+00 1.05e+01  9.98e-01 9.95e-01     24s
   1  -4.78061997e+01  0.00000000e+00  3.49e+01 3.70e+00  4.19e+03  1.24e+02  3.83e+00 2.19e+02 1.24e+02  5.76e-01 2.86e-01     48s
   2  -6.00931162e+01  0.00000000e+00  4.05e+01 3.60e+00  4.09e+03  2.43e+02  3.50e+00 3.34e+02 2.43e+02  4.07e-01 2.81e-02     75s
   3  -7.08000187e+01  0.00000000e+00  4.54e+01 3.52e+00  4.00e+03  2.61e+02  3.45e+00 3.48e+02 2.61e+02  3.90e-01 2.32e-02    104s
   4  -8.09876961e+01  0.00000000e+00  5.02e+01 3.44e+00  3.92e+03  2.77e+02  3.40e+00 3.60e+02 2.77e+02  3.75e-01 2.11e-02    132s
   5  -9.06994384e+01  0.00000000e+00  5.48e+01 3.38e+00  3.85e+03  2.93e+02  3.35e+00 3.72e+02 2.93e+02  3.62e-01 1.93e-02    160s
   6  -9.99668746e+01  0.00000000e+00  5.91e+01 3.32e+00  3.79e+03  3.08e+02  3.31e+00 3.83e+02 3.08e+02  3.49e-01 1.77e-02    188s
   7  -1.08829247e+02  0.00000000e+00  6.34e+01 3.26e+00  3.74e+03  3.23e+02  3.27e+00 3.94e+02 3.23e+02  3.37e-01 1.63e-02    216s
   8  -1.17323308e+02  0.00000000e+00  6.74e+01 3.21e+00  3.69e+03  3.38e+02  3.23e+00 4.04e+02 3.38e+02  3.27e-01 1.50e-02    244s
   9  -1.25467097e+02  0.00000000e+00  7.13e+01 3.17e+00  3.64e+03  3.52e+02  3.19e+00 4.14e+02 3.52e+02  3.16e-01 1.39e-02    273s
  10  -1.33286074e+02  0.00000000e+00  7.51e+01 3.13e+00  3.60e+03  3.67e+02  3.15e+00 4.24e+02 3.67e+02  3.07e-01 1.29e-02    302s
  11  -1.40811816e+02  0.00000000e+00  7.87e+01 3.09e+00  3.56e+03  3.81e+02  3.12e+00 4.33e+02 3.81e+02  2.97e-01 1.21e-02    331s
  12  -1.48044707e+02  0.00000000e+00  8.22e+01 3.05e+00  3.52e+03  3.94e+02  3.08e+00 4.42e+02 3.94e+02  2.89e-01 1.12e-02    359s
  13  -1.55021101e+02  0.00000000e+00  8.56e+01 3.02e+00  3.49e+03  4.08e+02  3.05e+00 4.51e+02 4.08e+02  2.81e-01 1.05e-02    388s
  14  -1.61747586e+02  0.00000000e+00  8.89e+01 2.99e+00  3.46e+03  4.21e+02  3.02e+00 4.60e+02 4.21e+02  2.73e-01 9.87e-03    417s
  15  -2.81722120e+01 -1.40652653e-02  1.57e+01 5.30e-01  6.63e+02 *2.37e-01  2.99e+00 4.68e+02 4.34e+02  8.73e-01 8.23e-01    442s
  16   9.55111570e+00 -1.40652653e-02  1.07e+01 4.71e-01  5.95e+02  1.81e+02  3.88e+00 2.47e+03 1.81e+02  5.62e-01 1.11e-01    467s
  17   2.89200280e+01 -1.40652653e-02  2.02e+01 4.49e-01  5.70e+02  2.43e+02  3.76e+00 2.90e+03 2.43e+02  5.07e-01 4.72e-02    493s
  18   4.73252486e+01 -1.40652653e-02  3.02e+01 4.30e-01  5.48e+02  2.74e+02  3.70e+00 3.12e+03 2.74e+02  4.82e-01 4.11e-02    521s
  19   6.49034323e+01 -1.40652653e-02  4.00e+01 4.15e-01  5.30e+02  3.05e+02  3.64e+00 3.32e+03 3.05e+02  4.60e-01 3.62e-02    548s
  20   8.17271418e+01 -1.40652653e-02  4.94e+01 4.01e-01  5.15e+02  3.36e+02  3.58e+00 3.52e+03 3.36e+02  4.40e-01 3.22e-02    574s
  21   9.78255009e+01 -1.40652653e-02  5.84e+01 3.90e-01  5.02e+02  3.66e+02  3.52e+00 3.72e+03 3.66e+02  4.21e-01 2.87e-02    601s
  22   1.13280345e+02 -1.40652653e-02  6.70e+01 3.80e-01  4.90e+02  3.95e+02  3.47e+00 3.91e+03 3.95e+02  4.04e-01 2.59e-02    628s
  23   1.28128188e+02 -1.40652653e-02  7.53e+01 3.71e-01  4.79e+02  4.24e+02  3.42e+00 4.09e+03 4.24e+02  3.88e-01 2.34e-02    655s
  24   1.42407643e+02 -1.40652653e-02  8.33e+01 3.63e-01  4.70e+02  4.53e+02  3.36e+00 4.27e+03 4.53e+02  3.73e-01 2.12e-02    683s
  25   1.56171994e+02 -1.40652653e-02  9.10e+01 3.56e-01  4.62e+02  4.81e+02  3.31e+00 4.45e+03 4.81e+02  3.60e-01 1.94e-02    711s
  26   1.69433497e+02 -1.40652653e-02  9.84e+01 3.50e-01  4.54e+02  5.09e+02  3.27e+00 4.62e+03 5.09e+02  3.47e-01 1.77e-02    738s
  27   1.82257597e+02 -1.40652653e-02  1.05e+02 3.44e-01  4.48e+02  5.37e+02  3.22e+00 4.79e+03 5.37e+02  3.35e-01 1.63e-02    766s
  28   1.94644587e+02 -1.40652653e-02  1.12e+02 3.39e-01  4.42e+02  5.64e+02  3.18e+00 4.96e+03 5.64e+02  3.24e-01 1.50e-02    794s
  29   2.06620817e+02 -1.40652653e-02  1.19e+02 3.34e-01  4.36e+02  5.91e+02  3.14e+00 5.12e+03 5.91e+02  3.14e-01 1.39e-02    823s
  30   2.18235465e+02 -1.40652653e-02  1.25e+02 3.30e-01  4.31e+02  6.17e+02  3.10e+00 5.28e+03 6.17e+02  3.04e-01 1.29e-02    851s
  31   2.29490211e+02 -1.40652653e-02  1.32e+02 3.26e-01  4.26e+02  6.44e+02  3.06e+00 5.44e+03 6.44e+02  2.95e-01 1.20e-02    879s
  32   2.40420687e+02 -1.40652653e-02  1.38e+02 3.22e-01  4.22e+02  6.70e+02  3.02e+00 5.59e+03 6.70e+02  2.87e-01 1.12e-02    908s
  33   4.72734261e+01 -1.20738782e-02  2.78e+01 6.48e-02  9.16e+01  1.55e+00  2.98e+00 5.74e+03 6.95e+02  8.79e-01 7.99e-01    933s
  34   1.81907061e+01 -1.21408934e-02  1.13e+01 2.68e-02  4.01e+01 *1.53e+00  4.10e+00 2.20e+04 1.04e+02  9.43e-01 5.86e-01    958s
  35  -1.32991735e+00 -1.22095472e-02  1.19e+00 3.64e-04  5.99e-01 *1.21e+00  4.06e+00 5.73e+04 1.56e+02  9.92e-01 9.86e-01    982s
  36   6.54013525e-01 -1.22090338e-02  5.02e-01 1.44e-04  2.51e-01  9.81e-01  4.32e+00 4.89e+06 3.72e+02  9.72e-01 6.05e-01   1008s
  37   6.54392184e-01 -1.22090337e-02  5.02e-01 1.44e-04  2.51e-01  9.68e-01  4.24e+00 1.28e+07 3.27e+02  9.75e-01 2.99e-04   1073s

The solution quality is limited by the precision of the linear system solver.

The algorithm stopped after 38 iterations in 1072.60 seconds.

Primal variables:   [+17.197 +16.839 +17.961 ... +17.618 +17.418 +17.848]
Dual slacks:        [+0.000 +0.000 +0.000 ... +0.000 +0.000 +0.000]
Dual variables:     [-1.889 -0.658]

Primal objective:   6.54392184e-01 
Dual objective:     -1.22090337e-02

Primal residual:    5.02e-01
Dual residual:      1.44e-04
Complementraty:     2.51e-01

Number of Iter:     38
Run time:           1072.60
