
--------------- Linear optimization problem characteristics ---------------
Seed:                    77
Number of variables:     10000
Number of constraints:   2

Norm of primal sol:      2.00e+00
Norm of dual sol:        2.00e+00
Norm of dual slacks:     2.00e+00

Norm of vector b:        5.82e-03
Norm of vector c:        2.68e+00

Norm of matrix A:        1.00e+00
Condition number:        2.00e+00

----------------------- Linear optimization problem -----------------------
Coeff matrix A:          [[-0.002 -0.006 +0.002 ... +0.008 -0.000 +0.001]
                          [-0.003 +0.001 -0.009 ... -0.003 +0.006 +0.008]]

RHS vector b:            [-0.005 +0.003]
Obj vector c:            [-0.007 -0.004 -0.014 ... +0.004 +0.010 +0.015]

---------------------------- Optimal solution -----------------------------
Primal variables:         [+0.032 +0.022 +0.026 ... +0.004 +0.002 +0.010]
Dual slacks:              [+0.000 +0.000 +0.000 ... +0.000 +0.000 +0.000]
Dual variables:           [+1.056 +1.698]

Optimal objective:       -1.14098015e-03
===========================================================================

Method:                  II-QIPM
LO_Precision:            1.00e-01
Stop_Precision:          1.00e-03
LO_Verbosity:            2
Omega:                   1.00e+01

The Quantum Inexact Infeasible Interior-Point Method starts running ...


                  Objective                Residual                                Linear system           Step-length
Iter      Primal           Dual         Primal    Dual     Compl    ||Resl||  Cond-Num  ||M||   ||RHS||    a-star   a-hat      Time
   0   2.62885392e+01 -4.32546610e-02  4.75e-02 2.17e+01  2.38e+04  1.20e-15  4.00e+00 1.00e+00 2.63e+00  9.89e-01 9.78e-01     24s
   1   4.55483490e+00 -4.32546610e-02  1.65e+01 1.92e+01  2.13e+04  1.46e+02  3.72e+00 5.25e+01 1.46e+02  5.05e-01 1.13e-01     49s
   2  -2.50867803e+00 -4.32546610e-02  2.22e+01 1.86e+01  2.07e+04  1.94e+02  3.56e+00 6.12e+01 1.94e+02  4.42e-01 3.20e-02     77s
   3  -9.09624751e+00 -4.32546610e-02  2.76e+01 1.81e+01  2.02e+04  2.10e+02  3.50e+00 6.39e+01 2.10e+02  4.24e-01 2.87e-02    105s
   4  -1.52619784e+01 -4.32546610e-02  3.27e+01 1.76e+01  1.97e+04  2.26e+02  3.45e+00 6.64e+01 2.26e+02  4.07e-01 2.58e-02    134s
   5  -2.10433904e+01 -4.32546610e-02  3.76e+01 1.72e+01  1.93e+04  2.42e+02  3.39e+00 6.88e+01 2.42e+02  3.91e-01 2.33e-02    162s
   6  -2.64808307e+01 -4.32546610e-02  4.23e+01 1.68e+01  1.89e+04  2.57e+02  3.34e+00 7.11e+01 2.57e+02  3.76e-01 2.12e-02    191s
   7  -3.16110416e+01 -4.32546610e-02  4.67e+01 1.65e+01  1.86e+04  2.72e+02  3.29e+00 7.33e+01 2.72e+02  3.63e-01 1.94e-02    219s
   8  -3.64480047e+01 -4.32546610e-02  5.10e+01 1.62e+01  1.83e+04  2.86e+02  3.24e+00 7.54e+01 2.86e+02  3.50e-01 1.78e-02    249s
   9  -4.10287405e+01 -4.32546610e-02  5.50e+01 1.59e+01  1.80e+04  3.00e+02  3.19e+00 7.74e+01 3.00e+02  3.38e-01 1.64e-02    278s
  10  -4.53733629e+01 -4.32546610e-02  5.89e+01 1.57e+01  1.78e+04  3.14e+02  3.15e+00 7.93e+01 3.14e+02  3.27e-01 1.51e-02    307s
  11  -4.94923263e+01 -4.32546610e-02  6.27e+01 1.55e+01  1.75e+04  3.27e+02  3.11e+00 8.12e+01 3.27e+02  3.17e-01 1.40e-02    336s
  12  -5.34116977e+01 -4.32546610e-02  6.63e+01 1.53e+01  1.73e+04  3.40e+02  3.07e+00 8.29e+01 3.40e+02  3.07e-01 1.30e-02    366s
  13  -5.71400450e+01 -4.32546610e-02  6.97e+01 1.51e+01  1.71e+04  3.53e+02  3.03e+00 8.46e+01 3.53e+02  2.98e-01 1.21e-02    395s
  14  -7.86103881e+00  3.40769196e-03  1.18e+01 2.55e+00  3.14e+03 *1.19e-01  2.99e+00 8.62e+01 3.66e+02  8.78e-01 8.31e-01    419s
  15   1.42406337e+01  3.40769196e-03  5.01e+00 2.30e+00  2.85e+03  1.45e+02  3.80e+00 4.96e+02 1.45e+02  5.42e-01 1.00e-01    444s
  16   2.52171007e+01  3.40769196e-03  1.23e+01 2.20e+00  2.74e+03  1.87e+02  3.67e+00 5.65e+02 1.87e+02  4.91e-01 4.28e-02    471s
  17   3.54953117e+01  3.40769196e-03  1.96e+01 2.11e+00  2.65e+03  2.09e+02  3.61e+00 5.98e+02 2.09e+02  4.69e-01 3.75e-02    498s
  18   4.51640280e+01  3.40769196e-03  2.65e+01 2.04e+00  2.57e+03  2.30e+02  3.54e+00 6.29e+02 2.30e+02  4.48e-01 3.33e-02    525s
  19   5.42733035e+01  3.40769196e-03  3.31e+01 1.98e+00  2.50e+03  2.50e+02  3.48e+00 6.59e+02 2.50e+02  4.29e-01 2.97e-02    553s
  20   6.28656888e+01  3.40769196e-03  3.94e+01 1.93e+00  2.44e+03  2.69e+02  3.42e+00 6.87e+02 2.69e+02  4.11e-01 2.67e-02    581s
  21   7.09923620e+01  3.40769196e-03  4.53e+01 1.88e+00  2.39e+03  2.88e+02  3.36e+00 7.13e+02 2.88e+02  3.95e-01 2.41e-02    609s
  22   7.86792808e+01  3.40769196e-03  5.10e+01 1.84e+00  2.34e+03  3.07e+02  3.31e+00 7.39e+02 3.07e+02  3.80e-01 2.19e-02    638s
  23   8.59750495e+01  3.40769196e-03  5.65e+01 1.81e+00  2.30e+03  3.25e+02  3.25e+00 7.63e+02 3.25e+02  3.67e-01 2.00e-02    667s
  24   9.28972226e+01  3.40769196e-03  6.17e+01 1.77e+00  2.26e+03  3.43e+02  3.20e+00 7.86e+02 3.43e+02  3.54e-01 1.83e-02    696s
  25   9.94772056e+01  3.40769196e-03  6.67e+01 1.74e+00  2.23e+03  3.60e+02  3.15e+00 8.08e+02 3.60e+02  3.42e-01 1.68e-02    725s
  26   1.05744674e+02  3.40769196e-03  7.15e+01 1.72e+00  2.19e+03  3.77e+02  3.10e+00 8.30e+02 3.77e+02  3.30e-01 1.55e-02    755s
  27   1.11721497e+02  3.40769196e-03  7.61e+01 1.69e+00  2.17e+03  3.93e+02  3.06e+00 8.50e+02 3.93e+02  3.20e-01 1.43e-02    784s
  28   1.17422819e+02  3.40769196e-03  8.05e+01 1.67e+00  2.14e+03  4.10e+02  3.01e+00 8.70e+02 4.10e+02  3.10e-01 1.33e-02    814s
  29   2.22467075e+01 -1.51273971e-03  1.49e+01 3.09e-01  4.28e+02  3.82e-01  2.97e+00 8.89e+02 4.26e+02  8.81e-01 8.15e-01    839s
  30   4.82579719e+00 -1.23368501e-03  3.07e+00 6.48e-02  9.70e+01  2.39e-01  4.02e+00 4.59e+03 1.24e+02  9.79e-01 7.90e-01    863s
  31  -2.02646867e+01 -1.23368501e-03  1.20e+01 5.88e-02  8.87e+01  1.58e+02  3.94e+00 2.37e+04 1.58e+02  6.32e-01 9.34e-02    891s
  32  -4.30977395e+01 -1.23368501e-03  2.58e+01 5.44e-02  8.27e+01  1.96e+02  3.87e+00 2.68e+04 1.96e+02  5.94e-01 7.48e-02    919s
  33  -6.45306276e+01 -1.23368501e-03  3.88e+01 5.09e-02  7.79e+01  2.32e+02  3.81e+00 2.95e+04 2.32e+02  5.62e-01 6.31e-02    947s
  34  -8.46367077e+01 -1.23368501e-03  5.10e+01 4.82e-02  7.41e+01  2.66e+02  3.74e+00 3.21e+04 2.66e+02  5.32e-01 5.39e-02    976s
  35  -1.03516058e+02 -1.23368501e-03  6.26e+01 4.60e-02  7.10e+01  2.99e+02  3.68e+00 3.46e+04 2.99e+02  5.05e-01 4.66e-02   1005s
  36  -1.21275096e+02 -1.23368501e-03  7.35e+01 4.41e-02  6.83e+01  3.30e+02  3.62e+00 3.69e+04 3.30e+02  4.81e-01 4.07e-02   1034s
  37  -1.37998737e+02 -1.23368501e-03  8.38e+01 4.25e-02  6.61e+01  3.61e+02  3.55e+00 3.91e+04 3.61e+02  4.59e-01 3.59e-02   1063s
  38  -1.53795687e+02 -1.23368501e-03  9.36e+01 4.11e-02  6.42e+01  3.91e+02  3.49e+00 4.12e+04 3.91e+02  4.39e-01 3.19e-02   1092s
  39  -1.68729474e+02 -1.23368501e-03  1.03e+02 4.00e-02  6.25e+01  4.20e+02  3.43e+00 4.32e+04 4.20e+02  4.21e-01 2.85e-02   1121s
  40  -1.82866535e+02 -1.23368501e-03  1.12e+02 3.89e-02  6.11e+01  4.48e+02  3.38e+00 4.51e+04 4.48e+02  4.04e-01 2.56e-02   1151s
  41  -1.95568417e+02 -1.23368501e-03  1.20e+02 3.81e-02  5.99e+01  4.76e+02  3.32e+00 4.69e+04 4.76e+02  3.88e-01 2.20e-02   1180s
  42  -1.95570383e+02 -1.23368501e-03  1.20e+02 3.81e-02  5.99e+01  5.01e+02  3.27e+00 4.86e+04 5.01e+02  3.74e-01 3.26e-06   1249s

The solution quality is limited by the precision of the linear system solver.

The algorithm stopped after 43 iterations in 1249.29 seconds.

Primal variables:   [+16.875 +14.826 +22.439 ... +18.907 +14.114 +13.619]
Dual slacks:        [+0.000 +0.000 +0.000 ... +0.000 +0.001 +0.001]
Dual variables:     [+1.063 +1.677]

Primal objective:   -1.95570383e+02
Dual objective:     -1.23368501e-03

Primal residual:    1.20e+02
Dual residual:      3.81e-02
Complementraty:     5.99e+01

Number of Iter:     43
Run time:           1249.29
