
--------------- Linear optimization problem characteristics ---------------
Seed:                    15
Number of variables:     10000
Number of constraints:   2

Norm of primal sol:      2.00e+00
Norm of dual sol:        2.00e+00
Norm of dual slacks:     2.00e+00

Norm of vector b:        1.27e-02
Norm of vector c:        2.25e+00

Norm of matrix A:        1.00e+00
Condition number:        2.00e+00

----------------------- Linear optimization problem -----------------------
Coeff matrix A:          [[+0.010 -0.010 -0.011 ... +0.008 +0.011 +0.014]
                          [+0.015 -0.004 -0.012 ... +0.010 +0.016 +0.014]]

RHS vector b:            [+0.011 +0.006]
Obj vector c:            [-0.009 -0.006 +0.004 ... -0.005 -0.010 -0.002]

---------------------------- Optimal solution -----------------------------
Primal variables:         [+0.029 +0.006 +0.002 ... +0.032 +0.002 +0.015]
Dual slacks:              [+0.000 +0.000 +0.000 ... +0.000 +0.000 +0.000]
Dual variables:           [+1.322 -1.501]

Optimal objective:       +5.09447745e-03
===========================================================================

Method:                  II-QIPM
LO_Precision:            1.00e-01
Stop_Precision:          1.00e-03
LO_Verbosity:            2
Omega:                   1.00e+01

The Quantum Inexact Infeasible Interior-Point Method starts running ...


                  Objective                Residual                                Linear system           Step-length
Iter      Primal           Dual         Primal    Dual     Compl    ||Resl||  Cond-Num  ||M||   ||RHS||    a-star   a-hat      Time
   0   2.58419359e+01 -1.56732422e-01  3.20e-01 4.34e+01  4.76e+04 *2.81e-15  4.00e+00 1.00e+00 8.10e+00  9.78e-01 9.57e-01     38s
   1  -4.10421537e+00 -1.56732422e-01  2.85e+01 3.83e+01  4.24e+04  2.45e+02  3.82e+00 2.75e+01 2.45e+02  5.00e-01 1.17e-01    116s
   2  -1.39420676e+01 -1.56732422e-01  3.80e+01 3.71e+01  4.12e+04  3.33e+02  3.70e+00 3.32e+01 3.33e+02  4.34e-01 3.12e-02    198s
   3  -2.32047628e+01 -1.56732422e-01  4.70e+01 3.61e+01  4.02e+04  3.62e+02  3.66e+00 3.50e+01 3.62e+02  4.15e-01 2.76e-02    275s
   4  -3.20485179e+01 -1.56732422e-01  5.55e+01 3.52e+01  3.93e+04  3.91e+02  3.63e+00 3.68e+01 3.91e+02  3.99e-01 2.49e-02    346s
   5  -4.05128292e+01 -1.56732422e-01  6.37e+01 3.44e+01  3.85e+04  4.18e+02  3.59e+00 3.85e+01 4.18e+02  3.83e-01 2.25e-02    418s
   6  -4.86353424e+01 -1.56732422e-01  7.15e+01 3.37e+01  3.78e+04  4.45e+02  3.55e+00 4.01e+01 4.45e+02  3.69e-01 2.05e-02    498s
   7  -5.64439470e+01 -1.56732422e-01  7.90e+01 3.31e+01  3.71e+04  4.72e+02  3.52e+00 4.18e+01 4.72e+02  3.56e-01 1.88e-02    553s
   8  -6.39578355e+01 -1.56732422e-01  8.62e+01 3.25e+01  3.66e+04  4.98e+02  3.49e+00 4.33e+01 4.98e+02  3.44e-01 1.72e-02    597s
   9  -7.12029432e+01 -1.56732422e-01  9.31e+01 3.20e+01  3.60e+04  5.23e+02  3.45e+00 4.49e+01 5.23e+02  3.32e-01 1.58e-02    641s
  10  -7.81899280e+01 -1.56732422e-01  9.98e+01 3.15e+01  3.56e+04  5.48e+02  3.42e+00 4.64e+01 5.48e+02  3.21e-01 1.46e-02    685s
  11  -8.49497334e+01 -1.56732422e-01  1.06e+02 3.11e+01  3.51e+04  5.73e+02  3.39e+00 4.79e+01 5.73e+02  3.11e-01 1.36e-02    728s
  12  -9.14787109e+01 -1.56732422e-01  1.12e+02 3.07e+01  3.47e+04  5.97e+02  3.36e+00 4.93e+01 5.97e+02  3.02e-01 1.26e-02    765s
  13  -9.78059134e+01 -1.56732422e-01  1.18e+02 3.03e+01  3.44e+04  6.21e+02  3.33e+00 5.07e+01 6.21e+02  2.93e-01 1.17e-02    844s
  14  -1.03940186e+02 -1.56732422e-01  1.24e+02 3.00e+01  3.40e+04  6.45e+02  3.30e+00 5.21e+01 6.45e+02  2.85e-01 1.10e-02    885s
  15  -1.09890203e+02 -1.56732422e-01  1.30e+02 2.97e+01  3.37e+04  6.68e+02  3.27e+00 5.35e+01 6.68e+02  2.77e-01 1.03e-02    930s
  16  -1.15664441e+02 -1.56732422e-01  1.35e+02 2.94e+01  3.34e+04  6.91e+02  3.25e+00 5.48e+01 6.91e+02  2.69e-01 9.63e-03    975s
  17  -1.21276765e+02 -1.56732422e-01  1.40e+02 2.91e+01  3.31e+04  7.13e+02  3.22e+00 5.61e+01 7.13e+02  2.62e-01 9.05e-03   1018s
  18  -1.26740377e+02 -1.56732422e-01  1.45e+02 2.89e+01  3.29e+04  7.35e+02  3.20e+00 5.74e+01 7.35e+02  2.55e-01 8.53e-03   1061s
  19  -1.32051881e+02 -1.56732422e-01  1.50e+02 2.87e+01  3.26e+04  7.57e+02  3.17e+00 5.87e+01 7.57e+02  2.49e-01 8.04e-03   1106s
  20  -1.37229154e+02 -1.56732422e-01  1.55e+02 2.84e+01  3.24e+04  7.78e+02  3.15e+00 5.99e+01 7.78e+02  2.43e-01 7.60e-03   1146s
  21  -1.42273936e+02 -1.56732422e-01  1.60e+02 2.82e+01  3.22e+04  8.00e+02  3.12e+00 6.11e+01 8.00e+02  2.37e-01 7.19e-03   1220s
  22  -1.47188098e+02 -1.56732422e-01  1.64e+02 2.81e+01  3.20e+04  8.21e+02  3.10e+00 6.23e+01 8.21e+02  2.31e-01 6.81e-03   1310s
  23  -1.51988005e+02 -1.56732422e-01  1.69e+02 2.79e+01  3.18e+04  8.41e+02  3.08e+00 6.35e+01 8.41e+02  2.26e-01 6.47e-03   1390s
  24  -1.56670391e+02 -1.56732422e-01  1.73e+02 2.77e+01  3.16e+04  8.62e+02  3.05e+00 6.46e+01 8.62e+02  2.21e-01 6.15e-03   1435s
  25  -1.61246116e+02 -1.56732422e-01  1.77e+02 2.75e+01  3.15e+04  8.82e+02  3.03e+00 6.58e+01 8.82e+02  2.16e-01 5.85e-03   1481s
  26  -1.65716566e+02 -1.56732422e-01  1.81e+02 2.74e+01  3.13e+04  9.02e+02  3.01e+00 6.69e+01 9.02e+02  2.12e-01 5.57e-03   1526s
  27  -2.36603085e+01  2.21510153e-02  3.05e+01 4.60e+00  5.70e+03  1.25e+00  2.99e+00 6.80e+01 9.22e+02  8.79e-01 8.32e-01   1564s
  28  -5.25001010e+00  1.10342017e-02  1.00e+01 1.53e+00  2.02e+03 *1.91e+00  4.06e+00 2.88e+02 2.50e+02  9.58e-01 6.68e-01   1601s
  29   7.86033288e+00  1.10342017e-02  6.80e+00 1.45e+00  1.92e+03  3.07e+02  3.97e+00 9.43e+02 3.07e+02  5.23e-01 5.30e-02   1643s
  30   2.00101015e+01  1.10342017e-02  2.23e+01 1.38e+00  1.85e+03  3.55e+02  3.94e+00 1.03e+03 3.55e+02  4.96e-01 4.45e-02   1681s
  31   3.16495658e+01  1.10342017e-02  3.71e+01 1.33e+00  1.78e+03  4.00e+02  3.92e+00 1.11e+03 4.00e+02  4.73e-01 3.91e-02   1723s
  32   4.27858753e+01  1.10342017e-02  5.12e+01 1.28e+00  1.72e+03  4.45e+02  3.89e+00 1.18e+03 4.45e+02  4.51e-01 3.45e-02   1763s
  33   5.34664183e+01  1.10342017e-02  6.47e+01 1.24e+00  1.68e+03  4.90e+02  3.87e+00 1.26e+03 4.90e+02  4.32e-01 3.07e-02   1805s
  34   6.37409322e+01  1.10342017e-02  7.76e+01 1.21e+00  1.63e+03  5.34e+02  3.85e+00 1.34e+03 5.34e+02  4.14e-01 2.76e-02   1847s
  35   7.36201682e+01  1.10342017e-02  9.00e+01 1.18e+00  1.60e+03  5.77e+02  3.83e+00 1.41e+03 5.77e+02  3.97e-01 2.48e-02   1886s
  36   8.31463529e+01  1.10342017e-02  1.02e+02 1.15e+00  1.57e+03  6.20e+02  3.81e+00 1.49e+03 6.20e+02  3.82e-01 2.25e-02   1927s
  37   9.23335988e+01  1.10342017e-02  1.13e+02 1.13e+00  1.54e+03  6.62e+02  3.79e+00 1.56e+03 6.62e+02  3.68e-01 2.05e-02   1970s
  38   1.01215041e+02  1.10342017e-02  1.24e+02 1.11e+00  1.51e+03  7.04e+02  3.78e+00 1.64e+03 7.04e+02  3.54e-01 1.87e-02   2012s
  39   1.09805934e+02  1.10342017e-02  1.35e+02 1.09e+00  1.49e+03  7.46e+02  3.76e+00 1.71e+03 7.46e+02  3.42e-01 1.72e-02   2051s
  40   1.18121954e+02  1.10342017e-02  1.45e+02 1.07e+00  1.47e+03  7.87e+02  3.74e+00 1.78e+03 7.87e+02  3.31e-01 1.58e-02   2092s
  41   1.26186995e+02  1.10342017e-02  1.55e+02 1.06e+00  1.45e+03  8.28e+02  3.73e+00 1.85e+03 8.28e+02  3.20e-01 1.46e-02   2135s
  42   1.34008647e+02  1.10342017e-02  1.65e+02 1.04e+00  1.43e+03  8.68e+02  3.72e+00 1.92e+03 8.68e+02  3.10e-01 1.35e-02   2179s
  43   1.41610115e+02  1.10342017e-02  1.74e+02 1.03e+00  1.41e+03  9.08e+02  3.70e+00 2.00e+03 9.08e+02  3.00e-01 1.26e-02   2223s
  44   1.48998995e+02  1.10342017e-02  1.83e+02 1.02e+00  1.40e+03  9.48e+02  3.69e+00 2.07e+03 9.48e+02  2.91e-01 1.17e-02   2262s
  45   1.56190253e+02  1.10342017e-02  1.92e+02 1.01e+00  1.38e+03  9.88e+02  3.68e+00 2.14e+03 9.88e+02  2.83e-01 1.09e-02   2305s
  46   1.63191449e+02  1.10342017e-02  2.01e+02 9.96e-01  1.37e+03  1.03e+03  3.66e+00 2.20e+03 1.03e+03  2.75e-01 1.02e-02   2376s
  47   1.70010179e+02  1.10342017e-02  2.09e+02 9.87e-01  1.36e+03  1.07e+03  3.65e+00 2.27e+03 1.07e+03  2.68e-01 9.58e-03   2464s
  48   1.76660672e+02  1.10342017e-02  2.17e+02 9.78e-01  1.35e+03  1.10e+03  3.64e+00 2.34e+03 1.10e+03  2.61e-01 9.01e-03   2551s
  49   1.83156669e+02  1.10342017e-02  2.25e+02 9.70e-01  1.34e+03  1.14e+03  3.63e+00 2.41e+03 1.14e+03  2.54e-01 8.49e-03   2635s
  50   1.89492399e+02  1.10342017e-02  2.33e+02 9.62e-01  1.33e+03  1.18e+03  3.62e+00 2.48e+03 1.18e+03  2.47e-01 8.00e-03   2720s
  51   1.95681353e+02  1.10342017e-02  2.40e+02 9.55e-01  1.32e+03  1.22e+03  3.61e+00 2.54e+03 1.22e+03  2.41e-01 7.56e-03   2813s
  52   2.01730455e+02  1.10342017e-02  2.47e+02 9.48e-01  1.31e+03  1.26e+03  3.60e+00 2.61e+03 1.26e+03  2.36e-01 7.15e-03   2888s
  53   2.07646486e+02  1.10342017e-02  2.54e+02 9.41e-01  1.30e+03  1.29e+03  3.59e+00 2.68e+03 1.29e+03  2.30e-01 6.78e-03   2933s
  54   2.13436074e+02  1.10342017e-02  2.61e+02 9.35e-01  1.29e+03  1.33e+03  3.58e+00 2.74e+03 1.33e+03  2.25e-01 6.43e-03   2973s
  55   2.19105685e+02  1.10342017e-02  2.68e+02 9.30e-01  1.29e+03  1.37e+03  3.58e+00 2.81e+03 1.37e+03  2.20e-01 6.12e-03   3017s
  56   2.24656065e+02  1.10342017e-02  2.75e+02 9.24e-01  1.28e+03  1.40e+03  3.57e+00 2.87e+03 1.40e+03  2.15e-01 5.82e-03   3057s
  57   2.30093535e+02  1.10342017e-02  2.81e+02 9.19e-01  1.27e+03  1.44e+03  3.56e+00 2.94e+03 1.44e+03  2.10e-01 5.54e-03   3102s
  58   2.35424239e+02  1.10342017e-02  2.87e+02 9.14e-01  1.27e+03  1.48e+03  3.55e+00 3.00e+03 1.48e+03  2.06e-01 5.29e-03   3174s
  59   2.40648914e+02  1.10342017e-02  2.94e+02 9.10e-01  1.26e+03  1.51e+03  3.54e+00 3.06e+03 1.51e+03  2.02e-01 5.04e-03   3214s
  60   2.45778651e+02  1.10342017e-02  3.00e+02 9.05e-01  1.26e+03  1.55e+03  3.54e+00 3.13e+03 1.55e+03  1.98e-01 4.83e-03   3256s
  61   2.50808998e+02  1.10342017e-02  3.06e+02 9.01e-01  1.25e+03  1.58e+03  3.53e+00 3.19e+03 1.58e+03  1.94e-01 4.61e-03   3300s
  62   2.55750662e+02  1.10342017e-02  3.11e+02 8.97e-01  1.25e+03  1.62e+03  3.52e+00 3.25e+03 1.62e+03  1.90e-01 4.42e-03   3345s
  63   2.60599367e+02  1.10342017e-02  3.17e+02 8.93e-01  1.24e+03  1.65e+03  3.51e+00 3.31e+03 1.65e+03  1.86e-01 4.24e-03   3390s
  64   2.65365441e+02  1.10342017e-02  3.23e+02 8.90e-01  1.24e+03  1.69e+03  3.51e+00 3.38e+03 1.69e+03  1.83e-01 4.07e-03   3434s
  65   2.70044755e+02  1.10342017e-02  3.28e+02 8.86e-01  1.23e+03  1.72e+03  3.50e+00 3.44e+03 1.72e+03  1.80e-01 3.90e-03   3479s
  66   2.74647266e+02  1.10342017e-02  3.34e+02 8.83e-01  1.23e+03  1.76e+03  3.49e+00 3.50e+03 1.76e+03  1.76e-01 3.75e-03   3554s
  67   2.79173494e+02  1.10342017e-02  3.39e+02 8.80e-01  1.22e+03  1.79e+03  3.49e+00 3.56e+03 1.79e+03  1.73e-01 3.61e-03   3639s
  68   2.83624004e+02  1.10342017e-02  3.44e+02 8.77e-01  1.22e+03  1.83e+03  3.48e+00 3.62e+03 1.83e+03  1.70e-01 3.47e-03   3717s
  69   2.88003780e+02  1.10342017e-02  3.49e+02 8.74e-01  1.22e+03  1.86e+03  3.47e+00 3.68e+03 1.86e+03  1.67e-01 3.35e-03   3761s
  70   2.92313337e+02  1.10342017e-02  3.54e+02 8.71e-01  1.21e+03  1.90e+03  3.47e+00 3.74e+03 1.90e+03  1.65e-01 3.23e-03   3806s
  71   2.96553220e+02  1.10342017e-02  3.59e+02 8.68e-01  1.21e+03  1.93e+03  3.46e+00 3.80e+03 1.93e+03  1.62e-01 3.11e-03   3851s
  72   3.00728182e+02  1.10342017e-02  3.64e+02 8.65e-01  1.21e+03  1.96e+03  3.45e+00 3.86e+03 1.96e+03  1.59e-01 3.00e-03   3895s
  73   3.04838712e+02  1.10342017e-02  3.68e+02 8.63e-01  1.20e+03  2.00e+03  3.45e+00 3.91e+03 2.00e+03  1.57e-01 2.90e-03   3941s
  74   3.08889374e+02  1.10342017e-02  3.73e+02 8.61e-01  1.20e+03  2.03e+03  3.44e+00 3.97e+03 2.03e+03  1.54e-01 2.80e-03   3986s
  75   3.12876603e+02  1.10342017e-02  3.78e+02 8.58e-01  1.20e+03  2.06e+03  3.44e+00 4.03e+03 2.06e+03  1.52e-01 2.71e-03   4031s
  76   3.16808818e+02  1.10342017e-02  3.82e+02 8.56e-01  1.19e+03  2.09e+03  3.43e+00 4.09e+03 2.09e+03  1.50e-01 2.62e-03   4077s
  77   3.20686388e+02  1.10342017e-02  3.87e+02 8.54e-01  1.19e+03  2.13e+03  3.43e+00 4.15e+03 2.13e+03  1.47e-01 2.54e-03   4117s
  78   3.24505876e+02  1.10342017e-02  3.91e+02 8.52e-01  1.19e+03  2.16e+03  3.42e+00 4.20e+03 2.16e+03  1.45e-01 2.46e-03   4158s
  79   3.28271552e+02  1.10342017e-02  3.95e+02 8.50e-01  1.19e+03  2.19e+03  3.41e+00 4.26e+03 2.19e+03  1.43e-01 2.38e-03   4204s
  80   3.31983837e+02  1.10342017e-02  3.99e+02 8.48e-01  1.18e+03  2.22e+03  3.41e+00 4.32e+03 2.22e+03  1.41e-01 2.31e-03   4249s
  81   3.35646827e+02  1.10342017e-02  4.04e+02 8.46e-01  1.18e+03  2.26e+03  3.40e+00 4.37e+03 2.26e+03  1.39e-01 2.24e-03   4295s
  82   3.39264498e+02  1.10342017e-02  4.08e+02 8.44e-01  1.18e+03  2.29e+03  3.40e+00 4.43e+03 2.29e+03  1.37e-01 2.17e-03   4337s
  83   3.42829989e+02  1.10342017e-02  4.12e+02 8.42e-01  1.18e+03  2.32e+03  3.39e+00 4.48e+03 2.32e+03  1.35e-01 2.11e-03   4384s
  84   3.46347291e+02  1.10342017e-02  4.16e+02 8.40e-01  1.18e+03  2.35e+03  3.39e+00 4.54e+03 2.35e+03  1.34e-01 2.05e-03   4430s
  85   3.49823743e+02  1.10342017e-02  4.20e+02 8.39e-01  1.17e+03  2.38e+03  3.38e+00 4.59e+03 2.38e+03  1.32e-01 1.99e-03   4476s
  86   3.53252718e+02  1.10342017e-02  4.23e+02 8.37e-01  1.17e+03  2.41e+03  3.38e+00 4.65e+03 2.41e+03  1.30e-01 1.93e-03   4523s
  87   3.56638010e+02  1.10342017e-02  4.27e+02 8.36e-01  1.17e+03  2.44e+03  3.37e+00 4.70e+03 2.44e+03  1.28e-01 1.88e-03   4569s
  88   3.59983300e+02  1.10342017e-02  4.31e+02 8.34e-01  1.17e+03  2.48e+03  3.37e+00 4.75e+03 2.48e+03  1.27e-01 1.83e-03   4642s
  89   3.63285548e+02  1.10342017e-02  4.35e+02 8.33e-01  1.17e+03  2.51e+03  3.36e+00 4.81e+03 2.51e+03  1.25e-01 1.78e-03   4737s
  90   3.66548369e+02  1.10342017e-02  4.38e+02 8.31e-01  1.16e+03  2.54e+03  3.36e+00 4.86e+03 2.54e+03  1.24e-01 1.73e-03   4828s
  91   3.69772045e+02  1.10342017e-02  4.42e+02 8.30e-01  1.16e+03  2.57e+03  3.35e+00 4.91e+03 2.57e+03  1.22e-01 1.69e-03   4918s
  92   3.72956863e+02  1.10342017e-02  4.46e+02 8.28e-01  1.16e+03  2.60e+03  3.35e+00 4.97e+03 2.60e+03  1.21e-01 1.65e-03   5013s
  93   3.76103118e+02  1.10342017e-02  4.49e+02 8.27e-01  1.16e+03  2.63e+03  3.34e+00 5.02e+03 2.63e+03  1.19e-01 1.60e-03   5081s
  94   3.79214222e+02  1.10342017e-02  4.52e+02 8.26e-01  1.16e+03  2.66e+03  3.34e+00 5.07e+03 2.66e+03  1.18e-01 1.56e-03   5127s
  95   3.82290412e+02  1.10342017e-02  4.56e+02 8.24e-01  1.15e+03  2.69e+03  3.33e+00 5.12e+03 2.69e+03  1.16e-01 1.52e-03   5171s
  96   3.85328890e+02  1.10342017e-02  4.59e+02 8.23e-01  1.15e+03  2.72e+03  3.33e+00 5.17e+03 2.72e+03  1.15e-01 1.49e-03   5215s
  97   3.88335982e+02  1.10342017e-02  4.63e+02 8.22e-01  1.15e+03  2.75e+03  3.32e+00 5.23e+03 2.75e+03  1.14e-01 1.45e-03   5260s
  98   3.91305928e+02  1.10342017e-02  4.66e+02 8.21e-01  1.15e+03  2.78e+03  3.32e+00 5.28e+03 2.78e+03  1.12e-01 1.42e-03   5306s
  99   3.94244928e+02  1.10342017e-02  4.69e+02 8.20e-01  1.15e+03  2.81e+03  3.31e+00 5.33e+03 2.81e+03  1.11e-01 1.38e-03   5348s
 100   3.97153181e+02  1.10342017e-02  4.72e+02 8.19e-01  1.15e+03  2.84e+03  3.31e+00 5.38e+03 2.84e+03  1.10e-01 1.35e-03   5395s
 101   4.00028011e+02  1.10342017e-02  4.75e+02 8.18e-01  1.15e+03  2.86e+03  3.30e+00 5.43e+03 2.86e+03  1.09e-01 1.32e-03   5484s
 102   4.02872530e+02  1.10342017e-02  4.79e+02 8.16e-01  1.14e+03  2.89e+03  3.30e+00 5.48e+03 2.89e+03  1.07e-01 1.29e-03   5578s
 103   4.05686948e+02  1.10342017e-02  4.82e+02 8.15e-01  1.14e+03  2.92e+03  3.29e+00 5.53e+03 2.92e+03  1.06e-01 1.26e-03   5627s
 104   4.08474265e+02  1.10342017e-02  4.85e+02 8.14e-01  1.14e+03  2.95e+03  3.29e+00 5.58e+03 2.95e+03  1.05e-01 1.23e-03   5672s
 105   4.11229124e+02  1.10342017e-02  4.88e+02 8.13e-01  1.14e+03  2.98e+03  3.28e+00 5.63e+03 2.98e+03  1.04e-01 1.20e-03   5721s
 106   4.13957258e+02  1.10342017e-02  4.91e+02 8.13e-01  1.14e+03  3.01e+03  3.28e+00 5.68e+03 3.01e+03  1.03e-01 1.18e-03   5770s
 107   4.16656130e+02  1.10342017e-02  4.94e+02 8.12e-01  1.14e+03  3.04e+03  3.27e+00 5.72e+03 3.04e+03  1.02e-01 1.15e-03   5817s
 108   4.19328637e+02  1.10342017e-02  4.96e+02 8.11e-01  1.14e+03  3.07e+03  3.27e+00 5.77e+03 3.07e+03  1.01e-01 1.13e-03   5864s
 109   4.21974952e+02  1.10342017e-02  4.99e+02 8.10e-01  1.14e+03  3.09e+03  3.26e+00 5.82e+03 3.09e+03  9.99e-02 1.10e-03   5912s
 110   4.24595248e+02  1.10342017e-02  5.02e+02 8.09e-01  1.14e+03  3.12e+03  3.26e+00 5.87e+03 3.12e+03  9.89e-02 1.08e-03   5959s
 111   4.27189702e+02  1.10342017e-02  5.05e+02 8.08e-01  1.13e+03  3.15e+03  3.26e+00 5.92e+03 3.15e+03  9.79e-02 1.06e-03   6041s
 112   4.29758493e+02  1.10342017e-02  5.08e+02 8.07e-01  1.13e+03  3.18e+03  3.25e+00 5.96e+03 3.18e+03  9.70e-02 1.04e-03   6089s
 113   4.32301800e+02  1.10342017e-02  5.10e+02 8.06e-01  1.13e+03  3.21e+03  3.25e+00 6.01e+03 3.21e+03  9.60e-02 1.02e-03   6137s
 114   4.34822326e+02  1.10342017e-02  5.13e+02 8.06e-01  1.13e+03  3.23e+03  3.24e+00 6.06e+03 3.23e+03  9.51e-02 9.97e-04   6184s

The solution quality is limited by the precision of the linear system solver.

The algorithm stopped after 115 iterations in 6183.95 seconds.

Primal variables:   [+19.035 +11.788 +12.204 ... +17.637 +19.469 +42.207]
Dual slacks:        [+0.005 +0.014 +0.012 ... +0.005 +0.004 +0.001]
Dual variables:     [+1.981 -1.712]

Primal objective:   4.34822326e+02 
Dual objective:     1.10342017e-02 

Primal residual:    5.13e+02
Dual residual:      8.06e-01
Complementraty:     1.13e+03

Number of Iter:     115
Run time:           6183.95
