
--------------- Linear optimization problem characteristics ---------------
Seed:                    73
Number of variables:     10000
Number of constraints:   2

Norm of primal sol:      2.00e+00
Norm of dual sol:        2.00e+00
Norm of dual slacks:     2.00e+00

Norm of vector b:        1.71e-02
Norm of vector c:        2.44e+00

Norm of matrix A:        1.00e+00
Condition number:        2.00e+00

----------------------- Linear optimization problem -----------------------
Coeff matrix A:          [[+0.001 -0.010 -0.001 ... +0.016 -0.003 -0.010]
                          [+0.001 -0.003 +0.009 ... +0.005 +0.006 -0.000]]

RHS vector b:            [+0.003 +0.017]
Obj vector c:            [+0.000 -0.015 -0.010 ... +0.022 -0.012 -0.018]

---------------------------- Optimal solution -----------------------------
Primal variables:         [+0.022 +0.019 +0.018 ... +0.027 +0.015 +0.002]
Dual slacks:              [+0.000 +0.000 +0.000 ... +0.000 +0.000 +0.000]
Dual variables:           [+1.736 -0.994]

Optimal objective:       -1.22826956e-02
===========================================================================

Method:                  II-QIPM
LO_Precision:            1.00e-01
Stop_Precision:          1.00e-03
LO_Verbosity:            2
Omega:                   1.00e+01

The Quantum Inexact Infeasible Interior-Point Method starts running ...


                  Objective                Residual                                Linear system           Step-length
Iter      Primal           Dual         Primal    Dual     Compl    ||Resl||  Cond-Num  ||M||   ||RHS||    a-star   a-hat      Time
   0   2.77366796e+01  0.00000000e+00  1.30e+01 5.81e+00  6.42e+03  1.30e+01  4.00e+00 1.00e+00 1.30e+01  9.97e-01 9.94e-01     24s
   1  -3.98084728e+01  0.00000000e+00  3.18e+01 5.02e+00  5.61e+03  2.78e+02  3.96e+00 2.06e+02 2.78e+02  5.14e-01 1.36e-01     48s
   2  -5.95931650e+01  0.00000000e+00  4.30e+01 4.87e+00  5.45e+03  3.95e+02  3.94e+00 2.57e+02 3.95e+02  4.38e-01 3.16e-02     73s
   3  -7.83450461e+01  0.00000000e+00  5.37e+01 4.73e+00  5.31e+03  4.29e+02  3.93e+00 2.72e+02 4.29e+02  4.19e-01 2.82e-02     99s
   4  -9.61879556e+01  0.00000000e+00  6.39e+01 4.61e+00  5.19e+03  4.63e+02  3.93e+00 2.86e+02 4.63e+02  4.03e-01 2.54e-02    124s
   5  -1.13221315e+02  0.00000000e+00  7.38e+01 4.50e+00  5.08e+03  4.95e+02  3.92e+00 3.00e+02 4.95e+02  3.87e-01 2.30e-02    150s
   6  -1.29473884e+02  0.00000000e+00  8.32e+01 4.41e+00  4.99e+03  5.27e+02  3.92e+00 3.13e+02 5.27e+02  3.73e-01 2.09e-02    176s
   7  -1.45023153e+02  0.00000000e+00  9.22e+01 4.32e+00  4.90e+03  5.58e+02  3.91e+00 3.27e+02 5.58e+02  3.59e-01 1.91e-02    202s
   8  -1.59942197e+02  0.00000000e+00  1.01e+02 4.25e+00  4.82e+03  5.88e+02  3.91e+00 3.40e+02 5.88e+02  3.47e-01 1.75e-02    228s
   9  -1.74242372e+02  0.00000000e+00  1.09e+02 4.18e+00  4.75e+03  6.18e+02  3.91e+00 3.53e+02 6.18e+02  3.35e-01 1.61e-02    254s
  10  -1.87978287e+02  0.00000000e+00  1.17e+02 4.12e+00  4.69e+03  6.47e+02  3.90e+00 3.66e+02 6.47e+02  3.24e-01 1.49e-02    280s
  11  -2.01201462e+02  0.00000000e+00  1.25e+02 4.06e+00  4.63e+03  6.76e+02  3.90e+00 3.78e+02 6.76e+02  3.14e-01 1.38e-02    306s
  12  -2.13947665e+02  0.00000000e+00  1.32e+02 4.01e+00  4.58e+03  7.04e+02  3.90e+00 3.90e+02 7.04e+02  3.04e-01 1.28e-02    332s
  13  -2.26226451e+02  0.00000000e+00  1.39e+02 3.96e+00  4.53e+03  7.32e+02  3.89e+00 4.02e+02 7.32e+02  2.95e-01 1.19e-02    358s
  14  -2.38083802e+02  0.00000000e+00  1.46e+02 3.92e+00  4.48e+03  7.59e+02  3.89e+00 4.14e+02 7.59e+02  2.87e-01 1.11e-02    384s
  15  -2.49528402e+02  0.00000000e+00  1.53e+02 3.88e+00  4.44e+03  7.85e+02  3.89e+00 4.26e+02 7.85e+02  2.79e-01 1.04e-02    411s
  16  -2.60613807e+02  0.00000000e+00  1.59e+02 3.84e+00  4.40e+03  8.11e+02  3.88e+00 4.37e+02 8.11e+02  2.71e-01 9.78e-03    437s
  17  -2.71325429e+02  0.00000000e+00  1.66e+02 3.80e+00  4.36e+03  8.37e+02  3.88e+00 4.48e+02 8.37e+02  2.64e-01 9.17e-03    464s
  18  -2.81713421e+02  0.00000000e+00  1.72e+02 3.77e+00  4.33e+03  8.62e+02  3.88e+00 4.59e+02 8.62e+02  2.57e-01 8.65e-03    490s
  19  -2.91784127e+02  0.00000000e+00  1.77e+02 3.74e+00  4.30e+03  8.87e+02  3.88e+00 4.70e+02 8.87e+02  2.51e-01 8.15e-03    517s
  20  -3.01544180e+02  0.00000000e+00  1.83e+02 3.71e+00  4.27e+03  9.12e+02  3.88e+00 4.81e+02 9.12e+02  2.45e-01 7.70e-03    543s
  21  -3.11028863e+02  0.00000000e+00  1.89e+02 3.68e+00  4.24e+03  9.36e+02  3.87e+00 4.92e+02 9.36e+02  2.39e-01 7.29e-03    570s
  22  -3.20234324e+02  0.00000000e+00  1.94e+02 3.66e+00  4.21e+03  9.60e+02  3.87e+00 5.02e+02 9.60e+02  2.33e-01 6.90e-03    597s
  23  -3.29184512e+02  0.00000000e+00  1.99e+02 3.63e+00  4.19e+03  9.83e+02  3.87e+00 5.12e+02 9.83e+02  2.28e-01 6.55e-03    623s
  24  -3.37893291e+02  0.00000000e+00  2.04e+02 3.61e+00  4.17e+03  1.01e+03  3.87e+00 5.23e+02 1.01e+03  2.23e-01 6.23e-03    650s
  25  -3.46365443e+02  0.00000000e+00  2.09e+02 3.59e+00  4.14e+03  1.03e+03  3.87e+00 5.33e+02 1.03e+03  2.18e-01 5.92e-03    677s
  26  -3.54614096e+02  0.00000000e+00  2.14e+02 3.57e+00  4.12e+03  1.05e+03  3.87e+00 5.43e+02 1.05e+03  2.13e-01 5.64e-03    703s
  27  -3.62651789e+02  0.00000000e+00  2.18e+02 3.55e+00  4.10e+03  1.07e+03  3.87e+00 5.52e+02 1.07e+03  2.09e-01 5.38e-03    731s
  28  -3.70490498e+02  0.00000000e+00  2.23e+02 3.53e+00  4.08e+03  1.10e+03  3.87e+00 5.62e+02 1.10e+03  2.04e-01 5.14e-03    758s
  29  -3.78126368e+02  0.00000000e+00  2.27e+02 3.52e+00  4.06e+03  1.12e+03  3.87e+00 5.71e+02 1.12e+03  2.00e-01 4.91e-03    786s
  30  -3.85578525e+02  0.00000000e+00  2.32e+02 3.50e+00  4.05e+03  1.14e+03  3.86e+00 5.81e+02 1.14e+03  1.96e-01 4.70e-03    812s
  31  -3.92857739e+02  0.00000000e+00  2.36e+02 3.48e+00  4.03e+03  1.16e+03  3.86e+00 5.90e+02 1.16e+03  1.93e-01 4.50e-03    840s
  32  -3.99960067e+02  0.00000000e+00  2.40e+02 3.47e+00  4.02e+03  1.18e+03  3.86e+00 5.99e+02 1.18e+03  1.89e-01 4.31e-03    867s
  33  -4.06902930e+02  0.00000000e+00  2.44e+02 3.45e+00  4.00e+03  1.20e+03  3.86e+00 6.08e+02 1.20e+03  1.85e-01 4.14e-03    894s
  34  -4.13689208e+02  0.00000000e+00  2.48e+02 3.44e+00  3.99e+03  1.22e+03  3.86e+00 6.17e+02 1.22e+03  1.82e-01 3.98e-03    922s
  35  -4.20321801e+02  0.00000000e+00  2.51e+02 3.43e+00  3.97e+03  1.24e+03  3.86e+00 6.26e+02 1.24e+03  1.79e-01 3.82e-03    949s
  36  -4.26803616e+02  0.00000000e+00  2.55e+02 3.41e+00  3.96e+03  1.26e+03  3.86e+00 6.35e+02 1.26e+03  1.76e-01 3.67e-03    977s
  37  -4.33150252e+02  0.00000000e+00  2.59e+02 3.40e+00  3.95e+03  1.28e+03  3.86e+00 6.44e+02 1.28e+03  1.73e-01 3.53e-03   1004s
  38  -4.39364043e+02  0.00000000e+00  2.62e+02 3.39e+00  3.93e+03  1.30e+03  3.86e+00 6.52e+02 1.30e+03  1.70e-01 3.41e-03   1032s
  39  -4.45441249e+02  0.00000000e+00  2.66e+02 3.38e+00  3.92e+03  1.32e+03  3.86e+00 6.61e+02 1.32e+03  1.67e-01 3.28e-03   1060s
  40  -4.51402347e+02  0.00000000e+00  2.69e+02 3.37e+00  3.91e+03  1.34e+03  3.86e+00 6.69e+02 1.34e+03  1.64e-01 3.17e-03   1087s
  41  -4.57231656e+02  0.00000000e+00  2.73e+02 3.36e+00  3.90e+03  1.36e+03  3.86e+00 6.77e+02 1.36e+03  1.61e-01 3.05e-03   1115s
  42  -4.62954630e+02  0.00000000e+00  2.76e+02 3.35e+00  3.89e+03  1.38e+03  3.86e+00 6.86e+02 1.38e+03  1.59e-01 2.95e-03   1143s
  43  -4.68556049e+02  0.00000000e+00  2.79e+02 3.34e+00  3.88e+03  1.39e+03  3.86e+00 6.94e+02 1.39e+03  1.56e-01 2.85e-03   1170s
  44  -4.74054708e+02  0.00000000e+00  2.82e+02 3.33e+00  3.87e+03  1.41e+03  3.86e+00 7.02e+02 1.41e+03  1.54e-01 2.76e-03   1198s
  45  -4.79441439e+02  0.00000000e+00  2.85e+02 3.32e+00  3.86e+03  1.43e+03  3.86e+00 7.10e+02 1.43e+03  1.52e-01 2.66e-03   1226s
  46  -4.84728865e+02  0.00000000e+00  2.88e+02 3.31e+00  3.85e+03  1.45e+03  3.86e+00 7.18e+02 1.45e+03  1.49e-01 2.58e-03   1254s
  47  -4.89918599e+02  0.00000000e+00  2.91e+02 3.30e+00  3.84e+03  1.47e+03  3.86e+00 7.25e+02 1.47e+03  1.47e-01 2.50e-03   1281s
  48  -4.95012246e+02  0.00000000e+00  2.94e+02 3.30e+00  3.84e+03  1.48e+03  3.86e+00 7.33e+02 1.48e+03  1.45e-01 2.42e-03   1309s
  49  -5.00016410e+02  0.00000000e+00  2.97e+02 3.29e+00  3.83e+03  1.50e+03  3.86e+00 7.41e+02 1.50e+03  1.43e-01 2.35e-03   1337s
  50  -5.04927575e+02  0.00000000e+00  3.00e+02 3.28e+00  3.82e+03  1.52e+03  3.86e+00 7.48e+02 1.52e+03  1.41e-01 2.28e-03   1365s
  51  -5.09752150e+02  0.00000000e+00  3.02e+02 3.27e+00  3.81e+03  1.54e+03  3.86e+00 7.56e+02 1.54e+03  1.39e-01 2.21e-03   1392s
  52  -5.14491519e+02  0.00000000e+00  3.05e+02 3.27e+00  3.80e+03  1.55e+03  3.86e+00 7.63e+02 1.55e+03  1.37e-01 2.14e-03   1420s
  53  -5.19147062e+02  0.00000000e+00  3.08e+02 3.26e+00  3.80e+03  1.57e+03  3.87e+00 7.71e+02 1.57e+03  1.35e-01 2.08e-03   1448s
  54  -5.23724726e+02  0.00000000e+00  3.10e+02 3.25e+00  3.79e+03  1.59e+03  3.87e+00 7.78e+02 1.59e+03  1.33e-01 2.02e-03   1477s
  55  -5.28230209e+02  0.00000000e+00  3.13e+02 3.25e+00  3.78e+03  1.60e+03  3.87e+00 7.85e+02 1.60e+03  1.32e-01 1.97e-03   1505s
  56  -5.32655677e+02  0.00000000e+00  3.15e+02 3.24e+00  3.78e+03  1.62e+03  3.87e+00 7.93e+02 1.62e+03  1.30e-01 1.91e-03   1533s
  57  -5.37006822e+02  0.00000000e+00  3.18e+02 3.23e+00  3.77e+03  1.63e+03  3.87e+00 8.00e+02 1.63e+03  1.28e-01 1.86e-03   1562s
  58  -5.41289094e+02  0.00000000e+00  3.20e+02 3.23e+00  3.76e+03  1.65e+03  3.87e+00 8.07e+02 1.65e+03  1.27e-01 1.81e-03   1590s
  59  -5.45503505e+02  0.00000000e+00  3.23e+02 3.22e+00  3.76e+03  1.67e+03  3.87e+00 8.14e+02 1.67e+03  1.25e-01 1.76e-03   1618s
  60  -5.49651058e+02  0.00000000e+00  3.25e+02 3.22e+00  3.75e+03  1.68e+03  3.87e+00 8.21e+02 1.68e+03  1.23e-01 1.72e-03   1647s
  61  -5.53732753e+02  0.00000000e+00  3.27e+02 3.21e+00  3.75e+03  1.70e+03  3.87e+00 8.28e+02 1.70e+03  1.22e-01 1.67e-03   1674s
  62  -5.57749577e+02  0.00000000e+00  3.29e+02 3.21e+00  3.74e+03  1.71e+03  3.87e+00 8.34e+02 1.71e+03  1.20e-01 1.63e-03   1703s
  63  -5.61706470e+02  0.00000000e+00  3.32e+02 3.20e+00  3.74e+03  1.73e+03  3.87e+00 8.41e+02 1.73e+03  1.19e-01 1.59e-03   1732s
  64  -5.65600376e+02  0.00000000e+00  3.34e+02 3.20e+00  3.73e+03  1.74e+03  3.87e+00 8.48e+02 1.74e+03  1.18e-01 1.55e-03   1760s
  65  -5.69436097e+02  0.00000000e+00  3.36e+02 3.19e+00  3.73e+03  1.76e+03  3.87e+00 8.55e+02 1.76e+03  1.16e-01 1.51e-03   1788s
  66  -5.73218243e+02  0.00000000e+00  3.38e+02 3.19e+00  3.72e+03  1.77e+03  3.88e+00 8.61e+02 1.77e+03  1.15e-01 1.48e-03   1817s
  67  -5.76940067e+02  0.00000000e+00  3.40e+02 3.18e+00  3.72e+03  1.79e+03  3.88e+00 8.68e+02 1.79e+03  1.14e-01 1.44e-03   1845s
  68  -5.80609842e+02  0.00000000e+00  3.42e+02 3.18e+00  3.71e+03  1.80e+03  3.88e+00 8.74e+02 1.80e+03  1.12e-01 1.41e-03   1874s
  69  -5.84228264e+02  0.00000000e+00  3.44e+02 3.17e+00  3.71e+03  1.82e+03  3.88e+00 8.81e+02 1.82e+03  1.11e-01 1.37e-03   1903s
  70  -5.87792454e+02  0.00000000e+00  3.46e+02 3.17e+00  3.70e+03  1.83e+03  3.88e+00 8.87e+02 1.83e+03  1.10e-01 1.34e-03   1932s
  71  -5.91306722e+02  0.00000000e+00  3.48e+02 3.17e+00  3.70e+03  1.85e+03  3.88e+00 8.94e+02 1.85e+03  1.09e-01 1.31e-03   1961s
  72  -5.94771745e+02  0.00000000e+00  3.50e+02 3.16e+00  3.69e+03  1.86e+03  3.88e+00 9.00e+02 1.86e+03  1.08e-01 1.28e-03   1990s
  73  -5.98188194e+02  0.00000000e+00  3.52e+02 3.16e+00  3.69e+03  1.88e+03  3.88e+00 9.06e+02 1.88e+03  1.06e-01 1.25e-03   2020s
  74  -6.01556737e+02  0.00000000e+00  3.54e+02 3.15e+00  3.69e+03  1.89e+03  3.89e+00 9.13e+02 1.89e+03  1.05e-01 1.22e-03   2048s
  75  -6.04881357e+02  0.00000000e+00  3.56e+02 3.15e+00  3.68e+03  1.90e+03  3.89e+00 9.19e+02 1.90e+03  1.04e-01 1.20e-03   2077s
  76  -6.08159329e+02  0.00000000e+00  3.58e+02 3.15e+00  3.68e+03  1.92e+03  3.89e+00 9.25e+02 1.92e+03  1.03e-01 1.17e-03   2106s
  77  -6.11394538e+02  0.00000000e+00  3.59e+02 3.14e+00  3.67e+03  1.93e+03  3.89e+00 9.31e+02 1.93e+03  1.02e-01 1.15e-03   2135s
  78  -6.14587529e+02  0.00000000e+00  3.61e+02 3.14e+00  3.67e+03  1.94e+03  3.89e+00 9.37e+02 1.94e+03  1.01e-01 1.12e-03   2164s
  79  -6.17738846e+02  0.00000000e+00  3.63e+02 3.14e+00  3.67e+03  1.96e+03  3.89e+00 9.43e+02 1.96e+03  1.00e-01 1.10e-03   2193s
  80  -6.20849026e+02  0.00000000e+00  3.65e+02 3.13e+00  3.66e+03  1.97e+03  3.89e+00 9.49e+02 1.97e+03  9.90e-02 1.08e-03   2222s
  81  -6.23915532e+02  0.00000000e+00  3.66e+02 3.13e+00  3.66e+03  1.99e+03  3.89e+00 9.55e+02 1.99e+03  9.80e-02 1.05e-03   2251s
  82  -6.26948071e+02  0.00000000e+00  3.68e+02 3.13e+00  3.66e+03  2.00e+03  3.90e+00 9.61e+02 2.00e+03  9.71e-02 1.03e-03   2280s
  83  -6.29938017e+02  0.00000000e+00  3.70e+02 3.12e+00  3.65e+03  2.01e+03  3.90e+00 9.67e+02 2.01e+03  9.61e-02 1.01e-03   2309s
  84  -6.32891881e+02  0.00000000e+00  3.71e+02 3.12e+00  3.65e+03  2.03e+03  3.90e+00 9.73e+02 2.03e+03  9.52e-02 9.92e-04   2338s

The solution quality is limited by the precision of the linear system solver.

The algorithm stopped after 85 iterations in 2337.78 seconds.

Primal variables:   [+11.630 +16.473 +14.427 ... +9.301 +15.022 +18.713]
Dual slacks:        [+0.032 +0.017 +0.021 ... +0.054 +0.020 +0.014]
Dual variables:     [+0.000 +0.000]

Primal objective:   -6.32891881e+02
Dual objective:     0.00000000e+00 

Primal residual:    3.71e+02
Dual residual:      3.12e+00
Complementraty:     3.65e+03

Number of Iter:     85
Run time:           2337.78
