
--------------- Linear optimization problem characteristics ---------------
Seed:                    56
Number of variables:     10000
Number of constraints:   2

Norm of primal sol:      2.00e+00
Norm of dual sol:        2.00e+00
Norm of dual slacks:     2.00e+00

Norm of vector b:        4.71e-02
Norm of vector c:        2.81e+00

Norm of matrix A:        1.00e+00
Condition number:        2.00e+00

----------------------- Linear optimization problem -----------------------
Coeff matrix A:          [[+0.005 +0.016 +0.000 ... -0.004 -0.014 +0.002]
                          [-0.006 +0.010 +0.007 ... +0.003 +0.000 -0.009]]

RHS vector b:            [-0.046 -0.011]
Obj vector c:            [-0.003 -0.039 -0.009 ... +0.004 +0.024 +0.007]

---------------------------- Optimal solution -----------------------------
Primal variables:         [+0.034 +0.012 +0.024 ... +0.007 +0.032 +0.020]
Dual slacks:              [+0.000 +0.000 +0.000 ... +0.000 +0.000 +0.000]
Dual variables:           [-1.684 -1.079]

Optimal objective:       +8.90604102e-02
===========================================================================

Method:                  II-QIPM
LO_Precision:            1.00e-01
Stop_Precision:          1.00e-03
LO_Verbosity:            2
Omega:                   1.00e+01

The Quantum Inexact Infeasible Interior-Point Method starts running ...


                  Objective                Residual                                Linear system           Step-length
Iter      Primal           Dual         Primal    Dual     Compl    ||Resl||  Cond-Num  ||M||   ||RHS||    a-star   a-hat      Time
   0   3.24297220e+01 -1.42230562e+00  3.60e+00 1.24e+02  1.35e+05  5.55e-15  4.00e+00 1.00e+00 3.00e+01  9.31e-01 8.76e-01     24s
   1  -9.34999176e+00 -1.42230562e+00  1.98e+01 1.15e+02  1.26e+05  2.99e+02  3.97e+00 9.61e+00 2.99e+02  4.75e-01 7.72e-02     49s
   2  -2.80614620e+01 -1.42230562e+00  3.03e+01 1.11e+02  1.22e+05  3.68e+02  3.96e+00 1.09e+01 3.68e+02  4.31e-01 3.03e-02     76s
   3  -4.57119261e+01 -1.42230562e+00  4.03e+01 1.08e+02  1.19e+05  3.99e+02  3.96e+00 1.15e+01 3.99e+02  4.13e-01 2.71e-02    104s
   4  -6.24748655e+01 -1.42230562e+00  4.98e+01 1.06e+02  1.17e+05  4.29e+02  3.96e+00 1.21e+01 4.29e+02  3.97e-01 2.44e-02    131s
   5  -7.84298579e+01 -1.42230562e+00  5.89e+01 1.03e+02  1.14e+05  4.58e+02  3.95e+00 1.26e+01 4.58e+02  3.82e-01 2.22e-02    159s
   6  -9.36230017e+01 -1.42230562e+00  6.75e+01 1.01e+02  1.12e+05  4.87e+02  3.95e+00 1.31e+01 4.87e+02  3.68e-01 2.02e-02    188s
   7  -1.08115111e+02 -1.42230562e+00  7.58e+01 9.94e+01  1.10e+05  5.15e+02  3.95e+00 1.37e+01 5.15e+02  3.55e-01 1.85e-02    216s
   8  -1.21950604e+02 -1.42230562e+00  8.37e+01 9.77e+01  1.09e+05  5.42e+02  3.94e+00 1.42e+01 5.42e+02  3.43e-01 1.70e-02    245s
   9  -1.35212502e+02 -1.42230562e+00  9.12e+01 9.62e+01  1.07e+05  5.68e+02  3.94e+00 1.47e+01 5.68e+02  3.31e-01 1.57e-02    274s
  10  -1.47901170e+02 -1.42230562e+00  9.85e+01 9.48e+01  1.06e+05  5.94e+02  3.94e+00 1.52e+01 5.94e+02  3.21e-01 1.45e-02    303s
  11  -1.60080986e+02 -1.42230562e+00  1.06e+02 9.35e+01  1.04e+05  6.20e+02  3.93e+00 1.57e+01 6.20e+02  3.11e-01 1.34e-02    332s
  12  -1.71764748e+02 -1.42230562e+00  1.12e+02 9.24e+01  1.03e+05  6.45e+02  3.93e+00 1.61e+01 6.45e+02  3.01e-01 1.25e-02    362s
  13  -1.83011123e+02 -1.42230562e+00  1.19e+02 9.13e+01  1.02e+05  6.69e+02  3.93e+00 1.66e+01 6.69e+02  2.93e-01 1.16e-02    391s
  14  -1.93820162e+02 -1.42230562e+00  1.25e+02 9.03e+01  1.01e+05  6.93e+02  3.93e+00 1.71e+01 6.93e+02  2.84e-01 1.09e-02    421s
  15  -2.04235390e+02 -1.42230562e+00  1.31e+02 8.94e+01  1.00e+05  7.17e+02  3.93e+00 1.75e+01 7.17e+02  2.76e-01 1.02e-02    450s
  16  -2.14277159e+02 -1.42230562e+00  1.37e+02 8.85e+01  9.94e+04  7.40e+02  3.92e+00 1.80e+01 7.40e+02  2.69e-01 9.55e-03    480s
  17  -2.23974767e+02 -1.42230562e+00  1.42e+02 8.77e+01  9.86e+04  7.63e+02  3.92e+00 1.84e+01 7.63e+02  2.62e-01 8.99e-03    510s
  18  -2.33327624e+02 -1.42230562e+00  1.48e+02 8.70e+01  9.79e+04  7.85e+02  3.92e+00 1.88e+01 7.85e+02  2.55e-01 8.46e-03    540s
  19  -2.42372511e+02 -1.42230562e+00  1.53e+02 8.63e+01  9.72e+04  8.07e+02  3.92e+00 1.92e+01 8.07e+02  2.49e-01 7.99e-03    571s
  20  -2.51126050e+02 -1.42230562e+00  1.58e+02 8.56e+01  9.65e+04  8.28e+02  3.92e+00 1.97e+01 8.28e+02  2.43e-01 7.56e-03    601s
  21  -2.59595639e+02 -1.42230562e+00  1.63e+02 8.50e+01  9.59e+04  8.49e+02  3.92e+00 2.01e+01 8.49e+02  2.37e-01 7.15e-03    631s
  22  -2.67796978e+02 -1.42230562e+00  1.68e+02 8.44e+01  9.53e+04  8.70e+02  3.92e+00 2.05e+01 8.70e+02  2.32e-01 6.78e-03    662s
  23  -2.75745012e+02 -1.42230562e+00  1.73e+02 8.39e+01  9.47e+04  8.91e+02  3.92e+00 2.09e+01 8.91e+02  2.26e-01 6.44e-03    693s
  24  -2.83461676e+02 -1.42230562e+00  1.77e+02 8.34e+01  9.42e+04  9.11e+02  3.92e+00 2.13e+01 9.11e+02  2.21e-01 6.13e-03    723s
  25  -2.90945035e+02 -1.42230562e+00  1.82e+02 8.29e+01  9.37e+04  9.31e+02  3.92e+00 2.16e+01 9.31e+02  2.17e-01 5.83e-03    754s
  26  -2.98208406e+02 -1.42230562e+00  1.86e+02 8.24e+01  9.32e+04  9.50e+02  3.92e+00 2.20e+01 9.50e+02  2.12e-01 5.55e-03    785s
  27  -3.05264431e+02 -1.42230562e+00  1.90e+02 8.20e+01  9.28e+04  9.69e+02  3.92e+00 2.24e+01 9.69e+02  2.08e-01 5.30e-03    817s
  28  -3.12131977e+02 -1.42230562e+00  1.94e+02 8.16e+01  9.24e+04  9.88e+02  3.92e+00 2.28e+01 9.88e+02  2.03e-01 5.07e-03    848s
  29  -3.18801999e+02 -1.42230562e+00  1.98e+02 8.12e+01  9.20e+04  1.01e+03  3.92e+00 2.31e+01 1.01e+03  1.99e-01 4.84e-03    879s
  30  -3.25299073e+02 -1.42230562e+00  2.02e+02 8.08e+01  9.16e+04  1.03e+03  3.92e+00 2.35e+01 1.03e+03  1.95e-01 4.64e-03    911s
  31  -3.31620797e+02 -1.42230562e+00  2.05e+02 8.05e+01  9.12e+04  1.04e+03  3.92e+00 2.38e+01 1.04e+03  1.92e-01 4.44e-03    943s
  32  -3.37777602e+02 -1.42230562e+00  2.09e+02 8.01e+01  9.09e+04  1.06e+03  3.92e+00 2.42e+01 1.06e+03  1.88e-01 4.26e-03    974s
  33  -3.43779378e+02 -1.42230562e+00  2.13e+02 7.98e+01  9.05e+04  1.08e+03  3.92e+00 2.45e+01 1.08e+03  1.85e-01 4.09e-03   1005s
  34  -3.49629655e+02 -1.42230562e+00  2.16e+02 7.95e+01  9.02e+04  1.10e+03  3.92e+00 2.49e+01 1.10e+03  1.81e-01 3.93e-03   1037s
  35  -3.55331937e+02 -1.42230562e+00  2.20e+02 7.92e+01  8.99e+04  1.11e+03  3.92e+00 2.52e+01 1.11e+03  1.78e-01 3.77e-03   1068s
  36  -3.60895262e+02 -1.42230562e+00  2.23e+02 7.89e+01  8.96e+04  1.13e+03  3.92e+00 2.55e+01 1.13e+03  1.75e-01 3.63e-03   1100s
  37  -3.66328202e+02 -1.42230562e+00  2.26e+02 7.86e+01  8.93e+04  1.15e+03  3.92e+00 2.58e+01 1.15e+03  1.72e-01 3.50e-03   1133s
  38  -3.71628280e+02 -1.42230562e+00  2.29e+02 7.83e+01  8.91e+04  1.16e+03  3.92e+00 2.62e+01 1.16e+03  1.69e-01 3.37e-03   1165s
  39  -3.76808929e+02 -1.42230562e+00  2.32e+02 7.81e+01  8.88e+04  1.18e+03  3.92e+00 2.65e+01 1.18e+03  1.66e-01 3.25e-03   1197s
  40  -3.81872662e+02 -1.42230562e+00  2.35e+02 7.78e+01  8.85e+04  1.20e+03  3.92e+00 2.68e+01 1.20e+03  1.63e-01 3.13e-03   1229s
  41  -3.86817018e+02 -1.42230562e+00  2.38e+02 7.76e+01  8.83e+04  1.21e+03  3.92e+00 2.71e+01 1.21e+03  1.61e-01 3.02e-03   1261s
  42  -3.91654378e+02 -1.42230562e+00  2.41e+02 7.74e+01  8.81e+04  1.23e+03  3.92e+00 2.74e+01 1.23e+03  1.58e-01 2.92e-03   1294s
  43  -3.96382205e+02 -1.42230562e+00  2.44e+02 7.72e+01  8.78e+04  1.25e+03  3.92e+00 2.77e+01 1.25e+03  1.56e-01 2.82e-03   1327s
  44  -4.01007530e+02 -1.42230562e+00  2.47e+02 7.70e+01  8.76e+04  1.26e+03  3.92e+00 2.80e+01 1.26e+03  1.53e-01 2.73e-03   1359s
  45  -4.05537027e+02 -1.42230562e+00  2.50e+02 7.68e+01  8.74e+04  1.28e+03  3.92e+00 2.83e+01 1.28e+03  1.51e-01 2.64e-03   1391s
  46  -4.09968172e+02 -1.42230562e+00  2.52e+02 7.66e+01  8.72e+04  1.29e+03  3.92e+00 2.86e+01 1.29e+03  1.49e-01 2.56e-03   1424s
  47  -4.14311742e+02 -1.42230562e+00  2.55e+02 7.64e+01  8.70e+04  1.31e+03  3.92e+00 2.89e+01 1.31e+03  1.47e-01 2.48e-03   1456s
  48  -4.18560894e+02 -1.42230562e+00  2.57e+02 7.62e+01  8.68e+04  1.32e+03  3.92e+00 2.92e+01 1.32e+03  1.45e-01 2.40e-03   1489s
  49  -4.22725995e+02 -1.42230562e+00  2.60e+02 7.60e+01  8.67e+04  1.34e+03  3.92e+00 2.95e+01 1.34e+03  1.42e-01 2.33e-03   1521s
  50  -4.26808673e+02 -1.42230562e+00  2.62e+02 7.58e+01  8.65e+04  1.35e+03  3.93e+00 2.98e+01 1.35e+03  1.40e-01 2.26e-03   1554s
  51  -4.30806534e+02 -1.42230562e+00  2.65e+02 7.57e+01  8.63e+04  1.36e+03  3.93e+00 3.00e+01 1.36e+03  1.39e-01 2.19e-03   1587s
  52  -4.34729186e+02 -1.42230562e+00  2.67e+02 7.55e+01  8.61e+04  1.38e+03  3.93e+00 3.03e+01 1.38e+03  1.37e-01 2.13e-03   1620s
  53  -4.38578027e+02 -1.42230562e+00  2.69e+02 7.54e+01  8.60e+04  1.39e+03  3.93e+00 3.06e+01 1.39e+03  1.35e-01 2.07e-03   1653s
  54  -4.42350659e+02 -1.42230562e+00  2.72e+02 7.52e+01  8.58e+04  1.41e+03  3.93e+00 3.09e+01 1.41e+03  1.33e-01 2.01e-03   1687s
  55  -4.46052307e+02 -1.42230562e+00  2.74e+02 7.51e+01  8.57e+04  1.42e+03  3.93e+00 3.11e+01 1.42e+03  1.31e-01 1.95e-03   1721s
  56  -4.49687949e+02 -1.42230562e+00  2.76e+02 7.49e+01  8.55e+04  1.43e+03  3.93e+00 3.14e+01 1.43e+03  1.30e-01 1.90e-03   1755s
  57  -4.53255190e+02 -1.42230562e+00  2.78e+02 7.48e+01  8.54e+04  1.45e+03  3.93e+00 3.17e+01 1.45e+03  1.28e-01 1.85e-03   1789s
  58  -4.56755338e+02 -1.42230562e+00  2.80e+02 7.46e+01  8.52e+04  1.46e+03  3.93e+00 3.19e+01 1.46e+03  1.26e-01 1.80e-03   1823s
  59  -4.60193116e+02 -1.42230562e+00  2.83e+02 7.45e+01  8.51e+04  1.48e+03  3.94e+00 3.22e+01 1.48e+03  1.25e-01 1.75e-03   1856s
  60  -4.63573033e+02 -1.42230562e+00  2.85e+02 7.44e+01  8.50e+04  1.49e+03  3.94e+00 3.24e+01 1.49e+03  1.23e-01 1.71e-03   1890s
  61  -4.66889429e+02 -1.42230562e+00  2.87e+02 7.43e+01  8.49e+04  1.50e+03  3.94e+00 3.27e+01 1.50e+03  1.22e-01 1.66e-03   1923s
  62  -4.70150053e+02 -1.42230562e+00  2.89e+02 7.41e+01  8.47e+04  1.51e+03  3.94e+00 3.30e+01 1.51e+03  1.20e-01 1.62e-03   1957s
  63  -4.73355862e+02 -1.42230562e+00  2.91e+02 7.40e+01  8.46e+04  1.53e+03  3.94e+00 3.32e+01 1.53e+03  1.19e-01 1.58e-03   1991s
  64  -4.76504646e+02 -1.42230562e+00  2.92e+02 7.39e+01  8.45e+04  1.54e+03  3.94e+00 3.35e+01 1.54e+03  1.17e-01 1.54e-03   2024s
  65  -4.79603652e+02 -1.42230562e+00  2.94e+02 7.38e+01  8.44e+04  1.55e+03  3.94e+00 3.37e+01 1.55e+03  1.16e-01 1.50e-03   2059s
  66  -4.82647586e+02 -1.42230562e+00  2.96e+02 7.37e+01  8.43e+04  1.57e+03  3.94e+00 3.39e+01 1.57e+03  1.15e-01 1.47e-03   2093s
  67  -4.85643457e+02 -1.42230562e+00  2.98e+02 7.36e+01  8.42e+04  1.58e+03  3.95e+00 3.42e+01 1.58e+03  1.13e-01 1.43e-03   2127s
  68  -4.88589099e+02 -1.42230562e+00  3.00e+02 7.35e+01  8.41e+04  1.59e+03  3.95e+00 3.44e+01 1.59e+03  1.12e-01 1.40e-03   2162s
  69  -4.91488288e+02 -1.42230562e+00  3.02e+02 7.34e+01  8.39e+04  1.60e+03  3.95e+00 3.47e+01 1.60e+03  1.11e-01 1.37e-03   2196s
  70  -4.94338932e+02 -1.42230562e+00  3.03e+02 7.33e+01  8.38e+04  1.61e+03  3.95e+00 3.49e+01 1.61e+03  1.10e-01 1.33e-03   2230s
  71  -4.97144690e+02 -1.42230562e+00  3.05e+02 7.32e+01  8.38e+04  1.63e+03  3.95e+00 3.51e+01 1.63e+03  1.08e-01 1.30e-03   2264s
  72  -4.99909063e+02 -1.42230562e+00  3.07e+02 7.31e+01  8.37e+04  1.64e+03  3.95e+00 3.54e+01 1.64e+03  1.07e-01 1.27e-03   2298s
  73  -5.02627241e+02 -1.42230562e+00  3.08e+02 7.30e+01  8.36e+04  1.65e+03  3.95e+00 3.56e+01 1.65e+03  1.06e-01 1.24e-03   2333s
  74  -5.05305395e+02 -1.42230562e+00  3.10e+02 7.29e+01  8.35e+04  1.66e+03  3.96e+00 3.58e+01 1.66e+03  1.05e-01 1.22e-03   2367s
  75  -5.07944141e+02 -1.42230562e+00  3.12e+02 7.28e+01  8.34e+04  1.67e+03  3.96e+00 3.60e+01 1.67e+03  1.04e-01 1.19e-03   2401s
  76  -5.10541486e+02 -1.42230562e+00  3.13e+02 7.27e+01  8.33e+04  1.69e+03  3.96e+00 3.63e+01 1.69e+03  1.03e-01 1.17e-03   2436s
  77  -5.13098119e+02 -1.42230562e+00  3.15e+02 7.27e+01  8.32e+04  1.70e+03  3.96e+00 3.65e+01 1.70e+03  1.02e-01 1.14e-03   2471s
  78  -5.15619760e+02 -1.42230562e+00  3.16e+02 7.26e+01  8.31e+04  1.71e+03  3.96e+00 3.67e+01 1.71e+03  1.01e-01 1.12e-03   2505s
  79  -5.18101938e+02 -1.42230562e+00  3.18e+02 7.25e+01  8.30e+04  1.72e+03  3.96e+00 3.69e+01 1.72e+03  9.98e-02 1.09e-03   2540s
  80  -5.20550207e+02 -1.42230562e+00  3.19e+02 7.24e+01  8.30e+04  1.73e+03  3.96e+00 3.72e+01 1.73e+03  9.88e-02 1.07e-03   2576s
  81  -5.22962640e+02 -1.42230562e+00  3.21e+02 7.23e+01  8.29e+04  1.74e+03  3.97e+00 3.74e+01 1.74e+03  9.79e-02 1.05e-03   2610s
  82  -5.25339796e+02 -1.42230562e+00  3.22e+02 7.23e+01  8.28e+04  1.75e+03  3.97e+00 3.76e+01 1.75e+03  9.69e-02 1.03e-03   2645s
  83  -5.27684572e+02 -1.42230562e+00  3.24e+02 7.22e+01  8.27e+04  1.76e+03  3.97e+00 3.78e+01 1.76e+03  9.60e-02 1.01e-03   2680s
  84  -5.29995123e+02 -1.42230562e+00  3.25e+02 7.21e+01  8.27e+04  1.77e+03  3.97e+00 3.80e+01 1.77e+03  9.51e-02 9.87e-04   2716s

The solution quality is limited by the precision of the linear system solver.

The algorithm stopped after 85 iterations in 2715.67 seconds.

Primal variables:   [+16.396 +18.235 +10.409 ... +9.978 +8.782 +14.647]
Dual slacks:        [+0.382 +0.324 +0.881 ... +0.963 +1.281 +0.461]
Dual variables:     [+36.998 -24.302]

Primal objective:   -5.29995123e+02
Dual objective:     -1.42230562e+00

Primal residual:    3.25e+02
Dual residual:      7.21e+01
Complementraty:     8.27e+04

Number of Iter:     85
Run time:           2715.67
