
--------------- Linear optimization problem characteristics ---------------
Seed:                    6
Number of variables:     10000
Number of constraints:   2

Norm of primal sol:      2.00e+00
Norm of dual sol:        2.00e+00
Norm of dual slacks:     2.00e+00

Norm of vector b:        2.40e-02
Norm of vector c:        2.25e+00

Norm of matrix A:        1.00e+00
Condition number:        2.00e+00

----------------------- Linear optimization problem -----------------------
Coeff matrix A:          [[-0.000 -0.007 -0.001 ... -0.010 +0.001 +0.003]
                          [+0.002 +0.004 +0.000 ... +0.016 +0.002 +0.004]]

RHS vector b:            [+0.001 -0.024]
Obj vector c:            [+0.003 -0.005 -0.001 ... +0.004 +0.004 +0.010]

---------------------------- Optimal solution -----------------------------
Primal variables:         [+0.031 +0.011 +0.028 ... +0.013 +0.006 +0.030]
Dual slacks:              [+0.000 +0.000 +0.000 ... +0.000 +0.000 +0.000]
Dual variables:           [+1.558 +1.254]

Optimal objective:       -2.80399275e-02
===========================================================================

Method:                  II-QIPM
LO_Precision:            1.00e-01
Stop_Precision:          1.00e-03
LO_Verbosity:            2
Omega:                   1.00e+01

The Quantum Inexact Infeasible Interior-Point Method starts running ...


                  Objective                Residual                                Linear system           Step-length
Iter      Primal           Dual         Primal    Dual     Compl    ||Resl||  Cond-Num  ||M||   ||RHS||    a-star   a-hat      Time
   0   1.95423190e+01 -4.54847249e-01  8.22e-01 8.52e+01  9.30e+04  2.51e-15  4.00e+00 1.00e+00 1.12e+01  9.54e-01 9.15e-01     32s
   1   3.88214898e+01 -4.54847249e-01  9.48e+00 7.94e+01  8.73e+04  1.52e+02  3.67e+00 1.32e+01 1.52e+02  4.84e-01 6.75e-02     74s
   2   4.94612244e+01 -4.54847249e-01  1.51e+01 7.68e+01  8.47e+04  1.81e+02  3.57e+00 1.43e+01 1.81e+02  4.47e-01 3.29e-02    118s
   3   5.95587658e+01 -4.54847249e-01  2.05e+01 7.46e+01  8.24e+04  1.97e+02  3.51e+00 1.50e+01 1.97e+02  4.28e-01 2.93e-02    161s
   4   6.91892968e+01 -4.54847249e-01  2.56e+01 7.26e+01  8.05e+04  2.13e+02  3.46e+00 1.55e+01 2.13e+02  4.11e-01 2.64e-02    205s
   5   7.83700843e+01 -4.54847249e-01  3.04e+01 7.09e+01  7.87e+04  2.29e+02  3.40e+00 1.61e+01 2.29e+02  3.95e-01 2.39e-02    248s
   6   8.71388285e+01 -4.54847249e-01  3.50e+01 6.93e+01  7.72e+04  2.44e+02  3.35e+00 1.66e+01 2.44e+02  3.80e-01 2.17e-02    293s
   7   9.55327784e+01 -4.54847249e-01  3.95e+01 6.80e+01  7.58e+04  2.58e+02  3.30e+00 1.71e+01 2.58e+02  3.66e-01 1.98e-02    373s
   8   1.03580048e+02 -4.54847249e-01  4.37e+01 6.67e+01  7.46e+04  2.73e+02  3.25e+00 1.76e+01 2.73e+02  3.54e-01 1.81e-02    460s
   9   1.11285035e+02 -4.54847249e-01  4.77e+01 6.56e+01  7.34e+04  2.86e+02  3.21e+00 1.80e+01 2.86e+02  3.42e-01 1.67e-02    518s
  10   1.18690924e+02 -4.54847249e-01  5.16e+01 6.46e+01  7.24e+04  3.00e+02  3.17e+00 1.85e+01 3.00e+02  3.30e-01 1.54e-02    569s
  11   1.25809564e+02 -4.54847249e-01  5.53e+01 6.37e+01  7.15e+04  3.13e+02  3.13e+00 1.89e+01 3.13e+02  3.20e-01 1.42e-02    609s
  12   1.32659961e+02 -4.54847249e-01  5.89e+01 6.28e+01  7.06e+04  3.27e+02  3.09e+00 1.93e+01 3.27e+02  3.10e-01 1.32e-02    648s
  13   1.39253879e+02 -4.54847249e-01  6.24e+01 6.21e+01  6.98e+04  3.39e+02  3.05e+00 1.96e+01 3.39e+02  3.01e-01 1.23e-02    692s
  14   1.45615775e+02 -4.54847249e-01  6.57e+01 6.14e+01  6.91e+04  3.52e+02  3.01e+00 2.00e+01 3.52e+02  2.92e-01 1.15e-02    728s
  15   2.97300048e+01  1.43451435e-02  1.08e+01 1.00e+01  1.23e+04 *1.07e+00  2.98e+00 2.04e+01 3.64e+02  8.83e-01 8.36e-01    770s
  16   7.03302044e+00  1.43451435e-02  2.29e+00 9.25e+00  1.14e+04  1.31e+02  3.81e+00 1.24e+02 1.31e+02  5.51e-01 7.83e-02    844s
  17  -8.56261245e+00  1.43451435e-02  8.46e+00 8.81e+00  1.09e+04  1.60e+02  3.72e+00 1.36e+02 1.60e+02  5.12e-01 4.78e-02    889s
  18  -2.32105690e+01  1.43451435e-02  1.55e+01 8.44e+00  1.05e+04  1.81e+02  3.66e+00 1.45e+02 1.81e+02  4.88e-01 4.17e-02    933s
  19  -3.70335195e+01  1.43451435e-02  2.23e+01 8.13e+00  1.01e+04  2.01e+02  3.59e+00 1.53e+02 2.01e+02  4.66e-01 3.67e-02    977s
  20  -5.01249275e+01  1.43451435e-02  2.87e+01 7.87e+00  9.83e+03  2.20e+02  3.53e+00 1.60e+02 2.20e+02  4.45e-01 3.26e-02   1020s
  21  -6.25263645e+01  1.43451435e-02  3.48e+01 7.64e+00  9.57e+03  2.39e+02  3.46e+00 1.67e+02 2.39e+02  4.27e-01 2.92e-02   1066s
  22  -7.43056699e+01  1.43451435e-02  4.06e+01 7.44e+00  9.34e+03  2.57e+02  3.41e+00 1.73e+02 2.57e+02  4.09e-01 2.62e-02   1111s
  23  -8.55283564e+01  1.43451435e-02  4.62e+01 7.26e+00  9.14e+03  2.75e+02  3.35e+00 1.80e+02 2.75e+02  3.93e-01 2.37e-02   1153s
  24  -9.62139778e+01  1.43451435e-02  5.15e+01 7.10e+00  8.96e+03  2.93e+02  3.29e+00 1.85e+02 2.93e+02  3.79e-01 2.15e-02   1229s
  25  -1.06435032e+02  1.43451435e-02  5.66e+01 6.96e+00  8.80e+03  3.10e+02  3.24e+00 1.91e+02 3.10e+02  3.65e-01 1.97e-02   1311s
  26  -1.16200058e+02  1.43451435e-02  6.14e+01 6.84e+00  8.66e+03  3.26e+02  3.19e+00 1.96e+02 3.26e+02  3.52e-01 1.80e-02   1377s
  27  -1.25556970e+02  1.43451435e-02  6.61e+01 6.72e+00  8.53e+03  3.43e+02  3.14e+00 2.01e+02 3.43e+02  3.40e-01 1.66e-02   1427s
  28  -1.34541631e+02  1.43451435e-02  7.05e+01 6.62e+00  8.41e+03  3.58e+02  3.10e+00 2.06e+02 3.58e+02  3.29e-01 1.53e-02   1469s
  29  -1.43162033e+02  1.43451435e-02  7.48e+01 6.53e+00  8.30e+03  3.74e+02  3.05e+00 2.11e+02 3.74e+02  3.19e-01 1.42e-02   1513s
  30  -1.51451969e+02  1.43451435e-02  7.90e+01 6.44e+00  8.20e+03  3.90e+02  3.01e+00 2.15e+02 3.90e+02  3.09e-01 1.31e-02   1559s
  31  -2.89403762e+01 -3.15696297e-02  1.53e+01 1.25e+00  1.72e+03  1.19e+00  2.97e+00 2.19e+02 4.05e+02  8.72e-01 8.06e-01   1600s
  32  -4.18080273e-01 -3.15696297e-02  4.87e+00 1.08e+00  1.51e+03  9.54e+01  3.97e+00 1.11e+03 9.54e+01  6.68e-01 1.33e-01   1643s
  33   2.11534551e+01 -3.15696297e-02  1.21e+01 9.93e-01  1.40e+03  1.32e+02  3.88e+00 1.31e+03 1.32e+02  6.17e-01 8.33e-02   1688s
  34   4.14977849e+01 -3.15696297e-02  2.20e+01 9.24e-01  1.31e+03  1.60e+02  3.81e+00 1.45e+03 1.60e+02  5.82e-01 6.95e-02   1732s
  35   6.07244595e+01 -3.15696297e-02  3.16e+01 8.70e-01  1.24e+03  1.87e+02  3.74e+00 1.58e+03 1.87e+02  5.51e-01 5.90e-02   1775s
  36   7.88868497e+01 -3.15696297e-02  4.07e+01 8.25e-01  1.18e+03  2.13e+02  3.66e+00 1.70e+03 2.13e+02  5.22e-01 5.07e-02   1816s
  37   9.60740835e+01 -3.15696297e-02  4.93e+01 7.89e-01  1.13e+03  2.38e+02  3.59e+00 1.81e+03 2.38e+02  4.97e-01 4.41e-02   1859s
  38   1.12360712e+02 -3.15696297e-02  5.75e+01 7.59e-01  1.09e+03  2.62e+02  3.52e+00 1.92e+03 2.62e+02  4.74e-01 3.87e-02   1900s
  39   1.27817153e+02 -3.15696297e-02  6.53e+01 7.33e-01  1.06e+03  2.86e+02  3.45e+00 2.02e+03 2.86e+02  4.52e-01 3.42e-02   1941s
  40   1.42520275e+02 -3.15696297e-02  7.27e+01 7.10e-01  1.03e+03  3.09e+02  3.39e+00 2.11e+03 3.09e+02  4.33e-01 3.05e-02   1986s
  41   1.56506948e+02 -3.15696297e-02  7.97e+01 6.91e-01  1.00e+03  3.31e+02  3.33e+00 2.20e+03 3.31e+02  4.15e-01 2.73e-02   2026s
  42   1.69858534e+02 -3.15696297e-02  8.65e+01 6.74e-01  9.82e+02  3.53e+02  3.27e+00 2.28e+03 3.53e+02  3.99e-01 2.47e-02   2071s
  43   1.82615452e+02 -3.15696297e-02  9.29e+01 6.59e-01  9.62e+02  3.74e+02  3.21e+00 2.36e+03 3.74e+02  3.84e-01 2.24e-02   2117s
  44   1.94818972e+02 -3.15696297e-02  9.90e+01 6.45e-01  9.45e+02  3.94e+02  3.16e+00 2.43e+03 3.94e+02  3.69e-01 2.04e-02   2160s
  45   2.06498511e+02 -3.15696297e-02  1.05e+02 6.33e-01  9.29e+02  4.15e+02  3.11e+00 2.51e+03 4.15e+02  3.56e-01 1.86e-02   2205s
  46   2.17706411e+02 -3.15696297e-02  1.10e+02 6.23e-01  9.14e+02  4.34e+02  3.06e+00 2.57e+03 4.34e+02  3.44e-01 1.71e-02   2250s
  47   2.28470867e+02 -3.15696297e-02  1.16e+02 6.13e-01  9.01e+02  4.54e+02  3.01e+00 2.64e+03 4.54e+02  3.33e-01 1.58e-02   2289s
  48   5.29518243e+01 -2.77721256e-02  2.67e+01 1.42e-01  2.24e+02 *7.75e-01  2.96e+00 2.70e+03 4.73e+02  8.55e-01 7.69e-01   2326s
  49   2.30552835e+01 -2.78843324e-02  1.17e+01 6.32e-02  1.06e+02  7.69e-01  4.06e+00 1.13e+04 9.86e+01  9.39e-01 5.54e-01   2366s
  50  -6.26256645e+00 -2.78843324e-02  6.41e+00 5.62e-02  9.50e+01  1.39e+02  3.98e+00 2.69e+04 1.39e+02  6.69e-01 1.11e-01   2406s
  51  -3.37701949e+01 -2.78843324e-02  2.12e+01 5.12e-02  8.73e+01  1.80e+02  3.91e+00 3.08e+04 1.80e+02  6.28e-01 8.91e-02   2470s
  52  -5.97538739e+01 -2.78843324e-02  3.57e+01 4.74e-02  8.14e+01  2.19e+02  3.84e+00 3.45e+04 2.19e+02  5.92e-01 7.39e-02   2556s
  53  -8.43315545e+01 -2.78843324e-02  4.94e+01 4.45e-02  7.68e+01  2.56e+02  3.76e+00 3.79e+04 2.56e+02  5.59e-01 6.24e-02   2646s
  54  -1.07556882e+02 -2.78843324e-02  6.24e+01 4.21e-02  7.31e+01  2.93e+02  3.69e+00 4.11e+04 2.93e+02  5.30e-01 5.34e-02   2734s
  55  -1.29555882e+02 -2.78843324e-02  7.46e+01 4.02e-02  7.00e+01  3.27e+02  3.61e+00 4.40e+04 3.27e+02  5.03e-01 4.62e-02   2815s
  56  -1.50415636e+02 -2.78843324e-02  8.62e+01 3.85e-02  6.74e+01  3.61e+02  3.54e+00 4.68e+04 3.61e+02  4.79e-01 4.04e-02   2905s
  57  -1.70259761e+02 -2.78843324e-02  9.71e+01 3.72e-02  6.53e+01  3.94e+02  3.47e+00 4.95e+04 3.94e+02  4.57e-01 3.56e-02   2990s
  58  -1.89141357e+02 -2.78843324e-02  1.07e+02 3.60e-02  6.34e+01  4.26e+02  3.40e+00 5.20e+04 4.26e+02  4.37e-01 3.16e-02   3033s
  59  -2.07158028e+02 -2.78843324e-02  1.17e+02 3.50e-02  6.18e+01  4.57e+02  3.33e+00 5.44e+04 4.57e+02  4.19e-01 2.83e-02   3077s
  60  -2.15815643e+02 -2.78843324e-02  1.22e+02 3.45e-02  6.10e+01  4.87e+02  3.27e+00 5.66e+04 4.87e+02  4.02e-01 1.28e-02   3127s
  61  -2.15818893e+02 -2.78843324e-02  1.22e+02 3.45e-02  6.10e+01  5.01e+02  3.24e+00 5.77e+04 5.01e+02  3.94e-01 4.68e-06   3215s

The solution quality is limited by the precision of the linear system solver.

The algorithm stopped after 62 iterations in 3214.59 seconds.

Primal variables:   [+17.584 +19.824 +17.985 ... +19.310 +17.393 +16.851]
Dual slacks:        [+0.000 +0.000 +0.000 ... +0.000 +0.000 +0.000]
Dual variables:     [+1.541 +1.246]

Primal objective:   -2.15818893e+02
Dual objective:     -2.78843324e-02

Primal residual:    1.22e+02
Dual residual:      3.45e-02
Complementraty:     6.10e+01

Number of Iter:     62
Run time:           3214.59
