
--------------- Linear optimization problem characteristics ---------------
Seed:                    29
Number of variables:     10000
Number of constraints:   2

Norm of primal sol:      2.00e+00
Norm of dual sol:        2.00e+00
Norm of dual slacks:     2.00e+00

Norm of vector b:        2.82e-02
Norm of vector c:        2.84e+00

Norm of matrix A:        1.00e+00
Condition number:        2.00e+00

----------------------- Linear optimization problem -----------------------
Coeff matrix A:          [[-0.006 -0.004 +0.013 ... +0.002 -0.009 -0.010]
                          [-0.005 -0.007 -0.006 ... +0.000 -0.006 +0.009]]

RHS vector b:            [-0.006 +0.028]
Obj vector c:            [-0.004 +0.001 +0.027 ... +0.003 -0.008 -0.026]

---------------------------- Optimal solution -----------------------------
Primal variables:         [+0.030 +0.010 +0.003 ... +0.001 +0.008 +0.015]
Dual slacks:              [+0.000 +0.000 +0.000 ... +0.000 +0.000 +0.000]
Dual variables:           [+1.659 -1.117]

Optimal objective:       -4.04579326e-02
===========================================================================

Method:                  II-QIPM
LO_Precision:            1.00e-01
Stop_Precision:          1.00e-03
LO_Verbosity:            2
Omega:                   1.00e+01

The Quantum Inexact Infeasible Interior-Point Method starts running ...


                  Objective                Residual                                Linear system           Step-length
Iter      Primal           Dual         Primal    Dual     Compl    ||Resl||  Cond-Num  ||M||   ||RHS||    a-star   a-hat      Time
   0   1.96222681e+01 -6.12030875e-01  6.95e-01 8.05e+01  8.80e+04 *3.20e-15  4.00e+00 1.00e+00 9.12e+00  9.57e-01 9.19e-01     36s
   1   1.00683803e+01 -6.12030875e-01  1.19e+01 7.35e+01  8.10e+04  1.45e+02  3.65e+00 1.38e+01 1.45e+02  4.87e-01 8.69e-02     68s
   2   6.16008145e+00 -6.12030875e-01  1.72e+01 7.12e+01  7.87e+04  1.81e+02  3.49e+00 1.54e+01 1.81e+02  4.38e-01 3.13e-02    109s
   3   2.50489188e+00 -6.12030875e-01  2.22e+01 6.93e+01  7.67e+04  1.96e+02  3.43e+00 1.60e+01 1.96e+02  4.20e-01 2.79e-02    151s
   4  -9.46462970e-01 -6.12030875e-01  2.70e+01 6.75e+01  7.50e+04  2.11e+02  3.36e+00 1.66e+01 2.11e+02  4.03e-01 2.51e-02    192s
   5  -4.21461475e+00 -6.12030875e-01  3.15e+01 6.60e+01  7.34e+04  2.25e+02  3.30e+00 1.71e+01 2.25e+02  3.88e-01 2.28e-02    233s
   6  -7.31553268e+00 -6.12030875e-01  3.58e+01 6.46e+01  7.20e+04  2.39e+02  3.24e+00 1.76e+01 2.39e+02  3.73e-01 2.07e-02    274s
   7  -1.02611824e+01 -6.12030875e-01  3.99e+01 6.34e+01  7.08e+04  2.53e+02  3.19e+00 1.81e+01 2.53e+02  3.60e-01 1.90e-02    315s
   8  -1.30685189e+01 -6.12030875e-01  4.39e+01 6.23e+01  6.97e+04  2.66e+02  3.13e+00 1.86e+01 2.66e+02  3.48e-01 1.74e-02    357s
   9  -1.57450392e+01 -6.12030875e-01  4.76e+01 6.13e+01  6.87e+04  2.79e+02  3.08e+00 1.90e+01 2.79e+02  3.36e-01 1.60e-02    399s
  10  -1.83056763e+01 -6.12030875e-01  5.12e+01 6.04e+01  6.78e+04  2.92e+02  3.03e+00 1.94e+01 2.92e+02  3.25e-01 1.48e-02    436s
  11   9.62723923e-01  1.80396112e-02  7.91e+00 9.31e+00  1.13e+04  5.55e-01  2.98e+00 1.98e+01 3.04e+02  8.90e-01 8.46e-01    474s
  12   7.67398133e+00  1.80396112e-02  3.92e+00 8.52e+00  1.05e+04  1.30e+02  3.76e+00 1.33e+02 1.30e+02  5.46e-01 8.51e-02    515s
  13   1.18277261e+01  1.80396112e-02  1.11e+01 8.13e+00  1.00e+04  1.62e+02  3.64e+00 1.47e+02 1.62e+02  5.04e-01 4.55e-02    555s
  14   1.57745720e+01  1.80396112e-02  1.78e+01 7.80e+00  9.66e+03  1.81e+02  3.57e+00 1.55e+02 1.81e+02  4.80e-01 3.98e-02    593s
  15   1.95261949e+01  1.80396112e-02  2.42e+01 7.53e+00  9.35e+03  2.00e+02  3.49e+00 1.63e+02 2.00e+02  4.59e-01 3.52e-02    636s
  16   2.30977631e+01  1.80396112e-02  3.03e+01 7.29e+00  9.09e+03  2.18e+02  3.42e+00 1.70e+02 2.18e+02  4.39e-01 3.13e-02    681s
  17   2.64993764e+01  1.80396112e-02  3.61e+01 7.09e+00  8.86e+03  2.36e+02  3.35e+00 1.77e+02 2.36e+02  4.21e-01 2.81e-02    753s
  18   2.97458432e+01  1.80396112e-02  4.16e+01 6.91e+00  8.65e+03  2.53e+02  3.29e+00 1.83e+02 2.53e+02  4.04e-01 2.53e-02    834s
  19   3.28460686e+01  1.80396112e-02  4.68e+01 6.75e+00  8.47e+03  2.70e+02  3.22e+00 1.89e+02 2.70e+02  3.88e-01 2.29e-02    920s
  20   3.58124947e+01  1.80396112e-02  5.18e+01 6.61e+00  8.31e+03  2.86e+02  3.16e+00 1.95e+02 2.86e+02  3.74e-01 2.09e-02   1002s
  21   3.86545787e+01  1.80396112e-02  5.65e+01 6.48e+00  8.17e+03  3.02e+02  3.10e+00 2.00e+02 3.02e+02  3.61e-01 1.91e-02   1082s
  22   4.13762982e+01  1.80396112e-02  6.11e+01 6.37e+00  8.04e+03  3.17e+02  3.05e+00 2.05e+02 3.17e+02  3.48e-01 1.75e-02   1169s
  23   7.78519441e+00 -4.68033162e-02  1.06e+01 1.10e+00  1.51e+03 *1.57e-01  2.99e+00 2.10e+02 3.33e+02  8.81e-01 8.27e-01   1246s
  24  -1.28884108e+00 -4.68033162e-02  5.32e+00 9.72e-01  1.34e+03  1.23e+02  3.87e+00 1.25e+03 1.23e+02  5.93e-01 1.19e-01   1324s
  25  -6.27347379e+00 -4.68033162e-02  1.41e+01 9.18e-01  1.28e+03  1.65e+02  3.74e+00 1.45e+03 1.65e+02  5.38e-01 5.49e-02   1369s
  26  -1.09718577e+01 -4.68033162e-02  2.23e+01 8.75e-01  1.22e+03  1.88e+02  3.67e+00 1.55e+03 1.88e+02  5.11e-01 4.75e-02   1409s
  27  -1.54100523e+01 -4.68033162e-02  3.01e+01 8.39e-01  1.18e+03  2.10e+02  3.59e+00 1.64e+03 2.10e+02  4.87e-01 4.15e-02   1451s
  28  -1.96082929e+01 -4.68033162e-02  3.74e+01 8.08e-01  1.14e+03  2.32e+02  3.52e+00 1.73e+03 2.32e+02  4.65e-01 3.65e-02   1493s
  29  -2.35925712e+01 -4.68033162e-02  4.44e+01 7.82e-01  1.10e+03  2.53e+02  3.45e+00 1.81e+03 2.53e+02  4.44e-01 3.25e-02   1548s
  30  -2.73736944e+01 -4.68033162e-02  5.11e+01 7.59e-01  1.07e+03  2.73e+02  3.38e+00 1.88e+03 2.73e+02  4.26e-01 2.90e-02   1610s
  31  -3.09708728e+01 -4.68033162e-02  5.74e+01 7.39e-01  1.05e+03  2.93e+02  3.31e+00 1.95e+03 2.93e+02  4.09e-01 2.61e-02   1649s
  32  -3.44029484e+01 -4.68033162e-02  6.34e+01 7.22e-01  1.03e+03  3.12e+02  3.25e+00 2.02e+03 3.12e+02  3.93e-01 2.36e-02   1698s
  33  -3.76782329e+01 -4.68033162e-02  6.91e+01 7.06e-01  1.01e+03  3.30e+02  3.19e+00 2.08e+03 3.30e+02  3.78e-01 2.15e-02   1739s
  34  -4.08084874e+01 -4.68033162e-02  7.46e+01 6.92e-01  9.89e+02  3.49e+02  3.13e+00 2.13e+03 3.49e+02  3.65e-01 1.96e-02   1776s
  35  -4.38081791e+01 -4.68033162e-02  7.98e+01 6.80e-01  9.73e+02  3.67e+02  3.07e+00 2.19e+03 3.67e+02  3.52e-01 1.80e-02   1815s
  36  -4.66852564e+01 -4.68033162e-02  8.48e+01 6.69e-01  9.58e+02  3.84e+02  3.02e+00 2.24e+03 3.84e+02  3.40e-01 1.65e-02   1856s
  37  -1.07371162e+01 -3.97871781e-02  1.66e+01 1.31e-01  2.03e+02  1.03e+00  2.97e+00 2.29e+03 4.01e+02  8.70e-01 8.04e-01   1898s
  38  -4.83352876e+00 -3.97871781e-02  3.46e+00 1.17e-01  1.83e+02  1.13e+02  3.94e+00 1.19e+04 1.13e+02  6.44e-01 1.05e-01   1972s
  39   1.85053358e-01 -3.97871781e-02  8.84e+00 1.08e-01  1.70e+02  1.47e+02  3.85e+00 1.35e+04 1.47e+02  6.02e-01 7.68e-02   2012s
  40   4.92215444e+00 -3.97871781e-02  1.96e+01 1.01e-01  1.60e+02  1.76e+02  3.77e+00 1.48e+04 1.76e+02  5.69e-01 6.46e-02   2054s
  41   9.40904236e+00 -3.97871781e-02  2.97e+01 9.56e-02  1.52e+02  2.04e+02  3.69e+00 1.60e+04 2.04e+02  5.39e-01 5.52e-02   2097s
  42   1.36595008e+01 -3.97871781e-02  3.93e+01 9.10e-02  1.46e+02  2.32e+02  3.61e+00 1.71e+04 2.32e+02  5.12e-01 4.77e-02   2141s
  43   1.76933463e+01 -3.97871781e-02  4.84e+01 8.72e-02  1.40e+02  2.58e+02  3.53e+00 1.81e+04 2.58e+02  4.87e-01 4.16e-02   2184s
  44   2.15296300e+01 -3.97871781e-02  5.70e+01 8.40e-02  1.36e+02  2.83e+02  3.45e+00 1.91e+04 2.83e+02  4.65e-01 3.67e-02   2225s
  45   2.51854241e+01 -3.97871781e-02  6.52e+01 8.13e-02  1.32e+02  3.08e+02  3.38e+00 2.00e+04 3.08e+02  4.45e-01 3.26e-02   2269s
  46   2.86717538e+01 -3.97871781e-02  7.29e+01 7.89e-02  1.28e+02  3.32e+02  3.30e+00 2.08e+04 3.32e+02  4.26e-01 2.91e-02   2310s
  47   3.20072808e+01 -3.97871781e-02  8.03e+01 7.69e-02  1.25e+02  3.55e+02  3.24e+00 2.16e+04 3.55e+02  4.09e-01 2.62e-02   2354s
  48   3.51975602e+01 -3.97871781e-02  8.73e+01 7.50e-02  1.22e+02  3.78e+02  3.17e+00 2.23e+04 3.78e+02  3.93e-01 2.36e-02   2397s
  49   3.82580940e+01 -3.97871781e-02  9.41e+01 7.34e-02  1.20e+02  4.00e+02  3.11e+00 2.30e+04 4.00e+02  3.78e-01 2.15e-02   2440s
  50   4.11979772e+01 -3.97871781e-02  1.00e+02 7.20e-02  1.18e+02  4.21e+02  3.05e+00 2.36e+04 4.21e+02  3.65e-01 1.96e-02   2483s
  51   9.53016907e+00 -4.05292572e-02  2.20e+01 1.58e-02  2.79e+01 *3.44e-01  2.99e+00 2.42e+04 4.42e+02  8.61e-01 7.81e-01   2520s
  52   3.51776720e+00 -4.04886362e-02  8.07e+00 5.78e-03  1.08e+01  4.44e-02  4.04e+00 1.13e+05 9.78e+01  9.55e-01 6.34e-01   2556s
  53  -1.23730262e+00 -4.04886362e-02  6.90e+00 5.22e-03  9.90e+00  1.48e+02  3.95e+00 3.29e+05 1.48e+02  6.41e-01 9.57e-02   2597s
  54  -5.01870294e+00 -4.04886362e-02  1.86e+01 4.88e-03  9.31e+00  1.85e+02  3.87e+00 3.69e+05 1.85e+02  6.03e-01 6.57e-02   2639s
  55  -5.02070660e+00 -4.04886362e-02  1.86e+01 4.88e-03  9.31e+00  2.15e+02  3.80e+00 3.99e+05 2.15e+02  5.76e-01 3.13e-05   2715s

The solution quality is limited by the precision of the linear system solver.

The algorithm stopped after 56 iterations in 2715.31 seconds.

Primal variables:   [+20.304 +20.299 +18.806 ... +18.986 +19.632 +19.035]
Dual slacks:        [+0.000 +0.000 +0.000 ... +0.000 +0.000 +0.000]
Dual variables:     [+1.658 -1.118]

Primal objective:   -5.02070660e+00
Dual objective:     -4.04886362e-02

Primal residual:    1.86e+01
Dual residual:      4.88e-03
Complementraty:     9.31e+00

Number of Iter:     56
Run time:           2715.31
