
--------------- Linear optimization problem characteristics ---------------
Seed:                    2
Number of variables:     10000
Number of constraints:   2

Norm of primal sol:      2.00e+00
Norm of dual sol:        2.00e+00
Norm of dual slacks:     2.00e+00

Norm of vector b:        4.57e-03
Norm of vector c:        2.54e+00

Norm of matrix A:        1.00e+00
Condition number:        2.00e+00

----------------------- Linear optimization problem -----------------------
Coeff matrix A:          [[+0.003 +0.002 +0.004 ... +0.007 +0.001 -0.001]
                          [-0.012 +0.013 -0.000 ... +0.001 +0.013 +0.007]]

RHS vector b:            [-0.000 -0.005]
Obj vector c:            [+0.006 -0.016 -0.007 ... -0.013 -0.014 -0.004]

---------------------------- Optimal solution -----------------------------
Primal variables:         [+0.015 +0.001 +0.019 ... +0.026 +0.027 +0.006]
Dual slacks:              [+0.000 +0.000 +0.000 ... +0.000 +0.000 +0.000]
Dual variables:           [-1.770 -0.931]

Optimal objective:       +5.05674480e-03
===========================================================================

Method:                  II-QIPM
LO_Precision:            1.00e-01
Stop_Precision:          1.00e-03
LO_Verbosity:            2
Omega:                   1.00e+01

The Quantum Inexact Infeasible Interior-Point Method starts running ...


                  Objective                Residual                                Linear system           Step-length
Iter      Primal           Dual         Primal    Dual     Compl    ||Resl||  Cond-Num  ||M||   ||RHS||    a-star   a-hat      Time
   0   1.98663945e+01 -4.27238520e-02  4.36e-01 5.44e+01  5.96e+04 *1.26e-15  4.00e+00 1.00e+00 7.92e+00  9.71e-01 9.46e-01     24s
   1   1.44490752e+01 -4.27238520e-02  1.26e+01 5.10e+01  5.62e+04  2.05e+02  3.83e+00 2.11e+01 2.05e+02  4.89e-01 6.34e-02     49s
   2   1.12818399e+01 -4.27238520e-02  2.05e+01 4.92e+01  5.44e+04  2.42e+02  3.78e+00 2.31e+01 2.42e+02  4.55e-01 3.45e-02     75s
   3   8.35016170e+00 -4.27238520e-02  2.80e+01 4.77e+01  5.29e+04  2.64e+02  3.75e+00 2.42e+01 2.64e+02  4.35e-01 3.07e-02    102s
   4   5.61781413e+00 -4.27238520e-02  3.51e+01 4.64e+01  5.16e+04  2.85e+02  3.72e+00 2.53e+01 2.85e+02  4.18e-01 2.75e-02    129s
   5   3.06597605e+00 -4.27238520e-02  4.18e+01 4.53e+01  5.04e+04  3.06e+02  3.70e+00 2.64e+01 3.06e+02  4.01e-01 2.48e-02    156s
   6   6.74979903e-01 -4.27238520e-02  4.82e+01 4.42e+01  4.94e+04  3.27e+02  3.67e+00 2.74e+01 3.27e+02  3.86e-01 2.25e-02    182s
   7  -1.57064883e+00 -4.27238520e-02  5.44e+01 4.33e+01  4.85e+04  3.47e+02  3.65e+00 2.84e+01 3.47e+02  3.72e-01 2.05e-02    209s
   8  -3.68501534e+00 -4.27238520e-02  6.02e+01 4.25e+01  4.77e+04  3.66e+02  3.63e+00 2.93e+01 3.66e+02  3.58e-01 1.88e-02    237s
   9  -5.68094842e+00 -4.27238520e-02  6.58e+01 4.18e+01  4.69e+04  3.85e+02  3.61e+00 3.02e+01 3.85e+02  3.46e-01 1.72e-02    264s
  10  -7.56821188e+00 -4.27238520e-02  7.12e+01 4.11e+01  4.62e+04  4.03e+02  3.59e+00 3.11e+01 4.03e+02  3.35e-01 1.59e-02    291s
  11  -9.35580617e+00 -4.27238520e-02  7.63e+01 4.05e+01  4.56e+04  4.21e+02  3.57e+00 3.20e+01 4.21e+02  3.24e-01 1.47e-02    319s
  12  -1.10537119e+01 -4.27238520e-02  8.12e+01 4.00e+01  4.51e+04  4.39e+02  3.55e+00 3.28e+01 4.39e+02  3.14e-01 1.36e-02    347s
  13  -1.26661322e+01 -4.27238520e-02  8.60e+01 3.95e+01  4.46e+04  4.56e+02  3.54e+00 3.36e+01 4.56e+02  3.04e-01 1.27e-02    375s
  14  -1.42002382e+01 -4.27238520e-02  9.05e+01 3.90e+01  4.41e+04  4.73e+02  3.52e+00 3.44e+01 4.73e+02  2.95e-01 1.18e-02    403s
  15  -1.56640734e+01 -4.27238520e-02  9.49e+01 3.86e+01  4.36e+04  4.89e+02  3.51e+00 3.52e+01 4.89e+02  2.87e-01 1.10e-02    431s
  16  -1.70621324e+01 -4.27238520e-02  9.92e+01 3.82e+01  4.32e+04  5.06e+02  3.50e+00 3.60e+01 5.06e+02  2.79e-01 1.03e-02    460s
  17  -1.83972889e+01 -4.27238520e-02  1.03e+02 3.78e+01  4.29e+04  5.22e+02  3.49e+00 3.67e+01 5.22e+02  2.72e-01 9.69e-03    488s
  18  -1.96748895e+01 -4.27238520e-02  1.07e+02 3.74e+01  4.25e+04  5.37e+02  3.48e+00 3.74e+01 5.37e+02  2.64e-01 9.12e-03    516s
  19  -2.08998397e+01 -4.27238520e-02  1.11e+02 3.71e+01  4.22e+04  5.53e+02  3.47e+00 3.81e+01 5.53e+02  2.58e-01 8.59e-03    544s
  20  -2.20754686e+01 -4.27238520e-02  1.15e+02 3.68e+01  4.19e+04  5.68e+02  3.46e+00 3.88e+01 5.68e+02  2.51e-01 8.11e-03    573s
  21  -2.32026322e+01 -4.27238520e-02  1.18e+02 3.65e+01  4.16e+04  5.83e+02  3.45e+00 3.95e+01 5.83e+02  2.45e-01 7.66e-03    602s
  22  -2.42866071e+01 -4.27238520e-02  1.22e+02 3.63e+01  4.13e+04  5.98e+02  3.44e+00 4.02e+01 5.98e+02  2.39e-01 7.26e-03    631s
  23  -2.53290665e+01 -4.27238520e-02  1.25e+02 3.60e+01  4.10e+04  6.12e+02  3.44e+00 4.08e+01 6.12e+02  2.34e-01 6.88e-03    659s
  24  -2.63336417e+01 -4.27238520e-02  1.28e+02 3.58e+01  4.08e+04  6.26e+02  3.43e+00 4.15e+01 6.26e+02  2.28e-01 6.54e-03    690s
  25  -2.73007693e+01 -4.27238520e-02  1.32e+02 3.56e+01  4.06e+04  6.40e+02  3.43e+00 4.21e+01 6.40e+02  2.23e-01 6.21e-03    721s
  26  -2.82337574e+01 -4.27238520e-02  1.35e+02 3.54e+01  4.04e+04  6.54e+02  3.42e+00 4.28e+01 6.54e+02  2.18e-01 5.91e-03    751s
  27  -2.91347516e+01 -4.27238520e-02  1.38e+02 3.52e+01  4.02e+04  6.68e+02  3.42e+00 4.34e+01 6.68e+02  2.14e-01 5.64e-03    780s
  28  -3.00040183e+01 -4.27238520e-02  1.41e+02 3.50e+01  4.00e+04  6.81e+02  3.42e+00 4.40e+01 6.81e+02  2.09e-01 5.37e-03    809s
  29  -3.08444080e+01 -4.27238520e-02  1.44e+02 3.48e+01  3.98e+04  6.95e+02  3.41e+00 4.46e+01 6.95e+02  2.05e-01 5.13e-03    838s
  30  -3.16577373e+01 -4.27238520e-02  1.46e+02 3.46e+01  3.96e+04  7.08e+02  3.41e+00 4.52e+01 7.08e+02  2.01e-01 4.91e-03    867s
  31  -3.24449192e+01 -4.27238520e-02  1.49e+02 3.45e+01  3.94e+04  7.21e+02  3.41e+00 4.58e+01 7.21e+02  1.97e-01 4.70e-03    897s
  32  -3.32068402e+01 -4.27238520e-02  1.52e+02 3.43e+01  3.93e+04  7.33e+02  3.41e+00 4.63e+01 7.33e+02  1.93e-01 4.50e-03    927s
  33  -3.39450980e+01 -4.27238520e-02  1.54e+02 3.42e+01  3.91e+04  7.46e+02  3.41e+00 4.69e+01 7.46e+02  1.90e-01 4.32e-03    957s
  34  -3.46604731e+01 -4.27238520e-02  1.57e+02 3.40e+01  3.90e+04  7.58e+02  3.41e+00 4.75e+01 7.58e+02  1.86e-01 4.14e-03    987s
  35  -3.53551111e+01 -4.27238520e-02  1.59e+02 3.39e+01  3.88e+04  7.71e+02  3.41e+00 4.80e+01 7.71e+02  1.83e-01 3.98e-03   1017s
  36  -3.60296514e+01 -4.27238520e-02  1.62e+02 3.38e+01  3.87e+04  7.83e+02  3.41e+00 4.86e+01 7.83e+02  1.79e-01 3.83e-03   1047s
  37  -3.66840605e+01 -4.27238520e-02  1.64e+02 3.36e+01  3.86e+04  7.95e+02  3.41e+00 4.91e+01 7.95e+02  1.76e-01 3.68e-03   1077s
  38  -3.73196216e+01 -4.27238520e-02  1.66e+02 3.35e+01  3.84e+04  8.07e+02  3.41e+00 4.97e+01 8.07e+02  1.73e-01 3.54e-03   1107s
  39  -3.79381567e+01 -4.27238520e-02  1.68e+02 3.34e+01  3.83e+04  8.19e+02  3.41e+00 5.02e+01 8.19e+02  1.70e-01 3.41e-03   1137s
  40  -3.85395537e+01 -4.27238520e-02  1.71e+02 3.33e+01  3.82e+04  8.30e+02  3.41e+00 5.07e+01 8.30e+02  1.67e-01 3.29e-03   1167s
  41  -3.91243269e+01 -4.27238520e-02  1.73e+02 3.32e+01  3.81e+04  8.42e+02  3.41e+00 5.12e+01 8.42e+02  1.65e-01 3.17e-03   1197s
  42  -3.96935451e+01 -4.27238520e-02  1.75e+02 3.31e+01  3.80e+04  8.53e+02  3.41e+00 5.17e+01 8.53e+02  1.62e-01 3.06e-03   1227s
  43  -4.02482128e+01 -4.27238520e-02  1.77e+02 3.30e+01  3.79e+04  8.65e+02  3.42e+00 5.23e+01 8.65e+02  1.60e-01 2.96e-03   1257s
  44  -4.07881938e+01 -4.27238520e-02  1.79e+02 3.29e+01  3.78e+04  8.76e+02  3.42e+00 5.28e+01 8.76e+02  1.57e-01 2.86e-03   1287s
  45  -4.13144398e+01 -4.27238520e-02  1.81e+02 3.28e+01  3.77e+04  8.87e+02  3.42e+00 5.33e+01 8.87e+02  1.55e-01 2.76e-03   1318s
  46  -4.18278466e+01 -4.27238520e-02  1.83e+02 3.27e+01  3.76e+04  8.98e+02  3.42e+00 5.38e+01 8.98e+02  1.52e-01 2.68e-03   1348s
  47  -4.23282557e+01 -4.27238520e-02  1.85e+02 3.26e+01  3.75e+04  9.09e+02  3.43e+00 5.42e+01 9.09e+02  1.50e-01 2.59e-03   1379s
  48  -4.28165176e+01 -4.27238520e-02  1.86e+02 3.25e+01  3.74e+04  9.19e+02  3.43e+00 5.47e+01 9.19e+02  1.48e-01 2.51e-03   1410s
  49  -4.32929568e+01 -4.27238520e-02  1.88e+02 3.25e+01  3.74e+04  9.30e+02  3.43e+00 5.52e+01 9.30e+02  1.46e-01 2.43e-03   1441s
  50  -4.37583544e+01 -4.27238520e-02  1.90e+02 3.24e+01  3.73e+04  9.41e+02  3.44e+00 5.57e+01 9.41e+02  1.44e-01 2.36e-03   1472s
  51  -4.42129925e+01 -4.27238520e-02  1.92e+02 3.23e+01  3.72e+04  9.51e+02  3.44e+00 5.62e+01 9.51e+02  1.42e-01 2.29e-03   1504s
  52  -4.46567018e+01 -4.27238520e-02  1.93e+02 3.22e+01  3.71e+04  9.62e+02  3.44e+00 5.66e+01 9.62e+02  1.40e-01 2.22e-03   1534s
  53  -4.50906419e+01 -4.27238520e-02  1.95e+02 3.22e+01  3.71e+04  9.72e+02  3.45e+00 5.71e+01 9.72e+02  1.38e-01 2.15e-03   1565s
  54  -4.55146262e+01 -4.27238520e-02  1.97e+02 3.21e+01  3.70e+04  9.82e+02  3.45e+00 5.76e+01 9.82e+02  1.36e-01 2.09e-03   1596s
  55  -4.59293238e+01 -4.27238520e-02  1.98e+02 3.20e+01  3.69e+04  9.92e+02  3.45e+00 5.80e+01 9.92e+02  1.34e-01 2.03e-03   1627s
  56  -4.63349610e+01 -4.27238520e-02  2.00e+02 3.20e+01  3.69e+04  1.00e+03  3.46e+00 5.85e+01 1.00e+03  1.32e-01 1.98e-03   1658s
  57  -4.67321555e+01 -4.27238520e-02  2.01e+02 3.19e+01  3.68e+04  1.01e+03  3.46e+00 5.89e+01 1.01e+03  1.30e-01 1.92e-03   1689s
  58  -4.71203254e+01 -4.27238520e-02  2.03e+02 3.19e+01  3.67e+04  1.02e+03  3.47e+00 5.94e+01 1.02e+03  1.29e-01 1.87e-03   1720s
  59  -4.75004607e+01 -4.27238520e-02  2.05e+02 3.18e+01  3.67e+04  1.03e+03  3.47e+00 5.98e+01 1.03e+03  1.27e-01 1.82e-03   1751s
  60  -4.78731200e+01 -4.27238520e-02  2.06e+02 3.17e+01  3.66e+04  1.04e+03  3.48e+00 6.03e+01 1.04e+03  1.26e-01 1.77e-03   1782s
  61  -4.82377369e+01 -4.27238520e-02  2.07e+02 3.17e+01  3.66e+04  1.05e+03  3.48e+00 6.07e+01 1.05e+03  1.24e-01 1.73e-03   1813s
  62  -4.85948638e+01 -4.27238520e-02  2.09e+02 3.16e+01  3.65e+04  1.06e+03  3.49e+00 6.12e+01 1.06e+03  1.23e-01 1.68e-03   1844s
  63  -4.89446739e+01 -4.27238520e-02  2.10e+02 3.16e+01  3.64e+04  1.07e+03  3.49e+00 6.16e+01 1.07e+03  1.21e-01 1.64e-03   1875s
  64  -4.92880223e+01 -4.27238520e-02  2.12e+02 3.15e+01  3.64e+04  1.08e+03  3.50e+00 6.20e+01 1.08e+03  1.20e-01 1.60e-03   1906s
  65  -4.96243689e+01 -4.27238520e-02  2.13e+02 3.15e+01  3.63e+04  1.09e+03  3.50e+00 6.25e+01 1.09e+03  1.18e-01 1.56e-03   1938s
  66  -4.99542049e+01 -4.27238520e-02  2.14e+02 3.14e+01  3.63e+04  1.10e+03  3.51e+00 6.29e+01 1.10e+03  1.17e-01 1.52e-03   1969s
  67  -5.02776725e+01 -4.27238520e-02  2.16e+02 3.14e+01  3.62e+04  1.11e+03  3.51e+00 6.33e+01 1.11e+03  1.15e-01 1.48e-03   2001s
  68  -5.05949109e+01 -4.27238520e-02  2.17e+02 3.13e+01  3.62e+04  1.12e+03  3.52e+00 6.37e+01 1.12e+03  1.14e-01 1.45e-03   2032s
  69  -5.09063671e+01 -4.27238520e-02  2.18e+02 3.13e+01  3.61e+04  1.13e+03  3.52e+00 6.41e+01 1.13e+03  1.13e-01 1.41e-03   2064s
  70  -5.12118547e+01 -4.27238520e-02  2.20e+02 3.12e+01  3.61e+04  1.13e+03  3.53e+00 6.46e+01 1.13e+03  1.12e-01 1.38e-03   2096s
  71  -5.15118033e+01 -4.27238520e-02  2.21e+02 3.12e+01  3.61e+04  1.14e+03  3.53e+00 6.50e+01 1.14e+03  1.10e-01 1.35e-03   2128s
  72  -5.18063269e+01 -4.27238520e-02  2.22e+02 3.12e+01  3.60e+04  1.15e+03  3.54e+00 6.54e+01 1.15e+03  1.09e-01 1.32e-03   2159s
  73  -5.20955369e+01 -4.27238520e-02  2.23e+02 3.11e+01  3.60e+04  1.16e+03  3.55e+00 6.58e+01 1.16e+03  1.08e-01 1.29e-03   2191s
  74  -5.23795422e+01 -4.27238520e-02  2.24e+02 3.11e+01  3.59e+04  1.17e+03  3.55e+00 6.62e+01 1.17e+03  1.07e-01 1.26e-03   2222s
  75  -5.26584497e+01 -4.27238520e-02  2.26e+02 3.10e+01  3.59e+04  1.18e+03  3.56e+00 6.66e+01 1.18e+03  1.06e-01 1.23e-03   2253s
  76  -5.29326376e+01 -4.27238520e-02  2.27e+02 3.10e+01  3.59e+04  1.19e+03  3.56e+00 6.70e+01 1.19e+03  1.05e-01 1.20e-03   2285s
  77  -5.32021970e+01 -4.27238520e-02  2.28e+02 3.10e+01  3.58e+04  1.20e+03  3.57e+00 6.74e+01 1.20e+03  1.04e-01 1.18e-03   2317s
  78  -5.34669519e+01 -4.27238520e-02  2.29e+02 3.09e+01  3.58e+04  1.20e+03  3.58e+00 6.78e+01 1.20e+03  1.03e-01 1.15e-03   2348s
  79  -5.37272605e+01 -4.27238520e-02  2.30e+02 3.09e+01  3.57e+04  1.21e+03  3.58e+00 6.82e+01 1.21e+03  1.01e-01 1.13e-03   2380s
  80  -5.39832082e+01 -4.27238520e-02  2.31e+02 3.09e+01  3.57e+04  1.22e+03  3.59e+00 6.86e+01 1.22e+03  1.00e-01 1.11e-03   2411s
  81  -5.42348785e+01 -4.27238520e-02  2.32e+02 3.08e+01  3.57e+04  1.23e+03  3.59e+00 6.90e+01 1.23e+03  9.95e-02 1.08e-03   2443s
  82  -5.44823532e+01 -4.27238520e-02  2.33e+02 3.08e+01  3.56e+04  1.24e+03  3.60e+00 6.94e+01 1.24e+03  9.85e-02 1.06e-03   2475s
  83  -5.47259562e+01 -4.27238520e-02  2.34e+02 3.08e+01  3.56e+04  1.25e+03  3.61e+00 6.98e+01 1.25e+03  9.75e-02 1.04e-03   2507s
  84  -5.49655170e+01 -4.27238520e-02  2.36e+02 3.07e+01  3.56e+04  1.26e+03  3.61e+00 7.01e+01 1.26e+03  9.66e-02 1.02e-03   2539s
  85  -5.52011127e+01 -4.27238520e-02  2.37e+02 3.07e+01  3.55e+04  1.26e+03  3.62e+00 7.05e+01 1.26e+03  9.57e-02 9.98e-04   2570s

The solution quality is limited by the precision of the linear system solver.

The algorithm stopped after 86 iterations in 2570.26 seconds.

Primal variables:   [+9.415 +15.595 +10.517 ... +10.135 +15.989 +14.389]
Dual slacks:        [+0.492 +0.178 +0.378 ... +0.412 +0.171 +0.204]
Dual variables:     [-17.791 +11.209]

Primal objective:   -5.52011127e+01
Dual objective:     -4.27238520e-02

Primal residual:    2.37e+02
Dual residual:      3.07e+01
Complementraty:     3.55e+04

Number of Iter:     86
Run time:           2570.26
