
--------------- Linear optimization problem characteristics ---------------
Seed:                    60
Number of variables:     10000
Number of constraints:   2

Norm of primal sol:      2.00e+00
Norm of dual sol:        2.00e+00
Norm of dual slacks:     2.00e+00

Norm of vector b:        3.04e-02
Norm of vector c:        2.25e+00

Norm of matrix A:        1.00e+00
Condition number:        2.00e+00

----------------------- Linear optimization problem -----------------------
Coeff matrix A:          [[-0.005 -0.005 +0.008 ... -0.006 +0.006 +0.012]
                          [+0.005 +0.011 -0.004 ... -0.006 -0.008 -0.009]]

RHS vector b:            [-0.016 +0.026]
Obj vector c:            [+0.000 -0.006 -0.007 ... +0.017 +0.000 -0.006]

---------------------------- Optimal solution -----------------------------
Primal variables:         [+0.010 +0.007 +0.011 ... +0.010 +0.016 +0.014]
Dual slacks:              [+0.000 +0.000 +0.000 ... +0.000 +0.000 +0.000]
Dual variables:           [-1.523 -1.296]

Optimal objective:       -8.97415858e-03
===========================================================================

Method:                  II-QIPM
LO_Precision:            1.00e-01
Stop_Precision:          1.00e-03
LO_Verbosity:            2
Omega:                   1.00e+01

The Quantum Inexact Infeasible Interior-Point Method starts running ...


                  Objective                Residual                                Linear system           Step-length
Iter      Primal           Dual         Primal    Dual     Compl    ||Resl||  Cond-Num  ||M||   ||RHS||    a-star   a-hat      Time
   0   2.34558892e+01  0.00000000e+00  1.87e+01 5.41e+00  5.98e+03  1.87e+01  4.00e+00 1.00e+00 1.87e+01  9.98e-01 9.95e-01     25s
   1  -4.09487201e+01  0.00000000e+00  3.57e+01 4.13e+00  4.65e+03  1.25e+02  3.70e+00 2.06e+02 1.25e+02  5.52e-01 2.37e-01     49s
   2  -5.21095547e+01  0.00000000e+00  4.03e+01 4.01e+00  4.53e+03  2.18e+02  3.31e+00 2.82e+02 2.18e+02  4.13e-01 2.84e-02     76s
   3  -6.20575374e+01  0.00000000e+00  4.46e+01 3.92e+00  4.43e+03  2.34e+02  3.24e+00 2.92e+02 2.34e+02  3.96e-01 2.40e-02    104s
   4  -7.15121726e+01  0.00000000e+00  4.87e+01 3.83e+00  4.35e+03  2.48e+02  3.18e+00 3.01e+02 2.48e+02  3.81e-01 2.18e-02    132s
   5  -8.05148131e+01  0.00000000e+00  5.28e+01 3.75e+00  4.27e+03  2.63e+02  3.12e+00 3.09e+02 2.63e+02  3.67e-01 1.99e-02    160s
   6  -8.91044428e+01  0.00000000e+00  5.67e+01 3.69e+00  4.20e+03  2.76e+02  3.06e+00 3.17e+02 2.76e+02  3.54e-01 1.82e-02    188s
   7  -9.73094360e+01  0.00000000e+00  6.04e+01 3.62e+00  4.13e+03  2.90e+02  3.00e+00 3.25e+02 2.90e+02  3.42e-01 1.68e-02    217s
   8  -1.60444545e+01 -1.14711459e-02  1.04e+01 6.18e-01  7.64e+02 *2.19e-01  2.95e+00 3.32e+02 3.03e+02  8.77e-01 8.29e-01    241s
   9  -7.87723779e-02 -1.14711459e-02  3.48e+00 5.81e-01  7.23e+02  1.60e+02  3.84e+00 2.05e+03 1.60e+02  5.32e-01 6.00e-02    267s
  10   1.31209438e+01 -1.14711459e-02  9.42e+00 5.55e-01  6.93e+02  1.86e+02  3.77e+00 2.21e+03 1.86e+02  5.02e-01 4.50e-02    293s
  11   2.55971246e+01 -1.14711459e-02  1.70e+01 5.33e-01  6.68e+02  2.08e+02  3.71e+00 2.34e+03 2.08e+02  4.78e-01 3.94e-02    320s
  12   3.74176627e+01 -1.14711459e-02  2.43e+01 5.14e-01  6.47e+02  2.30e+02  3.65e+00 2.46e+03 2.30e+02  4.57e-01 3.49e-02    346s
  13   4.86317500e+01 -1.14711459e-02  3.13e+01 4.99e-01  6.29e+02  2.50e+02  3.58e+00 2.57e+03 2.50e+02  4.37e-01 3.11e-02    373s
  14   5.92916609e+01 -1.14711459e-02  3.79e+01 4.85e-01  6.13e+02  2.70e+02  3.53e+00 2.68e+03 2.70e+02  4.19e-01 2.79e-02    400s
  15   6.94401232e+01 -1.14711459e-02  4.42e+01 4.72e-01  5.99e+02  2.89e+02  3.47e+00 2.78e+03 2.89e+02  4.03e-01 2.51e-02    427s
  16   7.91105406e+01 -1.14711459e-02  5.01e+01 4.62e-01  5.87e+02  3.08e+02  3.41e+00 2.88e+03 3.08e+02  3.87e-01 2.27e-02    454s
  17   8.83460433e+01 -1.14711459e-02  5.58e+01 4.52e-01  5.76e+02  3.26e+02  3.36e+00 2.97e+03 3.26e+02  3.73e-01 2.07e-02    481s
  18   9.71794456e+01 -1.14711459e-02  6.13e+01 4.44e-01  5.66e+02  3.43e+02  3.31e+00 3.05e+03 3.43e+02  3.60e-01 1.89e-02    508s
  19   1.05634275e+02 -1.14711459e-02  6.65e+01 4.36e-01  5.57e+02  3.60e+02  3.26e+00 3.13e+03 3.60e+02  3.47e-01 1.74e-02    535s
  20   1.13742005e+02 -1.14711459e-02  7.14e+01 4.29e-01  5.49e+02  3.77e+02  3.21e+00 3.21e+03 3.77e+02  3.36e-01 1.60e-02    563s
  21   1.21517119e+02 -1.14711459e-02  7.61e+01 4.23e-01  5.42e+02  3.93e+02  3.16e+00 3.28e+03 3.93e+02  3.25e-01 1.48e-02    590s
  22   1.28996768e+02 -1.14711459e-02  8.07e+01 4.17e-01  5.35e+02  4.08e+02  3.12e+00 3.36e+03 4.08e+02  3.15e-01 1.37e-02    618s
  23   1.36186832e+02 -1.14711459e-02  8.51e+01 4.11e-01  5.29e+02  4.24e+02  3.07e+00 3.42e+03 4.24e+02  3.05e-01 1.27e-02    646s
  24   1.43114704e+02 -1.14711459e-02  8.93e+01 4.07e-01  5.23e+02  4.39e+02  3.03e+00 3.49e+03 4.39e+02  2.96e-01 1.19e-02    674s
  25   2.62541566e+01 -8.71687963e-03  1.67e+01 7.57e-02  1.05e+02  4.44e-01  2.99e+00 3.55e+03 4.53e+02  8.77e-01 8.14e-01    698s
  26  -3.03290382e+00 -8.71687963e-03  5.42e+00 6.50e-02  9.17e+01  1.35e+02  3.99e+00 1.86e+04 1.35e+02  6.63e-01 1.41e-01    723s
  27  -2.32971467e+01 -8.71687963e-03  1.98e+01 5.98e-02  8.51e+01  1.89e+02  3.90e+00 2.22e+04 1.89e+02  6.08e-01 7.99e-02    750s
  28  -4.23995411e+01 -8.71687963e-03  3.35e+01 5.58e-02  7.99e+01  2.26e+02  3.83e+00 2.46e+04 2.26e+02  5.74e-01 6.69e-02    776s
  29  -6.04330534e+01 -8.71687963e-03  4.64e+01 5.27e-02  7.57e+01  2.61e+02  3.76e+00 2.67e+04 2.61e+02  5.43e-01 5.69e-02    804s
  30  -7.74986040e+01 -8.71687963e-03  5.86e+01 5.01e-02  7.24e+01  2.95e+02  3.70e+00 2.88e+04 2.95e+02  5.16e-01 4.91e-02    832s
  31  -9.36711950e+01 -8.71687963e-03  7.01e+01 4.79e-02  6.96e+01  3.27e+02  3.63e+00 3.07e+04 3.27e+02  4.91e-01 4.28e-02    859s
  32  -1.08994585e+02 -8.71687963e-03  8.09e+01 4.61e-02  6.72e+01  3.58e+02  3.56e+00 3.25e+04 3.58e+02  4.68e-01 3.75e-02    887s
  33  -1.23582908e+02 -8.71687963e-03  9.11e+01 4.46e-02  6.52e+01  3.89e+02  3.50e+00 3.42e+04 3.89e+02  4.47e-01 3.33e-02    915s
  34  -1.37452217e+02 -8.71687963e-03  1.01e+02 4.33e-02  6.34e+01  4.18e+02  3.44e+00 3.58e+04 4.18e+02  4.28e-01 2.97e-02    943s
  35  -1.50692596e+02 -8.71687963e-03  1.10e+02 4.21e-02  6.19e+01  4.46e+02  3.38e+00 3.73e+04 4.46e+02  4.11e-01 2.67e-02    971s
  36  -1.63340640e+02 -8.71687963e-03  1.19e+02 4.11e-02  6.05e+01  4.73e+02  3.33e+00 3.88e+04 4.73e+02  3.95e-01 2.41e-02   1000s
  37  -1.65941774e+02 -8.71687963e-03  1.21e+02 4.09e-02  6.03e+01  5.00e+02  3.27e+00 4.02e+04 5.00e+02  3.80e-01 4.70e-03   1036s
  38  -1.65943975e+02 -8.71687963e-03  1.21e+02 4.09e-02  6.03e+01  5.06e+02  3.26e+00 4.05e+04 5.06e+02  3.77e-01 3.93e-06   1103s

The solution quality is limited by the precision of the linear system solver.

The algorithm stopped after 39 iterations in 1103.21 seconds.

Primal variables:   [+15.193 +17.028 +15.338 ... +12.967 +14.246 +14.805]
Dual slacks:        [+0.000 +0.000 +0.000 ... +0.001 +0.000 +0.000]
Dual variables:     [-1.512 -1.278]

Primal objective:   -1.65943975e+02
Dual objective:     -8.71687963e-03

Primal residual:    1.21e+02
Dual residual:      4.09e-02
Complementraty:     6.03e+01

Number of Iter:     39
Run time:           1103.21
