
--------------- Linear optimization problem characteristics ---------------
Seed:                    23
Number of variables:     10000
Number of constraints:   2

Norm of primal sol:      2.00e+00
Norm of dual sol:        2.00e+00
Norm of dual slacks:     2.00e+00

Norm of vector b:        4.41e-03
Norm of vector c:        2.75e+00

Norm of matrix A:        1.00e+00
Condition number:        2.00e+00

----------------------- Linear optimization problem -----------------------
Coeff matrix A:          [[-0.013 +0.006 -0.006 ... +0.009 +0.004 +0.001]
                          [+0.005 -0.005 -0.006 ... -0.010 +0.009 +0.007]]

RHS vector b:            [+0.002 +0.004]
Obj vector c:            [+0.027 -0.016 +0.004 ... -0.025 +0.001 +0.004]

---------------------------- Optimal solution -----------------------------
Primal variables:         [+0.018 +0.033 +0.027 ... +0.001 +0.018 +0.003]
Dual slacks:              [+0.000 +0.000 +0.000 ... +0.000 +0.000 +0.000]
Dual variables:           [-1.749 +0.970]

Optimal objective:       +7.09921406e-04
===========================================================================

Method:                  II-QIPM
LO_Precision:            1.00e-01
Stop_Precision:          1.00e-03
LO_Verbosity:            2
Omega:                   1.00e+01

The Quantum Inexact Infeasible Interior-Point Method starts running ...


                  Objective                Residual                                Linear system           Step-length
Iter      Primal           Dual         Primal    Dual     Compl    ||Resl||  Cond-Num  ||M||   ||RHS||    a-star   a-hat      Time
   0   2.50538799e+01 -6.86778555e-02  1.68e-01 4.01e+01  4.40e+04 *1.88e-15  4.00e+00 1.00e+00 4.42e+00  9.79e-01 9.60e-01     38s
   1   2.18302305e+01 -6.86778555e-02  1.11e+01 3.70e+01  4.09e+04  1.48e+02  3.67e+00 2.79e+01 1.48e+02  4.95e-01 7.59e-02     80s
   2   2.03662058e+01 -6.86778555e-02  1.69e+01 3.58e+01  3.96e+04  1.80e+02  3.54e+00 3.07e+01 1.80e+02  4.53e-01 3.42e-02    121s
   3   1.90684628e+01 -6.86778555e-02  2.23e+01 3.47e+01  3.86e+04  1.96e+02  3.48e+00 3.20e+01 1.96e+02  4.34e-01 3.04e-02    164s
   4   1.79070775e+01 -6.86778555e-02  2.74e+01 3.37e+01  3.76e+04  2.11e+02  3.41e+00 3.32e+01 2.11e+02  4.16e-01 2.73e-02    207s
   5   1.68642567e+01 -6.86778555e-02  3.23e+01 3.29e+01  3.68e+04  2.26e+02  3.35e+00 3.44e+01 2.26e+02  4.00e-01 2.46e-02    250s
   6   1.59257002e+01 -6.86778555e-02  3.70e+01 3.22e+01  3.60e+04  2.40e+02  3.29e+00 3.55e+01 2.40e+02  3.84e-01 2.23e-02    293s
   7   1.50789731e+01 -6.86778555e-02  4.14e+01 3.15e+01  3.54e+04  2.55e+02  3.24e+00 3.65e+01 2.55e+02  3.70e-01 2.03e-02    337s
   8   1.43124985e+01 -6.86778555e-02  4.56e+01 3.09e+01  3.48e+04  2.68e+02  3.18e+00 3.75e+01 2.68e+02  3.57e-01 1.86e-02    395s
   9   1.36184459e+01 -6.86778555e-02  4.96e+01 3.04e+01  3.42e+04  2.82e+02  3.13e+00 3.84e+01 2.82e+02  3.45e-01 1.71e-02    477s
  10   1.29878399e+01 -6.86778555e-02  5.35e+01 2.99e+01  3.37e+04  2.95e+02  3.08e+00 3.93e+01 2.95e+02  3.34e-01 1.58e-02    564s
  11   1.24141458e+01 -6.86778555e-02  5.72e+01 2.95e+01  3.33e+04  3.07e+02  3.03e+00 4.01e+01 3.07e+02  3.23e-01 1.46e-02    629s
  12   3.51585730e+00  8.30160971e-03  9.17e+00 4.71e+00  5.77e+03  7.34e-01  2.98e+00 4.09e+01 3.20e+02  8.85e-01 8.40e-01    665s
  13   5.12211904e+00  8.30160971e-03  2.48e-01 4.43e+00  5.46e+03  1.44e+02  3.75e+00 2.64e+02 1.44e+02  5.34e-01 5.91e-02    700s
  14   6.45160672e+00  8.30160971e-03  7.55e+00 4.23e+00  5.23e+03  1.68e+02  3.67e+00 2.84e+02 1.68e+02  5.04e-01 4.57e-02    744s
  15   7.67100607e+00  8.30160971e-03  1.48e+01 4.06e+00  5.04e+03  1.88e+02  3.59e+00 3.00e+02 1.88e+02  4.81e-01 4.00e-02    785s
  16   8.78876557e+00  8.30160971e-03  2.16e+01 3.92e+00  4.88e+03  2.08e+02  3.52e+00 3.15e+02 2.08e+02  4.59e-01 3.53e-02    830s
  17   9.81050397e+00  8.30160971e-03  2.81e+01 3.80e+00  4.74e+03  2.27e+02  3.45e+00 3.30e+02 2.27e+02  4.39e-01 3.14e-02    871s
  18   1.07449684e+01  8.30160971e-03  3.42e+01 3.69e+00  4.62e+03  2.46e+02  3.38e+00 3.43e+02 2.46e+02  4.21e-01 2.82e-02    912s
  19   1.15982902e+01  8.30160971e-03  4.00e+01 3.59e+00  4.52e+03  2.64e+02  3.32e+00 3.55e+02 2.64e+02  4.04e-01 2.54e-02    950s
  20   1.23784368e+01  8.30160971e-03  4.56e+01 3.51e+00  4.42e+03  2.81e+02  3.25e+00 3.67e+02 2.81e+02  3.89e-01 2.30e-02    994s
  21   1.30907292e+01  8.30160971e-03  5.09e+01 3.44e+00  4.34e+03  2.98e+02  3.19e+00 3.78e+02 2.98e+02  3.74e-01 2.09e-02   1040s
  22   1.37411320e+01  8.30160971e-03  5.59e+01 3.37e+00  4.26e+03  3.15e+02  3.13e+00 3.89e+02 3.15e+02  3.61e-01 1.91e-02   1076s
  23   1.43358509e+01  8.30160971e-03  6.07e+01 3.31e+00  4.20e+03  3.31e+02  3.08e+00 3.99e+02 3.31e+02  3.49e-01 1.76e-02   1122s
  24   1.48788667e+01  8.30160971e-03  6.54e+01 3.26e+00  4.13e+03  3.47e+02  3.02e+00 4.08e+02 3.47e+02  3.37e-01 1.62e-02   1168s
  25   4.89060357e+00 -2.92740171e-05  1.15e+01 5.69e-01  7.82e+02 *1.29e+00  2.97e+00 4.17e+02 3.62e+02  8.83e-01 8.25e-01   1205s
  26  -7.01318204e-02 -2.92740171e-05  4.73e+00 5.00e-01  6.94e+02  1.21e+02  3.91e+00 2.44e+03 1.21e+02  6.23e-01 1.22e-01   1248s
  27  -3.10866690e+00 -2.92740171e-05  1.51e+01 4.67e-01  6.53e+02  1.63e+02  3.81e+00 2.83e+03 1.63e+02  5.71e-01 6.54e-02   1285s
  28  -5.87969473e+00 -2.92740171e-05  2.48e+01 4.41e-01  6.20e+02  1.89e+02  3.74e+00 3.06e+03 1.89e+02  5.41e-01 5.58e-02   1324s
  29  -8.40911515e+00 -2.92740171e-05  3.39e+01 4.20e-01  5.93e+02  2.14e+02  3.66e+00 3.28e+03 2.14e+02  5.14e-01 4.82e-02   1361s
  30  -1.07180643e+01 -2.92740171e-05  4.25e+01 4.02e-01  5.70e+02  2.39e+02  3.59e+00 3.48e+03 2.39e+02  4.89e-01 4.20e-02   1399s
  31  -1.28311544e+01 -2.92740171e-05  5.07e+01 3.87e-01  5.51e+02  2.62e+02  3.52e+00 3.67e+03 2.62e+02  4.67e-01 3.70e-02   1442s
  32  -1.47682281e+01 -2.92740171e-05  5.84e+01 3.75e-01  5.35e+02  2.85e+02  3.45e+00 3.84e+03 2.85e+02  4.46e-01 3.29e-02   1484s
  33  -1.65430591e+01 -2.92740171e-05  6.56e+01 3.64e-01  5.20e+02  3.07e+02  3.38e+00 4.00e+03 3.07e+02  4.27e-01 2.93e-02   1524s
  34  -1.81744211e+01 -2.92740171e-05  7.26e+01 3.54e-01  5.08e+02  3.28e+02  3.32e+00 4.16e+03 3.28e+02  4.10e-01 2.64e-02   1583s
  35  -1.96763951e+01 -2.92740171e-05  7.91e+01 3.46e-01  4.97e+02  3.48e+02  3.26e+00 4.30e+03 3.48e+02  3.94e-01 2.38e-02   1672s
  36  -2.10606826e+01 -2.92740171e-05  8.54e+01 3.38e-01  4.87e+02  3.68e+02  3.20e+00 4.43e+03 3.68e+02  3.79e-01 2.16e-02   1755s
  37  -2.23382403e+01 -2.92740171e-05  9.13e+01 3.31e-01  4.79e+02  3.87e+02  3.14e+00 4.56e+03 3.87e+02  3.66e-01 1.97e-02   1843s
  38  -2.35203781e+01 -2.92740171e-05  9.70e+01 3.25e-01  4.71e+02  4.06e+02  3.09e+00 4.68e+03 4.06e+02  3.53e-01 1.81e-02   1920s
  39  -2.46128786e+01 -2.92740171e-05  1.02e+02 3.20e-01  4.64e+02  4.25e+02  3.04e+00 4.80e+03 4.25e+02  3.41e-01 1.66e-02   1998s
  40  -6.47249510e+00  7.93344459e-04  2.14e+01 6.69e-02  1.05e+02  8.51e-01  2.99e+00 4.91e+03 4.42e+02  8.60e-01 7.91e-01   2076s
  41   2.28061950e+00  7.93344459e-04  2.04e+00 5.80e-02  9.18e+01  1.29e+02  3.96e+00 2.37e+04 1.29e+02  6.43e-01 1.33e-01   2125s
  42   7.79731780e+00  7.93344459e-04  1.16e+01 5.38e-02  8.58e+01  1.79e+02  3.85e+00 2.79e+04 1.79e+02  5.88e-01 7.17e-02   2170s
  43   1.28521501e+01  7.93344459e-04  2.37e+01 5.06e-02  8.11e+01  2.12e+02  3.77e+00 3.04e+04 2.12e+02  5.56e-01 6.06e-02   2215s
  44   1.75000427e+01  7.93344459e-04  3.51e+01 4.79e-02  7.73e+01  2.43e+02  3.70e+00 3.28e+04 2.43e+02  5.28e-01 5.20e-02   2262s
  45   2.17701765e+01  7.93344459e-04  4.59e+01 4.58e-02  7.41e+01  2.74e+02  3.62e+00 3.50e+04 2.74e+02  5.02e-01 4.51e-02   2305s
  46   2.57009782e+01  7.93344459e-04  5.60e+01 4.39e-02  7.14e+01  3.03e+02  3.54e+00 3.70e+04 3.03e+02  4.78e-01 3.95e-02   2351s
  47   2.93277275e+01  7.93344459e-04  6.56e+01 4.24e-02  6.92e+01  3.31e+02  3.47e+00 3.89e+04 3.31e+02  4.57e-01 3.50e-02   2395s
  48   3.26748358e+01  7.93344459e-04  7.47e+01 4.11e-02  6.72e+01  3.58e+02  3.40e+00 4.07e+04 3.58e+02  4.37e-01 3.11e-02   2441s
  49   3.57732052e+01  7.93344459e-04  8.33e+01 3.99e-02  6.55e+01  3.84e+02  3.33e+00 4.23e+04 3.84e+02  4.19e-01 2.79e-02   2482s
  50   3.86458421e+01  7.93344459e-04  9.15e+01 3.89e-02  6.40e+01  4.10e+02  3.27e+00 4.39e+04 4.10e+02  4.02e-01 2.51e-02   2528s
  51   4.13092361e+01  7.93344459e-04  9.93e+01 3.81e-02  6.27e+01  4.35e+02  3.20e+00 4.54e+04 4.35e+02  3.87e-01 2.27e-02   2570s
  52   4.37895091e+01  7.93344459e-04  1.07e+02 3.73e-02  6.15e+01  4.59e+02  3.14e+00 4.68e+04 4.59e+02  3.72e-01 2.07e-02   2635s
  53   4.60960833e+01  7.93344459e-04  1.14e+02 3.66e-02  6.05e+01  4.82e+02  3.09e+00 4.81e+04 4.82e+02  3.59e-01 1.89e-02   2724s
  54   4.78537096e+01  7.93344459e-04  1.19e+02 3.60e-02  5.97e+01  5.05e+02  3.03e+00 4.94e+04 5.05e+02  3.47e-01 1.42e-02   2788s
  55   1.23584359e+01  7.03052805e-04  2.74e+01 8.25e-03  1.47e+01 *9.20e-01  2.99e+00 5.03e+04 5.24e+02  8.62e-01 7.71e-01   2828s
  56   6.52106496e+00  7.06292829e-04  1.13e+01 3.45e-03  6.52e+00  1.30e+00  4.09e+00 2.18e+05 9.42e+01  9.43e-01 5.82e-01   2868s
  57   1.23202533e+00  7.09781145e-04  7.34e-01 1.78e-04  3.69e-01  5.01e-01  4.03e+00 5.54e+05 1.47e+02  9.97e-01 9.48e-01   2901s
  58   1.23018102e+00  7.09782805e-04  7.30e-01 1.76e-04  3.65e-01  5.42e-01  4.04e+00 1.17e+07 1.19e+02  9.84e-01 1.09e-02   2959s
  59   1.23018033e+00  7.09782806e-04  7.30e-01 1.76e-04  3.65e-01  5.42e-01  4.04e+00 1.18e+07 1.19e+02  9.84e-01 4.14e-06   3051s

The solution quality is limited by the precision of the linear system solver.

The algorithm stopped after 60 iterations in 3051.23 seconds.

Primal variables:   [+21.021 +20.756 +20.857 ... +20.817 +19.790 +20.665]
Dual slacks:        [+0.000 +0.000 +0.000 ... +0.000 +0.000 +0.000]
Dual variables:     [-1.749 +0.970]

Primal objective:   1.23018033e+00 
Dual objective:     7.09782806e-04 

Primal residual:    7.30e-01
Dual residual:      1.76e-04
Complementraty:     3.65e-01

Number of Iter:     60
Run time:           3051.23
