
--------------- Linear optimization problem characteristics ---------------
Seed:                    19
Number of variables:     10000
Number of constraints:   2

Norm of primal sol:      2.00e+00
Norm of dual sol:        2.00e+00
Norm of dual slacks:     2.00e+00

Norm of vector b:        2.00e-02
Norm of vector c:        2.46e+00

Norm of matrix A:        1.00e+00
Condition number:        2.00e+00

----------------------- Linear optimization problem -----------------------
Coeff matrix A:          [[-0.008 +0.014 -0.012 ... +0.005 -0.003 +0.011]
                          [-0.001 +0.007 -0.001 ... -0.002 -0.001 +0.001]]

RHS vector b:            [-0.014 +0.015]
Obj vector c:            [-0.013 +0.029 -0.018 ... +0.005 -0.006 +0.017]

---------------------------- Optimal solution -----------------------------
Primal variables:         [+0.003 +0.026 +0.009 ... +0.012 +0.007 +0.029]
Dual slacks:              [+0.000 +0.000 +0.000 ... +0.000 +0.000 +0.000]
Dual variables:           [+1.422 +1.407]

Optimal objective:       +1.27563069e-03
===========================================================================

Method:                  II-QIPM
LO_Precision:            1.00e-01
Stop_Precision:          1.00e-03
LO_Verbosity:            2
Omega:                   1.00e+01

The Quantum Inexact Infeasible Interior-Point Method starts running ...


                  Objective                Residual                                Linear system           Step-length
Iter      Primal           Dual         Primal    Dual     Compl    ||Resl||  Cond-Num  ||M||   ||RHS||    a-star   a-hat      Time
   0   1.98433936e+01 -3.83250009e-01  4.35e-01 5.46e+01  5.98e+04  2.51e-15  4.00e+00 1.00e+00 9.40e+00  9.71e-01 9.45e-01     67s
   1   1.67059252e+01 -3.83250009e-01  9.15e+00 5.21e+01  5.73e+04  2.08e+02  3.94e+00 2.18e+01 2.08e+02  4.88e-01 4.60e-02    148s
   2   1.41472250e+01 -3.83250009e-01  1.74e+01 5.02e+01  5.54e+04  2.35e+02  3.94e+00 2.33e+01 2.35e+02  4.64e-01 3.65e-02    221s
   3   1.18211278e+01 -3.83250009e-01  2.53e+01 4.86e+01  5.38e+04  2.60e+02  3.93e+00 2.47e+01 2.60e+02  4.43e-01 3.24e-02    311s
   4   9.70689945e+00 -3.83250009e-01  3.27e+01 4.72e+01  5.24e+04  2.83e+02  3.93e+00 2.61e+01 2.83e+02  4.25e-01 2.90e-02    394s
   5   7.77726315e+00 -3.83250009e-01  3.99e+01 4.59e+01  5.11e+04  3.07e+02  3.93e+00 2.74e+01 3.07e+02  4.08e-01 2.61e-02    480s
   6   6.01379766e+00 -3.83250009e-01  4.67e+01 4.49e+01  5.00e+04  3.29e+02  3.93e+00 2.87e+01 3.29e+02  3.92e-01 2.36e-02    525s
   7   4.39977539e+00 -3.83250009e-01  5.32e+01 4.39e+01  4.91e+04  3.52e+02  3.93e+00 3.00e+01 3.52e+02  3.77e-01 2.14e-02    565s
   8   2.91861361e+00 -3.83250009e-01  5.95e+01 4.30e+01  4.82e+04  3.74e+02  3.93e+00 3.12e+01 3.74e+02  3.63e-01 1.96e-02    610s
   9   1.55839110e+00 -3.83250009e-01  6.55e+01 4.23e+01  4.74e+04  3.95e+02  3.93e+00 3.24e+01 3.95e+02  3.51e-01 1.79e-02    651s
  10   3.08192710e-01 -3.83250009e-01  7.13e+01 4.16e+01  4.67e+04  4.16e+02  3.94e+00 3.36e+01 4.16e+02  3.39e-01 1.65e-02    707s
  11  -8.44238016e-01 -3.83250009e-01  7.69e+01 4.09e+01  4.61e+04  4.37e+02  3.94e+00 3.48e+01 4.37e+02  3.28e-01 1.52e-02    770s
  12  -1.90644074e+00 -3.83250009e-01  8.22e+01 4.04e+01  4.55e+04  4.58e+02  3.95e+00 3.59e+01 4.58e+02  3.17e-01 1.41e-02    813s
  13  -2.88643096e+00 -3.83250009e-01  8.74e+01 3.98e+01  4.50e+04  4.78e+02  3.96e+00 3.71e+01 4.78e+02  3.08e-01 1.31e-02    855s
  14  -3.79056019e+00 -3.83250009e-01  9.24e+01 3.94e+01  4.45e+04  4.98e+02  3.97e+00 3.82e+01 4.98e+02  2.99e-01 1.22e-02    892s
  15  -4.62639410e+00 -3.83250009e-01  9.72e+01 3.89e+01  4.40e+04  5.17e+02  3.98e+00 3.93e+01 5.17e+02  2.90e-01 1.14e-02    935s
  16  -5.39906842e+00 -3.83250009e-01  1.02e+02 3.85e+01  4.36e+04  5.37e+02  3.99e+00 4.03e+01 5.37e+02  2.82e-01 1.06e-02    975s
  17   1.53476574e+00  4.24117241e-02  1.68e+01 6.35e+00  7.80e+03 *9.28e-02  4.00e+00 4.14e+01 5.56e+02  8.81e-01 8.35e-01   1016s
  18   1.05427200e+01  4.24117241e-02  2.94e+00 5.79e+00  7.17e+03  1.77e+02  3.92e+00 2.03e+02 1.77e+02  5.49e-01 8.85e-02   1052s
  19   1.58983083e+01  4.24117241e-02  1.14e+01 5.52e+00  6.86e+03  2.25e+02  3.89e+00 2.31e+02 2.25e+02  5.05e-01 4.65e-02   1088s
  20   2.08875423e+01  4.24117241e-02  2.11e+01 5.30e+00  6.61e+03  2.55e+02  3.87e+00 2.48e+02 2.55e+02  4.81e-01 4.06e-02   1129s
  21   2.55461479e+01  4.24117241e-02  3.05e+01 5.11e+00  6.40e+03  2.84e+02  3.85e+00 2.64e+02 2.84e+02  4.59e-01 3.58e-02   1171s
  22   2.99024289e+01  4.24117241e-02  3.94e+01 4.95e+00  6.21e+03  3.13e+02  3.84e+00 2.80e+02 3.13e+02  4.39e-01 3.18e-02   1213s
  23   3.39814009e+01  4.24117241e-02  4.80e+01 4.80e+00  6.05e+03  3.41e+02  3.82e+00 2.96e+02 3.41e+02  4.21e-01 2.85e-02   1251s
  24   3.78044235e+01  4.24117241e-02  5.62e+01 4.68e+00  5.91e+03  3.68e+02  3.81e+00 3.11e+02 3.68e+02  4.04e-01 2.56e-02   1293s
  25   4.13892467e+01  4.24117241e-02  6.40e+01 4.57e+00  5.79e+03  3.96e+02  3.80e+00 3.26e+02 3.96e+02  3.88e-01 2.32e-02   1335s
  26   4.47536470e+01  4.24117241e-02  7.16e+01 4.48e+00  5.68e+03  4.22e+02  3.79e+00 3.41e+02 4.22e+02  3.74e-01 2.11e-02   1376s
  27   4.79212903e+01  4.24117241e-02  7.88e+01 4.39e+00  5.58e+03  4.49e+02  3.79e+00 3.55e+02 4.49e+02  3.60e-01 1.92e-02   1418s
  28   5.09020029e+01  4.24117241e-02  8.58e+01 4.31e+00  5.49e+03  4.75e+02  3.78e+00 3.69e+02 4.75e+02  3.48e-01 1.76e-02   1460s
  29   5.37142911e+01  4.24117241e-02  9.25e+01 4.24e+00  5.41e+03  5.00e+02  3.78e+00 3.83e+02 5.00e+02  3.36e-01 1.62e-02   1502s
  30   5.63645304e+01  4.24117241e-02  9.90e+01 4.18e+00  5.33e+03  5.26e+02  3.78e+00 3.97e+02 5.26e+02  3.25e-01 1.50e-02   1544s
  31   5.88670261e+01  4.24117241e-02  1.05e+02 4.12e+00  5.27e+03  5.51e+02  3.78e+00 4.11e+02 5.51e+02  3.15e-01 1.39e-02   1586s
  32   6.12349769e+01  4.24117241e-02  1.11e+02 4.07e+00  5.21e+03  5.76e+02  3.78e+00 4.25e+02 5.76e+02  3.05e-01 1.29e-02   1625s
  33   6.34760244e+01  4.24117241e-02  1.17e+02 4.02e+00  5.15e+03  6.00e+02  3.78e+00 4.38e+02 6.00e+02  2.96e-01 1.20e-02   1664s
  34   6.55954354e+01  4.24117241e-02  1.23e+02 3.97e+00  5.10e+03  6.24e+02  3.79e+00 4.51e+02 6.24e+02  2.87e-01 1.12e-02   1703s
  35   6.76065926e+01  4.24117241e-02  1.28e+02 3.93e+00  5.05e+03  6.48e+02  3.79e+00 4.64e+02 6.48e+02  2.79e-01 1.05e-02   1755s
  36   6.95138777e+01  4.24117241e-02  1.34e+02 3.89e+00  5.00e+03  6.72e+02  3.80e+00 4.77e+02 6.72e+02  2.72e-01 9.82e-03   1833s
  37   7.13253248e+01  4.24117241e-02  1.39e+02 3.86e+00  4.96e+03  6.96e+02  3.80e+00 4.90e+02 6.96e+02  2.65e-01 9.23e-03   1911s
  38   7.30449024e+01  4.24117241e-02  1.44e+02 3.83e+00  4.92e+03  7.19e+02  3.81e+00 5.03e+02 7.19e+02  2.58e-01 8.68e-03   1983s
  39   7.46798332e+01  4.24117241e-02  1.49e+02 3.79e+00  4.89e+03  7.42e+02  3.82e+00 5.15e+02 7.42e+02  2.51e-01 8.19e-03   2059s
  40   7.62351981e+01  4.24117241e-02  1.53e+02 3.76e+00  4.85e+03  7.65e+02  3.83e+00 5.28e+02 7.65e+02  2.45e-01 7.73e-03   2129s
  41   7.77157847e+01  4.24117241e-02  1.58e+02 3.74e+00  4.82e+03  7.88e+02  3.84e+00 5.40e+02 7.88e+02  2.39e-01 7.32e-03   2204s
  42   7.91260955e+01  4.24117241e-02  1.63e+02 3.71e+00  4.79e+03  8.10e+02  3.85e+00 5.53e+02 8.10e+02  2.34e-01 6.94e-03   2262s
  43   8.04690143e+01  4.24117241e-02  1.67e+02 3.69e+00  4.76e+03  8.32e+02  3.86e+00 5.65e+02 8.32e+02  2.28e-01 6.58e-03   2304s
  44   8.17499386e+01  4.24117241e-02  1.71e+02 3.66e+00  4.73e+03  8.55e+02  3.87e+00 5.77e+02 8.55e+02  2.23e-01 6.25e-03   2344s
  45   8.29713563e+01  4.24117241e-02  1.75e+02 3.64e+00  4.71e+03  8.77e+02  3.88e+00 5.89e+02 8.77e+02  2.18e-01 5.95e-03   2386s
  46   8.41380416e+01  4.24117241e-02  1.80e+02 3.62e+00  4.69e+03  8.98e+02  3.90e+00 6.01e+02 8.98e+02  2.14e-01 5.67e-03   2437s
  47   8.52510096e+01  4.24117241e-02  1.84e+02 3.60e+00  4.66e+03  9.20e+02  3.91e+00 6.13e+02 9.20e+02  2.09e-01 5.40e-03   2480s
  48   8.63135353e+01  4.24117241e-02  1.87e+02 3.58e+00  4.64e+03  9.41e+02  3.92e+00 6.25e+02 9.41e+02  2.05e-01 5.15e-03   2517s
  49   8.73296894e+01  4.24117241e-02  1.91e+02 3.57e+00  4.62e+03  9.63e+02  3.94e+00 6.37e+02 9.63e+02  2.01e-01 4.93e-03   2560s
  50   8.83002667e+01  4.24117241e-02  1.95e+02 3.55e+00  4.60e+03  9.84e+02  3.95e+00 6.49e+02 9.84e+02  1.97e-01 4.71e-03   2602s
  51   8.92289588e+01  4.24117241e-02  1.99e+02 3.53e+00  4.58e+03  1.00e+03  3.97e+00 6.60e+02 1.00e+03  1.93e-01 4.52e-03   2673s
  52   9.01164613e+01  4.24117241e-02  2.02e+02 3.52e+00  4.56e+03  1.03e+03  3.98e+00 6.72e+02 1.03e+03  1.89e-01 4.33e-03   2721s
  53   9.09652677e+01  4.24117241e-02  2.06e+02 3.50e+00  4.55e+03  1.05e+03  4.00e+00 6.83e+02 1.05e+03  1.86e-01 4.15e-03   2764s
  54   7.06951694e+01  2.96401746e-02  1.58e+02 2.69e+00  3.57e+03  1.85e+00  4.01e+00 6.95e+02 1.07e+03  8.13e-01 2.33e-01   2801s
  55   7.23676603e+01  2.96401746e-02  1.63e+02 2.66e+00  3.54e+03  7.60e+02  3.85e+00 7.52e+02 7.60e+02  2.61e-01 9.10e-03   2844s
  56   7.39281430e+01  2.96401746e-02  1.69e+02 2.64e+00  3.51e+03  7.85e+02  3.86e+00 7.72e+02 7.85e+02  2.55e-01 8.44e-03   2877s
  57   7.54103240e+01  2.96401746e-02  1.74e+02 2.62e+00  3.49e+03  8.10e+02  3.87e+00 7.91e+02 8.10e+02  2.48e-01 7.98e-03   2917s
  58   7.68146448e+01  2.96401746e-02  1.79e+02 2.60e+00  3.46e+03  8.34e+02  3.89e+00 8.10e+02 8.34e+02  2.42e-01 7.53e-03   2959s
  59   7.81486741e+01  2.96401746e-02  1.83e+02 2.58e+00  3.44e+03  8.58e+02  3.90e+00 8.29e+02 8.58e+02  2.36e-01 7.13e-03   2996s
  60   7.94154070e+01  2.96401746e-02  1.88e+02 2.56e+00  3.42e+03  8.82e+02  3.91e+00 8.48e+02 8.82e+02  2.31e-01 6.76e-03   3036s
  61   8.06189902e+01  2.96401746e-02  1.93e+02 2.55e+00  3.40e+03  9.05e+02  3.92e+00 8.66e+02 9.05e+02  2.26e-01 6.42e-03   3077s
  62   8.17632999e+01  2.96401746e-02  1.97e+02 2.53e+00  3.38e+03  9.28e+02  3.94e+00 8.85e+02 9.28e+02  2.21e-01 6.10e-03   3120s
  63   8.28519561e+01  2.96401746e-02  2.02e+02 2.52e+00  3.36e+03  9.52e+02  3.95e+00 9.03e+02 9.52e+02  2.16e-01 5.81e-03   3163s
  64   8.38873007e+01  2.96401746e-02  2.06e+02 2.50e+00  3.35e+03  9.75e+02  3.97e+00 9.22e+02 9.75e+02  2.11e-01 5.54e-03   3202s
  65   8.48726065e+01  2.96401746e-02  2.10e+02 2.49e+00  3.33e+03  9.97e+02  3.98e+00 9.40e+02 9.97e+02  2.07e-01 5.28e-03   3241s
  66   5.73962601e+01  1.71311259e-02  1.42e+02 1.68e+00  2.32e+03  3.08e-02  4.00e+00 9.58e+02 1.02e+03  8.67e-01 3.24e-01   3279s
  67   5.97913636e+01  1.71311259e-02  1.50e+02 1.65e+00  2.29e+03  6.21e+02  3.85e+00 1.11e+03 6.21e+02  3.35e-01 1.61e-02   3318s
  68   6.20312689e+01  1.71311259e-02  1.57e+02 1.63e+00  2.26e+03  6.51e+02  3.85e+00 1.15e+03 6.51e+02  3.24e-01 1.49e-02   3359s
  69   6.41299747e+01  1.71311259e-02  1.64e+02 1.61e+00  2.23e+03  6.80e+02  3.86e+00 1.20e+03 6.80e+02  3.13e-01 1.38e-02   3401s
  70   6.61002685e+01  1.71311259e-02  1.71e+02 1.59e+00  2.20e+03  7.09e+02  3.87e+00 1.24e+03 7.09e+02  3.04e-01 1.28e-02   3440s
  71   6.79482314e+01  1.71311259e-02  1.78e+02 1.57e+00  2.18e+03  7.37e+02  3.88e+00 1.28e+03 7.37e+02  2.95e-01 1.19e-02   3484s
  72   6.96851986e+01  1.71311259e-02  1.84e+02 1.55e+00  2.16e+03  7.66e+02  3.89e+00 1.31e+03 7.66e+02  2.86e-01 1.11e-02   3525s
  73   7.13165072e+01  1.71311259e-02  1.91e+02 1.53e+00  2.14e+03  7.93e+02  3.90e+00 1.35e+03 7.93e+02  2.78e-01 1.04e-02   3567s
  74   7.28520732e+01  1.71311259e-02  1.97e+02 1.52e+00  2.12e+03  8.21e+02  3.91e+00 1.39e+03 8.21e+02  2.71e-01 9.75e-03   3610s
  75   7.42964702e+01  1.71311259e-02  2.03e+02 1.51e+00  2.10e+03  8.48e+02  3.93e+00 1.43e+03 8.48e+02  2.64e-01 9.16e-03   3652s
  76   7.56569388e+01  1.71311259e-02  2.09e+02 1.49e+00  2.09e+03  8.75e+02  3.94e+00 1.47e+03 8.75e+02  2.57e-01 8.62e-03   3734s
  77   7.69388063e+01  1.71311259e-02  2.14e+02 1.48e+00  2.07e+03  9.02e+02  3.95e+00 1.51e+03 9.02e+02  2.50e-01 8.13e-03   3819s
  78   7.81470682e+01  1.71311259e-02  2.20e+02 1.47e+00  2.06e+03  9.29e+02  3.97e+00 1.54e+03 9.29e+02  2.44e-01 7.68e-03   3904s
  79   7.92863996e+01  1.71311259e-02  2.25e+02 1.46e+00  2.04e+03  9.55e+02  3.99e+00 1.58e+03 9.55e+02  2.38e-01 7.27e-03   3987s
  80   4.11097164e+01  6.35509766e-03  1.16e+02 7.52e-01  1.10e+03  2.07e-01  4.00e+00 1.62e+03 9.81e+02  8.55e-01 4.84e-01   4066s
  81   4.50039249e+01  6.35509766e-03  1.31e+02 7.15e-01  1.05e+03  4.08e+02  3.90e+00 2.24e+03 4.08e+02  5.13e-01 4.99e-02   4149s
  82   4.84937685e+01  6.35509766e-03  1.44e+02 6.84e-01  1.01e+03  4.50e+02  3.90e+00 2.43e+03 4.50e+02  4.87e-01 4.26e-02   4233s
  83   5.16722618e+01  6.35509766e-03  1.57e+02 6.58e-01  9.79e+02  4.91e+02  3.90e+00 2.61e+03 4.91e+02  4.64e-01 3.74e-02   4317s
  84   5.45712874e+01  6.35509766e-03  1.70e+02 6.37e-01  9.49e+02  5.32e+02  3.90e+00 2.78e+03 5.32e+02  4.44e-01 3.31e-02   4362s
  85   5.72162005e+01  6.35509766e-03  1.81e+02 6.18e-01  9.24e+02  5.71e+02  3.90e+00 2.95e+03 5.71e+02  4.25e-01 2.95e-02   4403s
  86   5.96291838e+01  6.35509766e-03  1.93e+02 6.02e-01  9.02e+02  6.10e+02  3.91e+00 3.11e+03 6.10e+02  4.07e-01 2.65e-02   4446s
  87   6.18316270e+01  6.35509766e-03  2.04e+02 5.87e-01  8.82e+02  6.48e+02  3.92e+00 3.27e+03 6.48e+02  3.91e-01 2.39e-02   4488s
  88   6.38456422e+01  6.35509766e-03  2.14e+02 5.74e-01  8.65e+02  6.86e+02  3.92e+00 3.43e+03 6.86e+02  3.76e-01 2.17e-02   4548s
  89   6.56875174e+01  6.35509766e-03  2.24e+02 5.63e-01  8.50e+02  7.23e+02  3.94e+00 3.59e+03 7.23e+02  3.62e-01 1.97e-02   4602s
  90   6.73690922e+01  6.35509766e-03  2.34e+02 5.53e-01  8.36e+02  7.59e+02  3.95e+00 3.75e+03 7.59e+02  3.49e-01 1.80e-02   4640s
  91   6.89066382e+01  6.35509766e-03  2.43e+02 5.44e-01  8.23e+02  7.96e+02  3.96e+00 3.90e+03 7.96e+02  3.37e-01 1.66e-02   4682s
  92   7.03118607e+01  6.35509766e-03  2.52e+02 5.35e-01  8.12e+02  8.31e+02  3.98e+00 4.05e+03 8.31e+02  3.26e-01 1.53e-02   4724s
  93   7.15969382e+01  6.35509766e-03  2.61e+02 5.28e-01  8.01e+02  8.66e+02  3.99e+00 4.20e+03 8.66e+02  3.16e-01 1.41e-02   4767s
  94   2.19106832e+01  7.45128346e-04  7.25e+01 1.47e-01  2.39e+02  1.38e+00  4.01e+00 4.35e+03 9.01e+02  8.26e-01 7.22e-01   4808s
  95  -5.36667198e+00  7.45128346e-04  5.27e+01 1.18e-01  1.96e+02  6.38e+01  3.99e+00 1.09e+04 6.38e+01  7.65e-01 1.96e-01   4850s
  96  -2.97761779e+01  7.45128346e-04  3.85e+01 1.02e-01  1.72e+02  1.19e+02  3.95e+00 1.41e+04 1.19e+02  7.08e-01 1.35e-01   4894s
  97  -5.32307258e+01  7.45128346e-04  3.27e+01 9.11e-02  1.55e+02  1.72e+02  3.89e+00 1.68e+04 1.72e+02  6.62e-01 1.07e-01   4957s
  98  -7.55991773e+01  7.45128346e-04  3.80e+01 8.31e-02  1.42e+02  2.24e+02  3.84e+00 1.94e+04 2.24e+02  6.22e-01 8.73e-02   5043s
  99  -9.69367065e+01  7.45128346e-04  4.99e+01 7.71e-02  1.33e+02  2.75e+02  3.78e+00 2.19e+04 2.75e+02  5.86e-01 7.27e-02   5130s
 100  -1.17225015e+02  7.45128346e-04  6.42e+01 7.24e-02  1.25e+02  3.26e+02  3.72e+00 2.44e+04 3.26e+02  5.53e-01 6.13e-02   5177s
 101  -1.36573386e+02  7.45128346e-04  7.91e+01 6.86e-02  1.19e+02  3.76e+02  3.66e+00 2.67e+04 3.76e+02  5.24e-01 5.26e-02   5220s
 102  -1.55033131e+02  7.45128346e-04  9.39e+01 6.54e-02  1.15e+02  4.25e+02  3.60e+00 2.91e+04 4.25e+02  4.98e-01 4.55e-02   5265s
 103  -1.72644777e+02  7.45128346e-04  1.08e+02 6.28e-02  1.10e+02  4.74e+02  3.54e+00 3.13e+04 4.74e+02  4.74e-01 3.98e-02   5305s
 104  -1.89499459e+02  7.45128346e-04  1.22e+02 6.06e-02  1.07e+02  5.23e+02  3.49e+00 3.35e+04 5.23e+02  4.52e-01 3.51e-02   5379s
 105  -2.05646267e+02  7.45128346e-04  1.36e+02 5.87e-02  1.04e+02  5.71e+02  3.44e+00 3.57e+04 5.71e+02  4.32e-01 3.12e-02   5424s
 106  -2.21125268e+02  7.45128346e-04  1.49e+02 5.71e-02  1.01e+02  6.19e+02  3.39e+00 3.78e+04 6.19e+02  4.14e-01 2.79e-02   5469s
 107  -2.35996222e+02  7.45128346e-04  1.62e+02 5.57e-02  9.89e+01  6.66e+02  3.34e+00 3.99e+04 6.66e+02  3.97e-01 2.51e-02   5515s
 108  -2.50291450e+02  7.45128346e-04  1.74e+02 5.44e-02  9.68e+01  7.13e+02  3.30e+00 4.20e+04 7.13e+02  3.81e-01 2.27e-02   5561s
 109  -2.64059425e+02  7.45128346e-04  1.86e+02 5.33e-02  9.50e+01  7.60e+02  3.25e+00 4.40e+04 7.60e+02  3.67e-01 2.06e-02   5607s
 110  -2.67557743e+02  7.45128346e-04  1.89e+02 5.30e-02  9.46e+01  8.06e+02  3.21e+00 4.60e+04 8.06e+02  3.54e-01 4.96e-03   5659s
 111  -2.67558078e+02  7.45128346e-04  1.89e+02 5.30e-02  9.46e+01  8.18e+02  3.20e+00 4.66e+04 8.18e+02  3.50e-01 4.69e-07   5804s

The solution quality is limited by the precision of the linear system solver.

The algorithm stopped after 112 iterations in 5803.89 seconds.

Primal variables:   [+19.421 +14.708 +19.656 ... +18.939 +19.057 +16.846]
Dual slacks:        [+0.000 +0.001 +0.000 ... +0.000 +0.000 +0.001]
Dual variables:     [+1.419 +1.369]

Primal objective:   -2.67558078e+02
Dual objective:     7.45128346e-04 

Primal residual:    1.89e+02
Dual residual:      5.30e-02
Complementraty:     9.46e+01

Number of Iter:     112
Run time:           5803.89
