
================= Linear optimization problem Information =================
Number of variables:     8
Number of constraints:   2

Norm of primal sol:      5.00e+00
Norm of dual sol:        1.00e+01
Norm of dual slacks:     5.00e+00

Norm of vector b:        1.52e+01
Norm of vector c:        5.80e+01

Norm of matrix A:        6.71e+00
Condition number:        2.00e+00
Seed:                    38

======================= Linear optimization problem =======================
coeff matrix A:          [[+0.368 -0.172 +1.114 +0.026 +1.910 +2.719 +2.115 -1.126]
                          [+0.293 +0.914 +2.662 +2.804 -0.306 +1.765 +1.347 -2.432]]

RHS vector b:            [+8.769 +12.462]
Obj vector c:            [-4.365 -7.103 -28.652 -20.814 -3.410 -28.765 -22.148 +26.707]

============================ Optimal solution =============================
Primal variables:        [+1.259 +2.812 +3.089 +0.000 +0.000 +1.982 +0.655 +1.267]
Dual slacks:             [+0.000 +0.000 +0.000 +3.714 +3.348 +0.000 +0.000 +0.000]
Dual variables:          [-4.930 -8.701]

Optimal objective:       -1.51652819e+02
===========================================================================

Method:             II-QIPM
LO_Precision:       1.00e-01
Stop_Precision:     1.00e-03
LO_Verbosity:       2
Omega:              1.00e+01
num_ancillae:       4

The Quantum Inexact Infeasible Interior-Point Method starts running ...


                  Objective                Residual                      Quantum                    Step-length
Iter      Primal           Dual         Primal    Dual     Compl    ||Resl||   Prob    Cond-Num   a-star   a-hat      Time
   0  -4.74918657e+02 -1.00051693e+02  3.88e+01 3.55e+01  4.07e+02 *4.79e-01 1.57e-02  4.00e+00  6.68e-01 5.39e-01      2s
   1  -4.31558414e+02 -1.07575924e+02  3.41e+01 3.11e+01  3.62e+02 *3.32e+00 1.60e-02  9.94e+00  6.92e-01 1.24e-01      5s
   2  -3.90606094e+02 -1.14400913e+02  2.97e+01 2.69e+01  3.18e+02 *4.18e+00 1.58e-02  1.18e+01  7.42e-01 1.34e-01      6s
   3  -3.44552290e+02 -1.21843686e+02  2.48e+01 2.22e+01  2.68e+02 *4.12e+00 1.57e-02  1.40e+01  8.01e-01 1.76e-01      7s
   4  -2.90035617e+02 -1.30434034e+02  1.88e+01 1.65e+01  2.06e+02 *3.11e+00 1.56e-02  1.71e+01  8.33e-01 2.56e-01      9s
   5  -2.18961939e+02 -1.41450027e+02  1.03e+01 8.97e+00  1.21e+02 *5.70e-01 1.56e-02  2.17e+01  7.72e-01 4.57e-01     12s
   6  -1.84925919e+02 -1.46579923e+02  5.38e+00 5.38e+00  7.65e+01 *7.78e+00 1.56e-02  2.87e+01  5.81e-01 4.00e-01     14s
   7  -1.83400344e+02 -1.46721622e+02  5.29e+00 5.28e+00  7.52e+01 *2.99e+01 1.58e-02  2.29e+01  3.32e-01 1.77e-02     16s
   8  -1.82054370e+02 -1.46839522e+02  5.25e+00 5.20e+00  7.42e+01 *3.21e+01 1.59e-02  2.22e+01  3.24e-01 1.50e-02     17s
   9  -1.80717429e+02 -1.46950508e+02  5.26e+00 5.13e+00  7.33e+01 *3.42e+01 1.60e-02  2.17e+01  3.17e-01 1.43e-02     19s
  10  -1.79387070e+02 -1.47055053e+02  5.32e+00 5.06e+00  7.24e+01 *3.62e+01 1.60e-02  2.12e+01  3.11e-01 1.36e-02     22s
  11  -1.78053377e+02 -1.47154186e+02  5.42e+00 4.99e+00  7.15e+01 *3.83e+01 1.61e-02  2.07e+01  3.05e-01 1.31e-02     24s
  12  -1.76713348e+02 -1.47248320e+02  5.56e+00 4.93e+00  7.07e+01 *4.04e+01 1.63e-02  2.02e+01  3.00e-01 1.26e-02     26s
  13  -1.75360273e+02 -1.47338098e+02  5.74e+00 4.87e+00  6.99e+01 *4.26e+01 1.64e-02  1.97e+01  2.95e-01 1.22e-02     29s
  14  -1.73991617e+02 -1.47423828e+02  5.96e+00 4.81e+00  6.92e+01 *4.47e+01 1.66e-02  1.92e+01  2.91e-01 1.18e-02     31s
  15  -1.72600943e+02 -1.47506037e+02  6.22e+00 4.76e+00  6.84e+01 *4.69e+01 1.67e-02  1.88e+01  2.87e-01 1.14e-02     33s
  16  -1.71185956e+02 -1.47584955e+02  6.50e+00 4.70e+00  6.78e+01 *4.90e+01 1.69e-02  1.83e+01  2.84e-01 1.11e-02     35s
  17  -1.69740234e+02 -1.47661022e+02  6.82e+00 4.65e+00  6.71e+01 *5.12e+01 1.72e-02  1.79e+01  2.81e-01 1.08e-02     37s
  18  -1.68258581e+02 -1.47734558e+02  7.16e+00 4.60e+00  6.64e+01 *5.34e+01 1.74e-02  1.75e+01  2.78e-01 1.06e-02     39s
  19  -1.66738661e+02 -1.47805708e+02  7.52e+00 4.56e+00  6.58e+01 *5.56e+01 1.77e-02  1.72e+01  2.76e-01 1.04e-02     41s
  20  -1.65175140e+02 -1.47874747e+02  7.91e+00 4.51e+00  6.52e+01 *5.78e+01 1.80e-02  1.68e+01  2.74e-01 1.02e-02     44s
  21  -1.63564032e+02 -1.47941856e+02  8.32e+00 4.46e+00  6.46e+01 *6.00e+01 1.84e-02  1.65e+01  2.72e-01 1.01e-02     45s
  22  -1.61897916e+02 -1.48007333e+02  8.76e+00 4.42e+00  6.40e+01 *6.22e+01 1.88e-02  1.61e+01  2.70e-01 9.99e-03     47s
  23  -1.60175651e+02 -1.48071195e+02  9.21e+00 4.38e+00  6.35e+01 *6.44e+01 1.92e-02  1.58e+01  2.69e-01 9.89e-03     50s
  24  -1.58387477e+02 -1.48133771e+02  9.69e+00 4.33e+00  6.29e+01 *6.66e+01 1.96e-02  1.55e+01  2.68e-01 9.84e-03     52s
  25  -1.56530039e+02 -1.48195119e+02  1.02e+01 4.29e+00  6.23e+01 *6.87e+01 2.01e-02  1.52e+01  2.68e-01 9.80e-03     54s
  26  -1.54598066e+02 -1.48255355e+02  1.07e+01 4.25e+00  6.18e+01 *7.09e+01 2.06e-02  1.49e+01  2.68e-01 9.78e-03     56s
  27  -1.52583983e+02 -1.48314645e+02  1.12e+01 4.21e+00  6.12e+01 *7.31e+01 2.12e-02  1.46e+01  2.68e-01 9.79e-03     58s
  28  -1.50481648e+02 -1.48373085e+02  1.18e+01 4.17e+00  6.07e+01 *7.52e+01 2.18e-02  1.44e+01  2.68e-01 9.82e-03     61s
  29  -1.48284526e+02 -1.48430765e+02  1.24e+01 4.12e+00  6.01e+01 *7.74e+01 2.24e-02  1.41e+01  2.68e-01 9.86e-03     63s
  30  -1.45983356e+02 -1.48487828e+02  1.30e+01 4.08e+00  5.96e+01 *7.96e+01 2.30e-02  1.39e+01  2.69e-01 9.94e-03     65s
  31  -1.43572792e+02 -1.48544293e+02  1.36e+01 4.04e+00  5.91e+01 *8.17e+01 2.37e-02  1.37e+01  2.70e-01 1.00e-02     67s
  32  -1.41042326e+02 -1.48600291e+02  1.43e+01 4.00e+00  5.85e+01 *8.39e+01 2.44e-02  1.35e+01  2.71e-01 1.01e-02     69s
  33  -1.38383038e+02 -1.48655887e+02  1.50e+01 3.96e+00  5.80e+01 *8.60e+01 2.51e-02  1.32e+01  2.73e-01 1.03e-02     72s
  34  -1.35585321e+02 -1.48711146e+02  1.57e+01 3.92e+00  5.74e+01 *8.82e+01 2.58e-02  1.30e+01  2.75e-01 1.04e-02     74s
  35  -1.32641761e+02 -1.48766070e+02  1.64e+01 3.88e+00  5.69e+01 *9.04e+01 2.66e-02  1.29e+01  2.77e-01 1.06e-02     75s
  36  -1.29538499e+02 -1.48820770e+02  1.72e+01 3.84e+00  5.63e+01 *9.26e+01 2.73e-02  1.27e+01  2.79e-01 1.08e-02     76s
  37  -1.26266705e+02 -1.48875242e+02  1.80e+01 3.79e+00  5.57e+01 *9.49e+01 2.81e-02  1.25e+01  2.81e-01 1.10e-02     78s
  38  -1.22810293e+02 -1.48929585e+02  1.89e+01 3.75e+00  5.52e+01 *9.72e+01 2.88e-02  1.23e+01  2.83e-01 1.13e-02     80s
  39  -1.19162303e+02 -1.48983735e+02  1.98e+01 3.71e+00  5.46e+01 *9.96e+01 2.96e-02  1.22e+01  2.86e-01 1.15e-02     81s
  40  -1.15308348e+02 -1.49037730e+02  2.07e+01 3.66e+00  5.40e+01 *1.02e+02 3.04e-02  1.20e+01  2.88e-01 1.17e-02     83s
  41  -1.11236821e+02 -1.49091551e+02  2.16e+01 3.62e+00  5.34e+01 *1.04e+02 3.11e-02  1.19e+01  2.91e-01 1.20e-02     84s
  42  -1.06931236e+02 -1.49145230e+02  2.27e+01 3.58e+00  5.28e+01 *1.07e+02 3.18e-02  1.17e+01  2.94e-01 1.23e-02     86s
  43  -1.02382662e+02 -1.49198688e+02  2.37e+01 3.53e+00  5.22e+01 *1.10e+02 3.25e-02  1.16e+01  2.97e-01 1.26e-02     88s
  44  -9.75727701e+01 -1.49251948e+02  2.48e+01 3.48e+00  5.16e+01 *1.13e+02 3.32e-02  1.15e+01  2.99e-01 1.29e-02     90s
  45  -9.24916056e+01 -1.49304925e+02  2.60e+01 3.44e+00  5.10e+01 *1.16e+02 3.39e-02  1.14e+01  3.02e-01 1.32e-02     92s
  46  -8.71293770e+01 -1.49357532e+02  2.72e+01 3.39e+00  5.04e+01 *1.19e+02 3.45e-02  1.13e+01  3.05e-01 1.34e-02     95s
  47  -8.14651522e+01 -1.49409785e+02  2.85e+01 3.35e+00  4.97e+01 *1.22e+02 3.51e-02  1.12e+01  3.07e-01 1.37e-02     97s
  48  -7.54937745e+01 -1.49461541e+02  2.98e+01 3.30e+00  4.91e+01 *1.26e+02 3.56e-02  1.11e+01  3.10e-01 1.40e-02     99s
  49  -6.92050924e+01 -1.49512711e+02  3.12e+01 3.25e+00  4.85e+01 *1.30e+02 3.62e-02  1.10e+01  3.12e-01 1.42e-02    101s
  50  -6.25891090e+01 -1.49563208e+02  3.26e+01 3.21e+00  4.78e+01 *1.34e+02 3.67e-02  1.09e+01  3.14e-01 1.44e-02    103s
  51  -5.56359883e+01 -1.49612946e+02  3.41e+01 3.16e+00  4.72e+01 *1.38e+02 3.71e-02  1.08e+01  3.15e-01 1.46e-02    106s
  52  -4.83360631e+01 -1.49661845e+02  3.57e+01 3.11e+00  4.66e+01 *1.43e+02 3.75e-02  1.07e+01  3.16e-01 1.48e-02    108s
  53  -4.06875017e+01 -1.49709778e+02  3.74e+01 3.07e+00  4.59e+01 *1.48e+02 3.79e-02  1.07e+01  3.17e-01 1.49e-02    110s
  54  -3.26900718e+01 -1.49756630e+02  3.91e+01 3.02e+00  4.53e+01 *1.54e+02 3.82e-02  1.06e+01  3.18e-01 1.50e-02    112s
  55  -2.43368900e+01 -1.49802341e+02  4.08e+01 2.97e+00  4.47e+01 *1.59e+02 3.85e-02  1.05e+01  3.18e-01 1.50e-02    114s
  56  -1.56388806e+01 -1.49846768e+02  4.27e+01 2.93e+00  4.41e+01 *1.66e+02 3.88e-02  1.05e+01  3.17e-01 1.50e-02    117s
  57  -6.58310320e+00 -1.49889917e+02  4.46e+01 2.89e+00  4.35e+01 *1.72e+02 3.90e-02  1.04e+01  3.17e-01 1.49e-02    119s
  58   2.81600391e+00 -1.49931668e+02  4.66e+01 2.84e+00  4.29e+01 *1.80e+02 3.92e-02  1.04e+01  3.16e-01 1.48e-02    121s
  59   1.25599941e+01 -1.49972002e+02  4.86e+01 2.80e+00  4.23e+01 *1.88e+02 3.94e-02  1.04e+01  3.14e-01 1.47e-02    123s
  60   2.26294697e+01 -1.50010827e+02  5.07e+01 2.76e+00  4.18e+01 *1.96e+02 3.96e-02  1.03e+01  3.12e-01 1.45e-02    125s
  61   3.30325608e+01 -1.50048185e+02  5.29e+01 2.72e+00  4.12e+01 *2.05e+02 3.97e-02  1.03e+01  3.10e-01 1.42e-02    127s
  62   4.37563383e+01 -1.50084043e+02  5.51e+01 2.68e+00  4.07e+01 *2.14e+02 3.98e-02  1.02e+01  3.07e-01 1.40e-02    129s
  63   5.47854207e+01 -1.50118383e+02  5.74e+01 2.65e+00  4.02e+01 *2.24e+02 3.99e-02  1.02e+01  3.04e-01 1.37e-02    131s
  64   6.61132483e+01 -1.50151229e+02  5.97e+01 2.61e+00  3.97e+01 *2.35e+02 4.00e-02  1.02e+01  3.01e-01 1.34e-02    134s
  65   7.77320246e+01 -1.50182610e+02  6.21e+01 2.58e+00  3.92e+01 *2.46e+02 4.00e-02  1.02e+01  2.98e-01 1.30e-02    136s
  66   8.96326609e+01 -1.50212558e+02  6.46e+01 2.55e+00  3.88e+01 *2.58e+02 4.01e-02  1.01e+01  2.94e-01 1.27e-02    138s
  67   1.01792559e+02 -1.50241082e+02  6.71e+01 2.51e+00  3.83e+01 *2.70e+02 4.01e-02  1.01e+01  2.90e-01 1.23e-02    140s
  68   1.14198944e+02 -1.50268224e+02  6.97e+01 2.48e+00  3.79e+01 *2.84e+02 4.01e-02  1.01e+01  2.86e-01 1.19e-02    143s
  69   1.26862993e+02 -1.50294080e+02  7.23e+01 2.46e+00  3.75e+01 *2.97e+02 4.01e-02  1.01e+01  2.82e-01 1.15e-02    145s
  70   1.37272783e+02 -1.50313928e+02  7.44e+01 2.43e+00  3.72e+01 *3.12e+02 4.01e-02  1.01e+01  2.78e-01 8.99e-03    147s
  71   1.37281822e+02 -1.50313944e+02  7.44e+01 2.43e+00  3.72e+01 *3.24e+02 4.01e-02  1.00e+01  2.74e-01 7.49e-06    150s

The solution quality is limited by the precision of the linear system solver.

The II-IPM stopped after 72 iterations in 149.97 seconds.

Primal variables:   [+9.551 +148.221 +8.826 +1.760 +1.137 +3.061 +3.864 +63.612]
Dual slacks:        [+0.506 +0.016 +0.537 +3.367 +4.916 +1.807 +1.481 +0.040]
Dual variables:     [-5.453 -8.225]

Primal objective:   1.37281822e+02 
Dual objective:     -1.50313944e+02

Primal residual:    7.44e+01
Dual residual:      2.43e+00
Complementraty:     3.72e+01

Number of Iter:     72
Run time:           149.97
