
================= Linear optimization problem Information =================
Number of variables:     8
Number of constraints:   2

Norm of primal sol:      5.00e+00
Norm of dual sol:        1.00e+01
Norm of dual slacks:     5.00e+00

Norm of vector b:        3.17e+00
Norm of vector c:        1.46e+01

Norm of matrix A:        2.24e+00
Condition number:        2.00e+00
Seed:                    91

======================= Linear optimization problem =======================
coeff matrix A:          [[-0.403 -0.037 +0.116 +0.114 +0.361 +0.219 -0.837 -0.782]
                          [-0.856 +0.327 +0.599 +0.716 +0.579 +0.176 +0.358 -1.055]]

RHS vector b:            [-1.990 +2.471]
Obj vector c:            [-6.217 +0.542 +2.759 +3.056 +7.809 +2.588 -7.074 -6.235]

============================ Optimal solution =============================
Primal variables:        [+0.919 +1.504 +1.355 +0.427 +0.000 +3.315 +2.982 +0.000]
Dual slacks:             [+0.000 +0.000 +0.000 +0.000 +2.754 +0.000 +0.000 +4.174]
Dual variables:          [+9.618 +2.739]

Optimal objective:       -1.23665443e+01
===========================================================================

Method:             II-QIPM
LO_Precision:       1.00e-01
Stop_Precision:     1.00e-03
LO_Verbosity:       2
Omega:              1.00e+01
num_ancillae:       4

The Quantum Inexact Infeasible Interior-Point Method starts running ...


                  Objective                Residual                      Quantum                    Step-length
Iter      Primal           Dual         Primal    Dual     Compl    ||Resl||   Prob    Cond-Num   a-star   a-hat      Time
   0   1.76626107e+01 -3.79435231e+01  3.15e+00 8.61e+00  2.72e+02  5.66e-02 1.12e-01  4.00e+00  8.59e-01 7.37e-01      2s
   1   1.65398308e+01 -3.70208753e+01  2.25e+00 6.62e+00  2.16e+02  7.49e-01 1.56e-02  2.43e+01  6.76e-01 2.31e-01      4s
   2   1.72859276e+01 -3.60668979e+01  1.04e+00 4.79e+00  1.62e+02  2.16e+00 1.56e-02  2.77e+01  5.72e-01 2.75e-01      5s
   3   1.78887722e+01 -3.59878259e+01  8.67e-01 4.66e+00  1.58e+02  5.08e+00 1.56e-02  2.87e+01  4.14e-01 2.85e-02      7s
   4   1.84814665e+01 -3.59212090e+01  7.14e-01 4.55e+00  1.55e+02  5.59e+00 1.57e-02  2.83e+01  3.99e-01 2.43e-02      8s
   5   1.90995428e+01 -3.58601361e+01  5.67e-01 4.44e+00  1.52e+02  6.07e+00 1.57e-02  2.80e+01  3.86e-01 2.25e-02     10s
   6   1.97399121e+01 -3.58038397e+01  4.27e-01 4.35e+00  1.49e+02  6.57e+00 1.58e-02  2.76e+01  3.74e-01 2.08e-02     11s
   7   2.04019509e+01 -3.57515146e+01  2.98e-01 4.27e+00  1.46e+02  7.08e+00 1.58e-02  2.72e+01  3.63e-01 1.94e-02     13s
   8   2.10830277e+01 -3.57026859e+01  1.97e-01 4.19e+00  1.44e+02  7.60e+00 1.59e-02  2.68e+01  3.53e-01 1.81e-02     14s
   9   2.17835359e+01 -3.56567613e+01  1.70e-01 4.12e+00  1.42e+02  8.13e+00 1.61e-02  2.64e+01  3.43e-01 1.70e-02     16s
  10   2.25022881e+01 -3.56133706e+01  2.41e-01 4.05e+00  1.39e+02  8.68e+00 1.62e-02  2.60e+01  3.34e-01 1.60e-02     17s
  11   2.32383319e+01 -3.55721943e+01  3.53e-01 3.99e+00  1.38e+02  9.24e+00 1.64e-02  2.56e+01  3.25e-01 1.50e-02     19s
  12   2.39924311e+01 -3.55328773e+01  4.77e-01 3.93e+00  1.36e+02  9.81e+00 1.67e-02  2.52e+01  3.17e-01 1.42e-02     21s
  13   2.47634061e+01 -3.54952248e+01  6.05e-01 3.88e+00  1.34e+02  1.04e+01 1.70e-02  2.48e+01  3.10e-01 1.35e-02     22s
  14   2.55509418e+01 -3.54590297e+01  7.34e-01 3.83e+00  1.33e+02  1.10e+01 1.74e-02  2.45e+01  3.03e-01 1.28e-02     23s
  15   2.63564887e+01 -3.54240400e+01  8.64e-01 3.79e+00  1.31e+02  1.16e+01 1.78e-02  2.41e+01  2.96e-01 1.22e-02     25s
  16   2.71793565e+01 -3.53901333e+01  9.95e-01 3.74e+00  1.30e+02  1.23e+01 1.83e-02  2.38e+01  2.90e-01 1.16e-02     27s
  17   2.80197422e+01 -3.53571678e+01  1.13e+00 3.70e+00  1.28e+02  1.29e+01 1.89e-02  2.35e+01  2.84e-01 1.11e-02     28s
  18   2.88779764e+01 -3.53250158e+01  1.26e+00 3.66e+00  1.27e+02  1.36e+01 1.96e-02  2.32e+01  2.78e-01 1.06e-02     30s
  19   2.97545199e+01 -3.52935614e+01  1.39e+00 3.62e+00  1.26e+02  1.42e+01 2.04e-02  2.28e+01  2.73e-01 1.01e-02     31s
  20   3.06508593e+01 -3.52626667e+01  1.52e+00 3.59e+00  1.25e+02  1.49e+01 2.14e-02  2.26e+01  2.68e-01 9.72e-03     33s
  21   3.15668782e+01 -3.52322638e+01  1.65e+00 3.56e+00  1.24e+02  1.57e+01 2.25e-02  2.23e+01  2.63e-01 9.33e-03     35s
  22   3.25034319e+01 -3.52022581e+01  1.78e+00 3.52e+00  1.23e+02  1.64e+01 2.37e-02  2.20e+01  2.59e-01 8.98e-03     37s
  23   3.34605551e+01 -3.51725888e+01  1.92e+00 3.49e+00  1.22e+02  1.71e+01 2.51e-02  2.18e+01  2.54e-01 8.65e-03     39s
  24   3.44402780e+01 -3.51431375e+01  2.05e+00 3.46e+00  1.21e+02  1.79e+01 2.67e-02  2.15e+01  2.50e-01 8.35e-03     40s
  25   3.54428819e+01 -3.51138446e+01  2.18e+00 3.44e+00  1.20e+02  1.87e+01 2.84e-02  2.13e+01  2.46e-01 8.07e-03     42s
  26   3.64697218e+01 -3.50846199e+01  2.32e+00 3.41e+00  1.19e+02  1.95e+01 3.04e-02  2.11e+01  2.43e-01 7.81e-03     43s
  27   3.75223199e+01 -3.50553696e+01  2.46e+00 3.38e+00  1.18e+02  2.04e+01 3.26e-02  2.09e+01  2.39e-01 7.57e-03     45s
  28   3.86023813e+01 -3.50259938e+01  2.59e+00 3.36e+00  1.18e+02  2.12e+01 3.51e-02  2.07e+01  2.36e-01 7.34e-03     46s
  29   3.97107026e+01 -3.49964138e+01  2.73e+00 3.33e+00  1.17e+02  2.21e+01 3.78e-02  2.05e+01  2.33e-01 7.14e-03     47s
  30   4.08504436e+01 -3.49664803e+01  2.87e+00 3.31e+00  1.16e+02  2.30e+01 4.08e-02  2.03e+01  2.30e-01 6.95e-03     49s
  31   4.20228058e+01 -3.49360870e+01  3.02e+00 3.29e+00  1.15e+02  2.39e+01 4.40e-02  2.01e+01  2.28e-01 6.78e-03     51s
  32   4.32327451e+01 -3.49050153e+01  3.16e+00 3.27e+00  1.15e+02  2.49e+01 4.76e-02  1.99e+01  2.25e-01 6.64e-03     53s
  33   4.44808764e+01 -3.48731377e+01  3.31e+00 3.25e+00  1.14e+02  2.59e+01 5.15e-02  1.98e+01  2.23e-01 6.50e-03     54s
  34   4.57730128e+01 -3.48401627e+01  3.46e+00 3.22e+00  1.13e+02  2.69e+01 5.58e-02  1.96e+01  2.21e-01 6.39e-03     55s
  35   4.71131221e+01 -3.48058012e+01  3.61e+00 3.20e+00  1.13e+02  2.79e+01 6.03e-02  1.94e+01  2.20e-01 6.30e-03     57s
  36   4.85099253e+01 -3.47695754e+01  3.76e+00 3.18e+00  1.12e+02  2.89e+01 6.52e-02  1.93e+01  2.19e-01 6.25e-03     58s
  37   4.99721448e+01 -3.47309001e+01  3.92e+00 3.16e+00  1.11e+02  3.00e+01 7.05e-02  1.92e+01  2.19e-01 6.24e-03     60s
  38   5.15100749e+01 -3.46889774e+01  4.09e+00 3.14e+00  1.11e+02  3.10e+01 7.61e-02  1.90e+01  2.20e-01 6.27e-03     61s
  39   5.31442143e+01 -3.46424362e+01  4.26e+00 3.12e+00  1.10e+02  3.20e+01 8.20e-02  1.89e+01  2.21e-01 6.38e-03     62s
  40   5.49017411e+01 -3.45891430e+01  4.44e+00 3.10e+00  1.10e+02  3.29e+01 8.83e-02  1.87e+01  2.25e-01 6.61e-03     63s
  41   5.68329092e+01 -3.45250598e+01  4.64e+00 3.08e+00  1.09e+02  3.36e+01 9.49e-02  1.86e+01  2.32e-01 7.06e-03     65s
  42   5.90301263e+01 -3.44416597e+01  4.86e+00 3.06e+00  1.08e+02  3.39e+01 1.02e-01  1.85e+01  2.45e-01 7.95e-03     66s
  43   6.17307310e+01 -3.43142851e+01  5.12e+00 3.03e+00  1.07e+02  3.33e+01 1.09e-01  1.83e+01  2.72e-01 1.01e-02     67s
  44   6.59070527e+01 -3.40115391e+01  5.50e+00 2.97e+00  1.05e+02 *2.98e+01 1.17e-01  1.82e+01  3.53e-01 1.84e-02     69s
  45   8.93570707e+01 -1.51247623e+01  9.92e+00 6.24e-01  2.76e+01 *1.15e+01 1.28e-01  1.79e+01  9.10e-01 7.90e-01     70s
  46   4.89689500e+01 -1.42559298e+01  5.50e+00 3.27e-01  1.52e+01 *6.04e+00 1.44e-01  1.13e+01  6.11e-01 4.76e-01     71s
  47   5.86733745e+01 -1.42125446e+01  6.61e+00 2.98e-01  1.39e+01  1.84e+01 5.23e-02  1.88e+01  3.82e-01 8.99e-02     72s
  48   6.97444511e+01 -1.41741483e+01  7.81e+00 2.78e-01  1.30e+01  2.46e+01 7.40e-02  1.85e+01  3.45e-01 6.76e-02     73s
  49   8.82958227e+01 -1.41087241e+01  9.72e+00 2.54e-01  1.20e+01  3.05e+01 1.00e-01  1.82e+01  3.41e-01 8.45e-02     75s
  50   9.44074283e+01 -1.29253908e+01  1.08e+01 1.06e-01  5.40e+00 *1.26e+01 1.34e-01  1.77e+01  8.77e-01 5.82e-01     76s
  51   6.16106242e+01 -1.28185138e+01  7.45e+00 7.50e-02  3.89e+00  1.29e+01 2.26e-01  1.39e+01  5.01e-01 2.94e-01     77s
  52   6.38065616e+01 -1.28171413e+01  7.70e+00 7.40e-02  3.85e+00  2.64e+01 4.55e-02  1.97e+01  3.52e-01 1.32e-02     79s
  53   6.38071310e+01 -1.28171409e+01  7.70e+00 7.40e-02  3.85e+00  2.77e+01 4.77e-02  1.96e+01  3.46e-01 3.21e-06     80s

The solution quality is limited by the precision of the linear system solver.

The II-IPM stopped after 54 iterations in 80.49 seconds.

Primal variables:   [+24.491 +7.173 +6.694 +5.725 +0.294 +72.041 +1.571 +0.228]
Dual slacks:        [+0.010 +0.054 +0.055 +0.065 +2.766 +0.006 +0.169 +4.211]
Dual variables:     [+9.736 +2.652]

Primal objective:   6.38071310e+01 
Dual objective:     -1.28171409e+01

Primal residual:    7.70e+00
Dual residual:      7.40e-02
Complementraty:     3.85e+00

Number of Iter:     54
Run time:           80.49
