
================= Linear optimization problem Information =================
Number of variables:     8
Number of constraints:   2

Norm of primal sol:      5.00e+00
Norm of dual sol:        1.00e+01
Norm of dual slacks:     5.00e+00

Norm of vector b:        2.28e+01
Norm of vector c:        4.11e+01

Norm of matrix A:        8.94e+00
Condition number:        2.00e+00
Seed:                    81

======================= Linear optimization problem =======================
coeff matrix A:          [[+0.119 -2.970 -0.777 -0.446 +1.599 +3.612 +0.929 -0.596]
                          [+3.022 -1.106 +3.777 +1.653 +3.123 +3.475 +1.671 -1.253]]

RHS vector b:            [-3.127 +22.599]
Obj vector c:            [+16.265 +18.081 +27.932 +13.091 +4.681 -8.673 +6.769 -2.259]

============================ Optimal solution =============================
Primal variables:        [+1.042 +0.999 +2.736 +2.679 +2.455 +0.000 +0.000 +1.493]
Dual slacks:             [+0.000 +0.000 +0.000 +0.000 +0.000 +1.165 +4.862 +0.000]
Dual variables:          [-8.213 +5.705]

Optimal objective:       +1.54619320e+02
===========================================================================

Method:             II-QIPM
LO_Precision:       1.00e-01
Stop_Precision:     1.00e-03
LO_Verbosity:       2
Omega:              1.00e+01
num_ancillae:       4

The Quantum Inexact Infeasible Interior-Point Method starts running ...


                  Objective                Residual                      Quantum                    Step-length
Iter      Primal           Dual         Primal    Dual     Compl    ||Resl||   Prob    Cond-Num   a-star   a-hat      Time
   0   3.76725648e+02  5.39978836e+01  4.22e+01 1.06e+01  3.32e+02 *7.21e-01 2.27e-01  4.00e+00  7.92e-01 6.59e-01      2s
   1   3.60693498e+02  5.86556524e+01  3.89e+01 9.82e+00  3.09e+02 *7.50e-02 6.36e-01  6.05e+00  5.81e-01 7.79e-02      3s
   2   3.49173517e+02  6.23490936e+01  3.65e+01 9.21e+00  2.92e+02 *5.67e-01 6.61e-01  6.28e+00  5.84e-01 6.14e-02      5s
   3   3.38199744e+02  6.61864386e+01  3.41e+01 8.63e+00  2.76e+02 *1.15e+00 6.43e-01  6.48e+00  5.91e-01 6.35e-02      6s
   4   3.27633607e+02  7.02403425e+01  3.18e+01 8.05e+00  2.59e+02 *1.68e+00 6.00e-01  6.70e+00  6.02e-01 6.70e-02      7s
   5   3.17287372e+02  7.45730868e+01  2.95e+01 7.47e+00  2.42e+02 *2.01e+00 5.38e-01  6.95e+00  6.17e-01 7.19e-02      8s
   6   3.06849432e+02  7.92286157e+01  2.71e+01 6.88e+00  2.25e+02 *1.94e+00 4.67e-01  7.23e+00  6.36e-01 7.86e-02     10s
   7   2.95845587e+02  8.41841014e+01  2.47e+01 6.29e+00  2.08e+02 *1.24e+00 3.92e-01  7.58e+00  6.57e-01 8.67e-02     11s
   8   2.83543280e+02  8.92938932e+01  2.24e+01 5.69e+00  1.90e+02  4.21e-01 3.17e-01  8.01e+00  6.76e-01 9.49e-02     12s
   9   2.68972625e+02  9.42260720e+01  2.02e+01 5.12e+00  1.73e+02  3.51e+00 2.45e-01  8.58e+00  6.89e-01 1.01e-01     13s
  10   2.51317392e+02  9.85100441e+01  1.81e+01 4.61e+00  1.58e+02  8.44e+00 1.77e-01  9.36e+00  6.85e-01 1.00e-01     15s
  11   2.30630004e+02  1.01813173e+02  1.64e+01 4.18e+00  1.44e+02  1.52e+01 1.18e-01  1.04e+01  6.61e-01 9.25e-02     17s
  12   2.08177890e+02  1.04142354e+02  1.51e+01 3.84e+00  1.34e+02  2.29e+01 7.43e-02  1.19e+01  6.20e-01 8.09e-02     18s
  13   1.85451075e+02  1.05751248e+02  1.43e+01 3.57e+00  1.25e+02  3.01e+01 4.66e-02  1.36e+01  5.77e-01 6.97e-02     20s
  14   1.63538132e+02  1.06887192e+02  1.40e+01 3.36e+00  1.18e+02  3.63e+01 3.16e-02  1.55e+01  5.38e-01 6.02e-02     22s
  15   1.42913349e+02  1.07721731e+02  1.41e+01 3.18e+00  1.13e+02  4.18e+01 2.41e-02  1.76e+01  5.04e-01 5.23e-02     23s
  16   1.23774471e+02  1.08354970e+02  1.45e+01 3.04e+00  1.08e+02  4.69e+01 2.04e-02  1.95e+01  4.67e-01 4.54e-02     25s
  17   1.06041359e+02  1.08850132e+02  1.51e+01 2.92e+00  1.04e+02  5.19e+01 1.84e-02  2.13e+01  4.31e-01 3.94e-02     26s
  18   8.95526701e+01  1.09246796e+02  1.59e+01 2.82e+00  1.01e+02  5.70e+01 1.74e-02  2.29e+01  4.01e-01 3.44e-02     28s
  19   7.41338454e+01  1.09570861e+02  1.68e+01 2.73e+00  9.79e+01  6.24e+01 1.67e-02  2.42e+01  3.76e-01 3.01e-02     29s
  20   5.96122953e+01  1.09840230e+02  1.77e+01 2.66e+00  9.55e+01  6.80e+01 1.64e-02  2.54e+01  3.54e-01 2.64e-02     31s
  21   4.58596731e+01  1.10067153e+02  1.87e+01 2.60e+00  9.34e+01  7.38e+01 1.61e-02  2.64e+01  3.35e-01 2.33e-02     33s
  22   3.27417198e+01  1.10260968e+02  1.97e+01 2.54e+00  9.16e+01  8.00e+01 1.59e-02  2.73e+01  3.18e-01 2.08e-02     34s
  23   2.01783402e+01  1.10428112e+02  2.07e+01 2.50e+00  9.00e+01  8.63e+01 1.58e-02  2.80e+01  3.03e-01 1.85e-02     36s
  24   8.07190185e+00  1.10573889e+02  2.17e+01 2.46e+00  8.86e+01  9.29e+01 1.57e-02  2.86e+01  2.90e-01 1.67e-02     37s
  25  -3.63515757e+00  1.10702054e+02  2.28e+01 2.42e+00  8.74e+01  9.98e+01 1.57e-02  2.92e+01  2.78e-01 1.51e-02     38s
  26  -1.50125185e+01  1.10815772e+02  2.38e+01 2.39e+00  8.63e+01  1.07e+02 1.56e-02  2.96e+01  2.67e-01 1.37e-02     39s
  27  -2.60874961e+01  1.10917215e+02  2.48e+01 2.36e+00  8.53e+01  1.14e+02 1.56e-02  3.00e+01  2.57e-01 1.25e-02     40s
  28  -3.69037839e+01  1.11008334e+02  2.58e+01 2.33e+00  8.44e+01  1.22e+02 1.55e-02  3.04e+01  2.47e-01 1.14e-02     42s
  29  -4.75002343e+01  1.11090704e+02  2.68e+01 2.30e+00  8.36e+01  1.30e+02 1.55e-02  3.07e+01  2.39e-01 1.05e-02     43s
  30  -5.78912778e+01  1.11165461e+02  2.78e+01 2.28e+00  8.28e+01  1.38e+02 1.55e-02  3.09e+01  2.31e-01 9.69e-03     44s
  31  -6.81095760e+01  1.11233695e+02  2.87e+01 2.26e+00  8.21e+01  1.46e+02 1.55e-02  3.12e+01  2.23e-01 8.98e-03     46s
  32  -7.81655288e+01  1.11296187e+02  2.97e+01 2.24e+00  8.15e+01  1.55e+02 1.54e-02  3.14e+01  2.17e-01 8.33e-03     47s
  33  -8.80781861e+01  1.11353659e+02  3.07e+01 2.23e+00  8.09e+01  1.63e+02 1.54e-02  3.15e+01  2.10e-01 7.76e-03     48s
  34  -9.78654764e+01  1.11406723e+02  3.17e+01 2.21e+00  8.04e+01  1.72e+02 1.54e-02  3.17e+01  2.04e-01 7.25e-03     49s
  35  -1.07534809e+02  1.11455853e+02  3.26e+01 2.19e+00  7.99e+01  1.81e+02 1.54e-02  3.18e+01  1.98e-01 6.78e-03     51s
  36  -1.17102607e+02  1.11501507e+02  3.36e+01 2.18e+00  7.94e+01  1.91e+02 1.54e-02  3.20e+01  1.93e-01 6.37e-03     52s
  37  -1.26565868e+02  1.11543993e+02  3.45e+01 2.17e+00  7.89e+01  2.01e+02 1.54e-02  3.21e+01  1.88e-01 5.98e-03     53s
  38  -1.35949470e+02  1.11583706e+02  3.55e+01 2.16e+00  7.85e+01  2.10e+02 1.54e-02  3.22e+01  1.83e-01 5.64e-03     55s
  39  -1.45250106e+02  1.11620873e+02  3.64e+01 2.14e+00  7.81e+01  2.20e+02 1.54e-02  3.23e+01  1.79e-01 5.32e-03     57s
  40  -1.54473552e+02  1.11655733e+02  3.74e+01 2.13e+00  7.78e+01  2.31e+02 1.54e-02  3.24e+01  1.74e-01 5.03e-03     59s
  41  -1.63625476e+02  1.11688499e+02  3.83e+01 2.12e+00  7.74e+01  2.41e+02 1.54e-02  3.25e+01  1.70e-01 4.76e-03     60s
  42  -1.72720574e+02  1.11719389e+02  3.93e+01 2.11e+00  7.71e+01  2.52e+02 1.54e-02  3.25e+01  1.67e-01 4.52e-03     62s
  43  -1.81755463e+02  1.11748539e+02  4.02e+01 2.10e+00  7.68e+01  2.63e+02 1.53e-02  3.26e+01  1.63e-01 4.30e-03     63s
  44  -1.90735709e+02  1.11776098e+02  4.11e+01 2.10e+00  7.65e+01  2.74e+02 1.53e-02  3.26e+01  1.59e-01 4.09e-03     65s
  45  -1.99666900e+02  1.11802201e+02  4.20e+01 2.09e+00  7.62e+01  2.86e+02 1.53e-02  3.27e+01  1.56e-01 3.89e-03     66s
  46  -2.08545771e+02  1.11826945e+02  4.30e+01 2.08e+00  7.60e+01  2.97e+02 1.53e-02  3.28e+01  1.53e-01 3.71e-03     68s
  47  -2.17377906e+02  1.11850442e+02  4.39e+01 2.07e+00  7.57e+01  3.09e+02 1.53e-02  3.28e+01  1.50e-01 3.54e-03     69s
  48  -2.26177747e+02  1.11872815e+02  4.48e+01 2.07e+00  7.55e+01  3.21e+02 1.53e-02  3.28e+01  1.47e-01 3.39e-03     71s
  49  -2.34933584e+02  1.11894110e+02  4.57e+01 2.06e+00  7.53e+01  3.34e+02 1.53e-02  3.29e+01  1.44e-01 3.24e-03     72s
  50  -2.43651116e+02  1.11914412e+02  4.66e+01 2.05e+00  7.50e+01  3.46e+02 1.53e-02  3.29e+01  1.41e-01 3.11e-03     74s
  51  -2.52336125e+02  1.11933799e+02  4.75e+01 2.05e+00  7.48e+01  3.59e+02 1.53e-02  3.29e+01  1.38e-01 2.98e-03     75s
  52  -2.60985829e+02  1.11952322e+02  4.85e+01 2.04e+00  7.46e+01  3.72e+02 1.53e-02  3.30e+01  1.36e-01 2.86e-03     77s
  53  -2.69614727e+02  1.11970064e+02  4.94e+01 2.03e+00  7.44e+01  3.85e+02 1.53e-02  3.30e+01  1.34e-01 2.75e-03     79s
  54  -2.78203087e+02  1.11987034e+02  5.03e+01 2.03e+00  7.43e+01  3.98e+02 1.53e-02  3.30e+01  1.31e-01 2.64e-03     81s
  55  -2.86765348e+02  1.12003305e+02  5.12e+01 2.02e+00  7.41e+01  4.12e+02 1.53e-02  3.31e+01  1.29e-01 2.54e-03     82s
  56  -2.95307579e+02  1.12018930e+02  5.21e+01 2.02e+00  7.39e+01  4.26e+02 1.53e-02  3.31e+01  1.27e-01 2.45e-03     83s
  57  -3.03818914e+02  1.12033924e+02  5.30e+01 2.01e+00  7.38e+01  4.40e+02 1.53e-02  3.31e+01  1.25e-01 2.36e-03     85s
  58  -3.12313924e+02  1.12048350e+02  5.39e+01 2.01e+00  7.36e+01  4.54e+02 1.53e-02  3.31e+01  1.23e-01 2.28e-03     86s
  59  -3.20781941e+02  1.12062219e+02  5.48e+01 2.01e+00  7.35e+01  4.68e+02 1.53e-02  3.31e+01  1.21e-01 2.20e-03     87s
  60  -3.29229154e+02  1.12075573e+02  5.57e+01 2.00e+00  7.33e+01  4.83e+02 1.53e-02  3.32e+01  1.19e-01 2.12e-03     88s
  61  -3.37653423e+02  1.12088434e+02  5.66e+01 2.00e+00  7.32e+01  4.98e+02 1.53e-02  3.32e+01  1.17e-01 2.05e-03     89s
  62  -3.46061046e+02  1.12100839e+02  5.74e+01 1.99e+00  7.30e+01  5.13e+02 1.53e-02  3.32e+01  1.15e-01 1.98e-03     90s
  63  -3.54450034e+02  1.12112807e+02  5.83e+01 1.99e+00  7.29e+01  5.28e+02 1.53e-02  3.32e+01  1.13e-01 1.92e-03     92s
  64  -3.62818423e+02  1.12124358e+02  5.92e+01 1.99e+00  7.28e+01  5.44e+02 1.53e-02  3.32e+01  1.12e-01 1.85e-03     93s
  65  -3.71172629e+02  1.12135521e+02  6.01e+01 1.98e+00  7.27e+01  5.60e+02 1.53e-02  3.32e+01  1.10e-01 1.80e-03     94s
  66  -3.79510831e+02  1.12146312e+02  6.10e+01 1.98e+00  7.25e+01  5.76e+02 1.53e-02  3.32e+01  1.09e-01 1.74e-03     96s
  67  -3.87831231e+02  1.12156747e+02  6.19e+01 1.98e+00  7.24e+01  5.92e+02 1.53e-02  3.32e+01  1.07e-01 1.69e-03     97s
  68  -3.96140366e+02  1.12166851e+02  6.28e+01 1.97e+00  7.23e+01  6.08e+02 1.53e-02  3.33e+01  1.06e-01 1.64e-03     99s
  69  -4.04436573e+02  1.12176636e+02  6.37e+01 1.97e+00  7.22e+01  6.25e+02 1.53e-02  3.33e+01  1.04e-01 1.59e-03    101s
  70  -4.12709929e+02  1.12186106e+02  6.45e+01 1.97e+00  7.21e+01  6.42e+02 1.53e-02  3.33e+01  1.03e-01 1.54e-03    102s
  71  -4.20975263e+02  1.12195291e+02  6.54e+01 1.96e+00  7.20e+01  6.59e+02 1.53e-02  3.33e+01  1.01e-01 1.50e-03    104s
  72  -4.29231066e+02  1.12204204e+02  6.63e+01 1.96e+00  7.19e+01  6.76e+02 1.53e-02  3.33e+01  1.00e-01 1.46e-03    106s
  73  -4.37475848e+02  1.12212853e+02  6.72e+01 1.96e+00  7.18e+01  6.93e+02 1.53e-02  3.33e+01  9.88e-02 1.42e-03    108s
  74  -4.45699902e+02  1.12221239e+02  6.81e+01 1.95e+00  7.17e+01  7.11e+02 1.53e-02  3.33e+01  9.76e-02 1.38e-03    109s
  75  -4.53918130e+02  1.12229390e+02  6.89e+01 1.95e+00  7.16e+01  7.29e+02 1.53e-02  3.33e+01  9.63e-02 1.34e-03    111s
  76  -4.62129185e+02  1.12237314e+02  6.98e+01 1.95e+00  7.16e+01  7.47e+02 1.53e-02  3.33e+01  9.51e-02 1.31e-03    112s
  77  -4.70323530e+02  1.12245010e+02  7.07e+01 1.95e+00  7.15e+01  7.65e+02 1.53e-02  3.33e+01  9.40e-02 1.27e-03    113s
  78  -4.78516148e+02  1.12252502e+02  7.16e+01 1.94e+00  7.14e+01  7.84e+02 1.53e-02  3.33e+01  9.28e-02 1.24e-03    115s
  79  -4.86689454e+02  1.12259782e+02  7.25e+01 1.94e+00  7.13e+01  8.03e+02 1.53e-02  3.33e+01  9.17e-02 1.21e-03    117s
  80  -4.94858425e+02  1.12266872e+02  7.33e+01 1.94e+00  7.12e+01  8.22e+02 1.53e-02  3.33e+01  9.07e-02 1.18e-03    118s
  81  -5.03013711e+02  1.12273771e+02  7.42e+01 1.94e+00  7.12e+01  8.41e+02 1.53e-02  3.33e+01  8.96e-02 1.15e-03    120s
  82  -5.11162209e+02  1.12280492e+02  7.51e+01 1.94e+00  7.11e+01  8.60e+02 1.53e-02  3.34e+01  8.86e-02 1.12e-03    121s
  83  -5.19302758e+02  1.12287040e+02  7.59e+01 1.93e+00  7.10e+01  8.80e+02 1.53e-02  3.34e+01  8.76e-02 1.09e-03    123s
  84  -5.27434213e+02  1.12293422e+02  7.68e+01 1.93e+00  7.09e+01  9.00e+02 1.53e-02  3.34e+01  8.66e-02 1.07e-03    124s
  85  -5.35563570e+02  1.12299649e+02  7.77e+01 1.93e+00  7.09e+01  9.20e+02 1.53e-02  3.34e+01  8.56e-02 1.04e-03    125s
  86  -5.43681663e+02  1.12305720e+02  7.86e+01 1.93e+00  7.08e+01  9.40e+02 1.53e-02  3.34e+01  8.47e-02 1.02e-03    127s
  87  -5.51787385e+02  1.12311639e+02  7.94e+01 1.93e+00  7.07e+01  9.60e+02 1.53e-02  3.34e+01  8.38e-02 9.93e-04    128s

The solution quality is limited by the precision of the linear system solver.

The II-IPM stopped after 88 iterations in 128.49 seconds.

Primal variables:   [+2.352 +2.383 +1.003 +3.146 +5.482 +44.976 +1.746 +154.849]
Dual slacks:        [+4.141 +4.002 +6.500 +3.360 +1.900 +0.211 +5.749 +0.029]
Dual variables:     [-6.109 +4.125]

Primal objective:   -5.51787385e+02
Dual objective:     1.12311639e+02 

Primal residual:    7.94e+01
Dual residual:      1.93e+00
Complementraty:     7.07e+01

Number of Iter:     88
Run time:           128.49
