
================= Linear optimization problem Information =================
Number of variables:     8
Number of constraints:   2

Norm of primal sol:      5.00e+00
Norm of dual sol:        1.00e+01
Norm of dual slacks:     5.00e+00

Norm of vector b:        6.44e+00
Norm of vector c:        2.13e+01

Norm of matrix A:        2.24e+00
Condition number:        2.00e+00
Seed:                    97

======================= Linear optimization problem =======================
coeff matrix A:          [[+0.016 -0.966 -0.675 -0.105 -0.465 -0.708 +0.376 -0.517]
                          [-0.613 -0.681 +0.226 -0.773 -0.163 -0.723 -0.016 -0.661]]

RHS vector b:            [-4.506 -4.595]
Obj vector c:            [+6.385 +11.715 +4.933 +4.513 +8.265 +9.625 -3.255 +7.650]

============================ Optimal solution =============================
Primal variables:        [+0.000 +2.743 +1.264 +0.805 +0.000 +0.845 +2.760 +2.627]
Dual slacks:             [+3.677 +0.000 +0.000 +0.000 +3.388 +0.000 +0.000 +0.000]
Dual variables:          [-8.856 -4.644]

Optimal objective:       +6.12432174e+01
===========================================================================

Method:             II-QIPM
LO_Precision:       1.00e-01
Stop_Precision:     1.00e-03
LO_Verbosity:       2
Omega:              1.00e+01
num_ancillae:       4

The Quantum Inexact Infeasible Interior-Point Method starts running ...


                  Objective                Residual                      Quantum                    Step-length
Iter      Primal           Dual         Primal    Dual     Compl    ||Resl||   Prob    Cond-Num   a-star   a-hat      Time
   0   2.03807460e+02 -3.09661150e+00  1.16e+01 4.71e+00  2.95e+02 *1.08e-03 2.08e-01  4.00e+00  8.32e-01 7.06e-01      2s
   1   1.88799180e+02 -2.33426950e-01  1.02e+01 4.17e+00  2.64e+02 *1.66e-02 1.57e-02  2.36e+00  6.89e-01 1.15e-01      3s
   2   1.76668494e+02  2.53880951e+00  9.15e+00 3.73e+00  2.40e+02 *2.81e-02 1.64e-02  2.72e+00  7.04e-01 1.05e-01      5s
   3   1.65128165e+02  5.61267333e+00  8.14e+00 3.32e+00  2.16e+02 *1.99e-02 1.77e-02  3.12e+00  7.18e-01 1.11e-01      6s
   4   1.54377485e+02  9.04691268e+00  7.20e+00 2.93e+00  1.94e+02 *1.98e-01 2.06e-02  3.62e+00  7.30e-01 1.17e-01      8s
   5   1.43576881e+02  1.27459576e+01  6.26e+00 2.55e+00  1.71e+02 *1.76e-01 2.21e-02  4.23e+00  7.53e-01 1.29e-01      9s
   6   1.33203671e+02  1.67295788e+01  5.35e+00 2.19e+00  1.50e+02 *3.20e-01 2.58e-02  5.03e+00  7.71e-01 1.40e-01     10s
   7   1.23893320e+02  2.13292708e+01  4.57e+00 1.86e+00  1.30e+02 *2.95e-01 3.76e-02  6.04e+00  7.87e-01 1.51e-01     12s
   8   1.14894501e+02  2.64517091e+01  3.83e+00 1.54e+00  1.10e+02 *4.70e-01 4.84e-02  7.13e+00  8.14e-01 1.72e-01     13s
   9   1.05742278e+02  3.14043231e+01  3.06e+00 1.24e+00  9.08e+01 *2.45e-01 4.98e-02  8.38e+00  8.37e-01 1.94e-01     14s
  10   9.67654090e+01  3.51844266e+01  2.23e+00 1.00e+00  7.51e+01 *1.85e+00 4.35e-02  1.00e+01  7.52e-01 1.94e-01     16s
  11   8.90923330e+01  3.72761009e+01  1.55e+00 8.48e-01  6.47e+01  4.21e+00 3.34e-02  1.24e+01  6.49e-01 1.54e-01     17s
  12   8.33515291e+01  3.82383565e+01  1.28e+00 7.60e-01  5.86e+01  6.69e+00 2.47e-02  1.54e+01  5.59e-01 1.03e-01     18s
  13   7.90378542e+01  3.87275333e+01  1.39e+00 7.07e-01  5.48e+01  8.72e+00 2.00e-02  1.85e+01  4.97e-01 7.05e-02     20s
  14   7.56032126e+01  3.90197725e+01  1.66e+00 6.70e-01  5.22e+01  1.03e+01 1.78e-02  2.12e+01  4.55e-01 5.21e-02     21s
  15   7.27176559e+01  3.92171281e+01  1.97e+00 6.42e-01  5.02e+01  1.18e+01 1.67e-02  2.37e+01  4.24e-01 4.11e-02     22s
  16   7.02064773e+01  3.93612838e+01  2.28e+00 6.21e-01  4.86e+01  1.30e+01 1.62e-02  2.59e+01  3.99e-01 3.37e-02     24s
  17   6.79609450e+01  3.94726288e+01  2.58e+00 6.03e-01  4.73e+01  1.43e+01 1.58e-02  2.79e+01  3.79e-01 2.85e-02     25s
  18   6.59178863e+01  3.95618753e+01  2.87e+00 5.88e-01  4.63e+01  1.55e+01 1.56e-02  2.96e+01  3.61e-01 2.46e-02     26s
  19   6.40278355e+01  3.96356685e+01  3.15e+00 5.75e-01  4.54e+01  1.67e+01 1.55e-02  3.12e+01  3.45e-01 2.16e-02     27s
  20   6.22615079e+01  3.96979649e+01  3.41e+00 5.64e-01  4.46e+01  1.79e+01 1.54e-02  3.26e+01  3.31e-01 1.91e-02     28s
  21   6.05930108e+01  3.97515681e+01  3.67e+00 5.55e-01  4.39e+01  1.92e+01 1.53e-02  3.40e+01  3.18e-01 1.72e-02     29s
  22   5.90083796e+01  3.97982441e+01  3.92e+00 5.46e-01  4.32e+01  2.04e+01 1.53e-02  3.51e+01  3.06e-01 1.55e-02     31s
  23   5.74911362e+01  3.98394444e+01  4.16e+00 5.38e-01  4.27e+01  2.17e+01 1.53e-02  3.62e+01  2.96e-01 1.41e-02     32s
  24   5.60312481e+01  3.98761525e+01  4.40e+00 5.32e-01  4.22e+01  2.30e+01 1.52e-02  3.72e+01  2.86e-01 1.29e-02     33s
  25   5.46226952e+01  3.99090718e+01  4.63e+00 5.25e-01  4.17e+01  2.43e+01 1.52e-02  3.81e+01  2.76e-01 1.19e-02     34s
  26   5.32574561e+01  3.99388282e+01  4.85e+00 5.19e-01  4.13e+01  2.57e+01 1.52e-02  3.90e+01  2.68e-01 1.10e-02     36s
  27   5.19282743e+01  3.99659245e+01  5.08e+00 5.14e-01  4.09e+01  2.71e+01 1.52e-02  3.97e+01  2.59e-01 1.02e-02     37s
  28   5.06316549e+01  3.99907084e+01  5.29e+00 5.09e-01  4.05e+01  2.85e+01 1.52e-02  4.05e+01  2.51e-01 9.47e-03     38s
  29   4.93648220e+01  4.00134646e+01  5.51e+00 5.05e-01  4.02e+01  3.00e+01 1.52e-02  4.11e+01  2.44e-01 8.83e-03     39s
  30   4.81240729e+01  4.00344543e+01  5.72e+00 5.01e-01  3.99e+01  3.15e+01 1.52e-02  4.17e+01  2.36e-01 8.27e-03     41s
  31   4.69060183e+01  4.00538970e+01  5.93e+00 4.97e-01  3.96e+01  3.30e+01 1.52e-02  4.23e+01  2.30e-01 7.76e-03     42s
  32   4.57075234e+01  4.00719792e+01  6.13e+00 4.93e-01  3.93e+01  3.46e+01 1.52e-02  4.28e+01  2.24e-01 7.30e-03     43s
  33   4.45292016e+01  4.00888089e+01  6.34e+00 4.90e-01  3.91e+01  3.62e+01 1.52e-02  4.33e+01  2.18e-01 6.87e-03     44s
  34   4.33659308e+01  4.01045626e+01  6.54e+00 4.87e-01  3.89e+01  3.79e+01 1.52e-02  4.37e+01  2.12e-01 6.50e-03     45s
  35   4.22185329e+01  4.01193154e+01  6.74e+00 4.84e-01  3.86e+01  3.96e+01 1.52e-02  4.42e+01  2.07e-01 6.14e-03     46s
  36   4.10833430e+01  4.01331919e+01  6.94e+00 4.81e-01  3.84e+01  4.13e+01 1.52e-02  4.46e+01  2.02e-01 5.83e-03     47s
  37   3.99624318e+01  4.01462336e+01  7.14e+00 4.78e-01  3.82e+01  4.30e+01 1.52e-02  4.49e+01  1.97e-01 5.52e-03     48s
  38   3.88523369e+01  4.01585425e+01  7.33e+00 4.76e-01  3.81e+01  4.48e+01 1.52e-02  4.53e+01  1.93e-01 5.25e-03     49s
  39   3.77518856e+01  4.01701836e+01  7.53e+00 4.73e-01  3.79e+01  4.67e+01 1.52e-02  4.56e+01  1.88e-01 5.00e-03     51s
  40   3.66621362e+01  4.01811928e+01  7.72e+00 4.71e-01  3.77e+01  4.85e+01 1.52e-02  4.59e+01  1.84e-01 4.76e-03     52s
  41   3.55798438e+01  4.01916456e+01  7.91e+00 4.69e-01  3.76e+01  5.04e+01 1.52e-02  4.62e+01  1.80e-01 4.55e-03     54s
  42   3.45071830e+01  4.02015584e+01  8.11e+00 4.67e-01  3.74e+01  5.24e+01 1.52e-02  4.64e+01  1.76e-01 4.34e-03     55s
  43   3.34410107e+01  4.02109954e+01  8.30e+00 4.65e-01  3.73e+01  5.44e+01 1.52e-02  4.67e+01  1.73e-01 4.15e-03     56s
  44   3.23813945e+01  4.02199859e+01  8.49e+00 4.63e-01  3.71e+01  5.64e+01 1.52e-02  4.69e+01  1.69e-01 3.98e-03     57s
  45   3.13294733e+01  4.02285484e+01  8.68e+00 4.61e-01  3.70e+01  5.85e+01 1.52e-02  4.72e+01  1.66e-01 3.81e-03     58s
  46   3.02822128e+01  4.02367335e+01  8.86e+00 4.60e-01  3.69e+01  6.06e+01 1.52e-02  4.74e+01  1.63e-01 3.66e-03     60s
  47   2.92418003e+01  4.02445469e+01  9.05e+00 4.58e-01  3.68e+01  6.27e+01 1.52e-02  4.76e+01  1.60e-01 3.51e-03     61s
  48   2.82052550e+01  4.02520326e+01  9.24e+00 4.56e-01  3.66e+01  6.49e+01 1.52e-02  4.78e+01  1.57e-01 3.37e-03     63s
  49   2.71737276e+01  4.02592008e+01  9.43e+00 4.55e-01  3.65e+01  6.71e+01 1.52e-02  4.79e+01  1.54e-01 3.24e-03     64s
  50   2.61473529e+01  4.02660689e+01  9.61e+00 4.53e-01  3.64e+01  6.94e+01 1.52e-02  4.81e+01  1.51e-01 3.12e-03     66s
  51   2.51252507e+01  4.02726593e+01  9.80e+00 4.52e-01  3.63e+01  7.17e+01 1.52e-02  4.83e+01  1.49e-01 3.01e-03     67s
  52   2.41065443e+01  4.02789926e+01  9.98e+00 4.51e-01  3.62e+01  7.41e+01 1.52e-02  4.84e+01  1.46e-01 2.90e-03     69s
  53   2.30913735e+01  4.02850817e+01  1.02e+01 4.50e-01  3.61e+01  7.64e+01 1.52e-02  4.86e+01  1.44e-01 2.80e-03     70s
  54   2.20798832e+01  4.02909384e+01  1.04e+01 4.48e-01  3.61e+01  7.89e+01 1.52e-02  4.87e+01  1.41e-01 2.70e-03     72s
  55   2.10722229e+01  4.02965741e+01  1.05e+01 4.47e-01  3.60e+01  8.13e+01 1.52e-02  4.89e+01  1.39e-01 2.60e-03     74s
  56   2.00665348e+01  4.03020101e+01  1.07e+01 4.46e-01  3.59e+01  8.38e+01 1.52e-02  4.90e+01  1.37e-01 2.52e-03     75s
  57   1.90649633e+01  4.03072449e+01  1.09e+01 4.45e-01  3.58e+01  8.64e+01 1.52e-02  4.91e+01  1.35e-01 2.43e-03     76s
  58   1.80646683e+01  4.03123031e+01  1.11e+01 4.44e-01  3.57e+01  8.90e+01 1.52e-02  4.92e+01  1.32e-01 2.36e-03     78s
  59   1.70677799e+01  4.03171825e+01  1.13e+01 4.43e-01  3.56e+01  9.16e+01 1.52e-02  4.93e+01  1.30e-01 2.28e-03     79s
  60   1.60734583e+01  4.03218957e+01  1.15e+01 4.42e-01  3.56e+01  9.43e+01 1.52e-02  4.94e+01  1.29e-01 2.21e-03     80s
  61   1.50808589e+01  4.03264545e+01  1.16e+01 4.41e-01  3.55e+01  9.70e+01 1.52e-02  4.95e+01  1.27e-01 2.14e-03     81s
  62   1.40911123e+01  4.03308609e+01  1.18e+01 4.40e-01  3.54e+01  9.97e+01 1.52e-02  4.96e+01  1.25e-01 2.07e-03     82s
  63   1.31023924e+01  4.03351297e+01  1.20e+01 4.39e-01  3.54e+01  1.03e+02 1.52e-02  4.97e+01  1.23e-01 2.01e-03     83s
  64   1.21158189e+01  4.03392623e+01  1.22e+01 4.38e-01  3.53e+01  1.05e+02 1.52e-02  4.98e+01  1.21e-01 1.95e-03     85s
  65   1.11315350e+01  4.03432641e+01  1.24e+01 4.37e-01  3.52e+01  1.08e+02 1.52e-02  4.99e+01  1.20e-01 1.90e-03     86s
  66   1.01487020e+01  4.03471443e+01  1.25e+01 4.37e-01  3.52e+01  1.11e+02 1.52e-02  5.00e+01  1.18e-01 1.84e-03     87s
  67   9.16745480e+00  4.03509075e+01  1.27e+01 4.36e-01  3.51e+01  1.14e+02 1.52e-02  5.01e+01  1.16e-01 1.79e-03     88s
  68   8.18792902e+00  4.03545581e+01  1.29e+01 4.35e-01  3.51e+01  1.17e+02 1.52e-02  5.01e+01  1.15e-01 1.74e-03     89s
  69   7.21026051e+00  4.03581004e+01  1.31e+01 4.34e-01  3.50e+01  1.20e+02 1.52e-02  5.02e+01  1.13e-01 1.69e-03     90s
  70   6.23263084e+00  4.03615452e+01  1.33e+01 4.34e-01  3.50e+01  1.23e+02 1.52e-02  5.03e+01  1.12e-01 1.65e-03     91s
  71   5.25710923e+00  4.03648893e+01  1.34e+01 4.33e-01  3.49e+01  1.26e+02 1.52e-02  5.04e+01  1.10e-01 1.60e-03     93s
  72   4.28285718e+00  4.03681397e+01  1.36e+01 4.32e-01  3.49e+01  1.29e+02 1.52e-02  5.04e+01  1.09e-01 1.56e-03     94s
  73   3.31000139e+00  4.03712995e+01  1.38e+01 4.32e-01  3.48e+01  1.33e+02 1.52e-02  5.05e+01  1.08e-01 1.52e-03     95s
  74   2.33866839e+00  4.03743720e+01  1.40e+01 4.31e-01  3.48e+01  1.36e+02 1.52e-02  5.05e+01  1.06e-01 1.48e-03     96s
  75   1.36704214e+00  4.03773662e+01  1.42e+01 4.30e-01  3.47e+01  1.39e+02 1.53e-02  5.06e+01  1.05e-01 1.44e-03     97s
  76   3.97170634e-01  4.03802787e+01  1.43e+01 4.30e-01  3.47e+01  1.43e+02 1.53e-02  5.07e+01  1.04e-01 1.41e-03     98s
  77  -5.70820535e-01  4.03831124e+01  1.45e+01 4.29e-01  3.46e+01  1.46e+02 1.53e-02  5.07e+01  1.02e-01 1.37e-03     99s
  78  -1.53874144e+00  4.03858754e+01  1.47e+01 4.29e-01  3.46e+01  1.49e+02 1.53e-02  5.08e+01  1.01e-01 1.34e-03    100s
  79  -2.50648634e+00  4.03885700e+01  1.49e+01 4.28e-01  3.45e+01  1.53e+02 1.53e-02  5.08e+01  1.00e-01 1.31e-03    101s
  80  -3.47201538e+00  4.03911929e+01  1.51e+01 4.28e-01  3.45e+01  1.56e+02 1.53e-02  5.09e+01  9.88e-02 1.27e-03    103s
  81  -4.43810120e+00  4.03937544e+01  1.52e+01 4.27e-01  3.45e+01  1.60e+02 1.53e-02  5.09e+01  9.77e-02 1.24e-03    104s
  82  -5.40271727e+00  4.03962511e+01  1.54e+01 4.26e-01  3.44e+01  1.63e+02 1.53e-02  5.10e+01  9.66e-02 1.21e-03    105s
  83  -6.36671344e+00  4.03986876e+01  1.56e+01 4.26e-01  3.44e+01  1.67e+02 1.53e-02  5.10e+01  9.55e-02 1.19e-03    106s
  84  -7.32998481e+00  4.04010657e+01  1.58e+01 4.25e-01  3.44e+01  1.71e+02 1.53e-02  5.10e+01  9.44e-02 1.16e-03    107s
  85  -8.29242683e+00  4.04033871e+01  1.60e+01 4.25e-01  3.43e+01  1.74e+02 1.53e-02  5.11e+01  9.34e-02 1.13e-03    108s
  86  -9.25393546e+00  4.04056536e+01  1.61e+01 4.24e-01  3.43e+01  1.78e+02 1.53e-02  5.11e+01  9.24e-02 1.11e-03    110s
  87  -1.02153686e+01  4.04078689e+01  1.63e+01 4.24e-01  3.43e+01  1.82e+02 1.53e-02  5.12e+01  9.14e-02 1.08e-03    111s
  88  -1.11756712e+01  4.04100323e+01  1.65e+01 4.24e-01  3.42e+01  1.86e+02 1.53e-02  5.12e+01  9.04e-02 1.06e-03    112s
  89  -1.21357008e+01  4.04121476e+01  1.67e+01 4.23e-01  3.42e+01  1.89e+02 1.53e-02  5.12e+01  8.95e-02 1.04e-03    113s
  90  -1.30953643e+01  4.04142159e+01  1.69e+01 4.23e-01  3.42e+01  1.93e+02 1.53e-02  5.13e+01  8.86e-02 1.01e-03    114s
  91  -1.40545688e+01  4.04162387e+01  1.70e+01 4.22e-01  3.41e+01  1.97e+02 1.53e-02  5.13e+01  8.77e-02 9.93e-04    115s

The solution quality is limited by the precision of the linear system solver.

The II-IPM stopped after 92 iterations in 115.45 seconds.

Primal variables:   [+0.817 +1.106 +87.418 +1.771 +1.164 +1.304 +155.587 +1.680]
Dual slacks:        [+5.910 +3.352 +0.043 +2.967 +4.490 +3.286 +0.014 +2.922]
Dual variables:     [-7.816 -1.131]

Primal objective:   -1.40545688e+01
Dual objective:     4.04162387e+01 

Primal residual:    1.70e+01
Dual residual:      4.22e-01
Complementraty:     3.41e+01

Number of Iter:     92
Run time:           115.45
