
================= Linear optimization problem Information =================
Number of variables:     8
Number of constraints:   2

Norm of primal sol:      5.00e+00
Norm of dual sol:        1.00e+01
Norm of dual slacks:     5.00e+00

Norm of vector b:        2.60e+01
Norm of vector c:        1.02e+02

Norm of matrix A:        1.12e+01
Condition number:        2.00e+00
Seed:                    92

======================= Linear optimization problem =======================
coeff matrix A:          [[-2.536 +0.523 -1.735 -0.530 +0.411 -0.048 -3.844 -3.020]
                          [+4.803 +3.246 -0.015 +5.077 -3.991 +3.347 +2.022 +0.571]]

RHS vector b:            [-11.592 +23.272]
Obj vector c:            [+55.370 +31.482 +2.157 +53.403 -40.104 +33.240 +25.144 +9.669]

============================ Optimal solution =============================
Primal variables:        [+0.000 +2.862 +1.542 +0.000 +0.001 +3.109 +1.283 +1.767]
Dual slacks:             [+4.399 +0.000 +0.000 +2.378 +0.000 +0.000 +0.000 +0.000]
Dual variables:          [-1.327 +9.912]

Optimal objective:       +2.46049464e+02
===========================================================================

Method:             II-QIPM
LO_Precision:       1.00e-01
Stop_Precision:     1.00e-03
LO_Verbosity:       2
Omega:              1.00e+01
num_ancillae:       4

The Quantum Inexact Infeasible Interior-Point Method starts running ...


                  Objective                Residual                      Quantum                    Step-length
Iter      Primal           Dual         Primal    Dual     Compl    ||Resl||   Prob    Cond-Num   a-star   a-hat      Time
   0   7.75097976e+02  1.30986161e+02  5.73e+01 3.18e+01  3.23e+02 *1.67e+00 1.94e-02  4.00e+00  7.60e-01 6.38e-01      1s
   1   7.23529477e+02  1.40399495e+02  5.16e+01 2.86e+01  2.94e+02 *1.94e-01 1.56e-02  1.17e+01  6.73e-01 1.00e-01      2s
   2   6.73150887e+02  1.49768526e+02  4.59e+01 2.55e+01  2.66e+02 *1.97e+00 1.56e-02  1.40e+01  6.94e-01 1.08e-01      4s
   3   6.23219681e+02  1.59137437e+02  4.01e+01 2.25e+01  2.37e+02 *5.04e+00 1.56e-02  1.68e+01  7.12e-01 1.20e-01      6s
   4   5.75322263e+02  1.68122907e+02  3.43e+01 1.96e+01  2.09e+02 *9.26e+00 1.56e-02  2.05e+01  6.87e-01 1.29e-01      7s
   5   5.32233020e+02  1.76129300e+02  2.89e+01 1.70e+01  1.84e+02 *1.46e+01 1.56e-02  2.53e+01  6.30e-01 1.32e-01      8s
   6   4.96819691e+02  1.82583217e+02  2.43e+01 1.49e+01  1.63e+02 *2.09e+01 1.56e-02  3.14e+01  5.67e-01 1.23e-01     10s
   7   4.70021426e+02  1.87328100e+02  2.10e+01 1.34e+01  1.48e+02 *2.83e+01 1.56e-02  3.80e+01  5.05e-01 1.03e-01     11s
   8   4.50595331e+02  1.90643767e+02  1.88e+01 1.23e+01  1.37e+02 *3.66e+01 1.56e-02  4.42e+01  4.49e-01 8.08e-02     12s
   9   4.36315265e+02  1.92981230e+02  1.77e+01 1.15e+01  1.29e+02 *4.55e+01 1.56e-02  4.92e+01  4.03e-01 6.24e-02     14s
  10   4.25487751e+02  1.94675349e+02  1.72e+01 1.10e+01  1.23e+02 *5.49e+01 1.56e-02  5.30e+01  3.66e-01 4.85e-02     15s
  11   4.16938640e+02  1.95951514e+02  1.73e+01 1.05e+01  1.18e+02 *6.47e+01 1.56e-02  5.58e+01  3.36e-01 3.86e-02     16s
  12   4.09950280e+02  1.96945514e+02  1.77e+01 1.02e+01  1.15e+02 *7.48e+01 1.56e-02  5.78e+01  3.11e-01 3.14e-02     18s
  13   4.04072209e+02  1.97741546e+02  1.84e+01 9.94e+00  1.12e+02 *8.51e+01 1.56e-02  5.93e+01  2.91e-01 2.61e-02     20s
  14   3.99008870e+02  1.98394128e+02  1.93e+01 9.72e+00  1.10e+02 *9.58e+01 1.56e-02  6.04e+01  2.74e-01 2.20e-02     21s
  15   3.94559076e+02  1.98939855e+02  2.02e+01 9.54e+00  1.08e+02 *1.07e+02 1.56e-02  6.13e+01  2.59e-01 1.89e-02     23s
  16   3.90585604e+02  1.99403575e+02  2.13e+01 9.38e+00  1.06e+02 *1.18e+02 1.56e-02  6.19e+01  2.46e-01 1.64e-02     25s
  17   3.86989623e+02  1.99803007e+02  2.24e+01 9.24e+00  1.05e+02 *1.30e+02 1.56e-02  6.24e+01  2.34e-01 1.44e-02     26s
  18   3.83695362e+02  2.00151404e+02  2.35e+01 9.13e+00  1.04e+02 *1.41e+02 1.56e-02  6.28e+01  2.24e-01 1.28e-02     28s
  19   3.80649493e+02  2.00458230e+02  2.47e+01 9.02e+00  1.03e+02 *1.53e+02 1.56e-02  6.30e+01  2.15e-01 1.14e-02     29s
  20   3.77809243e+02  2.00730889e+02  2.59e+01 8.93e+00  1.02e+02 *1.66e+02 1.56e-02  6.33e+01  2.07e-01 1.03e-02     30s
  21   3.75142380e+02  2.00974998e+02  2.71e+01 8.84e+00  1.01e+02 *1.78e+02 1.56e-02  6.34e+01  1.99e-01 9.35e-03     31s
  22   3.72624698e+02  2.01194867e+02  2.82e+01 8.77e+00  9.99e+01 *1.91e+02 1.56e-02  6.36e+01  1.92e-01 8.52e-03     33s
  23   3.70231082e+02  2.01394435e+02  2.94e+01 8.70e+00  9.91e+01 *2.05e+02 1.56e-02  6.37e+01  1.86e-01 7.81e-03     34s
  24   3.67949249e+02  2.01576178e+02  3.06e+01 8.64e+00  9.85e+01 *2.18e+02 1.56e-02  6.37e+01  1.80e-01 7.18e-03     36s
  25   3.65764309e+02  2.01742546e+02  3.18e+01 8.58e+00  9.79e+01 *2.32e+02 1.56e-02  6.38e+01  1.75e-01 6.63e-03     38s
  26   3.63663328e+02  2.01895589e+02  3.30e+01 8.53e+00  9.73e+01 *2.46e+02 1.56e-02  6.38e+01  1.70e-01 6.15e-03     39s
  27   3.61634934e+02  2.02037041e+02  3.42e+01 8.48e+00  9.68e+01 *2.60e+02 1.56e-02  6.39e+01  1.65e-01 5.73e-03     40s
  28   3.59674915e+02  2.02167981e+02  3.53e+01 8.43e+00  9.63e+01 *2.74e+02 1.56e-02  6.39e+01  1.61e-01 5.34e-03     42s
  29   3.57772004e+02  2.02289854e+02  3.65e+01 8.39e+00  9.59e+01 *2.89e+02 1.56e-02  6.39e+01  1.56e-01 5.01e-03     43s
  30   3.55925234e+02  2.02403319e+02  3.77e+01 8.35e+00  9.55e+01 *3.04e+02 1.56e-02  6.39e+01  1.52e-01 4.69e-03     44s
  31   3.54124862e+02  2.02509512e+02  3.88e+01 8.32e+00  9.51e+01 *3.20e+02 1.56e-02  6.39e+01  1.49e-01 4.41e-03     46s
  32   3.52367190e+02  2.02609105e+02  4.00e+01 8.28e+00  9.47e+01 *3.35e+02 1.56e-02  6.39e+01  1.45e-01 4.16e-03     48s
  33   3.50650580e+02  2.02702605e+02  4.11e+01 8.25e+00  9.44e+01 *3.51e+02 1.56e-02  6.39e+01  1.42e-01 3.93e-03     49s
  34   3.48968548e+02  2.02790734e+02  4.23e+01 8.22e+00  9.40e+01 *3.67e+02 1.56e-02  6.38e+01  1.39e-01 3.72e-03     50s
  35   3.47321625e+02  2.02873789e+02  4.34e+01 8.19e+00  9.37e+01 *3.83e+02 1.56e-02  6.38e+01  1.36e-01 3.52e-03     52s
  36   3.45703934e+02  2.02952364e+02  4.46e+01 8.16e+00  9.34e+01 *4.00e+02 1.56e-02  6.38e+01  1.33e-01 3.35e-03     53s
  37   3.44114691e+02  2.03026759e+02  4.57e+01 8.14e+00  9.32e+01 *4.17e+02 1.56e-02  6.38e+01  1.30e-01 3.18e-03     54s
  38   3.42551646e+02  2.03097317e+02  4.68e+01 8.11e+00  9.29e+01 *4.34e+02 1.56e-02  6.38e+01  1.28e-01 3.03e-03     55s
  39   3.41012689e+02  2.03164349e+02  4.79e+01 8.09e+00  9.27e+01 *4.51e+02 1.56e-02  6.37e+01  1.25e-01 2.89e-03     56s
  40   3.39494313e+02  2.03228201e+02  4.91e+01 8.06e+00  9.24e+01 *4.69e+02 1.56e-02  6.37e+01  1.23e-01 2.76e-03     58s
  41   3.37999151e+02  2.03288936e+02  5.02e+01 8.04e+00  9.22e+01 *4.87e+02 1.56e-02  6.37e+01  1.21e-01 2.64e-03     59s
  42   3.36520939e+02  2.03346975e+02  5.13e+01 8.02e+00  9.20e+01 *5.05e+02 1.56e-02  6.37e+01  1.19e-01 2.53e-03     60s
  43   3.35062368e+02  2.03402354e+02  5.24e+01 8.00e+00  9.18e+01 *5.23e+02 1.56e-02  6.36e+01  1.17e-01 2.42e-03     61s
  44   3.33620325e+02  2.03455330e+02  5.35e+01 7.99e+00  9.16e+01 *5.42e+02 1.56e-02  6.36e+01  1.15e-01 2.32e-03     63s
  45   3.32193222e+02  2.03506081e+02  5.46e+01 7.97e+00  9.14e+01 *5.61e+02 1.56e-02  6.36e+01  1.13e-01 2.23e-03     64s
  46   3.30780937e+02  2.03554724e+02  5.57e+01 7.95e+00  9.12e+01 *5.80e+02 1.56e-02  6.35e+01  1.11e-01 2.15e-03     65s
  47   3.29383377e+02  2.03601367e+02  5.68e+01 7.93e+00  9.10e+01 *6.00e+02 1.56e-02  6.35e+01  1.09e-01 2.06e-03     66s
  48   3.27999083e+02  2.03646155e+02  5.79e+01 7.92e+00  9.09e+01 *6.19e+02 1.56e-02  6.35e+01  1.07e-01 1.99e-03     68s
  49   3.26626636e+02  2.03689224e+02  5.89e+01 7.90e+00  9.07e+01 *6.39e+02 1.56e-02  6.35e+01  1.06e-01 1.92e-03     69s
  50   3.25267378e+02  2.03730613e+02  6.00e+01 7.89e+00  9.06e+01 *6.59e+02 1.56e-02  6.34e+01  1.04e-01 1.85e-03     71s
  51   3.23917246e+02  2.03770522e+02  6.11e+01 7.87e+00  9.04e+01 *6.80e+02 1.56e-02  6.34e+01  1.03e-01 1.78e-03     72s
  52   3.22578937e+02  2.03808942e+02  6.22e+01 7.86e+00  9.03e+01 *7.00e+02 1.56e-02  6.34e+01  1.01e-01 1.72e-03     74s
  53   3.21249810e+02  2.03846013e+02  6.32e+01 7.85e+00  9.01e+01 *7.21e+02 1.56e-02  6.34e+01  9.96e-02 1.66e-03     76s
  54   3.19929901e+02  2.03881795e+02  6.43e+01 7.83e+00  9.00e+01 *7.42e+02 1.56e-02  6.33e+01  9.81e-02 1.61e-03     77s
  55   3.18619255e+02  2.03916343e+02  6.54e+01 7.82e+00  8.99e+01 *7.64e+02 1.56e-02  6.33e+01  9.68e-02 1.56e-03     78s
  56   3.17316620e+02  2.03949743e+02  6.64e+01 7.81e+00  8.97e+01 *7.85e+02 1.56e-02  6.33e+01  9.55e-02 1.51e-03     80s
  57   3.16023352e+02  2.03982010e+02  6.75e+01 7.80e+00  8.96e+01 *8.07e+02 1.56e-02  6.33e+01  9.42e-02 1.46e-03     81s
  58   3.14736943e+02  2.04013254e+02  6.86e+01 7.79e+00  8.95e+01 *8.29e+02 1.56e-02  6.32e+01  9.29e-02 1.42e-03     82s
  59   3.13458742e+02  2.04043486e+02  6.96e+01 7.78e+00  8.94e+01 *8.52e+02 1.56e-02  6.32e+01  9.17e-02 1.37e-03     83s
  60   3.12186281e+02  2.04072803e+02  7.07e+01 7.77e+00  8.93e+01 *8.74e+02 1.56e-02  6.32e+01  9.05e-02 1.33e-03     84s
  61   3.10920905e+02  2.04101212e+02  7.17e+01 7.76e+00  8.92e+01 *8.97e+02 1.56e-02  6.32e+01  8.94e-02 1.30e-03     85s
  62   3.09662697e+02  2.04128748e+02  7.28e+01 7.75e+00  8.91e+01 *9.20e+02 1.56e-02  6.31e+01  8.83e-02 1.26e-03     86s
  63   3.08410489e+02  2.04155471e+02  7.38e+01 7.74e+00  8.90e+01 *9.44e+02 1.56e-02  6.31e+01  8.72e-02 1.22e-03     87s
  64   3.07163121e+02  2.04181436e+02  7.49e+01 7.73e+00  8.89e+01 *9.67e+02 1.56e-02  6.31e+01  8.61e-02 1.19e-03     89s
  65   3.05921923e+02  2.04206645e+02  7.59e+01 7.72e+00  8.88e+01 *9.91e+02 1.56e-02  6.31e+01  8.51e-02 1.16e-03     90s
  66   3.04686986e+02  2.04231125e+02  7.70e+01 7.71e+00  8.87e+01 *1.02e+03 1.56e-02  6.31e+01  8.41e-02 1.13e-03     91s
  67   3.03455942e+02  2.04254950e+02  7.80e+01 7.70e+00  8.86e+01 *1.04e+03 1.56e-02  6.30e+01  8.31e-02 1.10e-03     93s
  68   3.02231332e+02  2.04278094e+02  7.90e+01 7.69e+00  8.85e+01 *1.06e+03 1.56e-02  6.30e+01  8.22e-02 1.07e-03     94s
  69   3.01010811e+02  2.04300628e+02  8.01e+01 7.69e+00  8.84e+01 *1.09e+03 1.56e-02  6.30e+01  8.13e-02 1.04e-03     95s
  70   2.99794470e+02  2.04322571e+02  8.11e+01 7.68e+00  8.83e+01 *1.11e+03 1.56e-02  6.30e+01  8.04e-02 1.01e-03     96s
  71   2.98582402e+02  2.04343943e+02  8.21e+01 7.67e+00  8.82e+01 *1.14e+03 1.56e-02  6.30e+01  7.95e-02 9.89e-04     98s

The solution quality is limited by the precision of the linear system solver.

The II-IPM stopped after 72 iterations in 97.53 seconds.

Primal variables:   [+0.873 +105.371 +3.674 +3.435 +92.463 +11.686 +1.564 +2.275]
Dual slacks:        [+9.310 +0.086 +3.799 +4.089 +0.060 +1.052 +7.420 +5.985]
Dual variables:     [+0.476 +9.018]

Primal objective:   2.98582402e+02 
Dual objective:     2.04343943e+02 

Primal residual:    8.21e+01
Dual residual:      7.67e+00
Complementraty:     8.82e+01

Number of Iter:     72
Run time:           97.53
