
================= Linear optimization problem Information =================
Number of variables:     8
Number of constraints:   2

Norm of primal sol:      5.00e+00
Norm of dual sol:        1.00e+01
Norm of dual slacks:     5.00e+00

Norm of vector b:        8.03e+00
Norm of vector c:        3.34e+01

Norm of matrix A:        4.47e+00
Condition number:        2.00e+00
Seed:                    1

======================= Linear optimization problem =======================
coeff matrix A:          [[-0.959 +0.303 +1.232 -0.307 -0.369 +1.155 +0.945 +0.863]
                          [+1.340 -1.641 -0.130 +1.477 +1.347 +1.100 -1.042 -1.864]]

RHS vector b:            [+3.657 -7.149]
Obj vector c:            [+18.690 -8.607 -11.987 +8.072 +8.193 -6.938 -12.515 -14.638]

============================ Optimal solution =============================
Primal variables:        [+0.000 +4.041 +0.000 +1.696 +0.823 +0.518 +1.045 +1.938]
Dual slacks:             [+5.000 +0.000 +0.001 +0.000 +0.000 +0.000 +0.000 +0.000]
Dual variables:          [-9.360 +3.520]

Optimal objective:       -5.93938044e+01
===========================================================================

Method:             II-QIPM
LO_Precision:       1.00e-01
Stop_Precision:     1.00e-03
LO_Verbosity:       2
Omega:              1.00e+01
num_ancillae:       4

The Quantum Inexact Infeasible Interior-Point Method starts running ...


                  Objective                Residual                      Quantum                    Step-length
Iter      Primal           Dual         Primal    Dual     Compl    ||Resl||   Prob    Cond-Num   a-star   a-hat      Time
   0  -6.67102281e+01 -4.75204362e+01  8.42e+00 1.44e+01  2.85e+02 *3.30e-02 6.80e-02  4.00e+00  8.19e-01 7.00e-01      2s
   1  -6.96858677e+01 -5.23120852e+01  7.66e+00 1.09e+01  2.23e+02 *5.35e+00 1.57e-02  1.95e+01  8.98e-01 2.45e-01      4s
   2  -7.13812097e+01 -5.54619885e+01  6.90e+00 8.53e+00  1.80e+02 *4.19e+00 1.56e-02  2.33e+01  8.73e-01 2.17e-01      6s
   3  -7.15998563e+01 -5.76533554e+01  6.13e+00 6.87e+00  1.49e+02 *2.96e+00 1.56e-02  2.87e+01  8.44e-01 1.95e-01      7s
   4  -7.05103070e+01 -5.92497821e+01  5.34e+00 5.65e+00  1.25e+02 *1.72e+00 1.56e-02  3.64e+01  8.15e-01 1.77e-01      8s
   5  -6.84182066e+01 -6.04620591e+01  4.56e+00 4.73e+00  1.07e+02 *5.46e-01 1.56e-02  4.72e+01  7.90e-01 1.63e-01      9s
   6  -6.56067419e+01 -6.14119024e+01  3.78e+00 4.01e+00  9.24e+01 *5.35e-01 1.56e-02  6.19e+01  7.62e-01 1.52e-01     11s
   7  -6.23103672e+01 -6.21671677e+01  3.03e+00 3.44e+00  8.05e+01 *1.54e+00 1.56e-02  8.20e+01  7.14e-01 1.42e-01     13s
   8  -5.87314190e+01 -6.27670206e+01  2.32e+00 2.99e+00  7.09e+01 *2.50e+00 1.56e-02  1.09e+02  6.63e-01 1.30e-01     14s
   9  -5.50430289e+01 -6.32378856e+01  1.66e+00 2.64e+00  6.33e+01 *3.45e+00 1.56e-02  1.43e+02  6.10e-01 1.17e-01     16s
  10  -5.13723295e+01 -6.36025233e+01  1.07e+00 2.37e+00  5.74e+01 *4.43e+00 1.56e-02  1.86e+02  5.57e-01 1.03e-01     18s
  11  -4.78156254e+01 -6.38805710e+01  5.89e-01 2.16e+00  5.28e+01 *5.48e+00 1.56e-02  2.33e+02  5.06e-01 8.72e-02     19s
  12  -4.44155271e+01 -6.40916069e+01  4.24e-01 2.00e+00  4.92e+01 *6.62e+00 1.56e-02  2.83e+02  4.60e-01 7.27e-02     20s
  13  -4.11831673e+01 -6.42524006e+01  6.98e-01 1.88e+00  4.65e+01 *7.87e+00 1.56e-02  3.32e+02  4.19e-01 6.00e-02     21s
  14  -3.81190108e+01 -6.43759525e+01  1.07e+00 1.79e+00  4.43e+01 *9.23e+00 1.56e-02  3.76e+02  3.84e-01 4.94e-02     23s
  15  -3.52008537e+01 -6.44726043e+01  1.45e+00 1.72e+00  4.27e+01 *1.07e+01 1.56e-02  4.15e+02  3.54e-01 4.09e-02     24s
  16  -3.24120352e+01 -6.45494968e+01  1.81e+00 1.66e+00  4.13e+01 *1.23e+01 1.56e-02  4.47e+02  3.28e-01 3.41e-02     25s
  17  -2.97339695e+01 -6.46117769e+01  2.15e+00 1.61e+00  4.02e+01 *1.39e+01 1.56e-02  4.74e+02  3.06e-01 2.88e-02     27s
  18  -2.71551020e+01 -6.46629841e+01  2.48e+00 1.57e+00  3.93e+01 *1.56e+01 1.56e-02  4.97e+02  2.87e-01 2.46e-02     28s
  19  -2.46615826e+01 -6.47057447e+01  2.79e+00 1.54e+00  3.85e+01 *1.75e+01 1.56e-02  5.15e+02  2.71e-01 2.12e-02     29s
  20  -2.22414010e+01 -6.47419572e+01  3.10e+00 1.51e+00  3.78e+01 *1.93e+01 1.56e-02  5.30e+02  2.56e-01 1.84e-02     30s
  21  -1.98860158e+01 -6.47729895e+01  3.39e+00 1.49e+00  3.73e+01 *2.13e+01 1.56e-02  5.42e+02  2.44e-01 1.62e-02     31s
  22  -1.75851812e+01 -6.47999012e+01  3.67e+00 1.46e+00  3.68e+01 *2.33e+01 1.56e-02  5.52e+02  2.33e-01 1.43e-02     33s
  23  -1.53380224e+01 -6.48234039e+01  3.95e+00 1.45e+00  3.63e+01 *2.54e+01 1.56e-02  5.61e+02  2.22e-01 1.28e-02     35s
  24  -1.31326823e+01 -6.48441677e+01  4.22e+00 1.43e+00  3.60e+01 *2.76e+01 1.56e-02  5.68e+02  2.13e-01 1.15e-02     36s
  25  -1.09703997e+01 -6.48626000e+01  4.49e+00 1.41e+00  3.56e+01 *2.98e+01 1.56e-02  5.74e+02  2.05e-01 1.04e-02     37s
  26  -8.84379485e+00 -6.48791025e+01  4.75e+00 1.40e+00  3.53e+01 *3.20e+01 1.56e-02  5.78e+02  1.97e-01 9.43e-03     38s
  27  -6.74962178e+00 -6.48939665e+01  5.00e+00 1.39e+00  3.50e+01 *3.44e+01 1.56e-02  5.83e+02  1.91e-01 8.61e-03     40s
  28  -4.68659381e+00 -6.49074180e+01  5.25e+00 1.38e+00  3.48e+01 *3.67e+01 1.56e-02  5.86e+02  1.84e-01 7.90e-03     41s
  29  -2.65126564e+00 -6.49196579e+01  5.50e+00 1.37e+00  3.45e+01 *3.92e+01 1.56e-02  5.89e+02  1.78e-01 7.27e-03     43s
  30  -6.42088329e-01 -6.49308423e+01  5.74e+00 1.36e+00  3.43e+01 *4.17e+01 1.56e-02  5.91e+02  1.73e-01 6.72e-03     44s
  31   1.34459101e+00 -6.49411136e+01  5.98e+00 1.35e+00  3.41e+01 *4.42e+01 1.56e-02  5.94e+02  1.68e-01 6.23e-03     45s
  32   3.30860458e+00 -6.49505728e+01  6.21e+00 1.34e+00  3.39e+01 *4.68e+01 1.56e-02  5.95e+02  1.63e-01 5.80e-03     46s
  33   5.25378066e+00 -6.49593250e+01  6.45e+00 1.34e+00  3.38e+01 *4.94e+01 1.56e-02  5.97e+02  1.59e-01 5.41e-03     47s
  34   7.18019642e+00 -6.49674432e+01  6.68e+00 1.33e+00  3.36e+01 *5.21e+01 1.56e-02  5.98e+02  1.54e-01 5.07e-03     49s
  35   9.08992924e+00 -6.49749992e+01  6.91e+00 1.32e+00  3.35e+01 *5.49e+01 1.56e-02  5.99e+02  1.51e-01 4.75e-03     50s
  36   1.09813583e+01 -6.49820407e+01  7.14e+00 1.32e+00  3.33e+01 *5.77e+01 1.56e-02  6.00e+02  1.47e-01 4.46e-03     51s
  37   1.28585701e+01 -6.49886308e+01  7.36e+00 1.31e+00  3.32e+01 *6.05e+01 1.56e-02  6.01e+02  1.43e-01 4.21e-03     53s
  38   1.47220108e+01 -6.49948112e+01  7.58e+00 1.31e+00  3.31e+01 *6.34e+01 1.56e-02  6.02e+02  1.40e-01 3.97e-03     55s
  39   1.65703433e+01 -6.50006133e+01  7.80e+00 1.30e+00  3.29e+01 *6.64e+01 1.56e-02  6.02e+02  1.37e-01 3.76e-03     56s
  40   1.84077985e+01 -6.50060821e+01  8.02e+00 1.30e+00  3.28e+01 *6.94e+01 1.56e-02  6.03e+02  1.34e-01 3.56e-03     58s
  41   2.02313819e+01 -6.50112361e+01  8.24e+00 1.29e+00  3.27e+01 *7.25e+01 1.56e-02  6.03e+02  1.31e-01 3.38e-03     60s
  42   2.20435782e+01 -6.50161074e+01  8.46e+00 1.29e+00  3.26e+01 *7.56e+01 1.56e-02  6.03e+02  1.29e-01 3.21e-03     61s
  43   2.38469345e+01 -6.50207243e+01  8.67e+00 1.28e+00  3.25e+01 *7.87e+01 1.56e-02  6.04e+02  1.26e-01 3.06e-03     63s
  44   2.56386765e+01 -6.50250988e+01  8.88e+00 1.28e+00  3.25e+01 *8.19e+01 1.56e-02  6.04e+02  1.24e-01 2.91e-03     65s
  45   2.74214059e+01 -6.50292551e+01  9.10e+00 1.28e+00  3.24e+01 *8.51e+01 1.56e-02  6.04e+02  1.21e-01 2.78e-03     66s
  46   2.91942304e+01 -6.50332066e+01  9.31e+00 1.27e+00  3.23e+01 *8.84e+01 1.56e-02  6.04e+02  1.19e-01 2.66e-03     69s
  47   3.09580536e+01 -6.50369695e+01  9.52e+00 1.27e+00  3.22e+01 *9.18e+01 1.56e-02  6.04e+02  1.17e-01 2.54e-03     70s
  48   3.27120623e+01 -6.50405550e+01  9.73e+00 1.27e+00  3.21e+01 *9.52e+01 1.56e-02  6.04e+02  1.15e-01 2.43e-03     72s
  49   3.44607137e+01 -6.50439836e+01  9.93e+00 1.26e+00  3.21e+01 *9.86e+01 1.56e-02  6.04e+02  1.13e-01 2.34e-03     74s
  50   3.61998196e+01 -6.50472574e+01  1.01e+01 1.26e+00  3.20e+01 *1.02e+02 1.56e-02  6.04e+02  1.11e-01 2.24e-03     76s
  51   3.79321253e+01 -6.50503912e+01  1.03e+01 1.26e+00  3.19e+01 *1.06e+02 1.56e-02  6.04e+02  1.09e-01 2.15e-03     78s
  52   3.96569675e+01 -6.50533925e+01  1.05e+01 1.26e+00  3.19e+01 *1.09e+02 1.56e-02  6.04e+02  1.07e-01 2.07e-03     80s
  53   4.13754217e+01 -6.50562710e+01  1.08e+01 1.25e+00  3.18e+01 *1.13e+02 1.56e-02  6.04e+02  1.06e-01 1.99e-03     82s
  54   4.30885935e+01 -6.50590358e+01  1.10e+01 1.25e+00  3.18e+01 *1.16e+02 1.56e-02  6.04e+02  1.04e-01 1.92e-03     84s
  55   4.47942022e+01 -6.50616898e+01  1.12e+01 1.25e+00  3.17e+01 *1.20e+02 1.56e-02  6.04e+02  1.02e-01 1.85e-03     86s
  56   4.64933742e+01 -6.50642410e+01  1.14e+01 1.25e+00  3.17e+01 *1.24e+02 1.56e-02  6.04e+02  1.01e-01 1.79e-03     88s
  57   4.81872620e+01 -6.50666969e+01  1.16e+01 1.24e+00  3.16e+01 *1.28e+02 1.56e-02  6.04e+02  9.93e-02 1.72e-03     90s
  58   4.98753548e+01 -6.50690617e+01  1.18e+01 1.24e+00  3.16e+01 *1.32e+02 1.56e-02  6.04e+02  9.78e-02 1.67e-03     92s
  59   5.15571549e+01 -6.50713399e+01  1.20e+01 1.24e+00  3.15e+01 *1.36e+02 1.56e-02  6.04e+02  9.64e-02 1.61e-03     94s
  60   5.32355337e+01 -6.50735395e+01  1.22e+01 1.24e+00  3.15e+01 *1.39e+02 1.56e-02  6.04e+02  9.51e-02 1.56e-03     96s
  61   5.49083768e+01 -6.50756620e+01  1.24e+01 1.24e+00  3.14e+01 *1.43e+02 1.56e-02  6.04e+02  9.38e-02 1.51e-03     97s
  62   5.65752382e+01 -6.50777106e+01  1.26e+01 1.23e+00  3.14e+01 *1.48e+02 1.56e-02  6.04e+02  9.25e-02 1.46e-03    100s
  63   5.82390099e+01 -6.50796926e+01  1.28e+01 1.23e+00  3.13e+01 *1.52e+02 1.56e-02  6.04e+02  9.13e-02 1.42e-03    101s
  64   5.98959795e+01 -6.50816067e+01  1.29e+01 1.23e+00  3.13e+01 *1.56e+02 1.56e-02  6.03e+02  9.01e-02 1.37e-03    104s
  65   6.15506946e+01 -6.50834614e+01  1.31e+01 1.23e+00  3.13e+01 *1.60e+02 1.56e-02  6.03e+02  8.89e-02 1.33e-03    106s
  66   6.32011441e+01 -6.50852572e+01  1.33e+01 1.23e+00  3.12e+01 *1.64e+02 1.56e-02  6.03e+02  8.78e-02 1.29e-03    107s
  67   6.48453136e+01 -6.50869947e+01  1.35e+01 1.23e+00  3.12e+01 *1.68e+02 1.56e-02  6.03e+02  8.67e-02 1.25e-03    109s
  68   6.64877545e+01 -6.50886813e+01  1.37e+01 1.22e+00  3.12e+01 *1.73e+02 1.56e-02  6.03e+02  8.56e-02 1.22e-03    110s
  69   6.81248670e+01 -6.50903156e+01  1.39e+01 1.22e+00  3.11e+01 *1.77e+02 1.56e-02  6.03e+02  8.46e-02 1.19e-03    112s
  70   6.97595753e+01 -6.50919027e+01  1.41e+01 1.22e+00  3.11e+01 *1.81e+02 1.56e-02  6.03e+02  8.36e-02 1.15e-03    114s
  71   7.13899384e+01 -6.50934429e+01  1.43e+01 1.22e+00  3.11e+01 *1.86e+02 1.56e-02  6.03e+02  8.26e-02 1.12e-03    116s
  72   7.30156392e+01 -6.50949377e+01  1.45e+01 1.22e+00  3.10e+01 *1.90e+02 1.56e-02  6.02e+02  8.16e-02 1.09e-03    117s
  73   7.46396139e+01 -6.50963919e+01  1.47e+01 1.22e+00  3.10e+01 *1.95e+02 1.56e-02  6.02e+02  8.07e-02 1.06e-03    119s
  74   7.62599645e+01 -6.50978053e+01  1.49e+01 1.22e+00  3.10e+01 *2.00e+02 1.56e-02  6.02e+02  7.98e-02 1.04e-03    121s
  75   7.78764049e+01 -6.50991794e+01  1.51e+01 1.22e+00  3.09e+01 *2.04e+02 1.56e-02  6.02e+02  7.89e-02 1.01e-03    123s
  76   7.94886550e+01 -6.51005155e+01  1.53e+01 1.21e+00  3.09e+01 *2.09e+02 1.56e-02  6.02e+02  7.80e-02 9.83e-04    125s

The solution quality is limited by the precision of the linear system solver.

The II-IPM stopped after 77 iterations in 124.50 seconds.

Primal variables:   [+1.531 +126.426 +1.021 +12.048 +136.451 +0.636 +1.864 +2.467]
Dual slacks:        [+2.813 +0.015 +4.489 +0.343 +0.022 +5.192 +2.756 +1.813]
Dual variables:     [-12.646 +2.637]

Primal objective:   7.94886550e+01 
Dual objective:     -6.51005155e+01

Primal residual:    1.53e+01
Dual residual:      1.21e+00
Complementraty:     3.09e+01

Number of Iter:     77
Run time:           124.50
