
================= Linear optimization problem Information =================
Number of variables:     8
Number of constraints:   2

Norm of primal sol:      5.00e+00
Norm of dual sol:        1.00e+01
Norm of dual slacks:     5.00e+00

Norm of vector b:        2.88e+00
Norm of vector c:        2.28e+01

Norm of matrix A:        2.24e+00
Condition number:        2.00e+00
Seed:                    68

======================= Linear optimization problem =======================
coeff matrix A:          [[+0.536 +0.286 -0.449 +0.742 +0.274 -0.580 -0.290 +0.141]
                          [-0.175 +0.926 +0.648 +0.811 +0.874 -0.620 -0.500 +0.005]]

RHS vector b:            [-0.864 -2.748]
Obj vector c:            [+0.664 +9.610 +7.444 +10.473 +12.699 -8.059 -5.755 +0.638]

============================ Optimal solution =============================
Primal variables:        [+1.423 +0.238 +0.000 +0.617 +0.000 +1.626 +4.430 +0.520]
Dual slacks:             [+0.000 +0.000 +3.449 +0.000 +3.620 +0.000 +0.000 +0.000]
Dual variables:          [+4.196 +9.077]

Optimal objective:       -2.85719070e+01
===========================================================================

Method:             II-QIPM
LO_Precision:       1.00e-01
Stop_Precision:     1.00e-03
LO_Verbosity:       2
Omega:              1.00e+01
num_ancillae:       4

The Quantum Inexact Infeasible Interior-Point Method starts running ...


                  Objective                Residual                      Quantum                    Step-length
Iter      Primal           Dual         Primal    Dual     Compl    ||Resl||   Prob    Cond-Num   a-star   a-hat      Time
   0   1.11383617e+02 -7.85920817e+00  9.63e+00 1.13e+01  3.49e+02  3.40e-02 1.58e-02  4.00e+00  7.13e-01 5.93e-01      2s
   1   9.07352267e+01 -1.14511252e+01  7.87e+00 9.16e+00  2.90e+02  3.73e-01 1.74e-02  6.41e+00  7.89e-01 1.85e-01      3s
   2   6.92720242e+01 -1.53614995e+01  6.07e+00 7.05e+00  2.30e+02  3.69e-01 1.80e-02  7.36e+00  8.49e-01 2.31e-01      5s
   3   4.30632680e+01 -1.99741053e+01  3.98e+00 4.64e+00  1.59e+02  2.11e-01 1.80e-02  8.63e+00  9.29e-01 3.42e-01      7s
   4   3.75687047e+00 -2.58443316e+01  1.38e+00 1.60e+00  6.50e+01  1.42e+00 1.73e-02  1.05e+01  9.60e-01 6.55e-01      9s
   5  -2.36119958e+01 -2.82716783e+01  2.26e+00 2.98e-01  1.67e+01  2.65e+00 1.65e-02  1.32e+01  9.16e-01 8.14e-01     10s
   6  -2.42593706e+01 -2.83329257e+01  1.92e+00 2.54e-01  1.44e+01  5.86e-03 1.56e-02  1.30e+01  7.34e-01 1.49e-01     12s
   7  -2.45229811e+01 -2.83768034e+01  1.56e+00 2.21e-01  1.27e+01  8.28e-01 1.57e-02  1.36e+01  7.17e-01 1.31e-01     13s
   8  -2.44997823e+01 -2.84104973e+01  1.17e+00 1.94e-01  1.13e+01  1.73e+00 1.59e-02  1.41e+01  6.97e-01 1.19e-01     15s
   9  -2.42389713e+01 -2.84365631e+01  7.51e-01 1.73e-01  1.02e+01  2.73e+00 1.62e-02  1.46e+01  6.76e-01 1.08e-01     17s
  10  -2.37868790e+01 -2.84569214e+01  3.18e-01 1.56e-01  9.30e+00  3.84e+00 1.65e-02  1.50e+01  6.53e-01 9.72e-02     18s
  11  -2.31841637e+01 -2.84729851e+01  2.04e-01 1.43e-01  8.57e+00  5.04e+00 1.68e-02  1.54e+01  6.29e-01 8.70e-02     20s
  12  -2.24608258e+01 -2.84858725e+01  6.58e-01 1.32e-01  7.96e+00  6.32e+00 1.72e-02  1.57e+01  6.06e-01 7.80e-02     22s
  13  -2.16430026e+01 -2.84963151e+01  1.15e+00 1.22e-01  7.45e+00  7.69e+00 1.75e-02  1.59e+01  5.84e-01 6.99e-02     24s
  14  -2.07482113e+01 -2.85048981e+01  1.65e+00 1.15e-01  7.03e+00  9.16e+00 1.78e-02  1.62e+01  5.62e-01 6.29e-02     26s
  15  -1.97919713e+01 -2.85120230e+01  2.16e+00 1.08e-01  6.67e+00  1.07e+01 1.81e-02  1.64e+01  5.41e-01 5.66e-02     28s
  16  -1.87839097e+01 -2.85180100e+01  2.68e+00 1.03e-01  6.36e+00  1.24e+01 1.84e-02  1.66e+01  5.21e-01 5.12e-02     30s
  17  -1.77328218e+01 -2.85230869e+01  3.21e+00 9.80e-02  6.09e+00  1.41e+01 1.87e-02  1.67e+01  5.02e-01 4.64e-02     31s
  18  -1.66456582e+01 -2.85274285e+01  3.75e+00 9.38e-02  5.85e+00  1.60e+01 1.89e-02  1.69e+01  4.84e-01 4.22e-02     34s
  19  -1.55279176e+01 -2.85311707e+01  4.30e+00 9.02e-02  5.65e+00  1.79e+01 1.91e-02  1.70e+01  4.67e-01 3.84e-02     35s
  20  -1.43827961e+01 -2.85344230e+01  4.85e+00 8.71e-02  5.47e+00  2.00e+01 1.93e-02  1.71e+01  4.50e-01 3.51e-02     37s
  21  -1.32147402e+01 -2.85372657e+01  5.40e+00 8.43e-02  5.31e+00  2.22e+01 1.95e-02  1.73e+01  4.35e-01 3.21e-02     39s
  22  -1.20264016e+01 -2.85397664e+01  5.96e+00 8.18e-02  5.17e+00  2.44e+01 1.97e-02  1.74e+01  4.20e-01 2.95e-02     41s
  23  -1.08197987e+01 -2.85419794e+01  6.53e+00 7.96e-02  5.04e+00  2.68e+01 1.98e-02  1.75e+01  4.06e-01 2.72e-02     43s
  24  -9.59641729e+00 -2.85439489e+01  7.10e+00 7.76e-02  4.92e+00  2.94e+01 1.99e-02  1.76e+01  3.92e-01 2.51e-02     45s
  25  -8.35852844e+00 -2.85457092e+01  7.68e+00 7.58e-02  4.82e+00  3.20e+01 2.00e-02  1.77e+01  3.80e-01 2.32e-02     47s
  26  -7.10811985e+00 -2.85472889e+01  8.26e+00 7.41e-02  4.72e+00  3.48e+01 2.01e-02  1.77e+01  3.68e-01 2.14e-02     49s
  27  -5.84566878e+00 -2.85487135e+01  8.85e+00 7.27e-02  4.64e+00  3.77e+01 2.02e-02  1.78e+01  3.56e-01 1.99e-02     50s
  28  -5.10843648e+00 -2.85494602e+01  9.19e+00 7.19e-02  4.59e+00  4.07e+01 2.03e-02  1.79e+01  3.45e-01 1.07e-02     53s
  29  -5.10775022e+00 -2.85494609e+01  9.19e+00 7.19e-02  4.59e+00  4.25e+01 2.04e-02  1.79e+01  3.39e-01 9.52e-06     54s

The solution quality is limited by the precision of the linear system solver.

The II-IPM stopped after 30 iterations in 54.48 seconds.

Primal variables:   [+7.781 +35.192 +0.297 +9.072 +0.284 +44.440 +17.225 +12.560]
Dual slacks:        [+0.075 +0.008 +3.404 +0.048 +3.620 +0.008 +0.025 +0.037]
Dual variables:     [+4.107 +9.097]

Primal objective:   -5.10775022e+00
Dual objective:     -2.85494609e+01

Primal residual:    9.19e+00
Dual residual:      7.19e-02
Complementraty:     4.59e+00

Number of Iter:     30
Run time:           54.48
