
================= Linear optimization problem Information =================
Number of variables:     8
Number of constraints:   2

Norm of primal sol:      5.00e+00
Norm of dual sol:        1.00e+01
Norm of dual slacks:     5.00e+00

Norm of vector b:        3.27e+00
Norm of vector c:        4.72e+01

Norm of matrix A:        6.71e+00
Condition number:        2.00e+00
Seed:                    46

======================= Linear optimization problem =======================
coeff matrix A:          [[+1.601 -1.096 -2.414 +2.135 -0.681 +0.524 -2.830 -1.112]
                          [-2.048 -0.844 -1.634 +2.885 -0.655 -0.898 -1.917 -0.221]]

RHS vector b:            [+2.542 +2.056]
Obj vector c:            [+22.019 -6.835 -22.231 +18.102 -6.059 +6.183 -26.055 -10.815]

============================ Optimal solution =============================
Primal variables:        [+0.000 +0.000 +0.926 +2.818 +1.164 +3.484 +0.159 +1.639]
Dual slacks:             [+3.885 +3.147 +0.000 +0.000 +0.000 +0.000 +0.000 +0.000]
Dual variables:          [+9.941 -1.084]

Optimal objective:       +2.30442044e+01
===========================================================================

Method:             II-QIPM
LO_Precision:       1.00e-01
Stop_Precision:     1.00e-03
LO_Verbosity:       2
Omega:              1.00e+01
num_ancillae:       4

The Quantum Inexact Infeasible Interior-Point Method starts running ...


                  Objective                Residual                      Quantum                    Step-length
Iter      Primal           Dual         Primal    Dual     Compl    ||Resl||   Prob    Cond-Num   a-star   a-hat      Time
   0  -1.10822904e+02  1.34524392e+01  3.73e+01 3.21e+01  4.58e+02  1.13e-01 2.43e-02  4.00e+00  5.81e-01 4.60e-01      2s
   1  -1.08014580e+02  1.43176998e+01  3.37e+01 2.93e+01  4.22e+02  1.76e+01 4.99e-02  1.02e+01  6.20e-01 8.75e-02      4s
   2  -1.14291248e+02  1.49876354e+01  3.06e+01 2.69e+01  3.90e+02  2.98e+01 3.40e-02  1.23e+01  6.04e-01 8.25e-02      5s
   3  -1.27707087e+02  1.55596770e+01  2.81e+01 2.46e+01  3.59e+02  3.98e+01 2.33e-02  1.51e+01  5.88e-01 8.51e-02      7s
   4  -1.46026153e+02  1.60533947e+01  2.64e+01 2.24e+01  3.29e+02  4.72e+01 1.81e-02  1.89e+01  5.73e-01 8.76e-02      9s
   5  -1.67263261e+02  1.64774890e+01  2.57e+01 2.05e+01  3.02e+02  5.32e+01 1.63e-02  2.37e+01  5.57e-01 8.79e-02     11s
   6  -1.90466932e+02  1.68360474e+01  2.61e+01 1.87e+01  2.77e+02  5.97e+01 1.57e-02  2.90e+01  5.37e-01 8.49e-02     12s
   7  -2.15298705e+02  1.71320696e+01  2.76e+01 1.73e+01  2.56e+02  6.79e+01 1.55e-02  3.41e+01  5.03e-01 7.86e-02     13s
   8  -2.41637355e+02  1.73718972e+01  2.98e+01 1.60e+01  2.38e+02  7.84e+01 1.54e-02  3.85e+01  4.57e-01 7.03e-02     15s
   9  -2.69111169e+02  1.75625338e+01  3.26e+01 1.51e+01  2.24e+02  9.15e+01 1.54e-02  4.19e+01  4.15e-01 6.06e-02     17s
  10  -2.97480784e+02  1.77139249e+01  3.57e+01 1.43e+01  2.12e+02  1.07e+02 1.54e-02  4.43e+01  3.76e-01 5.15e-02     19s
  11  -3.26357915e+02  1.78342433e+01  3.91e+01 1.37e+01  2.03e+02  1.25e+02 1.54e-02  4.59e+01  3.42e-01 4.32e-02     21s
  12  -3.55508071e+02  1.79308788e+01  4.26e+01 1.32e+01  1.96e+02  1.46e+02 1.54e-02  4.69e+01  3.12e-01 3.63e-02     23s
  13  -3.84819583e+02  1.80096690e+01  4.62e+01 1.28e+01  1.89e+02  1.69e+02 1.54e-02  4.75e+01  2.87e-01 3.07e-02     24s
  14  -4.14142564e+02  1.80746955e+01  4.98e+01 1.24e+01  1.85e+02  1.94e+02 1.54e-02  4.77e+01  2.64e-01 2.61e-02     25s
  15  -4.43387514e+02  1.81290530e+01  5.35e+01 1.22e+01  1.80e+02  2.21e+02 1.54e-02  4.78e+01  2.45e-01 2.23e-02     26s
  16  -4.72564950e+02  1.81751541e+01  5.71e+01 1.19e+01  1.77e+02  2.50e+02 1.54e-02  4.77e+01  2.27e-01 1.93e-02     28s
  17  -5.01617122e+02  1.82146501e+01  6.08e+01 1.17e+01  1.74e+02  2.81e+02 1.53e-02  4.76e+01  2.12e-01 1.68e-02     30s
  18  -5.30557802e+02  1.82488697e+01  6.44e+01 1.16e+01  1.71e+02  3.14e+02 1.53e-02  4.73e+01  1.99e-01 1.48e-02     32s
  19  -5.59358556e+02  1.82787664e+01  6.80e+01 1.14e+01  1.69e+02  3.49e+02 1.53e-02  4.71e+01  1.87e-01 1.31e-02     34s
  20  -5.88059916e+02  1.83051417e+01  7.17e+01 1.13e+01  1.67e+02  3.85e+02 1.53e-02  4.68e+01  1.76e-01 1.17e-02     36s
  21  -6.16657803e+02  1.83285755e+01  7.53e+01 1.12e+01  1.65e+02  4.24e+02 1.53e-02  4.64e+01  1.67e-01 1.05e-02     38s
  22  -6.45128726e+02  1.83495131e+01  7.89e+01 1.10e+01  1.64e+02  4.64e+02 1.53e-02  4.61e+01  1.58e-01 9.42e-03     40s
  23  -6.73484842e+02  1.83683384e+01  8.25e+01 1.10e+01  1.62e+02  5.06e+02 1.53e-02  4.58e+01  1.50e-01 8.53e-03     42s
  24  -7.01745706e+02  1.83853651e+01  8.60e+01 1.09e+01  1.61e+02  5.50e+02 1.53e-02  4.54e+01  1.43e-01 7.76e-03     44s
  25  -7.29937494e+02  1.84008518e+01  8.96e+01 1.08e+01  1.60e+02  5.96e+02 1.53e-02  4.51e+01  1.36e-01 7.10e-03     46s
  26  -7.58007967e+02  1.84149706e+01  9.32e+01 1.07e+01  1.59e+02  6.43e+02 1.53e-02  4.48e+01  1.30e-01 6.50e-03     47s
  27  -7.86020033e+02  1.84279226e+01  9.67e+01 1.07e+01  1.58e+02  6.93e+02 1.53e-02  4.44e+01  1.25e-01 5.99e-03     49s
  28  -8.13930538e+02  1.84398272e+01  1.00e+02 1.06e+01  1.57e+02  7.44e+02 1.53e-02  4.41e+01  1.20e-01 5.53e-03     51s
  29  -8.41810157e+02  1.84508334e+01  1.04e+02 1.05e+01  1.56e+02  7.97e+02 1.53e-02  4.37e+01  1.15e-01 5.13e-03     52s
  30  -8.69595372e+02  1.84610152e+01  1.07e+02 1.05e+01  1.56e+02  8.53e+02 1.53e-02  4.34e+01  1.10e-01 4.76e-03     54s
  31  -8.97307075e+02  1.84704681e+01  1.11e+02 1.04e+01  1.55e+02  9.10e+02 1.53e-02  4.30e+01  1.06e-01 4.43e-03     56s
  32  -9.24969118e+02  1.84792746e+01  1.14e+02 1.04e+01  1.54e+02  9.69e+02 1.53e-02  4.27e+01  1.02e-01 4.13e-03     58s
  33  -9.52608093e+02  1.84875063e+01  1.18e+02 1.04e+01  1.54e+02  1.03e+03 1.53e-02  4.24e+01  9.84e-02 3.87e-03     59s
  34  -9.80142755e+02  1.84951943e+01  1.21e+02 1.03e+01  1.53e+02  1.09e+03 1.53e-02  4.20e+01  9.50e-02 3.62e-03     61s
  35  -1.00765704e+03  1.85024124e+01  1.25e+02 1.03e+01  1.53e+02  1.16e+03 1.53e-02  4.17e+01  9.18e-02 3.41e-03     63s
  36  -1.03512837e+03  1.85091965e+01  1.28e+02 1.03e+01  1.52e+02  1.22e+03 1.53e-02  4.14e+01  8.87e-02 3.21e-03     65s
  37  -1.06256253e+03  1.85155854e+01  1.32e+02 1.02e+01  1.52e+02  1.29e+03 1.53e-02  4.11e+01  8.59e-02 3.02e-03     67s
  38  -1.08993931e+03  1.85216081e+01  1.35e+02 1.02e+01  1.51e+02  1.36e+03 1.53e-02  4.08e+01  8.31e-02 2.85e-03     69s
  39  -1.11726667e+03  1.85272965e+01  1.39e+02 1.02e+01  1.51e+02  1.44e+03 1.53e-02  4.04e+01  8.06e-02 2.70e-03     71s
  40  -1.14455386e+03  1.85326793e+01  1.42e+02 1.01e+01  1.50e+02  1.51e+03 1.53e-02  4.01e+01  7.81e-02 2.55e-03     73s
  41  -1.17183854e+03  1.85377873e+01  1.46e+02 1.01e+01  1.50e+02  1.59e+03 1.53e-02  3.98e+01  7.58e-02 2.42e-03     74s
  42  -1.19905097e+03  1.85426284e+01  1.49e+02 1.01e+01  1.50e+02  1.67e+03 1.53e-02  3.95e+01  7.36e-02 2.30e-03     76s
  43  -1.22625712e+03  1.85472340e+01  1.53e+02 1.01e+01  1.49e+02  1.75e+03 1.53e-02  3.92e+01  7.16e-02 2.19e-03     78s
  44  -1.25341613e+03  1.85516141e+01  1.56e+02 1.01e+01  1.49e+02  1.83e+03 1.53e-02  3.89e+01  6.96e-02 2.08e-03     80s
  45  -1.28056861e+03  1.85557910e+01  1.60e+02 1.00e+01  1.49e+02  1.92e+03 1.53e-02  3.86e+01  6.77e-02 1.98e-03     82s
  46  -1.30764805e+03  1.85597686e+01  1.63e+02 1.00e+01  1.48e+02  2.01e+03 1.53e-02  3.83e+01  6.59e-02 1.89e-03     83s
  47  -1.33475002e+03  1.85635743e+01  1.67e+02 1.00e+01  1.48e+02  2.10e+03 1.53e-02  3.80e+01  6.42e-02 1.81e-03     85s
  48  -1.36178271e+03  1.85672063e+01  1.70e+02 9.98e+00  1.48e+02  2.19e+03 1.53e-02  3.77e+01  6.25e-02 1.72e-03     87s
  49  -1.38881566e+03  1.85706854e+01  1.74e+02 9.96e+00  1.48e+02  2.28e+03 1.53e-02  3.75e+01  6.10e-02 1.65e-03     89s
  50  -1.41578494e+03  1.85740128e+01  1.77e+02 9.95e+00  1.47e+02  2.38e+03 1.53e-02  3.72e+01  5.94e-02 1.58e-03     91s
  51  -1.44276103e+03  1.85772067e+01  1.81e+02 9.93e+00  1.47e+02  2.48e+03 1.53e-02  3.69e+01  5.80e-02 1.51e-03     93s
  52  -1.46970803e+03  1.85802708e+01  1.84e+02 9.92e+00  1.47e+02  2.58e+03 1.53e-02  3.66e+01  5.66e-02 1.45e-03     95s
  53  -1.49661689e+03  1.85832117e+01  1.88e+02 9.90e+00  1.47e+02  2.68e+03 1.53e-02  3.63e+01  5.53e-02 1.39e-03     97s
  54  -1.52350572e+03  1.85860388e+01  1.91e+02 9.89e+00  1.47e+02  2.79e+03 1.54e-02  3.61e+01  5.40e-02 1.34e-03     99s
  55  -1.55036636e+03  1.85887575e+01  1.95e+02 9.88e+00  1.46e+02  2.90e+03 1.54e-02  3.58e+01  5.28e-02 1.28e-03    101s
  56  -1.57719087e+03  1.85913733e+01  1.98e+02 9.86e+00  1.46e+02  3.01e+03 1.54e-02  3.55e+01  5.16e-02 1.23e-03    102s
  57  -1.60402520e+03  1.85938961e+01  2.01e+02 9.85e+00  1.46e+02  3.12e+03 1.54e-02  3.53e+01  5.05e-02 1.19e-03    104s
  58  -1.63080895e+03  1.85963254e+01  2.05e+02 9.84e+00  1.46e+02  3.24e+03 1.54e-02  3.50e+01  4.94e-02 1.14e-03    106s
  59  -1.65756159e+03  1.85986679e+01  2.08e+02 9.83e+00  1.46e+02  3.35e+03 1.54e-02  3.47e+01  4.84e-02 1.10e-03    107s
  60  -1.68430311e+03  1.86009300e+01  2.12e+02 9.82e+00  1.46e+02  3.47e+03 1.54e-02  3.45e+01  4.74e-02 1.06e-03    109s
  61  -1.71100054e+03  1.86031130e+01  2.15e+02 9.81e+00  1.45e+02  3.60e+03 1.54e-02  3.42e+01  4.64e-02 1.02e-03    111s
  62  -1.73767416e+03  1.86052226e+01  2.19e+02 9.80e+00  1.45e+02  3.72e+03 1.54e-02  3.40e+01  4.55e-02 9.89e-04    113s

The solution quality is limited by the precision of the linear system solver.

The II-IPM stopped after 63 iterations in 113.42 seconds.

Primal variables:   [+1.815 +5.521 +41.631 +139.166 +12.153 +4.832 +71.075 +132.968]
Dual slacks:        [+11.424 +3.921 +0.454 +0.065 +1.667 +4.203 +0.252 +0.124]
Dual variables:     [+6.568 +0.927]

Primal objective:   -1.73767416e+03
Dual objective:     1.86052226e+01 

Primal residual:    2.19e+02
Dual residual:      9.80e+00
Complementraty:     1.45e+02

Number of Iter:     63
Run time:           113.42
