
================= Linear optimization problem Information =================
Number of variables:     8
Number of constraints:   2

Norm of primal sol:      5.00e+00
Norm of dual sol:        1.00e+01
Norm of dual slacks:     5.00e+00

Norm of vector b:        6.35e+00
Norm of vector c:        2.99e+01

Norm of matrix A:        4.47e+00
Condition number:        2.00e+00
Seed:                    91

======================= Linear optimization problem =======================
coeff matrix A:          [[-0.805 -0.074 +0.232 +0.228 +0.721 +0.438 -1.675 -1.563]
                          [-1.712 +0.654 +1.198 +1.433 +1.159 +0.351 +0.716 -2.110]]

RHS vector b:            [-3.979 +4.943]
Obj vector c:            [-12.434 +1.084 +5.517 +6.112 +12.864 +5.176 -14.148 -16.643]

============================ Optimal solution =============================
Primal variables:        [+0.919 +1.504 +1.355 +0.427 +0.000 +3.315 +2.982 +0.000]
Dual slacks:             [+0.000 +0.000 +0.000 +0.000 +2.754 +0.000 +0.000 +4.174]
Dual variables:          [+9.618 +2.739]

Optimal objective:       -2.47330885e+01
===========================================================================

Method:             II-QIPM
LO_Precision:       1.00e-01
Stop_Precision:     1.00e-03
LO_Verbosity:       2
Omega:              1.00e+01
num_ancillae:       4

The Quantum Inexact Infeasible Interior-Point Method starts running ...


                  Objective                Residual                      Quantum                    Step-length
Iter      Primal           Dual         Primal    Dual     Compl    ||Resl||   Prob    Cond-Num   a-star   a-hat      Time
   0  -1.69131319e+01 -4.70050126e+01  6.34e+00 1.16e+01  2.72e+02  1.43e-02 6.57e-02  4.00e+00  8.60e-01 7.37e-01      2s
   1  -1.43452258e+01 -4.55388011e+01  4.87e+00 8.76e+00  2.13e+02  3.34e-01 1.56e-02  2.42e+01  7.37e-01 2.44e-01      4s
   2  -8.52288024e+00 -4.41154597e+01  2.91e+00 6.26e+00  1.59e+02  2.02e+00 1.56e-02  2.71e+01  6.46e-01 2.85e-01      6s
   3  -1.72708513e+00 -4.35103625e+01  1.45e+00 5.26e+00  1.36e+02  6.30e+00 1.56e-02  2.89e+01  5.05e-01 1.59e-01      8s
   4   1.57824334e-01 -4.34167180e+01  1.11e+00 5.11e+00  1.32e+02  1.06e+01 1.57e-02  2.76e+01  4.19e-01 2.83e-02      9s
   5   1.99059687e+00 -4.33348456e+01  8.01e-01 4.98e+00  1.29e+02  1.16e+01 1.57e-02  2.72e+01  4.05e-01 2.52e-02     10s
   6   3.83226782e+00 -4.32600923e+01  5.08e-01 4.86e+00  1.26e+02  1.27e+01 1.57e-02  2.67e+01  3.92e-01 2.33e-02     12s
   7   5.68098897e+00 -4.31914881e+01  2.70e-01 4.76e+00  1.24e+02  1.38e+01 1.58e-02  2.63e+01  3.80e-01 2.17e-02     13s
   8   7.54082166e+00 -4.31280288e+01  2.79e-01 4.66e+00  1.22e+02  1.49e+01 1.58e-02  2.59e+01  3.69e-01 2.02e-02     15s
   9   9.40895800e+00 -4.30691221e+01  5.14e-01 4.57e+00  1.20e+02  1.60e+01 1.59e-02  2.55e+01  3.59e-01 1.89e-02     17s
  10   1.12902342e+01 -4.30140406e+01  7.93e-01 4.49e+00  1.18e+02  1.72e+01 1.59e-02  2.51e+01  3.49e-01 1.78e-02     18s
  11   1.31824541e+01 -4.29623839e+01  1.08e+00 4.42e+00  1.16e+02  1.84e+01 1.60e-02  2.47e+01  3.40e-01 1.67e-02     20s
  12   1.50872984e+01 -4.29137089e+01  1.37e+00 4.35e+00  1.14e+02  1.97e+01 1.61e-02  2.43e+01  3.32e-01 1.58e-02     21s
  13   1.70067236e+01 -4.28676382e+01  1.66e+00 4.28e+00  1.13e+02  2.09e+01 1.63e-02  2.39e+01  3.24e-01 1.49e-02     24s
  14   1.89390814e+01 -4.28239359e+01  1.94e+00 4.22e+00  1.11e+02  2.22e+01 1.64e-02  2.36e+01  3.16e-01 1.41e-02     25s
  15   2.08905446e+01 -4.27822304e+01  2.23e+00 4.17e+00  1.10e+02  2.35e+01 1.66e-02  2.33e+01  3.09e-01 1.34e-02     26s
  16   2.28559729e+01 -4.27424410e+01  2.52e+00 4.11e+00  1.09e+02  2.49e+01 1.68e-02  2.30e+01  3.02e-01 1.28e-02     28s
  17   2.48399133e+01 -4.27043049e+01  2.81e+00 4.06e+00  1.07e+02  2.63e+01 1.70e-02  2.27e+01  2.96e-01 1.22e-02     29s
  18   2.68432740e+01 -4.26676667e+01  3.10e+00 4.02e+00  1.06e+02  2.77e+01 1.72e-02  2.24e+01  2.90e-01 1.16e-02     31s
  19   2.88630391e+01 -4.26324607e+01  3.39e+00 3.97e+00  1.05e+02  2.92e+01 1.75e-02  2.21e+01  2.84e-01 1.11e-02     34s
  20   3.09042240e+01 -4.25984931e+01  3.68e+00 3.93e+00  1.04e+02  3.07e+01 1.78e-02  2.19e+01  2.79e-01 1.07e-02     35s
  21   3.29660301e+01 -4.25656912e+01  3.97e+00 3.89e+00  1.03e+02  3.22e+01 1.81e-02  2.16e+01  2.73e-01 1.02e-02     36s
  22   3.50476461e+01 -4.25339907e+01  4.26e+00 3.85e+00  1.02e+02  3.38e+01 1.84e-02  2.14e+01  2.68e-01 9.81e-03     38s
  23   3.71503501e+01 -4.25033037e+01  4.56e+00 3.81e+00  1.01e+02  3.54e+01 1.88e-02  2.12e+01  2.64e-01 9.42e-03     40s
  24   3.92776614e+01 -4.24735221e+01  4.85e+00 3.78e+00  1.01e+02  3.70e+01 1.92e-02  2.10e+01  2.59e-01 9.08e-03     42s
  25   4.14247518e+01 -4.24446642e+01  5.15e+00 3.75e+00  9.98e+01  3.87e+01 1.97e-02  2.08e+01  2.55e-01 8.73e-03     43s
  26   4.35973679e+01 -4.24166065e+01  5.44e+00 3.71e+00  9.91e+01  4.05e+01 2.01e-02  2.06e+01  2.50e-01 8.42e-03     45s
  27   4.57928605e+01 -4.23893462e+01  5.74e+00 3.68e+00  9.83e+01  4.22e+01 2.06e-02  2.04e+01  2.46e-01 8.12e-03     46s
  28   4.80106452e+01 -4.23628542e+01  6.04e+00 3.66e+00  9.76e+01  4.41e+01 2.12e-02  2.03e+01  2.42e-01 7.83e-03     48s
  29   5.02546042e+01 -4.23370525e+01  6.34e+00 3.63e+00  9.70e+01  4.59e+01 2.17e-02  2.01e+01  2.39e-01 7.57e-03     50s
  30   5.25220718e+01 -4.23119448e+01  6.65e+00 3.60e+00  9.63e+01  4.78e+01 2.23e-02  2.00e+01  2.35e-01 7.31e-03     52s
  31   5.48148097e+01 -4.22874853e+01  6.95e+00 3.58e+00  9.57e+01  4.98e+01 2.29e-02  1.99e+01  2.31e-01 7.07e-03     54s
  32   5.71347008e+01 -4.22636319e+01  7.26e+00 3.55e+00  9.51e+01  5.18e+01 2.36e-02  1.97e+01  2.28e-01 6.84e-03     56s
  33   5.94790591e+01 -4.22403919e+01  7.57e+00 3.53e+00  9.45e+01  5.39e+01 2.43e-02  1.96e+01  2.24e-01 6.62e-03     57s
  34   6.18474082e+01 -4.22177487e+01  7.88e+00 3.51e+00  9.40e+01  5.60e+01 2.50e-02  1.95e+01  2.21e-01 6.41e-03     59s
  35   6.42440425e+01 -4.21956427e+01  8.19e+00 3.48e+00  9.35e+01  5.82e+01 2.57e-02  1.94e+01  2.18e-01 6.22e-03     60s
  36   6.66662568e+01 -4.21740827e+01  8.51e+00 3.46e+00  9.29e+01  6.04e+01 2.65e-02  1.93e+01  2.15e-01 6.02e-03     62s
  37   6.91160812e+01 -4.21530344e+01  8.82e+00 3.44e+00  9.25e+01  6.27e+01 2.73e-02  1.92e+01  2.12e-01 5.84e-03     64s
  38   7.15907183e+01 -4.21325065e+01  9.14e+00 3.42e+00  9.20e+01  6.50e+01 2.81e-02  1.91e+01  2.09e-01 5.67e-03     65s
  39   7.40947163e+01 -4.21124464e+01  9.46e+00 3.40e+00  9.15e+01  6.74e+01 2.89e-02  1.90e+01  2.06e-01 5.50e-03     67s
  40   7.66227752e+01 -4.20928831e+01  9.78e+00 3.39e+00  9.11e+01  6.99e+01 2.98e-02  1.90e+01  2.03e-01 5.34e-03     68s
  41   7.91795126e+01 -4.20737660e+01  1.01e+01 3.37e+00  9.06e+01  7.24e+01 3.07e-02  1.89e+01  2.00e-01 5.19e-03     69s
  42   8.17646545e+01 -4.20550853e+01  1.04e+01 3.35e+00  9.02e+01  7.49e+01 3.16e-02  1.88e+01  1.98e-01 5.04e-03     71s
  43   8.43779095e+01 -4.20368313e+01  1.08e+01 3.34e+00  8.98e+01  7.76e+01 3.25e-02  1.88e+01  1.95e-01 4.90e-03     72s
  44   8.70163278e+01 -4.20190120e+01  1.11e+01 3.32e+00  8.94e+01  8.03e+01 3.35e-02  1.87e+01  1.92e-01 4.76e-03     74s
  45   8.96821300e+01 -4.20015993e+01  1.14e+01 3.30e+00  8.91e+01  8.30e+01 3.44e-02  1.87e+01  1.90e-01 4.63e-03     75s
  46   9.23776690e+01 -4.19845667e+01  1.18e+01 3.29e+00  8.87e+01  8.58e+01 3.54e-02  1.86e+01  1.87e-01 4.50e-03     76s
  47   9.50999848e+01 -4.19679222e+01  1.21e+01 3.27e+00  8.83e+01  8.87e+01 3.64e-02  1.86e+01  1.85e-01 4.38e-03     78s
  48   9.78514553e+01 -4.19516401e+01  1.24e+01 3.26e+00  8.80e+01  9.17e+01 3.74e-02  1.85e+01  1.83e-01 4.26e-03     79s
  49   1.00631815e+02 -4.19357117e+01  1.28e+01 3.25e+00  8.77e+01  9.47e+01 3.85e-02  1.85e+01  1.80e-01 4.15e-03     81s
  50   1.03437973e+02 -4.19201441e+01  1.31e+01 3.23e+00  8.73e+01  9.78e+01 3.95e-02  1.84e+01  1.78e-01 4.04e-03     82s
  51   1.06272350e+02 -4.19049129e+01  1.35e+01 3.22e+00  8.70e+01  1.01e+02 4.06e-02  1.84e+01  1.76e-01 3.93e-03     84s
  52   1.09137500e+02 -4.18899946e+01  1.38e+01 3.21e+00  8.67e+01  1.04e+02 4.16e-02  1.84e+01  1.74e-01 3.84e-03     86s
  53   1.12030333e+02 -4.18753964e+01  1.42e+01 3.20e+00  8.64e+01  1.07e+02 4.27e-02  1.83e+01  1.72e-01 3.74e-03     87s
  54   1.14953438e+02 -4.18610955e+01  1.45e+01 3.19e+00  8.62e+01  1.11e+02 4.38e-02  1.83e+01  1.70e-01 3.64e-03     89s
  55   1.17903640e+02 -4.18470985e+01  1.49e+01 3.17e+00  8.59e+01  1.14e+02 4.50e-02  1.83e+01  1.68e-01 3.55e-03     90s
  56   1.20883562e+02 -4.18333834e+01  1.52e+01 3.16e+00  8.56e+01  1.18e+02 4.61e-02  1.83e+01  1.66e-01 3.46e-03     91s
  57   1.23889950e+02 -4.18199563e+01  1.56e+01 3.15e+00  8.53e+01  1.21e+02 4.72e-02  1.82e+01  1.64e-01 3.38e-03     94s
  58   1.26928500e+02 -4.18067829e+01  1.59e+01 3.14e+00  8.51e+01  1.25e+02 4.84e-02  1.82e+01  1.62e-01 3.30e-03     95s
  59   1.29996005e+02 -4.17938694e+01  1.63e+01 3.13e+00  8.48e+01  1.29e+02 4.95e-02  1.82e+01  1.60e-01 3.22e-03     97s
  60   1.33095290e+02 -4.17811959e+01  1.67e+01 3.12e+00  8.46e+01  1.33e+02 5.07e-02  1.82e+01  1.58e-01 3.14e-03     98s
  61   1.36219940e+02 -4.17687808e+01  1.70e+01 3.11e+00  8.44e+01  1.36e+02 5.18e-02  1.82e+01  1.56e-01 3.06e-03    100s
  62   1.39379009e+02 -4.17565796e+01  1.74e+01 3.10e+00  8.41e+01  1.40e+02 5.30e-02  1.82e+01  1.55e-01 3.00e-03    101s
  63   1.42566076e+02 -4.17446106e+01  1.78e+01 3.09e+00  8.39e+01  1.44e+02 5.42e-02  1.81e+01  1.53e-01 2.93e-03    103s
  64   1.45784051e+02 -4.17328551e+01  1.81e+01 3.09e+00  8.37e+01  1.49e+02 5.54e-02  1.81e+01  1.51e-01 2.86e-03    104s
  65   1.49032747e+02 -4.17213067e+01  1.85e+01 3.08e+00  8.35e+01  1.53e+02 5.66e-02  1.81e+01  1.50e-01 2.79e-03    106s
  66   1.52315253e+02 -4.17099477e+01  1.89e+01 3.07e+00  8.33e+01  1.57e+02 5.78e-02  1.81e+01  1.48e-01 2.73e-03    108s
  67   1.55624875e+02 -4.16987948e+01  1.93e+01 3.06e+00  8.31e+01  1.61e+02 5.90e-02  1.81e+01  1.47e-01 2.67e-03    110s
  68   1.58971311e+02 -4.16878085e+01  1.97e+01 3.05e+00  8.29e+01  1.66e+02 6.02e-02  1.81e+01  1.45e-01 2.62e-03    111s
  69   1.62344487e+02 -4.16770158e+01  2.00e+01 3.04e+00  8.27e+01  1.70e+02 6.14e-02  1.81e+01  1.44e-01 2.56e-03    113s
  70   1.65754284e+02 -4.16663786e+01  2.04e+01 3.04e+00  8.25e+01  1.75e+02 6.26e-02  1.81e+01  1.42e-01 2.51e-03    114s
  71   1.69193868e+02 -4.16559125e+01  2.08e+01 3.03e+00  8.23e+01  1.80e+02 6.38e-02  1.81e+01  1.41e-01 2.45e-03    116s
  72   1.72666496e+02 -4.16456012e+01  2.12e+01 3.02e+00  8.21e+01  1.84e+02 6.50e-02  1.81e+01  1.39e-01 2.40e-03    117s
  73   1.76175590e+02 -4.16354292e+01  2.16e+01 3.01e+00  8.19e+01  1.89e+02 6.62e-02  1.81e+01  1.38e-01 2.35e-03    119s
  74   1.79717658e+02 -4.16254012e+01  2.20e+01 3.01e+00  8.18e+01  1.94e+02 6.74e-02  1.81e+01  1.37e-01 2.31e-03    120s
  75   1.83296191e+02 -4.16155020e+01  2.24e+01 3.00e+00  8.16e+01  1.99e+02 6.87e-02  1.81e+01  1.35e-01 2.26e-03    122s
  76   1.86907632e+02 -4.16057361e+01  2.28e+01 2.99e+00  8.14e+01  2.04e+02 6.99e-02  1.81e+01  1.34e-01 2.22e-03    124s
  77   1.90555544e+02 -4.15960884e+01  2.32e+01 2.99e+00  8.13e+01  2.10e+02 7.11e-02  1.81e+01  1.33e-01 2.17e-03    126s
  78   1.94239988e+02 -4.15865538e+01  2.36e+01 2.98e+00  8.11e+01  2.15e+02 7.23e-02  1.81e+01  1.32e-01 2.13e-03    128s
  79   1.97961031e+02 -4.15771270e+01  2.40e+01 2.98e+00  8.10e+01  2.20e+02 7.35e-02  1.81e+01  1.30e-01 2.09e-03    130s
  80   2.01722506e+02 -4.15677935e+01  2.44e+01 2.97e+00  8.08e+01  2.26e+02 7.47e-02  1.81e+01  1.29e-01 2.06e-03    131s
  81   2.05520842e+02 -4.15585575e+01  2.48e+01 2.96e+00  8.07e+01  2.31e+02 7.59e-02  1.81e+01  1.28e-01 2.02e-03    132s
  82   2.09359967e+02 -4.15494044e+01  2.52e+01 2.96e+00  8.05e+01  2.37e+02 7.72e-02  1.81e+01  1.27e-01 1.98e-03    134s
  83   2.13240134e+02 -4.15403290e+01  2.57e+01 2.95e+00  8.04e+01  2.43e+02 7.84e-02  1.81e+01  1.26e-01 1.95e-03    136s
  84   2.17157688e+02 -4.15313350e+01  2.61e+01 2.95e+00  8.02e+01  2.48e+02 7.96e-02  1.81e+01  1.25e-01 1.91e-03    137s
  85   2.21124643e+02 -4.15223899e+01  2.65e+01 2.94e+00  8.01e+01  2.54e+02 8.08e-02  1.81e+01  1.24e-01 1.89e-03    138s
  86   2.25129598e+02 -4.15135151e+01  2.69e+01 2.93e+00  8.00e+01  2.60e+02 8.19e-02  1.81e+01  1.23e-01 1.85e-03    140s
  87   2.29184868e+02 -4.15046780e+01  2.74e+01 2.93e+00  7.98e+01  2.66e+02 8.31e-02  1.81e+01  1.22e-01 1.83e-03    141s
  88   2.33282935e+02 -4.14958906e+01  2.78e+01 2.92e+00  7.97e+01  2.72e+02 8.43e-02  1.81e+01  1.21e-01 1.80e-03    143s
  89   2.37432465e+02 -4.14871289e+01  2.82e+01 2.92e+00  7.96e+01  2.79e+02 8.55e-02  1.81e+01  1.21e-01 1.77e-03    144s
  90   2.41634213e+02 -4.14783867e+01  2.87e+01 2.91e+00  7.94e+01  2.85e+02 8.67e-02  1.81e+01  1.20e-01 1.75e-03    145s
  91   2.45884724e+02 -4.14696657e+01  2.91e+01 2.91e+00  7.93e+01  2.91e+02 8.78e-02  1.81e+01  1.19e-01 1.72e-03    147s
  92   2.50188958e+02 -4.14609501e+01  2.96e+01 2.90e+00  7.92e+01  2.98e+02 8.90e-02  1.81e+01  1.18e-01 1.70e-03    148s
  93   2.54547811e+02 -4.14522322e+01  3.00e+01 2.90e+00  7.91e+01  3.04e+02 9.01e-02  1.81e+01  1.18e-01 1.68e-03    150s
  94   2.58971080e+02 -4.14434863e+01  3.05e+01 2.89e+00  7.90e+01  3.11e+02 9.12e-02  1.81e+01  1.17e-01 1.66e-03    152s
  95   2.63451233e+02 -4.14347208e+01  3.09e+01 2.89e+00  7.88e+01  3.18e+02 9.24e-02  1.81e+01  1.16e-01 1.64e-03    153s
  96   2.68003018e+02 -4.14258996e+01  3.14e+01 2.88e+00  7.87e+01  3.24e+02 9.35e-02  1.82e+01  1.16e-01 1.63e-03    155s
  97   2.72619055e+02 -4.14170294e+01  3.19e+01 2.88e+00  7.86e+01  3.31e+02 9.46e-02  1.82e+01  1.15e-01 1.61e-03    156s
  98   2.77305558e+02 -4.14080893e+01  3.23e+01 2.88e+00  7.85e+01  3.38e+02 9.57e-02  1.82e+01  1.15e-01 1.59e-03    157s
  99   2.82073945e+02 -4.13990479e+01  3.28e+01 2.87e+00  7.84e+01  3.45e+02 9.67e-02  1.82e+01  1.14e-01 1.58e-03    159s
 100   2.86921925e+02 -4.13898987e+01  3.33e+01 2.87e+00  7.83e+01  3.52e+02 9.78e-02  1.82e+01  1.14e-01 1.57e-03    160s
 101   2.91861872e+02 -4.13806059e+01  3.38e+01 2.86e+00  7.82e+01  3.59e+02 9.89e-02  1.82e+01  1.14e-01 1.57e-03    162s
 102   2.96892052e+02 -4.13711581e+01  3.43e+01 2.86e+00  7.80e+01  3.66e+02 9.99e-02  1.82e+01  1.14e-01 1.56e-03    163s
 103   3.02031175e+02 -4.13615030e+01  3.48e+01 2.85e+00  7.79e+01  3.72e+02 1.01e-01  1.82e+01  1.14e-01 1.56e-03    164s
 104   3.07283862e+02 -4.13516117e+01  3.53e+01 2.85e+00  7.78e+01  3.79e+02 1.02e-01  1.82e+01  1.14e-01 1.56e-03    166s
 105   3.12660602e+02 -4.13414397e+01  3.59e+01 2.84e+00  7.77e+01  3.86e+02 1.03e-01  1.83e+01  1.14e-01 1.56e-03    168s
 106   3.18172984e+02 -4.13309346e+01  3.64e+01 2.84e+00  7.76e+01  3.92e+02 1.04e-01  1.83e+01  1.14e-01 1.57e-03    170s
 107   3.23850935e+02 -4.13200010e+01  3.69e+01 2.84e+00  7.75e+01  3.99e+02 1.05e-01  1.83e+01  1.15e-01 1.59e-03    172s
