
================= Linear optimization problem Information =================
Number of variables:     8
Number of constraints:   2

Norm of primal sol:      5.00e+00
Norm of dual sol:        1.00e+01
Norm of dual slacks:     5.00e+00

Norm of vector b:        2.41e+00
Norm of vector c:        1.84e+01

Norm of matrix A:        2.24e+00
Condition number:        2.00e+00
Seed:                    90

======================= Linear optimization problem =======================
coeff matrix A:          [[+0.816 -0.404 -0.235 -0.117 +0.066 +0.861 -0.648 +0.540]
                          [-0.856 +0.779 +0.127 -0.804 -0.119 -0.636 +0.293 +0.372]]

RHS vector b:            [-1.316 -2.013]
Obj vector c:            [-10.106 +7.269 +2.671 -2.811 -1.148 -10.600 +7.090 +1.898]

============================ Optimal solution =============================
Primal variables:        [+0.000 +0.553 +3.457 +3.173 +0.653 +0.939 +1.172 +0.000]
Dual slacks:             [+1.155 +0.000 +0.000 +0.000 +0.000 +0.000 +0.000 +4.865]
Dual variables:          [-8.785 +4.778]

Optimal objective:       +1.93896269e+00
===========================================================================

Method:             II-QIPM
LO_Precision:       1.00e-01
Stop_Precision:     1.00e-03
LO_Verbosity:       2
Omega:              1.00e+01
num_ancillae:       4

The Quantum Inexact Infeasible Interior-Point Method starts running ...


                  Objective                Residual                      Quantum                    Step-length
Iter      Primal           Dual         Primal    Dual     Compl    ||Resl||   Prob    Cond-Num   a-star   a-hat      Time
   0   9.17507749e+00  2.49644814e-01  3.63e+00 1.07e+01  2.78e+02 *1.67e-02 1.67e-02  4.00e+00  8.12e-01 6.97e-01      1s
   1   1.37842766e+01  1.75061378e-02  2.59e+00 7.65e+00  2.06e+02 *1.44e-02 1.57e-02  5.60e+00  8.86e-01 2.86e-01      3s
   2   1.58073984e+01 -1.15926929e-02  1.70e+00 5.03e+00  1.42e+02 *1.97e-02 1.68e-02  6.49e+00  9.09e-01 3.43e-01      4s
   3   1.49566636e+01  2.47472767e-01  8.76e-01 2.60e+00  8.02e+01 *3.21e-02 3.46e-02  7.69e+00  8.76e-01 4.84e-01      5s
   4   1.00069599e+01  7.35973097e-01  5.69e-01 9.31e-01  3.35e+01 *6.96e-01 9.09e-02  9.44e+00  8.16e-01 6.42e-01      7s
   5   7.22128280e+00  8.63654637e-01  1.40e+00 7.25e-01  2.68e+01 *4.57e+00 8.14e-02  1.16e+01  6.64e-01 2.22e-01      8s
   6   5.29128340e+00  9.21124769e-01  2.19e+00 6.33e-01  2.37e+01 *7.75e+00 6.69e-02  1.27e+01  6.10e-01 1.26e-01     10s
   7   3.68113002e+00  9.54797891e-01  2.93e+00 5.78e-01  2.18e+01 *1.06e+01 5.83e-02  1.35e+01  5.67e-01 8.79e-02     11s
   8   2.24418618e+00  9.77026057e-01  3.63e+00 5.39e-01  2.05e+01 *1.34e+01 5.25e-02  1.42e+01  5.30e-01 6.67e-02     13s
   9   9.16575394e-01  9.92824351e-01  4.30e+00 5.10e-01  1.95e+01 *1.62e+01 4.84e-02  1.47e+01  4.98e-01 5.32e-02     14s
  10  -3.38123585e-01  1.00466534e+00  4.95e+00 4.88e-01  1.87e+01 *1.91e+01 4.52e-02  1.51e+01  4.69e-01 4.40e-02     16s
  11  -1.53637167e+00  1.01384975e+00  5.58e+00 4.70e-01  1.80e+01 *2.19e+01 4.28e-02  1.55e+01  4.44e-01 3.71e-02     18s
  12  -2.69509856e+00  1.02120868e+00  6.20e+00 4.55e-01  1.75e+01 *2.49e+01 4.09e-02  1.59e+01  4.22e-01 3.20e-02     19s
  13  -3.82081752e+00  1.02722775e+00  6.80e+00 4.42e-01  1.71e+01 *2.79e+01 3.94e-02  1.61e+01  4.02e-01 2.79e-02     20s
  14  -4.92128549e+00  1.03225042e+00  7.40e+00 4.31e-01  1.67e+01 *3.09e+01 3.81e-02  1.64e+01  3.84e-01 2.47e-02     22s
  15  -6.00118471e+00  1.03650671e+00  7.98e+00 4.22e-01  1.63e+01 *3.41e+01 3.70e-02  1.66e+01  3.68e-01 2.20e-02     24s
  16  -7.06326726e+00  1.04015800e+00  8.56e+00 4.13e-01  1.61e+01 *3.74e+01 3.61e-02  1.68e+01  3.53e-01 1.97e-02     26s
  17  -8.11235143e+00  1.04333180e+00  9.14e+00 4.06e-01  1.58e+01 *4.07e+01 3.54e-02  1.70e+01  3.38e-01 1.79e-02     27s
  18  -9.14863719e+00  1.04611153e+00  9.71e+00 3.99e-01  1.56e+01 *4.42e+01 3.47e-02  1.71e+01  3.25e-01 1.63e-02     28s
  19  -1.01757579e+01  1.04857134e+00  1.03e+01 3.93e-01  1.53e+01 *4.78e+01 3.41e-02  1.73e+01  3.12e-01 1.49e-02     29s
  20  -1.11933615e+01  1.05076016e+00  1.08e+01 3.88e-01  1.52e+01 *5.14e+01 3.36e-02  1.74e+01  3.01e-01 1.37e-02     31s
  21  -1.22041659e+01  1.05272380e+00  1.14e+01 3.83e-01  1.50e+01 *5.52e+01 3.32e-02  1.75e+01  2.91e-01 1.26e-02     33s
  22  -1.32079658e+01  1.05449357e+00  1.20e+01 3.79e-01  1.48e+01 *5.91e+01 3.28e-02  1.76e+01  2.81e-01 1.17e-02     34s
  23  -1.42065925e+01  1.05609871e+00  1.25e+01 3.75e-01  1.47e+01 *6.31e+01 3.25e-02  1.77e+01  2.72e-01 1.08e-02     35s
  24  -1.52009621e+01  1.05756174e+00  1.31e+01 3.71e-01  1.45e+01 *6.72e+01 3.21e-02  1.78e+01  2.64e-01 1.01e-02     37s
  25  -1.61900689e+01  1.05889876e+00  1.36e+01 3.67e-01  1.44e+01 *7.14e+01 3.19e-02  1.79e+01  2.56e-01 9.41e-03     38s
  26  -1.71758837e+01  1.06012735e+00  1.42e+01 3.64e-01  1.43e+01 *7.58e+01 3.16e-02  1.79e+01  2.48e-01 8.82e-03     39s
  27  -1.81584920e+01  1.06125991e+00  1.47e+01 3.61e-01  1.42e+01 *8.02e+01 3.14e-02  1.80e+01  2.41e-01 8.27e-03     41s
  28  -1.91380162e+01  1.06230713e+00  1.52e+01 3.58e-01  1.41e+01 *8.48e+01 3.12e-02  1.80e+01  2.35e-01 7.78e-03     42s
  29  -2.01146147e+01  1.06327822e+00  1.58e+01 3.56e-01  1.40e+01 *8.95e+01 3.10e-02  1.81e+01  2.28e-01 7.33e-03     43s
  30  -2.10894570e+01  1.06418208e+00  1.63e+01 3.53e-01  1.39e+01 *9.43e+01 3.08e-02  1.82e+01  2.23e-01 6.92e-03     44s
  31  -2.20618229e+01  1.06502470e+00  1.69e+01 3.51e-01  1.38e+01 *9.92e+01 3.07e-02  1.82e+01  2.17e-01 6.54e-03     45s
  32  -2.30329466e+01  1.06581296e+00  1.74e+01 3.49e-01  1.37e+01 *1.04e+02 3.05e-02  1.82e+01  2.12e-01 6.20e-03     46s
  33  -2.40021782e+01  1.06655138e+00  1.80e+01 3.47e-01  1.37e+01 *1.09e+02 3.04e-02  1.83e+01  2.07e-01 5.88e-03     47s
  34  -2.49698463e+01  1.06724467e+00  1.85e+01 3.45e-01  1.36e+01 *1.15e+02 3.03e-02  1.83e+01  2.02e-01 5.58e-03     49s
  35  -2.59363118e+01  1.06789705e+00  1.90e+01 3.43e-01  1.35e+01 *1.20e+02 3.01e-02  1.84e+01  1.97e-01 5.31e-03     50s
  36  -2.69010006e+01  1.06851159e+00  1.96e+01 3.41e-01  1.35e+01 *1.25e+02 3.00e-02  1.84e+01  1.93e-01 5.05e-03     51s
  37  -2.78652770e+01  1.06909227e+00  2.01e+01 3.39e-01  1.34e+01 *1.31e+02 2.99e-02  1.84e+01  1.89e-01 4.82e-03     52s
  38  -2.88286283e+01  1.06964149e+00  2.06e+01 3.38e-01  1.34e+01 *1.37e+02 2.98e-02  1.84e+01  1.85e-01 4.60e-03     53s
  39  -2.97915130e+01  1.07016195e+00  2.12e+01 3.36e-01  1.33e+01 *1.43e+02 2.98e-02  1.85e+01  1.81e-01 4.40e-03     54s
  40  -3.07534546e+01  1.07065558e+00  2.17e+01 3.35e-01  1.32e+01 *1.49e+02 2.97e-02  1.85e+01  1.77e-01 4.21e-03     56s
  41  -3.17139849e+01  1.07112414e+00  2.23e+01 3.34e-01  1.32e+01 *1.55e+02 2.96e-02  1.85e+01  1.74e-01 4.03e-03     57s
  42  -3.26745643e+01  1.07157016e+00  2.28e+01 3.32e-01  1.32e+01 *1.61e+02 2.95e-02  1.85e+01  1.70e-01 3.86e-03     58s
  43  -3.36347785e+01  1.07199503e+00  2.33e+01 3.31e-01  1.31e+01 *1.67e+02 2.95e-02  1.86e+01  1.67e-01 3.71e-03     60s
  44  -3.45942191e+01  1.07240002e+00  2.39e+01 3.30e-01  1.31e+01 *1.74e+02 2.94e-02  1.86e+01  1.64e-01 3.56e-03     61s
  45  -3.55534436e+01  1.07278672e+00  2.44e+01 3.29e-01  1.30e+01 *1.80e+02 2.93e-02  1.86e+01  1.61e-01 3.42e-03     63s
  46  -3.65120745e+01  1.07315618e+00  2.49e+01 3.28e-01  1.30e+01 *1.87e+02 2.93e-02  1.86e+01  1.58e-01 3.29e-03     64s
  47  -3.74706993e+01  1.07350973e+00  2.55e+01 3.27e-01  1.29e+01 *1.94e+02 2.92e-02  1.86e+01  1.55e-01 3.17e-03     65s
  48  -3.81533343e+01  1.07375088e+00  2.58e+01 3.26e-01  1.29e+01 *2.01e+02 2.92e-02  1.87e+01  1.52e-01 2.17e-03     66s
  49  -3.81539551e+01  1.07375109e+00  2.58e+01 3.26e-01  1.29e+01 *2.06e+02 2.91e-02  1.87e+01  1.51e-01 1.92e-06     68s

The solution quality is limited by the precision of the linear system solver.

The II-IPM stopped after 50 iterations in 67.90 seconds.

Primal variables:   [+2.138 +78.277 +11.367 +6.149 +13.522 +59.990 +7.315 +0.498]
Dual slacks:        [+1.226 +0.010 +0.124 +0.320 +0.103 +0.016 +0.195 +4.675]
Dual variables:     [-8.434 +4.979]

Primal objective:   -3.81539551e+01
Dual objective:     1.07375109e+00 

Primal residual:    2.58e+01
Dual residual:      3.26e-01
Complementraty:     1.29e+01

Number of Iter:     50
Run time:           67.90
