
================= Linear optimization problem Information =================
Number of variables:     8
Number of constraints:   2

Norm of primal sol:      5.00e+00
Norm of dual sol:        1.00e+01
Norm of dual slacks:     5.00e+00

Norm of vector b:        1.50e+00
Norm of vector c:        3.69e+01

Norm of matrix A:        4.47e+00
Condition number:        2.00e+00
Seed:                    39

======================= Linear optimization problem =======================
coeff matrix A:          [[+1.998 -0.559 -1.009 -0.843 -0.407 -0.635 +0.656 -0.859]
                          [+1.497 -1.538 -0.941 +1.510 -1.383 +0.021 +1.470 -0.616]]

RHS vector b:            [-1.081 -1.042]
Obj vector c:            [+20.241 -16.348 -11.988 +11.908 -10.482 -1.692 +15.988 -5.353]

============================ Optimal solution =============================
Primal variables:        [+1.880 +2.743 +2.821 +0.420 +0.000 +1.807 +1.595 +0.000]
Dual slacks:             [+0.000 +0.000 +0.000 +0.000 +3.937 +0.000 +0.000 +3.083]
Dual variables:          [+2.976 +9.547]

Optimal objective:       -1.31642010e+01
===========================================================================

Method:             II-QIPM
LO_Precision:       1.00e-01
Stop_Precision:     1.00e-03
LO_Verbosity:       2
Omega:              1.00e+01
num_ancillae:       4

The Quantum Inexact Infeasible Interior-Point Method starts running ...


                  Objective                Residual                      Quantum                    Step-length
Iter      Primal           Dual         Primal    Dual     Compl    ||Resl||   Prob    Cond-Num   a-star   a-hat      Time
   0   3.48942211e+01 -9.13158538e+00  5.78e+00 1.68e+01  3.33e+02  1.91e-01 1.58e-02  4.00e+00  7.61e-01 6.35e-01      1s
   1   2.75929488e+01 -1.01713180e+01  3.40e+00 1.23e+01  2.52e+02  3.91e+00 2.85e-02  9.23e+00  6.80e-01 2.68e-01      3s
   2   1.82322568e+01 -1.07331704e+01  1.83e+00 9.91e+00  2.08e+02  9.58e+00 3.01e-02  1.02e+01  5.99e-01 1.93e-01      5s
   3   9.33714020e+00 -1.10644522e+01  2.53e+00 8.54e+00  1.82e+02  1.59e+01 3.14e-02  1.08e+01  5.42e-01 1.38e-01      7s
   4   1.30843538e+00 -1.12830655e+01  4.31e+00 7.66e+00  1.65e+02  2.23e+01 3.26e-02  1.12e+01  5.03e-01 1.04e-01      8s
   5  -5.97564900e+00 -1.14395926e+01  6.22e+00 7.03e+00  1.52e+02  2.88e+01 3.35e-02  1.13e+01  4.74e-01 8.15e-02      9s
   6  -1.26741576e+01 -1.15578838e+01  8.11e+00 6.57e+00  1.43e+02  3.55e+01 3.42e-02  1.14e+01  4.51e-01 6.64e-02     10s
   7  -1.89337624e+01 -1.16509796e+01  9.99e+00 6.20e+00  1.36e+02  4.24e+01 3.47e-02  1.15e+01  4.31e-01 5.55e-02     11s
   8  -2.48503647e+01 -1.17262974e+01  1.18e+01 5.91e+00  1.30e+02  4.97e+01 3.52e-02  1.15e+01  4.13e-01 4.73e-02     13s
   9  -3.04896864e+01 -1.17884844e+01  1.37e+01 5.67e+00  1.25e+02  5.73e+01 3.55e-02  1.16e+01  3.96e-01 4.08e-02     15s
  10  -3.59172547e+01 -1.18408340e+01  1.55e+01 5.47e+00  1.21e+02  6.52e+01 3.58e-02  1.16e+01  3.81e-01 3.56e-02     17s
  11  -4.11621963e+01 -1.18854261e+01  1.73e+01 5.29e+00  1.17e+02  7.34e+01 3.60e-02  1.16e+01  3.66e-01 3.14e-02     19s
  12  -4.62664951e+01 -1.19239462e+01  1.91e+01 5.15e+00  1.14e+02  8.21e+01 3.61e-02  1.16e+01  3.53e-01 2.79e-02     21s
  13  -5.12549676e+01 -1.19575602e+01  2.09e+01 5.02e+00  1.12e+02  9.11e+01 3.63e-02  1.16e+01  3.40e-01 2.50e-02     23s
  14  -5.61365575e+01 -1.19870870e+01  2.27e+01 4.91e+00  1.10e+02  1.01e+02 3.64e-02  1.16e+01  3.29e-01 2.25e-02     25s
  15  -6.09339363e+01 -1.20132654e+01  2.45e+01 4.81e+00  1.07e+02  1.10e+02 3.65e-02  1.16e+01  3.18e-01 2.03e-02     26s
  16  -6.56598473e+01 -1.20366344e+01  2.62e+01 4.72e+00  1.06e+02  1.20e+02 3.65e-02  1.16e+01  3.07e-01 1.85e-02     28s
  17  -7.03174915e+01 -1.20575904e+01  2.80e+01 4.64e+00  1.04e+02  1.31e+02 3.66e-02  1.16e+01  2.97e-01 1.69e-02     30s
  18  -7.49237777e+01 -1.20765218e+01  2.98e+01 4.57e+00  1.03e+02  1.42e+02 3.66e-02  1.16e+01  2.88e-01 1.55e-02     32s
  19  -7.94774820e+01 -1.20936766e+01  3.15e+01 4.50e+00  1.01e+02  1.53e+02 3.67e-02  1.16e+01  2.79e-01 1.42e-02     34s
  20  -8.39909312e+01 -1.21093148e+01  3.33e+01 4.44e+00  1.00e+02  1.65e+02 3.67e-02  1.16e+01  2.71e-01 1.32e-02     36s
  21  -8.84677196e+01 -1.21236239e+01  3.50e+01 4.39e+00  9.89e+01  1.77e+02 3.67e-02  1.16e+01  2.63e-01 1.22e-02     38s
  22  -9.29115854e+01 -1.21367645e+01  3.68e+01 4.34e+00  9.78e+01  1.90e+02 3.68e-02  1.16e+01  2.56e-01 1.13e-02     40s
  23  -9.73220235e+01 -1.21488623e+01  3.85e+01 4.29e+00  9.69e+01  2.03e+02 3.68e-02  1.16e+01  2.48e-01 1.05e-02     41s
  24  -1.01707422e+02 -1.21600494e+01  4.03e+01 4.25e+00  9.60e+01  2.16e+02 3.68e-02  1.16e+01  2.42e-01 9.84e-03     43s
  25  -1.06067725e+02 -1.21704181e+01  4.20e+01 4.21e+00  9.52e+01  2.30e+02 3.68e-02  1.16e+01  2.35e-01 9.21e-03     45s
  26  -1.10407353e+02 -1.21800594e+01  4.38e+01 4.17e+00  9.45e+01  2.44e+02 3.68e-02  1.16e+01  2.29e-01 8.63e-03     47s
  27  -1.14726625e+02 -1.21890433e+01  4.55e+01 4.14e+00  9.38e+01  2.58e+02 3.68e-02  1.16e+01  2.24e-01 8.11e-03     49s
  28  -1.19026002e+02 -1.21974321e+01  4.72e+01 4.11e+00  9.31e+01  2.73e+02 3.68e-02  1.16e+01  2.18e-01 7.63e-03     50s
  29  -1.23310374e+02 -1.22052887e+01  4.90e+01 4.08e+00  9.25e+01  2.89e+02 3.68e-02  1.16e+01  2.13e-01 7.20e-03     52s
  30  -1.27576315e+02 -1.22126539e+01  5.07e+01 4.05e+00  9.19e+01  3.04e+02 3.68e-02  1.16e+01  2.08e-01 6.80e-03     54s
  31  -1.31828971e+02 -1.22195784e+01  5.24e+01 4.03e+00  9.14e+01  3.20e+02 3.68e-02  1.16e+01  2.03e-01 6.43e-03     56s
  32  -1.36069466e+02 -1.22261006e+01  5.42e+01 4.00e+00  9.09e+01  3.37e+02 3.68e-02  1.16e+01  1.99e-01 6.09e-03     58s
  33  -1.40299062e+02 -1.22322548e+01  5.59e+01 3.98e+00  9.04e+01  3.54e+02 3.69e-02  1.16e+01  1.94e-01 5.78e-03     60s
  34  -1.44514931e+02 -1.22380662e+01  5.76e+01 3.96e+00  8.99e+01  3.71e+02 3.69e-02  1.16e+01  1.90e-01 5.49e-03     62s
  35  -1.48722719e+02 -1.22435688e+01  5.94e+01 3.93e+00  8.95e+01  3.89e+02 3.69e-02  1.16e+01  1.86e-01 5.23e-03     64s
  36  -1.52915682e+02 -1.22487773e+01  6.11e+01 3.92e+00  8.91e+01  4.07e+02 3.69e-02  1.16e+01  1.82e-01 4.97e-03     66s
  37  -1.57103802e+02 -1.22537255e+01  6.28e+01 3.90e+00  8.87e+01  4.25e+02 3.69e-02  1.16e+01  1.78e-01 4.74e-03     67s
  38  -1.61280616e+02 -1.22584245e+01  6.45e+01 3.88e+00  8.83e+01  4.44e+02 3.69e-02  1.16e+01  1.75e-01 4.53e-03     69s
  39  -1.65452146e+02 -1.22628985e+01  6.63e+01 3.86e+00  8.80e+01  4.64e+02 3.68e-02  1.16e+01  1.71e-01 4.33e-03     70s
  40  -1.69616274e+02 -1.22671606e+01  6.80e+01 3.85e+00  8.76e+01  4.83e+02 3.68e-02  1.16e+01  1.68e-01 4.14e-03     72s
  41  -1.73770921e+02 -1.22712230e+01  6.97e+01 3.83e+00  8.73e+01  5.03e+02 3.68e-02  1.16e+01  1.65e-01 3.96e-03     74s
  42  -1.77918198e+02 -1.22751009e+01  7.14e+01 3.82e+00  8.70e+01  5.24e+02 3.68e-02  1.16e+01  1.62e-01 3.80e-03     76s
  43  -1.82064469e+02 -1.22788120e+01  7.32e+01 3.80e+00  8.67e+01  5.45e+02 3.68e-02  1.16e+01  1.59e-01 3.65e-03     78s
  44  -1.86199715e+02 -1.22823578e+01  7.49e+01 3.79e+00  8.65e+01  5.66e+02 3.68e-02  1.16e+01  1.56e-01 3.49e-03     80s
  45  -1.90330343e+02 -1.22857542e+01  7.66e+01 3.78e+00  8.62e+01  5.87e+02 3.68e-02  1.16e+01  1.53e-01 3.36e-03     81s
  46  -1.94454677e+02 -1.22890088e+01  7.83e+01 3.76e+00  8.59e+01  6.10e+02 3.68e-02  1.16e+01  1.51e-01 3.23e-03     83s
  47  -1.98575190e+02 -1.22921320e+01  8.01e+01 3.75e+00  8.57e+01  6.32e+02 3.68e-02  1.16e+01  1.48e-01 3.11e-03     86s
  48  -2.02690332e+02 -1.22951302e+01  8.18e+01 3.74e+00  8.55e+01  6.55e+02 3.68e-02  1.16e+01  1.46e-01 2.99e-03     88s
  49  -2.06802695e+02 -1.22980124e+01  8.35e+01 3.73e+00  8.52e+01  6.78e+02 3.68e-02  1.16e+01  1.43e-01 2.88e-03     90s
  50  -2.10910849e+02 -1.23007841e+01  8.52e+01 3.72e+00  8.50e+01  7.02e+02 3.68e-02  1.16e+01  1.41e-01 2.78e-03     92s
  51  -2.15013390e+02 -1.23034506e+01  8.69e+01 3.71e+00  8.48e+01  7.26e+02 3.68e-02  1.16e+01  1.39e-01 2.68e-03     94s
  52  -2.19113037e+02 -1.23060192e+01  8.86e+01 3.70e+00  8.46e+01  7.50e+02 3.68e-02  1.16e+01  1.36e-01 2.59e-03     95s
  53  -2.23204402e+02 -1.23084918e+01  9.04e+01 3.69e+00  8.44e+01  7.75e+02 3.68e-02  1.16e+01  1.34e-01 2.50e-03     97s
  54  -2.27298425e+02 -1.23108801e+01  9.21e+01 3.68e+00  8.42e+01  8.00e+02 3.68e-02  1.16e+01  1.32e-01 2.42e-03     99s
  55  -2.31385802e+02 -1.23131829e+01  9.38e+01 3.67e+00  8.40e+01  8.26e+02 3.68e-02  1.16e+01  1.30e-01 2.34e-03    101s
  56  -2.35469389e+02 -1.23154062e+01  9.55e+01 3.67e+00  8.39e+01  8.52e+02 3.68e-02  1.16e+01  1.28e-01 2.26e-03    103s
  57  -2.39552117e+02 -1.23175555e+01  9.72e+01 3.66e+00  8.37e+01  8.78e+02 3.68e-02  1.16e+01  1.27e-01 2.19e-03    105s
  58  -2.43628833e+02 -1.23196317e+01  9.89e+01 3.65e+00  8.35e+01  9.05e+02 3.68e-02  1.16e+01  1.25e-01 2.12e-03    107s
  59  -2.47702500e+02 -1.23216400e+01  1.01e+02 3.64e+00  8.34e+01  9.32e+02 3.68e-02  1.16e+01  1.23e-01 2.06e-03    109s
  60  -2.51776149e+02 -1.23235849e+01  1.02e+02 3.64e+00  8.32e+01  9.60e+02 3.68e-02  1.16e+01  1.21e-01 2.00e-03    111s
  61  -2.55844745e+02 -1.23254671e+01  1.04e+02 3.63e+00  8.31e+01  9.88e+02 3.68e-02  1.16e+01  1.20e-01 1.94e-03    112s
  62  -2.59911345e+02 -1.23272908e+01  1.06e+02 3.62e+00  8.29e+01  1.02e+03 3.68e-02  1.16e+01  1.18e-01 1.88e-03    115s
  63  -2.63979079e+02 -1.23290601e+01  1.08e+02 3.61e+00  8.28e+01  1.05e+03 3.68e-02  1.16e+01  1.16e-01 1.83e-03    116s
  64  -2.68038948e+02 -1.23307735e+01  1.09e+02 3.61e+00  8.27e+01  1.07e+03 3.68e-02  1.16e+01  1.15e-01 1.77e-03    118s
  65  -2.72098108e+02 -1.23324365e+01  1.11e+02 3.60e+00  8.25e+01  1.10e+03 3.68e-02  1.16e+01  1.13e-01 1.72e-03    120s
  66  -2.76155715e+02 -1.23340509e+01  1.13e+02 3.60e+00  8.24e+01  1.13e+03 3.68e-02  1.16e+01  1.12e-01 1.67e-03    122s
  67  -2.80210937e+02 -1.23356185e+01  1.14e+02 3.59e+00  8.23e+01  1.16e+03 3.68e-02  1.16e+01  1.10e-01 1.63e-03    124s
  68  -2.84267006e+02 -1.23371425e+01  1.16e+02 3.58e+00  8.22e+01  1.19e+03 3.68e-02  1.16e+01  1.09e-01 1.59e-03    126s
  69  -2.88315060e+02 -1.23386214e+01  1.18e+02 3.58e+00  8.20e+01  1.23e+03 3.68e-02  1.16e+01  1.08e-01 1.54e-03    128s
  70  -2.92366397e+02 -1.23400612e+01  1.20e+02 3.57e+00  8.19e+01  1.26e+03 3.68e-02  1.16e+01  1.06e-01 1.50e-03    130s
  71  -2.96412233e+02 -1.23414602e+01  1.21e+02 3.57e+00  8.18e+01  1.29e+03 3.68e-02  1.16e+01  1.05e-01 1.46e-03    132s
  72  -3.00459885e+02 -1.23428228e+01  1.23e+02 3.56e+00  8.17e+01  1.32e+03 3.68e-02  1.16e+01  1.04e-01 1.43e-03    134s
  73  -3.04504637e+02 -1.23441486e+01  1.25e+02 3.56e+00  8.16e+01  1.35e+03 3.68e-02  1.16e+01  1.03e-01 1.39e-03    136s
  74  -3.08545780e+02 -1.23454390e+01  1.26e+02 3.55e+00  8.15e+01  1.39e+03 3.68e-02  1.16e+01  1.01e-01 1.35e-03    137s
  75  -3.12586653e+02 -1.23466964e+01  1.28e+02 3.55e+00  8.14e+01  1.42e+03 3.68e-02  1.16e+01  1.00e-01 1.32e-03    138s
  76  -3.16622574e+02 -1.23479205e+01  1.30e+02 3.54e+00  8.13e+01  1.46e+03 3.68e-02  1.16e+01  9.90e-02 1.29e-03    140s
  77  -3.20660935e+02 -1.23491149e+01  1.31e+02 3.54e+00  8.12e+01  1.49e+03 3.67e-02  1.16e+01  9.79e-02 1.26e-03    142s
  78  -3.24697118e+02 -1.23502792e+01  1.33e+02 3.54e+00  8.11e+01  1.52e+03 3.67e-02  1.16e+01  9.68e-02 1.23e-03    143s
  79  -3.28730502e+02 -1.23514144e+01  1.35e+02 3.53e+00  8.10e+01  1.56e+03 3.67e-02  1.16e+01  9.57e-02 1.20e-03    145s
  80  -3.32764509e+02 -1.23525226e+01  1.37e+02 3.53e+00  8.10e+01  1.59e+03 3.67e-02  1.16e+01  9.47e-02 1.17e-03    147s
  81  -3.36794544e+02 -1.23536034e+01  1.38e+02 3.52e+00  8.09e+01  1.63e+03 3.67e-02  1.16e+01  9.36e-02 1.14e-03    149s
