
================= Linear optimization problem Information =================
Number of variables:     8
Number of constraints:   2

Norm of primal sol:      5.00e+00
Norm of dual sol:        1.00e+01
Norm of dual slacks:     5.00e+00

Norm of vector b:        1.45e+01
Norm of vector c:        2.96e+01

Norm of matrix A:        6.71e+00
Condition number:        2.00e+00
Seed:                    22

======================= Linear optimization problem =======================
coeff matrix A:          [[-1.743 -2.617 +1.437 +2.524 +1.199 -1.297 +1.671 +1.272]
                          [-0.742 +0.339 -0.233 +0.671 +1.149 -2.105 +2.320 +2.617]]

RHS vector b:            [+9.399 +11.075]
Obj vector c:            [+6.107 +19.987 -11.324 -11.853 +2.807 -2.553 +6.125 +10.996]

============================ Optimal solution =============================
Primal variables:        [+0.790 +1.825 +1.593 +3.256 +0.000 +0.000 +1.025 +2.618]
Dual slacks:             [+0.000 +0.000 +0.000 +0.000 +2.254 +4.463 +0.000 +0.000]
Dual variables:          [-6.674 +7.447]

Optimal objective:       +1.97431947e+01
===========================================================================

Method:             II-QIPM
LO_Precision:       1.00e-01
Stop_Precision:     1.00e-03
LO_Verbosity:       2
Omega:              1.00e+01
num_ancillae:       4

The Quantum Inexact Infeasible Interior-Point Method starts running ...


                  Objective                Residual                      Quantum                    Step-length
Iter      Primal           Dual         Primal    Dual     Compl    ||Resl||   Prob    Cond-Num   a-star   a-hat      Time
   0   1.08678915e+02 -2.10162518e+00  6.99e+00 7.73e+00  2.40e+02 *1.41e-01 1.41e-01  4.00e+00  8.99e-01 7.83e-01      2s
   1   9.64952434e+01 -8.98025632e-01  5.39e+00 6.66e+00  2.10e+02 *4.57e+00 1.59e-01  4.41e+00  6.55e-01 1.39e-01      4s
   2   8.75927418e+01 -4.60030258e-02  4.30e+00 6.00e+00  1.91e+02 *5.64e+00 1.55e-01  4.83e+00  6.24e-01 9.89e-02      6s
   3   7.96565796e+01  9.38520838e-01  3.55e+00 5.38e+00  1.73e+02 *3.07e+00 1.79e-01  5.27e+00  6.21e-01 1.03e-01      8s
   4   7.29392398e+01  2.32613380e+00  3.32e+00 4.71e+00  1.54e+02 *1.73e+00 2.29e-01  5.87e+00  6.43e-01 1.24e-01     10s
   5   6.70719512e+01  4.29867131e+00  3.51e+00 3.96e+00  1.31e+02 *4.59e+00 2.87e-01  6.76e+00  6.82e-01 1.61e-01     12s
   6   5.95047687e+01  5.87254368e+00  2.92e+00 3.40e+00  1.14e+02 *7.75e-01 2.94e-01  7.97e+00  6.82e-01 1.40e-01     14s
   7   5.06882091e+01  6.74837256e+00  1.75e+00 3.09e+00  1.05e+02 *1.01e+01 2.65e-01  8.93e+00  6.32e-01 9.26e-02     16s
   8   4.17186366e+01  7.31144131e+00  6.44e-01 2.88e+00  9.83e+01 *1.80e+01 2.42e-01  9.55e+00  5.80e-01 6.80e-02     18s
   9   3.28679722e+01  7.71050604e+00  1.20e+00 2.72e+00  9.35e+01 *2.53e+01 2.24e-01  1.00e+01  5.32e-01 5.34e-02     19s
  10   2.42127389e+01  8.01080411e+00  2.49e+00 2.61e+00  8.98e+01 *3.21e+01 2.09e-01  1.04e+01  4.93e-01 4.37e-02     21s
  11   1.57498465e+01  8.24684077e+00  3.80e+00 2.51e+00  8.68e+01 *3.88e+01 1.98e-01  1.06e+01  4.61e-01 3.68e-02     22s
  12   7.46701013e+00  8.43822046e+00  5.11e+00 2.43e+00  8.43e+01 *4.54e+01 1.88e-01  1.09e+01  4.34e-01 3.16e-02     24s
  13  -6.49841123e-01  8.59708026e+00  6.40e+00 2.36e+00  8.22e+01 *5.20e+01 1.81e-01  1.11e+01  4.11e-01 2.76e-02     26s
  14  -8.63405167e+00  8.73174191e+00  7.67e+00 2.31e+00  8.04e+01 *5.86e+01 1.74e-01  1.13e+01  3.91e-01 2.44e-02     28s
  15  -1.64913129e+01  8.84748916e+00  8.92e+00 2.26e+00  7.88e+01 *6.52e+01 1.68e-01  1.14e+01  3.73e-01 2.18e-02     30s
  16  -2.42423469e+01  8.94833911e+00  1.02e+01 2.21e+00  7.74e+01 *7.20e+01 1.64e-01  1.15e+01  3.57e-01 1.97e-02     32s
  17  -3.19051595e+01  9.03721457e+00  1.14e+01 2.17e+00  7.61e+01 *7.89e+01 1.59e-01  1.16e+01  3.42e-01 1.79e-02     34s
  18  -3.94936047e+01  9.11627910e+00  1.26e+01 2.14e+00  7.50e+01 *8.59e+01 1.56e-01  1.17e+01  3.29e-01 1.63e-02     36s
  19  -4.70089444e+01  9.18708673e+00  1.38e+01 2.10e+00  7.40e+01 *9.30e+01 1.52e-01  1.18e+01  3.17e-01 1.50e-02     37s
  20  -5.44690401e+01  9.25101830e+00  1.50e+01 2.07e+00  7.30e+01 *1.00e+02 1.49e-01  1.19e+01  3.06e-01 1.38e-02     38s
  21  -6.18710295e+01  9.30900580e+00  1.62e+01 2.05e+00  7.22e+01 *1.08e+02 1.47e-01  1.20e+01  2.96e-01 1.28e-02     39s
  22  -6.92350346e+01  9.36198330e+00  1.74e+01 2.02e+00  7.14e+01 *1.15e+02 1.45e-01  1.20e+01  2.87e-01 1.19e-02     41s
  23  -7.65676230e+01  9.41061526e+00  1.86e+01 2.00e+00  7.07e+01 *1.23e+02 1.42e-01  1.21e+01  2.78e-01 1.11e-02     43s
  24  -8.38614600e+01  9.45536866e+00  1.97e+01 1.98e+00  7.00e+01 *1.31e+02 1.41e-01  1.21e+01  2.70e-01 1.04e-02     45s
  25  -9.11240827e+01  9.49673012e+00  2.09e+01 1.96e+00  6.94e+01 *1.40e+02 1.39e-01  1.21e+01  2.62e-01 9.73e-03     47s
  26  -9.83708241e+01  9.53515028e+00  2.21e+01 1.94e+00  6.88e+01 *1.48e+02 1.37e-01  1.22e+01  2.55e-01 9.16e-03     50s
  27  -1.05588775e+02  9.57086659e+00  2.32e+01 1.93e+00  6.83e+01 *1.57e+02 1.36e-01  1.22e+01  2.49e-01 8.62e-03     51s
  28  -1.12793858e+02  9.60422637e+00  2.44e+01 1.91e+00  6.78e+01 *1.65e+02 1.35e-01  1.22e+01  2.42e-01 8.14e-03     53s
  29  -1.19988220e+02  9.63546313e+00  2.55e+01 1.90e+00  6.73e+01 *1.74e+02 1.33e-01  1.23e+01  2.36e-01 7.70e-03     55s
  30  -1.27159908e+02  9.66472302e+00  2.67e+01 1.88e+00  6.68e+01 *1.84e+02 1.32e-01  1.23e+01  2.30e-01 7.29e-03     57s
  31  -1.34332746e+02  9.69227776e+00  2.78e+01 1.87e+00  6.64e+01 *1.93e+02 1.31e-01  1.23e+01  2.25e-01 6.92e-03     59s
  32  -1.41488315e+02  9.71820415e+00  2.90e+01 1.86e+00  6.60e+01 *2.03e+02 1.30e-01  1.23e+01  2.20e-01 6.57e-03     61s
  33  -1.48636552e+02  9.74267503e+00  3.01e+01 1.85e+00  6.56e+01 *2.13e+02 1.29e-01  1.23e+01  2.15e-01 6.25e-03     63s
  34  -1.55787780e+02  9.76584191e+00  3.13e+01 1.83e+00  6.53e+01 *2.23e+02 1.29e-01  1.24e+01  2.10e-01 5.96e-03     65s
  35  -1.62924114e+02  9.78775035e+00  3.24e+01 1.82e+00  6.49e+01 *2.33e+02 1.28e-01  1.24e+01  2.06e-01 5.68e-03     66s
  36  -1.70063094e+02  9.80855020e+00  3.36e+01 1.81e+00  6.46e+01 *2.44e+02 1.27e-01  1.24e+01  2.01e-01 5.43e-03     67s
  37  -1.77201373e+02  9.82831337e+00  3.47e+01 1.80e+00  6.43e+01 *2.55e+02 1.26e-01  1.24e+01  1.97e-01 5.19e-03     68s
  38  -1.84328502e+02  9.84708714e+00  3.59e+01 1.80e+00  6.40e+01 *2.66e+02 1.26e-01  1.24e+01  1.93e-01 4.96e-03     70s
  39  -1.91462444e+02  9.86498825e+00  3.70e+01 1.79e+00  6.37e+01 *2.77e+02 1.25e-01  1.24e+01  1.89e-01 4.76e-03     72s
  40  -1.98593136e+02  9.88205137e+00  3.82e+01 1.78e+00  6.35e+01 *2.88e+02 1.25e-01  1.24e+01  1.86e-01 4.56e-03     75s
  41  -2.05731792e+02  9.89835897e+00  3.93e+01 1.77e+00  6.32e+01 *3.00e+02 1.24e-01  1.24e+01  1.82e-01 4.38e-03     77s
  42  -2.12861412e+02  9.91392242e+00  4.05e+01 1.76e+00  6.30e+01 *3.12e+02 1.24e-01  1.24e+01  1.79e-01 4.20e-03     78s
  43  -2.19993268e+02  9.92881450e+00  4.16e+01 1.76e+00  6.28e+01 *3.24e+02 1.23e-01  1.24e+01  1.76e-01 4.04e-03     80s
  44  -2.27131826e+02  9.94308616e+00  4.28e+01 1.75e+00  6.25e+01 *3.37e+02 1.23e-01  1.24e+01  1.72e-01 3.89e-03     83s
  45  -2.34274589e+02  9.95677013e+00  4.39e+01 1.74e+00  6.23e+01 *3.49e+02 1.22e-01  1.25e+01  1.69e-01 3.74e-03     85s
  46  -2.41411928e+02  9.96988387e+00  4.50e+01 1.74e+00  6.21e+01 *3.62e+02 1.22e-01  1.25e+01  1.66e-01 3.60e-03     87s
  47  -2.48555532e+02  9.98248252e+00  4.62e+01 1.73e+00  6.19e+01 *3.76e+02 1.22e-01  1.25e+01  1.64e-01 3.47e-03     88s
  48  -2.55703110e+02  9.99459160e+00  4.73e+01 1.73e+00  6.17e+01 *3.89e+02 1.21e-01  1.25e+01  1.61e-01 3.35e-03     90s
  49  -2.62852385e+02  1.00062351e+01  4.85e+01 1.72e+00  6.15e+01 *4.03e+02 1.21e-01  1.25e+01  1.58e-01 3.23e-03     92s
  50  -2.70001105e+02  1.00174355e+01  4.96e+01 1.71e+00  6.14e+01 *4.17e+02 1.21e-01  1.25e+01  1.56e-01 3.12e-03     94s
  51  -2.77161351e+02  1.00282355e+01  5.08e+01 1.71e+00  6.12e+01 *4.31e+02 1.20e-01  1.25e+01  1.53e-01 3.02e-03     96s
  52  -2.84316855e+02  1.00386325e+01  5.19e+01 1.70e+00  6.10e+01 *4.45e+02 1.20e-01  1.25e+01  1.51e-01 2.92e-03     98s
  53  -2.91479750e+02  1.00486652e+01  5.31e+01 1.70e+00  6.09e+01 *4.60e+02 1.20e-01  1.25e+01  1.48e-01 2.82e-03    100s
  54  -2.98648127e+02  1.00583496e+01  5.42e+01 1.69e+00  6.07e+01 *4.75e+02 1.19e-01  1.25e+01  1.46e-01 2.73e-03    101s
  55  -3.05820090e+02  1.00677010e+01  5.54e+01 1.69e+00  6.06e+01 *4.90e+02 1.19e-01  1.25e+01  1.44e-01 2.65e-03    103s
  56  -3.12993759e+02  1.00767337e+01  5.66e+01 1.69e+00  6.04e+01 *5.05e+02 1.19e-01  1.25e+01  1.42e-01 2.56e-03    105s
  57  -3.20174452e+02  1.00854699e+01  5.77e+01 1.68e+00  6.03e+01 *5.21e+02 1.19e-01  1.25e+01  1.40e-01 2.48e-03    107s
  58  -3.27353262e+02  1.00939135e+01  5.89e+01 1.68e+00  6.02e+01 *5.37e+02 1.18e-01  1.25e+01  1.38e-01 2.41e-03    109s
  59  -3.34542734e+02  1.01020930e+01  6.00e+01 1.67e+00  6.00e+01 *5.53e+02 1.18e-01  1.25e+01  1.36e-01 2.34e-03    111s
  60  -3.41734106e+02  1.01100107e+01  6.12e+01 1.67e+00  5.99e+01 *5.69e+02 1.18e-01  1.25e+01  1.34e-01 2.27e-03    113s
  61  -3.48932899e+02  1.01176849e+01  6.23e+01 1.67e+00  5.98e+01 *5.86e+02 1.18e-01  1.25e+01  1.32e-01 2.20e-03    115s
  62  -3.56130363e+02  1.01251175e+01  6.35e+01 1.66e+00  5.97e+01 *6.03e+02 1.17e-01  1.25e+01  1.30e-01 2.14e-03    117s
  63  -3.63332054e+02  1.01323250e+01  6.46e+01 1.66e+00  5.96e+01 *6.20e+02 1.17e-01  1.25e+01  1.28e-01 2.08e-03    119s
  64  -3.70543665e+02  1.01393231e+01  6.58e+01 1.66e+00  5.95e+01 *6.38e+02 1.17e-01  1.25e+01  1.27e-01 2.02e-03    121s
  65  -3.77756590e+02  1.01461125e+01  6.70e+01 1.65e+00  5.94e+01 *6.55e+02 1.17e-01  1.25e+01  1.25e-01 1.97e-03    122s
  66  -3.84969336e+02  1.01527010e+01  6.81e+01 1.65e+00  5.92e+01 *6.73e+02 1.17e-01  1.25e+01  1.23e-01 1.91e-03    124s
  67  -3.92187642e+02  1.01591024e+01  6.93e+01 1.65e+00  5.91e+01 *6.91e+02 1.17e-01  1.25e+01  1.22e-01 1.86e-03    126s
  68  -3.99417383e+02  1.01653294e+01  7.04e+01 1.64e+00  5.90e+01 *7.10e+02 1.16e-01  1.25e+01  1.20e-01 1.81e-03    128s
  69  -4.06642858e+02  1.01713760e+01  7.16e+01 1.64e+00  5.90e+01 *7.28e+02 1.16e-01  1.25e+01  1.19e-01 1.76e-03    130s
  70  -4.13877094e+02  1.01772604e+01  7.28e+01 1.64e+00  5.89e+01 *7.47e+02 1.16e-01  1.25e+01  1.17e-01 1.72e-03    132s
  71  -4.21111636e+02  1.01829822e+01  7.39e+01 1.63e+00  5.88e+01 *7.67e+02 1.16e-01  1.25e+01  1.16e-01 1.67e-03    133s
  72  -4.28352415e+02  1.01885526e+01  7.51e+01 1.63e+00  5.87e+01 *7.86e+02 1.16e-01  1.25e+01  1.14e-01 1.63e-03    135s
  73  -4.35598235e+02  1.01939767e+01  7.62e+01 1.63e+00  5.86e+01 *8.06e+02 1.16e-01  1.25e+01  1.13e-01 1.59e-03    138s
  74  -4.42847910e+02  1.01992591e+01  7.74e+01 1.63e+00  5.85e+01 *8.26e+02 1.15e-01  1.25e+01  1.12e-01 1.55e-03    139s
  75  -4.50100263e+02  1.02044044e+01  7.86e+01 1.62e+00  5.84e+01 *8.46e+02 1.15e-01  1.25e+01  1.10e-01 1.52e-03    141s
  76  -4.57361387e+02  1.02094222e+01  7.97e+01 1.62e+00  5.84e+01 *8.66e+02 1.15e-01  1.25e+01  1.09e-01 1.48e-03    143s
  77  -4.64622959e+02  1.02143115e+01  8.09e+01 1.62e+00  5.83e+01 *8.87e+02 1.15e-01  1.25e+01  1.08e-01 1.44e-03    145s
  78  -4.71883831e+02  1.02190762e+01  8.21e+01 1.62e+00  5.82e+01 *9.08e+02 1.15e-01  1.25e+01  1.07e-01 1.41e-03    148s
  79  -4.79157406e+02  1.02237297e+01  8.32e+01 1.62e+00  5.81e+01 *9.30e+02 1.15e-01  1.25e+01  1.05e-01 1.38e-03    149s
  80  -4.86428199e+02  1.02282662e+01  8.44e+01 1.61e+00  5.81e+01 *9.51e+02 1.15e-01  1.25e+01  1.04e-01 1.35e-03    150s
  81  -4.93702366e+02  1.02326936e+01  8.56e+01 1.61e+00  5.80e+01 *9.73e+02 1.15e-01  1.25e+01  1.03e-01 1.31e-03    151s
  82  -5.00986177e+02  1.02370196e+01  8.67e+01 1.61e+00  5.79e+01 *9.95e+02 1.15e-01  1.25e+01  1.02e-01 1.29e-03    153s
  83  -5.08264144e+02  1.02412386e+01  8.79e+01 1.61e+00  5.79e+01 *1.02e+03 1.14e-01  1.25e+01  1.01e-01 1.26e-03    154s
  84  -5.15557043e+02  1.02453662e+01  8.91e+01 1.60e+00  5.78e+01 *1.04e+03 1.14e-01  1.25e+01  9.98e-02 1.23e-03    156s
  85  -5.22842185e+02  1.02493928e+01  9.03e+01 1.60e+00  5.77e+01 *1.06e+03 1.14e-01  1.25e+01  9.88e-02 1.20e-03    158s
  86  -5.30140385e+02  1.02533333e+01  9.14e+01 1.60e+00  5.77e+01 *1.09e+03 1.14e-01  1.25e+01  9.77e-02 1.18e-03    160s
  87  -5.37436246e+02  1.02571823e+01  9.26e+01 1.60e+00  5.76e+01 *1.11e+03 1.14e-01  1.25e+01  9.67e-02 1.15e-03    162s
  88  -5.44743410e+02  1.02609498e+01  9.38e+01 1.60e+00  5.75e+01 *1.13e+03 1.14e-01  1.25e+01  9.57e-02 1.13e-03    164s
  89  -5.52046474e+02  1.02646307e+01  9.49e+01 1.60e+00  5.75e+01 *1.16e+03 1.14e-01  1.25e+01  9.48e-02 1.10e-03    166s
  90  -5.59351797e+02  1.02682311e+01  9.61e+01 1.59e+00  5.74e+01 *1.18e+03 1.14e-01  1.25e+01  9.38e-02 1.08e-03    168s
  91  -5.66665833e+02  1.02717566e+01  9.73e+01 1.59e+00  5.74e+01 *1.21e+03 1.14e-01  1.25e+01  9.29e-02 1.06e-03    170s
  92  -5.73980497e+02  1.02752058e+01  9.85e+01 1.59e+00  5.73e+01 *1.23e+03 1.14e-01  1.25e+01  9.19e-02 1.04e-03    172s
  93  -5.81302267e+02  1.02785840e+01  9.96e+01 1.59e+00  5.73e+01 *1.25e+03 1.13e-01  1.25e+01  9.11e-02 1.02e-03    174s
  94  -5.88623059e+02  1.02818898e+01  1.01e+02 1.59e+00  5.72e+01 *1.28e+03 1.13e-01  1.25e+01  9.02e-02 9.95e-04    176s

The solution quality is limited by the precision of the linear system solver.

The II-IPM stopped after 95 iterations in 176.19 seconds.

Primal variables:   [+117.967 +7.196 +124.380 +9.774 +2.846 +1.872 +4.313 +3.801]
Dual slacks:        [+0.031 +1.126 +0.029 +0.683 +3.457 +3.008 +2.286 +2.610]
Dual variables:     [-6.233 +6.218]

Primal objective:   -5.88623059e+02
Dual objective:     1.02818898e+01 

Primal residual:    1.01e+02
Dual residual:      1.59e+00
Complementraty:     5.72e+01

Number of Iter:     95
Run time:           176.19
