
================= Linear optimization problem Information =================
Number of variables:     8
Number of constraints:   2

Norm of primal sol:      5.00e+00
Norm of dual sol:        1.00e+01
Norm of dual slacks:     5.00e+00

Norm of vector b:        5.08e+00
Norm of vector c:        1.86e+01

Norm of matrix A:        2.24e+00
Condition number:        2.00e+00
Seed:                    38

======================= Linear optimization problem =======================
coeff matrix A:          [[+0.123 -0.057 +0.371 +0.009 +0.637 +0.906 +0.705 -0.375]
                          [+0.098 +0.305 +0.887 +0.935 -0.102 +0.588 +0.449 -0.811]]

RHS vector b:            [+2.923 +4.154]
Obj vector c:            [-1.455 -2.368 -9.551 -4.462 +1.095 -9.588 -7.383 +8.902]

============================ Optimal solution =============================
Primal variables:        [+1.259 +2.812 +3.089 +0.000 +0.000 +1.982 +0.655 +1.267]
Dual slacks:             [+0.000 +0.000 +0.000 +3.714 +3.348 +0.000 +0.000 +0.000]
Dual variables:          [-4.930 -8.701]

Optimal objective:       -5.05509397e+01
===========================================================================

Method:             II-QIPM
LO_Precision:       1.00e-01
Stop_Precision:     1.00e-03
LO_Verbosity:       2
Omega:              1.00e+01
num_ancillae:       4

The Quantum Inexact Infeasible Interior-Point Method starts running ...


                  Objective                Residual                      Quantum                    Step-length
Iter      Primal           Dual         Primal    Dual     Compl    ||Resl||   Prob    Cond-Num   a-star   a-hat      Time
   0  -1.26558720e+02 -4.56518117e+01  1.29e+01 1.86e+01  4.06e+02 *7.14e-02 1.67e-02  4.00e+00  6.68e-01 5.40e-01      2s
   1  -1.15057432e+02 -4.72411897e+01  1.15e+01 1.66e+01  3.66e+02 *7.25e-01 2.34e-02  1.00e+01  6.94e-01 1.10e-01      4s
   2  -1.02956693e+02 -4.86498195e+01  1.00e+01 1.44e+01  3.22e+02 *9.20e-01 1.93e-02  1.17e+01  7.38e-01 1.32e-01      6s
   3  -8.95606611e+01 -4.99504578e+01  8.33e+00 1.19e+01  2.72e+02 *8.45e-01 1.68e-02  1.39e+01  7.97e-01 1.73e-01      8s
   4  -7.41595830e+01 -5.11856885e+01  6.28e+00 8.91e+00  2.11e+02 *4.37e-01 1.57e-02  1.69e+01  8.09e-01 2.51e-01      9s
   5  -5.52552745e+01 -5.24480795e+01  3.40e+00 4.96e+00  1.26e+02 *5.25e-01 1.57e-02  2.16e+01  7.41e-01 4.44e-01     11s
   6  -4.64309558e+01 -5.29479177e+01  1.91e+00 3.18e+00  8.42e+01 *3.73e+00 1.58e-02  2.83e+01  5.37e-01 3.58e-01     13s
   7  -4.54608803e+01 -5.29762257e+01  1.88e+00 3.12e+00  8.26e+01 *1.22e+01 2.25e-02  2.25e+01  3.08e-01 2.03e-02     15s
   8  -4.48099308e+01 -5.29935982e+01  1.88e+00 3.08e+00  8.17e+01 *1.33e+01 2.44e-02  2.17e+01  2.98e-01 1.25e-02     17s
   9  -4.41515013e+01 -5.30101653e+01  1.90e+00 3.04e+00  8.08e+01 *1.41e+01 2.57e-02  2.13e+01  2.93e-01 1.19e-02     18s
  10  -4.34822362e+01 -5.30260371e+01  1.93e+00 3.01e+00  8.00e+01 *1.49e+01 2.72e-02  2.09e+01  2.88e-01 1.14e-02     20s
  11  -4.28006199e+01 -5.30412636e+01  1.97e+00 2.98e+00  7.92e+01 *1.57e+01 2.88e-02  2.04e+01  2.83e-01 1.10e-02     22s
  12  -4.21064688e+01 -5.30558601e+01  2.03e+00 2.94e+00  7.84e+01 *1.65e+01 3.05e-02  2.00e+01  2.79e-01 1.06e-02     25s
  13  -4.13982441e+01 -5.30698691e+01  2.09e+00 2.91e+00  7.77e+01 *1.73e+01 3.23e-02  1.96e+01  2.74e-01 1.03e-02     26s
  14  -4.06750478e+01 -5.30833147e+01  2.17e+00 2.89e+00  7.70e+01 *1.81e+01 3.43e-02  1.92e+01  2.71e-01 9.99e-03     28s
  15  -3.99352189e+01 -5.30962315e+01  2.26e+00 2.86e+00  7.63e+01 *1.89e+01 3.63e-02  1.89e+01  2.67e-01 9.71e-03     29s
  16  -3.91785010e+01 -5.31086255e+01  2.37e+00 2.83e+00  7.56e+01 *1.98e+01 3.85e-02  1.85e+01  2.64e-01 9.46e-03     31s
  17  -3.84031286e+01 -5.31205260e+01  2.48e+00 2.80e+00  7.50e+01 *2.06e+01 4.08e-02  1.82e+01  2.61e-01 9.23e-03     33s
  18  -3.76080008e+01 -5.31319478e+01  2.59e+00 2.78e+00  7.44e+01 *2.15e+01 4.32e-02  1.78e+01  2.59e-01 9.03e-03     35s
  19  -3.67919620e+01 -5.31429038e+01  2.72e+00 2.75e+00  7.38e+01 *2.23e+01 4.57e-02  1.75e+01  2.56e-01 8.85e-03     36s
  20  -3.59537957e+01 -5.31534055e+01  2.86e+00 2.73e+00  7.32e+01 *2.32e+01 4.83e-02  1.72e+01  2.54e-01 8.68e-03     38s
  21  -3.50922177e+01 -5.31634630e+01  3.00e+00 2.71e+00  7.26e+01 *2.41e+01 5.10e-02  1.69e+01  2.52e-01 8.54e-03     40s
  22  -3.42058692e+01 -5.31730851e+01  3.15e+00 2.68e+00  7.21e+01 *2.50e+01 5.38e-02  1.66e+01  2.50e-01 8.41e-03     41s
  23  -3.32933093e+01 -5.31822795e+01  3.30e+00 2.66e+00  7.15e+01 *2.59e+01 5.66e-02  1.64e+01  2.49e-01 8.30e-03     43s
  24  -3.23539475e+01 -5.31910440e+01  3.46e+00 2.64e+00  7.10e+01 *2.68e+01 5.95e-02  1.61e+01  2.47e-01 8.19e-03     45s
  25  -3.13852782e+01 -5.31993935e+01  3.63e+00 2.62e+00  7.05e+01 *2.78e+01 6.25e-02  1.58e+01  2.46e-01 8.11e-03     46s
  26  -3.03865680e+01 -5.32073246e+01  3.81e+00 2.60e+00  7.00e+01 *2.87e+01 6.55e-02  1.56e+01  2.45e-01 8.04e-03     48s
  27  -2.93560673e+01 -5.32148419e+01  3.99e+00 2.58e+00  6.95e+01 *2.97e+01 6.85e-02  1.54e+01  2.44e-01 7.97e-03     50s
  28  -2.82919072e+01 -5.32219492e+01  4.18e+00 2.56e+00  6.90e+01 *3.07e+01 7.16e-02  1.51e+01  2.43e-01 7.92e-03     52s
  29  -2.71931880e+01 -5.32286426e+01  4.37e+00 2.54e+00  6.85e+01 *3.16e+01 7.47e-02  1.49e+01  2.42e-01 7.88e-03     54s
  30  -2.60578808e+01 -5.32349255e+01  4.57e+00 2.52e+00  6.80e+01 *3.26e+01 7.78e-02  1.47e+01  2.42e-01 7.84e-03     56s
  31  -2.48849847e+01 -5.32407943e+01  4.78e+00 2.50e+00  6.75e+01 *3.36e+01 8.08e-02  1.45e+01  2.41e-01 7.81e-03     58s
  32  -2.36722870e+01 -5.32462521e+01  4.99e+00 2.48e+00  6.70e+01 *3.47e+01 8.39e-02  1.43e+01  2.41e-01 7.79e-03     60s
  33  -2.24186657e+01 -5.32512959e+01  5.21e+00 2.46e+00  6.66e+01 *3.57e+01 8.69e-02  1.41e+01  2.41e-01 7.77e-03     62s
  34  -2.11216954e+01 -5.32559285e+01  5.44e+00 2.44e+00  6.61e+01 *3.68e+01 8.99e-02  1.40e+01  2.40e-01 7.77e-03     64s
  35  -1.97801084e+01 -5.32601478e+01  5.68e+00 2.42e+00  6.56e+01 *3.79e+01 9.29e-02  1.38e+01  2.40e-01 7.76e-03     65s
  36  -1.83912330e+01 -5.32639564e+01  5.92e+00 2.40e+00  6.52e+01 *3.90e+01 9.58e-02  1.36e+01  2.40e-01 7.76e-03     67s
  37  -1.69550639e+01 -5.32673496e+01  6.17e+00 2.38e+00  6.47e+01 *4.02e+01 9.86e-02  1.35e+01  2.40e-01 7.76e-03     69s
  38  -1.54702798e+01 -5.32703284e+01  6.43e+00 2.36e+00  6.42e+01 *4.13e+01 1.01e-01  1.33e+01  2.40e-01 7.76e-03     71s
  39  -1.39340033e+01 -5.32728975e+01  6.70e+00 2.35e+00  6.38e+01 *4.25e+01 1.04e-01  1.32e+01  2.40e-01 7.77e-03     73s
  40  -1.23431239e+01 -5.32750610e+01  6.98e+00 2.33e+00  6.33e+01 *4.38e+01 1.07e-01  1.31e+01  2.40e-01 7.78e-03     74s
  41  -1.06992164e+01 -5.32768173e+01  7.26e+00 2.31e+00  6.29e+01 *4.51e+01 1.09e-01  1.29e+01  2.40e-01 7.78e-03     76s
  42  -9.00085266e+00 -5.32781716e+01  7.55e+00 2.29e+00  6.24e+01 *4.64e+01 1.12e-01  1.28e+01  2.40e-01 7.78e-03     78s
  43  -7.24305969e+00 -5.32791325e+01  7.85e+00 2.27e+00  6.20e+01 *4.77e+01 1.14e-01  1.27e+01  2.40e-01 7.80e-03     80s
  44  -5.42762727e+00 -5.32797039e+01  8.16e+00 2.26e+00  6.16e+01 *4.91e+01 1.16e-01  1.26e+01  2.40e-01 7.79e-03     81s
  45  -3.55301631e+00 -5.32798941e+01  8.48e+00 2.24e+00  6.11e+01 *5.06e+01 1.18e-01  1.25e+01  2.40e-01 7.79e-03     83s
  46  -1.61570957e+00 -5.32797124e+01  8.81e+00 2.22e+00  6.07e+01 *5.21e+01 1.20e-01  1.24e+01  2.40e-01 7.79e-03     85s
  47   3.82105633e-01 -5.32791691e+01  9.15e+00 2.20e+00  6.03e+01 *5.36e+01 1.22e-01  1.23e+01  2.39e-01 7.78e-03     87s
  48   2.44397761e+00 -5.32782752e+01  9.50e+00 2.19e+00  5.98e+01 *5.53e+01 1.24e-01  1.22e+01  2.39e-01 7.77e-03     88s
  49   4.56950283e+00 -5.32770439e+01  9.86e+00 2.17e+00  5.94e+01 *5.69e+01 1.26e-01  1.21e+01  2.39e-01 7.75e-03     90s
  50   6.76026002e+00 -5.32754884e+01  1.02e+01 2.15e+00  5.90e+01 *5.87e+01 1.27e-01  1.20e+01  2.38e-01 7.73e-03     92s
  51   9.01561904e+00 -5.32736243e+01  1.06e+01 2.14e+00  5.86e+01 *6.05e+01 1.29e-01  1.19e+01  2.38e-01 7.70e-03     93s
  52   1.13370534e+01 -5.32714670e+01  1.10e+01 2.12e+00  5.82e+01 *6.24e+01 1.30e-01  1.18e+01  2.37e-01 7.66e-03     95s
  53   1.37260815e+01 -5.32690315e+01  1.14e+01 2.10e+00  5.78e+01 *6.43e+01 1.31e-01  1.18e+01  2.37e-01 7.63e-03     97s
  54   1.61793555e+01 -5.32663389e+01  1.18e+01 2.09e+00  5.74e+01 *6.64e+01 1.32e-01  1.17e+01  2.36e-01 7.57e-03     99s
  55   1.87005879e+01 -5.32634033e+01  1.22e+01 2.07e+00  5.70e+01 *6.85e+01 1.33e-01  1.16e+01  2.35e-01 7.52e-03    101s
  56   2.12886263e+01 -5.32602439e+01  1.26e+01 2.06e+00  5.66e+01  7.07e+01 1.34e-01  1.16e+01  2.34e-01 7.46e-03    103s
  57   2.39420784e+01 -5.32568807e+01  1.31e+01 2.04e+00  5.62e+01  7.30e+01 1.35e-01  1.15e+01  2.33e-01 7.39e-03    104s
  58   2.66620276e+01 -5.32533306e+01  1.35e+01 2.03e+00  5.58e+01  7.54e+01 1.36e-01  1.14e+01  2.32e-01 7.32e-03    106s
  59   2.94495853e+01 -5.32496099e+01  1.40e+01 2.01e+00  5.55e+01  7.79e+01 1.37e-01  1.14e+01  2.31e-01 7.25e-03    108s
  60   3.23001823e+01 -5.32457423e+01  1.45e+01 2.00e+00  5.51e+01  8.05e+01 1.38e-01  1.13e+01  2.29e-01 7.15e-03    110s
  61   3.52174682e+01 -5.32417400e+01  1.49e+01 1.98e+00  5.47e+01  8.32e+01 1.38e-01  1.13e+01  2.28e-01 7.07e-03    112s
  62   3.81964408e+01 -5.32376261e+01  1.54e+01 1.97e+00  5.44e+01  8.60e+01 1.39e-01  1.12e+01  2.27e-01 6.97e-03    114s
  63   4.12406940e+01 -5.32334116e+01  1.59e+01 1.96e+00  5.41e+01  8.89e+01 1.39e-01  1.12e+01  2.25e-01 6.87e-03    115s
  64   4.43478909e+01 -5.32291146e+01  1.64e+01 1.94e+00  5.37e+01  9.20e+01 1.40e-01  1.11e+01  2.23e-01 6.77e-03    117s
  65   4.75185976e+01 -5.32247484e+01  1.70e+01 1.93e+00  5.34e+01  9.51e+01 1.40e-01  1.11e+01  2.22e-01 6.66e-03    119s
  66   5.07469193e+01 -5.32203344e+01  1.75e+01 1.92e+00  5.31e+01  9.84e+01 1.40e-01  1.11e+01  2.20e-01 6.54e-03    121s
  67   5.40362949e+01 -5.32158801e+01  1.80e+01 1.90e+00  5.28e+01  1.02e+02 1.40e-01  1.10e+01  2.18e-01 6.43e-03    122s
  68   5.73837278e+01 -5.32114011e+01  1.86e+01 1.89e+00  5.25e+01  1.05e+02 1.41e-01  1.10e+01  2.16e-01 6.31e-03    124s
  69   6.07893573e+01 -5.32069075e+01  1.91e+01 1.88e+00  5.22e+01  1.09e+02 1.41e-01  1.10e+01  2.14e-01 6.19e-03    126s
  70   6.42498508e+01 -5.32024133e+01  1.97e+01 1.87e+00  5.19e+01  1.13e+02 1.41e-01  1.09e+01  2.12e-01 6.07e-03    127s
  71   6.77651238e+01 -5.31979271e+01  2.03e+01 1.86e+00  5.16e+01  1.17e+02 1.41e-01  1.09e+01  2.10e-01 5.94e-03    129s
  72   7.13386529e+01 -5.31934523e+01  2.08e+01 1.85e+00  5.13e+01  1.21e+02 1.41e-01  1.09e+01  2.08e-01 5.83e-03    131s
  73   7.49596501e+01 -5.31890092e+01  2.14e+01 1.84e+00  5.11e+01  1.25e+02 1.41e-01  1.08e+01  2.06e-01 5.69e-03    133s
  74   7.86349468e+01 -5.31845954e+01  2.20e+01 1.83e+00  5.08e+01  1.29e+02 1.41e-01  1.08e+01  2.04e-01 5.57e-03    135s
  75   8.23606717e+01 -5.31802208e+01  2.26e+01 1.82e+00  5.05e+01  1.34e+02 1.42e-01  1.08e+01  2.02e-01 5.45e-03    136s
  76   8.61364679e+01 -5.31758906e+01  2.33e+01 1.81e+00  5.03e+01  1.38e+02 1.42e-01  1.08e+01  2.00e-01 5.33e-03    137s
  77   8.99581354e+01 -5.31716133e+01  2.39e+01 1.80e+00  5.01e+01  1.43e+02 1.42e-01  1.07e+01  1.98e-01 5.20e-03    139s
  78   9.38250917e+01 -5.31673927e+01  2.45e+01 1.79e+00  4.98e+01  1.48e+02 1.42e-01  1.07e+01  1.95e-01 5.08e-03    141s
  79   9.77406521e+01 -5.31632279e+01  2.51e+01 1.78e+00  4.96e+01  1.53e+02 1.41e-01  1.07e+01  1.93e-01 4.96e-03    143s
  80   1.01700422e+02 -5.31591257e+01  2.58e+01 1.77e+00  4.94e+01  1.58e+02 1.41e-01  1.07e+01  1.91e-01 4.84e-03    145s
  81   1.05699761e+02 -5.31550925e+01  2.64e+01 1.76e+00  4.92e+01  1.64e+02 1.41e-01  1.07e+01  1.89e-01 4.72e-03    147s
  82   1.09745927e+02 -5.31511221e+01  2.71e+01 1.75e+00  4.90e+01  1.69e+02 1.41e-01  1.06e+01  1.87e-01 4.61e-03    149s
  83   1.13830249e+02 -5.31472239e+01  2.77e+01 1.75e+00  4.88e+01  1.75e+02 1.41e-01  1.06e+01  1.84e-01 4.49e-03    150s
  84   1.17951866e+02 -5.31433990e+01  2.84e+01 1.74e+00  4.86e+01  1.81e+02 1.41e-01  1.06e+01  1.82e-01 4.38e-03    152s
  85   1.22114059e+02 -5.31396443e+01  2.91e+01 1.73e+00  4.84e+01  1.87e+02 1.41e-01  1.06e+01  1.80e-01 4.27e-03    154s
  86   1.26316105e+02 -5.31359605e+01  2.98e+01 1.72e+00  4.82e+01  1.93e+02 1.41e-01  1.06e+01  1.78e-01 4.16e-03    156s
