
================= Linear optimization problem Information =================
Number of variables:     8
Number of constraints:   2

Norm of primal sol:      5.00e+00
Norm of dual sol:        1.00e+01
Norm of dual slacks:     5.00e+00

Norm of vector b:        5.13e+00
Norm of vector c:        4.19e+01

Norm of matrix A:        4.47e+00
Condition number:        2.00e+00
Seed:                    70

======================= Linear optimization problem =======================
coeff matrix A:          [[-1.364 -0.507 +0.632 +0.081 +0.754 -0.324 +0.620 -1.055]
                          [-1.482 -1.270 +1.842 -1.811 -1.561 -0.251 +1.395 +0.617]]

RHS vector b:            [-3.086 -4.094]
Obj vector c:            [+16.527 +13.264 -19.111 +17.830 +18.973 +5.037 -14.662 -4.684]

============================ Optimal solution =============================
Primal variables:        [+2.408 +2.265 +1.518 +2.350 +0.000 +0.000 +2.231 +1.126]
Dual slacks:             [+0.000 +0.000 +0.000 +0.000 +4.530 +2.116 +0.000 +0.000]
Dual variables:          [-1.353 -9.908]

Optimal objective:       +4.47380807e+01
===========================================================================

Method:             II-QIPM
LO_Precision:       1.00e-01
Stop_Precision:     1.00e-03
LO_Verbosity:       2
Omega:              1.00e+01
num_ancillae:       4

The Quantum Inexact Infeasible Interior-Point Method starts running ...


                  Objective                Residual                      Quantum                    Step-length
Iter      Primal           Dual         Primal    Dual     Compl    ||Resl||   Prob    Cond-Num   a-star   a-hat      Time
   0   1.72987743e+02  2.34294824e+01  7.48e+00 1.44e+01  3.09e+02 *2.83e-01 1.76e-02  4.00e+00  7.93e-01 6.69e-01      1s
   1   1.14550778e+02  3.56047408e+01  2.88e+00 5.48e+00  1.37e+02 *1.06e+00 1.57e-02  9.11e+00  8.25e-01 6.18e-01      2s
   2   1.01079945e+02  3.78822492e+01  3.04e+00 3.89e+00  1.01e+02 *6.60e+00 1.58e-02  1.37e+01  6.18e-01 2.90e-01      4s
   3   9.70773797e+01  3.87391350e+01  4.59e+00 3.28e+00  8.64e+01 *1.49e+01 1.62e-02  1.52e+01  5.15e-01 1.58e-01      6s
   4   9.58059484e+01  3.91776058e+01  6.30e+00 2.96e+00  7.85e+01 *2.33e+01 1.65e-02  1.61e+01  4.55e-01 9.81e-02      8s
   5   9.55169452e+01  3.94473295e+01  7.95e+00 2.75e+00  7.36e+01 *3.12e+01 1.67e-02  1.67e+01  4.15e-01 6.84e-02      9s
   6   9.56570006e+01  3.96315675e+01  9.50e+00 2.61e+00  7.01e+01 *3.90e+01 1.67e-02  1.72e+01  3.85e-01 5.11e-02     11s
   7   9.60064546e+01  3.97663206e+01  1.10e+01 2.51e+00  6.75e+01 *4.66e+01 1.68e-02  1.76e+01  3.61e-01 4.01e-02     12s
   8   9.64659097e+01  3.98699276e+01  1.24e+01 2.43e+00  6.55e+01 *5.41e+01 1.68e-02  1.79e+01  3.42e-01 3.26e-02     13s
   9   9.69850530e+01  3.99523978e+01  1.37e+01 2.36e+00  6.39e+01 *6.16e+01 1.68e-02  1.82e+01  3.26e-01 2.72e-02     15s
  10   9.75371847e+01  4.00199015e+01  1.50e+01 2.31e+00  6.25e+01 *6.91e+01 1.68e-02  1.84e+01  3.12e-01 2.31e-02     17s
  11   9.81074657e+01  4.00763992e+01  1.62e+01 2.26e+00  6.13e+01 *7.66e+01 1.68e-02  1.86e+01  2.99e-01 2.00e-02     18s
  12   9.86869861e+01  4.01245147e+01  1.74e+01 2.22e+00  6.04e+01 *8.41e+01 1.68e-02  1.88e+01  2.88e-01 1.75e-02     19s
  13   9.92702034e+01  4.01660719e+01  1.85e+01 2.19e+00  5.95e+01 *9.16e+01 1.68e-02  1.90e+01  2.78e-01 1.55e-02     20s
  14   9.98532499e+01  4.02023644e+01  1.96e+01 2.16e+00  5.87e+01 *9.92e+01 1.68e-02  1.91e+01  2.70e-01 1.39e-02     22s
  15   1.00435264e+02  4.02344528e+01  2.07e+01 2.13e+00  5.81e+01 *1.07e+02 1.68e-02  1.93e+01  2.61e-01 1.25e-02     23s
  16   1.01014989e+02  4.02630699e+01  2.18e+01 2.10e+00  5.74e+01 *1.15e+02 1.68e-02  1.94e+01  2.54e-01 1.14e-02     24s
  17   1.01590885e+02  4.02887485e+01  2.28e+01 2.08e+00  5.69e+01 *1.22e+02 1.68e-02  1.95e+01  2.47e-01 1.04e-02     26s
  18   1.02162595e+02  4.03119479e+01  2.38e+01 2.06e+00  5.64e+01 *1.30e+02 1.68e-02  1.96e+01  2.41e-01 9.53e-03     27s
  19   1.02731371e+02  4.03330859e+01  2.48e+01 2.05e+00  5.59e+01 *1.38e+02 1.68e-02  1.96e+01  2.35e-01 8.80e-03     28s
  20   1.03295466e+02  4.03523861e+01  2.58e+01 2.03e+00  5.55e+01 *1.46e+02 1.68e-02  1.97e+01  2.29e-01 8.14e-03     30s
  21   1.03856160e+02  4.03701320e+01  2.68e+01 2.01e+00  5.51e+01 *1.54e+02 1.68e-02  1.98e+01  2.24e-01 7.57e-03     31s
  22   1.04413303e+02  4.03865095e+01  2.77e+01 2.00e+00  5.48e+01 *1.62e+02 1.68e-02  1.98e+01  2.19e-01 7.06e-03     32s
  23   1.04966901e+02  4.04016780e+01  2.87e+01 1.99e+00  5.45e+01 *1.71e+02 1.67e-02  1.99e+01  2.14e-01 6.61e-03     33s
  24   1.05516540e+02  4.04157610e+01  2.96e+01 1.97e+00  5.41e+01 *1.79e+02 1.67e-02  1.99e+01  2.10e-01 6.19e-03     35s
  25   1.06063523e+02  4.04289056e+01  3.05e+01 1.96e+00  5.39e+01 *1.87e+02 1.67e-02  2.00e+01  2.04e-01 5.83e-03     36s
  26   1.06607895e+02  4.04412063e+01  3.14e+01 1.95e+00  5.36e+01 *1.96e+02 1.67e-02  2.00e+01  1.99e-01 5.50e-03     37s
  27   1.07149168e+02  4.04527336e+01  3.23e+01 1.94e+00  5.33e+01 *2.04e+02 1.67e-02  2.00e+01  1.94e-01 5.19e-03     39s
  28   1.07687435e+02  4.04635613e+01  3.32e+01 1.93e+00  5.31e+01 *2.13e+02 1.67e-02  2.01e+01  1.89e-01 4.91e-03     40s
  29   1.08223900e+02  4.04737753e+01  3.41e+01 1.92e+00  5.29e+01 *2.22e+02 1.67e-02  2.01e+01  1.85e-01 4.66e-03     41s
  30   1.08758213e+02  4.04834210e+01  3.50e+01 1.91e+00  5.26e+01 *2.31e+02 1.67e-02  2.01e+01  1.80e-01 4.43e-03     42s
  31   1.09290577e+02  4.04925487e+01  3.58e+01 1.91e+00  5.24e+01 *2.40e+02 1.67e-02  2.01e+01  1.76e-01 4.22e-03     44s
  32   1.09820693e+02  4.05011946e+01  3.67e+01 1.90e+00  5.22e+01 *2.49e+02 1.67e-02  2.01e+01  1.73e-01 4.02e-03     45s
  33   1.10349335e+02  4.05094084e+01  3.75e+01 1.89e+00  5.21e+01 *2.58e+02 1.67e-02  2.02e+01  1.69e-01 3.84e-03     46s
  34   1.10876248e+02  4.05172182e+01  3.84e+01 1.88e+00  5.19e+01 *2.67e+02 1.68e-02  2.02e+01  1.66e-01 3.67e-03     47s
  35   1.11402242e+02  4.05246650e+01  3.92e+01 1.88e+00  5.17e+01 *2.77e+02 1.68e-02  2.02e+01  1.62e-01 3.51e-03     49s
  36   1.11926576e+02  4.05317636e+01  4.00e+01 1.87e+00  5.16e+01 *2.86e+02 1.68e-02  2.02e+01  1.59e-01 3.36e-03     50s
  37   1.12449558e+02  4.05385423e+01  4.09e+01 1.86e+00  5.14e+01 *2.96e+02 1.68e-02  2.02e+01  1.56e-01 3.22e-03     52s
  38   1.12972032e+02  4.05450327e+01  4.17e+01 1.86e+00  5.13e+01 *3.05e+02 1.68e-02  2.02e+01  1.53e-01 3.10e-03     53s
  39   1.13493299e+02  4.05512448e+01  4.25e+01 1.85e+00  5.11e+01 *3.15e+02 1.68e-02  2.02e+01  1.51e-01 2.98e-03     55s
  40   1.14013699e+02  4.05572001e+01  4.33e+01 1.85e+00  5.10e+01 *3.25e+02 1.68e-02  2.02e+01  1.48e-01 2.86e-03     56s
  41   1.14533584e+02  4.05629182e+01  4.41e+01 1.84e+00  5.09e+01 *3.35e+02 1.68e-02  2.02e+01  1.45e-01 2.76e-03     58s
  42   1.15053318e+02  4.05684171e+01  4.49e+01 1.84e+00  5.07e+01 *3.45e+02 1.68e-02  2.02e+01  1.43e-01 2.66e-03     59s
  43   1.15572237e+02  4.05737026e+01  4.57e+01 1.83e+00  5.06e+01 *3.55e+02 1.68e-02  2.02e+01  1.41e-01 2.56e-03     60s
  44   1.16090192e+02  4.05787854e+01  4.65e+01 1.83e+00  5.05e+01 *3.65e+02 1.68e-02  2.02e+01  1.38e-01 2.47e-03     62s
  45   1.16608591e+02  4.05836904e+01  4.73e+01 1.82e+00  5.04e+01 *3.76e+02 1.68e-02  2.02e+01  1.36e-01 2.39e-03     63s
  46   1.17126277e+02  4.05884164e+01  4.81e+01 1.82e+00  5.03e+01 *3.86e+02 1.68e-02  2.02e+01  1.34e-01 2.31e-03     65s
  47   1.17644152e+02  4.05929810e+01  4.88e+01 1.82e+00  5.02e+01 *3.97e+02 1.68e-02  2.02e+01  1.32e-01 2.24e-03     66s
  48   1.18161582e+02  4.05973870e+01  4.96e+01 1.81e+00  5.01e+01 *4.07e+02 1.68e-02  2.02e+01  1.30e-01 2.16e-03     68s
  49   1.18679479e+02  4.06016503e+01  5.04e+01 1.81e+00  5.00e+01 *4.18e+02 1.68e-02  2.02e+01  1.28e-01 2.10e-03     69s
  50   1.19196703e+02  4.06057687e+01  5.12e+01 1.80e+00  4.99e+01 *4.29e+02 1.68e-02  2.02e+01  1.26e-01 2.03e-03     71s
  51   1.19714685e+02  4.06097605e+01  5.19e+01 1.80e+00  4.98e+01 *4.40e+02 1.68e-02  2.02e+01  1.24e-01 1.97e-03     72s
  52   1.20232295e+02  4.06136232e+01  5.27e+01 1.80e+00  4.97e+01 *4.51e+02 1.68e-02  2.01e+01  1.23e-01 1.91e-03     73s
  53   1.20750458e+02  4.06173697e+01  5.34e+01 1.79e+00  4.96e+01 *4.62e+02 1.68e-02  2.01e+01  1.21e-01 1.86e-03     74s
  54   1.21268563e+02  4.06210009e+01  5.42e+01 1.79e+00  4.96e+01 *4.74e+02 1.68e-02  2.01e+01  1.19e-01 1.80e-03     76s
  55   1.21787546e+02  4.06245287e+01  5.50e+01 1.79e+00  4.95e+01 *4.85e+02 1.68e-02  2.01e+01  1.18e-01 1.76e-03     77s
  56   1.22306284e+02  4.06279499e+01  5.57e+01 1.79e+00  4.94e+01 *4.97e+02 1.68e-02  2.01e+01  1.16e-01 1.71e-03     78s
  57   1.22825716e+02  4.06312755e+01  5.65e+01 1.78e+00  4.93e+01 *5.08e+02 1.68e-02  2.01e+01  1.15e-01 1.66e-03     79s
  58   1.23345240e+02  4.06345058e+01  5.72e+01 1.78e+00  4.92e+01 *5.20e+02 1.68e-02  2.01e+01  1.13e-01 1.62e-03     81s
  59   1.23865804e+02  4.06376506e+01  5.80e+01 1.78e+00  4.92e+01 *5.32e+02 1.69e-02  2.01e+01  1.12e-01 1.57e-03     82s
  60   1.24386292e+02  4.06407068e+01  5.87e+01 1.77e+00  4.91e+01 *5.44e+02 1.69e-02  2.01e+01  1.11e-01 1.53e-03     84s
  61   1.24907657e+02  4.06436835e+01  5.94e+01 1.77e+00  4.90e+01 *5.56e+02 1.69e-02  2.01e+01  1.09e-01 1.49e-03     85s
  62   1.25429824e+02  4.06465836e+01  6.02e+01 1.77e+00  4.90e+01 *5.68e+02 1.69e-02  2.01e+01  1.08e-01 1.46e-03     86s
  63   1.25952196e+02  4.06494067e+01  6.09e+01 1.77e+00  4.89e+01 *5.80e+02 1.69e-02  2.00e+01  1.07e-01 1.42e-03     88s
  64   1.26475739e+02  4.06521611e+01  6.17e+01 1.76e+00  4.89e+01 *5.93e+02 1.69e-02  2.00e+01  1.05e-01 1.39e-03     89s
  65   1.26999339e+02  4.06548436e+01  6.24e+01 1.76e+00  4.88e+01 *6.05e+02 1.69e-02  2.00e+01  1.04e-01 1.35e-03     90s
  66   1.27524488e+02  4.06574645e+01  6.31e+01 1.76e+00  4.87e+01 *6.18e+02 1.69e-02  2.00e+01  1.03e-01 1.32e-03     91s
  67   1.28049552e+02  4.06600179e+01  6.39e+01 1.76e+00  4.87e+01 *6.31e+02 1.69e-02  2.00e+01  1.02e-01 1.29e-03     93s
  68   1.28576028e+02  4.06625137e+01  6.46e+01 1.75e+00  4.86e+01 *6.44e+02 1.69e-02  2.00e+01  1.01e-01 1.26e-03     95s
  69   1.29102805e+02  4.06649486e+01  6.53e+01 1.75e+00  4.86e+01 *6.56e+02 1.69e-02  2.00e+01  9.97e-02 1.23e-03     96s
  70   1.29630336e+02  4.06673271e+01  6.61e+01 1.75e+00  4.85e+01 *6.70e+02 1.69e-02  2.00e+01  9.87e-02 1.20e-03     98s
  71   1.30159084e+02  4.06696530e+01  6.68e+01 1.75e+00  4.85e+01 *6.83e+02 1.69e-02  1.99e+01  9.76e-02 1.18e-03     99s
  72   1.30688464e+02  4.06719257e+01  6.75e+01 1.75e+00  4.84e+01 *6.96e+02 1.69e-02  1.99e+01  9.66e-02 1.15e-03    100s
  73   1.31218939e+02  4.06741490e+01  6.82e+01 1.74e+00  4.84e+01 *7.09e+02 1.69e-02  1.99e+01  9.56e-02 1.13e-03    101s
  74   1.31750452e+02  4.06763242e+01  6.89e+01 1.74e+00  4.83e+01 *7.23e+02 1.69e-02  1.99e+01  9.47e-02 1.10e-03    103s
  75   1.32282413e+02  4.06784507e+01  6.97e+01 1.74e+00  4.83e+01 *7.37e+02 1.69e-02  1.99e+01  9.37e-02 1.08e-03    105s
  76   1.32815822e+02  4.06805340e+01  7.04e+01 1.74e+00  4.82e+01 *7.50e+02 1.69e-02  1.99e+01  9.28e-02 1.06e-03    106s
  77   1.33349561e+02  4.06825712e+01  7.11e+01 1.74e+00  4.82e+01 *7.64e+02 1.69e-02  1.99e+01  9.19e-02 1.04e-03    108s
  78   1.33884634e+02  4.06845676e+01  7.18e+01 1.73e+00  4.81e+01 *7.78e+02 1.70e-02  1.99e+01  9.10e-02 1.02e-03    109s
  79   1.34420992e+02  4.06865243e+01  7.25e+01 1.73e+00  4.81e+01 *7.92e+02 1.70e-02  1.98e+01  9.01e-02 9.96e-04    110s

The solution quality is limited by the precision of the linear system solver.

The II-IPM stopped after 80 iterations in 109.96 seconds.

Primal variables:   [+5.305 +9.161 +34.768 +102.519 +2.254 +3.106 +86.790 +5.156]
Dual slacks:        [+1.453 +0.675 +0.095 +0.032 +3.783 +2.698 +0.035 +1.498]
Dual variables:     [-0.352 -9.673]

Primal objective:   1.34420992e+02 
Dual objective:     4.06865243e+01 

Primal residual:    7.25e+01
Dual residual:      1.73e+00
Complementraty:     4.81e+01

Number of Iter:     80
Run time:           109.96
