
================= Linear optimization problem Information =================
Number of variables:     8
Number of constraints:   2

Norm of primal sol:      5.00e+00
Norm of dual sol:        1.00e+01
Norm of dual slacks:     5.00e+00

Norm of vector b:        1.93e+01
Norm of vector c:        5.96e+01

Norm of matrix A:        6.71e+00
Condition number:        2.00e+00
Seed:                    97

======================= Linear optimization problem =======================
coeff matrix A:          [[+0.048 -2.897 -2.026 -0.314 -1.396 -2.123 +1.127 -1.551]
                          [-1.840 -2.043 +0.677 -2.318 -0.488 -2.169 -0.047 -1.983]]

RHS vector b:            [-13.517 -13.785]
Obj vector c:            [+11.800 +35.144 +14.798 +13.540 +18.017 +28.876 -9.765 +22.951]

============================ Optimal solution =============================
Primal variables:        [+0.000 +2.743 +1.264 +0.805 +0.000 +0.845 +2.760 +2.627]
Dual slacks:             [+3.677 +0.000 +0.000 +0.000 +3.388 +0.000 +0.000 +0.000]
Dual variables:          [-8.856 -4.644]

Optimal objective:       +1.83729652e+02
===========================================================================

Method:             II-QIPM
LO_Precision:       1.00e-01
Stop_Precision:     1.00e-03
LO_Verbosity:       2
Omega:              1.00e+01
num_ancillae:       4

The Quantum Inexact Infeasible Interior-Point Method starts running ...


                  Objective                Residual                      Quantum                    Step-length
Iter      Primal           Dual         Primal    Dual     Compl    ||Resl||   Prob    Cond-Num   a-star   a-hat      Time
   0   5.41961441e+02  8.33367946e+01  3.46e+01 1.20e+01  2.95e+02 *1.25e-02 2.05e-02  4.00e+00  8.32e-01 7.06e-01      1s
   1   5.02496927e+02  9.03571386e+01  3.07e+01 1.06e+01  2.65e+02 *4.54e-01 1.64e-02  2.37e+00  6.86e-01 1.14e-01      2s
   2   4.70128848e+02  9.64841818e+01  2.75e+01 9.47e+00  2.40e+02 *2.14e-01 1.71e-02  2.71e+00  7.05e-01 1.05e-01      4s
   3   4.39491782e+02  1.02735400e+02  2.44e+01 8.42e+00  2.16e+02 *1.33e-01 1.82e-02  3.12e+00  7.18e-01 1.11e-01      5s
   4   4.11668209e+02  1.09136203e+02  2.17e+01 7.45e+00  1.94e+02 *1.10e+00 2.04e-02  3.62e+00  7.28e-01 1.15e-01      6s
   5   3.82870652e+02  1.15739068e+02  1.88e+01 6.48e+00  1.71e+02 *8.27e-01 2.08e-02  4.22e+00  7.54e-01 1.30e-01      7s
   6   3.55293578e+02  1.22420978e+02  1.60e+01 5.56e+00  1.50e+02 *1.45e+00 2.29e-02  5.03e+00  7.72e-01 1.41e-01      8s
   7   3.31524722e+02  1.29671755e+02  1.37e+01 4.72e+00  1.29e+02 *1.37e+00 3.01e-02  6.07e+00  7.87e-01 1.52e-01      9s
   8   3.08594341e+02  1.37467071e+02  1.15e+01 3.89e+00  1.09e+02 *2.00e+00 3.53e-02  7.13e+00  8.17e-01 1.75e-01     11s
   9   2.85101613e+02  1.44672286e+02  9.19e+00 3.13e+00  9.03e+01 *7.43e-01 3.50e-02  8.35e+00  8.36e-01 1.95e-01     13s
  10   2.61730446e+02  1.49820071e+02  6.61e+00 2.55e+00  7.53e+01 *6.74e+00 3.06e-02  1.00e+01  7.32e-01 1.86e-01     14s
  11   2.41581949e+02  1.52469353e+02  4.55e+00 2.20e+00  6.59e+01  1.53e+01 2.43e-02  1.25e+01  6.14e-01 1.37e-01     16s
  12   2.26590313e+02  1.53659700e+02  3.80e+00 2.01e+00  6.07e+01  2.36e+01 1.96e-02  1.56e+01  5.22e-01 8.69e-02     17s
  13   2.15225929e+02  1.54290704e+02  4.10e+00 1.89e+00  5.74e+01  2.98e+01 1.75e-02  1.86e+01  4.64e-01 5.88e-02     19s
  14   2.06036271e+02  1.54688855e+02  4.83e+00 1.81e+00  5.51e+01 *3.47e+01 1.65e-02  2.12e+01  4.26e-01 4.38e-02     21s
  15   1.98225590e+02  1.54970002e+02  5.69e+00 1.75e+00  5.33e+01 *3.88e+01 1.61e-02  2.36e+01  3.98e-01 3.48e-02     22s
  16   1.91349911e+02  1.55183399e+02  6.56e+00 1.70e+00  5.19e+01 *4.26e+01 1.59e-02  2.57e+01  3.76e-01 2.88e-02     24s
  17   1.85157843e+02  1.55353049e+02  7.40e+00 1.65e+00  5.07e+01 *4.62e+01 1.57e-02  2.76e+01  3.57e-01 2.45e-02     26s
  18   1.79472394e+02  1.55492782e+02  8.21e+00 1.62e+00  4.97e+01 *4.97e+01 1.56e-02  2.93e+01  3.41e-01 2.13e-02     28s
  19   1.74183925e+02  1.55610701e+02  8.99e+00 1.59e+00  4.89e+01 *5.33e+01 1.56e-02  3.08e+01  3.26e-01 1.88e-02     30s
  20   1.69217087e+02  1.55712026e+02  9.74e+00 1.56e+00  4.81e+01 *5.68e+01 1.56e-02  3.22e+01  3.14e-01 1.68e-02     31s
  21   1.64513267e+02  1.55800401e+02  1.05e+01 1.54e+00  4.74e+01 *6.04e+01 1.55e-02  3.35e+01  3.02e-01 1.51e-02     32s
  22   1.60017844e+02  1.55878594e+02  1.12e+01 1.52e+00  4.68e+01 *6.40e+01 1.55e-02  3.47e+01  2.91e-01 1.38e-02     34s
  23   1.55709020e+02  1.55948267e+02  1.18e+01 1.50e+00  4.63e+01 *6.77e+01 1.55e-02  3.57e+01  2.81e-01 1.26e-02     35s
  24   1.51555376e+02  1.56010933e+02  1.25e+01 1.48e+00  4.58e+01 *7.15e+01 1.55e-02  3.67e+01  2.72e-01 1.15e-02     36s
  25   1.47534429e+02  1.56067705e+02  1.32e+01 1.47e+00  4.53e+01 *7.54e+01 1.55e-02  3.76e+01  2.64e-01 1.07e-02     37s
  26   1.43626596e+02  1.56119479e+02  1.38e+01 1.45e+00  4.49e+01 *7.93e+01 1.55e-02  3.85e+01  2.55e-01 9.88e-03     39s
  27   1.39822018e+02  1.56166884e+02  1.44e+01 1.44e+00  4.46e+01 *8.34e+01 1.55e-02  3.92e+01  2.47e-01 9.19e-03     41s
  28   1.36104605e+02  1.56210540e+02  1.50e+01 1.43e+00  4.42e+01 *8.75e+01 1.55e-02  4.00e+01  2.40e-01 8.58e-03     42s
  29   1.32463279e+02  1.56250917e+02  1.56e+01 1.41e+00  4.39e+01 *9.17e+01 1.55e-02  4.06e+01  2.33e-01 8.03e-03     43s
  30   1.28895048e+02  1.56288340e+02  1.62e+01 1.40e+00  4.36e+01 *9.60e+01 1.55e-02  4.13e+01  2.26e-01 7.53e-03     44s
  31   1.25390409e+02  1.56323161e+02  1.68e+01 1.39e+00  4.33e+01 *1.00e+02 1.55e-02  4.18e+01  2.20e-01 7.08e-03     46s
  32   1.21940535e+02  1.56355682e+02  1.74e+01 1.38e+00  4.30e+01 *1.05e+02 1.55e-02  4.24e+01  2.14e-01 6.68e-03     47s
  33   1.18540547e+02  1.56386131e+02  1.80e+01 1.38e+00  4.28e+01 *1.10e+02 1.55e-02  4.29e+01  2.09e-01 6.31e-03     48s
  34   1.15189286e+02  1.56414679e+02  1.85e+01 1.37e+00  4.25e+01 *1.14e+02 1.55e-02  4.33e+01  2.04e-01 5.97e-03     49s
  35   1.11875900e+02  1.56441562e+02  1.91e+01 1.36e+00  4.23e+01 *1.19e+02 1.55e-02  4.38e+01  1.99e-01 5.66e-03     50s
  36   1.08603023e+02  1.56466879e+02  1.96e+01 1.35e+00  4.21e+01 *1.24e+02 1.55e-02  4.42e+01  1.94e-01 5.37e-03     51s
  37   1.05363683e+02  1.56490796e+02  2.02e+01 1.35e+00  4.19e+01 *1.29e+02 1.55e-02  4.46e+01  1.90e-01 5.11e-03     53s
  38   1.02154347e+02  1.56513436e+02  2.07e+01 1.34e+00  4.17e+01 *1.34e+02 1.55e-02  4.49e+01  1.86e-01 4.87e-03     55s
  39   9.89748239e+01  1.56534886e+02  2.13e+01 1.33e+00  4.15e+01 *1.39e+02 1.55e-02  4.53e+01  1.82e-01 4.64e-03     56s
  40   9.58250206e+01  1.56555227e+02  2.18e+01 1.33e+00  4.14e+01 *1.45e+02 1.55e-02  4.56e+01  1.78e-01 4.43e-03     58s
  41   9.26955518e+01  1.56574589e+02  2.24e+01 1.32e+00  4.12e+01 *1.50e+02 1.55e-02  4.59e+01  1.74e-01 4.24e-03     60s
  42   8.95895913e+01  1.56593016e+02  2.29e+01 1.32e+00  4.11e+01 *1.56e+02 1.55e-02  4.62e+01  1.71e-01 4.05e-03     61s
  43   8.65072749e+01  1.56610565e+02  2.34e+01 1.31e+00  4.09e+01 *1.61e+02 1.55e-02  4.64e+01  1.67e-01 3.88e-03     63s
  44   8.34426668e+01  1.56627322e+02  2.40e+01 1.31e+00  4.08e+01 *1.67e+02 1.55e-02  4.67e+01  1.64e-01 3.72e-03     65s
  45   8.03959899e+01  1.56643334e+02  2.45e+01 1.30e+00  4.06e+01 *1.73e+02 1.55e-02  4.69e+01  1.61e-01 3.57e-03     66s
  46   7.73675087e+01  1.56658642e+02  2.50e+01 1.30e+00  4.05e+01 *1.79e+02 1.55e-02  4.72e+01  1.58e-01 3.43e-03     68s
  47   7.43514946e+01  1.56673315e+02  2.56e+01 1.29e+00  4.04e+01 *1.85e+02 1.55e-02  4.74e+01  1.55e-01 3.30e-03     69s
  48   7.13542508e+01  1.56687359e+02  2.61e+01 1.29e+00  4.03e+01 *1.91e+02 1.55e-02  4.76e+01  1.52e-01 3.17e-03     71s
  49   6.83671819e+01  1.56700848e+02  2.66e+01 1.28e+00  4.02e+01 *1.98e+02 1.55e-02  4.78e+01  1.50e-01 3.05e-03     73s
  50   6.53935946e+01  1.56713796e+02  2.71e+01 1.28e+00  4.00e+01 *2.04e+02 1.55e-02  4.80e+01  1.47e-01 2.94e-03     74s
  51   6.24338621e+01  1.56726233e+02  2.76e+01 1.28e+00  3.99e+01 *2.11e+02 1.55e-02  4.81e+01  1.44e-01 2.83e-03     75s
  52   5.94824752e+01  1.56738206e+02  2.81e+01 1.27e+00  3.98e+01 *2.17e+02 1.55e-02  4.83e+01  1.42e-01 2.74e-03     77s
  53   5.65427396e+01  1.56749726e+02  2.87e+01 1.27e+00  3.97e+01 *2.24e+02 1.55e-02  4.85e+01  1.40e-01 2.64e-03     78s
  54   5.36121257e+01  1.56760827e+02  2.92e+01 1.27e+00  3.96e+01 *2.31e+02 1.55e-02  4.86e+01  1.37e-01 2.55e-03     80s
  55   5.06939455e+01  1.56771516e+02  2.97e+01 1.26e+00  3.96e+01 *2.38e+02 1.55e-02  4.88e+01  1.35e-01 2.47e-03     81s
  56   4.77798865e+01  1.56781844e+02  3.02e+01 1.26e+00  3.95e+01 *2.45e+02 1.55e-02  4.89e+01  1.33e-01 2.39e-03     82s
  57   4.48761202e+01  1.56791806e+02  3.07e+01 1.26e+00  3.94e+01 *2.52e+02 1.55e-02  4.90e+01  1.31e-01 2.31e-03     83s
  58   4.19801682e+01  1.56801428e+02  3.12e+01 1.25e+00  3.93e+01 *2.60e+02 1.55e-02  4.92e+01  1.29e-01 2.24e-03     85s
  59   3.90924318e+01  1.56810725e+02  3.17e+01 1.25e+00  3.92e+01 *2.67e+02 1.55e-02  4.93e+01  1.27e-01 2.17e-03     86s
  60   3.62104355e+01  1.56819720e+02  3.22e+01 1.25e+00  3.92e+01 *2.75e+02 1.55e-02  4.94e+01  1.25e-01 2.10e-03     88s
  61   3.33345655e+01  1.56828425e+02  3.27e+01 1.25e+00  3.91e+01 *2.82e+02 1.55e-02  4.95e+01  1.24e-01 2.04e-03     89s
  62   3.04652129e+01  1.56836851e+02  3.33e+01 1.24e+00  3.90e+01 *2.90e+02 1.55e-02  4.96e+01  1.22e-01 1.98e-03     91s
  63   2.76027725e+01  1.56845011e+02  3.38e+01 1.24e+00  3.89e+01 *2.98e+02 1.55e-02  4.97e+01  1.20e-01 1.92e-03     92s
  64   2.47447837e+01  1.56852922e+02  3.43e+01 1.24e+00  3.89e+01 *3.06e+02 1.55e-02  4.98e+01  1.18e-01 1.86e-03     94s
  65   2.18916202e+01  1.56860594e+02  3.48e+01 1.24e+00  3.88e+01 *3.14e+02 1.55e-02  4.99e+01  1.17e-01 1.81e-03     95s
  66   1.90436583e+01  1.56868036e+02  3.53e+01 1.24e+00  3.87e+01 *3.22e+02 1.55e-02  5.00e+01  1.15e-01 1.76e-03     97s
  67   1.62012762e+01  1.56875256e+02  3.58e+01 1.23e+00  3.87e+01 *3.31e+02 1.55e-02  5.01e+01  1.14e-01 1.71e-03     99s
  68   1.33620136e+01  1.56882271e+02  3.63e+01 1.23e+00  3.86e+01 *3.39e+02 1.55e-02  5.02e+01  1.12e-01 1.66e-03    100s
  69   1.05290597e+01  1.56889080e+02  3.68e+01 1.23e+00  3.86e+01 *3.48e+02 1.55e-02  5.03e+01  1.11e-01 1.62e-03    102s
  70   7.69713305e+00  1.56895705e+02  3.73e+01 1.23e+00  3.85e+01 *3.56e+02 1.55e-02  5.03e+01  1.09e-01 1.58e-03    104s
  71   4.87221719e+00  1.56902138e+02  3.78e+01 1.23e+00  3.85e+01 *3.65e+02 1.55e-02  5.04e+01  1.08e-01 1.53e-03    105s
  72   2.04904720e+00  1.56908399e+02  3.83e+01 1.22e+00  3.84e+01 *3.74e+02 1.55e-02  5.05e+01  1.07e-01 1.49e-03    107s
  73  -7.72049573e-01  1.56914495e+02  3.88e+01 1.22e+00  3.84e+01 *3.83e+02 1.55e-02  5.06e+01  1.05e-01 1.46e-03    109s
  74  -3.58792616e+00  1.56920424e+02  3.93e+01 1.22e+00  3.83e+01 *3.92e+02 1.55e-02  5.06e+01  1.04e-01 1.42e-03    110s
  75  -6.40104155e+00  1.56926197e+02  3.98e+01 1.22e+00  3.83e+01 *4.01e+02 1.55e-02  5.07e+01  1.03e-01 1.38e-03    112s
  76  -9.21106755e+00  1.56931821e+02  4.03e+01 1.22e+00  3.82e+01 *4.11e+02 1.55e-02  5.07e+01  1.02e-01 1.35e-03    114s
  77  -1.20176764e+01  1.56937299e+02  4.08e+01 1.21e+00  3.82e+01 *4.20e+02 1.55e-02  5.08e+01  1.00e-01 1.32e-03    115s
  78  -1.48205410e+01  1.56942638e+02  4.13e+01 1.21e+00  3.81e+01 *4.30e+02 1.55e-02  5.09e+01  9.92e-02 1.29e-03    116s
  79  -1.76249416e+01  1.56947850e+02  4.18e+01 1.21e+00  3.81e+01 *4.40e+02 1.55e-02  5.09e+01  9.81e-02 1.26e-03    117s
  80  -2.04222026e+01  1.56952926e+02  4.23e+01 1.21e+00  3.80e+01 *4.49e+02 1.55e-02  5.10e+01  9.69e-02 1.23e-03    119s
  81  -2.32203668e+01  1.56957884e+02  4.28e+01 1.21e+00  3.80e+01 *4.59e+02 1.55e-02  5.10e+01  9.59e-02 1.20e-03    121s
  82  -2.60163679e+01  1.56962722e+02  4.33e+01 1.21e+00  3.79e+01 *4.69e+02 1.55e-02  5.11e+01  9.48e-02 1.17e-03    122s
  83  -2.88071153e+01  1.56967441e+02  4.38e+01 1.21e+00  3.79e+01 *4.80e+02 1.55e-02  5.11e+01  9.38e-02 1.14e-03    123s
  84  -3.15978695e+01  1.56972052e+02  4.43e+01 1.20e+00  3.79e+01 *4.90e+02 1.55e-02  5.12e+01  9.27e-02 1.12e-03    125s
  85  -3.43883632e+01  1.56976558e+02  4.48e+01 1.20e+00  3.78e+01 *5.00e+02 1.55e-02  5.12e+01  9.17e-02 1.09e-03    126s
  86  -3.71755395e+01  1.56980959e+02  4.53e+01 1.20e+00  3.78e+01 *5.11e+02 1.55e-02  5.13e+01  9.08e-02 1.07e-03    127s
  87  -3.99591063e+01  1.56985258e+02  4.58e+01 1.20e+00  3.78e+01 *5.21e+02 1.55e-02  5.13e+01  8.98e-02 1.05e-03    128s
  88  -4.27415559e+01  1.56989461e+02  4.63e+01 1.20e+00  3.77e+01 *5.32e+02 1.55e-02  5.14e+01  8.89e-02 1.02e-03    129s
  89  -4.55254080e+01  1.56993575e+02  4.68e+01 1.20e+00  3.77e+01 *5.43e+02 1.55e-02  5.14e+01  8.80e-02 1.00e-03    130s
  90  -4.83048599e+01  1.56997595e+02  4.73e+01 1.20e+00  3.76e+01 *5.54e+02 1.55e-02  5.14e+01  8.71e-02 9.81e-04    132s

The solution quality is limited by the precision of the linear system solver.

The II-IPM stopped after 91 iterations in 132.33 seconds.

Primal variables:   [+0.864 +1.095 +80.966 +1.758 +1.250 +1.293 +145.110 +1.667]
Dual slacks:        [+6.155 +3.722 +0.052 +3.293 +4.612 +3.648 +0.016 +3.244]
Dual variables:     [-8.296 -3.254]

Primal objective:   -4.83048599e+01
Dual objective:     1.56997595e+02 

Primal residual:    4.73e+01
Dual residual:      1.20e+00
Complementraty:     3.76e+01

Number of Iter:     91
Run time:           132.33
