
================= Linear optimization problem Information =================
Number of variables:     8
Number of constraints:   2

Norm of primal sol:      5.00e+00
Norm of dual sol:        1.00e+01
Norm of dual slacks:     5.00e+00

Norm of vector b:        5.45e+00
Norm of vector c:        7.78e+01

Norm of matrix A:        1.12e+01
Condition number:        2.00e+00
Seed:                    46

======================= Linear optimization problem =======================
coeff matrix A:          [[+2.668 -1.827 -4.024 +3.559 -1.135 +0.873 -4.717 -1.853]
                          [-3.414 -1.407 -2.723 +4.808 -1.092 -1.497 -3.196 -0.369]]

RHS vector b:            [+4.237 +3.427]
Obj vector c:            [+34.107 -13.490 -37.051 +30.171 -10.098 +10.304 -43.426 -18.024]

============================ Optimal solution =============================
Primal variables:        [+0.000 +0.000 +0.926 +2.818 +1.164 +3.484 +0.159 +1.639]
Dual slacks:             [+3.885 +3.147 +0.000 +0.000 +0.000 +0.000 +0.000 +0.000]
Dual variables:          [+9.941 -1.084]

Optimal objective:       +3.84070073e+01
===========================================================================

Method:             II-QIPM
LO_Precision:       1.00e-01
Stop_Precision:     1.00e-03
LO_Verbosity:       2
Omega:              1.00e+01
num_ancillae:       4

The Quantum Inexact Infeasible Interior-Point Method starts running ...


                  Objective                Residual                      Quantum                    Step-length
Iter      Primal           Dual         Primal    Dual     Compl    ||Resl||   Prob    Cond-Num   a-star   a-hat      Time
   0  -2.20969638e+02  2.05310963e+01  6.22e+01 4.76e+01  4.58e+02  2.69e-01 2.68e-02  4.00e+00  5.81e-01 4.61e-01      2s
   1  -2.26001329e+02  2.18962669e+01  5.67e+01 4.39e+01  4.26e+02  4.62e+01 4.05e-02  1.02e+01  5.81e-01 7.76e-02      4s
   2  -2.48930906e+02  2.28914522e+01  5.26e+01 4.10e+01  3.99e+02  7.95e+01 2.69e-02  1.25e+01  5.35e-01 6.72e-02      6s
   3  -2.82697245e+02  2.37162615e+01  4.98e+01 3.83e+01  3.74e+02  1.03e+02 1.94e-02  1.57e+01  4.97e-01 6.47e-02      8s
   4  -3.19757056e+02  2.43950745e+01  4.85e+01 3.60e+01  3.52e+02  1.17e+02 1.67e-02  1.99e+01  4.68e-01 6.04e-02     10s
   5  -3.56540399e+02  2.49556875e+01  4.86e+01 3.40e+01  3.33e+02  1.28e+02 1.59e-02  2.45e+01  4.44e-01 5.50e-02     11s
   6  -3.92688718e+02  2.54234960e+01  4.98e+01 3.24e+01  3.17e+02  1.40e+02 1.56e-02  2.89e+01  4.22e-01 4.96e-02     12s
   7  -4.28573295e+02  2.58160380e+01  5.17e+01 3.09e+01  3.03e+02  1.55e+02 1.56e-02  3.29e+01  3.97e-01 4.44e-02     14s
   8  -4.64647382e+02  2.61474694e+01  5.44e+01 2.97e+01  2.91e+02  1.72e+02 1.55e-02  3.62e+01  3.67e-01 3.96e-02     16s
   9  -5.01077963e+02  2.64277415e+01  5.75e+01 2.87e+01  2.81e+02  1.92e+02 1.55e-02  3.88e+01  3.40e-01 3.50e-02     17s
  10  -5.37944993e+02  2.66655739e+01  6.11e+01 2.78e+01  2.72e+02  2.15e+02 1.55e-02  4.09e+01  3.15e-01 3.09e-02     19s
  11  -5.75222846e+02  2.68681377e+01  6.49e+01 2.70e+01  2.65e+02  2.41e+02 1.55e-02  4.25e+01  2.93e-01 2.73e-02     21s
  12  -6.12937432e+02  2.70418978e+01  6.90e+01 2.64e+01  2.59e+02  2.71e+02 1.55e-02  4.37e+01  2.73e-01 2.41e-02     23s
  13  -6.50945211e+02  2.71914523e+01  7.32e+01 2.58e+01  2.53e+02  3.03e+02 1.55e-02  4.46e+01  2.55e-01 2.13e-02     25s
  14  -6.89249856e+02  2.73212122e+01  7.76e+01 2.53e+01  2.48e+02  3.37e+02 1.55e-02  4.52e+01  2.38e-01 1.88e-02     27s
  15  -7.27724838e+02  2.74342875e+01  8.21e+01 2.49e+01  2.44e+02  3.75e+02 1.55e-02  4.56e+01  2.24e-01 1.67e-02     29s
  16  -7.66384020e+02  2.75336151e+01  8.66e+01 2.45e+01  2.40e+02  4.15e+02 1.55e-02  4.59e+01  2.10e-01 1.50e-02     31s
  17  -8.05165703e+02  2.76213389e+01  9.12e+01 2.42e+01  2.37e+02  4.58e+02 1.55e-02  4.61e+01  1.99e-01 1.34e-02     33s
  18  -8.44047267e+02  2.76992828e+01  9.59e+01 2.39e+01  2.34e+02  5.04e+02 1.55e-02  4.61e+01  1.88e-01 1.21e-02     35s
  19  -8.82971615e+02  2.77688584e+01  1.01e+02 2.36e+01  2.32e+02  5.52e+02 1.55e-02  4.61e+01  1.78e-01 1.09e-02     37s
  20  -9.21924176e+02  2.78312971e+01  1.05e+02 2.34e+01  2.30e+02  6.03e+02 1.55e-02  4.61e+01  1.69e-01 9.88e-03     38s
  21  -9.60896444e+02  2.78876136e+01  1.10e+02 2.32e+01  2.27e+02  6.56e+02 1.55e-02  4.60e+01  1.61e-01 8.99e-03     40s
  22  -9.99925079e+02  2.79387009e+01  1.15e+02 2.30e+01  2.26e+02  7.12e+02 1.55e-02  4.58e+01  1.53e-01 8.22e-03     42s
  23  -1.03893721e+03  2.79851580e+01  1.19e+02 2.28e+01  2.24e+02  7.71e+02 1.55e-02  4.57e+01  1.46e-01 7.53e-03     44s
  24  -1.07794070e+03  2.80275874e+01  1.24e+02 2.27e+01  2.22e+02  8.32e+02 1.55e-02  4.55e+01  1.40e-01 6.93e-03     45s
  25  -1.11694901e+03  2.80664983e+01  1.29e+02 2.25e+01  2.21e+02  8.95e+02 1.55e-02  4.53e+01  1.34e-01 6.39e-03     47s
  26  -1.15594184e+03  2.81022869e+01  1.34e+02 2.24e+01  2.20e+02  9.61e+02 1.55e-02  4.51e+01  1.28e-01 5.91e-03     49s
  27  -1.19494155e+03  2.81353289e+01  1.39e+02 2.23e+01  2.18e+02  1.03e+03 1.55e-02  4.49e+01  1.23e-01 5.48e-03     50s
  28  -1.23393619e+03  2.81659157e+01  1.43e+02 2.22e+01  2.17e+02  1.10e+03 1.55e-02  4.46e+01  1.18e-01 5.10e-03     52s
  29  -1.27287798e+03  2.81942729e+01  1.48e+02 2.21e+01  2.16e+02  1.18e+03 1.55e-02  4.44e+01  1.14e-01 4.75e-03     53s
  30  -1.31183792e+03  2.82206810e+01  1.53e+02 2.20e+01  2.15e+02  1.25e+03 1.55e-02  4.42e+01  1.10e-01 4.44e-03     55s
  31  -1.35073632e+03  2.82452814e+01  1.58e+02 2.19e+01  2.14e+02  1.33e+03 1.55e-02  4.39e+01  1.06e-01 4.15e-03     57s
  32  -1.38968860e+03  2.82683194e+01  1.63e+02 2.18e+01  2.14e+02  1.41e+03 1.55e-02  4.37e+01  1.02e-01 3.90e-03     58s
  33  -1.42858223e+03  2.82898750e+01  1.67e+02 2.17e+01  2.13e+02  1.50e+03 1.55e-02  4.34e+01  9.85e-02 3.66e-03     60s
  34  -1.46745963e+03  2.83101068e+01  1.72e+02 2.16e+01  2.12e+02  1.59e+03 1.55e-02  4.32e+01  9.53e-02 3.44e-03     62s
  35  -1.50632752e+03  2.83291350e+01  1.77e+02 2.16e+01  2.11e+02  1.68e+03 1.55e-02  4.29e+01  9.22e-02 3.24e-03     64s
  36  -1.54519465e+03  2.83470663e+01  1.82e+02 2.15e+01  2.11e+02  1.77e+03 1.55e-02  4.27e+01  8.93e-02 3.06e-03     65s
  37  -1.58403288e+03  2.83639794e+01  1.87e+02 2.14e+01  2.10e+02  1.86e+03 1.55e-02  4.24e+01  8.65e-02 2.90e-03     67s
  38  -1.62289269e+03  2.83799782e+01  1.91e+02 2.14e+01  2.09e+02  1.96e+03 1.55e-02  4.22e+01  8.39e-02 2.75e-03     68s
  39  -1.66171065e+03  2.83951091e+01  1.96e+02 2.13e+01  2.09e+02  2.06e+03 1.55e-02  4.19e+01  8.14e-02 2.60e-03     70s
  40  -1.70053980e+03  2.84094593e+01  2.01e+02 2.13e+01  2.08e+02  2.17e+03 1.55e-02  4.17e+01  7.91e-02 2.47e-03     73s
  41  -1.73935792e+03  2.84230790e+01  2.06e+02 2.12e+01  2.08e+02  2.27e+03 1.55e-02  4.14e+01  7.68e-02 2.35e-03     75s
  42  -1.77814349e+03  2.84360146e+01  2.11e+02 2.12e+01  2.07e+02  2.38e+03 1.55e-02  4.12e+01  7.47e-02 2.23e-03     77s
  43  -1.81695328e+03  2.84483335e+01  2.16e+02 2.11e+01  2.07e+02  2.50e+03 1.55e-02  4.09e+01  7.27e-02 2.13e-03     78s
  44  -1.85572975e+03  2.84600608e+01  2.20e+02 2.11e+01  2.07e+02  2.61e+03 1.55e-02  4.07e+01  7.07e-02 2.03e-03     80s
  45  -1.89453160e+03  2.84712543e+01  2.25e+02 2.10e+01  2.06e+02  2.73e+03 1.55e-02  4.04e+01  6.89e-02 1.94e-03     82s
  46  -1.93330311e+03  2.84819337e+01  2.30e+02 2.10e+01  2.06e+02  2.85e+03 1.55e-02  4.02e+01  6.71e-02 1.85e-03     84s
  47  -1.97206592e+03  2.84921386e+01  2.35e+02 2.10e+01  2.05e+02  2.98e+03 1.55e-02  3.99e+01  6.54e-02 1.77e-03     86s
  48  -2.01084284e+03  2.85019053e+01  2.40e+02 2.09e+01  2.05e+02  3.10e+03 1.55e-02  3.97e+01  6.38e-02 1.70e-03     87s
  49  -2.04961901e+03  2.85112573e+01  2.44e+02 2.09e+01  2.05e+02  3.23e+03 1.55e-02  3.94e+01  6.22e-02 1.63e-03     89s
  50  -2.08837997e+03  2.85202167e+01  2.49e+02 2.09e+01  2.04e+02  3.37e+03 1.55e-02  3.92e+01  6.07e-02 1.56e-03     91s
  51  -2.12715041e+03  2.85288127e+01  2.54e+02 2.08e+01  2.04e+02  3.50e+03 1.55e-02  3.89e+01  5.93e-02 1.50e-03     92s
  52  -2.16587848e+03  2.85370556e+01  2.59e+02 2.08e+01  2.04e+02  3.64e+03 1.55e-02  3.87e+01  5.79e-02 1.44e-03     94s
  53  -2.20466713e+03  2.85449873e+01  2.64e+02 2.08e+01  2.04e+02  3.78e+03 1.55e-02  3.85e+01  5.66e-02 1.38e-03     96s
  54  -2.24338885e+03  2.85525998e+01  2.69e+02 2.07e+01  2.03e+02  3.93e+03 1.55e-02  3.82e+01  5.53e-02 1.33e-03     98s
  55  -2.28214720e+03  2.85599312e+01  2.73e+02 2.07e+01  2.03e+02  4.08e+03 1.55e-02  3.80e+01  5.41e-02 1.28e-03     99s
  56  -2.32089280e+03  2.85669874e+01  2.78e+02 2.07e+01  2.03e+02  4.23e+03 1.55e-02  3.77e+01  5.29e-02 1.23e-03    101s
  57  -2.35965346e+03  2.85737884e+01  2.83e+02 2.07e+01  2.03e+02  4.39e+03 1.55e-02  3.75e+01  5.18e-02 1.19e-03    103s
  58  -2.39838028e+03  2.85803391e+01  2.88e+02 2.06e+01  2.02e+02  4.54e+03 1.55e-02  3.73e+01  5.07e-02 1.14e-03    104s
  59  -2.43714031e+03  2.85866638e+01  2.93e+02 2.06e+01  2.02e+02  4.71e+03 1.55e-02  3.71e+01  4.96e-02 1.10e-03    106s
  60  -2.47588570e+03  2.85927663e+01  2.98e+02 2.06e+01  2.02e+02  4.87e+03 1.55e-02  3.68e+01  4.86e-02 1.06e-03    108s
  61  -2.51460698e+03  2.85986565e+01  3.03e+02 2.06e+01  2.02e+02  5.04e+03 1.55e-02  3.66e+01  4.76e-02 1.03e-03    111s
  62  -2.55333368e+03  2.86043494e+01  3.07e+02 2.05e+01  2.01e+02  5.21e+03 1.55e-02  3.64e+01  4.67e-02 9.93e-04    113s

The solution quality is limited by the precision of the linear system solver.

The II-IPM stopped after 63 iterations in 112.62 seconds.

Primal variables:   [+1.948 +6.894 +38.515 +118.151 +11.785 +4.670 +61.360 +107.018]
Dual slacks:        [+14.362 +4.261 +0.694 +0.107 +2.361 +5.871 +0.419 +0.223]
Dual variables:     [+6.188 +0.696]

Primal objective:   -2.55333368e+03
Dual objective:     2.86043494e+01 

Primal residual:    3.07e+02
Dual residual:      2.05e+01
Complementraty:     2.01e+02

Number of Iter:     63
Run time:           112.62
