
================= Linear optimization problem Information =================
Number of variables:     8
Number of constraints:   2

Norm of primal sol:      5.00e+00
Norm of dual sol:        1.00e+01
Norm of dual slacks:     5.00e+00

Norm of vector b:        2.56e+01
Norm of vector c:        8.95e+01

Norm of matrix A:        1.12e+01
Condition number:        2.00e+00
Seed:                    51

======================= Linear optimization problem =======================
coeff matrix A:          [[-0.955 -5.390 -2.109 -2.267 +0.731 -4.413 +2.884 +2.296]
                          [+0.666 +1.403 +0.527 +1.353 +4.853 +4.169 -1.302 -2.167]]

RHS vector b:            [-15.933 +20.062]
Obj vector c:            [-6.743 -55.300 -21.607 -20.838 +0.727 -49.333 +30.326 +25.662]

============================ Optimal solution =============================
Primal variables:        [+0.000 +0.198 +1.519 +0.000 +1.257 +4.200 +0.698 +1.716]
Dual slacks:             [+3.619 +0.000 +0.000 +3.450 +0.000 +0.000 +0.000 +0.000]
Dual variables:          [+9.909 -1.344]

Optimal objective:       -1.84843486e+02
===========================================================================

Method:             II-QIPM
LO_Precision:       1.00e-01
Stop_Precision:     1.00e-03
LO_Verbosity:       2
Omega:              1.00e+01
num_ancillae:       4

The Quantum Inexact Infeasible Interior-Point Method starts running ...


                  Objective                Residual                      Quantum                    Step-length
Iter      Primal           Dual         Primal    Dual     Compl    ||Resl||   Prob    Cond-Num   a-star   a-hat      Time
   0  -4.66796687e+02 -1.30980223e+02  4.21e+01 4.06e+01  3.59e+02  9.15e-01 1.83e-02  4.00e+00  7.38e-01 6.08e-01      2s
   1  -4.05148609e+02 -1.41578651e+02  3.47e+01 3.32e+01  2.99e+02  6.68e+00 2.31e-02  6.99e+00  8.02e-01 1.84e-01      4s
   2  -3.46528313e+02 -1.51702291e+02  2.74e+01 2.58e+01  2.39e+02  5.16e+00 2.35e-02  7.45e+00  8.43e-01 2.22e-01      6s
   3  -2.97698728e+02 -1.60693657e+02  2.05e+01 1.91e+01  1.84e+02  1.85e+00 2.35e-02  7.99e+00  8.74e-01 2.58e-01      8s
   4  -2.67125000e+02 -1.67607211e+02  1.46e+01 1.40e+01  1.39e+02  4.02e+00 2.32e-02  8.68e+00  8.80e-01 2.71e-01      9s
   5  -2.57269431e+02 -1.72033915e+02  1.07e+01 1.07e+01  1.09e+02  1.35e+01 2.26e-02  9.59e+00  8.34e-01 2.37e-01     11s
   6  -2.61076178e+02 -1.74599088e+02  9.97e+00 8.78e+00  9.14e+01  2.63e+01 2.16e-02  1.07e+01  7.53e-01 1.77e-01     13s
   7  -2.70756149e+02 -1.76147979e+02  1.20e+01 7.67e+00  8.08e+01  4.05e+01 2.06e-02  1.19e+01  6.74e-01 1.27e-01     15s
   8  -2.82544444e+02 -1.77173639e+02  1.52e+01 6.94e+00  7.38e+01  5.46e+01 1.97e-02  1.29e+01  6.05e-01 9.43e-02     17s
   9  -2.95000735e+02 -1.77904805e+02  1.87e+01 6.44e+00  6.88e+01  6.85e+01 1.90e-02  1.38e+01  5.49e-01 7.31e-02     19s
  10  -3.07621708e+02 -1.78456573e+02  2.22e+01 6.06e+00  6.51e+01  8.22e+01 1.85e-02  1.46e+01  5.03e-01 5.88e-02     21s
  11  -3.20188104e+02 -1.78888885e+02  2.57e+01 5.76e+00  6.22e+01  9.60e+01 1.82e-02  1.52e+01  4.64e-01 4.85e-02     23s
  12  -3.32654122e+02 -1.79238515e+02  2.90e+01 5.53e+00  5.98e+01  1.10e+02 1.79e-02  1.57e+01  4.31e-01 4.10e-02     25s
  13  -3.44993710e+02 -1.79527585e+02  3.23e+01 5.33e+00  5.78e+01  1.24e+02 1.78e-02  1.61e+01  4.03e-01 3.51e-02     26s
  14  -3.57192450e+02 -1.79770628e+02  3.55e+01 5.17e+00  5.62e+01  1.39e+02 1.76e-02  1.65e+01  3.79e-01 3.05e-02     28s
  15  -3.69263183e+02 -1.79978100e+02  3.87e+01 5.03e+00  5.48e+01  1.55e+02 1.75e-02  1.68e+01  3.57e-01 2.67e-02     29s
  16  -3.81211836e+02 -1.80157315e+02  4.18e+01 4.91e+00  5.36e+01  1.71e+02 1.74e-02  1.70e+01  3.38e-01 2.37e-02     31s
  17  -3.93043127e+02 -1.80313658e+02  4.48e+01 4.81e+00  5.26e+01  1.88e+02 1.73e-02  1.72e+01  3.21e-01 2.11e-02     33s
  18  -4.04768886e+02 -1.80451296e+02  4.79e+01 4.72e+00  5.16e+01  2.05e+02 1.73e-02  1.74e+01  3.05e-01 1.89e-02     35s
  19  -4.16382846e+02 -1.80573249e+02  5.08e+01 4.64e+00  5.08e+01  2.23e+02 1.72e-02  1.75e+01  2.92e-01 1.71e-02     37s
  20  -4.27916773e+02 -1.80682282e+02  5.38e+01 4.57e+00  5.01e+01  2.41e+02 1.72e-02  1.76e+01  2.79e-01 1.55e-02     39s
  21  -4.39348574e+02 -1.80780100e+02  5.67e+01 4.50e+00  4.94e+01  2.61e+02 1.72e-02  1.77e+01  2.67e-01 1.41e-02     41s
  22  -4.50703247e+02 -1.80868489e+02  5.96e+01 4.44e+00  4.88e+01  2.81e+02 1.71e-02  1.78e+01  2.57e-01 1.29e-02     43s
  23  -4.61985434e+02 -1.80948744e+02  6.24e+01 4.39e+00  4.83e+01  3.01e+02 1.71e-02  1.78e+01  2.47e-01 1.19e-02     45s
  24  -4.73178825e+02 -1.81021796e+02  6.52e+01 4.34e+00  4.78e+01  3.22e+02 1.71e-02  1.79e+01  2.38e-01 1.09e-02     47s
  25  -4.84301407e+02 -1.81088651e+02  6.81e+01 4.30e+00  4.74e+01  3.44e+02 1.71e-02  1.79e+01  2.30e-01 1.01e-02     48s
  26  -4.95361446e+02 -1.81150088e+02  7.09e+01 4.26e+00  4.70e+01  3.67e+02 1.71e-02  1.80e+01  2.22e-01 9.37e-03     49s
  27  -5.06357222e+02 -1.81206711e+02  7.36e+01 4.22e+00  4.66e+01  3.90e+02 1.71e-02  1.80e+01  2.15e-01 8.71e-03     51s
  28  -5.17287751e+02 -1.81259041e+02  7.64e+01 4.19e+00  4.62e+01  4.14e+02 1.71e-02  1.80e+01  2.08e-01 8.12e-03     53s
  29  -5.28163599e+02 -1.81307583e+02  7.91e+01 4.16e+00  4.59e+01  4.39e+02 1.71e-02  1.80e+01  2.02e-01 7.59e-03     55s
  30  -5.38985292e+02 -1.81352723e+02  8.19e+01 4.13e+00  4.56e+01  4.64e+02 1.71e-02  1.80e+01  1.96e-01 7.11e-03     57s
  31  -5.49743137e+02 -1.81394757e+02  8.46e+01 4.10e+00  4.53e+01  4.90e+02 1.71e-02  1.81e+01  1.91e-01 6.66e-03     58s
  32  -5.60459955e+02 -1.81434071e+02  8.73e+01 4.07e+00  4.50e+01  5.16e+02 1.71e-02  1.81e+01  1.85e-01 6.27e-03     60s
  33  -5.69873313e+02 -1.81466556e+02  8.97e+01 4.05e+00  4.48e+01  5.44e+02 1.71e-02  1.81e+01  1.80e-01 5.21e-03     62s
  34  -5.69874482e+02 -1.81466560e+02  8.97e+01 4.05e+00  4.48e+01  5.68e+02 1.71e-02  1.81e+01  1.76e-01 6.17e-07     65s

The solution quality is limited by the precision of the linear system solver.

The II-IPM stopped after 35 iterations in 64.56 seconds.

Primal variables:   [+1.770 +33.474 +18.590 +1.839 +3.663 +6.062 +10.884 +66.227]
Dual slacks:        [+3.947 +0.162 +0.295 +3.826 +1.854 +1.061 +0.356 +0.042]
Dual variables:     [+9.406 -1.575]

Primal objective:   -5.69874482e+02
Dual objective:     -1.81466560e+02

Primal residual:    8.97e+01
Dual residual:      4.05e+00
Complementraty:     4.48e+01

Number of Iter:     35
Run time:           64.56
