
================= Linear optimization problem Information =================
Number of variables:     8
Number of constraints:   2

Norm of primal sol:      5.00e+00
Norm of dual sol:        1.00e+01
Norm of dual slacks:     5.00e+00

Norm of vector b:        1.34e+01
Norm of vector c:        5.75e+01

Norm of matrix A:        8.94e+00
Condition number:        2.00e+00
Seed:                    15

======================= Linear optimization problem =======================
coeff matrix A:          [[-2.109 -2.444 -3.536 -3.189 -2.180 +3.826 -0.951 +2.006]
                          [-0.029 +0.221 +3.030 -2.247 -0.077 -2.504 +0.303 -1.395]]

RHS vector b:            [-13.383 -0.860]
Obj vector c:            [+17.884 +19.346 +13.317 +41.793 +18.747 -14.471 +6.350 -9.307]

============================ Optimal solution =============================
Primal variables:        [+4.207 +0.887 +0.269 +0.000 +1.365 +0.000 +1.516 +1.509]
Dual slacks:             [+0.000 +0.000 +0.000 +2.818 +0.000 +4.131 +0.000 +0.000]
Dual variables:          [-8.407 -5.415]

Optimal objective:       +1.17161463e+02
===========================================================================

Method:             II-QIPM
LO_Precision:       1.00e-01
Stop_Precision:     1.00e-03
LO_Verbosity:       2
Omega:              1.00e+01
num_ancillae:       4

The Quantum Inexact Infeasible Interior-Point Method starts running ...


                  Objective                Residual                      Quantum                    Step-length
Iter      Primal           Dual         Primal    Dual     Compl    ||Resl||   Prob    Cond-Num   a-star   a-hat      Time
   0   4.44179093e+02  5.44748878e+01  2.88e+01 1.76e+01  3.42e+02 *3.83e-01 3.46e-02  4.00e+00  7.54e-01 6.27e-01      2s
   1   3.87746319e+02  5.71689383e+01  2.37e+01 1.53e+01  3.00e+02 *1.27e+01 1.65e-02  1.72e+01  6.93e-01 1.35e-01      4s
   2   3.29044044e+02  5.96279934e+01  1.84e+01 1.29e+01  2.57e+02 *1.38e+01 1.59e-02  2.16e+01  7.38e-01 1.57e-01      6s
   3   2.54834899e+02  6.23413305e+01  1.21e+01 9.95e+00  2.02e+02 *1.48e+01 1.56e-02  2.89e+01  7.28e-01 2.27e-01      8s
   4   1.35039661e+02  6.60384345e+01  6.34e+00 5.51e+00  1.13e+02 *1.61e+01 1.55e-02  4.72e+01  6.21e-01 4.47e-01     10s
   5   1.30775678e+02  6.61217402e+01  6.46e+00 5.41e+00  1.11e+02 *2.42e+01 1.55e-02  1.65e+02  3.28e-01 1.82e-02     11s
   6   1.27131001e+02  6.61905976e+01  6.57e+00 5.33e+00  1.10e+02 *2.52e+01 1.55e-02  1.74e+02  3.19e-01 1.52e-02     13s
   7   1.23614725e+02  6.62550222e+01  6.70e+00 5.25e+00  1.08e+02 *2.61e+01 1.55e-02  1.82e+02  3.10e-01 1.44e-02     15s
   8   1.20212356e+02  6.63154354e+01  6.84e+00 5.18e+00  1.07e+02 *2.71e+01 1.56e-02  1.89e+02  3.03e-01 1.36e-02     17s
   9   1.16914429e+02  6.63721504e+01  7.00e+00 5.11e+00  1.06e+02 *2.82e+01 1.56e-02  1.97e+02  2.95e-01 1.28e-02     19s
  10   1.13706259e+02  6.64255562e+01  7.16e+00 5.05e+00  1.05e+02 *2.92e+01 1.56e-02  2.04e+02  2.88e-01 1.21e-02     21s
  11   1.10577793e+02  6.64759424e+01  7.32e+00 4.99e+00  1.03e+02 *3.03e+01 1.56e-02  2.11e+02  2.82e-01 1.15e-02     23s
  12   1.07523086e+02  6.65235192e+01  7.50e+00 4.94e+00  1.02e+02 *3.15e+01 1.56e-02  2.18e+02  2.75e-01 1.09e-02     25s
  13   1.04530925e+02  6.65685687e+01  7.68e+00 4.89e+00  1.01e+02 *3.27e+01 1.56e-02  2.24e+02  2.69e-01 1.04e-02     27s
  14   1.01602771e+02  6.66111693e+01  7.86e+00 4.84e+00  1.01e+02 *3.39e+01 1.56e-02  2.31e+02  2.63e-01 9.88e-03     29s
  15   9.87230537e+01  6.66516444e+01  8.05e+00 4.79e+00  9.97e+01 *3.52e+01 1.56e-02  2.37e+02  2.57e-01 9.42e-03     30s
  16   9.58941689e+01  6.66900452e+01  8.24e+00 4.75e+00  9.89e+01 *3.65e+01 1.56e-02  2.43e+02  2.52e-01 8.97e-03     32s
  17   9.31103132e+01  6.67265365e+01  8.43e+00 4.71e+00  9.81e+01 *3.78e+01 1.56e-02  2.49e+02  2.46e-01 8.56e-03     33s
  18   9.03633993e+01  6.67613020e+01  8.63e+00 4.67e+00  9.74e+01 *3.92e+01 1.56e-02  2.54e+02  2.41e-01 8.18e-03     35s
  19   8.76539452e+01  6.67944065e+01  8.83e+00 4.63e+00  9.67e+01 *4.07e+01 1.56e-02  2.59e+02  2.36e-01 7.82e-03     37s
  20   8.49773043e+01  6.68259763e+01  9.04e+00 4.60e+00  9.60e+01 *4.22e+01 1.56e-02  2.65e+02  2.32e-01 7.48e-03     39s
  21   8.23317826e+01  6.68560966e+01  9.24e+00 4.57e+00  9.54e+01 *4.37e+01 1.56e-02  2.70e+02  2.27e-01 7.16e-03     40s
  22   7.97132792e+01  6.68848755e+01  9.45e+00 4.53e+00  9.48e+01 *4.53e+01 1.56e-02  2.74e+02  2.23e-01 6.86e-03     42s
  23   7.71179268e+01  6.69124117e+01  9.66e+00 4.50e+00  9.42e+01 *4.69e+01 1.56e-02  2.79e+02  2.18e-01 6.58e-03     44s
  24   7.45472050e+01  6.69387425e+01  9.87e+00 4.48e+00  9.37e+01 *4.86e+01 1.56e-02  2.83e+02  2.14e-01 6.31e-03     46s
  25   7.19976059e+01  6.69639560e+01  1.01e+01 4.45e+00  9.32e+01 *5.03e+01 1.56e-02  2.88e+02  2.10e-01 6.05e-03     47s
  26   6.94657835e+01  6.69881325e+01  1.03e+01 4.42e+00  9.27e+01 *5.20e+01 1.56e-02  2.92e+02  2.06e-01 5.82e-03     49s
  27   6.69510437e+01  6.70113227e+01  1.05e+01 4.40e+00  9.22e+01 *5.38e+01 1.56e-02  2.95e+02  2.02e-01 5.59e-03     51s
  28   6.44552959e+01  6.70335520e+01  1.07e+01 4.37e+00  9.17e+01 *5.57e+01 1.56e-02  2.99e+02  1.99e-01 5.37e-03     53s
  29   6.19706016e+01  6.70549317e+01  1.09e+01 4.35e+00  9.13e+01 *5.76e+01 1.56e-02  3.03e+02  1.95e-01 5.18e-03     55s
  30   5.95039507e+01  6.70754386e+01  1.12e+01 4.33e+00  9.09e+01 *5.95e+01 1.56e-02  3.06e+02  1.92e-01 4.98e-03     57s
  31   5.70451975e+01  6.70951940e+01  1.14e+01 4.31e+00  9.05e+01 *6.15e+01 1.56e-02  3.10e+02  1.89e-01 4.80e-03     59s
  32   5.46013912e+01  6.71141731e+01  1.16e+01 4.29e+00  9.01e+01 *6.36e+01 1.56e-02  3.13e+02  1.85e-01 4.62e-03     61s
  33   5.21674730e+01  6.71324489e+01  1.18e+01 4.27e+00  8.97e+01 *6.57e+01 1.56e-02  3.16e+02  1.82e-01 4.46e-03     63s
  34   4.97408583e+01  6.71500697e+01  1.20e+01 4.25e+00  8.94e+01 *6.78e+01 1.56e-02  3.19e+02  1.79e-01 4.31e-03     65s
  35   4.73262579e+01  6.71670295e+01  1.23e+01 4.23e+00  8.90e+01 *7.00e+01 1.56e-02  3.21e+02  1.76e-01 4.15e-03     66s
  36   4.49188148e+01  6.71833903e+01  1.25e+01 4.22e+00  8.87e+01 *7.22e+01 1.56e-02  3.24e+02  1.73e-01 4.01e-03     68s
  37   4.25184939e+01  6.71991772e+01  1.27e+01 4.20e+00  8.84e+01 *7.45e+01 1.56e-02  3.27e+02  1.71e-01 3.88e-03     70s
  38   4.01252994e+01  6.72144141e+01  1.29e+01 4.19e+00  8.81e+01 *7.69e+01 1.56e-02  3.29e+02  1.68e-01 3.75e-03     72s
  39   3.77368824e+01  6.72291384e+01  1.32e+01 4.17e+00  8.78e+01 *7.93e+01 1.56e-02  3.31e+02  1.65e-01 3.63e-03     74s
  40   3.53556752e+01  6.72433563e+01  1.34e+01 4.16e+00  8.75e+01 *8.17e+01 1.56e-02  3.34e+02  1.63e-01 3.51e-03     76s
  41   3.29794029e+01  6.72571024e+01  1.36e+01 4.14e+00  8.72e+01 *8.42e+01 1.56e-02  3.36e+02  1.60e-01 3.40e-03     78s
  42   3.06081710e+01  6.72703951e+01  1.38e+01 4.13e+00  8.70e+01 *8.67e+01 1.56e-02  3.38e+02  1.58e-01 3.29e-03     79s
  43   2.82421098e+01  6.72832523e+01  1.41e+01 4.11e+00  8.67e+01 *8.93e+01 1.56e-02  3.40e+02  1.55e-01 3.18e-03     81s
  44   2.58790088e+01  6.72957033e+01  1.43e+01 4.10e+00  8.65e+01 *9.20e+01 1.56e-02  3.42e+02  1.53e-01 3.09e-03     83s
  45   2.35213751e+01  6.73077514e+01  1.45e+01 4.09e+00  8.62e+01 *9.47e+01 1.56e-02  3.44e+02  1.51e-01 2.99e-03     85s
  46   2.11670459e+01  6.73194238e+01  1.47e+01 4.08e+00  8.60e+01 *9.74e+01 1.56e-02  3.46e+02  1.49e-01 2.90e-03     87s
  47   1.88138513e+01  6.73307457e+01  1.50e+01 4.07e+00  8.58e+01 *1.00e+02 1.56e-02  3.47e+02  1.47e-01 2.82e-03     89s
  48   1.64643137e+01  6.73417186e+01  1.52e+01 4.06e+00  8.56e+01 *1.03e+02 1.56e-02  3.49e+02  1.45e-01 2.73e-03     91s
  49   1.41186465e+01  6.73523554e+01  1.54e+01 4.04e+00  8.54e+01 *1.06e+02 1.56e-02  3.51e+02  1.42e-01 2.65e-03     93s
  50   1.17723859e+01  6.73626890e+01  1.57e+01 4.03e+00  8.52e+01 *1.09e+02 1.56e-02  3.52e+02  1.41e-01 2.58e-03     95s
  51   9.43040260e+00  6.73727096e+01  1.59e+01 4.02e+00  8.50e+01 *1.12e+02 1.56e-02  3.54e+02  1.39e-01 2.50e-03     97s
  52   7.09060545e+00  6.73824383e+01  1.61e+01 4.01e+00  8.48e+01 *1.15e+02 1.56e-02  3.55e+02  1.37e-01 2.43e-03     99s
  53   4.75088728e+00  6.73918947e+01  1.64e+01 4.00e+00  8.46e+01 *1.18e+02 1.56e-02  3.56e+02  1.35e-01 2.37e-03    101s
  54   2.41379981e+00  6.74010786e+01  1.66e+01 4.00e+00  8.44e+01 *1.21e+02 1.56e-02  3.58e+02  1.33e-01 2.30e-03    103s
  55   7.95931333e-02  6.74099996e+01  1.68e+01 3.99e+00  8.43e+01 *1.24e+02 1.56e-02  3.59e+02  1.31e-01 2.24e-03    105s
  56  -2.25614457e+00  6.74186838e+01  1.71e+01 3.98e+00  8.41e+01 *1.28e+02 1.56e-02  3.60e+02  1.30e-01 2.18e-03    107s
  57  -4.58853673e+00  6.74271220e+01  1.73e+01 3.97e+00  8.39e+01 *1.31e+02 1.56e-02  3.61e+02  1.28e-01 2.12e-03    108s
  58  -6.92197789e+00  6.74353388e+01  1.75e+01 3.96e+00  8.38e+01 *1.34e+02 1.56e-02  3.62e+02  1.26e-01 2.07e-03    110s
  59  -9.25391489e+00  6.74433333e+01  1.78e+01 3.95e+00  8.36e+01 *1.38e+02 1.56e-02  3.64e+02  1.25e-01 2.01e-03    112s
  60  -1.15840929e+01  6.74511127e+01  1.80e+01 3.95e+00  8.35e+01 *1.41e+02 1.56e-02  3.65e+02  1.23e-01 1.96e-03    114s
  61  -1.39145829e+01  6.74586914e+01  1.82e+01 3.94e+00  8.33e+01 *1.45e+02 1.56e-02  3.66e+02  1.22e-01 1.91e-03    116s
  62  -1.62451496e+01  6.74660756e+01  1.85e+01 3.93e+00  8.32e+01 *1.48e+02 1.56e-02  3.67e+02  1.20e-01 1.86e-03    118s
  63  -1.85732225e+01  6.74732642e+01  1.87e+01 3.92e+00  8.30e+01 *1.52e+02 1.56e-02  3.68e+02  1.19e-01 1.81e-03    120s
  64  -2.09031887e+01  6.74802774e+01  1.89e+01 3.92e+00  8.29e+01 *1.56e+02 1.56e-02  3.69e+02  1.17e-01 1.77e-03    122s
  65  -2.32324999e+01  6.74871135e+01  1.92e+01 3.91e+00  8.28e+01 *1.60e+02 1.56e-02  3.69e+02  1.16e-01 1.73e-03    124s
  66  -2.55609056e+01  6.74937778e+01  1.94e+01 3.90e+00  8.26e+01 *1.63e+02 1.56e-02  3.70e+02  1.15e-01 1.69e-03    126s
  67  -2.78904820e+01  6.75002820e+01  1.97e+01 3.90e+00  8.25e+01 *1.67e+02 1.56e-02  3.71e+02  1.13e-01 1.65e-03    127s
  68  -3.02186716e+01  6.75066245e+01  1.99e+01 3.89e+00  8.24e+01 *1.71e+02 1.56e-02  3.72e+02  1.12e-01 1.61e-03    129s
  69  -3.25475456e+01  6.75128162e+01  2.01e+01 3.88e+00  8.23e+01 *1.75e+02 1.56e-02  3.73e+02  1.11e-01 1.57e-03    131s
  70  -3.48768717e+01  6.75188614e+01  2.04e+01 3.88e+00  8.22e+01 *1.79e+02 1.56e-02  3.74e+02  1.10e-01 1.53e-03    133s
  71  -3.72064157e+01  6.75247643e+01  2.06e+01 3.87e+00  8.20e+01 *1.83e+02 1.56e-02  3.74e+02  1.08e-01 1.50e-03    134s
  72  -3.95336116e+01  6.75305232e+01  2.08e+01 3.87e+00  8.19e+01 *1.87e+02 1.56e-02  3.75e+02  1.07e-01 1.46e-03    136s
  73  -4.18628532e+01  6.75361536e+01  2.11e+01 3.86e+00  8.18e+01 *1.92e+02 1.56e-02  3.76e+02  1.06e-01 1.43e-03    138s
  74  -4.41939303e+01  6.75416589e+01  2.13e+01 3.86e+00  8.17e+01 *1.96e+02 1.56e-02  3.76e+02  1.05e-01 1.40e-03    140s
  75  -4.65242984e+01  6.75470370e+01  2.16e+01 3.85e+00  8.16e+01 *2.00e+02 1.56e-02  3.77e+02  1.04e-01 1.37e-03    142s
  76  -4.88537161e+01  6.75522916e+01  2.18e+01 3.85e+00  8.15e+01 *2.05e+02 1.56e-02  3.78e+02  1.03e-01 1.34e-03    144s
  77  -5.11842725e+01  6.75574311e+01  2.20e+01 3.84e+00  8.14e+01 *2.09e+02 1.56e-02  3.78e+02  1.01e-01 1.31e-03    146s
  78  -5.35157517e+01  6.75624587e+01  2.23e+01 3.84e+00  8.13e+01 *2.13e+02 1.56e-02  3.79e+02  1.00e-01 1.28e-03    148s
  79  -5.58479367e+01  6.75673772e+01  2.25e+01 3.83e+00  8.12e+01 *2.18e+02 1.56e-02  3.80e+02  9.94e-02 1.25e-03    150s
  80  -5.81806097e+01  6.75721896e+01  2.28e+01 3.83e+00  8.11e+01 *2.23e+02 1.56e-02  3.80e+02  9.83e-02 1.23e-03    152s
  81  -6.05135525e+01  6.75768985e+01  2.30e+01 3.82e+00  8.11e+01 *2.27e+02 1.56e-02  3.81e+02  9.73e-02 1.20e-03    154s
  82  -6.28465462e+01  6.75815067e+01  2.33e+01 3.82e+00  8.10e+01 *2.32e+02 1.56e-02  3.81e+02  9.64e-02 1.18e-03    155s
  83  -6.51817068e+01  6.75860213e+01  2.35e+01 3.81e+00  8.09e+01 *2.37e+02 1.56e-02  3.82e+02  9.54e-02 1.15e-03    157s
  84  -6.75141701e+01  6.75904357e+01  2.37e+01 3.81e+00  8.08e+01 *2.42e+02 1.56e-02  3.82e+02  9.45e-02 1.13e-03    159s
  85  -6.98506977e+01  6.75947656e+01  2.40e+01 3.80e+00  8.07e+01 *2.46e+02 1.56e-02  3.83e+02  9.35e-02 1.11e-03    161s
  86  -7.21864483e+01  6.75990045e+01  2.42e+01 3.80e+00  8.06e+01 *2.51e+02 1.56e-02  3.83e+02  9.26e-02 1.08e-03    163s
  87  -7.45212025e+01  6.76031547e+01  2.45e+01 3.80e+00  8.06e+01 *2.56e+02 1.56e-02  3.84e+02  9.17e-02 1.06e-03    165s
  88  -7.68594159e+01  6.76072265e+01  2.47e+01 3.79e+00  8.05e+01 *2.61e+02 1.56e-02  3.84e+02  9.08e-02 1.04e-03    167s
  89  -7.91962421e+01  6.76112138e+01  2.50e+01 3.79e+00  8.04e+01 *2.66e+02 1.56e-02  3.85e+02  9.00e-02 1.02e-03    169s
  90  -8.15361407e+01  6.76151265e+01  2.52e+01 3.78e+00  8.03e+01 *2.72e+02 1.56e-02  3.85e+02  8.91e-02 1.00e-03    171s
  91  -8.38742614e+01  6.76189586e+01  2.54e+01 3.78e+00  8.03e+01 *2.77e+02 1.56e-02  3.85e+02  8.83e-02 9.82e-04    173s

The solution quality is limited by the precision of the linear system solver.

The II-IPM stopped after 92 iterations in 172.85 seconds.

Primal variables:   [+1.850 +1.840 +54.571 +0.264 +1.742 +4.648 +5.169 +95.468]
Dual slacks:        [+6.761 +6.827 +0.144 +20.029 +7.126 +2.631 +2.393 +0.053]
Dual variables:     [-4.955 -1.522]

Primal objective:   -8.38742614e+01
Dual objective:     6.76189586e+01 

Primal residual:    2.54e+01
Dual residual:      3.78e+00
Complementraty:     8.03e+01

Number of Iter:     92
Run time:           172.85
