
--------------- Linear optimization problem characteristics ---------------
Seed:                    60
Number of variables:     4
Number of constraints:   2

Norm of primal sol:      5.00e+00
Norm of dual sol:        1.00e+01
Norm of dual slacks:     5.00e+00

Norm of vector b:        1.65e+00
Norm of vector c:        1.28e+01

Norm of matrix A:        1.00e+00
Condition number:        1.00e+00

----------------------- Linear optimization problem -----------------------
Coeff matrix A:          [[+0.336 +0.395 +0.685 -0.512]
                          [-0.055 +0.891 -0.448 +0.052]]

RHS vector b:            [-1.641 +0.124]
Obj vector c:            [+2.301 -2.762 +11.840 -3.248]

---------------------------- Optimal solution -----------------------------
Primal variables:         [+2.059 +0.000 +0.000 +4.556]
Dual slacks:              [+0.000 +2.504 +4.328 +0.000]
Dual variables:           [+5.498 -8.353]

Optimal objective:       -1.00594249e+01
===========================================================================

Method:                  IR-II-QIPM
IR_Precision:            1.00e-04
LO_Precision:            5.00e-01
Stop_Precision:          1.00e-03
LO_Verbosity:            2
Omega:                   1.00e+03

The Iterative Refinement algorithm starts running ...


The Quantum Inexact Infeasible Interior-Point Method starts running ...


                  Objective                Residual                                Linear system           Step-length
Iter      Primal           Dual         Primal    Dual     Compl    ||Resl||  Cond-Num  ||M||   ||RHS||    a-star   a-hat      Time
   0   5.51773364e+03  8.63622102e+02  4.49e+02 8.89e+02  1.88e+06 *1.14e-13  1.00e+00 1.00e+00 1.10e+03  6.74e-01 5.54e-01      0s
   1   5.16947069e+03  8.63622102e+02  4.02e+02 8.58e+02  1.82e+06  1.09e+03  3.88e+00 2.80e+00 1.09e+03  3.98e-01 3.56e-02      0s
   2   5.13332133e+03  7.48317050e+02  3.35e+02 7.15e+02  1.54e+06  1.23e+00  4.32e+00 3.13e+00 1.32e+03  7.55e-01 1.67e-01      0s
   3   5.15009756e+03  6.11603230e+02  2.63e+02 5.63e+02  1.24e+06  5.67e+00  5.37e+00 4.24e+00 1.64e+03  7.98e-01 2.12e-01      1s
   4   5.23473122e+03  4.49567060e+02  1.86e+02 4.00e+02  9.08e+05  6.20e+00  6.79e+00 6.16e+00 2.03e+03  8.50e-01 2.89e-01      1s
   5   5.44147562e+03  2.56707501e+02  1.02e+02 2.24e+02  5.31e+05  7.39e+00  8.66e+00 1.01e+01 2.53e+03  9.13e-01 4.42e-01      1s
   6   5.96390241e+03  2.26545076e+01  1.13e+01 2.61e+01  7.17e+04  1.22e+01  1.12e+01 2.18e+01 3.17e+03  9.42e-01 8.83e-01      1s
   7   6.27496609e+03 -8.17240479e+00  3.80e+01 2.58e+00  1.24e+04  4.15e+01  1.41e+01 2.52e+02 3.35e+03  9.74e-01 9.01e-01      1s
   8   5.86162458e+03 -8.59856069e+00  4.55e+01 2.15e+00  1.06e+04  8.36e+01  1.44e+01 1.20e+03 1.20e+03  7.98e-01 1.65e-01      1s
   9   2.22882860e+03 -8.59856069e+00  5.14e+02 1.07e+00  5.54e+03  1.02e+03  1.55e+01 1.29e+03 1.02e+03  7.02e-01 5.01e-01      2s
  10   1.82723907e+03 -9.01443030e+00  3.85e+02 8.03e-01  4.28e+03  7.04e+00  4.88e+01 4.49e+03 3.57e+03  6.91e-01 2.53e-01      2s
  11   1.68417761e+03 -9.10654017e+00  3.52e+02 7.35e-01  3.95e+03  1.49e+00  6.00e+01 4.46e+03 2.27e+03  6.25e-01 8.41e-02      3s
  12   1.55210151e+03 -9.18088759e+00  3.25e+02 6.78e-01  3.67e+03  4.76e-01  6.71e+01 4.61e+03 1.99e+03  6.09e-01 7.80e-02      4s
  13   1.43019617e+03 -9.24240211e+00  3.01e+02 6.28e-01  3.43e+03  1.64e+00  7.57e+01 4.82e+03 1.75e+03  5.95e-01 7.40e-02      4s
  14   1.31664281e+03 -9.29393027e+00  2.80e+02 5.83e-01  3.21e+03  2.76e+00  8.63e+01 5.10e+03 1.55e+03  5.83e-01 7.09e-02      5s
  15   1.20994066e+03 -9.33783340e+00  2.60e+02 5.43e-01  3.00e+03  4.23e+00  9.93e+01 5.46e+03 1.37e+03  5.74e-01 6.89e-02      6s
  16   1.12055064e+03 -9.37399427e+00  2.43e+02 5.07e-01  2.82e+03  1.46e+01  1.15e+02 5.90e+03 1.20e+03  5.64e-01 6.61e-02      7s
  17   1.01447919e+03 -9.40922762e+00  2.27e+02 4.72e-01  2.64e+03  1.31e+00  1.34e+02 6.45e+03 1.04e+03  5.67e-01 6.89e-02      9s
  18   9.09637881e+02 -9.44209210e+00  2.11e+02 4.39e-01  2.47e+03  1.77e+00  1.59e+02 7.12e+03 8.73e+02  5.68e-01 7.09e-02     11s
  19   8.04908158e+02 -9.47418915e+00  1.95e+02 4.06e-01  2.30e+03  2.82e+00  1.91e+02 7.98e+03 6.99e+02  5.74e-01 7.50e-02     13s
  20   7.17467214e+02 -9.50375302e+00  1.80e+02 3.75e-01  2.14e+03  1.48e+01  2.32e+02 9.07e+03 5.15e+02  5.77e-01 7.71e-02     14s
  21   5.91853422e+02 -9.54449368e+00  1.62e+02 3.37e-01  1.94e+03  7.03e-01  2.82e+02 1.05e+04 3.32e+02  6.15e-01 1.00e-01     18s
  22   4.37596083e+02 -9.60376251e+00  1.39e+02 2.89e-01  1.67e+03  7.38e-03  3.57e+02 1.25e+04 1.71e+02  5.99e-01 1.43e-01     22s
  23   2.19039894e+02 -9.72664166e+00  9.91e+01 2.05e-01  1.19e+03 *4.19e+00  4.70e+02 1.61e+04 4.20e+02  5.95e-01 2.91e-01     26s
  24   1.04020621e+02 -9.92451902e+00  5.22e+01 1.08e-01  6.53e+02 *6.14e-01  6.70e+02 2.62e+04 1.18e+03  6.47e-01 4.74e-01     35s
  25   1.11913428e+02 -9.98155652e+00  4.02e+01 8.25e-02  5.20e+02 *1.22e+00  7.59e+02 4.10e+04 1.34e+03  9.07e-01 2.33e-01     44s
  26   1.14304224e+02 -1.00325405e+01  2.92e+01 5.98e-02  3.97e+02 *5.90e-01  7.48e+02 4.30e+04 1.09e+03  9.85e-01 2.75e-01     53s
  27   1.08630340e+02 -1.00764427e+01  1.96e+01 4.00e-02  2.86e+02 *4.56e-01  7.34e+02 4.37e+04 8.16e+02  1.00e+00 3.31e-01     63s
  28   9.21999703e+01 -1.01117499e+01  1.18e+01 2.39e-02  1.90e+02 *3.23e-01  7.16e+02 4.23e+04 5.33e+02  1.00e+00 4.02e-01     72s
  29   6.32537681e+01 -1.01395265e+01  5.64e+00 1.14e-02  1.08e+02 *7.61e-02  6.97e+02 3.73e+04 2.84e+02  1.00e+00 5.23e-01     81s
  30   1.95463373e+01 -1.01622203e+01  9.11e-01 1.79e-03  3.35e+01 *6.49e-02  6.74e+02 2.72e+04 1.02e+02  1.00e+00 8.44e-01     90s
  31  -6.12466526e+00 -1.01697552e+01  6.46e-03 1.13e-15  4.01e+00 *6.46e-03  6.42e+02 1.02e+04 9.38e+00  1.00e+00 1.00e+00     99s
  32  -9.76692324e+00 -1.01680362e+01  4.53e-06 9.19e-16  4.01e-01 *4.53e-06  6.23e+02 1.13e+03 1.87e+00  1.00e+00 1.00e+00    108s

The algorithm stopped after 33 iterations in 108.19 seconds.

Primal variables:   [+5.32 +0.08 +0.02 +6.79]
Dual slacks:        [+0.01 +1.39 +4.75 +0.02]
Dual variables:     [+5.65 -7.17]

Primal objective:   -9.76692324e+00
Dual objective:     -1.01680362e+01

Primal residual:    4.53e-06
Dual residual:      9.19e-16
Complementraty:     4.01e-01

Number of Iter:     33
Run time:           108.19

-------------------------------------------------------------------------------------------------------
                  Objective                Residual                        Step-length       
Iter      Primal           Dual         Primal    Dual     Compl    r error   r-bar    nabla     Time
   0  -9.76692324e+00 -1.01680362e+01  4.53e-06 0.00e+00  4.01e-01  4.01e-01 4.01e-01 4.00e+00   108s

The Quantum Inexact Infeasible Interior-Point Method starts running ...


                  Objective                Residual                                Linear system           Step-length
Iter      Primal           Dual         Primal    Dual     Compl    ||Resl||  Cond-Num  ||M||   ||RHS||    a-star   a-hat      Time
   0   1.84773016e+04  3.46098687e+03  4.49e+02 8.83e+02  1.88e+06 *1.14e-13  1.00e+00 1.00e+00 1.10e+03  6.76e-01 5.56e-01      0s
   1   1.82409406e+04  3.46098687e+03  3.96e+02 8.47e+02  1.81e+06  1.08e+03  3.90e+00 2.79e+00 1.08e+03  4.01e-01 4.09e-02      0s
   2   1.84694404e+04  2.97157447e+03  3.27e+02 6.98e+02  1.52e+06  1.29e+00  4.41e+00 3.17e+00 1.35e+03  7.67e-01 1.76e-01      0s
   3   1.88900604e+04  2.38826288e+03  2.51e+02 5.39e+02  1.20e+06  5.47e+00  5.54e+00 4.35e+00 1.67e+03  8.14e-01 2.28e-01      0s
   4   1.87968110e+04  2.38826288e+03  2.20e+02 5.30e+02  1.18e+06  2.07e+03  7.08e+00 6.44e+00 2.07e+03  3.27e-01 1.63e-02      0s
   5   1.87113492e+04  2.38826288e+03  1.92e+02 5.22e+02  1.16e+06  2.28e+03  7.58e+00 6.91e+00 2.28e+03  3.16e-01 1.49e-02      1s
   6   1.99829238e+04  1.21209206e+03  9.28e+01 2.54e+02  6.02e+05  2.48e+00  8.10e+00 7.39e+00 2.49e+03  9.08e-01 5.13e-01      1s
   7   2.21173002e+04  1.41316158e+02  2.16e+01 2.96e+01  9.18e+04  3.13e+01  1.15e+01 1.83e+01 3.08e+03  9.42e-01 8.84e-01      1s
   8   2.17286720e+04  2.94454266e+01  1.29e+02 6.80e+00  3.16e+04  1.61e+02  1.43e+01 1.80e+02 2.34e+03  9.34e-01 7.70e-01      1s
   9   1.95653168e+04  2.49287156e+01  1.13e+02 5.91e+00  2.79e+04  7.61e+00  1.71e+01 5.12e+02 1.24e+03  7.28e-01 1.31e-01      1s
  10   1.79090134e+04  2.18906321e+01  1.03e+02 5.26e+00  2.52e+04  1.90e+01  1.84e+01 5.18e+02 1.06e+03  7.04e-01 1.09e-01      2s
  11   1.63612028e+04  1.94901017e+01  9.21e+01 4.73e+00  2.29e+04  3.73e-01  1.99e+01 5.31e+02 9.27e+02  6.82e-01 1.02e-01      2s
  12   1.49771772e+04  1.76178885e+01  8.33e+01 4.28e+00  2.09e+04  1.73e-01  2.20e+01 5.49e+02 8.06e+02  6.64e-01 9.55e-02      2s
  13   1.37884903e+04  1.61910150e+01  7.74e+01 3.89e+00  1.92e+04  1.78e+01  2.46e+01 5.76e+02 6.95e+02  6.48e-01 9.07e-02      3s
  14   1.26471442e+04  1.50402668e+01  7.07e+01 3.55e+00  1.77e+04  1.94e-01  2.80e+01 6.14e+02 5.95e+02  6.33e-01 8.62e-02      3s
  15   1.16154861e+04  1.41466962e+01  6.53e+01 3.26e+00  1.64e+04  4.87e+00  3.25e+01 6.60e+02 4.95e+02  6.20e-01 8.27e-02      4s
  16   1.06552351e+04  1.34403452e+01  6.03e+01 3.00e+00  1.52e+04  3.24e+00  3.82e+01 7.20e+02 3.98e+02  6.09e-01 8.00e-02      4s
  17   9.75551575e+03  1.28786252e+01  5.57e+01 2.77e+00  1.41e+04  1.90e+00  4.58e+01 7.94e+02 3.02e+02  6.00e-01 7.80e-02      5s
  18   8.92930475e+03  1.24389399e+01  5.20e+01 2.56e+00  1.31e+04  8.26e+00  5.57e+01 8.87e+02 2.12e+02  5.92e-01 7.62e-02      5s
  19   8.11895724e+03  1.20639423e+01  4.81e+01 2.36e+00  1.22e+04  3.10e-01  6.87e+01 1.00e+03 1.51e+02  5.87e-01 7.64e-02      6s
  20   7.34299872e+03  1.17424510e+01  4.44e+01 2.18e+00  1.13e+04 *1.02e+00  8.62e+01 1.14e+03 1.74e+02  5.84e-01 7.71e-02      7s
  21   6.58789183e+03  1.14442730e+01  4.09e+01 2.01e+00  1.05e+04 *9.97e-01  1.10e+02 1.32e+03 2.79e+02  5.85e-01 7.93e-02      8s
  22   5.83691254e+03  1.11360137e+01  3.75e+01 1.84e+00  9.69e+03 *9.61e-01  1.42e+02 1.55e+03 4.26e+02  5.90e-01 8.40e-02     10s
  23   5.07321210e+03  1.07776394e+01  3.42e+01 1.67e+00  8.85e+03 *2.43e+00  1.87e+02 1.85e+03 6.08e+02  6.02e-01 9.31e-02     12s
  24   4.67254897e+03  1.06735212e+01  3.67e+01 1.55e+00  8.26e+03 *7.28e+01  2.51e+02 2.25e+03 8.32e+02  5.59e-01 7.19e-02     13s
  25   3.69895115e+03  9.95192327e+00  3.17e+01 1.33e+00  7.16e+03 *1.04e+00  3.09e+02 2.70e+03 1.03e+03  5.32e-01 1.39e-01     17s
  26   2.32601031e+03  8.31319402e+00  2.49e+01 9.82e-01  5.31e+03 *6.04e+00  4.40e+02 3.61e+03 1.41e+03  5.24e-01 2.62e-01     21s
  27   2.16589612e+03  7.82207232e+00  2.33e+01 9.19e-01  5.00e+03 *8.21e-04  6.66e+02 5.97e+03 2.09e+03  5.69e-01 6.47e-02     30s
  28   2.00923818e+03  7.27953513e+00  2.16e+01 8.51e-01  4.66e+03 *7.51e-01  6.86e+02 6.33e+03 2.09e+03  6.01e-01 7.43e-02     39s
  29   1.85490811e+03  6.67788972e+00  1.98e+01 7.77e-01  4.30e+03 *9.88e-01  7.03e+02 6.72e+03 2.07e+03  6.38e-01 8.68e-02     49s
  30   1.70156349e+03  6.01014069e+00  1.79e+01 6.96e-01  3.90e+03 *1.25e+00  7.16e+02 7.16e+03 2.03e+03  6.81e-01 1.03e-01     58s
  31   1.54900048e+03  5.27439391e+00  1.57e+01 6.10e-01  3.46e+03 *1.36e-01  7.27e+02 7.64e+03 1.95e+03  7.29e-01 1.24e-01     67s
  32   1.39511803e+03  4.47538660e+00  1.33e+01 5.17e-01  2.99e+03 *4.00e-01  7.33e+02 8.16e+03 1.82e+03  7.87e-01 1.53e-01     76s
  33   1.23861856e+03  3.63476991e+00  1.10e+01 4.19e-01  2.49e+03 *9.64e-01  7.35e+02 8.73e+03 1.65e+03  8.53e-01 1.90e-01     85s
  34   1.07843587e+03  2.79291322e+00  8.49e+00 3.21e-01  1.98e+03 *2.97e-01  7.34e+02 9.35e+03 1.42e+03  9.24e-01 2.34e-01     94s
  35   9.12492496e+02  2.01176751e+00  6.09e+00 2.30e-01  1.50e+03 *5.16e-02  7.27e+02 9.89e+03 1.15e+03  9.97e-01 2.84e-01    103s
  36   7.37993221e+02  1.34875879e+00  4.14e+00 1.52e-01  1.07e+03 *3.55e-01  7.16e+02 1.02e+04 8.35e+02  1.00e+00 3.40e-01    112s
  37   5.50852449e+02  8.19293870e-01  2.53e+00 8.89e-02  7.02e+02 *2.59e-01  7.03e+02 9.91e+03 5.32e+02  1.00e+00 4.13e-01    122s
  38   3.43474556e+02  4.04231324e-01  1.24e+00 4.05e-02  3.88e+02 *1.62e-01  6.88e+02 8.71e+03 2.74e+02  1.00e+00 5.44e-01    131s
  39   9.57567661e+01  6.33517591e-02  1.17e-01 3.34e-03  9.67e+01 *1.60e-02  6.70e+02 6.22e+03 9.37e+01  1.00e+00 9.18e-01    140s
  40   1.06436821e+01  2.55811115e-02  1.01e-03 0.00e+00  1.06e+01 *1.01e-03  6.46e+02 1.92e+03 1.01e+01  1.00e+00 1.00e+00    149s
  41   2.69576712e+00  4.30002386e-01  8.55e-04 3.55e-15  2.27e+00 *1.12e-03  7.53e+02 2.26e+02 6.66e+00  9.37e-01 8.74e-01    158s
  42   2.47617765e+00  6.66066681e-01  7.91e-04 3.47e-17  1.81e+00 *5.71e-04  1.63e+03 1.24e+02 6.42e+00  8.11e-01 2.23e-01    182s
  43   2.29268958e+00  8.91814177e-01  1.11e-03 1.55e-17  1.40e+00 *2.06e-03  1.78e+03 1.49e+02 6.40e+00  8.72e-01 2.50e-01    207s
  44   2.10998141e+00  1.14873162e+00  8.31e-04 2.11e-17  9.64e-01 *3.12e-04  1.91e+03 1.87e+02 6.38e+00  9.35e-01 3.48e-01    231s
  45   1.91767285e+00  1.44735025e+00  4.35e-04 3.55e-15  4.72e-01 *1.32e-04  2.05e+03 2.68e+02 6.36e+00  1.00e+00 5.66e-01    309s

The algorithm stopped after 46 iterations in 308.86 seconds.

Primal variables:   [+8.38 +0.01 +0.01 +18.34]
Dual slacks:        [+0.01 +9.14 +17.65 +0.01]
Dual variables:     [-0.51 -3.80]

Primal objective:   1.91767285e+00 
Dual objective:     1.44735025e+00 

Primal residual:    4.35e-04
Dual residual:      3.55e-15
Complementraty:     4.72e-01

Number of Iter:     46
Run time:           308.86

-------------------------------------------------------------------------------------------------------
                  Objective                Residual                        Step-length       
Iter      Primal           Dual         Primal    Dual     Compl    r error   r-bar    nabla     Time
   1  -1.00489120e+01 -1.00775768e+01  1.09e-04 0.00e+00  2.95e-02  2.95e-02 2.95e-02 6.40e+01   417s

The Quantum Inexact Infeasible Interior-Point Method starts running ...


                  Objective                Residual                                Linear system           Step-length
Iter      Primal           Dual         Primal    Dual     Compl    ||Resl||  Cond-Num  ||M||   ||RHS||    a-star   a-hat      Time
   0   2.68148672e+05  5.02576424e+04  4.51e+02 7.40e+02  1.77e+06 *2.05e-13  1.00e+00 1.00e+00 9.71e+02  7.10e-01 5.89e-01      0s
   1   2.54896646e+05  4.15490791e+04  3.58e+02 5.87e+02  1.44e+06  3.65e+00  4.54e+00 2.71e+00 1.10e+03  8.33e-01 2.07e-01      0s
   2   2.35946795e+05  2.97193694e+04  2.48e+02 4.07e+02  1.05e+06  1.34e-01  6.17e+00 3.73e+00 1.37e+03  9.31e-01 3.06e-01      0s
   3   1.95032767e+05  1.17092957e+04  1.00e+02 1.65e+02  5.09e+05  1.52e+00  9.18e+00 5.77e+00 1.64e+03  9.68e-01 5.94e-01      0s
   4   1.17855135e+05  1.47724578e+03  2.42e+01 4.03e+01  1.87e+05  7.07e-01  1.88e+01 1.31e+01 1.61e+03  9.07e-01 7.56e-01      1s
   5   1.01501707e+05  1.19860995e+03  2.04e+01 3.39e+01  1.61e+05  1.71e-01  4.89e+01 2.89e+01 3.89e+02  7.66e-01 1.59e-01      1s
   6   7.80795414e+04  1.19860995e+03  6.15e+01 2.49e+01  1.21e+05  2.82e+02  6.37e+01 3.41e+01 2.82e+02  8.45e-01 2.67e-01      2s
   7   6.78477690e+04  1.05070868e+03  5.27e+01 2.13e+01  1.06e+05  1.05e+01  1.22e+02 5.33e+01 3.37e+02  7.31e-01 1.41e-01      3s
   8   5.66899111e+04  8.89228408e+02  4.37e+01 1.77e+01  8.91e+04  2.65e-01  1.56e+02 6.36e+01 2.27e+02  7.64e-01 1.70e-01      4s
   9   4.53419179e+04  7.26368369e+02  3.46e+01 1.40e+01  7.22e+04  1.26e+00  2.06e+02 7.96e+01 1.05e+02  7.99e-01 2.07e-01      6s
  10   3.17281602e+04  4.96948733e+02  2.37e+01 9.62e+00  5.13e+04 *1.40e-03  2.79e+02 1.06e+02 8.02e+01  8.69e-01 3.15e-01     10s
  11   9.41506248e+03 -4.35181310e+01  4.80e+00 1.95e+00  1.37e+04 *2.75e-02  4.04e+02 1.64e+02 2.61e+02  8.70e-01 7.98e-01     14s
  12   6.59050157e+03 -1.59942579e+02  2.60e+00 1.05e+00  8.48e+03 *1.47e-01  7.34e+02 5.85e+02 5.22e+02  1.00e+00 4.62e-01     23s
  13   3.47794723e+03 -2.33604847e+02  9.62e-01 3.87e-01  4.10e+03 *3.21e-02  7.43e+02 5.20e+02 2.67e+02  1.00e+00 6.31e-01     32s
  14   4.45590258e+02 -2.28135136e+02  1.08e-02 1.42e-14  6.74e+02 *1.08e-02  7.86e+02 3.68e+02 1.25e+02  1.00e+00 1.00e+00     41s
  15   1.47424371e+02 -7.85186297e+01  2.18e-03 1.11e-16  2.26e+02 *6.74e-03  1.34e+03 1.57e+02 1.03e+02  8.45e-01 7.39e-01     65s
  16   1.13191758e+02 -7.66899629e+00  2.07e-03 1.18e-16  1.21e+02 *1.96e-03  2.31e+03 2.74e+02 1.01e+02  1.00e+00 5.17e-01    143s
  17   7.94100869e+01  6.73562777e+01  1.05e-04 1.67e-16  1.21e+01 *1.05e-04  2.49e+03 5.14e+02 1.01e+02  1.00e+00 1.00e+00    221s
  18   7.22364473e+01  7.34317182e+01  1.80e-01 6.36e-14  1.47e+00 *1.80e-01  3.93e+03 7.26e+03 9.55e+01  1.00e+00 1.00e+00    298s
  19   7.43478807e+01  7.42891509e+01  6.22e-03 1.44e-16  1.52e-01 *1.80e-05  5.40e+03 6.31e+04 9.34e+01  1.00e+00 9.66e-01    555s

The algorithm stopped after 20 iterations in 555.20 seconds.

Primal variables:   [+131.49 +0.00 +0.00 +291.41]
Dual slacks:        [+0.00 +160.22 +277.00 +0.00]
Dual variables:     [-1.84 -14.92]

Primal objective:   7.43478807e+01 
Dual objective:     7.42891509e+01 

Primal residual:    6.22e-03
Dual residual:      1.44e-16
Complementraty:     1.52e-01

Number of Iter:     20
Run time:           555.20

-------------------------------------------------------------------------------------------------------
                  Objective                Residual                        Step-length       
Iter      Primal           Dual         Primal    Dual     Compl    r error   r-bar    nabla     Time
   2  -1.00601718e+01 -1.00594398e+01  9.73e-05 0.00e+00  3.72e-05  9.73e-05 1.56e-03 1.02e+03   972s

The solution quality is limited by the precision of the linear system solver.

The Iterative Refinement algorithm stopped after 3 iterations in 972.25 seconds.

Primal objective:   -1.00601718e+01
Dual objective:     -1.00594398e+01

Primal residual:    9.73e-05
Dual residual:      0.00e+00
Complementraty:     3.72e-05

Primal variables:   [+2.054536 +0.000004 +0.000003 +4.553281]
Dual slacks:        [+0.000002 +2.503406 +4.328126 +0.000002]
Dual variables:     [+5.498057 -8.352759]

Number of Iter:     2
Run time:           972.25
