
--------------- Linear optimization problem characteristics ---------------
Seed:                    62
Number of variables:     4
Number of constraints:   2

Norm of primal sol:      5.00e+00
Norm of dual sol:        1.00e+01
Norm of dual slacks:     5.00e+00

Norm of vector b:        4.18e+00
Norm of vector c:        1.05e+01

Norm of matrix A:        1.00e+00
Condition number:        1.00e+00

----------------------- Linear optimization problem -----------------------
Coeff matrix A:          [[-0.610 -0.610 -0.299 +0.408]
                          [+0.682 -0.143 -0.629 +0.344]]

RHS vector b:            [-2.820 -3.081]
Obj vector c:            [-8.608 -2.040 +3.739 +4.241]

---------------------------- Optimal solution -----------------------------
Primal variables:         [+0.000 +2.502 +4.329 +0.000]
Dual slacks:              [+0.409 +0.000 +0.000 +4.983]
Dual variables:           [+5.322 -8.466]

Optimal objective:       +1.10779362e+01
===========================================================================

Method:                  IR-II-QIPM
IR_Precision:            1.00e-04
LO_Precision:            5.00e-01
Stop_Precision:          1.00e-03
LO_Verbosity:            2
Omega:                   1.00e+03

The Iterative Refinement algorithm starts running ...


The Quantum Inexact Infeasible Interior-Point Method starts running ...


                  Objective                Residual                                Linear system           Step-length
Iter      Primal           Dual         Primal    Dual     Compl    ||Resl||  Cond-Num  ||M||   ||RHS||    a-star   a-hat      Time
   0   3.43380643e+03 -1.53435878e+03  4.57e+02 8.05e+02  1.71e+06  2.54e-13  1.00e+00 1.00e+00 1.26e+03  7.16e-01 5.98e-01      0s
   1   4.55102007e+03 -1.29494963e+03  3.80e+02 6.69e+02  1.44e+06 *4.66e-01  5.11e+00 3.24e+00 1.10e+03  7.46e-01 1.69e-01      0s
   2   5.69891872e+03 -1.06052761e+03  3.08e+02 5.44e+02  1.20e+06 *9.63e+00  6.61e+00 4.44e+00 1.36e+03  7.75e-01 1.86e-01      0s
   3   6.95143031e+03 -8.23197779e+02  2.37e+02 4.23e+02  9.51e+05 *1.12e+01  8.37e+00 6.24e+00 1.66e+03  8.02e-01 2.24e-01      1s
   4   8.37068058e+03 -5.90295965e+02  1.66e+02 3.05e+02  7.05e+05 *2.34e+01  1.04e+01 9.34e+00 2.01e+03  8.08e-01 2.79e-01      1s
   5   1.00396459e+04 -3.63284811e+02  9.44e+01 1.89e+02  4.56e+05 *3.30e+01  1.27e+01 1.53e+01 2.42e+03  8.33e-01 3.79e-01      1s
   6   1.21718280e+04 -7.38327134e+01  1.81e+01 3.61e+01  1.02e+05 *1.37e-01  1.50e+01 2.99e+01 2.90e+03  9.36e-01 8.09e-01      1s
   7   1.30259182e+04 -1.35728125e+01  3.63e+01 2.39e-14  1.23e+04 *3.63e+01  1.66e+01 1.97e+02 2.89e+03  1.00e+00 1.00e+00      1s
   8   2.31120590e+03 -1.35728125e+01  5.73e+01 0.00e+00  1.23e+03  5.73e+01  1.51e+01 1.54e+03 5.73e+01  1.00e+00 1.00e+00      2s
   9   9.19950540e+01 -1.33981476e+01  1.09e-03 3.27e-15  1.05e+02 *1.09e-03  1.80e+01 2.44e+02 5.07e+00  1.00e+00 1.00e+00      2s
  10   4.38373247e+01 -1.24321527e+01  1.01e-01 1.33e-15  5.40e+01 *1.86e-01  1.44e+01 1.17e+01 3.91e+00  8.90e-01 5.42e-01      2s
  11   3.88196632e+01 -1.19638294e+01  9.23e-02 2.09e-15  4.87e+01 *2.18e-02  1.62e+01 6.14e+00 3.87e+00  6.92e-01 1.08e-01      3s
  12   3.50031030e+01 -1.14922492e+01  8.38e-02 3.09e-15  4.46e+01 *1.18e-03  1.70e+01 5.63e+00 3.84e+00  6.61e-01 9.30e-02      3s
  13   3.19396120e+01 -1.10072829e+01  7.68e-02 2.09e-15  4.13e+01 *5.75e-04  1.79e+01 5.27e+00 3.81e+00  6.39e-01 8.39e-02      3s
  14   2.94173033e+01 -1.05060491e+01  7.11e-02 2.67e-15  3.84e+01 *3.46e-03  1.88e+01 5.00e+00 3.79e+00  6.22e-01 7.75e-02      4s
  15   2.73003507e+01 -9.98655646e+00  6.61e-02 3.74e-15  3.59e+01 *2.96e-03  1.99e+01 4.81e+00 3.78e+00  6.09e-01 7.27e-02      4s
  16   2.54929228e+01 -9.44614922e+00  6.15e-02 2.52e-15  3.36e+01 *3.39e-04  2.09e+01 4.68e+00 3.76e+00  5.99e-01 6.91e-02      4s
  17   2.39233908e+01 -8.87995819e+00  5.75e-02 3.62e-15  3.16e+01 *8.66e-04  2.20e+01 4.58e+00 3.75e+00  5.92e-01 6.71e-02      5s
  18   2.25433196e+01 -8.28200809e+00  5.47e-02 4.79e-15  2.97e+01 *1.56e-02  2.31e+01 4.52e+00 3.74e+00  5.92e-01 6.68e-02      5s
  19   2.13184432e+01 -7.64249092e+00  5.47e-02 2.28e-15  2.79e+01 *5.51e-02  2.43e+01 4.50e+00 3.73e+00  6.00e-01 6.91e-02      5s
  20   2.02287992e+01 -6.95080383e+00  5.88e-02 2.12e-15  2.60e+01 *1.11e-01  2.55e+01 4.51e+00 3.72e+00  6.14e-01 7.36e-02      6s
  21   1.92439388e+01 -6.23178510e+00  5.64e-02 1.02e-15  2.44e+01 *2.38e-02  2.69e+01 4.56e+00 3.72e+00  6.00e-01 6.97e-02      6s
  22   1.83395349e+01 -5.46217317e+00  5.24e-02 2.04e-15  2.28e+01 *1.70e-03  2.80e+01 4.62e+00 3.71e+00  6.05e-01 7.17e-02      7s
  23   1.75060505e+01 -4.62693460e+00  4.90e-02 5.33e-15  2.12e+01 *7.34e-03  2.89e+01 4.72e+00 3.71e+00  6.20e-01 7.69e-02      7s
  24   1.67566410e+01 -3.70719647e+00  5.01e-02 1.14e-15  1.96e+01 *6.19e-02  2.99e+01 4.85e+00 3.70e+00  6.49e-01 8.72e-02      7s
  25   1.60360071e+01 -2.70180270e+00  4.70e-02 2.81e-15  1.79e+01 *1.73e-02  3.10e+01 5.05e+00 3.70e+00  6.60e-01 9.33e-02      8s
  26   2.99059702e+00 -2.70180270e+00  3.68e+00 0.00e+00  1.86e+00  3.69e+00  3.17e+01 5.30e+00 3.69e+00  1.00e+00 9.96e-01      8s
  27   3.02104218e+00 -1.19728229e+00  3.63e+00 1.09e-15  1.82e+00 *1.24e-02  4.88e+01 7.16e-01 4.13e+00  1.12e-01 1.30e-02      8s
  28   3.02891567e+00 -9.97695820e-01  3.62e+00 1.05e-15  1.81e+00 *3.95e-03  4.79e+01 8.15e-01 4.12e+00  1.13e-01 1.97e-03      9s
  29   3.03892477e+00 -7.94474694e-01  3.62e+00 6.28e-16  1.81e+00 *4.79e-02  4.76e+01 8.32e-01 4.12e+00  1.17e-01 2.11e-03     10s
  30   3.05004126e+00 -5.89746107e-01  3.61e+00 2.04e-15  1.80e+00 *5.92e-02  4.74e+01 8.49e-01 4.12e+00  1.19e-01 2.19e-03     10s
  31   3.06026366e+00 -3.90167289e-01  3.60e+00 1.11e-15  1.80e+00 *2.07e-02  4.72e+01 8.68e-01 4.12e+00  1.16e-01 2.14e-03     11s
  32   3.07055538e+00 -1.92210870e-01  3.59e+00 1.48e-15  1.80e+00 *5.85e-03  4.69e+01 8.86e-01 4.12e+00  1.16e-01 2.15e-03     11s
  33   3.08356780e+00  1.19560481e-02  3.58e+00 1.75e-15  1.79e+00 *5.52e-02  4.65e+01 9.05e-01 4.12e+00  1.22e-01 2.35e-03     12s
  34   3.09631412e+00  2.13232575e-01  3.58e+00 1.64e-15  1.79e+00 *3.27e-02  4.63e+01 9.27e-01 4.12e+00  1.21e-01 2.35e-03     13s
  35   3.10844972e+00  4.10672537e-01  3.57e+00 1.86e-15  1.78e+00 *2.09e-03  4.59e+01 9.48e-01 4.12e+00  1.19e-01 2.32e-03     13s
  36   3.12359052e+00  6.14365473e-01  3.56e+00 2.08e-15  1.78e+00 *5.22e-02  4.55e+01 9.69e-01 4.12e+00  1.25e-01 2.55e-03     14s
  37   3.13798541e+00  8.14119527e-01  3.55e+00 2.86e-15  1.77e+00 *1.97e-02  4.52e+01 9.94e-01 4.12e+00  1.23e-01 2.52e-03     14s
  38   3.15297250e+00  1.01333021e+00  3.54e+00 1.28e-15  1.77e+00 *1.57e-02  4.48e+01 1.02e+00 4.11e+00  1.24e-01 2.58e-03     15s
  39   3.17029272e+00  1.21624269e+00  3.53e+00 2.23e-15  1.77e+00 *4.55e-02  4.44e+01 1.04e+00 4.11e+00  1.28e-01 2.77e-03     16s
  40   3.18613859e+00  1.41349640e+00  3.52e+00 1.25e-15  1.76e+00 *2.43e-04  4.40e+01 1.07e+00 4.11e+00  1.25e-01 2.70e-03     16s
  41   3.20530402e+00  1.61654182e+00  3.51e+00 1.84e-15  1.76e+00 *4.54e-02  4.35e+01 1.10e+00 4.11e+00  1.32e-01 2.96e-03     17s
  42   3.22343352e+00  1.81499506e+00  3.50e+00 1.68e-15  1.75e+00 *9.77e-03  4.31e+01 1.13e+00 4.11e+00  1.30e-01 2.92e-03     17s
  43   3.24373015e+00  2.01619173e+00  3.49e+00 2.93e-15  1.74e+00 *3.06e-02  4.27e+01 1.16e+00 4.11e+00  1.34e-01 3.11e-03     18s
  44   3.26451679e+00  2.21617852e+00  3.48e+00 1.54e-15  1.74e+00 *2.15e-02  4.22e+01 1.19e+00 4.11e+00  1.35e-01 3.19e-03     19s
  45   3.28613810e+00  2.41582426e+00  3.47e+00 1.90e-15  1.73e+00 *1.73e-02  4.18e+01 1.23e+00 4.11e+00  1.36e-01 3.29e-03     19s
  46   3.30955476e+00  2.61664243e+00  3.46e+00 1.02e-15  1.73e+00 *2.79e-02  4.13e+01 1.26e+00 4.11e+00  1.40e-01 3.47e-03     20s
  47   3.33299990e+00  2.81532656e+00  3.44e+00 1.05e-15  1.72e+00 *1.02e-02  4.08e+01 1.30e+00 4.11e+00  1.40e-01 3.53e-03     20s
  48   3.35905120e+00  3.01644809e+00  3.43e+00 1.84e-15  1.72e+00 *3.00e-02  4.03e+01 1.34e+00 4.10e+00  1.44e-01 3.76e-03     21s
  49   3.38483050e+00  3.21486235e+00  3.42e+00 1.01e-15  1.71e+00 *7.51e-03  3.98e+01 1.39e+00 4.10e+00  1.44e-01 3.82e-03     21s
  50   3.41361853e+00  3.41594962e+00  3.40e+00 1.39e-15  1.70e+00 *2.92e-02  3.93e+01 1.43e+00 4.10e+00  1.50e-01 4.09e-03     22s
  51   3.44221527e+00  3.61448760e+00  3.39e+00 1.56e-15  1.69e+00 *7.46e-03  3.88e+01 1.48e+00 4.10e+00  1.50e-01 4.16e-03     23s
  52   3.47393032e+00  3.81537448e+00  3.37e+00 2.76e-15  1.69e+00 *2.67e-02  3.83e+01 1.53e+00 4.10e+00  1.55e-01 4.46e-03     23s
  53   3.50582004e+00  4.01395798e+00  3.36e+00 1.51e-15  1.68e+00 *9.38e-03  3.78e+01 1.59e+00 4.10e+00  1.56e-01 4.57e-03     24s
  54   3.54070155e+00  4.21443759e+00  3.34e+00 1.09e-15  1.67e+00 *2.28e-02  3.73e+01 1.65e+00 4.10e+00  1.61e-01 4.88e-03     24s
  55   3.57656509e+00  4.41372200e+00  3.33e+00 1.26e-15  1.66e+00 *1.29e-02  3.67e+01 1.71e+00 4.09e+00  1.63e-01 5.06e-03     25s
  56   3.61489403e+00  4.61351083e+00  3.31e+00 2.04e-15  1.65e+00 *1.77e-02  3.62e+01 1.78e+00 4.09e+00  1.67e-01 5.35e-03     26s
  57   3.65542184e+00  4.81346533e+00  3.29e+00 1.68e-15  1.64e+00 *1.76e-02  3.57e+01 1.85e+00 4.09e+00  1.71e-01 5.64e-03     26s
  58   3.69764450e+00  5.01262356e+00  3.27e+00 2.10e-15  1.63e+00 *1.21e-02  3.52e+01 1.93e+00 4.09e+00  1.74e-01 5.91e-03     27s
  59   3.74362686e+00  5.21330119e+00  3.25e+00 3.20e-15  1.62e+00 *2.27e-02  3.46e+01 2.02e+00 4.09e+00  1.79e-01 6.33e-03     27s
  60   3.79032889e+00  5.41180632e+00  3.23e+00 3.81e-15  1.61e+00 *6.62e-03  3.41e+01 2.11e+00 4.08e+00  1.81e-01 6.57e-03     28s
  61   3.84253795e+00  5.61291255e+00  3.20e+00 2.84e-15  1.60e+00 *2.68e-02  3.36e+01 2.21e+00 4.08e+00  1.89e-01 7.15e-03     29s
  62   3.89460175e+00  5.81105585e+00  3.18e+00 4.14e-15  1.59e+00 *2.16e-03  3.30e+01 2.32e+00 4.08e+00  1.90e-01 7.38e-03     29s
  63   3.95398613e+00  6.01272919e+00  3.15e+00 3.55e-15  1.58e+00 *2.91e-02  3.25e+01 2.43e+00 4.08e+00  1.99e-01 8.12e-03     30s
  64   3.95398605e+00  6.01272919e+00  3.15e+00 3.55e-15  1.58e+00  4.08e+00  3.20e+01 2.57e+00 4.08e+00  1.00e+00 2.27e-08     30s

The solution quality is limited by the precision of the linear system solver.

The algorithm stopped after 65 iterations in 30.26 seconds.

Primal variables:   [+0.15 +0.26 +1.43 +0.09]
Dual slacks:        [+2.67 +1.55 +0.28 +4.16]
Dual variables:     [+8.06 -9.33]

Primal objective:   3.95398605e+00 
Dual objective:     6.01272919e+00 

Primal residual:    3.15e+00
Dual residual:      3.55e-15
Complementraty:     1.58e+00

Number of Iter:     65
Run time:           30.26

-------------------------------------------------------------------------------------------------------
                  Objective                Residual                        Step-length       
Iter      Primal           Dual         Primal    Dual     Compl    r error   r-bar    nabla     Time
   0   3.95398605e+00  6.01272919e+00  3.15e+00 0.00e+00  1.58e+00  3.15e+00 3.15e+00 5.00e-01    30s

The Quantum Inexact Infeasible Interior-Point Method starts running ...


                  Objective                Residual                                Linear system           Step-length
Iter      Primal           Dual         Primal    Dual     Compl    ||Resl||  Cond-Num  ||M||   ||RHS||    a-star   a-hat      Time
   0   3.99513477e+03 -7.69079971e+02  4.59e+02 8.06e+02  1.71e+06  2.54e-13  1.00e+00 1.00e+00 1.25e+03  7.15e-01 5.97e-01      0s
   1   4.16270792e+03 -6.55633679e+02  3.86e+02 6.77e+02  1.46e+06 *3.78e-01  5.10e+00 3.24e+00 1.11e+03  7.43e-01 1.59e-01      0s
   2   4.37177175e+03 -5.39320405e+02  3.14e+02 5.54e+02  1.22e+06 *1.08e+01  6.51e+00 4.36e+00 1.36e+03  7.69e-01 1.82e-01      0s
   3   4.63861961e+03 -4.21208307e+02  2.44e+02 4.33e+02  9.73e+05 *8.13e+00  8.24e+00 6.09e+00 1.65e+03  8.00e-01 2.18e-01      1s
   4   4.98095202e+03 -3.04246214e+02  1.74e+02 3.15e+02  7.27e+05 *1.58e+01  1.03e+01 9.05e+00 2.00e+03  8.07e-01 2.72e-01      1s
   5   5.42035379e+03 -1.97428388e+02  1.03e+02 2.08e+02  4.95e+05 *5.15e+01  1.25e+01 1.47e+01 2.42e+03  8.06e-01 3.41e-01      1s
   6   6.02153094e+03 -9.86393951e+01  4.05e+01 1.06e+02  2.64e+05 *6.94e+01  1.48e+01 2.72e+01 2.91e+03  8.42e-01 4.92e-01      1s
   7   6.68628809e+03 -3.20158929e+00  1.05e+01 2.77e-14  6.67e+03 *1.05e+01  1.67e+01 6.76e+01 3.45e+03  1.00e+00 1.00e+00      1s
   8   6.63590293e+02 -3.35532015e+00  7.42e-01 4.97e-16  6.68e+02  7.42e-01  8.69e+00 1.81e+03 1.07e+02  1.00e+00 1.00e+00      2s
   9   6.30451998e+01 -3.47037182e+00  1.33e-01 0.00e+00  6.68e+01  1.33e-01  8.53e+00 1.83e+02 7.89e+00  1.00e+00 1.00e+00      2s
  10   3.34469175e+00 -3.33455350e+00  7.29e-04 4.58e-16  6.68e+00 *7.29e-04  8.68e+00 1.84e+01 1.18e+00  1.00e+00 1.00e+00      2s
  11   2.81640207e+00 -2.88593021e+00  8.06e-03 4.58e-16  5.69e+00 *4.51e-02  1.15e+01 2.44e+00 1.99e+00  6.40e-01 1.65e-01      2s
  12   2.59560760e+00 -2.62096294e+00  1.32e-02 3.14e-16  5.19e+00 *6.09e-02  1.25e+01 2.56e+00 1.97e+00  6.73e-01 9.67e-02      2s
  13   2.40799236e+00 -2.33688420e+00  1.28e-02 5.44e-16  4.72e+00 *9.71e-03  1.31e+01 2.68e+00 1.97e+00  6.77e-01 1.00e-01      2s
  14   2.21054511e+00 -2.01692775e+00  2.18e-02 5.09e-16  4.20e+00 *8.45e-02  1.35e+01 2.83e+00 1.96e+00  7.32e-01 1.25e-01      3s
  15   2.03386918e+00 -1.66367478e+00  2.79e-02 4.48e-16  3.66e+00 *6.55e-02  1.42e+01 3.07e+00 1.96e+00  7.57e-01 1.41e-01      3s
  16   1.88597827e+00 -1.26150605e+00  2.42e-02 5.47e-16  3.13e+00 *4.73e-03  1.49e+01 3.41e+00 1.95e+00  7.76e-01 1.63e-01      3s
  17   5.11152681e-01 -1.26150605e+00  1.61e+00 0.00e+00  8.05e-01  1.95e+00  1.52e+01 3.86e+00 1.95e+00  1.00e+00 8.25e-01      3s
  18   5.20528976e-01 -1.09065165e+00  1.58e+00 2.29e-16  7.89e-01 *6.16e-05  1.40e+01 9.11e-01 2.05e+00  2.64e-01 1.80e-02      3s
  19   5.27443564e-01 -9.80181775e-01  1.56e+00 2.29e-16  7.79e-01 *5.09e-02  1.42e+01 1.03e+00 2.05e+00  2.73e-01 1.36e-02      4s
  20   5.34745582e-01 -8.62987809e-01  1.53e+00 2.22e-16  7.65e-01 *1.33e-01  1.44e+01 1.12e+00 2.05e+00  2.78e-01 1.69e-02      4s
  21   5.43620351e-01 -7.58287535e-01  1.51e+00 4.44e-16  7.54e-01 *1.68e-03  1.50e+01 1.24e+00 2.05e+00  2.93e-01 1.45e-02      4s
  22   5.43620018e-01 -7.58287535e-01  1.51e+00 4.44e-16  7.54e-01  2.04e+00  1.51e+01 1.35e+00 2.04e+00  1.00e+00 6.86e-07      4s

The solution quality is limited by the precision of the linear system solver.

The algorithm stopped after 23 iterations in 4.46 seconds.

Primal variables:   [+0.11 +0.18 +0.80 +0.07]
Dual slacks:        [+1.67 +1.11 +0.30 +1.86]
Dual variables:     [+0.55 -0.01]

Primal objective:   5.43620018e-01 
Dual objective:     -7.58287535e-01

Primal residual:    1.51e+00
Dual residual:      4.44e-16
Complementraty:     7.54e-01

Number of Iter:     23
Run time:           4.46

-------------------------------------------------------------------------------------------------------
                  Objective                Residual                        Step-length       
Iter      Primal           Dual         Primal    Dual     Compl    r error   r-bar    nabla     Time
   1   3.83015516e+00  2.97957905e+00  3.02e+00 0.00e+00  3.02e+00  3.02e+00 3.02e+00 5.00e-01    35s

The Quantum Inexact Infeasible Interior-Point Method starts running ...


                  Objective                Residual                                Linear system           Step-length
Iter      Primal           Dual         Primal    Dual     Compl    ||Resl||  Cond-Num  ||M||   ||RHS||    a-star   a-hat      Time
   0   4.24062275e+03 -7.68627456e+02  4.59e+02 8.05e+02  1.71e+06  2.54e-13  1.00e+00 1.00e+00 1.25e+03  7.15e-01 5.97e-01      0s
   1   4.36929505e+03 -6.55132560e+02  3.86e+02 6.77e+02  1.46e+06 *3.75e-01  5.10e+00 3.24e+00 1.11e+03  7.43e-01 1.59e-01      0s
   2   4.54018609e+03 -5.38772522e+02  3.14e+02 5.54e+02  1.22e+06 *1.08e+01  6.51e+00 4.36e+00 1.36e+03  7.69e-01 1.82e-01      0s
   3   4.76979386e+03 -4.20614788e+02  2.44e+02 4.33e+02  9.73e+05 *8.13e+00  8.24e+00 6.09e+00 1.65e+03  8.00e-01 2.18e-01      0s
   4   5.07516335e+03 -3.03608386e+02  1.74e+02 3.15e+02  7.27e+05 *1.58e+01  1.03e+01 9.05e+00 2.00e+03  8.07e-01 2.72e-01      1s
   5   5.47701243e+03 -1.96750206e+02  1.03e+02 2.08e+02  4.95e+05 *5.15e+01  1.25e+01 1.47e+01 2.42e+03  8.06e-01 3.41e-01      1s
   6   6.03999062e+03 -9.79157152e+01  4.05e+01 1.06e+02  2.64e+05 *6.93e+01  1.48e+01 2.72e+01 2.91e+03  8.43e-01 4.92e-01      1s
   7   6.68425537e+03 -2.44213373e+00  1.06e+01 2.15e-14  6.67e+03 *1.06e+01  1.67e+01 6.76e+01 3.45e+03  1.00e+00 1.00e+00      1s
   8   6.65036490e+02 -2.59625237e+00  4.53e-01 1.11e-16  6.68e+02  4.53e-01  8.74e+00 1.82e+03 1.07e+02  1.00e+00 1.00e+00      1s
   9   6.39156064e+01 -2.71156770e+00  1.04e-01 0.00e+00  6.68e+01  1.04e-01  8.60e+00 1.84e+02 7.94e+00  1.00e+00 1.00e+00      2s
  10   4.10437069e+00 -2.57653209e+00  4.17e-04 5.09e-16  6.68e+00 *4.17e-04  8.75e+00 1.85e+01 1.17e+00  1.00e+00 1.00e+00      2s
  11   3.58260836e+00 -2.13495196e+00  6.90e-03 6.38e-16  5.71e+00 *4.03e-02  1.16e+01 2.45e+00 1.98e+00  6.38e-01 1.62e-01      2s
  12   3.35918278e+00 -1.87114899e+00  1.19e-02 4.97e-16  5.21e+00 *5.92e-02  1.26e+01 2.57e+00 1.97e+00  6.72e-01 9.63e-02      2s
  13   3.16876653e+00 -1.58762408e+00  1.23e-02 5.09e-16  4.74e+00 *1.56e-02  1.31e+01 2.69e+00 1.97e+00  6.78e-01 1.01e-01      2s
  14   2.96640270e+00 -1.26889587e+00  2.14e-02 4.58e-16  4.21e+00 *8.59e-02  1.35e+01 2.84e+00 1.96e+00  7.31e-01 1.24e-01      3s
  15   2.77640175e+00 -9.16946249e-01  3.17e-02 2.29e-16  3.67e+00 *9.28e-02  1.43e+01 3.08e+00 1.96e+00  7.66e-01 1.44e-01      3s
  16   6.53827716e-01 -9.16946249e-01  1.67e+00 0.00e+00  8.38e-01  1.95e+00  1.52e+01 3.42e+00 1.95e+00  1.00e+00 8.57e-01      3s
  17   6.70765115e-01 -6.96189025e-01  1.64e+00 0.00e+00  8.21e-01 *1.97e-02  1.39e+01 7.09e-01 2.06e+00  2.37e-01 1.87e-02      3s
  18   6.81050984e-01 -5.84863880e-01  1.62e+00 2.29e-16  8.12e-01 *6.11e-02  1.42e+01 8.13e-01 2.05e+00  2.47e-01 1.10e-02      3s
  19   6.92395836e-01 -4.68073242e-01  1.60e+00 5.44e-16  8.01e-01 *1.38e-01  1.45e+01 8.78e-01 2.05e+00  2.50e-01 1.33e-02      4s
  20   7.04585920e-01 -3.63692964e-01  1.58e+00 4.97e-16  7.92e-01 *1.25e-04  1.50e+01 9.63e-01 2.05e+00  2.67e-01 1.12e-02      4s
  21   7.04585779e-01 -3.63692964e-01  1.58e+00 4.97e-16  7.92e-01  2.05e+00  1.51e+01 1.03e+00 2.05e+00  1.00e+00 2.22e-07      4s

The solution quality is limited by the precision of the linear system solver.

The algorithm stopped after 22 iterations in 4.23 seconds.

Primal variables:   [+0.10 +0.16 +0.71 +0.08]
Dual slacks:        [+1.96 +1.31 +0.34 +1.75]
Dual variables:     [+0.36 -0.10]

Primal objective:   7.04585779e-01 
Dual objective:     -3.63692964e-01

Primal residual:    1.58e+00
Dual residual:      4.97e-16
Complementraty:     7.92e-01

Number of Iter:     22
Run time:           4.23
The iterative refinement algorithm stopped because of inexact solution returned by IPM.

The Iterative Refinement algorithm stopped after 3 iterations in 34.71 seconds.

Primal objective:   3.83015516e+00 
Dual objective:     2.97957905e+00 

Primal residual:    3.02e+00
Dual residual:      0.00e+00
Complementraty:     3.02e+00

Primal variables:   [+0.227860 +0.365704 +1.595755 +0.134865]
Dual slacks:        [+3.342919 +2.211785 +0.592234 +3.721452]
Dual variables:     [+9.152457 -9.344169]

Number of Iter:     2
Run time:           34.71
