
--------------- Linear optimization problem characteristics ---------------
Seed:                    52
Number of variables:     4
Number of constraints:   2

Norm of primal sol:      5.00e+00
Norm of dual sol:        1.00e+01
Norm of dual slacks:     5.00e+00

Norm of vector b:        7.39e-01
Norm of vector c:        1.24e+01

Norm of matrix A:        1.00e+00
Condition number:        1.00e+00

----------------------- Linear optimization problem -----------------------
Coeff matrix A:          [[-0.529 -0.683 -0.414 +0.288]
                          [-0.832 +0.534 +0.116 -0.094]]

RHS vector b:            [+0.692 -0.259]
Obj vector c:            [+7.677 +8.231 +4.302 -3.025]

---------------------------- Optimal solution -----------------------------
Primal variables:         [+0.000 +0.000 +1.613 +4.733]
Dual slacks:              [+4.997 +0.159 +0.000 +0.000]
Dual variables:           [-9.581 +2.865]

Optimal objective:       -7.37458795e+00
===========================================================================

Method:                  IR-II-QIPM
IR_Precision:            1.00e-04
LO_Precision:            1.00e-02
Stop_Precision:          1.00e-03
LO_Verbosity:            2
Omega:                   1.00e+03

The Iterative Refinement algorithm starts running ...


The Quantum Inexact Infeasible Interior-Point Method starts running ...


                  Objective                Residual                                Linear system           Step-length
Iter      Primal           Dual         Primal    Dual     Compl    ||Resl||  Cond-Num  ||M||   ||RHS||    a-star   a-hat      Time
   0   7.10783894e+03  5.59378144e+02  5.47e+02 7.97e+02  1.70e+06  3.64e-13  1.00e+00 1.00e+00 1.49e+03  7.17e-01 6.00e-01      1s
   1   6.57545135e+03  5.32755531e+02  5.01e+02 7.30e+02  1.57e+06 *5.65e-01  2.98e+00 1.33e+00 5.75e+02  5.93e-01 8.51e-02      1s
   2   6.27954406e+03  5.32755531e+02  4.76e+02 7.13e+02  1.53e+06  7.32e+02  3.57e+00 1.56e+00 7.32e+02  3.82e-01 2.31e-02      1s
   3   5.99399741e+03  5.32755531e+02  4.52e+02 6.98e+02  1.50e+06  8.36e+02  3.81e+00 1.66e+00 8.36e+02  3.68e-01 2.10e-02      1s
   4   5.51195794e+03  4.95165466e+02  4.09e+02 6.31e+02  1.37e+06 *1.11e+00  4.06e+00 1.76e+00 9.43e+02  6.48e-01 9.54e-02      2s
   5   5.01859339e+03  4.52299836e+02  3.65e+02 5.63e+02  1.24e+06 *3.28e-01  4.91e+00 2.12e+00 1.13e+03  6.73e-01 1.09e-01      2s
   6   4.51305575e+03  4.03844341e+02  3.19e+02 4.91e+02  1.09e+06 *4.06e-03  6.03e+00 2.60e+00 1.35e+03  7.02e-01 1.26e-01      2s
   7   4.25956237e+03  4.03844341e+02  2.98e+02 4.85e+02  1.08e+06  1.61e+03  7.51e+00 3.30e+00 1.61e+03  2.95e-01 1.28e-02      2s
   8   4.01149481e+03  4.03844341e+02  2.78e+02 4.79e+02  1.07e+06  1.74e+03  7.96e+00 3.48e+00 1.74e+03  2.85e-01 1.18e-02      2s
   9   3.44529977e+03  3.30939574e+02  2.24e+02 3.87e+02  8.81e+05 *2.37e+00  8.42e+00 3.68e+00 1.88e+03  7.80e-01 1.93e-01      3s
  10   2.87869754e+03  2.51887565e+02  1.69e+02 2.92e+02  6.81e+05 *1.85e+00  1.11e+01 5.19e+00 2.26e+03  8.22e-01 2.46e-01      3s
  11   2.31866877e+03  1.70258187e+02  1.11e+02 1.98e+02  4.75e+05 *1.92e+01  1.48e+01 7.99e+00 2.73e+03  8.49e-01 3.23e-01      3s
  12   1.77594367e+03  7.69941393e+01  5.18e+01 9.34e+01  2.37e+05 *1.50e+00  1.98e+01 1.41e+01 3.33e+03  8.93e-01 5.28e-01      3s
  13   1.38724972e+03  8.23632582e+00  2.30e+01 1.80e+01  4.92e+04 *3.32e+01  2.55e+01 3.68e+01 4.13e+03  8.86e-01 8.08e-01      4s
  14   1.39539866e+03 -6.96704599e+00  2.23e+00 9.71e-01  4.18e+03 *1.07e+00  2.80e+01 2.83e+02 4.68e+03  9.76e-01 9.46e-01      5s
  15   1.27887078e+03 -7.05194560e+00  3.25e+00 8.08e-01  3.56e+03 *8.49e+00  1.42e+01 1.56e+03 1.05e+03  7.90e-01 1.67e-01      5s
  16   1.18239865e+03 -7.10661877e+00  2.90e+00 6.97e-01  3.12e+03 *7.56e-01  1.61e+01 1.77e+03 9.37e+02  7.66e-01 1.38e-01      6s
  17   1.08795158e+03 -7.14836170e+00  2.66e+00 6.05e-01  2.75e+03 *1.03e+00  1.82e+01 1.98e+03 8.43e+02  7.52e-01 1.32e-01      7s
  18   9.96070056e+02 -7.18045860e+00  2.31e+00 5.28e-01  2.44e+03 *1.12e-02  2.09e+01 2.21e+03 7.53e+02  7.40e-01 1.28e-01      8s
  19   9.05342316e+02 -7.20528639e+00  2.13e+00 4.61e-01  2.16e+03 *8.77e-01  2.45e+01 2.50e+03 6.65e+02  7.33e-01 1.27e-01      8s
  20   8.16861233e+02 -7.22435486e+00  1.80e+00 4.02e-01  1.91e+03 *4.40e-01  2.93e+01 2.86e+03 5.79e+02  7.29e-01 1.27e-01      9s
  21   7.28994528e+02 -7.23904985e+00  1.57e+00 3.49e-01  1.69e+03 *1.74e-03  3.60e+01 3.32e+03 4.92e+02  7.29e-01 1.31e-01     11s
  22   6.42813177e+02 -7.25021565e+00  1.22e+00 3.02e-01  1.48e+03 *1.01e+00  4.55e+01 3.92e+03 4.04e+02  7.31e-01 1.36e-01     12s
  23   5.61824065e+02 -7.25835928e+00  2.94e-01 2.59e-01  1.29e+03 *6.05e+00  5.93e+01 4.72e+03 3.12e+02  7.32e-01 1.41e-01     13s
  24   4.75669304e+02 -7.26537777e+00  2.16e-01 2.19e-01  1.10e+03 *6.32e-01  7.96e+01 5.82e+03 2.16e+02  7.47e-01 1.57e-01     16s
  25   3.96224438e+02 -7.27123581e+00  7.60e-01 1.81e-01  9.32e+02 *4.26e+00  1.12e+02 7.45e+03 1.16e+02  7.55e-01 1.70e-01     18s
  26   3.08399731e+02 -7.27846982e+00  5.96e-01 1.44e-01  7.55e+02  9.13e-02  1.65e+02 9.85e+03 5.15e+01  7.81e-01 2.05e-01     20s
  27   2.19907228e+02 -7.28894638e+00  4.74e-01 1.08e-01  5.75e+02  1.96e-01  2.57e+02 1.39e+04 1.49e+02  8.12e-01 2.55e-01     24s
  28   1.28098299e+02 -7.30770778e+00  8.07e-01 6.82e-02  3.75e+02  1.53e+00  4.21e+02 2.16e+04 2.91e+02  8.01e-01 3.65e-01     28s
  29   4.29898027e+01 -7.34751865e+00  5.90e-01 2.44e-02  1.44e+02  4.75e-01  7.24e+02 4.11e+04 4.52e+02  8.07e-01 6.43e-01     37s
  30   3.28501462e+01 -7.36345955e+00  4.00e-01 1.44e-02  9.33e+01  1.25e-01  1.15e+03 1.30e+05 3.66e+02  1.00e+00 4.07e-01     60s
  31   2.47681361e+01 -7.37393648e+00  2.31e-01 8.03e-03  5.85e+01  1.86e-02  1.15e+03 1.76e+05 2.18e+02  1.00e+00 4.44e-01     83s
  32   1.74291265e+01 -7.37995791e+00  1.25e-01 4.37e-03  3.66e+01  3.64e-05  1.13e+03 2.15e+05 1.06e+02  1.00e+00 4.56e-01    111s
  33   9.86124797e+00 -7.38364460e+00  6.40e-02 2.14e-03  2.15e+01  5.79e-03  1.11e+03 2.25e+05 4.77e+01  1.00e+00 5.09e-01    134s
  34   1.35130690e+00 -7.38615638e+00  2.46e-02 6.60e-04  9.47e+00  8.07e-03  1.08e+03 1.95e+05 2.13e+01  1.00e+00 6.92e-01    157s
  35  -5.88983516e+00 -7.38740748e+00  8.87e-04 1.13e-15  1.50e+00  8.87e-04  1.05e+03 1.16e+05 1.10e+01  1.00e+00 1.00e+00    186s
  36  -7.27149261e+00 -7.38730449e+00  8.94e-02 1.57e-15  1.50e-01  8.94e-02  1.02e+03 2.04e+04 3.08e+00  1.00e+00 1.00e+00    194s
  37  -7.36365480e+00 -7.38620299e+00  5.23e-03 1.72e-15  2.45e-02  6.77e-05  1.33e+03 2.28e+03 9.36e-01  1.00e+00 9.41e-01    217s
  38  -7.36547128e+00 -7.38517378e+00  4.44e-03 2.49e-15  2.13e-02  1.70e-04  1.88e+03 5.28e+02 7.58e-01  7.42e-01 1.46e-01    242s
  39  -7.36703629e+00 -7.38417119e+00  3.61e-03 9.60e-16  1.85e-02  1.15e-03  1.99e+03 5.49e+02 7.52e-01  7.72e-01 1.48e-01    268s
  40  -7.36833867e+00 -7.38307679e+00  3.03e-03 9.52e-16  1.58e-02  6.48e-07  2.09e+03 5.80e+02 7.47e-01  7.90e-01 1.62e-01    341s
  41  -7.36957402e+00 -7.38186487e+00  2.44e-03 6.47e-16  1.31e-02  2.98e-05  2.18e+03 6.30e+02 7.43e-01  8.26e-01 1.92e-01    414s
  42  -7.37076414e+00 -7.38050667e+00  1.85e-03 1.23e-15  1.03e-02  3.66e-05  2.27e+03 7.09e+02 7.39e-01  8.72e-01 2.38e-01    492s
  43  -7.37192472e+00 -7.37896468e+00  1.26e-03 7.36e-16  7.38e-03  4.79e-06  2.35e+03 8.43e+02 7.35e-01  9.30e-01 3.17e-01    567s

The algorithm stopped after 44 iterations in 566.99 seconds.

Primal variables:   [+0.0003 +0.0072 +1.7762 +4.9843]
Dual slacks:        [+5.0894 +0.1285 +0.0010 +0.0006]
Dual variables:     [-9.5526 +2.9576]

Primal objective:   -7.37192472e+00
Dual objective:     -7.37896468e+00

Primal residual:    1.26e-03
Dual residual:      7.36e-16
Complementraty:     7.38e-03

Number of Iter:     44
Run time:           566.99

-------------------------------------------------------------------------------------------------------
                  Objective                Residual                        Step-length       
Iter      Primal           Dual         Primal    Dual     Compl    r error   r-bar    nabla     Time
   0  -7.37192472e+00 -7.37896468e+00  1.26e-03 0.00e+00  7.38e-03  7.38e-03 7.38e-03 2.56e+02   567s

The Quantum Inexact Infeasible Interior-Point Method starts running ...


                  Objective                Residual                                Linear system           Step-length
Iter      Primal           Dual         Primal    Dual     Compl    ||Resl||  Cond-Num  ||M||   ||RHS||    a-star   a-hat      Time
   0   4.77062465e+05  1.40956139e+05  5.55e+02 6.31e+02  1.45e+06  2.54e-13  1.00e+00 1.00e+00 1.25e+03  7.42e-01 6.37e-01      0s
   1   4.60610671e+05  1.40956139e+05  5.17e+02 6.09e+02  1.40e+06  5.71e+02  3.84e+00 1.28e+00 5.71e+02  3.89e-01 3.46e-02      0s
   2   4.28044750e+05  1.32400259e+05  4.70e+02 5.53e+02  1.29e+06 *3.40e+00  4.40e+00 1.42e+00 7.10e+02  6.47e-01 9.13e-02      0s
   3   3.92859693e+05  1.21855110e+05  4.19e+02 4.93e+02  1.16e+06 *4.01e+00  5.50e+00 1.68e+00 8.69e+02  6.84e-01 1.09e-01      0s
   4   3.86568729e+05  1.21855110e+05  3.96e+02 4.85e+02  1.14e+06  1.06e+03  7.12e+00 2.04e+00 1.06e+03  3.28e-01 1.64e-02      1s
   5   3.80897221e+05  1.21855110e+05  3.74e+02 4.78e+02  1.13e+06  1.17e+03  7.73e+00 2.18e+00 1.17e+03  3.16e-01 1.51e-02      1s
   6   3.34365723e+05  1.04265690e+05  3.11e+02 3.97e+02  9.54e+05 *2.48e+00  8.37e+00 2.33e+00 1.29e+03  7.83e-01 1.70e-01      1s
   7   2.80555136e+05  8.24908378e+04  2.38e+02 3.04e+02  7.53e+05 *3.06e-01  1.21e+01 3.10e+00 1.54e+03  8.56e-01 2.34e-01      1s
   8   2.12944063e+05  5.49704714e+04  1.52e+02 1.95e+02  5.11e+05 *2.70e-01  1.91e+01 4.48e+00 1.84e+03  9.52e-01 3.60e-01      2s
   9   1.09951149e+05  1.81831807e+04  4.33e+01 5.57e+01  1.90e+05 *8.10e-01  3.66e+01 7.62e+00 2.12e+03  9.38e-01 7.14e-01      2s
  10   4.70146230e+04  8.56367019e+03  1.42e+01 1.83e+01  7.23e+04 *4.98e-02  1.50e+02 2.44e+01 1.88e+03  8.03e-01 6.71e-01      5s
  11   4.03554941e+04  7.92092012e+03  1.25e+01 1.61e+01  6.42e+04 *1.23e-02  6.26e+02 7.35e+01 1.07e+03  6.56e-01 1.21e-01     13s
  12   3.35478707e+04  7.16199578e+03  1.08e+01 1.38e+01  5.57e+04 *2.57e-01  7.80e+02 9.23e+01 1.11e+03  6.83e-01 1.41e-01     22s
  13   2.72791609e+04  6.33857702e+03  9.36e+00 1.16e+01  4.73e+04 *3.68e+00  9.64e+02 1.20e+02 1.16e+03  7.05e-01 1.60e-01     31s
  14   1.58114143e+04  4.38626074e+03  5.99e+00 7.44e+00  3.06e+04 *2.42e-02  1.16e+03 1.62e+02 1.22e+03  7.44e-01 3.61e-01     53s
  15   4.81156011e+03  1.21665475e+03  1.66e+00 2.06e+00  9.41e+03 *1.29e-02  1.48e+03 3.05e+02 1.29e+03  8.09e-01 7.23e-01     79s
  16   3.72425841e+03  6.22279050e+02  1.02e+00 1.15e+00  5.96e+03 *3.32e-01  1.72e+03 9.24e+02 9.99e+02  1.00e+00 4.42e-01    102s
  17   2.66560727e+03  2.79493479e+02  5.32e-01 5.93e-01  3.61e+03 *2.18e-02  1.78e+03 1.09e+03 6.73e+02  1.00e+00 4.83e-01    125s
  18   1.46310367e+03  8.44232489e+01  4.92e-01 2.02e-01  1.68e+03 *5.37e-01  1.90e+03 1.18e+03 3.61e+02  1.00e+00 6.59e-01    147s
  19   3.71656378e+02  8.77912982e+01  2.15e-04 1.11e-16  2.84e+02 *2.15e-04  2.22e+03 1.26e+03 6.24e+01  1.00e+00 1.00e+00    225s
  20   3.14407212e+02  2.22575318e+02  2.18e-02 4.27e-16  9.22e+01  2.90e-02  3.26e+03 1.67e+03 1.77e+02  1.00e+00 7.51e-01    303s
  21   2.90977647e+02  2.81947285e+02  3.73e-03 2.27e-13  9.12e+00  3.73e-03  3.40e+03 5.16e+03 1.76e+02  1.00e+00 1.00e+00    375s
  22   2.87057958e+02  2.86370148e+02  9.19e-03 2.27e-13  9.14e-01  9.19e-03  3.51e+03 6.86e+04 1.71e+02  1.00e+00 1.00e+00    447s
  23   2.86864254e+02  2.86788077e+02  6.04e-04 7.12e-15  9.11e-02  6.04e-04  3.47e+03 7.18e+05 1.70e+02  1.00e+00 1.00e+00    533s
  24   2.86837738e+02  2.86828956e+02  1.32e-05 4.97e-16  9.11e-03  1.32e-05  3.44e+03 7.29e+06 1.70e+02  1.00e+00 1.00e+00    610s

The algorithm stopped after 25 iterations in 610.36 seconds.

Primal variables:   [+0.0000 +0.0001 +412.9262 +1211.5662]
Dual slacks:        [+1279.3565 +40.5949 +0.0000 +0.0000]
Dual variables:     [-7.2256 -23.6825]

Primal objective:   2.86837738e+02 
Dual objective:     2.86828956e+02 

Primal residual:    1.32e-05
Dual residual:      4.97e-16
Complementraty:     9.11e-03

Number of Iter:     25
Run time:           610.36

-------------------------------------------------------------------------------------------------------
                  Objective                Residual                        Step-length       
Iter      Primal           Dual         Primal    Dual     Compl    r error   r-bar    nabla     Time
   1  -7.37458791e+00 -7.37458802e+00  5.14e-08 0.00e+00  1.39e-07  1.39e-07 3.91e-04 4.10e+03  1177s

The solution quality is limited by the precision of the linear system solver.

The Iterative Refinement algorithm stopped after 2 iterations in 1177.36 seconds.

Primal objective:   -7.37458791e+00
Dual objective:     -7.37458802e+00

Primal residual:    5.14e-08
Dual residual:      0.00e+00
Complementraty:     1.39e-07

Primal variables:   [+0.000000 +0.000000 +1.612993 +4.732680]
Dual slacks:        [+4.997486 +0.158574 +0.000000 +0.000000]
Dual variables:     [-9.580775 +2.865092]

Number of Iter:     1
Run time:           1177.36
