
--------------- Linear optimization problem characteristics ---------------
Seed:                    6
Number of variables:     4
Number of constraints:   2

Norm of primal sol:      5.00e+00
Norm of dual sol:        1.00e+01
Norm of dual slacks:     5.00e+00

Norm of vector b:        2.35e+00
Norm of vector c:        7.88e+00

Norm of matrix A:        1.00e+00
Condition number:        1.00e+00

----------------------- Linear optimization problem -----------------------
Coeff matrix A:          [[+0.043 -0.120 +0.704 +0.699]
                          [-0.217 -0.540 -0.611 +0.537]]

RHS vector b:            [-0.159 -2.343]
Obj vector c:            [+2.754 -0.107 -4.897 -5.527]

---------------------------- Optimal solution -----------------------------
Primal variables:         [+0.000 +4.961 +0.000 +0.623]
Dual slacks:              [+3.680 +0.000 +3.385 +0.000]
Dual variables:           [-9.719 +2.355]

Optimal objective:       -3.97556859e+00
===========================================================================

Method:                  IR-II-QIPM
IR_Precision:            1.00e-04
LO_Precision:            5.00e-02
Stop_Precision:          1.00e-03
LO_Verbosity:            2
Omega:                   1.00e+03

The Iterative Refinement algorithm starts running ...


The Quantum Inexact Infeasible Interior-Point Method starts running ...


                  Objective                Residual                                Linear system           Step-length
Iter      Primal           Dual         Primal    Dual     Compl    ||Resl||  Cond-Num  ||M||   ||RHS||    a-star   a-hat      Time
   0  -2.67455142e+03 -1.05438393e+03  6.98e+02 8.94e+02  1.88e+06 *0.00e+00  1.00e+00 1.00e+00 1.73e+03  6.74e-01 5.54e-01      0s
   1  -1.35270141e+03 -1.05438393e+03  5.00e+02 4.02e-14  4.73e+05  5.00e+02  3.92e+00 1.14e+00 5.00e+02  1.00e+00 1.00e+00      0s
   2  -6.26482399e+00 -1.16105561e+03  1.23e+01 1.61e-13  1.39e+04 *1.23e-01  4.76e+00 2.47e+00 5.06e+01  9.88e-01 9.75e-01      0s
   3   4.36916174e+00 -1.09811139e+03  2.34e+00 1.17e-13  3.58e+03 *9.00e-04  2.68e+00 3.26e-02 1.66e+00  9.83e-01 8.10e-01      0s
   4   4.68885163e+00 -9.82887260e+02  1.75e+00 5.68e-14  2.79e+03 *7.98e-03  4.45e+00 1.07e-02 2.05e+00  9.05e-01 2.51e-01      1s
   5   4.69690444e+00 -8.49822752e+02  1.25e+00 1.15e-13  2.09e+03 *4.78e-04  5.85e+00 1.06e-02 2.06e+00  9.52e-01 2.85e-01      1s
   6   4.29174351e+00 -6.74567867e+02  7.47e-01 1.28e-13  1.37e+03 *7.59e-03  8.47e+00 1.16e-02 2.07e+00  1.00e+00 4.01e-01      1s
   7   1.31072902e-01 -6.74567867e+02  2.08e+00 0.00e+00  1.37e+02  2.08e+00  1.57e+01 1.53e-02 2.08e+00  1.00e+00 1.00e+00      1s
   8   2.65900653e-01 -3.07619717e+02  1.89e+00 1.32e-13  9.79e+01 *3.64e-03  1.71e+01 1.84e-03 2.32e+00  1.15e-01 9.06e-02      1s
   9   2.70059247e-01 -2.97818130e+02  1.87e+00 6.52e-14  9.70e+01 *3.27e-03  7.52e+01 1.38e-02 2.26e+00  1.93e-01 9.79e-03      2s
  10   2.72967430e-01 -2.90998230e+02  1.86e+00 1.76e-13  9.63e+01 *6.11e-05  7.90e+01 1.51e-02 2.26e+00  2.01e-01 7.20e-03      3s
  11   2.75856725e-01 -2.84149971e+02  1.84e+00 1.66e-13  9.56e+01 *5.78e-03  8.16e+01 1.62e-02 2.26e+00  2.07e-01 7.64e-03      4s
  12   2.78790575e-01 -2.77146036e+02  1.83e+00 7.00e-14  9.49e+01 *7.92e-03  8.45e+01 1.73e-02 2.25e+00  2.14e-01 8.21e-03      5s
  13   2.81795573e-01 -2.69924296e+02  1.81e+00 9.21e-14  9.41e+01 *8.73e-03  8.75e+01 1.85e-02 2.25e+00  2.21e-01 8.88e-03      6s
  14   2.84961696e-01 -2.62318612e+02  1.79e+00 7.80e-14  9.32e+01 *5.82e-03  9.07e+01 1.99e-02 2.25e+00  2.28e-01 9.77e-03      7s
  15   2.88315727e-01 -2.54266453e+02  1.77e+00 1.03e-13  9.22e+01 *2.59e-03  9.41e+01 2.15e-02 2.24e+00  2.37e-01 1.08e-02      8s
  16   2.91750958e-01 -2.45915191e+02  1.75e+00 1.01e-13  9.12e+01 *3.35e-03  9.78e+01 2.34e-02 2.24e+00  2.46e-01 1.19e-02      9s
  17   2.95199865e-01 -2.37317592e+02  1.73e+00 8.41e-14  9.00e+01 *6.29e-03  1.02e+02 2.55e-02 2.24e+00  2.55e-01 1.31e-02     10s
  18   2.98905063e-01 -2.28049481e+02  1.70e+00 7.92e-14  8.88e+01 *1.52e-03  1.06e+02 2.80e-02 2.23e+00  2.66e-01 1.49e-02     11s
  19   3.02009210e-01 -2.19318456e+02  1.68e+00 8.16e-14  8.74e+01 *1.99e-02  1.11e+02 3.09e-02 2.23e+00  2.78e-01 1.56e-02     12s
  20   3.05544242e-01 -2.09479846e+02  1.65e+00 8.88e-14  8.59e+01 *9.00e-03  1.16e+02 3.41e-02 2.22e+00  2.91e-01 1.84e-02     13s
  21   3.06055017e-01 -2.03326689e+02  1.62e+00 5.75e-14  8.46e+01 *9.95e-02  1.21e+02 3.82e-02 2.22e+00  3.01e-01 1.56e-02     14s
  22   3.09975905e-01 -1.91520155e+02  1.58e+00 5.93e-14  8.26e+01 *2.93e-03  1.28e+02 4.18e-02 2.21e+00  3.18e-01 2.48e-02     15s
  23   3.13888047e-01 -1.78542387e+02  1.53e+00 7.53e-14  8.01e+01 *3.61e-05  1.35e+02 4.79e-02 2.20e+00  3.38e-01 2.99e-02     17s
  24   3.17081121e-01 -1.64878649e+02  1.48e+00 9.53e-14  7.73e+01 *3.07e-03  1.42e+02 5.59e-02 2.19e+00  3.61e-01 3.55e-02     19s
  25   3.19264425e-01 -1.49886113e+02  1.41e+00 1.15e-13  7.39e+01 *2.53e-03  1.51e+02 6.63e-02 2.18e+00  3.88e-01 4.42e-02     21s
  26   3.19410282e-01 -1.32979559e+02  1.33e+00 1.51e-13  6.95e+01 *5.17e-04  1.60e+02 8.07e-02 2.17e+00  4.20e-01 5.77e-02     22s
  27   3.14738100e-01 -1.13970568e+02  1.23e+00 7.76e-14  6.39e+01 *2.61e-04  1.71e+02 1.02e-01 2.15e+00  4.61e-01 7.80e-02     24s
  28   2.99239415e-01 -9.39455826e+01  1.10e+00 6.51e-14  5.70e+01 *5.79e-03  1.84e+02 1.36e-01 2.13e+00  5.13e-01 1.05e-01     26s
  29   2.56272235e-01 -6.87269813e+01  9.09e-01 6.43e-14  4.64e+01 *9.55e-04  1.99e+02 1.91e-01 2.11e+00  5.80e-01 1.72e-01     28s
  30   1.21886273e-01 -3.91292281e+01  6.26e-01 3.51e-14  3.04e+01 *7.69e-04  2.17e+02 3.15e-01 2.07e+00  6.79e-01 3.12e-01     29s
  31  -1.00239896e-01 -2.71510604e+01  4.40e-01 1.40e-14  2.19e+01 *4.56e-02  2.38e+02 7.02e-01 2.02e+00  8.26e-01 2.96e-01     31s
  32  -8.41625896e-01 -6.51616017e+00  1.30e-01 1.62e-14  5.29e+00 *1.83e-03  2.72e+02 1.23e+00 1.98e+00  7.66e-01 7.04e-01     35s
  33  -1.20666846e+00 -5.99280289e+00  1.07e-01 1.14e-14  4.44e+00 *2.31e-02  1.22e+02 6.01e+00 2.01e+00  7.91e-01 1.78e-01     36s
  34  -1.51863501e+00 -5.61466128e+00  9.00e-02 9.68e-15  3.79e+00 *1.45e-02  1.17e+02 7.50e+00 2.00e+00  7.74e-01 1.61e-01     37s
  35  -1.80834760e+00 -5.31335827e+00  7.58e-02 8.96e-15  3.25e+00 *7.08e-03  1.11e+02 9.11e+00 2.00e+00  7.69e-01 1.59e-01     38s
  36  -2.10931686e+00 -5.03287328e+00  6.18e-02 8.57e-15  2.70e+00 *1.33e-02  1.04e+02 1.10e+01 2.00e+00  8.09e-01 1.88e-01     39s
  37  -2.40411506e+00 -4.79599768e+00  4.94e-02 5.54e-15  2.20e+00 *1.01e-02  9.64e+01 1.37e+01 2.00e+00  8.27e-01 2.06e-01     40s
  38  -2.70330016e+00 -4.58753430e+00  3.79e-02 4.28e-15  1.72e+00 *8.58e-03  8.85e+01 1.75e+01 2.00e+00  8.59e-01 2.41e-01     40s
  39  -3.00461841e+00 -4.41316069e+00  2.75e-02 3.71e-15  1.29e+00 *1.54e-03  8.01e+01 2.31e+01 2.00e+00  8.86e-01 2.77e-01     41s
  40  -3.33555933e+00 -4.23887991e+00  1.69e-02 9.45e-16  8.12e-01 *5.39e-03  7.14e+01 3.18e+01 2.01e+00  9.62e-01 4.10e-01     42s
  41  -2.00740175e+00 -4.08456373e+00  1.93e-01 9.94e-16  1.10e-01 *1.93e-01  6.25e+01 5.21e+01 2.01e+00  1.00e+00 1.00e+00     43s
  42  -2.67421693e+00 -4.01313741e+00  1.28e-01 1.01e-15  6.38e-02 *2.80e-03  4.02e+02 2.63e+02 2.08e+00  4.56e-01 3.45e-01     47s
  43  -2.67701393e+00 -4.01302524e+00  1.27e-01 1.48e-15  6.36e-02 *1.93e-02  1.08e+02 4.12e+02 2.13e+00  7.24e-01 2.53e-03     48s
  44  -2.67701556e+00 -4.01302518e+00  1.27e-01 6.63e-16  6.36e-02 *2.29e-02  1.07e+02 4.13e+02 2.13e+00  7.33e-01 1.53e-06     49s

The solution quality is limited by the precision of the linear system solver.

The algorithm stopped after 45 iterations in 48.79 seconds.

Primal variables:   [+0.004 +4.693 +0.005 +0.391]
Dual slacks:        [+3.687 +0.004 +3.440 +0.032]
Dual variables:     [-9.780 +2.375]

Primal objective:   -2.67701556e+00
Dual objective:     -4.01302518e+00

Primal residual:    1.27e-01
Dual residual:      6.63e-16
Complementraty:     6.36e-02

Number of Iter:     45
Run time:           48.79

-------------------------------------------------------------------------------------------------------
                  Objective                Residual                        Step-length       
Iter      Primal           Dual         Primal    Dual     Compl    r error   r-bar    nabla     Time
   0  -2.67701556e+00 -4.01302518e+00  1.27e-01 0.00e+00  6.36e-02  1.27e-01 1.27e-01 8.00e+00    49s

The Quantum Inexact Infeasible Interior-Point Method starts running ...


                  Objective                Residual                                Linear system           Step-length
Iter      Primal           Dual         Primal    Dual     Compl    ||Resl||  Cond-Num  ||M||   ||RHS||    a-star   a-hat      Time
   0   3.16492328e+04 -8.10559838e+03  6.88e+02 8.72e+02  1.88e+06 *2.27e-13  1.00e+00 1.00e+00 1.68e+03  6.79e-01 5.58e-01      0s
   1   2.40596569e+04 -8.10559838e+03  4.83e+02 0.00e+00  4.80e+05  4.83e+02  3.92e+00 1.14e+00 4.83e+02  1.00e+00 1.00e+00      0s
   2   1.50912708e+03 -8.75491924e+03  1.55e+01 2.34e-13  2.58e+04 *4.61e-03  5.01e+00 2.46e+00 3.99e+01  9.88e-01 9.68e-01      0s
   3   1.11796367e+03 -7.21254484e+03  9.44e+00 1.27e-13  1.72e+04 *6.25e-04  5.00e+00 8.77e-02 1.69e+01  9.53e-01 3.90e-01      0s
   4   9.18013217e+01 -7.21254484e+03  1.70e+01 0.00e+00  1.72e+03  1.70e+01  7.75e+00 8.89e-02 1.70e+01  1.00e+00 1.00e+00      0s
   5   1.16985665e+02 -2.98777108e+03  1.55e+01 5.73e-14  1.27e+03 *5.20e-01  6.32e+00 9.39e-03 1.86e+01  1.13e-01 8.81e-02      0s
   6   1.05502013e+01 -2.98777108e+03  1.82e+01 0.00e+00  1.27e+02  1.82e+01  3.13e+01 5.77e-02 1.82e+01  1.00e+00 1.00e+00      1s
   7   1.60429176e+01 -7.11220780e+02  1.77e+01 8.50e-14  6.35e+01 *4.75e-02  7.24e+01 1.12e-02 1.87e+01  3.23e-02 2.79e-02      2s
   8   1.64344897e+01 -6.69413137e+02  1.76e+01 7.69e-14  6.32e+01 *6.16e-02  1.91e+02 1.49e-01 1.86e+01  5.75e-02 3.38e-03      3s
   9   1.65581965e+01 -6.56939522e+02  1.76e+01 7.00e-14  6.31e+01 *7.72e-05  1.94e+02 1.68e-01 1.86e+01  5.89e-02 1.10e-03      5s
  10   1.66720400e+01 -6.45578732e+02  1.76e+01 8.53e-14  6.30e+01 *6.19e-02  1.95e+02 1.74e-01 1.86e+01  6.10e-02 1.05e-03      7s
  11   1.67918093e+01 -6.33825553e+02  1.75e+01 7.79e-14  6.29e+01 *3.74e-02  1.95e+02 1.80e-01 1.86e+01  6.12e-02 1.12e-03      9s
  12   1.69190552e+01 -6.21560323e+02  1.75e+01 8.59e-14  6.29e+01 *7.15e-03  1.96e+02 1.86e-01 1.85e+01  6.13e-02 1.19e-03     11s
  13   1.70379397e+01 -6.10217012e+02  1.75e+01 1.07e-13  6.28e+01 *6.98e-02  1.96e+02 1.93e-01 1.85e+01  6.36e-02 1.16e-03     12s
  14   1.71682287e+01 -5.98031152e+02  1.75e+01 9.59e-14  6.27e+01 *1.56e-02  1.97e+02 2.00e-01 1.85e+01  6.32e-02 1.27e-03     14s
  15   1.72963159e+01 -5.86214708e+02  1.75e+01 9.51e-14  6.26e+01 *4.08e-02  1.98e+02 2.07e-01 1.85e+01  6.47e-02 1.28e-03     16s
  16   1.74233617e+01 -5.74656372e+02  1.74e+01 8.32e-14  6.25e+01 *5.95e-02  1.98e+02 2.15e-01 1.85e+01  6.60e-02 1.31e-03     18s
  17   1.75639235e+01 -5.62137562e+02  1.74e+01 8.18e-14  6.24e+01 *6.36e-05  1.99e+02 2.23e-01 1.85e+01  6.55e-02 1.44e-03     19s
  18   1.76926128e+01 -5.50783489e+02  1.74e+01 7.12e-14  6.23e+01 *7.60e-02  2.00e+02 2.33e-01 1.85e+01  6.84e-02 1.39e-03     21s
  19   1.78330775e+01 -5.38642693e+02  1.74e+01 7.20e-14  6.22e+01 *2.56e-02  2.00e+02 2.42e-01 1.85e+01  6.81e-02 1.51e-03     23s
  20   1.79731817e+01 -5.26715610e+02  1.73e+01 6.53e-14  6.21e+01 *4.01e-02  2.01e+02 2.52e-01 1.85e+01  6.96e-02 1.55e-03     25s
  21   1.81118846e+01 -5.15076631e+02  1.73e+01 6.58e-14  6.20e+01 *6.00e-02  2.01e+02 2.62e-01 1.85e+01  7.12e-02 1.58e-03     26s
  22   1.82650006e+01 -5.02510924e+02  1.73e+01 6.33e-14  6.19e+01 *2.47e-03  2.02e+02 2.73e-01 1.85e+01  7.08e-02 1.75e-03     28s
  23   1.84052282e+01 -4.91113202e+02  1.72e+01 5.09e-14  6.18e+01 *7.66e-02  2.02e+02 2.86e-01 1.85e+01  7.40e-02 1.69e-03     30s
  24   1.85639628e+01 -4.78521166e+02  1.72e+01 6.25e-14  6.17e+01 *1.60e-03  2.03e+02 2.98e-01 1.85e+01  7.31e-02 1.90e-03     32s
  25   1.87075010e+01 -4.67231006e+02  1.72e+01 4.99e-14  6.15e+01 *8.51e-02  2.03e+02 3.12e-01 1.85e+01  7.68e-02 1.82e-03     33s
  26   1.88695735e+01 -4.54794341e+02  1.71e+01 6.35e-14  6.14e+01 *1.03e-02  2.04e+02 3.26e-01 1.85e+01  7.59e-02 2.05e-03     35s
  27   1.90174172e+01 -4.43548101e+02  1.71e+01 6.35e-14  6.13e+01 *8.78e-02  2.05e+02 3.42e-01 1.85e+01  7.96e-02 1.98e-03     37s
  28   1.91830413e+01 -4.31255319e+02  1.71e+01 4.92e-14  6.11e+01 *1.84e-02  2.05e+02 3.58e-01 1.85e+01  7.90e-02 2.22e-03     39s
  29   1.93354358e+01 -4.20046072e+02  1.70e+01 6.83e-14  6.10e+01 *8.93e-02  2.06e+02 3.77e-01 1.85e+01  8.26e-02 2.17e-03     40s
  30   1.95065490e+01 -4.07773997e+02  1.70e+01 6.98e-14  6.08e+01 *1.83e-02  2.06e+02 3.95e-01 1.84e+01  8.20e-02 2.43e-03     42s
  31   1.96628576e+01 -3.96652650e+02  1.70e+01 6.31e-14  6.07e+01 *9.42e-02  2.06e+02 4.16e-01 1.84e+01  8.60e-02 2.37e-03     44s
  32   1.98426517e+01 -3.84213552e+02  1.69e+01 6.85e-14  6.05e+01 *5.62e-03  2.07e+02 4.38e-01 1.84e+01  8.48e-02 2.70e-03     46s
  33   2.00083989e+01 -3.72850097e+02  1.69e+01 6.31e-14  6.03e+01 *7.22e-02  2.07e+02 4.62e-01 1.84e+01  8.88e-02 2.66e-03     48s
  34   2.01854985e+01 -3.60968593e+02  1.68e+01 7.12e-14  6.01e+01 *3.58e-02  2.08e+02 4.88e-01 1.84e+01  8.95e-02 2.89e-03     49s
  35   2.03715036e+01 -3.48747966e+02  1.68e+01 6.91e-14  5.99e+01 *1.04e-02  2.08e+02 5.16e-01 1.84e+01  9.06e-02 3.12e-03     51s
  36   2.05473719e+01 -3.37312570e+02  1.67e+01 6.28e-14  5.97e+01 *5.88e-02  2.08e+02 5.47e-01 1.84e+01  9.44e-02 3.14e-03     53s
  37   2.07181530e+01 -3.26333040e+02  1.67e+01 6.85e-14  5.95e+01 *8.90e-02  2.09e+02 5.80e-01 1.84e+01  9.76e-02 3.22e-03     55s
  38   2.09136674e+01 -3.14128961e+02  1.66e+01 6.85e-14  5.93e+01 *1.58e-03  2.09e+02 6.15e-01 1.84e+01  9.66e-02 3.69e-03     56s
  39   2.11106136e+01 -3.02041701e+02  1.65e+01 8.18e-14  5.91e+01 *2.06e-03  2.09e+02 6.56e-01 1.84e+01  9.91e-02 3.90e-03     58s
  40   2.13095014e+01 -2.90037792e+02  1.65e+01 6.43e-14  5.88e+01 *3.30e-05  2.09e+02 7.00e-01 1.83e+01  1.02e-01 4.13e-03     60s
  41   2.15071575e+01 -2.78277960e+02  1.64e+01 6.28e-14  5.85e+01 *7.48e-03  2.09e+02 7.50e-01 1.83e+01  1.05e-01 4.34e-03     62s
  42   2.16986837e+01 -2.66990857e+02  1.63e+01 6.46e-14  5.82e+01 *3.34e-02  2.09e+02 8.03e-01 1.83e+01  1.09e-01 4.50e-03     63s
  43   2.18892591e+01 -2.55888571e+02  1.62e+01 6.18e-14  5.79e+01 *3.97e-02  2.09e+02 8.61e-01 1.83e+01  1.12e-01 4.75e-03     65s
  44   2.20765066e+01 -2.45071630e+02  1.62e+01 6.17e-14  5.76e+01 *5.33e-02  2.09e+02 9.24e-01 1.83e+01  1.16e-01 4.99e-03     67s
  45   2.22615876e+01 -2.34459524e+02  1.61e+01 6.84e-14  5.73e+01 *6.21e-02  2.09e+02 9.93e-01 1.83e+01  1.19e-01 5.27e-03     69s
  46   2.24432629e+01 -2.24087797e+02  1.60e+01 6.97e-14  5.70e+01 *7.46e-02  2.09e+02 1.07e+00 1.82e+01  1.23e-01 5.57e-03     70s
  47   2.26215548e+01 -2.13932481e+02  1.59e+01 7.43e-14  5.66e+01 *8.45e-02  2.09e+02 1.15e+00 1.82e+01  1.27e-01 5.89e-03     72s
  48   2.27961134e+01 -2.03980105e+02  1.58e+01 6.72e-14  5.63e+01 *9.47e-02  2.09e+02 1.24e+00 1.82e+01  1.32e-01 6.25e-03     74s
  49   2.29673608e+01 -1.94183512e+02  1.57e+01 7.18e-14  5.59e+01 *1.01e-01  2.09e+02 1.35e+00 1.82e+01  1.36e-01 6.67e-03     76s
  50   2.31388842e+01 -1.84354328e+02  1.56e+01 7.05e-14  5.54e+01 *8.88e-02  2.08e+02 1.46e+00 1.82e+01  1.40e-01 7.23e-03     77s
  51   2.33273095e+01 -1.73753122e+02  1.54e+01 6.60e-14  5.50e+01 *8.25e-03  2.08e+02 1.59e+00 1.81e+01  1.40e-01 8.29e-03     79s
  52   2.35097784e+01 -1.63327804e+02  1.53e+01 6.25e-14  5.44e+01 *4.69e-03  2.07e+02 1.74e+00 1.81e+01  1.45e-01 8.97e-03     81s
  53   2.36814841e+01 -1.53227267e+02  1.52e+01 6.60e-14  5.39e+01 *1.03e-02  2.06e+02 1.92e+00 1.81e+01  1.51e-01 9.63e-03     83s
  54   2.38272365e+01 -1.43997697e+02  1.50e+01 6.43e-14  5.33e+01 *7.46e-02  2.05e+02 2.12e+00 1.81e+01  1.61e-01 9.95e-03     85s
  55   2.39710582e+01 -1.34575363e+02  1.48e+01 6.75e-14  5.27e+01 *3.47e-02  2.04e+02 2.33e+00 1.80e+01  1.65e-01 1.11e-02     86s
  56   2.40910466e+01 -1.25758420e+02  1.47e+01 6.20e-14  5.21e+01 *7.76e-02  2.02e+02 2.59e+00 1.80e+01  1.75e-01 1.17e-02     88s
  57   2.42015370e+01 -1.16853985e+02  1.45e+01 6.42e-14  5.14e+01 *4.62e-02  2.01e+02 2.87e+00 1.80e+01  1.80e-01 1.31e-02     90s
  58   2.42873987e+01 -1.08355212e+02  1.43e+01 5.87e-14  5.06e+01 *6.61e-02  2.00e+02 3.21e+00 1.79e+01  1.90e-01 1.41e-02     91s
  59   2.43614587e+01 -9.95447561e+01  1.40e+01 6.06e-14  4.98e+01 *9.46e-04  1.98e+02 3.60e+00 1.79e+01  1.94e-01 1.62e-02     93s
  60   2.43946967e+01 -9.14522262e+01  1.38e+01 6.04e-14  4.89e+01 *5.19e-02  1.95e+02 4.07e+00 1.78e+01  2.08e-01 1.73e-02     95s
  61   2.44000494e+01 -8.32582355e+01  1.35e+01 6.02e-14  4.79e+01 *2.17e-03  1.93e+02 4.62e+00 1.78e+01  2.15e-01 1.98e-02     97s
  62   2.43594861e+01 -7.54233653e+01  1.32e+01 6.01e-14  4.69e+01 *6.99e-03  1.90e+02 5.28e+00 1.77e+01  2.28e-01 2.20e-02     99s
  63   2.42611092e+01 -6.82261513e+01  1.29e+01 5.86e-14  4.57e+01 *5.53e-02  1.86e+02 6.08e+00 1.77e+01  2.46e-01 2.39e-02    100s
  64   2.41035615e+01 -6.12580388e+01  1.26e+01 5.84e-14  4.45e+01 *4.91e-02  1.83e+02 7.02e+00 1.76e+01  2.60e-01 2.70e-02    102s
  65   2.38753728e+01 -5.43121709e+01  1.22e+01 5.67e-14  4.31e+01 *3.07e-03  1.80e+02 8.17e+00 1.75e+01  2.72e-01 3.14e-02    104s
  66   2.35564441e+01 -4.78756523e+01  1.17e+01 5.27e-14  4.16e+01 *3.57e-02  1.75e+02 9.63e+00 1.74e+01  2.96e-01 3.54e-02    105s
  67   2.31303410e+01 -4.15823774e+01  1.12e+01 5.17e-14  3.99e+01 *1.59e-03  1.71e+02 1.14e+01 1.73e+01  3.14e-01 4.15e-02    107s
  68   2.25750353e+01 -3.57760479e+01  1.07e+01 4.90e-14  3.80e+01 *3.69e-02  1.66e+02 1.38e+01 1.72e+01  3.44e-01 4.79e-02    109s
  69   2.18621118e+01 -3.02406613e+01  1.01e+01 4.99e-14  3.58e+01 *3.15e-02  1.60e+02 1.68e+01 1.71e+01  3.73e-01 5.70e-02    111s
  70   2.09524431e+01 -2.49690226e+01  9.40e+00 4.45e-14  3.34e+01 *2.26e-02  1.55e+02 2.08e+01 1.70e+01  4.06e-01 6.92e-02    113s
  71   1.97966507e+01 -1.99995168e+01  8.59e+00 4.05e-14  3.06e+01 *2.35e-02  1.48e+02 2.64e+01 1.68e+01  4.48e-01 8.57e-02    114s
  72   1.83308392e+01 -1.53450776e+01  7.65e+00 3.68e-14  2.74e+01 *2.82e-02  1.41e+02 3.44e+01 1.67e+01  4.99e-01 1.09e-01    116s
  73   1.64509431e+01 -1.09336759e+01  6.54e+00 3.09e-14  2.36e+01 *1.33e-02  1.34e+02 4.64e+01 1.65e+01  5.56e-01 1.45e-01    118s
  74   1.41969951e+01 -8.51751405e+00  5.41e+00 2.45e-14  1.98e+01 *1.14e+00  1.26e+02 6.62e+01 1.62e+01  7.76e-01 1.75e-01    119s
  75   1.06601668e+01 -2.86352232e+00  3.51e+00 1.59e-14  1.29e+01 *7.71e-04  1.48e+02 9.27e+01 1.60e+01  6.28e-01 3.50e-01    120s
  76   6.37121135e+00  4.81053620e-01  1.52e+00 6.59e-15  5.94e+00 *1.68e-01  1.09e+02 1.92e+02 1.56e+01  8.62e-01 5.70e-01    121s
  77   3.42653533e+00  1.98148166e+00  2.94e-01 3.78e-15  1.49e+00 *1.99e-03  9.00e+01 5.42e+02 1.52e+01  9.78e-01 8.07e-01    122s
  78   2.46819332e+00  2.33063736e+00  9.19e-03 9.03e-17  1.42e-01 *9.19e-03  5.59e+01 2.18e+03 1.57e+01  1.00e+00 1.00e+00    123s
  79   2.34060352e+00  2.33889234e+00  2.36e-01 3.12e-17  1.18e-01 *1.21e+00  6.16e+01 1.46e+04 1.68e+01  1.00e+00 1.89e-01    123s
  80   2.38623900e+00  2.39241261e+00  3.63e-02 3.55e-15  1.20e-02 *3.16e-02  7.13e+01 1.71e+04 1.68e+01  1.00e+00 9.77e-01    124s

The algorithm stopped after 81 iterations in 124.15 seconds.

Primal variables:   [+0.000 +39.620 +0.000 +4.921]
Dual slacks:        [+29.441 +0.000 +27.079 +0.000]
Dual variables:     [+0.490 -0.161]

Primal objective:   2.38623900e+00 
Dual objective:     2.39241261e+00 

Primal residual:    3.63e-02
Dual residual:      3.55e-15
Complementraty:     1.20e-02

Number of Iter:     81
Run time:           124.15

-------------------------------------------------------------------------------------------------------
                  Objective                Residual                        Step-length       
Iter      Primal           Dual         Primal    Dual     Compl    r error   r-bar    nabla     Time
   1  -3.93073521e+00 -3.97564373e+00  4.53e-03 0.00e+00  1.87e-04  4.53e-03 1.25e-02 1.28e+02   173s

The Quantum Inexact Infeasible Interior-Point Method starts running ...


                  Objective                Residual                                Linear system           Step-length
Iter      Primal           Dual         Primal    Dual     Compl    ||Resl||  Cond-Num  ||M||   ||RHS||    a-star   a-hat      Time
   0   3.92513649e+05 -3.31330266e+04  5.04e+02 5.61e+02  1.56e+06 *1.71e-13  1.00e+00 1.00e+00 1.18e+03  7.71e-01 6.52e-01      0s
   1   3.30018581e+05 -5.45825390e+04  4.17e+02 4.64e+02  1.31e+06 *1.37e+00  4.91e+00 1.43e+00 2.95e+02  7.86e-01 1.73e-01      0s
   2   2.60478280e+05 -7.69344619e+04  3.20e+02 3.55e+02  1.04e+06 *6.82e+00  5.66e+00 1.39e+00 2.10e+02  8.81e-01 2.35e-01      0s
   3   1.72148754e+05 -9.92385978e+04  1.95e+02 2.16e+02  6.84e+05 *3.20e+00  6.77e+00 1.35e+00 1.16e+02  1.00e+00 3.91e-01      0s
   4   3.05717006e+04 -1.01979503e+05  7.09e-01 2.78e-13  1.33e+05 *7.09e-01  9.52e+00 1.34e+00 2.27e+01  1.00e+00 1.00e+00      1s
   5   1.46192799e+04 -1.03603699e+04  4.97e-02 2.35e-13  2.50e+04 *5.88e-02  6.91e+01 2.27e+00 2.78e+02  9.87e-01 9.09e-01      1s
   6   6.96790576e+03 -4.32056349e+03  1.24e+00 1.72e-13  1.12e+04 *2.01e+00  4.86e+01 1.89e+01 2.72e+02  1.00e+00 6.15e-01      2s
   7   2.10998733e+03 -1.17130032e+03  7.19e-01 5.69e-14  3.27e+03 *5.78e-01  4.52e+01 4.61e+01 2.72e+02  1.00e+00 7.86e-01      3s
   8   1.84523405e+02 -1.49239643e+02  1.16e+00 2.78e-16  3.32e+02 *1.16e+00  4.03e+01 1.71e+02 2.71e+02  1.00e+00 1.00e+00      3s
   9   1.76504272e+01 -6.38052794e+01  2.65e+01 5.68e-14  5.09e+01 *2.65e+01  6.26e+01 1.64e+03 2.68e+02  1.00e+00 1.00e+00      4s
  10   1.20969479e+01 -1.17267093e+01  1.64e+01 7.96e-17  2.20e+01 *1.27e+00  4.77e+02 7.93e+03 2.71e+02  4.39e-01 4.01e-01      7s
  11   1.03949027e+01 -9.21255879e+00  1.35e+01 5.93e-17  1.85e+01 *3.96e-03  4.80e+01 1.40e+04 2.84e+02  7.32e-01 1.74e-01      8s
  12   8.51988233e+00 -6.70628014e+00  1.05e+01 4.45e-17  1.46e+01 *2.12e-02  4.10e+01 1.71e+04 2.85e+02  8.17e-01 2.28e-01      8s
  13   5.68676233e+00 -3.31520165e+00  6.53e+00 2.26e-17  8.82e+00 *1.36e+00  3.55e+01 2.24e+04 2.85e+02  9.43e-01 4.31e-01      9s
  14   4.02552048e+00 -1.93502801e+00  1.15e+01 5.68e-14  5.75e+00 *1.92e+01  3.04e+01 3.91e+04 2.85e+02  1.00e+00 3.93e-01      9s
  15   3.85489426e+00 -1.71738766e+00  1.08e+01 5.68e-14  5.40e+00 *1.18e+00  4.17e+01 5.82e+04 2.83e+02  8.92e-01 6.77e-02     10s
  16   3.85488474e+00 -1.71737583e+00  1.08e+01 8.04e-14  5.40e+00 *1.58e+00  4.05e+01 6.25e+04 2.83e+02  9.22e-01 4.01e-06     11s

The solution quality is limited by the precision of the linear system solver.

The algorithm stopped after 17 iterations in 10.60 seconds.

Primal variables:   [+0.003 +613.788 +0.003 +60.776]
Dual slacks:        [+471.053 +0.003 +433.284 +0.012]
Dual variables:     [-0.016 +0.007]

Primal objective:   3.85488474e+00 
Dual objective:     -1.71737583e+00

Primal residual:    1.08e+01
Dual residual:      8.04e-14
Complementraty:     5.40e+00

Number of Iter:     17
Run time:           10.60
The iterative refinement algorithm stopped because of inexact solution returned by IPM.

The Iterative Refinement algorithm stopped after 3 iterations in 172.94 seconds.

Primal objective:   -3.93073521e+00
Dual objective:     -3.97564373e+00

Primal residual:    4.53e-03
Dual residual:      0.00e+00
Complementraty:     1.87e-04

Primal variables:   [+0.000015 +4.952478 +0.000017 +0.615151]
Dual slacks:        [+3.680082 +0.000010 +3.384913 +0.000038]
Dual variables:     [-9.718933 +2.354600]

Number of Iter:     2
Run time:           172.94
