
--------------- Linear optimization problem characteristics ---------------
Seed:                    83
Number of variables:     500
Number of constraints:   2

Norm of primal sol:      2.00e+00
Norm of dual sol:        2.00e+00
Norm of dual slacks:     2.00e+00

Norm of vector b:        9.73e-02
Norm of vector c:        2.41e+00

Norm of matrix A:        1.00e+00
Condition number:        2.00e+00

----------------------- Linear optimization problem -----------------------
Coeff matrix A:          [[-0.021 +0.019 -0.013 +0.026 +0.006 -0.045 +0.028 -0.031 +0.025 -0.012
 -0.011 +0.004 -0.028 -0.046 -0.024 +0.022 -0.016 -0.022 +0.022 -0.006
 +0.006 -0.009 -0.038 -0.019 +0.021 +0.035 -0.034 -0.032 -0.032 -0.038
 -0.011 +0.029 +0.011 -0.006 +0.024 -0.029 -0.017 -0.004 +0.021 +0.006
 +0.033 -0.035 -0.003 -0.026 -0.006 +0.047 -0.022 -0.012 -0.032 -0.048
 +0.007 -0.037 +0.001 -0.028 -0.034 -0.027 -0.000 +0.029 -0.028 +0.022
 +0.041 +0.031 +0.001 +0.032 +0.013 -0.013 +0.021 +0.035 -0.059 -0.001
 +0.007 +0.056 +0.024 +0.028 -0.039 +0.009 +0.017 -0.045 +0.001 +0.023
 -0.037 -0.005 -0.048 +0.050 +0.010 +0.034 -0.027 +0.021 +0.012 +0.038
 -0.034 -0.005 -0.030 -0.017 +0.021 -0.014 -0.011 -0.027 -0.012 +0.033
 +0.039 -0.015 +0.030 +0.029 +0.029 +0.026 -0.017 -0.016 -0.028 -0.025
 +0.004 +0.041 +0.047 -0.008 +0.002 -0.005 +0.058 -0.027 +0.019 -0.020
 +0.006 -0.019 -0.031 +0.020 -0.020 -0.030 -0.006 +0.017 -0.000 -0.039
 -0.003 +0.046 +0.002 +0.008 +0.021 -0.020 -0.049 +0.039 -0.032 +0.023
 +0.052 +0.053 -0.000 +0.045 +0.030 +0.033 +0.017 -0.022 +0.025 +0.038
 +0.028 +0.021 -0.023 -0.008 -0.004 -0.054 +0.030 +0.029 +0.023 -0.035
 -0.027 +0.022 +0.012 -0.035 +0.050 -0.037 +0.013 -0.037 -0.033 -0.033
 +0.048 +0.007 -0.011 -0.036 +0.008 -0.052 -0.020 +0.042 -0.039 -0.043
 +0.009 +0.014 +0.028 +0.043 -0.053 -0.028 -0.017 -0.055 +0.024 -0.015
 +0.033 -0.027 -0.048 +0.032 +0.021 -0.026 -0.015 +0.003 -0.054 +0.058
 -0.024 -0.011 +0.029 -0.021 -0.016 +0.013 -0.027 +0.031 -0.013 -0.035
 +0.043 +0.003 -0.010 +0.035 +0.042 +0.013 +0.024 +0.012 +0.031 +0.039
 +0.003 -0.026 +0.017 -0.013 -0.048 -0.054 +0.021 +0.033 +0.039 +0.034
 +0.024 -0.006 +0.022 +0.000 -0.016 -0.030 -0.033 -0.003 +0.037 -0.048
 -0.050 +0.049 +0.018 +0.022 -0.042 +0.004 +0.017 +0.002 +0.040 +0.044
 -0.021 +0.021 +0.023 +0.003 -0.024 -0.017 -0.013 +0.051 -0.011 +0.003
 -0.044 -0.010 -0.034 +0.049 -0.017 +0.030 -0.035 -0.012 +0.021 -0.000
 -0.053 +0.002 -0.005 -0.015 -0.020 +0.015 -0.003 +0.013 -0.038 +0.034
 -0.000 +0.009 -0.014 -0.011 +0.028 +0.016 +0.024 +0.031 +0.017 +0.000
 +0.006 +0.027 +0.057 +0.028 +0.026 +0.035 +0.039 +0.041 +0.017 -0.013
 -0.043 -0.022 +0.011 +0.012 -0.027 -0.043 +0.013 -0.002 -0.012 +0.017
 -0.007 -0.029 -0.037 +0.042 -0.043 +0.002 -0.026 +0.036 +0.025 -0.041
 +0.024 -0.017 -0.016 +0.046 +0.043 -0.020 +0.034 +0.002 -0.049 +0.003
 -0.027 +0.016 -0.014 +0.017 +0.015 -0.037 +0.003 +0.019 -0.042 -0.020
 +0.019 +0.033 -0.009 -0.005 -0.008 -0.030 +0.040 +0.010 -0.006 -0.004
 +0.051 -0.008 +0.012 +0.049 +0.021 -0.016 +0.035 -0.055 -0.030 -0.044
 +0.044 -0.020 +0.016 +0.020 +0.031 -0.042 +0.036 +0.016 -0.010 +0.025
 -0.042 +0.021 +0.028 +0.037 -0.057 -0.013 -0.013 +0.035 +0.041 +0.040
 +0.040 -0.023 -0.009 -0.009 +0.035 +0.016 +0.032 +0.041 -0.011 -0.032
 -0.045 +0.022 -0.025 +0.015 -0.018 +0.037 -0.004 -0.009 +0.040 +0.008
 +0.006 -0.005 +0.049 +0.019 +0.008 +0.031 +0.023 +0.008 -0.027 +0.038
 -0.001 -0.013 -0.025 -0.004 -0.005 -0.031 -0.014 +0.009 +0.046 -0.017
 -0.025 +0.010 -0.029 +0.002 -0.012 -0.034 -0.038 -0.017 -0.017 +0.037
 +0.048 -0.036 -0.033 -0.029 +0.011 -0.005 -0.006 +0.001 -0.020 -0.055
 +0.003 +0.019 -0.023 +0.041 -0.026 -0.039 +0.050 -0.042 +0.006 +0.026
 +0.033 +0.004 -0.038 +0.015 +0.019 -0.027 -0.052 +0.002 +0.029 -0.022
 -0.001 -0.002 -0.052 -0.039 +0.016 -0.046 -0.007 +0.005 -0.005 +0.025
 -0.021 +0.037 -0.036 -0.029 +0.008 +0.017 +0.038 -0.025 -0.013 -0.039
 +0.043 -0.040 +0.009 +0.029 +0.052 +0.016 +0.054 +0.017 -0.025 -0.015
 -0.008 +0.025 -0.010 +0.025 +0.007 -0.007 +0.033 +0.002 -0.001 +0.009]
                          [-0.013 +0.043 -0.007 +0.070 -0.052 -0.045 +0.014 +0.025 -0.005 -0.004
 -0.011 +0.055 -0.024 -0.017 -0.063 -0.057 -0.003 +0.010 +0.019 -0.036
 -0.045 +0.056 -0.034 -0.048 -0.015 +0.022 +0.023 -0.037 -0.057 -0.002
 -0.041 +0.003 +0.032 -0.048 +0.069 +0.040 -0.069 +0.052 -0.031 -0.054
 +0.066 -0.017 +0.057 +0.042 -0.052 +0.049 -0.065 +0.010 +0.031 -0.063
 -0.016 -0.024 -0.003 +0.028 -0.002 -0.050 +0.021 -0.051 -0.038 -0.055
 +0.055 +0.013 +0.027 -0.018 +0.017 -0.012 +0.022 +0.073 -0.078 +0.020
 -0.005 +0.070 -0.007 -0.029 -0.066 -0.005 -0.031 -0.067 -0.010 +0.032
 -0.017 -0.045 -0.078 +0.037 +0.012 +0.039 -0.065 +0.022 -0.034 +0.072
 +0.012 -0.052 -0.042 +0.004 +0.026 -0.010 -0.052 +0.048 +0.059 +0.036
 +0.074 -0.055 +0.033 -0.019 +0.045 -0.042 -0.031 -0.065 -0.012 -0.035
 -0.018 +0.058 +0.035 -0.055 +0.017 -0.042 +0.079 -0.049 -0.053 +0.037
 +0.009 +0.056 -0.013 -0.027 -0.003 +0.012 -0.055 -0.047 +0.062 -0.030
 +0.051 +0.014 +0.029 -0.049 +0.047 +0.041 -0.051 -0.010 +0.023 +0.056
 +0.076 +0.049 +0.013 +0.029 -0.041 -0.003 +0.067 +0.013 +0.004 -0.008
 -0.048 +0.052 -0.015 -0.058 -0.003 -0.066 -0.012 -0.007 -0.040 -0.000
 +0.043 +0.066 -0.037 -0.023 +0.042 -0.053 -0.058 +0.018 +0.039 -0.055
 +0.021 +0.047 +0.020 -0.027 +0.029 -0.049 +0.030 +0.005 -0.057 -0.076
 +0.056 -0.002 -0.011 +0.042 -0.057 -0.003 +0.037 -0.075 +0.051 -0.044
 -0.039 -0.059 -0.029 +0.022 -0.018 -0.005 -0.051 +0.064 -0.058 +0.072
 -0.071 -0.055 -0.021 +0.006 -0.016 +0.007 -0.059 -0.018 -0.007 -0.026
 +0.047 -0.030 +0.026 -0.009 +0.022 +0.023 +0.019 +0.051 +0.073 +0.024
 -0.041 -0.008 +0.008 -0.004 -0.075 -0.072 -0.003 -0.026 +0.047 -0.021
 -0.043 +0.053 -0.045 -0.047 -0.055 -0.055 -0.075 -0.027 -0.025 -0.066
 -0.061 +0.068 -0.036 +0.035 -0.041 +0.048 +0.066 +0.030 +0.041 +0.060
 +0.009 +0.053 +0.041 +0.035 +0.011 +0.012 +0.053 +0.035 -0.008 +0.001
 -0.067 +0.025 -0.062 +0.062 -0.058 +0.010 -0.006 +0.006 +0.039 +0.036
 -0.045 +0.034 +0.011 -0.002 -0.005 +0.011 -0.039 -0.011 -0.042 -0.000
 -0.034 +0.037 -0.022 -0.067 -0.028 -0.049 +0.004 +0.036 +0.022 -0.043
 +0.032 -0.041 +0.075 +0.005 +0.045 +0.061 +0.015 +0.014 +0.067 -0.036
 -0.047 -0.070 -0.035 +0.034 -0.045 -0.043 -0.029 +0.015 -0.037 +0.036
 -0.018 -0.003 +0.009 -0.005 -0.017 -0.052 -0.025 +0.033 -0.010 -0.019
 +0.040 -0.051 -0.052 +0.036 -0.004 -0.053 +0.008 +0.028 -0.067 +0.065
 -0.052 -0.015 -0.006 +0.027 +0.069 -0.019 +0.064 -0.001 -0.069 -0.011
 +0.027 -0.004 +0.035 +0.031 +0.046 +0.028 +0.058 -0.014 -0.053 -0.003
 +0.077 +0.016 -0.047 +0.040 -0.020 -0.069 +0.012 -0.058 +0.009 -0.017
 +0.016 -0.059 -0.049 -0.052 -0.022 -0.074 -0.026 +0.023 +0.009 +0.050
 -0.051 +0.056 -0.039 +0.054 -0.079 -0.039 -0.043 +0.013 +0.010 +0.068
 +0.012 +0.035 -0.007 +0.022 +0.029 +0.024 +0.030 +0.015 -0.065 +0.040
 -0.070 +0.050 -0.072 -0.044 +0.049 -0.029 -0.008 +0.040 +0.047 +0.038
 -0.055 +0.055 +0.054 -0.018 +0.041 +0.016 +0.037 -0.011 +0.016 +0.061
 +0.040 -0.021 -0.024 +0.012 +0.032 -0.016 -0.034 -0.040 +0.073 +0.052
 -0.063 -0.044 -0.046 -0.013 +0.038 -0.014 -0.023 +0.002 -0.002 +0.068
 +0.080 -0.062 -0.054 +0.040 -0.025 +0.059 -0.044 +0.046 -0.036 -0.064
 +0.065 -0.058 +0.023 +0.041 -0.057 -0.008 +0.065 -0.014 -0.045 -0.010
 -0.014 -0.008 -0.062 -0.043 +0.034 -0.059 -0.054 -0.031 -0.018 -0.005
 -0.024 -0.064 -0.046 -0.021 -0.009 -0.049 -0.051 +0.021 -0.063 -0.007
 -0.051 +0.052 -0.058 +0.023 +0.023 +0.046 +0.056 -0.004 +0.009 -0.015
 +0.006 -0.008 +0.037 -0.026 +0.053 +0.045 +0.061 +0.045 -0.041 -0.005
 -0.006 +0.010 +0.035 +0.032 -0.021 +0.044 -0.011 -0.014 -0.023 -0.019]]

RHS vector b:            [+0.063 -0.074]
Obj vector c:            [-0.004 -0.045 -0.004 -0.082 +0.091 +0.019 +0.012 -0.077 +0.038 -0.007
 +0.005 -0.083 +0.005 -0.027 +0.073 +0.118 -0.015 -0.042 -0.004 +0.052
 +0.080 -0.100 +0.009 +0.054 +0.049 +0.007 -0.077 +0.022 +0.054 -0.042
 +0.053 +0.030 -0.039 +0.070 -0.082 -0.098 +0.091 -0.089 +0.076 +0.095
 -0.068 -0.014 -0.096 -0.098 +0.077 -0.023 +0.079 -0.030 -0.089 +0.044
 +0.034 -0.005 +0.007 -0.078 -0.038 +0.048 -0.033 +0.117 +0.028 +0.115
 -0.040 +0.016 -0.043 +0.068 -0.013 +0.003 -0.010 -0.076 +0.056 -0.033
 +0.016 -0.046 +0.040 +0.080 +0.059 +0.018 +0.069 +0.053 +0.018 -0.024
 -0.017 +0.066 +0.068 +0.001 -0.007 -0.022 +0.072 -0.010 +0.069 -0.071
 -0.059 +0.078 +0.033 -0.027 -0.016 -0.000 +0.071 -0.109 -0.110 -0.019
 -0.072 +0.071 -0.017 +0.066 -0.039 +0.098 +0.029 +0.085 -0.014 +0.027
 +0.034 -0.045 -0.001 +0.080 -0.025 +0.062 -0.058 +0.046 +0.108 -0.083
 -0.007 -0.114 -0.017 +0.067 -0.019 -0.055 +0.081 +0.097 -0.101 +0.002
 -0.086 +0.032 -0.045 +0.089 -0.051 -0.089 +0.023 +0.063 -0.075 -0.063
 -0.062 -0.016 -0.021 +0.007 +0.102 +0.045 -0.088 -0.047 +0.023 +0.058
 +0.111 -0.059 -0.004 +0.084 -0.000 +0.043 +0.055 +0.046 +0.091 -0.041
 -0.102 -0.080 +0.075 -0.004 -0.008 +0.041 +0.108 -0.073 -0.102 +0.049
 +0.023 -0.069 -0.045 +0.001 -0.038 +0.017 -0.072 +0.042 +0.046 +0.072
 -0.079 +0.020 +0.050 -0.016 +0.028 -0.028 -0.080 +0.055 -0.054 +0.052
 +0.103 +0.063 -0.011 +0.002 +0.053 -0.023 +0.064 -0.099 +0.030 -0.046
 +0.086 +0.075 +0.068 -0.035 +0.007 +0.004 +0.062 +0.065 -0.005 +0.001
 -0.024 +0.051 -0.054 +0.056 +0.015 -0.021 -0.003 -0.068 -0.082 +0.007
 +0.069 -0.019 +0.007 -0.008 +0.064 +0.053 +0.029 +0.081 -0.030 +0.074
 +0.098 -0.093 +0.098 +0.076 +0.069 +0.053 +0.081 +0.040 +0.085 +0.048
 +2.028 -0.051 +0.079 -0.030 +0.017 -0.072 -0.087 -0.046 -0.019 -0.045
 -0.040 -0.060 -0.038 -0.052 -0.045 -0.039 -0.100 +0.004 -0.001 +0.002
 +0.274 -0.052 +0.059 -0.042 +0.074 +0.020 -0.032 -0.023 -0.038 -0.058
 +0.011 -0.053 -0.024 -0.014 -0.016 -0.001 +0.060 +0.033 +0.021 +0.041
 +0.054 -0.048 +0.018 +0.095 +0.078 +0.098 +0.022 -0.022 -0.015 +0.069
 -0.044 +0.099 -0.052 +0.026 -0.041 -0.056 +0.022 +0.026 -0.089 +0.043
 +0.024 +0.086 +0.069 -0.041 +0.040 +0.018 +0.062 -0.026 +0.045 -0.039
 +0.019 -0.029 -0.057 +0.058 -0.023 +0.085 +0.009 -0.010 +0.046 -0.019
 -0.036 +0.062 +0.065 -0.003 +0.057 +0.062 +0.026 -0.043 +0.050 -0.101
 +0.052 +0.043 -0.007 -0.022 -0.093 -0.013 -0.100 +0.024 +0.062 -0.006
 -0.020 +0.045 -0.067 -0.056 -0.084 -0.081 -0.046 +0.033 +0.077 -0.000
 -0.063 -0.034 +0.091 -0.007 +0.058 +0.092 +0.022 +0.028 -0.050 -0.025
 +0.026 +0.072 +0.097 +0.107 +0.073 +0.070 +0.085 -0.018 -0.026 -0.051
 +0.033 -0.065 +0.095 -0.042 +0.060 +0.049 +0.054 +0.021 +0.032 -0.062
 +0.028 -0.083 +0.000 -0.046 -0.005 -0.019 -0.010 +0.024 +0.092 -0.102
 +0.059 -0.055 +0.086 +0.088 -0.101 +0.090 +0.008 -0.075 -0.029 -0.052
 +0.096 -0.094 -0.029 +0.051 -0.057 +0.011 -0.033 +0.027 -0.059 -0.054
 -0.065 +0.018 +0.008 -0.025 -0.058 -0.011 +0.037 +0.076 -0.063 -0.104
 +0.072 +0.083 +0.040 +0.023 -0.076 -0.018 -0.008 -0.023 -0.017 -0.066
 -0.071 +0.057 +0.047 -0.099 +0.053 -0.102 +0.063 -0.072 +0.034 +0.038
 -0.101 +0.116 -0.064 -0.018 +0.060 -0.033 -0.044 -0.027 +0.080 +0.048
 +0.062 +0.017 +0.055 +0.087 -0.033 +0.063 +0.024 +0.053 +0.063 -0.019
 +0.038 +0.101 +0.013 -0.012 +0.034 +0.024 +0.074 -0.028 +0.096 +0.042
 +0.058 -0.039 +0.051 -0.071 -0.028 -0.053 -0.046 -0.023 -0.030 -0.022
 +0.042 -0.035 -0.050 +0.077 -0.024 -0.054 -0.035 -0.051 +0.037 -0.010
 -0.001 +0.014 -0.068 -0.023 +0.041 -0.079 +0.056 +0.024 +0.037 +0.041]

---------------------------- Optimal solution -----------------------------
Primal variables:         [+0.040 +0.107 +0.104 +0.121 +0.129 +0.056 +0.060 +0.116 +0.044 +0.046
 +0.090 +0.007 +0.060 +0.130 +0.081 +0.020 +0.065 +0.128 +0.054 +0.143
 +0.029 +0.004 +0.037 +0.112 +0.042 +0.088 +0.098 +0.033 +0.115 +0.054
 +0.051 +0.050 +0.152 +0.018 +0.052 +0.153 +0.156 +0.028 +0.022 +0.111
 +0.103 +0.095 +0.078 +0.156 +0.116 +0.140 +0.086 +0.118 +0.097 +0.032
 +0.136 +0.055 +0.085 +0.009 +0.048 +0.077 +0.060 +0.076 +0.023 +0.039
 +0.140 +0.101 +0.125 +0.088 +0.136 +0.004 +0.052 +0.002 +0.088 +0.031
 +0.019 +0.130 +0.023 +0.135 +0.139 +0.081 +0.127 +0.080 +0.004 +0.033
 +0.077 +0.021 +0.088 +0.150 +0.079 +0.003 +0.042 +0.151 +0.017 +0.098
 +0.097 +0.101 +0.144 +0.038 +0.082 +0.130 +0.116 +0.011 +0.096 +0.017
 +0.066 +0.068 +0.054 +0.114 +0.128 +0.113 +0.067 +0.102 +0.084 +0.008
 +0.074 +0.101 +0.119 +0.019 +0.130 +0.066 +0.097 +0.043 +0.062 +0.019
 +0.146 +0.096 +0.153 +0.025 +0.064 +0.141 +0.048 +0.073 +0.090 +0.134
 +0.084 +0.152 +0.032 +0.021 +0.031 +0.023 +0.059 +0.132 +0.094 +0.014
 +0.099 +0.155 +0.114 +0.080 +0.038 +0.104 +0.012 +0.120 +0.112 +0.102
 +0.063 +0.137 +0.061 +0.024 +0.084 +0.110 +0.140 +0.002 +0.021 +0.030
 +0.138 +0.124 +0.048 +0.040 +0.116 +0.047 +0.111 +0.132 +0.125 +0.079
 +0.047 +0.003 +0.110 +0.002 +0.111 +0.105 +0.097 +0.149 +0.145 +0.079
 +0.040 +0.060 +0.024 +0.032 +0.148 +0.008 +0.056 +0.100 +0.050 +0.110
 +0.122 +0.080 +0.066 +0.070 +0.095 +0.048 +0.140 +0.085 +0.037 +0.121
 +0.003 +0.080 +0.143 +0.098 +0.111 +0.152 +0.021 +0.131 +0.024 +0.028
 +0.001 +0.114 +0.079 +0.152 +0.063 +0.087 +0.008 +0.107 +0.125 +0.148
 +0.027 +0.032 +0.118 +0.099 +0.044 +0.109 +0.090 +0.073 +0.005 +0.110
 +0.073 +0.019 +0.145 +0.099 +0.058 +0.089 +0.125 +0.058 +0.086 +0.119
 +0.000 +0.072 +0.094 +0.081 +0.139 +0.042 +0.140 +0.030 +0.139 +0.014
 +0.098 +0.027 +0.056 +0.109 +0.034 +0.053 +0.049 +0.093 +0.018 +0.085
 +0.000 +0.022 +0.101 +0.044 +0.093 +0.119 +0.042 +0.144 +0.138 +0.042
 +0.108 +0.040 +0.126 +0.066 +0.040 +0.122 +0.056 +0.084 +0.063 +0.088
 +0.019 +0.091 +0.016 +0.133 +0.056 +0.086 +0.040 +0.114 +0.124 +0.117
 +0.128 +0.100 +0.073 +0.094 +0.003 +0.139 +0.029 +0.097 +0.103 +0.048
 +0.097 +0.091 +0.019 +0.153 +0.041 +0.041 +0.013 +0.138 +0.069 +0.098
 +0.127 +0.112 +0.121 +0.051 +0.023 +0.084 +0.034 +0.072 +0.012 +0.104
 +0.045 +0.036 +0.028 +0.027 +0.102 +0.156 +0.148 +0.080 +0.098 +0.141
 +0.087 +0.127 +0.035 +0.145 +0.137 +0.027 +0.114 +0.128 +0.044 +0.020
 +0.064 +0.109 +0.069 +0.120 +0.130 +0.034 +0.075 +0.119 +0.014 +0.007
 +0.030 +0.141 +0.095 +0.044 +0.127 +0.048 +0.126 +0.093 +0.119 +0.148
 +0.022 +0.042 +0.147 +0.028 +0.094 +0.056 +0.123 +0.016 +0.014 +0.156
 +0.006 +0.080 +0.088 +0.004 +0.043 +0.111 +0.022 +0.044 +0.051 +0.024
 +0.013 +0.054 +0.037 +0.095 +0.077 +0.064 +0.042 +0.014 +0.021 +0.072
 +0.111 +0.024 +0.077 +0.104 +0.136 +0.146 +0.136 +0.038 +0.060 +0.109
 +0.026 +0.021 +0.092 +0.038 +0.040 +0.104 +0.124 +0.096 +0.113 +0.128
 +0.033 +0.093 +0.048 +0.069 +0.142 +0.001 +0.053 +0.064 +0.131 +0.042
 +0.151 +0.142 +0.076 +0.003 +0.106 +0.060 +0.136 +0.120 +0.148 +0.044
 +0.016 +0.062 +0.108 +0.076 +0.144 +0.145 +0.133 +0.016 +0.124 +0.073
 +0.002 +0.049 +0.087 +0.035 +0.017 +0.012 +0.094 +0.081 +0.059 +0.086
 +0.009 +0.081 +0.119 +0.065 +0.003 +0.152 +0.077 +0.055 +0.071 +0.001
 +0.068 +0.013 +0.024 +0.103 +0.121 +0.120 +0.009 +0.066 +0.101 +0.151
 +0.022 +0.135 +0.044 +0.020 +0.152 +0.067 +0.138 +0.046 +0.042 +0.068
 +0.049 +0.122 +0.035 +0.099 +0.050 +0.094 +0.143 +0.130 +0.080 +0.083
 +0.043 +0.150 +0.026 +0.080 +0.153 +0.005 +0.106 +0.039 +0.101 +0.110]
Dual slacks:              [+0.000 +0.000 +0.000 +0.000 +0.000 +0.000 +0.000 +0.000 +0.000 +0.000
 +0.000 +0.000 +0.000 +0.000 +0.000 +0.000 +0.000 +0.000 +0.000 +0.000
 +0.000 +0.000 +0.000 +0.000 +0.000 +0.000 +0.000 +0.000 +0.000 +0.000
 +0.000 +0.000 +0.000 +0.000 +0.000 +0.000 +0.000 +0.000 +0.000 +0.000
 +0.000 +0.000 +0.000 +0.000 +0.000 +0.000 +0.000 +0.000 +0.000 +0.000
 +0.000 +0.000 +0.000 +0.000 +0.000 +0.000 +0.000 +0.000 +0.000 +0.000
 +0.000 +0.000 +0.000 +0.000 +0.000 +0.000 +0.000 +0.000 +0.000 +0.000
 +0.000 +0.000 +0.000 +0.000 +0.000 +0.000 +0.000 +0.000 +0.000 +0.000
 +0.000 +0.000 +0.000 +0.000 +0.000 +0.000 +0.000 +0.000 +0.000 +0.000
 +0.000 +0.000 +0.000 +0.000 +0.000 +0.000 +0.000 +0.000 +0.000 +0.000
 +0.000 +0.000 +0.000 +0.000 +0.000 +0.000 +0.000 +0.000 +0.000 +0.000
 +0.000 +0.000 +0.000 +0.000 +0.000 +0.000 +0.000 +0.000 +0.000 +0.000
 +0.000 +0.000 +0.000 +0.000 +0.000 +0.000 +0.000 +0.000 +0.000 +0.000
 +0.000 +0.000 +0.000 +0.000 +0.000 +0.000 +0.000 +0.000 +0.000 +0.000
 +0.000 +0.000 +0.000 +0.000 +0.000 +0.000 +0.000 +0.000 +0.000 +0.000
 +0.000 +0.000 +0.000 +0.000 +0.000 +0.000 +0.000 +0.000 +0.000 +0.000
 +0.000 +0.000 +0.000 +0.000 +0.000 +0.000 +0.000 +0.000 +0.000 +0.000
 +0.000 +0.000 +0.000 +0.000 +0.000 +0.000 +0.000 +0.000 +0.000 +0.000
 +0.000 +0.000 +0.000 +0.000 +0.000 +0.000 +0.000 +0.000 +0.000 +0.000
 +0.000 +0.000 +0.000 +0.000 +0.000 +0.000 +0.000 +0.000 +0.000 +0.000
 +0.000 +0.000 +0.000 +0.000 +0.000 +0.000 +0.000 +0.000 +0.000 +0.000
 +0.000 +0.000 +0.000 +0.000 +0.000 +0.000 +0.000 +0.000 +0.000 +0.000
 +0.000 +0.000 +0.000 +0.000 +0.000 +0.000 +0.000 +0.000 +0.000 +0.000
 +0.000 +0.000 +0.000 +0.000 +0.000 +0.000 +0.000 +0.000 +0.000 +0.000
 +1.988 +0.000 +0.000 +0.000 +0.000 +0.000 +0.000 +0.000 +0.000 +0.000
 +0.000 +0.000 +0.000 +0.000 +0.000 +0.000 +0.000 +0.000 +0.000 +0.000
 +0.217 +0.000 +0.000 +0.000 +0.000 +0.000 +0.000 +0.000 +0.000 +0.000
 +0.000 +0.000 +0.000 +0.000 +0.000 +0.000 +0.000 +0.000 +0.000 +0.000
 +0.000 +0.000 +0.000 +0.000 +0.000 +0.000 +0.000 +0.000 +0.000 +0.000
 +0.000 +0.000 +0.000 +0.000 +0.000 +0.000 +0.000 +0.000 +0.000 +0.000
 +0.000 +0.000 +0.000 +0.000 +0.000 +0.000 +0.000 +0.000 +0.000 +0.000
 +0.000 +0.000 +0.000 +0.000 +0.000 +0.000 +0.000 +0.000 +0.000 +0.000
 +0.000 +0.000 +0.000 +0.000 +0.000 +0.000 +0.000 +0.000 +0.000 +0.000
 +0.000 +0.000 +0.000 +0.000 +0.000 +0.000 +0.000 +0.000 +0.000 +0.000
 +0.000 +0.000 +0.000 +0.000 +0.000 +0.000 +0.000 +0.000 +0.000 +0.000
 +0.000 +0.000 +0.000 +0.000 +0.000 +0.000 +0.000 +0.000 +0.000 +0.000
 +0.000 +0.000 +0.000 +0.000 +0.000 +0.000 +0.000 +0.000 +0.000 +0.000
 +0.000 +0.000 +0.000 +0.000 +0.000 +0.000 +0.000 +0.000 +0.000 +0.000
 +0.000 +0.000 +0.000 +0.000 +0.000 +0.000 +0.000 +0.000 +0.000 +0.000
 +0.000 +0.000 +0.000 +0.000 +0.000 +0.000 +0.000 +0.000 +0.000 +0.000
 +0.000 +0.000 +0.000 +0.000 +0.000 +0.000 +0.000 +0.000 +0.000 +0.000
 +0.000 +0.000 +0.000 +0.000 +0.000 +0.000 +0.000 +0.000 +0.000 +0.000
 +0.000 +0.000 +0.000 +0.000 +0.000 +0.000 +0.000 +0.000 +0.000 +0.000
 +0.000 +0.000 +0.000 +0.000 +0.000 +0.000 +0.000 +0.000 +0.000 +0.000
 +0.000 +0.000 +0.000 +0.000 +0.000 +0.000 +0.000 +0.000 +0.000 +0.000
 +0.000 +0.000 +0.000 +0.000 +0.000 +0.000 +0.000 +0.000 +0.000 +0.000
 +0.000 +0.000 +0.000 +0.000 +0.000 +0.000 +0.000 +0.000 +0.000 +0.000
 +0.000 +0.000 +0.000 +0.000 +0.000 +0.000 +0.000 +0.000 +0.000 +0.000
 +0.000 +0.000 +0.000 +0.000 +0.000 +0.000 +0.000 +0.000 +0.000 +0.000
 +0.000 +0.000 +0.000 +0.000 +0.000 +0.000 +0.000 +0.000 +0.000 +0.000]
Dual variables:           [+1.187 -1.610]

Optimal objective:       +1.94188947e-01
===========================================================================

Method:                  II-QIPM
LO_Precision:            1.00e-01
Stop_Precision:          1.00e-03
LO_Verbosity:            2
Omega:                   1.00e+01

The Quantum Inexact Infeasible Interior-Point Method starts running ...


                  Objective                Residual                                Linear system           Step-length
Iter      Primal           Dual         Primal    Dual     Compl    ||Resl||  Cond-Num  ||M||   ||RHS||    a-star   a-hat      Time
   0   2.72197372e+01 -2.63627292e+00  3.68e+00 6.05e+01  1.45e+04 *9.16e-15  4.00e+00 1.00e+00 1.39e+01  8.28e-01 7.29e-01      0s
   1   2.14429603e+01 -2.63627292e+00  7.62e-01 5.73e+01  1.38e+04  5.06e+01  3.75e+00 4.17e+00 5.06e+01  4.35e-01 5.39e-02      1s
   2   1.84334523e+01 -2.63627292e+00  7.69e-01 5.58e+01  1.35e+04  5.96e+01  3.66e+00 4.51e+00 5.96e+01  4.03e-01 2.53e-02      1s
   3   1.55738335e+01 -2.63627292e+00  2.23e+00 5.45e+01  1.32e+04  6.45e+01  3.62e+00 4.69e+00 6.45e+01  3.88e-01 2.29e-02      1s
   4   1.28384507e+01 -2.63627292e+00  3.62e+00 5.34e+01  1.30e+04  6.92e+01  3.58e+00 4.86e+00 6.92e+01  3.73e-01 2.08e-02      2s
   5   1.02247362e+01 -2.63627292e+00  4.96e+00 5.24e+01  1.28e+04  7.39e+01  3.54e+00 5.02e+00 7.39e+01  3.60e-01 1.90e-02      2s
   6   7.71713663e+00 -2.63627292e+00  6.24e+00 5.15e+01  1.26e+04  7.84e+01  3.50e+00 5.18e+00 7.84e+01  3.48e-01 1.75e-02      3s
   7   5.30845370e+00 -2.63627292e+00  7.48e+00 5.07e+01  1.24e+04  8.29e+01  3.46e+00 5.33e+00 8.29e+01  3.36e-01 1.61e-02      3s
   8   2.99176986e+00 -2.63627292e+00  8.67e+00 4.99e+01  1.22e+04  8.74e+01  3.42e+00 5.48e+00 8.74e+01  3.25e-01 1.49e-02      3s
   9   7.60474517e-01 -2.63627292e+00  9.81e+00 4.92e+01  1.21e+04  9.18e+01  3.39e+00 5.63e+00 9.18e+01  3.15e-01 1.38e-02      4s
  10  -1.38957208e+00 -2.63627292e+00  1.09e+01 4.86e+01  1.19e+04  9.61e+01  3.36e+00 5.77e+00 9.61e+01  3.05e-01 1.28e-02      4s
  11  -3.46655685e+00 -2.63627292e+00  1.20e+01 4.80e+01  1.18e+04  1.00e+02  3.33e+00 5.91e+00 1.00e+02  2.96e-01 1.19e-02      5s
  12  -5.47412490e+00 -2.63627292e+00  1.30e+01 4.75e+01  1.17e+04  1.05e+02  3.30e+00 6.04e+00 1.05e+02  2.88e-01 1.12e-02      5s
  13  -7.41580241e+00 -2.63627292e+00  1.40e+01 4.70e+01  1.16e+04  1.09e+02  3.27e+00 6.18e+00 1.09e+02  2.80e-01 1.04e-02      5s
  14  -9.29687024e+00 -2.63627292e+00  1.50e+01 4.65e+01  1.15e+04  1.13e+02  3.25e+00 6.31e+00 1.13e+02  2.72e-01 9.80e-03      6s
  15  -1.11204875e+01 -2.63627292e+00  1.59e+01 4.61e+01  1.14e+04  1.17e+02  3.22e+00 6.44e+00 1.17e+02  2.65e-01 9.21e-03      6s
  16  -1.28896886e+01 -2.63627292e+00  1.68e+01 4.57e+01  1.13e+04  1.21e+02  3.20e+00 6.56e+00 1.21e+02  2.58e-01 8.67e-03      7s
  17  -1.46073830e+01 -2.63627292e+00  1.77e+01 4.53e+01  1.12e+04  1.25e+02  3.17e+00 6.69e+00 1.25e+02  2.52e-01 8.18e-03      7s
  18  -1.62763573e+01 -2.63627292e+00  1.86e+01 4.50e+01  1.11e+04  1.29e+02  3.15e+00 6.81e+00 1.29e+02  2.46e-01 7.73e-03      8s
  19  -1.79009022e+01 -2.63627292e+00  1.94e+01 4.46e+01  1.10e+04  1.33e+02  3.13e+00 6.93e+00 1.33e+02  2.40e-01 7.32e-03      8s
  20  -1.94819029e+01 -2.63627292e+00  2.02e+01 4.43e+01  1.10e+04  1.37e+02  3.11e+00 7.05e+00 1.37e+02  2.34e-01 6.94e-03      9s
  21  -2.10202576e+01 -2.63627292e+00  2.10e+01 4.40e+01  1.09e+04  1.41e+02  3.10e+00 7.17e+00 1.41e+02  2.29e-01 6.58e-03      9s
  22  -2.25213725e+01 -2.63627292e+00  2.18e+01 4.37e+01  1.08e+04  1.45e+02  3.08e+00 7.28e+00 1.45e+02  2.24e-01 6.26e-03      9s
  23  -2.39830095e+01 -2.63627292e+00  2.26e+01 4.35e+01  1.08e+04  1.49e+02  3.06e+00 7.40e+00 1.49e+02  2.19e-01 5.95e-03     10s
  24  -2.54117152e+01 -2.63627292e+00  2.33e+01 4.32e+01  1.07e+04  1.53e+02  3.05e+00 7.51e+00 1.53e+02  2.14e-01 5.68e-03     10s
  25  -2.68052702e+01 -2.63627292e+00  2.40e+01 4.30e+01  1.07e+04  1.56e+02  3.03e+00 7.63e+00 1.56e+02  2.10e-01 5.41e-03     11s
  26  -2.81671013e+01 -2.63627292e+00  2.47e+01 4.28e+01  1.06e+04  1.60e+02  3.02e+00 7.74e+00 1.60e+02  2.05e-01 5.17e-03     11s
  27  -2.94964580e+01 -2.63627292e+00  2.54e+01 4.26e+01  1.06e+04  1.64e+02  3.01e+00 7.85e+00 1.64e+02  2.01e-01 4.93e-03     12s
  28   5.04904238e+00  3.50114920e-01  3.73e+00 6.23e+00  1.69e+03  9.55e-02  3.00e+00 7.96e+00 1.68e+02  9.00e-01 8.54e-01     12s
  29   1.39267046e+01  3.50114920e-01  2.65e+00 5.26e+00  1.45e+03  3.60e+01  3.97e+00 4.39e+01 3.60e+01  6.59e-01 1.57e-01     12s
  30   1.95743227e+01  3.50114920e-01  6.37e+00 4.86e+00  1.35e+03  5.20e+01  3.91e+00 5.41e+01 5.20e+01  5.96e-01 7.64e-02     13s
  31   2.49867250e+01  3.50114920e-01  9.91e+00 4.54e+00  1.27e+03  6.16e+01  3.87e+00 6.01e+01 6.16e+01  5.63e-01 6.43e-02     13s
  32   3.01556071e+01  3.50114920e-01  1.32e+01 4.29e+00  1.20e+03  7.10e+01  3.83e+00 6.57e+01 7.10e+01  5.32e-01 5.48e-02     13s
  33   3.50892183e+01  3.50114920e-01  1.64e+01 4.09e+00  1.15e+03  8.00e+01  3.79e+00 7.11e+01 8.00e+01  5.05e-01 4.74e-02     13s
  34   3.97987042e+01  3.50114920e-01  1.94e+01 3.92e+00  1.11e+03  8.87e+01  3.76e+00 7.63e+01 8.87e+01  4.81e-01 4.14e-02     14s
  35   4.42982463e+01  3.50114920e-01  2.22e+01 3.78e+00  1.07e+03  9.72e+01  3.72e+00 8.13e+01 9.72e+01  4.58e-01 3.64e-02     14s
  36   4.85979523e+01  3.50114920e-01  2.49e+01 3.66e+00  1.04e+03  1.05e+02  3.69e+00 8.61e+01 1.05e+02  4.38e-01 3.23e-02     14s
  37   5.27111856e+01  3.50114920e-01  2.75e+01 3.55e+00  1.01e+03  1.13e+02  3.65e+00 9.08e+01 1.13e+02  4.19e-01 2.89e-02     15s
  38   5.66531315e+01  3.50114920e-01  2.99e+01 3.46e+00  9.89e+02  1.21e+02  3.62e+00 9.54e+01 1.21e+02  4.02e-01 2.60e-02     15s
  39   6.04322781e+01  3.50114920e-01  3.22e+01 3.38e+00  9.68e+02  1.29e+02  3.59e+00 9.98e+01 1.29e+02  3.86e-01 2.35e-02     15s
  40   6.40581361e+01  3.50114920e-01  3.44e+01 3.31e+00  9.49e+02  1.37e+02  3.57e+00 1.04e+02 1.37e+02  3.71e-01 2.13e-02     15s
  41   6.75477427e+01  3.50114920e-01  3.66e+01 3.24e+00  9.33e+02  1.44e+02  3.54e+00 1.08e+02 1.44e+02  3.57e-01 1.94e-02     16s
  42   7.09075776e+01  3.50114920e-01  3.86e+01 3.18e+00  9.18e+02  1.51e+02  3.51e+00 1.12e+02 1.51e+02  3.45e-01 1.78e-02     16s
  43   7.41412217e+01  3.50114920e-01  4.06e+01 3.13e+00  9.04e+02  1.58e+02  3.49e+00 1.16e+02 1.58e+02  3.33e-01 1.64e-02     16s
  44   7.72620942e+01  3.50114920e-01  4.24e+01 3.08e+00  8.92e+02  1.65e+02  3.47e+00 1.20e+02 1.65e+02  3.22e-01 1.51e-02     17s
  45   8.02739951e+01  3.50114920e-01  4.43e+01 3.04e+00  8.80e+02  1.72e+02  3.45e+00 1.24e+02 1.72e+02  3.11e-01 1.40e-02     17s
  46   8.31867696e+01  3.50114920e-01  4.60e+01 3.00e+00  8.70e+02  1.79e+02  3.43e+00 1.28e+02 1.79e+02  3.02e-01 1.30e-02     17s
  47   8.60042247e+01  3.50114920e-01  4.77e+01 2.97e+00  8.61e+02  1.85e+02  3.41e+00 1.31e+02 1.85e+02  2.92e-01 1.21e-02     17s
  48   8.87329730e+01  3.50114920e-01  4.93e+01 2.93e+00  8.52e+02  1.92e+02  3.39e+00 1.35e+02 1.92e+02  2.84e-01 1.13e-02     18s
  49   9.13767678e+01  3.50114920e-01  5.09e+01 2.90e+00  8.44e+02  1.98e+02  3.38e+00 1.39e+02 1.98e+02  2.76e-01 1.05e-02     18s
  50   9.39393540e+01  3.50114920e-01  5.24e+01 2.87e+00  8.36e+02  2.05e+02  3.36e+00 1.42e+02 2.05e+02  2.68e-01 9.87e-03     18s
  51   9.64294162e+01  3.50114920e-01  5.39e+01 2.85e+00  8.29e+02  2.11e+02  3.35e+00 1.45e+02 2.11e+02  2.61e-01 9.28e-03     19s
  52   9.87646903e+01  3.50114920e-01  5.52e+01 2.82e+00  8.23e+02  2.17e+02  3.33e+00 1.49e+02 2.17e+02  2.54e-01 8.43e-03     19s
  53   1.01020281e+02  3.50114920e-01  5.66e+01 2.80e+00  8.17e+02  2.23e+02  3.32e+00 1.52e+02 2.23e+02  2.47e-01 7.91e-03     19s
  54   1.03213400e+02  3.50114920e-01  5.78e+01 2.78e+00  8.11e+02  2.29e+02  3.31e+00 1.55e+02 2.29e+02  2.41e-01 7.47e-03     20s
  55   1.05347239e+02  3.50114920e-01  5.91e+01 2.76e+00  8.06e+02  2.35e+02  3.30e+00 1.58e+02 2.35e+02  2.36e-01 7.07e-03     20s
  56   1.07426967e+02  3.50114920e-01  6.03e+01 2.74e+00  8.01e+02  2.40e+02  3.29e+00 1.61e+02 2.40e+02  2.30e-01 6.71e-03     20s
  57   1.09453436e+02  3.50114920e-01  6.15e+01 2.72e+00  7.97e+02  2.46e+02  3.28e+00 1.64e+02 2.46e+02  2.25e-01 6.37e-03     20s
  58   1.11427545e+02  3.50114920e-01  6.26e+01 2.71e+00  7.92e+02  2.52e+02  3.27e+00 1.67e+02 2.52e+02  2.20e-01 6.05e-03     21s
  59   1.13356010e+02  3.50114920e-01  6.38e+01 2.69e+00  7.88e+02  2.57e+02  3.26e+00 1.70e+02 2.57e+02  2.15e-01 5.77e-03     21s
  60   1.15237639e+02  3.50114920e-01  6.48e+01 2.68e+00  7.84e+02  2.63e+02  3.25e+00 1.73e+02 2.63e+02  2.11e-01 5.50e-03     21s
  61   1.17076918e+02  3.50114920e-01  6.59e+01 2.66e+00  7.81e+02  2.68e+02  3.25e+00 1.76e+02 2.68e+02  2.06e-01 5.25e-03     22s
  62   1.18872710e+02  3.50114920e-01  6.70e+01 2.65e+00  7.77e+02  2.73e+02  3.24e+00 1.79e+02 2.73e+02  2.02e-01 5.01e-03     22s
  63   1.20627533e+02  3.50114920e-01  6.80e+01 2.64e+00  7.74e+02  2.79e+02  3.23e+00 1.82e+02 2.79e+02  1.98e-01 4.79e-03     22s
  64   1.22345519e+02  3.50114920e-01  6.90e+01 2.62e+00  7.70e+02  2.84e+02  3.23e+00 1.84e+02 2.84e+02  1.94e-01 4.59e-03     22s
  65   1.24025550e+02  3.50114920e-01  6.99e+01 2.61e+00  7.67e+02  2.89e+02  3.22e+00 1.87e+02 2.89e+02  1.90e-01 4.40e-03     23s
  66   1.25671562e+02  3.50114920e-01  7.09e+01 2.60e+00  7.64e+02  2.94e+02  3.22e+00 1.90e+02 2.94e+02  1.87e-01 4.22e-03     23s
  67   1.27280852e+02  3.50114920e-01  7.18e+01 2.59e+00  7.62e+02  2.99e+02  3.21e+00 1.93e+02 2.99e+02  1.83e-01 4.04e-03     23s
  68   1.28858810e+02  3.50114920e-01  7.27e+01 2.58e+00  7.59e+02  3.05e+02  3.21e+00 1.95e+02 3.05e+02  1.80e-01 3.89e-03     24s
  69   1.30405908e+02  3.50114920e-01  7.36e+01 2.57e+00  7.56e+02  3.10e+02  3.21e+00 1.98e+02 3.10e+02  1.77e-01 3.74e-03     24s
  70   1.31922626e+02  3.50114920e-01  7.44e+01 2.56e+00  7.54e+02  3.15e+02  3.20e+00 2.01e+02 3.15e+02  1.74e-01 3.60e-03     24s
  71   1.33409445e+02  3.50114920e-01  7.53e+01 2.55e+00  7.52e+02  3.20e+02  3.20e+00 2.03e+02 3.20e+02  1.71e-01 3.46e-03     25s
  72   1.34868310e+02  3.50114920e-01  7.61e+01 2.54e+00  7.49e+02  3.25e+02  3.20e+00 2.06e+02 3.25e+02  1.68e-01 3.34e-03     25s
  73   1.36299655e+02  3.50114920e-01  7.69e+01 2.54e+00  7.47e+02  3.30e+02  3.20e+00 2.09e+02 3.30e+02  1.65e-01 3.22e-03     25s
  74   1.37705320e+02  3.50114920e-01  7.77e+01 2.53e+00  7.45e+02  3.35e+02  3.20e+00 2.11e+02 3.35e+02  1.63e-01 3.10e-03     26s
  75   1.39084310e+02  3.50114920e-01  7.85e+01 2.52e+00  7.43e+02  3.40e+02  3.19e+00 2.14e+02 3.40e+02  1.60e-01 2.99e-03     26s
  76   1.40441127e+02  3.50114920e-01  7.93e+01 2.51e+00  7.41e+02  3.44e+02  3.19e+00 2.17e+02 3.44e+02  1.57e-01 2.90e-03     26s
  77   1.41773400e+02  3.50114920e-01  8.00e+01 2.51e+00  7.39e+02  3.49e+02  3.19e+00 2.19e+02 3.49e+02  1.55e-01 2.80e-03     27s
  78   1.43082823e+02  3.50114920e-01  8.08e+01 2.50e+00  7.38e+02  3.54e+02  3.19e+00 2.22e+02 3.54e+02  1.53e-01 2.71e-03     27s
  79   1.44369739e+02  3.50114920e-01  8.15e+01 2.49e+00  7.36e+02  3.59e+02  3.19e+00 2.24e+02 3.59e+02  1.50e-01 2.62e-03     27s
  80   1.45635754e+02  3.50114920e-01  8.22e+01 2.49e+00  7.34e+02  3.64e+02  3.19e+00 2.27e+02 3.64e+02  1.48e-01 2.54e-03     27s
  81   1.46881165e+02  3.50114920e-01  8.29e+01 2.48e+00  7.32e+02  3.69e+02  3.19e+00 2.29e+02 3.69e+02  1.46e-01 2.46e-03     28s
  82   1.48106270e+02  3.50114920e-01  8.36e+01 2.48e+00  7.31e+02  3.73e+02  3.19e+00 2.32e+02 3.73e+02  1.44e-01 2.38e-03     28s
  83   1.49312573e+02  3.50114920e-01  8.43e+01 2.47e+00  7.29e+02  3.78e+02  3.19e+00 2.34e+02 3.78e+02  1.42e-01 2.31e-03     28s
  84   1.50500331e+02  3.50114920e-01  8.49e+01 2.46e+00  7.28e+02  3.83e+02  3.20e+00 2.37e+02 3.83e+02  1.40e-01 2.24e-03     29s
  85   1.51668632e+02  3.50114920e-01  8.56e+01 2.46e+00  7.26e+02  3.88e+02  3.20e+00 2.39e+02 3.88e+02  1.38e-01 2.17e-03     29s
  86   1.52820071e+02  3.50114920e-01  8.62e+01 2.45e+00  7.25e+02  3.92e+02  3.20e+00 2.42e+02 3.92e+02  1.36e-01 2.11e-03     29s
  87   1.53954870e+02  3.50114920e-01  8.69e+01 2.45e+00  7.24e+02  3.97e+02  3.20e+00 2.44e+02 3.97e+02  1.34e-01 2.05e-03     30s
  88   1.55072129e+02  3.50114920e-01  8.75e+01 2.44e+00  7.22e+02  4.02e+02  3.20e+00 2.47e+02 4.02e+02  1.32e-01 1.99e-03     30s
  89   1.56173204e+02  3.50114920e-01  8.81e+01 2.44e+00  7.21e+02  4.06e+02  3.21e+00 2.49e+02 4.06e+02  1.31e-01 1.94e-03     30s
  90   1.57259398e+02  3.50114920e-01  8.87e+01 2.43e+00  7.20e+02  4.11e+02  3.21e+00 2.52e+02 4.11e+02  1.29e-01 1.88e-03     30s
  91   1.58329826e+02  3.50114920e-01  8.93e+01 2.43e+00  7.19e+02  4.15e+02  3.21e+00 2.54e+02 4.15e+02  1.27e-01 1.83e-03     31s
  92   1.59384704e+02  3.50114920e-01  8.99e+01 2.43e+00  7.18e+02  4.20e+02  3.21e+00 2.57e+02 4.20e+02  1.26e-01 1.78e-03     31s
  93   1.60426329e+02  3.50114920e-01  9.05e+01 2.42e+00  7.16e+02  4.25e+02  3.22e+00 2.59e+02 4.25e+02  1.24e-01 1.74e-03     31s
  94   1.61452801e+02  3.50114920e-01  9.11e+01 2.42e+00  7.15e+02  4.29e+02  3.22e+00 2.62e+02 4.29e+02  1.23e-01 1.69e-03     32s
  95   1.62466358e+02  3.50114920e-01  9.16e+01 2.41e+00  7.14e+02  4.34e+02  3.22e+00 2.64e+02 4.34e+02  1.21e-01 1.65e-03     32s
  96   1.63466152e+02  3.50114920e-01  9.22e+01 2.41e+00  7.13e+02  4.38e+02  3.23e+00 2.66e+02 4.38e+02  1.20e-01 1.61e-03     32s
  97   1.64453352e+02  3.50114920e-01  9.27e+01 2.41e+00  7.12e+02  4.43e+02  3.23e+00 2.69e+02 4.43e+02  1.18e-01 1.57e-03     33s
  98   1.65428110e+02  3.50114920e-01  9.33e+01 2.40e+00  7.11e+02  4.47e+02  3.24e+00 2.71e+02 4.47e+02  1.17e-01 1.53e-03     33s
  99   1.66389615e+02  3.50114920e-01  9.38e+01 2.40e+00  7.10e+02  4.52e+02  3.24e+00 2.74e+02 4.52e+02  1.15e-01 1.49e-03     33s
 100   1.67339943e+02  3.50114920e-01  9.43e+01 2.39e+00  7.09e+02  4.56e+02  3.24e+00 2.76e+02 4.56e+02  1.14e-01 1.46e-03     34s
 101   1.68278281e+02  3.50114920e-01  9.48e+01 2.39e+00  7.08e+02  4.61e+02  3.25e+00 2.79e+02 4.61e+02  1.13e-01 1.42e-03     34s
 102   1.69205704e+02  3.50114920e-01  9.54e+01 2.39e+00  7.08e+02  4.66e+02  3.25e+00 2.81e+02 4.66e+02  1.12e-01 1.39e-03     34s
 103   1.70121421e+02  3.50114920e-01  9.59e+01 2.38e+00  7.07e+02  4.70e+02  3.26e+00 2.83e+02 4.70e+02  1.10e-01 1.35e-03     35s
 104   1.71026482e+02  3.50114920e-01  9.64e+01 2.38e+00  7.06e+02  4.75e+02  3.26e+00 2.86e+02 4.75e+02  1.09e-01 1.32e-03     35s
 105   1.71921011e+02  3.50114920e-01  9.69e+01 2.38e+00  7.05e+02  4.79e+02  3.27e+00 2.88e+02 4.79e+02  1.08e-01 1.29e-03     35s
 106   1.72805127e+02  3.50114920e-01  9.73e+01 2.38e+00  7.04e+02  4.83e+02  3.28e+00 2.91e+02 4.83e+02  1.07e-01 1.26e-03     36s
 107   1.73678954e+02  3.50114920e-01  9.78e+01 2.37e+00  7.03e+02  4.88e+02  3.28e+00 2.93e+02 4.88e+02  1.06e-01 1.24e-03     36s
 108   1.74542609e+02  3.50114920e-01  9.83e+01 2.37e+00  7.03e+02  4.92e+02  3.29e+00 2.96e+02 4.92e+02  1.05e-01 1.21e-03     36s
 109   1.75397066e+02  3.50114920e-01  9.88e+01 2.37e+00  7.02e+02  4.97e+02  3.29e+00 2.98e+02 4.97e+02  1.03e-01 1.18e-03     37s
 110   1.76242423e+02  3.50114920e-01  9.92e+01 2.36e+00  7.01e+02  5.01e+02  3.30e+00 3.00e+02 5.01e+02  1.02e-01 1.16e-03     37s
 111   1.77077942e+02  3.50114920e-01  9.97e+01 2.36e+00  7.01e+02  5.06e+02  3.30e+00 3.03e+02 5.06e+02  1.01e-01 1.13e-03     37s
 112   1.77904565e+02  3.50114920e-01  1.00e+02 2.36e+00  7.00e+02  5.10e+02  3.31e+00 3.05e+02 5.10e+02  1.00e-01 1.11e-03     38s
 113   1.78722388e+02  3.50114920e-01  1.01e+02 2.36e+00  6.99e+02  5.15e+02  3.32e+00 3.08e+02 5.15e+02  9.94e-02 1.09e-03     38s
 114   1.79532317e+02  3.50114920e-01  1.01e+02 2.35e+00  6.98e+02  5.19e+02  3.32e+00 3.10e+02 5.19e+02  9.84e-02 1.06e-03     38s
 115   1.80332824e+02  3.50114920e-01  1.01e+02 2.35e+00  6.98e+02  5.24e+02  3.33e+00 3.13e+02 5.24e+02  9.74e-02 1.04e-03     39s
 116   1.81125608e+02  3.50114920e-01  1.02e+02 2.35e+00  6.97e+02  5.28e+02  3.34e+00 3.15e+02 5.28e+02  9.65e-02 1.02e-03     39s
 117   1.81909958e+02  3.50114920e-01  1.02e+02 2.35e+00  6.97e+02  5.33e+02  3.35e+00 3.17e+02 5.33e+02  9.56e-02 1.00e-03     39s
 118   1.82686745e+02  3.50114920e-01  1.03e+02 2.34e+00  6.96e+02  5.37e+02  3.35e+00 3.20e+02 5.37e+02  9.47e-02 9.81e-04     40s

The solution quality is limited by the precision of the linear system solver.

The algorithm stopped after 119 iterations in 39.50 seconds.

Primal variables:   [+13.390 +11.965 +13.285 +11.577 +26.926 +14.665 +13.459 +12.284 +15.234
 +13.156 +13.564 +11.837 +13.799 +13.188 +20.707 +71.570 +13.006 +12.596
 +12.877 +16.968 +22.521 +11.297 +14.115 +17.395 +16.428 +13.164 +12.304
 +14.643 +17.526 +12.856 +17.124 +14.563 +12.167 +19.919 +11.596 +10.778
 +26.820 +11.815 +21.339 +28.913 +11.576 +13.297 +11.589 +10.951 +21.635
 +12.034 +22.172 +12.619 +11.716 +16.498 +15.118 +13.556 +13.515 +12.246
 +12.841 +16.740 +12.406 +67.677 +14.974 +58.419 +11.763 +13.669 +12.250
 +19.310 +12.686 +13.540 +12.678 +11.483 +17.935 +12.419 +13.903 +11.507
 +15.466 +22.566 +18.296 +13.991 +19.655 +17.514 +14.091 +12.289 +13.249
 +19.218 +19.774 +12.746 +12.900 +12.206 +20.472 +12.681 +19.611 +11.484
 +12.618 +21.962 +15.343 +12.761 +12.498 +13.421 +20.153 +8.059 +9.845
 +12.296 +11.460 +20.252 +12.371 +18.871 +11.942 +31.927 +14.975 +24.202
 +13.176 +14.922 +15.098 +11.691 +12.718 +22.522 +12.524 +18.451 +11.331
 +16.521 +42.141 +12.062 +12.960 +7.409 +13.171 +19.275 +12.964 +12.604
 +22.833 +30.377 +11.370 +13.841 +11.868 +14.565 +12.214 +25.700 +11.880
 +11.849 +14.944 +18.362 +12.355 +11.741 +11.375 +12.148 +12.636 +13.072
 +35.117 +15.856 +11.630 +12.542 +14.136 +17.452 +48.326 +11.800 +13.408
 +23.668 +13.295 +16.473 +17.166 +15.991 +26.928 +12.821 +10.244 +11.634
 +21.028 +13.565 +12.421 +16.148 +41.945 +12.434 +9.518 +16.853 +13.906
 +11.932 +12.406 +13.735 +12.226 +14.663 +12.267 +15.510 +16.659 +20.485
 +11.817 +14.037 +16.515 +12.255 +15.320 +12.891 +12.110 +17.883 +11.811
 +17.103 +36.327 +18.695 +13.569 +12.983 +16.898 +12.959 +18.831 +11.481
 +15.407 +11.478 +24.512 +21.130 +19.382 +12.675 +13.740 +13.266 +18.633
 +18.820 +13.258 +13.728 +12.056 +16.791 +12.296 +17.226 +13.507 +12.474
 +12.886 +11.863 +11.515 +13.147 +19.712 +13.046 +13.352 +13.135 +19.006
 +17.507 +14.600 +22.698 +11.982 +20.610 +31.307 +11.698 +31.505 +21.345
 +19.837 +17.303 +22.898 +15.661 +24.174 +16.974 +1.994 +11.522 +22.310
 +12.174 +14.511 +11.937 +11.647 +12.196 +12.218 +11.659 +12.619 +11.790
 +12.020 +12.116 +12.594 +12.557 +11.169 +12.887 +13.363 +13.289 +6.664
 +12.319 +18.127 +11.647 +20.957 +13.892 +12.944 +12.761 +12.056 +12.113
 +14.352 +12.132 +12.648 +13.000 +13.024 +13.074 +18.026 +14.918 +14.697
 +15.433 +17.213 +12.071 +14.252 +29.148 +21.923 +31.531 +14.054 +12.237
 +12.574 +19.724 +12.164 +32.221 +11.408 +14.281 +11.930 +11.641 +13.921
 +14.208 +11.631 +16.101 +14.944 +24.724 +19.664 +12.124 +15.899 +14.589
 +18.289 +12.558 +16.223 +12.096 +14.240 +12.898 +12.676 +17.502 +13.220
 +24.315 +13.939 +12.522 +16.050 +13.276 +12.043 +18.463 +19.066 +12.647
 +17.388 +18.462 +14.268 +12.237 +17.105 +11.396 +17.120 +15.830 +13.182
 +12.394 +11.587 +13.336 +11.426 +14.266 +18.646 +13.304 +12.427 +15.870
 +12.171 +12.197 +11.961 +12.174 +11.693 +14.997 +21.643 +13.303 +11.368
 +12.494 +26.746 +12.490 +17.646 +27.133 +13.983 +15.326 +12.651 +13.199
 +14.149 +20.442 +30.767 +41.345 +20.480 +20.068 +24.190 +12.530 +12.675
 +11.824 +15.508 +11.759 +29.510 +11.785 +18.465 +16.654 +17.282 +13.933
 +14.656 +11.520 +14.311 +12.076 +13.380 +12.358 +12.703 +12.498 +12.560
 +14.055 +27.097 +9.819 +18.345 +11.826 +24.600 +25.409 +10.971 +26.637
 +13.624 +12.089 +11.995 +12.059 +30.072 +11.652 +11.876 +16.646 +12.002
 +13.376 +12.111 +14.573 +12.516 +11.631 +12.067 +14.209 +13.903 +12.617
 +12.188 +13.304 +15.556 +21.344 +11.439 +10.499 +20.514 +23.559 +15.913
 +14.382 +12.119 +13.183 +13.488 +12.834 +12.971 +11.536 +11.347 +17.915
 +16.685 +10.693 +17.043 +11.238 +18.624 +11.979 +15.330 +16.027 +11.402
 +60.825 +12.404 +12.244 +18.294 +12.975 +11.596 +13.114 +22.393 +16.253
 +18.146 +13.987 +17.708 +25.022 +12.161 +18.775 +15.052 +17.079 +18.412
 +12.991 +15.487 +33.914 +14.460 +13.405 +14.988 +14.975 +20.885 +12.427
 +29.662 +15.631 +17.917 +11.833 +17.085 +12.385 +12.399 +11.911 +11.725
 +12.948 +12.646 +13.171 +15.507 +12.989 +12.060 +21.440 +11.970 +11.921
 +11.711 +11.927 +15.617 +13.116 +13.328 +13.602 +12.177 +12.299 +15.713
 +12.020 +17.314 +14.437 +15.361 +15.657]
Dual slacks:        [+0.109 +0.140 +0.109 +0.170 +0.032 +0.092 +0.094 +0.168 +0.074 +0.111
 +0.102 +0.171 +0.102 +0.128 +0.048 +0.010 +0.117 +0.140 +0.107 +0.064
 +0.041 +0.185 +0.099 +0.062 +0.065 +0.098 +0.168 +0.089 +0.063 +0.140
 +0.063 +0.080 +0.135 +0.049 +0.170 +0.185 +0.033 +0.176 +0.043 +0.029
 +0.157 +0.117 +0.182 +0.185 +0.044 +0.121 +0.043 +0.130 +0.178 +0.072
 +0.077 +0.111 +0.100 +0.168 +0.137 +0.068 +0.132 +0.010 +0.084 +0.012
 +0.135 +0.091 +0.140 +0.049 +0.115 +0.103 +0.112 +0.164 +0.063 +0.132
 +0.092 +0.139 +0.072 +0.040 +0.059 +0.090 +0.049 +0.064 +0.090 +0.123
 +0.120 +0.052 +0.053 +0.102 +0.110 +0.121 +0.049 +0.112 +0.049 +0.160
 +0.154 +0.043 +0.080 +0.127 +0.117 +0.106 +0.049 +0.193 +0.193 +0.118
 +0.161 +0.049 +0.117 +0.051 +0.134 +0.025 +0.082 +0.038 +0.118 +0.084
 +0.078 +0.139 +0.104 +0.041 +0.125 +0.056 +0.148 +0.069 +0.018 +0.172
 +0.110 +0.197 +0.120 +0.050 +0.121 +0.150 +0.040 +0.027 +0.186 +0.105
 +0.174 +0.077 +0.141 +0.034 +0.145 +0.177 +0.089 +0.053 +0.166 +0.154
 +0.152 +0.116 +0.122 +0.097 +0.022 +0.068 +0.175 +0.143 +0.085 +0.057
 +0.015 +0.151 +0.109 +0.039 +0.105 +0.073 +0.059 +0.067 +0.031 +0.139
 +0.188 +0.168 +0.045 +0.110 +0.109 +0.073 +0.018 +0.165 +0.188 +0.067
 +0.085 +0.159 +0.141 +0.106 +0.135 +0.093 +0.163 +0.069 +0.070 +0.050
 +0.168 +0.089 +0.064 +0.116 +0.085 +0.129 +0.169 +0.063 +0.147 +0.064
 +0.021 +0.056 +0.116 +0.102 +0.062 +0.124 +0.054 +0.184 +0.084 +0.139
 +0.037 +0.045 +0.049 +0.134 +0.100 +0.101 +0.056 +0.051 +0.109 +0.106
 +0.122 +0.064 +0.148 +0.059 +0.091 +0.121 +0.106 +0.159 +0.169 +0.097
 +0.050 +0.121 +0.099 +0.112 +0.056 +0.065 +0.081 +0.039 +0.127 +0.045
 +0.026 +0.180 +0.026 +0.044 +0.050 +0.064 +0.042 +0.073 +0.036 +0.068
 +2.043 +0.143 +0.041 +0.128 +0.093 +0.162 +0.174 +0.142 +0.118 +0.139
 +0.138 +0.152 +0.135 +0.147 +0.142 +0.137 +0.186 +0.100 +0.106 +0.103
 +0.277 +0.147 +0.060 +0.136 +0.046 +0.088 +0.132 +0.124 +0.134 +0.151
 +0.099 +0.147 +0.124 +0.117 +0.119 +0.105 +0.057 +0.078 +0.090 +0.071
 +0.062 +0.143 +0.091 +0.029 +0.041 +0.026 +0.087 +0.122 +0.117 +0.050
 +0.140 +0.025 +0.144 +0.083 +0.137 +0.148 +0.086 +0.082 +0.175 +0.071
 +0.087 +0.037 +0.049 +0.138 +0.074 +0.092 +0.055 +0.126 +0.070 +0.135
 +0.090 +0.129 +0.152 +0.057 +0.125 +0.037 +0.099 +0.111 +0.067 +0.122
 +0.133 +0.056 +0.053 +0.105 +0.057 +0.057 +0.082 +0.139 +0.067 +0.185
 +0.065 +0.070 +0.111 +0.122 +0.179 +0.117 +0.185 +0.085 +0.057 +0.111
 +0.120 +0.068 +0.159 +0.150 +0.172 +0.171 +0.140 +0.078 +0.044 +0.105
 +0.153 +0.133 +0.032 +0.108 +0.058 +0.032 +0.086 +0.085 +0.146 +0.127
 +0.082 +0.048 +0.027 +0.018 +0.045 +0.051 +0.036 +0.118 +0.126 +0.144
 +0.080 +0.156 +0.028 +0.137 +0.060 +0.067 +0.063 +0.086 +0.077 +0.152
 +0.081 +0.172 +0.105 +0.142 +0.107 +0.119 +0.111 +0.084 +0.032 +0.188
 +0.059 +0.148 +0.037 +0.034 +0.186 +0.031 +0.099 +0.165 +0.126 +0.146
 +0.028 +0.181 +0.126 +0.064 +0.150 +0.095 +0.130 +0.083 +0.153 +0.146
 +0.157 +0.091 +0.099 +0.125 +0.152 +0.115 +0.076 +0.044 +0.153 +0.189
 +0.048 +0.038 +0.074 +0.086 +0.167 +0.120 +0.113 +0.124 +0.119 +0.156
 +0.159 +0.061 +0.069 +0.185 +0.062 +0.187 +0.055 +0.163 +0.079 +0.077
 +0.185 +0.012 +0.157 +0.117 +0.058 +0.133 +0.138 +0.129 +0.041 +0.065
 +0.054 +0.091 +0.062 +0.035 +0.131 +0.056 +0.088 +0.062 +0.053 +0.121
 +0.075 +0.024 +0.097 +0.116 +0.077 +0.087 +0.046 +0.127 +0.028 +0.070
 +0.059 +0.135 +0.066 +0.163 +0.127 +0.147 +0.140 +0.124 +0.129 +0.124
 +0.069 +0.134 +0.145 +0.042 +0.122 +0.147 +0.131 +0.145 +0.077 +0.113
 +0.106 +0.093 +0.160 +0.122 +0.072 +0.169 +0.058 +0.085 +0.076 +0.072]
Dual variables:     [+2.167 -2.880]

Primal objective:   1.82686745e+02 
Dual objective:     3.50114920e-01 

Primal residual:    1.03e+02
Dual residual:      2.34e+00
Complementraty:     6.96e+02

Number of Iter:     119
Run time:           39.50
