
--------------- Linear optimization problem characteristics ---------------
Seed:                    5
Number of variables:     50
Number of constraints:   2

Norm of primal sol:      2.00e+00
Norm of dual sol:        2.00e+00
Norm of dual slacks:     2.00e+00

Norm of vector b:        4.65e-02
Norm of vector c:        2.15e+00

Norm of matrix A:        1.00e+00
Condition number:        2.00e+00

----------------------- Linear optimization problem -----------------------
Coeff matrix A:          [[-0.056 +0.010 +0.083 -0.061 -0.161 -0.112 -0.035 -0.089 -0.027 +0.080
 +0.107 -0.035 +0.145 -0.005 +0.010 -0.160 -0.094 +0.055 +0.065 +0.098
 +0.157 +0.052 +0.015 -0.091 +0.044 +0.088 +0.117 -0.100 +0.084 -0.093
 +0.060 +0.121 +0.090 -0.097 -0.116 +0.012 +0.145 +0.098 -0.059 +0.045
 -0.029 -0.005 +0.066 -0.032 +0.117 +0.014 -0.112 -0.048 -0.013 +0.030]
                          [-0.098 +0.103 +0.097 -0.173 -0.190 -0.084 +0.121 +0.153 +0.098 +0.167
 +0.162 -0.139 +0.062 -0.061 +0.097 -0.219 -0.149 -0.136 +0.205 +0.192
 +0.113 +0.185 +0.098 -0.064 +0.165 +0.047 +0.154 -0.181 -0.134 +0.072
 -0.105 -0.032 +0.195 +0.078 -0.051 -0.131 +0.039 -0.138 +0.070 +0.123
 +0.138 +0.080 +0.173 +0.100 +0.126 -0.167 -0.182 -0.098 -0.142 -0.150]]

RHS vector b:            [-0.031 +0.035]
Obj vector c:            [-0.101 +0.008 +0.156 -0.102 -0.300 -0.214 -0.083 -0.195 -0.065 +0.142
 +0.196 -0.054 +0.282 -0.004 +0.008 -0.294 -0.171 +0.125 +0.108 +0.175
 +0.300 +0.083 +0.020 +1.225 +0.070 +0.171 +0.216 -0.180 +0.182 -0.194
 +0.132 +0.245 +0.157 -0.202 -0.227 +0.039 +0.286 +0.210 -0.126 +0.076
 +1.357 -0.018 +0.113 -0.075 +0.220 +0.046 -0.203 -0.085 -0.010 +0.076]

---------------------------- Optimal solution -----------------------------
Primal variables:         [+0.111 +0.434 +0.103 +0.457 +0.243 +0.305 +0.381 +0.258 +0.148 +0.093
 +0.040 +0.368 +0.220 +0.079 +0.438 +0.136 +0.206 +0.147 +0.313 +0.289
 +0.299 +0.132 +0.142 +0.000 +0.163 +0.072 +0.082 +0.480 +0.478 +0.094
 +0.012 +0.102 +0.349 +0.388 +0.011 +0.288 +0.001 +0.257 +0.319 +0.491
 +0.000 +0.400 +0.434 +0.460 +0.001 +0.234 +0.489 +0.199 +0.405 +0.272]
Dual slacks:              [+0.000 +0.000 +0.000 +0.000 +0.000 +0.000 +0.000 +0.000 +0.000 +0.000
 +0.000 +0.000 +0.000 +0.000 +0.000 +0.000 +0.000 +0.000 +0.000 +0.000
 +0.000 +0.000 +0.000 +1.399 +0.000 +0.000 +0.000 +0.000 +0.000 +0.000
 +0.000 +0.000 +0.000 +0.000 +0.000 +0.000 +0.000 +0.000 +0.000 +0.000
 +1.429 +0.000 +0.000 +0.000 +0.000 +0.000 +0.000 +0.000 +0.000 +0.000]
Dual variables:           [+1.997 -0.111]

Optimal objective:       -6.49698136e-02
===========================================================================

Method:                  II-QIPM
LO_Precision:            1.00e-01
Stop_Precision:          1.00e-03
LO_Verbosity:            2
Omega:                   1.00e+01

The Quantum Inexact Infeasible Interior-Point Method starts running ...


                  Objective                Residual                                Linear system           Step-length
Iter      Primal           Dual         Primal    Dual     Compl    ||Resl||  Cond-Num  ||M||   ||RHS||    a-star   a-hat      Time
   0   3.01799877e+01  3.34948542e-02  2.09e+00 2.10e+01  1.61e+03 *1.60e-15  4.00e+00 1.00e+00 6.96e+00  8.07e-01 7.01e-01      0s
   1   2.43685582e+01 -6.48003473e-03  9.13e-01 9.14e+00  7.48e+02  8.52e-02  4.71e+00 4.29e+00 2.43e+01  9.46e-01 5.64e-01      0s
   2   1.23186922e+01 -5.21999525e-02  6.87e-02 6.29e-01  6.62e+01  3.75e-02  4.95e+00 1.09e+01 2.98e+01  9.72e-01 9.31e-01      1s
   3   4.12605801e+00 -6.00854665e-02  6.11e-01 2.23e-01  2.53e+01  9.46e-01  4.40e+00 1.62e+02 2.22e+01  9.59e-01 6.46e-01      1s
   4  -1.92945816e-01 -6.50753254e-02  6.64e-01 1.04e-02  1.44e+00  6.67e-01  4.20e+00 4.87e+02 2.24e+01  9.76e-01 9.53e-01      1s
   5   2.06614759e+00 -6.50753254e-02  1.20e+00 8.14e-03  1.15e+00  7.77e+00  3.94e+00 1.01e+04 7.77e+00  7.43e-01 2.16e-01      1s
   6   3.20699964e+00 -6.50753254e-02  2.13e+00 7.48e-03  1.07e+00  1.28e+01  3.77e+00 1.34e+04 1.28e+01  6.73e-01 8.12e-02      1s
   7   3.20744772e+00 -6.50753254e-02  2.13e+00 7.48e-03  1.07e+00  1.53e+01  3.68e+00 1.48e+04 1.53e+01  6.44e-01 2.84e-05      2s

The solution quality is limited by the precision of the linear system solver.

The algorithm stopped after 8 iterations in 1.84 seconds.

Primal variables:   [+16.884 +14.700 +13.981 +17.528 +20.290 +17.957 +15.272 +16.340 +15.254
 +13.568 +13.369 +16.868 +13.860 +15.916 +14.735 +20.501 +17.959 +16.053
 +13.507 +13.262 +13.397 +13.763 +14.658 +0.091 +13.952 +14.291 +13.345
 +18.341 +15.926 +16.723 +15.730 +14.781 +13.321 +16.782 +17.889 +16.299
 +14.048 +15.940 +15.965 +14.179 +0.102 +15.018 +13.673 +15.327 +13.530
 +16.607 +18.634 +16.752 +16.629 +16.339]
Dual slacks:        [+0.001 +0.001 +0.001 +0.001 +0.001 +0.001 +0.001 +0.001 +0.001 +0.001
 +0.001 +0.001 +0.001 +0.001 +0.001 +0.001 +0.001 +0.001 +0.001 +0.001
 +0.001 +0.001 +0.001 +1.400 +0.001 +0.001 +0.001 +0.001 +0.001 +0.001
 +0.001 +0.001 +0.001 +0.001 +0.001 +0.001 +0.001 +0.001 +0.001 +0.001
 +1.430 +0.001 +0.001 +0.001 +0.001 +0.001 +0.001 +0.001 +0.001 +0.001]
Dual variables:     [+1.999 -0.112]

Primal objective:   3.20744772e+00 
Dual objective:     -6.50753254e-02

Primal residual:    2.13e+00
Dual residual:      7.48e-03
Complementraty:     1.07e+00

Number of Iter:     8
Run time:           1.84
