
--------------- Linear optimization problem characteristics ---------------
Seed:                    16
Number of variables:     200
Number of constraints:   2

Norm of primal sol:      2.00e+00
Norm of dual sol:        2.00e+00
Norm of dual slacks:     2.00e+00

Norm of vector b:        1.78e-01
Norm of vector c:        2.69e+00

Norm of matrix A:        1.00e+00
Condition number:        2.00e+00

----------------------- Linear optimization problem -----------------------
Coeff matrix A:          [[+0.078 -0.078 -0.067 +0.025 -0.038 -0.011 -0.037 -0.087 -0.026 +0.071
 +0.060 +0.056 +0.069 -0.028 -0.002 +0.075 -0.046 +0.078 +0.018 -0.026
 -0.022 -0.053 +0.084 -0.039 -0.054 -0.083 -0.062 +0.036 +0.046 +0.016
 +0.078 -0.029 +0.046 +0.006 +0.036 +0.016 +0.075 -0.006 -0.103 +0.073
 -0.021 -0.056 -0.065 -0.082 -0.076 +0.047 +0.029 +0.040 -0.048 -0.035
 +0.083 -0.061 -0.101 +0.056 +0.015 +0.030 +0.034 -0.015 -0.049 +0.031
 +0.022 +0.068 +0.037 -0.063 +0.005 +0.043 -0.012 -0.055 +0.003 -0.072
 +0.069 +0.061 +0.044 +0.092 -0.066 +0.016 +0.004 -0.073 +0.019 -0.072
 -0.026 -0.033 -0.010 -0.011 +0.023 -0.023 +0.096 +0.035 -0.045 -0.021
 -0.029 -0.060 +0.071 +0.027 -0.046 +0.013 +0.052 -0.006 +0.032 -0.024
 +0.066 +0.010 -0.067 +0.023 -0.103 +0.041 -0.024 +0.019 +0.041 +0.020
 -0.045 -0.026 +0.053 -0.076 +0.093 -0.048 -0.007 +0.010 -0.055 +0.066
 -0.016 +0.080 -0.036 +0.083 +0.057 +0.028 +0.047 -0.065 +0.106 -0.044
 -0.063 -0.030 -0.098 -0.030 -0.064 -0.065 -0.029 -0.044 +0.033 +0.008
 +0.040 +0.036 +0.070 +0.069 -0.063 +0.029 +0.007 +0.069 +0.100 -0.023
 +0.053 -0.014 -0.042 -0.057 -0.002 -0.029 -0.078 -0.031 +0.028 -0.042
 -0.032 +0.015 -0.002 +0.036 +0.007 +0.004 +0.076 +0.030 +0.020 +0.074
 -0.076 -0.023 +0.053 -0.048 +0.084 -0.048 -0.099 -0.040 -0.078 -0.050
 +0.077 -0.047 +0.095 +0.050 -0.012 +0.078 +0.055 +0.037 -0.002 -0.011
 +0.023 -0.069 +0.047 -0.096 +0.021 -0.040 -0.024 -0.059 -0.040 -0.073]
                          [-0.103 +0.022 -0.007 -0.035 -0.008 -0.036 -0.067 +0.100 -0.020 -0.092
 -0.066 -0.043 -0.106 +0.086 -0.080 -0.047 +0.019 -0.070 +0.043 +0.020
 +0.069 -0.074 -0.089 +0.062 -0.032 +0.088 -0.056 -0.042 +0.043 -0.041
 -0.058 +0.013 +0.005 +0.019 -0.006 -0.006 -0.101 -0.039 +0.114 -0.022
 +0.031 +0.049 +0.056 +0.102 +0.023 -0.042 -0.030 +0.044 +0.094 +0.053
 -0.025 +0.020 +0.114 +0.049 -0.008 +0.018 -0.063 +0.020 +0.061 -0.033
 +0.028 -0.015 -0.049 -0.051 +0.074 -0.086 +0.056 -0.065 +0.085 +0.078
 -0.032 -0.061 +0.001 -0.062 -0.022 +0.009 +0.066 +0.048 -0.084 +0.036
 -0.020 -0.035 -0.050 +0.046 +0.008 +0.050 -0.071 +0.014 +0.060 +0.018
 -0.002 +0.092 -0.022 -0.030 -0.037 -0.068 -0.017 +0.040 +0.062 -0.064
 -0.059 +0.006 +0.026 -0.072 +0.099 -0.078 +0.036 +0.071 +0.030 +0.067
 +0.040 +0.054 +0.002 -0.018 -0.061 +0.094 -0.071 -0.028 +0.062 -0.095
 -0.031 -0.021 +0.090 -0.100 -0.077 -0.094 -0.010 +0.097 -0.107 +0.008
 -0.046 -0.040 +0.090 +0.046 -0.046 +0.049 +0.066 -0.028 -0.054 -0.090
 -0.073 -0.011 +0.023 -0.059 +0.058 -0.071 +0.018 -0.033 -0.113 +0.047
 -0.044 -0.072 -0.048 +0.020 -0.043 -0.081 +0.072 +0.065 -0.016 +0.034
 -0.069 +0.043 -0.002 -0.025 -0.030 -0.062 -0.042 -0.066 -0.046 -0.048
 +0.088 +0.061 +0.058 +0.083 -0.087 +0.096 +0.093 +0.047 +0.067 +0.093
 -0.005 +0.055 -0.111 -0.068 -0.023 -0.025 -0.052 -0.091 +0.081 -0.064
 +0.044 +0.047 -0.087 +0.077 -0.031 +0.017 +0.003 -0.051 -0.060 +0.043]]

RHS vector b:            [-0.022 -0.177]
Obj vector c:            [-0.216 +0.052 -0.007 -0.073 -0.012 -0.070 -0.129 +0.209 -0.037 -0.191
 -0.138 -0.092 -0.219 +0.176 -0.160 -0.103 +0.043 -0.150 +0.083 +0.043
 +0.141 -0.142 -0.188 +0.128 -0.058 +0.186 -0.104 -0.087 +0.080 -0.083
 -0.125 +0.030 +0.004 +0.037 -0.016 -0.015 -0.211 -0.076 +0.239 -0.052
 +0.063 +1.416 +0.120 +0.214 +0.055 -0.090 -0.063 +0.084 +0.193 +0.110
 -0.059 +0.046 +0.239 +0.091 -0.019 +0.032 -0.129 +0.041 +0.127 -0.069
 +0.054 -0.037 -0.101 -0.095 +0.147 -0.176 +0.113 -0.124 +0.169 +0.164
 -0.071 -0.128 -0.004 -0.135 -0.036 +0.016 +0.131 +0.105 -0.171 +0.081
 -0.036 -0.066 -0.098 +0.093 +0.013 +0.103 -0.152 +0.024 +0.126 +0.039
 +1.509 +0.191 -0.052 -0.063 -0.069 -0.137 -0.040 +0.080 +0.120 -0.125
 -0.125 +0.010 +0.060 -0.146 +0.210 -0.161 +0.075 +0.141 +0.056 +0.131
 +0.086 +0.112 -0.003 -0.028 -0.134 +0.193 -0.142 -0.057 +0.131 -0.197
 -0.059 -0.051 +0.184 -0.209 -0.160 -0.190 -0.025 +0.201 -0.227 +0.021
 -0.084 -0.076 +0.191 +0.095 -0.084 +0.105 +0.135 -0.051 -0.111 -0.180
 -0.150 -0.026 +0.038 -0.125 +0.123 -0.145 +0.034 -0.075 -0.237 +0.096
 -0.094 -0.141 -0.090 +0.047 -0.085 -0.158 +0.154 +0.134 -0.036 +0.073
 -0.134 +0.084 -0.005 -0.055 -0.061 -0.124 -0.093 -0.135 -0.094 -0.105
 +0.185 +0.124 +0.109 +0.171 -0.183 +0.197 +0.197 +0.099 +0.143 +0.192
 -0.019 +0.115 -0.233 -0.142 -0.045 -0.059 -0.110 -0.186 +0.163 -0.126
 +0.086 +0.102 -0.179 +0.166 -0.063 +0.039 +0.008 -0.094 -0.114 +0.094]

---------------------------- Optimal solution -----------------------------
Primal variables:         [+0.056 +0.130 +0.137 +0.011 +0.090 +0.055 +0.171 +0.041 +0.017 +0.234
 +0.140 +0.019 +0.180 +0.039 +0.062 +0.073 +0.173 +0.115 +0.053 +0.111
 +0.030 +0.228 +0.141 +0.117 +0.078 +0.011 +0.187 +0.135 +0.191 +0.197
 +0.018 +0.164 +0.013 +0.170 +0.110 +0.116 +0.164 +0.172 +0.065 +0.003
 +0.192 +0.000 +0.035 +0.144 +0.085 +0.058 +0.049 +0.068 +0.243 +0.054
 +0.089 +0.005 +0.153 +0.057 +0.185 +0.145 +0.104 +0.176 +0.242 +0.201
 +0.107 +0.238 +0.012 +0.182 +0.168 +0.131 +0.141 +0.180 +0.170 +0.198
 +0.028 +0.050 +0.179 +0.098 +0.084 +0.038 +0.025 +0.101 +0.145 +0.184
 +0.216 +0.240 +0.113 +0.100 +0.074 +0.206 +0.226 +0.191 +0.017 +0.151
 +0.000 +0.025 +0.243 +0.089 +0.163 +0.031 +0.239 +0.162 +0.233 +0.226
 +0.109 +0.232 +0.176 +0.066 +0.045 +0.163 +0.204 +0.226 +0.156 +0.040
 +0.070 +0.146 +0.028 +0.067 +0.000 +0.223 +0.231 +0.085 +0.105 +0.167
 +0.152 +0.164 +0.126 +0.158 +0.027 +0.237 +0.008 +0.024 +0.211 +0.152
 +0.174 +0.137 +0.202 +0.160 +0.049 +0.192 +0.086 +0.211 +0.085 +0.242
 +0.056 +0.159 +0.034 +0.032 +0.162 +0.178 +0.025 +0.144 +0.103 +0.034
 +0.129 +0.016 +0.223 +0.023 +0.215 +0.184 +0.028 +0.135 +0.241 +0.061
 +0.143 +0.141 +0.085 +0.029 +0.135 +0.141 +0.227 +0.156 +0.123 +0.046
 +0.097 +0.142 +0.181 +0.246 +0.048 +0.167 +0.103 +0.158 +0.001 +0.182
 +0.205 +0.011 +0.089 +0.055 +0.161 +0.021 +0.084 +0.164 +0.207 +0.047
 +0.004 +0.055 +0.194 +0.001 +0.172 +0.052 +0.206 +0.201 +0.234 +0.123]
Dual slacks:              [+0.000 +0.000 +0.000 +0.000 +0.000 +0.000 +0.000 +0.000 +0.000 +0.000
 +0.000 +0.000 +0.000 +0.000 +0.000 +0.000 +0.000 +0.000 +0.000 +0.000
 +0.000 +0.000 +0.000 +0.000 +0.000 +0.000 +0.000 +0.000 +0.000 +0.000
 +0.000 +0.000 +0.000 +0.000 +0.000 +0.000 +0.000 +0.000 +0.000 +0.000
 +0.000 +1.312 +0.000 +0.000 +0.000 +0.000 +0.000 +0.000 +0.000 +0.000
 +0.000 +0.000 +0.000 +0.000 +0.000 +0.000 +0.000 +0.000 +0.000 +0.000
 +0.000 +0.000 +0.000 +0.000 +0.000 +0.000 +0.000 +0.000 +0.000 +0.000
 +0.000 +0.000 +0.000 +0.000 +0.000 +0.000 +0.000 +0.000 +0.000 +0.000
 +0.000 +0.000 +0.000 +0.000 +0.000 +0.000 +0.000 +0.000 +0.000 +0.000
 +1.510 +0.000 +0.000 +0.000 +0.000 +0.000 +0.000 +0.000 +0.000 +0.000
 +0.000 +0.000 +0.000 +0.000 +0.000 +0.000 +0.000 +0.000 +0.000 +0.000
 +0.000 +0.000 +0.000 +0.000 +0.000 +0.000 +0.000 +0.000 +0.000 +0.000
 +0.000 +0.000 +0.000 +0.000 +0.000 +0.000 +0.000 +0.000 +0.000 +0.000
 +0.000 +0.000 +0.000 +0.000 +0.000 +0.000 +0.000 +0.000 +0.000 +0.000
 +0.000 +0.000 +0.000 +0.000 +0.000 +0.000 +0.000 +0.000 +0.000 +0.000
 +0.000 +0.000 +0.000 +0.000 +0.000 +0.000 +0.000 +0.000 +0.000 +0.000
 +0.000 +0.000 +0.000 +0.000 +0.000 +0.000 +0.000 +0.000 +0.000 +0.000
 +0.000 +0.000 +0.000 +0.000 +0.000 +0.000 +0.000 +0.000 +0.000 +0.000
 +0.000 +0.000 +0.000 +0.000 +0.000 +0.000 +0.000 +0.000 +0.000 +0.000
 +0.000 +0.000 +0.000 +0.000 +0.000 +0.000 +0.000 +0.000 +0.000 +0.000]
Dual variables:           [-0.118 +1.997]

Optimal objective:       -3.50259955e-01
===========================================================================

Method:                  II-QIPM
LO_Precision:            1.00e-01
Stop_Precision:          1.00e-03
LO_Verbosity:            2
Omega:                   1.00e+01

The Quantum Inexact Infeasible Interior-Point Method starts running ...


                  Objective                Residual                                Linear system           Step-length
Iter      Primal           Dual         Primal    Dual     Compl    ||Resl||  Cond-Num  ||M||   ||RHS||    a-star   a-hat      Time
   0   2.28091810e+01 -3.10936163e+00  1.92e+00 3.67e+01  5.60e+03  2.36e-15  4.00e+00 1.00e+00 9.52e+00  8.36e-01 7.40e-01      0s
   1   2.44962160e+01 -3.10936163e+00  8.68e-01 3.53e+01  5.40e+03  2.55e+01  3.98e+00 4.39e+00 2.55e+01  4.47e-01 3.84e-02      1s
   2   2.58669104e+01 -3.10936163e+00  5.78e-02 3.43e+01  5.26e+03  2.85e+01  3.91e+00 4.62e+00 2.85e+01  4.25e-01 2.88e-02      1s
   3   2.71782342e+01 -3.10936163e+00  7.85e-01 3.34e+01  5.14e+03  3.10e+01  3.85e+00 4.81e+00 3.10e+01  4.08e-01 2.59e-02      2s
   4   2.84369672e+01 -3.10936163e+00  1.55e+00 3.26e+01  5.03e+03  3.34e+01  3.79e+00 4.99e+00 3.34e+01  3.92e-01 2.35e-02      2s
   5   2.96437668e+01 -3.10936163e+00  2.28e+00 3.19e+01  4.93e+03  3.58e+01  3.73e+00 5.15e+00 3.58e+01  3.78e-01 2.13e-02      2s
   6   3.08043612e+01 -3.10936163e+00  2.98e+00 3.13e+01  4.85e+03  3.81e+01  3.67e+00 5.32e+00 3.81e+01  3.64e-01 1.95e-02      3s
   7   3.19209569e+01 -3.10936163e+00  3.65e+00 3.08e+01  4.77e+03  4.04e+01  3.62e+00 5.47e+00 4.04e+01  3.51e-01 1.79e-02      3s
   8   3.29947962e+01 -3.10936163e+00  4.29e+00 3.02e+01  4.70e+03  4.26e+01  3.56e+00 5.62e+00 4.26e+01  3.39e-01 1.64e-02      4s
   9   3.40314243e+01 -3.10936163e+00  4.91e+00 2.98e+01  4.63e+03  4.48e+01  3.50e+00 5.76e+00 4.48e+01  3.28e-01 1.52e-02      4s
  10   3.50300869e+01 -3.10936163e+00  5.50e+00 2.94e+01  4.57e+03  4.70e+01  3.45e+00 5.89e+00 4.70e+01  3.18e-01 1.41e-02      5s
  11   3.59951256e+01 -3.10936163e+00  6.07e+00 2.90e+01  4.52e+03  4.91e+01  3.39e+00 6.02e+00 4.91e+01  3.08e-01 1.31e-02      5s
  12   3.69269167e+01 -3.10936163e+00  6.62e+00 2.86e+01  4.47e+03  5.12e+01  3.34e+00 6.15e+00 5.12e+01  2.99e-01 1.22e-02      5s
  13   3.78295566e+01 -3.10936163e+00  7.15e+00 2.83e+01  4.42e+03  5.32e+01  3.29e+00 6.27e+00 5.32e+01  2.91e-01 1.14e-02      6s
  14   3.87025317e+01 -3.10936163e+00  7.66e+00 2.80e+01  4.38e+03  5.53e+01  3.24e+00 6.38e+00 5.53e+01  2.82e-01 1.06e-02      6s
  15   3.95488683e+01 -3.10936163e+00  8.15e+00 2.77e+01  4.34e+03  5.73e+01  3.19e+00 6.50e+00 5.73e+01  2.75e-01 9.97e-03      7s
  16   4.03689650e+01 -3.10936163e+00  8.63e+00 2.75e+01  4.31e+03  5.93e+01  3.15e+00 6.60e+00 5.93e+01  2.67e-01 9.36e-03      7s
  17   4.11656599e+01 -3.10936163e+00  9.09e+00 2.72e+01  4.27e+03  6.12e+01  3.10e+00 6.71e+00 6.12e+01  2.60e-01 8.83e-03      8s
  18   4.19385346e+01 -3.10936163e+00  9.54e+00 2.70e+01  4.24e+03  6.32e+01  3.06e+00 6.81e+00 6.32e+01  2.54e-01 8.32e-03      8s
  19   4.26895253e+01 -3.10936163e+00  9.98e+00 2.68e+01  4.21e+03  6.51e+01  3.01e+00 6.91e+00 6.51e+01  2.48e-01 7.85e-03      9s
  20   1.94465624e+01 -1.82329121e-01  1.53e+00 4.05e+00  7.01e+02 *2.78e-01  2.97e+00 7.00e+00 6.70e+01  8.96e-01 8.49e-01      9s
  21   1.23200870e+01 -1.82329121e-01  1.16e+00 3.43e+00  6.02e+02  1.58e+01  3.85e+00 4.20e+01 1.58e+01  6.48e-01 1.53e-01      9s
  22   8.60393248e+00 -1.82329121e-01  2.66e+00 3.19e+00  5.64e+02  2.27e+01  3.64e+00 5.06e+01 2.27e+01  5.84e-01 7.01e-02      9s
  23   5.22196115e+00 -1.82329121e-01  4.08e+00 3.00e+00  5.34e+02  2.66e+01  3.52e+00 5.51e+01 2.66e+01  5.53e-01 5.96e-02     10s
  24   2.11710863e+00 -1.82329121e-01  5.43e+00 2.85e+00  5.09e+02  3.05e+01  3.40e+00 5.91e+01 3.05e+01  5.25e-01 5.12e-02     10s
  25  -7.49721254e-01 -1.82329121e-01  6.71e+00 2.72e+00  4.88e+02  3.42e+01  3.29e+00 6.29e+01 3.42e+01  4.99e-01 4.45e-02     10s
  26  -3.41748875e+00 -1.82329121e-01  7.93e+00 2.61e+00  4.71e+02  3.78e+01  3.18e+00 6.64e+01 3.78e+01  4.76e-01 3.91e-02     10s
  27  -5.90726235e+00 -1.82329121e-01  9.08e+00 2.52e+00  4.56e+02  4.14e+01  3.08e+00 6.97e+01 4.14e+01  4.54e-01 3.45e-02     11s
  28  -2.15922243e-01 -3.76667096e-01  1.60e+00 4.43e-01  8.77e+01  9.46e-02  2.99e+00 7.27e+01 4.49e+01  8.83e-01 8.24e-01     11s
  29  -3.84993712e-01 -3.57347225e-01  6.91e-01 1.11e-01  2.36e+01 *8.60e-01  4.23e+00 4.55e+02 2.53e+01  9.72e-01 7.50e-01     11s
  30  -5.76892728e-01 -3.50117738e-01  4.23e-01 4.23e-03  1.01e+00 *4.15e-01  4.10e+00 1.97e+03 2.96e+01  9.78e-01 9.62e-01     11s
  31  -3.10332667e+00 -3.50117738e-01  1.82e+00 3.76e-03  9.12e-01  1.78e+01  3.86e+00 5.42e+04 1.78e+01  6.82e-01 1.11e-01     12s
  32  -3.10452899e+00 -3.50117738e-01  1.82e+00 3.76e-03  9.12e-01  2.29e+01  3.73e+00 6.18e+04 2.29e+01  6.42e-01 4.53e-05     13s

The solution quality is limited by the precision of the linear system solver.

The algorithm stopped after 33 iterations in 12.77 seconds.

Primal variables:   [+15.119 +15.748 +15.293 +15.871 +15.604 +15.373 +14.238 +17.518 +15.508
 +15.266 +15.687 +16.191 +14.949 +18.434 +14.534 +16.410 +16.074 +15.865
 +18.042 +16.406 +18.010 +13.378 +15.514 +17.361 +14.915 +17.250 +13.997
 +15.888 +18.467 +15.613 +16.173 +16.198 +17.416 +16.958 +16.836 +16.438
 +15.114 +15.384 +17.615 +17.175 +16.771 +0.021 +16.691 +17.701 +15.798
 +16.054 +16.056 +18.471 +18.217 +17.176 +17.297 +15.907 +17.667 +17.756
 +16.368 +17.476 +15.392 +16.584 +17.102 +16.018 +17.648 +17.267 +15.741
 +14.159 +18.615 +15.029 +17.774 +13.793 +18.480 +17.151 +16.764 +15.833
 +17.240 +16.326 +14.990 +16.871 +18.452 +16.363 +14.741 +16.113 +15.516
 +15.123 +15.111 +17.445 +16.996 +17.334 +16.170 +17.457 +17.183 +16.452
 +0.018 +17.884 +17.114 +16.035 +14.918 +15.018 +16.837 +17.364 +18.351
 +14.579 +15.941 +16.655 +15.962 +15.064 +17.182 +15.164 +16.868 +18.437
 +18.166 +18.545 +16.605 +17.401 +17.467 +14.935 +16.354 +18.234 +14.669
 +15.829 +17.017 +15.134 +15.417 +17.344 +18.384 +15.251 +15.389 +14.666
 +16.967 +17.927 +15.416 +15.871 +14.365 +15.066 +17.005 +17.040 +14.345
 +16.492 +17.702 +15.133 +15.569 +14.439 +15.261 +16.706 +18.376 +16.001
 +16.759 +15.150 +16.955 +16.694 +15.218 +17.205 +16.116 +14.545 +14.713
 +15.963 +15.344 +13.931 +16.889 +17.639 +16.399 +16.508 +14.279 +17.979
 +16.238 +16.299 +15.730 +15.029 +16.590 +15.270 +15.558 +16.380 +17.392
 +17.681 +16.384 +17.849 +15.557 +18.298 +17.084 +16.876 +16.747 +18.162
 +17.823 +16.979 +15.182 +15.485 +15.620 +17.170 +15.930 +14.839 +18.649
 +14.792 +18.206 +16.387 +15.053 +16.722 +15.915 +16.129 +16.019 +14.301
 +14.418 +16.245]
Dual slacks:        [+0.000 +0.000 +0.000 +0.000 +0.000 +0.000 +0.000 +0.000 +0.000 +0.000
 +0.000 +0.000 +0.000 +0.000 +0.000 +0.000 +0.000 +0.000 +0.000 +0.000
 +0.000 +0.000 +0.000 +0.000 +0.000 +0.000 +0.000 +0.000 +0.000 +0.000
 +0.000 +0.000 +0.000 +0.000 +0.000 +0.000 +0.000 +0.000 +0.000 +0.000
 +0.000 +1.312 +0.000 +0.000 +0.000 +0.000 +0.000 +0.000 +0.000 +0.000
 +0.000 +0.000 +0.000 +0.000 +0.000 +0.000 +0.000 +0.000 +0.000 +0.000
 +0.000 +0.000 +0.000 +0.000 +0.000 +0.000 +0.000 +0.000 +0.000 +0.000
 +0.000 +0.000 +0.000 +0.000 +0.000 +0.000 +0.000 +0.000 +0.000 +0.000
 +0.000 +0.000 +0.000 +0.000 +0.000 +0.000 +0.000 +0.000 +0.000 +0.000
 +1.510 +0.000 +0.000 +0.000 +0.000 +0.000 +0.000 +0.000 +0.000 +0.000
 +0.000 +0.000 +0.000 +0.000 +0.000 +0.000 +0.000 +0.000 +0.000 +0.000
 +0.000 +0.000 +0.000 +0.000 +0.000 +0.000 +0.000 +0.000 +0.000 +0.000
 +0.000 +0.000 +0.000 +0.000 +0.000 +0.000 +0.000 +0.000 +0.000 +0.000
 +0.000 +0.000 +0.000 +0.000 +0.000 +0.000 +0.000 +0.000 +0.000 +0.000
 +0.000 +0.000 +0.000 +0.000 +0.000 +0.000 +0.000 +0.000 +0.000 +0.000
 +0.000 +0.000 +0.000 +0.000 +0.000 +0.000 +0.000 +0.000 +0.000 +0.000
 +0.000 +0.000 +0.000 +0.000 +0.000 +0.000 +0.000 +0.000 +0.000 +0.000
 +0.000 +0.000 +0.000 +0.000 +0.000 +0.000 +0.000 +0.000 +0.000 +0.000
 +0.000 +0.000 +0.000 +0.000 +0.000 +0.000 +0.000 +0.000 +0.000 +0.000
 +0.000 +0.000 +0.000 +0.000 +0.000 +0.000 +0.000 +0.000 +0.000 +0.000]
Dual variables:     [-0.118 +1.996]

Primal objective:   -3.10452899e+00
Dual objective:     -3.50117738e-01

Primal residual:    1.82e+00
Dual residual:      3.76e-03
Complementraty:     9.12e-01

Number of Iter:     33
Run time:           12.77
