
--------------- Linear optimization problem characteristics ---------------
Seed:                    85
Number of variables:     50
Number of constraints:   2

Norm of primal sol:      2.00e+00
Norm of dual sol:        2.00e+00
Norm of dual slacks:     2.00e+00

Norm of vector b:        5.50e-01
Norm of vector c:        2.29e+00

Norm of matrix A:        1.00e+00
Condition number:        2.00e+00

----------------------- Linear optimization problem -----------------------
Coeff matrix A:          [[+0.215 -0.075 +0.125 -0.178 -0.049 +0.128 -0.062 +0.195 -0.128 -0.130
 -0.227 +0.162 -0.146 +0.046 +0.018 -0.070 +0.143 -0.064 +0.040 -0.018
 -0.069 -0.129 -0.054 +0.078 -0.002 -0.061 -0.071 -0.043 +0.011 +0.015
 -0.152 +0.096 -0.206 +0.180 -0.083 -0.002 -0.146 -0.040 -0.101 -0.130
 +0.086 +0.084 -0.087 -0.108 -0.222 -0.050 -0.136 +0.066 -0.185 -0.120]
                          [+0.161 -0.068 -0.057 -0.060 -0.137 +0.021 -0.004 +0.127 -0.141 +0.006
 -0.204 +0.084 -0.012 -0.122 -0.042 +0.105 +0.187 -0.172 -0.018 +0.125
 -0.003 -0.066 +0.109 -0.116 +0.119 -0.099 +0.092 -0.097 -0.060 -0.097
 -0.049 -0.003 -0.130 +0.079 +0.025 -0.103 -0.138 +0.074 -0.190 +0.088
 +0.157 +0.100 -0.077 -0.128 -0.172 -0.083 -0.096 +0.089 -0.058 -0.097]]

RHS vector b:            [-0.461 -0.301]
Obj vector c:            [-0.033 +1.995 +0.233 -0.095 +0.175 +0.105 -0.062 +0.002 +0.095 -0.153
 +0.092 +0.038 -0.141 +0.254 +0.090 -0.253 -0.155 +0.217 +0.074 -0.229
 -0.070 -0.030 -0.242 +0.280 -0.202 +0.098 -0.232 +0.115 +0.113 +0.179
 -0.084 +0.110 -0.009 +0.065 -0.133 +0.169 +0.070 -0.166 +0.206 -0.290
 -0.168 -0.075 +0.034 +0.095 +0.043 +0.471 +0.012 -0.077 -0.105 +0.030]

---------------------------- Optimal solution -----------------------------
Primal variables:         [+0.336 +0.000 +0.161 +0.354 +0.148 +0.283 +0.202 +0.200 +0.397 +0.351
 +0.501 +0.123 +0.219 +0.478 +0.113 +0.116 +0.153 +0.245 +0.183 +0.006
 +0.215 +0.373 +0.452 +0.171 +0.389 +0.273 +0.199 +0.099 +0.290 +0.017
 +0.324 +0.420 +0.121 +0.339 +0.223 +0.336 +0.130 +0.166 +0.140 +0.051
 +0.283 +0.469 +0.227 +0.119 +0.535 +0.000 +0.001 +0.327 +0.529 +0.363]
Dual slacks:              [+0.000 +1.962 +0.000 +0.000 +0.000 +0.000 +0.000 +0.000 +0.000 +0.000
 +0.000 +0.000 +0.000 +0.000 +0.000 +0.000 +0.000 +0.000 +0.000 +0.000
 +0.000 +0.000 +0.000 +0.000 +0.000 +0.000 +0.000 +0.000 +0.000 +0.000
 +0.000 +0.000 +0.000 +0.000 +0.000 +0.000 +0.000 +0.000 +0.000 +0.000
 +0.000 +0.000 +0.000 +0.000 +0.000 +0.387 +0.000 +0.000 +0.000 +0.000]
Dual variables:           [+1.097 -1.672]

Optimal objective:       -2.09866119e-03
===========================================================================

Method:                  II-QIPM
LO_Precision:            1.00e-01
Stop_Precision:          1.00e-03
LO_Verbosity:            2
Omega:                   1.00e+01

The Quantum Inexact Infeasible Interior-Point Method starts running ...


                  Objective                Residual                                Linear system           Step-length
Iter      Primal           Dual         Primal    Dual     Compl    ||Resl||  Cond-Num  ||M||   ||RHS||    a-star   a-hat      Time
   0   2.07156163e+01 -6.22518544e+00  9.59e+00 3.44e+01  2.58e+03  3.55e-15  4.00e+00 1.00e+00 2.12e+01  6.32e-01 5.11e-01      0s
   1   2.02294986e+01 -5.77816312e+00  8.57e+00 3.08e+01  2.33e+03 *2.60e-02  4.68e+00 2.48e+00 1.87e+01  6.66e-01 1.06e-01      1s
   2   1.96581399e+01 -5.24922924e+00  7.52e+00 2.70e+01  2.07e+03 *1.07e-02  4.89e+00 2.95e+00 2.28e+01  6.97e-01 1.23e-01      1s
   3   1.89714491e+01 -4.62002817e+00  6.41e+00 2.30e+01  1.79e+03 *4.22e-02  5.12e+00 3.59e+00 2.72e+01  7.34e-01 1.48e-01      1s
   4   1.81077441e+01 -3.87009119e+00  5.20e+00 1.87e+01  1.48e+03 *1.53e-01  5.39e+00 4.54e+00 3.23e+01  7.78e-01 1.88e-01      1s
   5   1.67989347e+01 -2.95754774e+00  3.86e+00 1.38e+01  1.13e+03 *9.11e-02  5.70e+00 6.08e+00 3.83e+01  8.34e-01 2.58e-01      1s
   6   1.44930753e+01 -1.80937736e+00  2.29e+00 8.23e+00  6.99e+02 *2.73e-02  6.06e+00 9.02e+00 4.56e+01  9.05e-01 4.05e-01      1s
   7   9.43275126e+00 -2.16510881e-01  3.96e-01 9.51e-01  9.42e+01 *3.32e-01  6.48e+00 1.71e+01 5.50e+01  9.78e-01 8.84e-01      2s
   8   3.32509822e+00 -5.27243698e-03  6.72e-01 5.12e-02  6.96e+00 *6.92e-01  6.65e+00 1.70e+02 6.65e+01  9.79e-01 9.46e-01      2s
   9   3.85168942e-01 -2.80276481e-03  8.75e-02 4.69e-03  7.37e-01 *4.05e-02  4.03e+00 2.09e+03 1.27e+01  9.46e-01 9.08e-01      2s
  10  -1.41826483e-01 -2.13787996e-03  8.23e-02 2.89e-04  5.26e-02 *9.22e-02  5.05e+00 3.16e+04 4.56e+01  9.71e-01 9.38e-01      2s

The algorithm stopped after 11 iterations in 2.16 seconds.

Primal variables:   [+36.115 +0.004 +22.511 +13.260 +15.626 +23.829 +16.250 +31.874 +13.797
 +14.661 +11.547 +27.318 +14.200 +18.437 +18.303 +16.811 +27.694 +14.985
 +19.278 +18.520 +16.073 +14.244 +17.273 +19.634 +19.023 +15.595 +16.696
 +16.054 +17.913 +17.701 +13.842 +21.757 +12.326 +28.888 +15.897 +17.139
 +13.435 +17.435 +14.047 +15.161 +23.223 +22.424 +15.123 +14.307 +11.802
 +0.026 +13.913 +21.407 +13.130 +14.250]
Dual slacks:        [+0.000 +1.962 +0.000 +0.000 +0.000 +0.000 +0.000 +0.000 +0.000 +0.000
 +0.000 +0.000 +0.000 +0.000 +0.000 +0.000 +0.000 +0.000 +0.000 +0.000
 +0.000 +0.000 +0.000 +0.000 +0.000 +0.000 +0.000 +0.000 +0.000 +0.000
 +0.000 +0.000 +0.000 +0.000 +0.000 +0.000 +0.000 +0.000 +0.000 +0.000
 +0.000 +0.000 +0.000 +0.000 +0.000 +0.387 +0.000 +0.000 +0.000 +0.000]
Dual variables:     [+1.097 -1.672]

Primal objective:   -1.41826483e-01
Dual objective:     -2.13787996e-03

Primal residual:    8.23e-02
Dual residual:      2.89e-04
Complementraty:     5.26e-02

Number of Iter:     11
Run time:           2.16
