
--------------- Linear optimization problem characteristics ---------------
Seed:                    36
Number of variables:     50
Number of constraints:   2

Norm of primal sol:      2.00e+00
Norm of dual sol:        2.00e+00
Norm of dual slacks:     2.00e+00

Norm of vector b:        4.95e-01
Norm of vector c:        2.20e+00

Norm of matrix A:        1.00e+00
Condition number:        2.00e+00

----------------------- Linear optimization problem -----------------------
Coeff matrix A:          [[-0.054 -0.043 -0.105 -0.210 +0.131 +0.172 -0.063 +0.183 +0.113 +0.108
 -0.013 +0.213 -0.092 +0.042 +0.030 -0.081 +0.102 -0.126 -0.144 +0.066
 -0.115 -0.099 +0.138 -0.195 +0.013 +0.074 +0.062 -0.013 -0.094 +0.100
 -0.071 +0.140 +0.200 -0.010 -0.130 +0.150 +0.160 +0.209 -0.203 +0.119
 +0.197 -0.095 -0.131 -0.126 -0.021 -0.064 +0.134 +0.167 -0.108 +0.036]
                          [-0.043 -0.057 +0.076 -0.097 +0.116 -0.000 +0.130 +0.030 +0.034 -0.083
 -0.040 +0.193 -0.173 +0.121 -0.003 +0.078 -0.029 -0.019 -0.040 +0.069
 +0.022 -0.108 +0.015 -0.153 -0.085 +0.147 +0.122 -0.071 -0.024 +0.047
 +0.012 +0.110 +0.171 +0.047 -0.004 -0.004 -0.025 +0.177 -0.168 +0.012
 +0.139 +0.043 +0.121 -0.072 -0.098 -0.127 +0.178 +0.192 +0.056 -0.009]]

RHS vector b:            [+0.332 +0.367]
Obj vector c:            [-0.030 +0.006 -0.258 -0.203 +0.057 +0.267 -0.261 +0.246 +0.131 +0.272
 +0.030 +0.087 +0.075 -0.087 +0.050 -0.223 +0.195 -0.172 -0.172 +0.015
 -0.207 -0.017 +0.196 -0.109 +0.127 -0.071 -0.058 +0.069 -0.116 +0.096
 -0.126 +0.078 +0.094 -0.075 -0.197 +0.238 +0.280 +0.101 -0.103 +0.170
 +0.130 +1.216 -0.356 -0.105 +0.090 +1.472 -0.016 +0.016 -0.238 +0.068]

---------------------------- Optimal solution -----------------------------
Primal variables:         [+0.430 +0.355 +0.562 +0.084 +0.476 +0.214 +0.110 +0.153 +0.372 +0.019
 +0.559 +0.534 +0.325 +0.116 +0.137 +0.001 +0.133 +0.222 +0.267 +0.145
 +0.272 +0.124 +0.396 +0.267 +0.350 +0.193 +0.132 +0.127 +0.101 +0.013
 +0.371 +0.314 +0.144 +0.310 +0.103 +0.202 +0.589 +0.137 +0.015 +0.089
 +0.285 +0.000 +0.378 +0.248 +0.110 +0.000 +0.285 +0.473 +0.238 +0.259]
Dual slacks:              [+0.000 +0.000 +0.000 +0.000 +0.000 +0.000 +0.000 +0.000 +0.000 +0.000
 +0.000 +0.000 +0.000 +0.000 +0.000 +0.000 +0.000 +0.000 +0.000 +0.000
 +0.000 +0.000 +0.000 +0.000 +0.000 +0.000 +0.000 +0.000 +0.000 +0.000
 +0.000 +0.000 +0.000 +0.000 +0.000 +0.000 +0.000 +0.000 +0.000 +0.000
 +0.000 +1.418 +0.000 +0.000 +0.000 +1.410 +0.000 +0.000 +0.000 +0.000]
Dual variables:           [+1.551 -1.262]

Optimal objective:       +5.23011496e-02
===========================================================================

Method:                  II-QIPM
LO_Precision:            1.00e-01
Stop_Precision:          1.00e-03
LO_Verbosity:            2
Omega:                   1.00e+01

The Quantum Inexact Infeasible Interior-Point Method starts running ...


                  Objective                Residual                                Linear system           Step-length
Iter      Primal           Dual         Primal    Dual     Compl    ||Resl||  Cond-Num  ||M||   ||RHS||    a-star   a-hat      Time
   0   2.84913478e+01 -4.63874529e+00  4.10e+00 2.66e+01  2.02e+03 *3.66e-15  4.00e+00 1.00e+00 1.19e+01  7.39e-01 6.22e-01      0s
   1   2.72901226e+01 -3.78465936e+00  3.19e+00 2.07e+01  1.61e+03  3.57e-01  4.54e+00 3.08e+00 2.01e+01  7.94e-01 2.20e-01      1s
   2   2.50274160e+01 -2.82621684e+00  2.29e+00 1.49e+01  1.19e+03  1.54e-01  4.70e+00 4.23e+00 2.41e+01  8.49e-01 2.81e-01      1s
   3   2.05442954e+01 -1.65582332e+00  1.31e+00 8.49e+00  7.12e+02  7.33e-02  4.89e+00 6.35e+00 2.88e+01  9.11e-01 4.31e-01      1s
   4   1.45266035e+01 -7.07869231e-01  5.94e-01 3.68e+00  3.29e+02  3.93e-01  5.16e+00 1.24e+01 3.52e+01  9.52e-01 5.67e-01      1s
   5   7.11911624e+00 -5.52461802e-02  8.57e-01 5.41e-01  5.52e+01  9.68e-01  5.34e+00 3.19e+01 4.16e+01  9.78e-01 8.53e-01      1s
   6   1.07131175e+00  4.78218068e-02  8.10e-02 4.63e-02  5.52e+00  8.33e-03  5.00e+00 2.30e+02 4.20e+01  9.51e-01 9.14e-01      1s
   7  -5.63635680e-01  5.21260712e-02  3.84e-01 1.79e-03  2.57e-01  4.02e-01  4.55e+00 2.46e+03 3.01e+01  9.78e-01 9.61e-01      2s
   8   6.38268279e-02  5.22277485e-02  2.16e-01 7.07e-04  1.08e-01 *3.16e-01  4.17e+00 6.62e+04 1.64e+01  9.75e-01 6.05e-01      2s
   9   6.46787389e-02  5.22278162e-02  2.16e-01 7.07e-04  1.08e-01 *5.83e-01  4.23e+00 1.81e+05 1.84e+01  9.80e-01 9.44e-04      2s

The solution quality is limited by the precision of the linear system solver.

The algorithm stopped after 10 iterations in 2.25 seconds.

Primal variables:   [+19.254 +19.866 +15.413 +22.376 +14.111 +17.397 +13.998 +16.410 +16.314
 +20.931 +19.077 +12.363 +29.011 +14.083 +17.607 +15.311 +18.509 +18.424
 +19.319 +15.372 +16.980 +22.827 +16.904 +26.968 +21.178 +13.453 +14.042
 +20.507 +18.541 +15.965 +17.219 +14.246 +12.840 +16.081 +17.900 +17.532
 +18.295 +12.708 +28.963 +17.012 +13.547 +0.009 +14.344 +20.744 +21.991
 +0.007 +12.730 +12.411 +15.962 +17.834]
Dual slacks:        [+0.000 +0.000 +0.000 +0.000 +0.000 +0.000 +0.000 +0.000 +0.000 +0.000
 +0.000 +0.000 +0.000 +0.000 +0.000 +0.000 +0.000 +0.000 +0.000 +0.000
 +0.000 +0.000 +0.000 +0.000 +0.000 +0.000 +0.000 +0.000 +0.000 +0.000
 +0.000 +0.000 +0.000 +0.000 +0.000 +0.000 +0.000 +0.000 +0.000 +0.000
 +0.000 +1.418 +0.000 +0.000 +0.000 +1.410 +0.000 +0.000 +0.000 +0.000]
Dual variables:     [+1.551 -1.263]

Primal objective:   6.46787389e-02 
Dual objective:     5.22278162e-02 

Primal residual:    2.16e-01
Dual residual:      7.07e-04
Complementraty:     1.08e-01

Number of Iter:     10
Run time:           2.25
