
--------------- Linear optimization problem characteristics ---------------
Seed:                    47
Number of variables:     50
Number of constraints:   2

Norm of primal sol:      2.00e+00
Norm of dual sol:        2.00e+00
Norm of dual slacks:     2.00e+00

Norm of vector b:        2.03e-01
Norm of vector c:        2.32e+00

Norm of matrix A:        1.00e+00
Condition number:        2.00e+00

----------------------- Linear optimization problem -----------------------
Coeff matrix A:          [[-0.180 -0.018 +0.206 +0.204 -0.134 -0.047 +0.037 +0.083 -0.034 +0.019
 +0.025 -0.087 +0.134 +0.188 +0.012 +0.160 +0.093 +0.039 +0.123 -0.083
 -0.216 +0.132 +0.129 -0.095 -0.029 -0.058 +0.221 -0.096 -0.216 -0.248
 +0.066 -0.078 -0.018 +0.231 -0.138 -0.074 +0.249 +0.110 +0.097 -0.181
 -0.215 -0.170 -0.195 +0.077 +0.039 +0.087 -0.168 +0.031 +0.210 -0.154]
                          [+0.060 -0.067 +0.110 +0.060 -0.017 -0.007 +0.083 +0.090 -0.111 -0.054
 -0.085 -0.002 +0.075 +0.118 +0.118 -0.040 +0.098 +0.080 -0.082 +0.014
 -0.013 -0.054 -0.041 +0.037 -0.043 -0.053 +0.060 -0.138 -0.063 -0.094
 +0.074 -0.036 -0.041 +0.038 +0.015 +0.039 +0.147 +0.063 -0.107 +0.069
 +0.049 -0.085 +0.097 -0.079 +0.047 +0.106 -0.037 +0.127 +0.126 +0.044]]

RHS vector b:            [-0.060 +0.194]
Obj vector c:            [-0.169 +1.867 -0.159 -0.061 -0.005 +0.001 -0.154 -0.155 +0.211 +0.113
 +0.176 -0.020 -0.112 -0.181 -0.230 +0.125 -0.168 -0.148 +0.197 -0.052
 -0.035 +0.144 +0.117 -0.101 +0.077 +0.089 +0.931 +0.247 +0.063 +0.117
 -0.129 +0.048 +0.076 -0.011 -0.069 -0.098 -0.220 -0.094 +0.239 -0.187
 -0.157 +0.120 -0.247 +0.177 -0.081 -0.186 +0.026 -0.243 -0.190 -0.130]

---------------------------- Optimal solution -----------------------------
Primal variables:         [+0.060 +0.000 +0.387 +0.187 +0.376 +0.425 +0.343 +0.220 +0.375 +0.131
 +0.136 +0.013 +0.052 +0.160 +0.340 +0.171 +0.098 +0.487 +0.144 +0.145
 +0.507 +0.067 +0.397 +0.003 +0.455 +0.370 +0.000 +0.497 +0.272 +0.094
 +0.285 +0.156 +0.006 +0.469 +0.349 +0.500 +0.396 +0.142 +0.192 +0.280
 +0.290 +0.137 +0.093 +0.192 +0.074 +0.207 +0.251 +0.514 +0.077 +0.273]
Dual slacks:              [+0.000 +1.739 +0.000 +0.000 +0.000 +0.000 +0.000 +0.000 +0.000 +0.000
 +0.000 +0.000 +0.000 +0.000 +0.000 +0.000 +0.000 +0.000 +0.000 +0.000
 +0.000 +0.000 +0.000 +0.000 +0.000 +0.000 +0.987 +0.000 +0.000 +0.000
 +0.000 +0.000 +0.000 +0.000 +0.000 +0.000 +0.000 +0.000 +0.000 +0.000
 +0.000 +0.000 +0.000 +0.000 +0.000 +0.000 +0.000 +0.000 +0.000 +0.000]
Dual variables:           [+0.281 -1.980]

Optimal objective:       -4.01169393e-01
===========================================================================

Method:                  II-QIPM
LO_Precision:            1.00e-01
Stop_Precision:          1.00e-03
LO_Verbosity:            2
Omega:                   1.00e+01

The Quantum Inexact Infeasible Interior-Point Method starts running ...


                  Objective                Residual                                Linear system           Step-length
Iter      Primal           Dual         Primal    Dual     Compl    ||Resl||  Cond-Num  ||M||   ||RHS||    a-star   a-hat      Time
   0   2.26777775e+01 -3.85324180e+00  2.54e+00 2.64e+01  2.00e+03 *1.11e-16  4.00e+00 1.00e+00 8.07e+00  7.42e-01 6.26e-01      0s
   1   2.36119055e+01 -3.85324180e+00  2.02e+00 2.55e+01  1.94e+03  1.30e+01  3.10e+00 2.67e+00 1.30e+01  4.29e-01 3.40e-02      0s
   2   2.21793159e+01 -2.71200873e+00  1.29e+00 1.63e+01  1.29e+03 *1.40e-03  3.00e+00 2.80e+00 1.48e+01  8.89e-01 3.61e-01      1s
   3   1.77055960e+01 -1.36439433e+00  5.08e-01 6.51e+00  5.50e+02 *8.40e-02  2.84e+00 4.58e+00 1.82e+01  9.54e-01 6.01e-01      1s
   4   7.66344052e+00 -4.27540618e-01  3.06e-02 2.81e-01  3.29e+01 *2.01e-02  2.67e+00 1.23e+01 2.26e+01  9.82e-01 9.57e-01      1s
   5   1.02801827e+01 -4.27540618e-01  3.76e+00 2.34e-01  2.79e+01  2.25e+01  3.04e+00 3.02e+02 2.25e+01  4.95e-01 1.67e-01      1s
   6   5.47815020e-01 -4.00911359e-01  6.54e-01 3.14e-02  4.21e+00 *4.59e-01  2.80e+00 3.99e+02 3.69e+01  9.29e-01 8.66e-01      1s
   7  -1.40841379e+00 -4.00911359e-01  2.39e+00 1.81e-02  2.53e+00  6.44e+00  3.61e+00 2.97e+03 6.44e+00  8.91e-01 4.23e-01      1s
   8  -2.22900114e+00 -4.00911359e-01  4.35e+00 1.53e-02  2.17e+00  1.52e+01  3.71e+00 5.60e+03 1.52e+01  8.12e-01 1.54e-01      2s
   9  -2.22910570e+00 -4.00911359e-01  4.35e+00 1.53e-02  2.17e+00  2.01e+01  3.77e+00 6.90e+03 2.01e+01  7.77e-01 1.78e-05      2s

The solution quality is limited by the precision of the linear system solver.

The algorithm stopped after 10 iterations in 2.02 seconds.

Primal variables:   [+13.521 +0.135 +12.959 +14.480 +15.905 +15.805 +13.186 +13.117 +21.569
 +18.141 +20.097 +15.512 +13.698 +12.652 +12.222 +18.286 +12.913 +13.279
 +20.594 +14.965 +15.656 +18.883 +18.155 +14.238 +17.304 +17.627 +0.313
 +23.559 +17.480 +18.832 +13.509 +16.776 +17.284 +15.330 +14.842 +14.221
 +12.101 +13.987 +22.602 +13.284 +13.823 +18.659 +12.556 +20.080 +14.262
 +12.684 +16.578 +12.020 +12.519 +13.984]
Dual slacks:        [+0.002 +1.741 +0.003 +0.003 +0.002 +0.002 +0.002 +0.002 +0.002 +0.002
 +0.002 +0.002 +0.002 +0.003 +0.002 +0.003 +0.002 +0.002 +0.002 +0.002
 +0.002 +0.002 +0.002 +0.002 +0.002 +0.002 +0.990 +0.002 +0.002 +0.002
 +0.002 +0.002 +0.002 +0.003 +0.002 +0.002 +0.003 +0.002 +0.002 +0.002
 +0.002 +0.002 +0.002 +0.002 +0.002 +0.002 +0.002 +0.002 +0.003 +0.002]
Dual variables:     [+0.279 -1.979]

Primal objective:   -2.22910570e+00
Dual objective:     -4.00911359e-01

Primal residual:    4.35e+00
Dual residual:      1.53e-02
Complementraty:     2.17e+00

Number of Iter:     10
Run time:           2.02
