
--------------- Linear optimization problem characteristics ---------------
Seed:                    25
Number of variables:     50
Number of constraints:   2

Norm of primal sol:      2.00e+00
Norm of dual sol:        2.00e+00
Norm of dual slacks:     2.00e+00

Norm of vector b:        1.90e-01
Norm of vector c:        2.88e+00

Norm of matrix A:        1.00e+00
Condition number:        2.00e+00

----------------------- Linear optimization problem -----------------------
Coeff matrix A:          [[-0.126 +0.182 +0.031 -0.060 +0.042 -0.045 -0.062 +0.072 -0.020 +0.110
 +0.039 -0.085 +0.051 +0.122 -0.154 -0.043 +0.193 -0.075 -0.112 -0.076
 -0.018 +0.183 -0.082 -0.147 +0.137 -0.144 +0.229 -0.011 +0.159 +0.189
 +0.027 +0.036 -0.058 -0.225 +0.003 -0.169 +0.092 -0.162 +0.063 +0.038
 +0.185 +0.140 -0.047 -0.077 -0.082 +0.097 +0.059 +0.187 -0.212 +0.074]
                          [+0.148 -0.091 +0.083 -0.105 +0.129 -0.094 -0.004 -0.094 +0.059 -0.089
 +0.056 +0.120 -0.161 -0.065 +0.052 -0.054 -0.120 +0.031 +0.184 +0.144
 -0.120 -0.187 -0.129 -0.101 -0.096 -0.071 -0.149 -0.019 -0.184 -0.117
 -0.010 +0.049 +0.129 +0.161 -0.012 +0.049 +0.007 +0.164 +0.050 -0.127
 -0.029 -0.153 -0.056 +0.016 -0.061 -0.036 +0.047 -0.110 +0.175 +0.062]]

RHS vector b:            [+0.024 -0.188]
Obj vector c:            [+0.378 -0.402 +0.047 -0.026 +0.084 -0.038 +0.095 -0.227 +0.102 -0.283
 +0.003 +0.279 -0.271 -0.273 +0.311 +0.006 -0.453 +0.157 +0.398 +1.996
 -0.111 -0.516 -0.020 +0.120 +0.713 +0.150 -0.545 -0.005 -0.473 -0.442
 -0.056 -0.001 +0.246 +0.553 -0.019 +0.331 -0.141 +0.455 -0.044 -0.211
 -0.333 -0.405 +0.011 +0.143 +0.062 -0.199 -0.040 -0.432 +0.549 -0.048]

---------------------------- Optimal solution -----------------------------
Primal variables:         [+0.457 +0.306 +0.147 +0.098 +0.216 +0.062 +0.360 +0.230 +0.292 +0.193
 +0.211 +0.059 +0.235 +0.308 +0.085 +0.274 +0.171 +0.367 +0.193 +0.000
 +0.253 +0.271 +0.201 +0.524 +0.000 +0.294 +0.018 +0.378 +0.221 +0.230
 +0.148 +0.473 +0.352 +0.240 +0.152 +0.276 +0.294 +0.392 +0.435 +0.433
 +0.041 +0.339 +0.163 +0.276 +0.504 +0.464 +0.155 +0.269 +0.047 +0.337]
Dual slacks:              [+0.000 +0.000 +0.000 +0.000 +0.000 +0.000 +0.000 +0.000 +0.000 +0.000
 +0.000 +0.000 +0.000 +0.000 +0.000 +0.000 +0.000 +0.000 +0.000 +1.704
 +0.000 +0.000 +0.000 +0.000 +1.048 +0.000 +0.000 +0.000 +0.000 +0.000
 +0.000 +0.000 +0.000 +0.000 +0.000 +0.000 +0.000 +0.000 +0.000 +0.000
 +0.000 +0.000 +0.000 +0.000 +0.000 +0.000 +0.000 +0.000 +0.000 +0.000]
Dual variables:           [-1.619 +1.174]

Optimal objective:       -2.60475496e-01
===========================================================================

Method:                  II-QIPM
LO_Precision:            1.00e-01
Stop_Precision:          1.00e-03
LO_Verbosity:            2
Omega:                   1.00e+01

The Quantum Inexact Infeasible Interior-Point Method starts running ...


                  Objective                Residual                                Linear system           Step-length
Iter      Primal           Dual         Primal    Dual     Compl    ||Resl||  Cond-Num  ||M||   ||RHS||    a-star   a-hat      Time
   0   2.29512346e+01 -2.09618278e+00  2.67e+00 2.25e+01  1.72e+03 *4.44e-15  4.00e+00 1.00e+00 1.12e+01  7.90e-01 6.81e-01      0s
   1   2.10591846e+01 -1.41603804e+00  1.57e+00 1.33e+01  1.06e+03  6.17e-04  5.00e+00 4.06e+00 2.24e+01  9.06e-01 4.10e-01      1s
   2   1.60122899e+01 -7.88063770e-01  6.90e-01 5.62e+00  4.77e+02  3.37e-01  5.17e+00 7.48e+00 2.74e+01  9.40e-01 5.77e-01      1s
   3   6.71046088e+00 -3.16564506e-01  5.12e-01 5.81e-01  5.88e+01  5.42e-01  5.20e+00 1.93e+01 3.22e+01  9.76e-01 8.97e-01      1s
   4  -6.78689195e-01 -2.60922847e-01  1.02e+00 3.04e-02  3.93e+00  1.05e+00  4.41e+00 1.78e+02 2.41e+01  9.79e-01 9.48e-01      1s
   5   1.98384392e-02 -2.60595808e-01  5.44e-01 2.81e-03  4.12e-01 *5.42e-01  4.36e+00 3.35e+03 1.82e+01  9.45e-01 9.07e-01      1s
   6  -2.44837876e-01 -2.60473739e-01  2.84e-02 1.43e-04  2.45e-02  7.52e-04  4.80e+00 4.61e+04 3.08e+01  9.78e-01 9.49e-01      1s

The algorithm stopped after 7 iterations in 1.44 seconds.

Primal variables:   [+22.406 +16.291 +21.014 +15.088 +23.838 +15.374 +17.395 +15.775 +19.591
 +16.047 +19.966 +21.483 +14.322 +16.694 +18.442 +16.245 +15.634 +18.275
 +25.022 +0.002 +14.913 +14.173 +14.551 +14.910 +0.004 +15.512 +15.098
 +17.254 +14.169 +15.686 +17.689 +19.681 +22.259 +21.902 +17.516 +18.271
 +18.615 +22.836 +19.922 +14.964 +18.043 +14.743 +16.189 +17.838 +15.943
 +17.352 +19.782 +15.834 +22.800 +20.532]
Dual slacks:        [+0.000 +0.000 +0.000 +0.000 +0.000 +0.000 +0.000 +0.000 +0.000 +0.000
 +0.000 +0.000 +0.000 +0.000 +0.000 +0.000 +0.000 +0.000 +0.000 +1.704
 +0.000 +0.000 +0.000 +0.000 +1.048 +0.000 +0.000 +0.000 +0.000 +0.000
 +0.000 +0.000 +0.000 +0.000 +0.000 +0.000 +0.000 +0.000 +0.000 +0.000
 +0.000 +0.000 +0.000 +0.000 +0.000 +0.000 +0.000 +0.000 +0.000 +0.000]
Dual variables:     [-1.619 +1.174]

Primal objective:   -2.44837876e-01
Dual objective:     -2.60473739e-01

Primal residual:    2.84e-02
Dual residual:      1.43e-04
Complementraty:     2.45e-02

Number of Iter:     7
Run time:           1.44
