
--------------- Linear optimization problem characteristics ---------------
Seed:                    34
Number of variables:     500
Number of constraints:   2

Norm of primal sol:      2.00e+00
Norm of dual sol:        2.00e+00
Norm of dual slacks:     2.00e+00

Norm of vector b:        1.06e-01
Norm of vector c:        2.78e+00

Norm of matrix A:        1.00e+00
Condition number:        2.00e+00

----------------------- Linear optimization problem -----------------------
Coeff matrix A:          [[+0.006 -0.001 +0.039 +0.018 +0.007 +0.008 +0.056 +0.006 +0.014 -0.061
 +0.024 -0.032 +0.012 +0.052 +0.052 +0.051 -0.020 -0.020 +0.051 +0.021
 +0.023 -0.010 +0.040 -0.004 +0.043 +0.009 +0.021 +0.066 +0.051 -0.039
 -0.065 -0.024 -0.040 +0.039 -0.003 -0.037 -0.072 -0.044 -0.032 +0.050
 +0.004 -0.061 +0.057 +0.032 -0.032 -0.047 -0.072 -0.011 -0.025 -0.036
 -0.045 +0.052 -0.045 +0.001 +0.016 -0.018 -0.022 +0.037 +0.025 +0.023
 -0.046 -0.019 -0.012 +0.001 -0.000 +0.044 +0.008 +0.019 -0.025 -0.069
 +0.028 -0.033 -0.006 +0.035 -0.014 -0.032 -0.026 +0.058 +0.054 +0.028
 -0.016 -0.016 +0.037 -0.004 -0.039 -0.008 +0.039 +0.035 +0.049 -0.050
 -0.041 +0.015 +0.016 +0.055 -0.034 +0.024 -0.012 -0.037 +0.031 -0.011
 +0.029 +0.018 +0.013 +0.021 -0.067 +0.049 +0.015 -0.026 -0.015 -0.022
 -0.010 -0.044 +0.011 -0.013 +0.041 -0.010 -0.056 +0.034 -0.024 +0.059
 -0.037 -0.048 +0.027 -0.043 -0.018 +0.014 +0.009 -0.001 +0.014 -0.024
 +0.046 -0.010 +0.001 +0.034 +0.060 -0.012 +0.053 +0.026 +0.021 -0.001
 +0.013 -0.019 -0.002 +0.045 -0.030 -0.004 +0.032 -0.022 +0.044 +0.025
 +0.007 +0.054 +0.017 -0.015 +0.031 +0.042 -0.041 +0.014 -0.028 -0.044
 +0.046 +0.013 +0.029 -0.050 +0.003 +0.043 -0.026 -0.036 +0.022 +0.036
 -0.038 +0.041 -0.039 -0.042 -0.007 -0.027 -0.031 +0.009 +0.035 -0.003
 +0.018 -0.012 +0.023 +0.024 +0.031 +0.017 +0.041 +0.006 -0.060 -0.042
 +0.025 -0.033 -0.007 +0.019 +0.052 +0.009 -0.070 -0.032 -0.054 +0.053
 -0.038 +0.049 +0.007 +0.060 -0.065 +0.008 -0.018 -0.044 -0.003 +0.037
 -0.015 -0.006 +0.028 +0.057 -0.004 -0.014 -0.035 +0.051 +0.061 -0.027
 -0.046 -0.041 +0.055 +0.057 -0.017 +0.069 +0.032 +0.003 +0.022 -0.025
 +0.009 -0.038 +0.001 -0.012 +0.027 +0.008 -0.046 -0.054 -0.004 +0.006
 +0.065 +0.042 +0.023 -0.002 -0.011 -0.011 +0.039 -0.010 +0.011 +0.017
 -0.029 +0.033 -0.042 -0.013 -0.009 +0.010 -0.028 +0.056 -0.007 +0.039
 -0.008 +0.006 +0.013 -0.033 +0.002 +0.061 +0.045 +0.015 +0.015 +0.005
 +0.056 -0.033 -0.039 +0.034 -0.028 -0.064 +0.046 -0.032 +0.003 -0.035
 +0.009 +0.040 +0.016 -0.001 +0.022 -0.038 +0.058 +0.039 +0.034 +0.028
 +0.060 +0.039 +0.012 +0.050 -0.011 -0.007 +0.005 +0.026 -0.001 -0.029
 +0.051 +0.030 -0.038 +0.007 -0.020 +0.021 +0.056 -0.038 -0.027 +0.060
 -0.031 +0.038 -0.054 +0.055 +0.043 +0.025 +0.040 -0.007 -0.001 -0.038
 +0.009 +0.044 +0.026 +0.051 -0.051 -0.011 +0.024 +0.034 -0.050 -0.032
 -0.047 -0.004 -0.030 +0.047 -0.066 -0.034 +0.013 -0.027 +0.015 -0.053
 +0.048 -0.031 -0.056 -0.045 -0.031 +0.032 +0.004 -0.024 -0.014 -0.007
 -0.039 -0.008 +0.039 -0.043 +0.041 -0.009 -0.037 +0.056 -0.019 +0.021
 +0.031 -0.029 +0.045 +0.050 -0.006 +0.030 -0.024 +0.022 +0.038 -0.025
 +0.062 -0.015 -0.022 -0.063 -0.025 -0.035 +0.058 -0.014 +0.002 +0.002
 +0.046 +0.018 -0.062 +0.016 -0.001 +0.016 +0.035 -0.010 -0.029 -0.005
 +0.037 +0.025 -0.054 +0.036 +0.038 +0.020 +0.007 +0.024 +0.009 -0.051
 +0.038 +0.010 +0.066 -0.007 -0.006 +0.010 -0.051 +0.048 -0.055 +0.004
 -0.005 -0.040 -0.000 +0.052 +0.039 +0.034 +0.007 -0.026 +0.067 +0.034
 -0.046 +0.012 +0.052 -0.058 -0.002 -0.049 +0.048 +0.026 -0.019 -0.031
 -0.015 +0.034 -0.024 +0.040 -0.057 +0.015 -0.028 +0.058 -0.040 -0.055
 +0.024 +0.047 -0.030 +0.046 +0.043 -0.008 +0.021 +0.028 -0.070 -0.016
 +0.039 +0.049 -0.054 -0.000 +0.012 -0.050 -0.064 +0.041 -0.004 -0.059
 -0.003 +0.058 -0.018 +0.054 -0.030 -0.037 -0.010 +0.001 -0.012 +0.055
 -0.022 +0.032 -0.016 -0.010 -0.017 -0.005 -0.032 -0.018 +0.009 +0.018
 -0.038 +0.037 +0.026 +0.012 -0.022 -0.052 +0.053 -0.011 -0.022 -0.048
 +0.015 -0.021 -0.057 -0.030 -0.006 +0.016 -0.011 -0.020 +0.017 -0.043]
                          [-0.011 +0.033 -0.021 -0.037 +0.044 -0.032 +0.023 +0.036 -0.018 -0.041
 -0.026 -0.041 +0.045 +0.015 +0.048 +0.032 +0.043 -0.018 +0.054 +0.033
 +0.002 -0.048 +0.033 +0.045 -0.005 +0.033 -0.024 +0.062 +0.009 +0.024
 -0.053 +0.034 -0.060 -0.001 -0.001 -0.062 -0.073 -0.042 -0.024 +0.023
 +0.006 -0.070 +0.033 -0.020 +0.021 -0.038 -0.073 -0.034 -0.010 -0.055
 -0.001 +0.020 -0.057 -0.019 +0.018 -0.053 -0.038 +0.029 -0.017 +0.053
 -0.036 +0.037 -0.024 +0.041 +0.009 +0.049 -0.033 +0.014 -0.016 -0.070
 -0.000 -0.003 -0.041 -0.009 +0.020 +0.002 +0.041 +0.061 +0.026 +0.034
 -0.041 -0.008 +0.053 -0.014 -0.013 +0.043 +0.007 +0.044 +0.046 -0.054
 +0.023 -0.029 -0.044 +0.017 -0.014 +0.040 +0.008 -0.002 -0.038 -0.005
 -0.018 +0.003 -0.004 -0.031 -0.070 +0.052 +0.037 -0.022 +0.020 -0.017
 -0.005 -0.063 +0.052 -0.022 +0.007 -0.032 -0.064 -0.025 -0.051 +0.060
 -0.026 -0.058 -0.040 -0.020 -0.005 +0.043 -0.030 +0.023 +0.044 -0.048
 +0.016 -0.046 -0.041 +0.031 +0.045 -0.011 +0.020 +0.050 +0.016 +0.019
 -0.032 -0.024 -0.050 +0.027 -0.027 -0.032 +0.055 +0.022 +0.019 -0.011
 +0.026 +0.048 +0.046 -0.013 +0.023 -0.002 -0.029 +0.015 -0.002 -0.062
 +0.039 +0.016 -0.022 -0.063 +0.001 +0.028 +0.016 -0.028 -0.044 +0.050
 +0.008 +0.010 -0.058 -0.019 +0.039 +0.034 +0.025 +0.007 +0.005 -0.043
 +0.051 -0.001 +0.044 +0.007 -0.027 -0.031 -0.017 -0.030 -0.050 -0.043
 +0.007 +0.041 +0.048 +0.019 +0.046 +0.027 -0.069 -0.052 -0.061 +0.034
 +0.004 +0.058 -0.038 +0.051 -0.063 +0.017 -0.004 -0.066 -0.030 -0.014
 -0.020 +0.050 -0.018 +0.048 +0.002 -0.030 +0.016 +0.050 +0.061 +0.042
 -0.054 -0.011 +0.022 +0.056 -0.055 +0.068 +0.001 +0.038 +0.033 -0.034
 -0.039 +0.016 -0.018 +0.027 -0.018 -0.038 -0.053 -0.057 -0.013 +0.014
 +0.051 +0.041 -0.026 -0.024 -0.033 +0.020 -0.021 -0.017 -0.027 -0.011
 -0.032 +0.017 -0.036 +0.040 -0.049 -0.035 +0.019 +0.029 +0.002 +0.034
 +0.041 +0.040 +0.029 +0.002 +0.027 +0.056 -0.002 +0.044 -0.017 +0.023
 +0.047 -0.039 +0.016 +0.013 +0.012 -0.062 +0.057 -0.055 -0.028 +0.033
 +0.039 -0.023 +0.014 -0.048 -0.000 -0.004 +0.066 -0.016 -0.007 -0.022
 +0.052 +0.044 -0.011 +0.046 +0.044 +0.033 +0.034 +0.032 -0.002 -0.016
 +0.024 -0.010 +0.016 +0.008 -0.029 -0.004 +0.038 -0.054 -0.004 +0.050
 -0.042 -0.034 -0.021 +0.062 +0.062 -0.034 +0.065 -0.035 +0.035 +0.034
 +0.036 +0.063 +0.056 +0.021 -0.061 -0.039 -0.015 +0.046 -0.012 -0.028
 -0.037 +0.025 -0.011 +0.000 -0.059 -0.032 +0.037 -0.049 +0.001 -0.050
 +0.047 -0.044 -0.052 +0.013 -0.002 -0.042 +0.053 -0.031 +0.025 +0.019
 -0.009 +0.000 -0.030 -0.045 +0.039 -0.042 +0.035 +0.038 -0.003 +0.054
 +0.057 +0.017 +0.027 +0.016 -0.039 +0.053 -0.022 +0.007 -0.004 +0.041
 +0.054 +0.023 -0.001 -0.057 +0.003 +0.033 +0.032 -0.054 -0.003 -0.009
 +0.018 -0.015 -0.055 -0.046 -0.045 +0.057 +0.023 -0.013 +0.028 +0.004
 +0.054 +0.026 -0.020 -0.015 +0.012 +0.014 -0.028 -0.011 +0.038 -0.048
 +0.046 -0.007 +0.060 +0.006 +0.042 -0.012 -0.057 +0.016 -0.041 -0.005
 +0.017 +0.014 -0.037 +0.021 +0.005 +0.013 -0.046 +0.030 +0.055 -0.030
 -0.046 +0.018 +0.012 -0.044 +0.008 -0.021 +0.007 +0.044 -0.037 +0.023
 -0.033 -0.008 -0.043 +0.001 -0.052 -0.037 +0.026 +0.032 +0.031 -0.060
 -0.010 +0.027 -0.002 +0.046 -0.023 +0.018 -0.012 +0.044 -0.073 -0.036
 -0.020 +0.052 -0.053 +0.043 +0.045 -0.054 -0.060 +0.008 +0.047 -0.065
 -0.015 +0.059 +0.004 +0.052 -0.022 -0.058 +0.018 +0.008 -0.025 +0.042
 -0.034 -0.029 +0.032 -0.037 +0.021 +0.042 +0.015 +0.011 +0.015 +0.033
 -0.027 +0.023 +0.039 -0.039 -0.033 -0.043 +0.034 -0.045 +0.024 -0.058
 +0.054 -0.022 -0.064 -0.042 -0.041 -0.019 +0.002 +0.007 +0.038 -0.054]]

RHS vector b:            [+0.052 -0.092]
Obj vector c:            [+0.012 -0.055 -0.009 +0.041 -0.081 +0.045 -0.100 -0.067 +0.015 +0.135
 +0.018 +0.104 -0.088 -0.082 -0.138 -0.110 -0.050 +0.051 -0.146 -0.077
 -0.029 +0.091 -0.099 -0.071 +1.951 -0.064 +0.017 -0.177 -0.070 +0.003
 +0.161 -0.030 +0.145 -0.041 +0.005 +0.145 +0.202 +0.119 +0.075 -0.094
 -0.015 +0.185 -0.118 -0.001 +0.002 +0.116 +0.202 +0.069 +0.045 +0.132
 +0.051 -0.090 +0.145 +0.031 -0.048 +0.108 +0.088 -0.089 +0.002 -0.115
 +0.111 -0.041 +0.053 -0.069 -0.015 -0.130 +0.046 -0.044 +0.053 +0.193
 -0.030 +0.041 +0.075 -0.023 -0.017 +0.031 -0.039 -0.165 -0.103 -0.088
 +0.085 +0.032 -0.129 +0.028 +0.065 -0.063 -0.055 -0.113 -0.130 +0.145
 +0.006 +0.031 +0.055 -0.089 +0.062 -0.093 -0.000 +0.043 +0.029 +0.021
 -0.003 -0.024 -0.008 +0.028 +0.191 -0.141 -0.077 +0.065 -0.017 +0.053
 +0.020 +0.154 -0.099 +0.051 -0.058 +0.064 +0.168 +0.005 +0.112 -0.165
 +0.084 +0.150 +0.038 +0.081 +0.028 -0.087 +0.041 -0.038 -0.089 +0.107
 -0.078 +0.088 +0.067 -0.089 -0.141 +0.032 -0.092 -0.113 -0.050 -0.032
 +0.039 +0.061 +0.086 -0.094 +0.077 +0.057 -0.127 -0.012 -0.080 -0.008
 -0.050 -0.140 -0.096 +0.039 -0.072 -0.043 +0.094 -0.040 +0.035 +0.151
 -0.116 -0.041 +0.006 +0.161 -0.005 -0.095 +0.002 +0.087 +0.048 -0.123
 +0.029 -0.063 +0.140 +0.078 -0.057 -0.027 -0.008 -0.022 -0.048 +0.074
 -0.104 +0.015 -0.098 -0.038 +0.011 +0.033 -0.017 +0.044 +0.149 +0.118
 -0.038 -0.032 -0.073 -0.052 -0.134 -0.056 +0.193 +0.123 +0.162 -0.114
 +0.035 -0.151 +0.055 -0.151 +0.176 -0.038 +0.027 +0.158 +0.054 -0.017
 +0.050 -0.077 -0.000 -0.142 +0.001 +0.066 +0.013 -0.140 -0.169 -0.041
 +0.140 +0.064 -0.098 -0.156 +0.110 -0.190 -0.037 -0.066 -0.079 +0.083
 +0.055 +0.016 +0.029 -0.032 -0.000 +0.054 +0.140 +0.155 +0.025 -0.030
 -0.157 -0.116 +0.017 +0.043 +0.066 -0.022 -0.009 +0.040 +0.033 +0.000
 +0.085 +0.121 +0.106 -0.052 +0.092 +0.047 -0.000 -0.111 +0.003 -0.099
 -0.060 -0.073 -0.063 +0.033 -0.048 -0.160 -0.047 -0.089 +0.011 -0.044
 -0.140 +0.101 +0.016 -0.059 +0.012 +0.174 -0.146 +0.127 +0.043 -0.016
 -0.075 -0.006 -0.040 +0.080 -0.024 +0.049 -0.175 -0.017 -0.026 +0.006
 -0.153 -0.116 +0.005 -0.132 -0.062 -0.047 -0.062 -0.082 +0.005 +0.059
 -0.096 -0.017 +0.016 -0.022 +0.071 -0.016 -0.125 +0.132 +0.035 -0.150
 +0.104 +0.014 +0.094 -0.163 -0.151 +0.029 -0.152 +0.067 -0.057 -0.015
 -0.070 -0.154 -0.123 -0.091 +0.158 +0.077 -0.001 -0.114 +0.074 +0.081
 +0.113 -0.038 +0.052 -0.052 +0.170 +0.092 -0.076 +0.111 -0.019 +0.142
 -0.131 +0.108 +0.149 +0.029 +0.036 +0.034 -0.092 +0.077 -0.026 -0.025
 +0.057 +0.009 +0.007 +0.122 -0.111 +0.079 -0.018 -0.125 +0.026 -0.113
 -0.130 +0.004 -0.095 -0.082 +0.072 -0.121 +0.063 -0.037 -0.035 -0.041
 -0.158 -0.021 +0.027 +0.165 +0.023 -0.016 -0.118 +0.105 +0.003 +0.012
 -0.081 +0.005 +0.159 +0.059 +0.076 -0.112 -0.077 +0.032 -0.014 -0.000
 -0.130 -0.070 +0.094 -0.014 -0.062 -0.047 +0.039 -0.009 -0.073 +0.137
 -0.119 -0.000 -0.173 -0.003 -0.063 +0.009 +0.151 -0.080 +0.130 +0.003
 -0.024 +0.021 +0.062 -0.093 -0.051 -0.059 +0.068 -0.022 -0.166 +0.013
 +0.128 -0.044 -0.078 +0.138 -0.010 +0.090 -0.064 -0.102 +0.082 -0.003
 +0.071 -0.025 +0.099 -0.046 +0.150 +0.046 -0.011 -0.119 -0.007 +0.160
 -0.009 -0.097 +0.036 -0.128 -0.009 -0.022 -0.002 -0.105 +0.200 +0.078
 -0.010 -0.141 +0.148 -0.072 -0.088 +0.145 +0.171 -0.058 -0.074 +0.173
 +0.030 -0.163 +0.014 -0.146 +0.070 +0.138 -0.019 -0.014 +0.056 -0.132
 +0.081 +0.013 -0.036 +0.073 -0.016 -0.064 +0.011 +0.001 -0.036 -0.075
 +0.087 -0.078 -0.094 +0.052 +0.080 +0.129 -0.115 +0.088 -0.016 +0.149
 -0.107 +0.060 +0.169 +0.103 +0.075 +0.013 +0.010 +0.011 -0.082 +0.138]

---------------------------- Optimal solution -----------------------------
Primal variables:         [+0.006 +0.120 +0.014 +0.097 +0.002 +0.144 +0.065 +0.039 +0.029 +0.064
 +0.002 +0.100 +0.133 +0.093 +0.124 +0.127 +0.042 +0.128 +0.043 +0.021
 +0.110 +0.073 +0.085 +0.059 +0.000 +0.012 +0.141 +0.024 +0.068 +0.033
 +0.027 +0.079 +0.137 +0.142 +0.128 +0.077 +0.126 +0.143 +0.122 +0.071
 +0.054 +0.017 +0.151 +0.023 +0.043 +0.107 +0.099 +0.034 +0.123 +0.079
 +0.012 +0.005 +0.087 +0.023 +0.037 +0.005 +0.101 +0.131 +0.031 +0.124
 +0.012 +0.098 +0.128 +0.045 +0.073 +0.027 +0.146 +0.006 +0.131 +0.129
 +0.148 +0.014 +0.148 +0.017 +0.007 +0.114 +0.133 +0.144 +0.097 +0.051
 +0.072 +0.123 +0.145 +0.025 +0.095 +0.004 +0.012 +0.132 +0.149 +0.137
 +0.094 +0.034 +0.077 +0.149 +0.029 +0.120 +0.094 +0.090 +0.071 +0.043
 +0.126 +0.143 +0.061 +0.139 +0.098 +0.011 +0.077 +0.117 +0.124 +0.074
 +0.136 +0.153 +0.144 +0.064 +0.146 +0.051 +0.100 +0.069 +0.103 +0.087
 +0.004 +0.147 +0.011 +0.049 +0.001 +0.026 +0.017 +0.011 +0.011 +0.072
 +0.032 +0.040 +0.000 +0.021 +0.028 +0.018 +0.141 +0.112 +0.034 +0.002
 +0.024 +0.002 +0.118 +0.008 +0.117 +0.130 +0.005 +0.150 +0.128 +0.069
 +0.149 +0.042 +0.125 +0.153 +0.028 +0.067 +0.096 +0.102 +0.124 +0.065
 +0.005 +0.073 +0.101 +0.039 +0.001 +0.009 +0.024 +0.141 +0.086 +0.014
 +0.148 +0.032 +0.079 +0.028 +0.085 +0.034 +0.152 +0.060 +0.003 +0.054
 +0.111 +0.036 +0.019 +0.091 +0.076 +0.048 +0.064 +0.071 +0.115 +0.016
 +0.008 +0.133 +0.008 +0.126 +0.108 +0.123 +0.020 +0.056 +0.105 +0.074
 +0.012 +0.069 +0.143 +0.117 +0.120 +0.148 +0.122 +0.051 +0.080 +0.146
 +0.121 +0.000 +0.053 +0.022 +0.050 +0.143 +0.047 +0.152 +0.001 +0.099
 +0.090 +0.098 +0.001 +0.085 +0.080 +0.095 +0.062 +0.126 +0.069 +0.146
 +0.093 +0.109 +0.135 +0.014 +0.136 +0.055 +0.137 +0.133 +0.069 +0.083
 +0.151 +0.148 +0.096 +0.139 +0.081 +0.095 +0.080 +0.071 +0.082 +0.130
 +0.138 +0.000 +0.091 +0.110 +0.095 +0.148 +0.005 +0.133 +0.071 +0.023
 +0.027 +0.075 +0.109 +0.088 +0.022 +0.019 +0.042 +0.053 +0.069 +0.029
 +0.049 +0.033 +0.144 +0.058 +0.109 +0.022 +0.053 +0.094 +0.070 +0.046
 +0.111 +0.065 +0.122 +0.104 +0.106 +0.115 +0.113 +0.016 +0.019 +0.094
 +0.006 +0.146 +0.152 +0.027 +0.054 +0.129 +0.114 +0.036 +0.151 +0.040
 +0.092 +0.080 +0.011 +0.108 +0.057 +0.135 +0.102 +0.150 +0.060 +0.133
 +0.035 +0.137 +0.074 +0.074 +0.124 +0.132 +0.148 +0.027 +0.085 +0.020
 +0.076 +0.005 +0.064 +0.076 +0.044 +0.030 +0.147 +0.100 +0.114 +0.125
 +0.093 +0.059 +0.032 +0.006 +0.089 +0.134 +0.005 +0.012 +0.069 +0.105
 +0.000 +0.069 +0.051 +0.072 +0.057 +0.110 +0.048 +0.113 +0.026 +0.001
 +0.139 +0.050 +0.077 +0.030 +0.088 +0.069 +0.066 +0.101 +0.044 +0.135
 +0.033 +0.106 +0.038 +0.128 +0.003 +0.141 +0.113 +0.093 +0.131 +0.027
 +0.006 +0.052 +0.058 +0.078 +0.080 +0.064 +0.124 +0.136 +0.050 +0.116
 +0.123 +0.152 +0.011 +0.099 +0.039 +0.052 +0.095 +0.097 +0.015 +0.104
 +0.025 +0.009 +0.070 +0.123 +0.008 +0.116 +0.042 +0.016 +0.054 +0.148
 +0.050 +0.116 +0.075 +0.124 +0.060 +0.002 +0.127 +0.146 +0.122 +0.136
 +0.110 +0.015 +0.123 +0.043 +0.001 +0.115 +0.028 +0.059 +0.064 +0.089
 +0.003 +0.073 +0.098 +0.096 +0.016 +0.089 +0.117 +0.008 +0.053 +0.103
 +0.030 +0.071 +0.004 +0.144 +0.103 +0.141 +0.065 +0.116 +0.133 +0.117
 +0.110 +0.152 +0.055 +0.075 +0.125 +0.028 +0.057 +0.151 +0.138 +0.067
 +0.039 +0.081 +0.150 +0.030 +0.002 +0.065 +0.092 +0.153 +0.057 +0.098
 +0.121 +0.088 +0.114 +0.034 +0.067 +0.151 +0.131 +0.027 +0.060 +0.085
 +0.070 +0.080 +0.020 +0.103 +0.040 +0.131 +0.031 +0.027 +0.040 +0.125
 +0.050 +0.068 +0.128 +0.039 +0.040 +0.050 +0.053 +0.098 +0.095 +0.098
 +0.017 +0.014 +0.069 +0.007 +0.044 +0.146 +0.059 +0.034 +0.029 +0.025]
Dual slacks:              [+0.000 +0.000 +0.000 +0.000 +0.000 +0.000 +0.000 +0.000 +0.000 +0.000
 +0.000 +0.000 +0.000 +0.000 +0.000 +0.000 +0.000 +0.000 +0.000 +0.000
 +0.000 +0.000 +0.000 +0.000 +1.991 +0.000 +0.000 +0.000 +0.000 +0.000
 +0.000 +0.000 +0.000 +0.000 +0.000 +0.000 +0.000 +0.000 +0.000 +0.000
 +0.000 +0.000 +0.000 +0.000 +0.000 +0.000 +0.000 +0.000 +0.000 +0.000
 +0.000 +0.000 +0.000 +0.000 +0.000 +0.000 +0.000 +0.000 +0.000 +0.000
 +0.000 +0.000 +0.000 +0.000 +0.000 +0.000 +0.000 +0.000 +0.000 +0.000
 +0.000 +0.000 +0.000 +0.000 +0.000 +0.000 +0.000 +0.000 +0.000 +0.000
 +0.000 +0.000 +0.000 +0.000 +0.000 +0.000 +0.000 +0.000 +0.000 +0.000
 +0.000 +0.000 +0.000 +0.000 +0.000 +0.000 +0.000 +0.000 +0.000 +0.000
 +0.000 +0.000 +0.000 +0.000 +0.000 +0.000 +0.000 +0.000 +0.000 +0.000
 +0.000 +0.000 +0.000 +0.000 +0.000 +0.000 +0.000 +0.000 +0.000 +0.000
 +0.000 +0.000 +0.000 +0.000 +0.000 +0.000 +0.000 +0.000 +0.000 +0.000
 +0.000 +0.000 +0.000 +0.000 +0.000 +0.000 +0.000 +0.000 +0.000 +0.000
 +0.000 +0.000 +0.000 +0.000 +0.000 +0.000 +0.000 +0.000 +0.000 +0.000
 +0.000 +0.000 +0.000 +0.000 +0.000 +0.000 +0.000 +0.000 +0.000 +0.000
 +0.000 +0.000 +0.000 +0.000 +0.000 +0.000 +0.000 +0.000 +0.000 +0.000
 +0.000 +0.000 +0.000 +0.000 +0.000 +0.000 +0.000 +0.000 +0.000 +0.000
 +0.000 +0.000 +0.000 +0.000 +0.000 +0.000 +0.000 +0.000 +0.000 +0.000
 +0.000 +0.000 +0.000 +0.000 +0.000 +0.000 +0.000 +0.000 +0.000 +0.000
 +0.000 +0.000 +0.000 +0.000 +0.000 +0.000 +0.000 +0.000 +0.000 +0.000
 +0.000 +0.000 +0.000 +0.000 +0.000 +0.000 +0.000 +0.000 +0.000 +0.000
 +0.000 +0.000 +0.000 +0.000 +0.000 +0.000 +0.000 +0.000 +0.000 +0.000
 +0.000 +0.000 +0.000 +0.000 +0.000 +0.000 +0.000 +0.000 +0.000 +0.000
 +0.000 +0.000 +0.000 +0.000 +0.000 +0.000 +0.000 +0.000 +0.000 +0.000
 +0.000 +0.186 +0.000 +0.000 +0.000 +0.000 +0.000 +0.000 +0.000 +0.000
 +0.000 +0.000 +0.000 +0.000 +0.000 +0.000 +0.000 +0.000 +0.000 +0.000
 +0.000 +0.000 +0.000 +0.000 +0.000 +0.000 +0.000 +0.000 +0.000 +0.000
 +0.000 +0.000 +0.000 +0.000 +0.000 +0.000 +0.000 +0.000 +0.000 +0.000
 +0.000 +0.000 +0.000 +0.000 +0.000 +0.000 +0.000 +0.000 +0.000 +0.000
 +0.000 +0.000 +0.000 +0.000 +0.000 +0.000 +0.000 +0.000 +0.000 +0.000
 +0.000 +0.000 +0.000 +0.000 +0.000 +0.000 +0.000 +0.000 +0.000 +0.000
 +0.000 +0.000 +0.000 +0.000 +0.000 +0.000 +0.000 +0.000 +0.000 +0.000
 +0.000 +0.000 +0.000 +0.000 +0.000 +0.000 +0.000 +0.000 +0.000 +0.000
 +0.000 +0.000 +0.000 +0.000 +0.000 +0.000 +0.000 +0.000 +0.000 +0.000
 +0.000 +0.000 +0.000 +0.000 +0.000 +0.000 +0.000 +0.000 +0.000 +0.000
 +0.000 +0.000 +0.000 +0.000 +0.000 +0.000 +0.000 +0.000 +0.000 +0.000
 +0.000 +0.000 +0.000 +0.000 +0.000 +0.000 +0.000 +0.000 +0.000 +0.000
 +0.000 +0.000 +0.000 +0.000 +0.000 +0.000 +0.000 +0.000 +0.000 +0.000
 +0.000 +0.000 +0.000 +0.000 +0.000 +0.000 +0.000 +0.000 +0.000 +0.000
 +0.000 +0.000 +0.000 +0.000 +0.000 +0.000 +0.000 +0.000 +0.000 +0.000
 +0.000 +0.000 +0.000 +0.000 +0.000 +0.000 +0.000 +0.000 +0.000 +0.000
 +0.000 +0.000 +0.000 +0.000 +0.000 +0.000 +0.000 +0.000 +0.000 +0.000
 +0.000 +0.000 +0.000 +0.000 +0.000 +0.000 +0.000 +0.000 +0.000 +0.000
 +0.000 +0.000 +0.000 +0.000 +0.000 +0.000 +0.000 +0.000 +0.000 +0.000
 +0.000 +0.000 +0.000 +0.000 +0.000 +0.000 +0.000 +0.000 +0.000 +0.000
 +0.000 +0.000 +0.000 +0.000 +0.000 +0.000 +0.000 +0.000 +0.000 +0.000
 +0.000 +0.000 +0.000 +0.000 +0.000 +0.000 +0.000 +0.000 +0.000 +0.000
 +0.000 +0.000 +0.000 +0.000 +0.000 +0.000 +0.000 +0.000 +0.000 +0.000
 +0.000 +0.000 +0.000 +0.000 +0.000 +0.000 +0.000 +0.000 +0.000 +0.000]
Dual variables:           [-1.106 -1.667]

Optimal objective:       +9.49513867e-02
===========================================================================

Method:                  II-QIPM
LO_Precision:            1.00e-01
Stop_Precision:          1.00e-03
LO_Verbosity:            2
Omega:                   1.00e+01

The Quantum Inexact Infeasible Interior-Point Method starts running ...


                  Objective                Residual                                Linear system           Step-length
Iter      Primal           Dual         Primal    Dual     Compl    ||Resl||  Cond-Num  ||M||   ||RHS||    a-star   a-hat      Time
   0   1.63173330e+01 -2.28667276e+00  2.18e+00 5.16e+01  1.24e+04 *1.31e-14  4.00e+00 1.00e+00 1.16e+01  8.58e-01 7.69e-01      0s
   1   1.70705024e+01 -2.28667276e+00  7.37e-01 4.98e+01  1.21e+04  4.10e+01  3.51e+00 4.85e+00 4.10e+01  4.47e-01 3.42e-02      1s
   2   1.77511428e+01 -2.28667276e+00  7.23e-01 4.84e+01  1.17e+04  4.52e+01  3.43e+00 5.08e+00 4.52e+01  4.28e-01 2.93e-02      1s
   3   1.83906795e+01 -2.28667276e+00  1.97e+00 4.71e+01  1.15e+04  4.92e+01  3.35e+00 5.28e+00 4.92e+01  4.10e-01 2.64e-02      2s
   4   1.89923347e+01 -2.28667276e+00  3.18e+00 4.60e+01  1.12e+04  5.31e+01  3.28e+00 5.47e+00 5.31e+01  3.94e-01 2.39e-02      2s
   5   1.95577293e+01 -2.28667276e+00  4.35e+00 4.50e+01  1.10e+04  5.70e+01  3.20e+00 5.65e+00 5.70e+01  3.80e-01 2.17e-02      3s
   6   2.00892777e+01 -2.28667276e+00  5.46e+00 4.41e+01  1.08e+04  6.07e+01  3.13e+00 5.82e+00 6.07e+01  3.66e-01 1.98e-02      3s
   7   2.05899333e+01 -2.28667276e+00  6.53e+00 4.33e+01  1.06e+04  6.44e+01  3.06e+00 5.98e+00 6.44e+01  3.53e-01 1.81e-02      4s
   8   1.28672281e+01  2.46417198e-01  6.83e-01 4.52e+00  1.22e+03  3.73e-02  3.00e+00 6.13e+00 6.80e+01  9.30e-01 8.95e-01      4s
   9   8.24587587e+00  2.46417198e-01  3.11e+00 4.05e+00  1.10e+03  3.54e+01  3.84e+00 6.03e+01 3.54e+01  5.94e-01 1.05e-01      4s
  10   5.42490886e+00  2.46417198e-01  5.55e+00 3.82e+00  1.04e+03  4.53e+01  3.74e+00 6.89e+01 4.53e+01  5.46e-01 5.78e-02      5s
  11   2.84689703e+00  2.46417198e-01  7.84e+00 3.63e+00  9.96e+02  5.17e+01  3.67e+00 7.43e+01 5.17e+01  5.18e-01 4.97e-02      5s
  12   4.71400999e-01  2.46417198e-01  1.00e+01 3.47e+00  9.57e+02  5.80e+01  3.60e+00 7.92e+01 5.80e+01  4.93e-01 4.33e-02      6s
  13  -1.72539044e+00  2.46417198e-01  1.21e+01 3.34e+00  9.24e+02  6.40e+01  3.53e+00 8.40e+01 6.40e+01  4.70e-01 3.80e-02      6s
  14  -3.76489767e+00  2.46417198e-01  1.40e+01 3.22e+00  8.95e+02  6.98e+01  3.46e+00 8.84e+01 6.98e+01  4.49e-01 3.37e-02      7s
  15  -5.66636505e+00  2.46417198e-01  1.59e+01 3.13e+00  8.71e+02  7.55e+01  3.39e+00 9.26e+01 7.55e+01  4.30e-01 3.01e-02      7s
  16  -7.43994142e+00  2.46417198e-01  1.76e+01 3.04e+00  8.50e+02  8.10e+01  3.33e+00 9.66e+01 8.10e+01  4.12e-01 2.69e-02      8s
  17  -9.10365229e+00  2.46417198e-01  1.93e+01 2.97e+00  8.31e+02  8.64e+01  3.26e+00 1.00e+02 8.64e+01  3.96e-01 2.43e-02      8s
  18  -1.06656363e+01  2.46417198e-01  2.09e+01 2.90e+00  8.15e+02  9.16e+01  3.20e+00 1.04e+02 9.16e+01  3.81e-01 2.21e-02      9s
  19  -1.21350742e+01  2.46417198e-01  2.24e+01 2.85e+00  8.00e+02  9.68e+01  3.14e+00 1.07e+02 9.68e+01  3.67e-01 2.01e-02     10s
  20  -1.35204296e+01  2.46417198e-01  2.39e+01 2.79e+00  7.86e+02  1.02e+02  3.09e+00 1.11e+02 1.02e+02  3.54e-01 1.84e-02     10s
  21  -1.48294796e+01  2.46417198e-01  2.53e+01 2.75e+00  7.74e+02  1.07e+02  3.03e+00 1.14e+02 1.07e+02  3.42e-01 1.69e-02     11s
  22  -2.64330566e+00  7.30149373e-02  4.77e+00 5.17e-01  1.58e+02 *3.53e-01  2.98e+00 1.17e+02 1.11e+02  8.59e-01 8.12e-01     11s
  23   2.55728029e-01  7.30149373e-02  1.64e+00 4.86e-01  1.49e+02  4.76e+01  3.71e+00 6.11e+02 4.76e+01  4.83e-01 5.98e-02     11s
  24   2.01373132e+00  7.30149373e-02  3.53e-01 4.70e-01  1.45e+02  5.63e+01  3.60e+00 6.62e+02 5.63e+01  4.50e-01 3.35e-02     12s
  25   3.65547780e+00  7.30149373e-02  2.16e+00 4.56e-01  1.41e+02  6.18e+01  3.52e+00 6.92e+02 6.18e+01  4.31e-01 2.99e-02     12s
  26   5.18889659e+00  7.30149373e-02  3.90e+00 4.43e-01  1.38e+02  6.72e+01  3.45e+00 7.22e+02 6.72e+01  4.13e-01 2.69e-02     13s
  27   6.62501691e+00  7.30149373e-02  5.57e+00 4.33e-01  1.34e+02  7.24e+01  3.37e+00 7.49e+02 7.24e+01  3.97e-01 2.43e-02     13s
  28   7.97017771e+00  7.30149373e-02  7.15e+00 4.23e-01  1.32e+02  7.75e+01  3.30e+00 7.75e+02 7.75e+01  3.82e-01 2.20e-02     14s
  29   9.23325189e+00  7.30149373e-02  8.67e+00 4.14e-01  1.29e+02  8.25e+01  3.23e+00 8.00e+02 8.25e+01  3.68e-01 2.01e-02     15s
  30   1.04212964e+01  7.30149373e-02  1.01e+01 4.07e-01  1.27e+02  8.74e+01  3.16e+00 8.24e+02 8.74e+01  3.55e-01 1.84e-02     15s
  31   1.15409323e+01  7.30149373e-02  1.15e+01 4.00e-01  1.25e+02  9.23e+01  3.10e+00 8.47e+02 9.23e+01  3.43e-01 1.69e-02     16s
  32   1.25951484e+01  7.30149373e-02  1.28e+01 3.94e-01  1.24e+02  9.70e+01  3.04e+00 8.68e+02 9.70e+01  3.32e-01 1.56e-02     16s
  33   2.57661581e+00  9.60059086e-02  1.89e+00 5.68e-02  1.94e+01  3.65e-01  2.98e+00 8.89e+02 1.02e+02  9.16e-01 8.56e-01     16s
  34   4.67218833e-01  9.48935175e-02  1.97e-01 1.40e-03  5.36e-01 *2.00e-01  4.05e+00 6.00e+03 2.82e+01  9.85e-01 9.75e-01     17s
  35   1.45867565e+00  9.48935175e-02  1.06e+00 1.38e-03  5.28e-01  6.34e+01  3.68e+00 2.78e+05 6.34e+01  4.97e-01 1.62e-02     17s
  36   1.45906758e+00  9.48935175e-02  1.06e+00 1.38e-03  5.28e-01  6.61e+01  3.65e+00 2.84e+05 6.61e+01  4.89e-01 6.28e-06     20s

The solution quality is limited by the precision of the linear system solver.

The algorithm stopped after 37 iterations in 20.20 seconds.

Primal variables:   [+16.241 +17.555 +13.733 +15.092 +17.512 +15.748 +14.936 +17.314 +15.861
 +18.322 +15.151 +16.927 +17.299 +14.955 +15.874 +15.554 +18.860 +17.008
 +16.028 +16.614 +15.914 +16.026 +15.969 +18.118 +0.004 +17.105 +15.377
 +15.688 +14.677 +18.850 +18.152 +18.752 +16.786 +15.121 +16.746 +16.651
 +17.867 +17.383 +17.379 +15.343 +16.644 +17.390 +15.289 +14.781 +18.778
 +17.702 +17.877 +16.320 +17.447 +16.769 +18.739 +15.173 +17.062 +16.245
 +16.458 +16.187 +16.622 +16.007 +15.416 +16.998 +17.679 +18.661 +16.542
 +17.677 +16.872 +16.148 +15.752 +16.279 +17.270 +17.833 +15.725 +18.113
 +16.037 +15.128 +17.824 +18.201 +18.931 +15.936 +15.211 +16.401 +16.371
 +17.096 +16.470 +16.476 +18.050 +18.260 +15.458 +16.361 +15.935 +17.335
 +18.792 +15.525 +14.940 +14.750 +17.780 +16.679 +17.379 +18.325 +13.113
 +16.932 +15.138 +16.120 +16.152 +15.158 +17.702 +16.071 +16.927 +17.157
 +17.839 +17.103 +16.893 +16.889 +17.516 +16.650 +15.323 +16.339 +17.341
 +14.221 +16.414 +15.902 +17.531 +17.172 +13.850 +18.025 +17.261 +17.105
 +15.769 +17.241 +17.137 +16.481 +15.351 +16.091 +15.831 +16.141 +15.505
 +16.843 +15.045 +16.826 +16.287 +17.149 +15.578 +16.820 +15.748 +15.690
 +17.180 +16.157 +16.718 +18.344 +15.534 +15.574 +16.990 +15.806 +17.071
 +16.923 +16.075 +14.855 +17.653 +16.474 +17.829 +16.910 +15.881 +16.530
 +14.944 +17.108 +16.573 +15.776 +18.367 +17.464 +14.197 +16.442 +18.672
 +15.428 +16.791 +18.006 +18.090 +18.873 +18.825 +16.500 +15.547 +15.920
 +17.186 +17.106 +16.800 +15.993 +14.386 +15.385 +13.938 +15.891 +17.948
 +17.326 +15.966 +18.529 +18.360 +16.374 +15.827 +16.951 +17.898 +16.660
 +17.356 +15.534 +18.549 +16.158 +15.652 +15.667 +17.807 +16.730 +17.255
 +16.824 +16.164 +14.590 +16.749 +18.362 +15.203 +15.701 +16.845 +16.504
 +18.760 +15.949 +15.849 +18.923 +17.169 +18.205 +14.999 +15.871 +16.146
 +15.701 +15.616 +17.478 +16.562 +16.806 +15.530 +18.842 +16.260 +17.956
 +15.276 +15.593 +17.184 +17.424 +16.513 +16.751 +15.478 +16.065 +15.209
 +16.240 +16.354 +17.667 +13.782 +16.662 +15.753 +15.884 +17.047 +0.050
 +17.493 +18.451 +16.001 +15.636 +18.557 +15.232 +16.972 +16.040 +18.182
 +17.445 +16.835 +18.278 +17.248 +15.724 +14.608 +17.127 +15.823 +17.012
 +15.712 +17.022 +18.881 +15.773 +18.314 +17.816 +16.238 +16.594 +16.025
 +18.847 +17.270 +13.228 +16.395 +15.748 +15.909 +18.283 +16.033 +14.292
 +15.232 +15.071 +15.686 +16.206 +16.047 +15.916 +18.487 +17.828 +17.282
 +16.398 +16.645 +17.449 +15.314 +15.394 +18.862 +16.573 +16.738 +15.899
 +15.535 +16.862 +17.714 +15.641 +16.864 +11.678 +18.568 +16.056 +16.448
 +14.669 +16.621 +16.188 +17.599 +18.498 +17.146 +16.437 +16.951 +15.225
 +17.198 +16.252 +15.510 +16.413 +18.655 +17.252 +17.701 +17.483 +17.678
 +14.554 +17.980 +17.233 +17.046 +16.542 +16.182 +17.601 +15.989 +16.796
 +17.718 +18.856 +17.998 +12.240 +17.949 +16.839 +17.990 +17.428 +18.201
 +16.985 +12.351 +17.289 +16.048 +16.120 +18.541 +15.534 +17.372 +17.129
 +16.783 +18.543 +15.686 +15.113 +16.091 +16.724 +17.086 +16.062 +15.052
 +18.920 +15.654 +17.975 +17.576 +17.872 +17.855 +18.816 +15.203 +16.060
 +16.507 +16.402 +15.410 +15.757 +17.918 +14.809 +15.801 +17.441 +15.965
 +16.753 +18.821 +16.936 +16.493 +16.323 +18.622 +14.727 +15.587 +16.254
 +15.871 +15.612 +17.232 +17.550 +16.279 +16.178 +15.666 +17.074 +18.126
 +16.085 +17.300 +15.218 +17.993 +16.412 +17.282 +18.882 +15.932 +15.195
 +15.363 +15.764 +15.430 +18.789 +15.497 +13.659 +17.415 +16.617 +14.754
 +18.070 +16.919 +18.351 +14.815 +16.673 +16.548 +18.794 +16.494 +15.188
 +16.591 +15.166 +17.748 +15.271 +18.743 +15.205 +18.433 +17.393 +15.652
 +15.614 +17.932 +16.031 +12.543 +17.443 +15.725 +16.614 +17.744 +16.457
 +13.890 +16.053 +17.568 +17.821 +17.291 +17.370 +17.844 +15.386 +18.195
 +17.482 +16.450 +15.899 +17.499 +15.908 +17.357 +16.712 +17.516 +16.780
 +16.540 +15.653 +16.711 +14.104 +18.355 +16.245 +18.007 +18.030 +18.627
 +17.718 +16.651 +16.726 +17.543 +15.898 +16.574 +15.391 +16.722 +17.803
 +15.540 +16.125 +18.387 +17.168 +17.412 +16.945 +17.391 +16.830 +16.059
 +15.750 +17.137 +17.718 +16.868 +17.043]
Dual slacks:        [+0.000 +0.000 +0.000 +0.000 +0.000 +0.000 +0.000 +0.000 +0.000 +0.000
 +0.000 +0.000 +0.000 +0.000 +0.000 +0.000 +0.000 +0.000 +0.000 +0.000
 +0.000 +0.000 +0.000 +0.000 +1.991 +0.000 +0.000 +0.000 +0.000 +0.000
 +0.000 +0.000 +0.000 +0.000 +0.000 +0.000 +0.000 +0.000 +0.000 +0.000
 +0.000 +0.000 +0.000 +0.000 +0.000 +0.000 +0.000 +0.000 +0.000 +0.000
 +0.000 +0.000 +0.000 +0.000 +0.000 +0.000 +0.000 +0.000 +0.000 +0.000
 +0.000 +0.000 +0.000 +0.000 +0.000 +0.000 +0.000 +0.000 +0.000 +0.000
 +0.000 +0.000 +0.000 +0.000 +0.000 +0.000 +0.000 +0.000 +0.000 +0.000
 +0.000 +0.000 +0.000 +0.000 +0.000 +0.000 +0.000 +0.000 +0.000 +0.000
 +0.000 +0.000 +0.000 +0.000 +0.000 +0.000 +0.000 +0.000 +0.000 +0.000
 +0.000 +0.000 +0.000 +0.000 +0.000 +0.000 +0.000 +0.000 +0.000 +0.000
 +0.000 +0.000 +0.000 +0.000 +0.000 +0.000 +0.000 +0.000 +0.000 +0.000
 +0.000 +0.000 +0.000 +0.000 +0.000 +0.000 +0.000 +0.000 +0.000 +0.000
 +0.000 +0.000 +0.000 +0.000 +0.000 +0.000 +0.000 +0.000 +0.000 +0.000
 +0.000 +0.000 +0.000 +0.000 +0.000 +0.000 +0.000 +0.000 +0.000 +0.000
 +0.000 +0.000 +0.000 +0.000 +0.000 +0.000 +0.000 +0.000 +0.000 +0.000
 +0.000 +0.000 +0.000 +0.000 +0.000 +0.000 +0.000 +0.000 +0.000 +0.000
 +0.000 +0.000 +0.000 +0.000 +0.000 +0.000 +0.000 +0.000 +0.000 +0.000
 +0.000 +0.000 +0.000 +0.000 +0.000 +0.000 +0.000 +0.000 +0.000 +0.000
 +0.000 +0.000 +0.000 +0.000 +0.000 +0.000 +0.000 +0.000 +0.000 +0.000
 +0.000 +0.000 +0.000 +0.000 +0.000 +0.000 +0.000 +0.000 +0.000 +0.000
 +0.000 +0.000 +0.000 +0.000 +0.000 +0.000 +0.000 +0.000 +0.000 +0.000
 +0.000 +0.000 +0.000 +0.000 +0.000 +0.000 +0.000 +0.000 +0.000 +0.000
 +0.000 +0.000 +0.000 +0.000 +0.000 +0.000 +0.000 +0.000 +0.000 +0.000
 +0.000 +0.000 +0.000 +0.000 +0.000 +0.000 +0.000 +0.000 +0.000 +0.000
 +0.000 +0.186 +0.000 +0.000 +0.000 +0.000 +0.000 +0.000 +0.000 +0.000
 +0.000 +0.000 +0.000 +0.000 +0.000 +0.000 +0.000 +0.000 +0.000 +0.000
 +0.000 +0.000 +0.000 +0.000 +0.000 +0.000 +0.000 +0.000 +0.000 +0.000
 +0.000 +0.000 +0.000 +0.000 +0.000 +0.000 +0.000 +0.000 +0.000 +0.000
 +0.000 +0.000 +0.000 +0.000 +0.000 +0.000 +0.000 +0.000 +0.000 +0.000
 +0.000 +0.000 +0.000 +0.000 +0.000 +0.000 +0.000 +0.000 +0.000 +0.000
 +0.000 +0.000 +0.000 +0.000 +0.000 +0.000 +0.000 +0.000 +0.000 +0.000
 +0.000 +0.000 +0.000 +0.000 +0.000 +0.000 +0.000 +0.000 +0.000 +0.000
 +0.000 +0.000 +0.000 +0.000 +0.000 +0.000 +0.000 +0.000 +0.000 +0.000
 +0.000 +0.000 +0.000 +0.000 +0.000 +0.000 +0.000 +0.000 +0.000 +0.000
 +0.000 +0.000 +0.000 +0.000 +0.000 +0.000 +0.000 +0.000 +0.000 +0.000
 +0.000 +0.000 +0.000 +0.000 +0.000 +0.000 +0.000 +0.000 +0.000 +0.000
 +0.000 +0.000 +0.000 +0.000 +0.000 +0.000 +0.000 +0.000 +0.000 +0.000
 +0.000 +0.000 +0.000 +0.000 +0.000 +0.000 +0.000 +0.000 +0.000 +0.000
 +0.000 +0.000 +0.000 +0.000 +0.000 +0.000 +0.000 +0.000 +0.000 +0.000
 +0.000 +0.000 +0.000 +0.000 +0.000 +0.000 +0.000 +0.000 +0.000 +0.000
 +0.000 +0.000 +0.000 +0.000 +0.000 +0.000 +0.000 +0.000 +0.000 +0.000
 +0.000 +0.000 +0.000 +0.000 +0.000 +0.000 +0.000 +0.000 +0.000 +0.000
 +0.000 +0.000 +0.000 +0.000 +0.000 +0.000 +0.000 +0.000 +0.000 +0.000
 +0.000 +0.000 +0.000 +0.000 +0.000 +0.000 +0.000 +0.000 +0.000 +0.000
 +0.000 +0.000 +0.000 +0.000 +0.000 +0.000 +0.000 +0.000 +0.000 +0.000
 +0.000 +0.000 +0.000 +0.000 +0.000 +0.000 +0.000 +0.000 +0.000 +0.000
 +0.000 +0.000 +0.000 +0.000 +0.000 +0.000 +0.000 +0.000 +0.000 +0.000
 +0.000 +0.000 +0.000 +0.000 +0.000 +0.000 +0.000 +0.000 +0.000 +0.000
 +0.000 +0.000 +0.000 +0.000 +0.000 +0.000 +0.000 +0.000 +0.000 +0.000]
Dual variables:     [-1.106 -1.666]

Primal objective:   1.45906758e+00 
Dual objective:     9.48935175e-02 

Primal residual:    1.06e+00
Dual residual:      1.38e-03
Complementraty:     5.28e-01

Number of Iter:     37
Run time:           20.20
