
--------------- Linear optimization problem characteristics ---------------
Seed:                    77
Number of variables:     200
Number of constraints:   2

Norm of primal sol:      2.00e+00
Norm of dual sol:        2.00e+00
Norm of dual slacks:     2.00e+00

Norm of vector b:        8.49e-02
Norm of vector c:        2.62e+00

Norm of matrix A:        1.00e+00
Condition number:        2.00e+00

----------------------- Linear optimization problem -----------------------
Coeff matrix A:          [[-0.072 +0.024 -0.025 -0.046 -0.058 +0.108 -0.070 +0.063 +0.067 -0.040
 -0.099 -0.084 -0.054 -0.076 -0.064 -0.107 +0.063 +0.008 +0.054 -0.102
 -0.010 +0.027 +0.065 +0.006 -0.110 -0.060 +0.048 -0.080 +0.006 +0.059
 +0.008 +0.040 +0.096 +0.123 -0.093 +0.099 +0.027 +0.037 -0.003 -0.021
 -0.068 -0.044 +0.099 -0.079 +0.017 +0.055 +0.015 +0.104 -0.015 +0.007
 -0.091 -0.102 -0.063 -0.051 +0.119 +0.073 +0.024 -0.012 -0.054 -0.021
 +0.023 +0.122 -0.040 -0.059 +0.058 +0.079 +0.082 +0.017 +0.103 -0.079
 -0.012 -0.011 -0.039 +0.059 -0.091 +0.041 +0.077 -0.040 -0.050 -0.003
 +0.029 +0.078 +0.014 -0.056 -0.055 -0.112 -0.011 -0.074 -0.027 -0.100
 +0.093 +0.011 -0.061 -0.032 -0.059 -0.066 +0.003 -0.027 +0.107 +0.043
 -0.018 +0.023 +0.043 +0.039 -0.002 +0.049 -0.066 +0.060 -0.079 -0.041
 +0.123 -0.002 +0.033 +0.054 +0.039 +0.004 +0.083 -0.073 -0.029 -0.110
 +0.007 -0.043 -0.011 +0.028 -0.100 -0.098 +0.084 +0.019 -0.055 -0.090
 +0.055 -0.083 +0.086 +0.048 +0.078 +0.028 -0.075 -0.074 +0.038 -0.071
 -0.026 +0.072 +0.047 +0.068 +0.026 +0.064 -0.038 -0.058 -0.030 +0.089
 -0.030 -0.058 -0.020 +0.017 -0.052 -0.113 -0.011 +0.096 -0.103 +0.070
 +0.012 -0.066 -0.084 +0.052 -0.082 +0.071 -0.058 -0.037 -0.048 -0.027
 +0.117 -0.014 +0.021 +0.039 -0.126 +0.004 -0.055 +0.069 -0.075 +0.105
 +0.023 +0.029 -0.093 -0.037 -0.048 +0.077 -0.002 +0.029 -0.060 -0.088
 -0.040 -0.059 +0.031 +0.060 -0.008 -0.073 +0.038 -0.093 -0.092 -0.031]
                          [-0.012 +0.011 -0.002 -0.032 +0.053 +0.042 +0.007 +0.087 -0.030 +0.012
 -0.030 -0.024 -0.028 -0.035 +0.025 -0.057 -0.038 -0.044 +0.083 -0.038
 +0.005 +0.021 -0.006 +0.013 -0.099 -0.030 +0.050 +0.002 -0.035 -0.020
 -0.011 -0.015 +0.001 +0.097 -0.082 +0.051 -0.002 +0.079 +0.039 +0.008
 -0.077 -0.008 +0.068 -0.034 +0.058 +0.058 -0.005 +0.098 +0.034 +0.021
 +0.003 -0.072 -0.080 -0.022 +0.075 +0.078 +0.059 -0.022 +0.028 +0.021
 +0.042 +0.086 -0.017 +0.034 +0.089 +0.064 -0.042 -0.055 +0.075 +0.016
 +0.069 -0.048 -0.003 -0.019 -0.030 -0.039 -0.048 +0.035 +0.003 -0.049
 -0.062 +0.075 -0.002 -0.003 -0.084 -0.065 -0.026 +0.014 -0.038 -0.086
 -0.006 -0.066 +0.041 -0.046 -0.033 +0.044 -0.018 -0.066 +0.100 +0.010
 -0.010 -0.009 +0.021 +0.073 +0.036 -0.005 -0.017 +0.086 -0.070 +0.038
 +0.078 -0.036 -0.047 +0.039 -0.061 -0.007 +0.024 +0.022 +0.008 -0.061
 +0.055 +0.042 +0.033 -0.043 -0.075 -0.043 +0.018 -0.066 -0.000 -0.056
 +0.054 -0.048 -0.033 -0.015 +0.062 -0.022 -0.014 -0.051 +0.003 -0.090
 -0.079 +0.000 +0.011 +0.019 -0.058 +0.026 +0.007 -0.032 -0.037 +0.052
 -0.014 +0.004 -0.028 -0.049 -0.056 -0.060 -0.022 +0.045 -0.027 +0.067
 -0.039 -0.000 -0.070 +0.050 -0.044 -0.060 -0.007 -0.005 +0.007 -0.065
 +0.058 +0.004 +0.051 -0.007 -0.090 +0.017 +0.054 -0.037 -0.042 +0.096
 -0.009 +0.024 +0.011 +0.038 +0.011 -0.004 -0.025 +0.036 -0.015 +0.016
 -0.042 -0.077 +0.031 +0.091 -0.004 -0.028 -0.036 -0.083 -0.062 +0.037]]

RHS vector b:            [-0.071 +0.046]
Obj vector c:            [-0.117 +0.048 -0.037 -0.111 -0.004 +0.210 -0.088 +0.212 +0.050 -0.039
 -0.181 -0.151 -0.114 -0.155 -0.054 -0.231 +0.032 -0.053 +0.194 +1.703
 -0.006 +0.067 +0.081 +0.028 -0.295 -0.126 +0.138 -0.109 -0.042 +0.053
 -0.005 +0.034 +0.136 +0.311 -0.248 +0.212 +0.035 +0.165 +0.051 -0.018
 -0.206 -0.072 +0.236 -0.158 +0.108 +0.160 +0.014 +0.286 +0.027 +0.040
 -0.122 -0.246 -0.204 -0.102 +0.273 +0.213 +0.117 -0.048 -0.035 +0.000
 +0.093 +0.294 -0.081 -0.033 +0.209 +0.203 +0.053 -0.056 +0.251 -0.087
 +0.082 -0.084 -0.059 +0.055 -0.170 +0.001 +0.037 -0.005 -0.066 -0.075
 -0.048 +0.216 +0.017 -0.083 -0.197 -0.249 -0.053 -0.082 -0.092 -0.263
 +0.121 -0.080 -0.025 -0.110 -0.130 -0.028 -0.022 -0.132 +0.292 +0.073
 -0.039 +0.020 +0.089 +0.158 +0.049 +0.060 -0.117 +0.207 -0.211 -0.002
 +0.284 -0.054 -0.022 +0.131 -0.033 -0.004 +0.151 -0.070 -0.029 -0.241
 +0.089 +0.000 +0.032 -0.023 -0.247 -0.198 +0.143 -0.068 -0.077 -0.205
 +0.154 -0.184 +0.073 +0.046 +0.198 +0.008 +0.504 -0.175 +0.057 -0.228
 -0.149 +0.101 +0.082 +0.121 -0.046 +0.126 -0.043 -0.128 -0.094 +0.200
 -0.062 -0.075 -0.068 -0.048 -0.152 -0.243 -0.047 +0.199 -0.181 +0.193
 -0.039 -0.092 -0.218 +0.145 -0.177 +0.012 -0.090 -0.059 -0.056 -0.130
 +0.246 -0.014 +0.102 +0.043 -0.305 +0.030 +0.001 +0.043 -0.163 +0.283
 +0.019 +0.076 -0.114 +0.003 -0.051 +0.102 -0.039 +0.092 -0.104 -0.100
 -0.116 -0.191 +0.087 +0.214 -0.016 -0.141 +0.001 -0.249 -0.218 +0.010]

---------------------------- Optimal solution -----------------------------
Primal variables:         [+0.230 +0.161 +0.189 +0.035 +0.022 +0.197 +0.082 +0.135 +0.060 +0.136
 +0.100 +0.179 +0.209 +0.147 +0.074 +0.070 +0.177 +0.106 +0.014 +0.000
 +0.113 +0.044 +0.012 +0.073 +0.017 +0.188 +0.016 +0.108 +0.091 +0.038
 +0.137 +0.111 +0.009 +0.206 +0.068 +0.042 +0.161 +0.027 +0.088 +0.096
 +0.111 +0.244 +0.182 +0.078 +0.224 +0.196 +0.066 +0.077 +0.032 +0.106
 +0.235 +0.092 +0.109 +0.229 +0.237 +0.064 +0.178 +0.013 +0.034 +0.127
 +0.147 +0.082 +0.036 +0.064 +0.215 +0.171 +0.250 +0.080 +0.113 +0.217
 +0.160 +0.083 +0.136 +0.028 +0.204 +0.055 +0.129 +0.132 +0.069 +0.226
 +0.105 +0.237 +0.197 +0.120 +0.003 +0.015 +0.207 +0.101 +0.013 +0.065
 +0.070 +0.236 +0.224 +0.051 +0.025 +0.143 +0.186 +0.150 +0.227 +0.235
 +0.140 +0.223 +0.078 +0.193 +0.053 +0.072 +0.068 +0.062 +0.004 +0.152
 +0.216 +0.065 +0.217 +0.107 +0.040 +0.014 +0.106 +0.184 +0.119 +0.175
 +0.232 +0.113 +0.098 +0.090 +0.230 +0.007 +0.059 +0.020 +0.142 +0.074
 +0.180 +0.025 +0.007 +0.176 +0.198 +0.095 +0.000 +0.066 +0.125 +0.076
 +0.180 +0.153 +0.016 +0.037 +0.243 +0.118 +0.183 +0.053 +0.161 +0.228
 +0.009 +0.044 +0.074 +0.078 +0.081 +0.145 +0.250 +0.089 +0.005 +0.025
 +0.098 +0.151 +0.220 +0.036 +0.089 +0.138 +0.210 +0.148 +0.249 +0.187
 +0.008 +0.231 +0.245 +0.084 +0.163 +0.145 +0.231 +0.207 +0.221 +0.219
 +0.115 +0.176 +0.240 +0.072 +0.113 +0.058 +0.141 +0.061 +0.086 +0.057
 +0.102 +0.038 +0.247 +0.114 +0.134 +0.192 +0.232 +0.183 +0.020 +0.204]
Dual slacks:              [+0.000 +0.000 +0.000 +0.000 +0.000 +0.000 +0.000 +0.000 +0.000 +0.000
 +0.000 +0.000 +0.000 +0.000 +0.000 +0.000 +0.000 +0.000 +0.000 +1.899
 +0.000 +0.000 +0.000 +0.000 +0.000 +0.000 +0.000 +0.000 +0.000 +0.000
 +0.000 +0.000 +0.000 +0.000 +0.000 +0.000 +0.000 +0.000 +0.000 +0.000
 +0.000 +0.000 +0.000 +0.000 +0.000 +0.000 +0.000 +0.000 +0.000 +0.000
 +0.000 +0.000 +0.000 +0.000 +0.000 +0.000 +0.000 +0.000 +0.000 +0.000
 +0.000 +0.000 +0.000 +0.000 +0.000 +0.000 +0.000 +0.000 +0.000 +0.000
 +0.000 +0.000 +0.000 +0.000 +0.000 +0.000 +0.000 +0.000 +0.000 +0.000
 +0.000 +0.000 +0.000 +0.000 +0.000 +0.000 +0.000 +0.000 +0.000 +0.000
 +0.000 +0.000 +0.000 +0.000 +0.000 +0.000 +0.000 +0.000 +0.000 +0.000
 +0.000 +0.000 +0.000 +0.000 +0.000 +0.000 +0.000 +0.000 +0.000 +0.000
 +0.000 +0.000 +0.000 +0.000 +0.000 +0.000 +0.000 +0.000 +0.000 +0.000
 +0.000 +0.000 +0.000 +0.000 +0.000 +0.000 +0.000 +0.000 +0.000 +0.000
 +0.000 +0.000 +0.000 +0.000 +0.000 +0.000 +0.629 +0.000 +0.000 +0.000
 +0.000 +0.000 +0.000 +0.000 +0.000 +0.000 +0.000 +0.000 +0.000 +0.000
 +0.000 +0.000 +0.000 +0.000 +0.000 +0.000 +0.000 +0.000 +0.000 +0.000
 +0.000 +0.000 +0.000 +0.000 +0.000 +0.000 +0.000 +0.000 +0.000 +0.000
 +0.000 +0.000 +0.000 +0.000 +0.000 +0.000 +0.000 +0.000 +0.000 +0.000
 +0.000 +0.000 +0.000 +0.000 +0.000 +0.000 +0.000 +0.000 +0.000 +0.000
 +0.000 +0.000 +0.000 +0.000 +0.000 +0.000 +0.000 +0.000 +0.000 +0.000]
Dual variables:           [+1.390 +1.438]

Optimal objective:       -3.20986762e-02
===========================================================================

Method:                  II-QIPM
LO_Precision:            1.00e-01
Stop_Precision:          1.00e-03
LO_Verbosity:            2
Omega:                   1.00e+01

The Quantum Inexact Infeasible Interior-Point Method starts running ...


                  Objective                Residual                                Linear system           Step-length
Iter      Primal           Dual         Primal    Dual     Compl    ||Resl||  Cond-Num  ||M||   ||RHS||    a-star   a-hat      Time
   0  -3.46444913e+00  0.00000000e+00  1.48e+01 7.97e+00  1.23e+03  1.50e+01  4.00e+00 1.00e+00 1.50e+01  9.70e-01 9.44e-01      0s
   1   3.04143589e+00 -6.58816903e-02  2.63e+00 1.42e+00  2.40e+02  1.40e-01  4.42e+00 2.22e+01 6.14e+01  8.72e-01 8.22e-01      0s
   2   7.92269837e-01 -3.15055159e-02  3.51e-01 3.48e-02  7.49e+00 *3.45e-01  4.12e+00 1.34e+02 4.87e+01  9.88e-01 9.76e-01      1s
   3  -1.31710840e+01 -3.15055159e-02  8.29e+00 2.39e-02  5.28e+00  2.64e+01  3.88e+00 5.12e+03 2.64e+01  7.46e-01 3.14e-01      1s
   4  -1.62422700e+01 -3.15055159e-02  1.01e+01 2.28e-02  5.07e+00  5.01e+01  3.92e+00 8.13e+03 5.01e+01  6.30e-01 4.44e-02      1s
   5  -1.62444714e+01 -3.15055159e-02  1.01e+01 2.28e-02  5.07e+00  5.47e+01  3.93e+00 8.66e+03 5.47e+01  6.12e-01 2.99e-05      3s

The solution quality is limited by the precision of the linear system solver.

The algorithm stopped after 6 iterations in 2.52 seconds.

Primal variables:   [+13.529 +13.590 +13.578 +13.289 +14.339 +13.778 +13.790 +13.891 +13.450
 +13.746 +13.213 +13.358 +13.335 +13.207 +14.003 +12.618 +13.411 +13.270
 +13.900 +0.181 +13.606 +13.643 +13.523 +13.634 +11.603 +13.300 +13.751
 +13.757 +13.325 +13.463 +13.476 +13.460 +13.635 +13.984 +12.279 +13.770
 +13.518 +13.938 +13.842 +13.651 +12.637 +13.554 +13.818 +13.213 +13.893
 +13.775 +13.508 +13.915 +13.853 +13.686 +13.802 +12.357 +12.638 +13.403
 +13.910 +13.838 +13.870 +13.404 +13.991 +13.765 +13.768 +13.954 +13.449
 +14.101 +13.914 +13.781 +13.469 +13.228 +13.845 +13.961 +14.140 +13.212
 +13.595 +13.467 +13.243 +13.358 +13.433 +13.992 +13.679 +13.217 +13.228
 +13.822 +13.528 +13.623 +12.664 +12.399 +13.374 +13.904 +13.263 +12.103
 +13.605 +13.149 +14.210 +13.182 +13.263 +14.288 +13.429 +13.018 +13.926
 +13.571 +13.502 +13.485 +13.621 +13.896 +13.816 +13.508 +13.455 +13.894
 +12.649 +14.024 +13.943 +13.312 +13.305 +13.693 +13.262 +13.504 +13.653
 +14.022 +13.676 +12.501 +13.923 +14.080 +13.837 +13.315 +12.324 +12.980
 +13.637 +13.177 +13.656 +12.804 +13.761 +12.978 +13.513 +13.467 +13.773
 +13.417 +0.755 +12.982 +13.542 +12.420 +12.908 +13.558 +13.577 +13.613
 +13.238 +13.637 +13.693 +13.272 +13.270 +13.750 +13.471 +13.718 +13.357
 +13.259 +13.017 +12.498 +13.403 +13.744 +13.265 +13.794 +13.307 +13.685
 +12.604 +13.744 +13.045 +13.377 +13.585 +13.572 +13.723 +13.030 +13.863
 +13.608 +13.832 +13.493 +11.466 +13.666 +14.325 +13.436 +13.109 +13.909
 +13.485 +13.657 +13.945 +14.009 +13.770 +13.557 +13.383 +13.722 +13.489
 +14.007 +13.199 +12.727 +13.687 +13.919 +13.538 +13.306 +13.362 +12.264
 +12.664 +13.959]
Dual slacks:        [+0.001 +0.002 +0.001 +0.001 +0.001 +0.002 +0.001 +0.002 +0.002 +0.001
 +0.001 +0.001 +0.001 +0.001 +0.001 +0.001 +0.002 +0.002 +0.002 +1.899
 +0.002 +0.002 +0.002 +0.002 +0.001 +0.001 +0.002 +0.001 +0.002 +0.002
 +0.002 +0.002 +0.002 +0.002 +0.001 +0.002 +0.002 +0.002 +0.001 +0.001
 +0.001 +0.001 +0.002 +0.001 +0.002 +0.002 +0.002 +0.002 +0.001 +0.002
 +0.001 +0.001 +0.001 +0.001 +0.002 +0.002 +0.002 +0.002 +0.001 +0.001
 +0.002 +0.002 +0.001 +0.001 +0.002 +0.002 +0.002 +0.002 +0.002 +0.001
 +0.001 +0.002 +0.001 +0.002 +0.001 +0.002 +0.002 +0.001 +0.001 +0.002
 +0.002 +0.002 +0.002 +0.001 +0.002 +0.001 +0.002 +0.001 +0.002 +0.001
 +0.002 +0.002 +0.001 +0.002 +0.001 +0.001 +0.002 +0.002 +0.002 +0.002
 +0.002 +0.002 +0.002 +0.002 +0.001 +0.002 +0.001 +0.002 +0.001 +0.001
 +0.002 +0.002 +0.002 +0.002 +0.002 +0.002 +0.002 +0.001 +0.001 +0.001
 +0.001 +0.001 +0.001 +0.002 +0.001 +0.001 +0.002 +0.002 +0.001 +0.001
 +0.002 +0.001 +0.002 +0.002 +0.002 +0.002 +0.630 +0.001 +0.002 +0.001
 +0.002 +0.002 +0.002 +0.002 +0.002 +0.002 +0.001 +0.001 +0.002 +0.002
 +0.001 +0.001 +0.002 +0.002 +0.001 +0.001 +0.002 +0.002 +0.001 +0.002
 +0.002 +0.001 +0.001 +0.002 +0.001 +0.002 +0.001 +0.001 +0.001 +0.002
 +0.002 +0.002 +0.002 +0.002 +0.001 +0.002 +0.001 +0.002 +0.001 +0.002
 +0.002 +0.002 +0.001 +0.001 +0.001 +0.002 +0.002 +0.002 +0.001 +0.001
 +0.001 +0.001 +0.002 +0.002 +0.002 +0.001 +0.002 +0.001 +0.001 +0.001]
Dual variables:     [+1.383 +1.441]

Primal objective:   -1.62444714e+01
Dual objective:     -3.15055159e-02

Primal residual:    1.01e+01
Dual residual:      2.28e-02
Complementraty:     5.07e+00

Number of Iter:     6
Run time:           2.52
