
--------------- Linear optimization problem characteristics ---------------
Seed:                    60
Number of variables:     100
Number of constraints:   2

Norm of primal sol:      2.00e+00
Norm of dual sol:        2.00e+00
Norm of dual slacks:     2.00e+00

Norm of vector b:        1.95e-01
Norm of vector c:        2.19e+00

Norm of matrix A:        1.00e+00
Condition number:        2.00e+00

----------------------- Linear optimization problem -----------------------
Coeff matrix A:          [[+0.114 +0.126 -0.001 -0.015 -0.053 -0.045 +0.026 +0.049 +0.027 +0.098
 -0.004 +0.140 -0.087 -0.076 -0.052 -0.041 -0.078 +0.033 -0.053 +0.072
 -0.075 +0.029 +0.104 -0.123 -0.093 +0.019 -0.132 -0.051 -0.062 +0.069
 -0.093 +0.009 +0.037 +0.028 -0.033 -0.118 +0.034 +0.108 -0.074 -0.130
 -0.023 +0.044 -0.087 -0.065 -0.121 +0.020 +0.081 +0.056 +0.113 +0.106
 -0.097 -0.056 +0.075 +0.072 -0.142 -0.013 -0.081 -0.099 -0.017 -0.027
 -0.050 +0.011 +0.126 -0.110 -0.072 -0.042 +0.023 +0.149 -0.020 +0.069
 -0.062 -0.123 -0.122 -0.015 -0.123 -0.012 -0.058 -0.012 +0.106 +0.135
 -0.004 +0.118 -0.069 -0.058 -0.119 +0.053 -0.094 -0.109 +0.089 +0.065
 +0.066 -0.026 -0.060 +0.122 -0.103 +0.057 +0.090 -0.046 -0.050 -0.036]
                          [-0.072 -0.029 -0.086 -0.112 +0.067 +0.052 +0.079 +0.099 -0.071 -0.137
 -0.013 -0.120 +0.023 +0.017 -0.060 -0.017 +0.086 -0.084 -0.091 -0.074
 +0.035 +0.039 -0.068 +0.139 +0.108 -0.067 +0.088 +0.103 -0.061 +0.062
 +0.110 +0.053 -0.050 -0.091 +0.105 +0.137 -0.097 +0.026 +0.074 +0.105
 +0.086 +0.088 -0.008 -0.030 +0.072 -0.066 -0.112 -0.125 -0.021 -0.136
 -0.035 -0.002 +0.020 -0.052 +0.145 +0.048 -0.015 +0.074 -0.013 -0.083
 -0.065 -0.089 -0.131 +0.023 +0.121 +0.026 +0.060 -0.130 -0.032 -0.106
 +0.072 +0.029 +0.007 +0.042 +0.030 -0.114 +0.001 +0.072 -0.070 -0.145
 -0.074 -0.066 +0.026 -0.002 +0.004 +0.014 +0.045 +0.141 -0.098 +0.003
 -0.091 -0.000 +0.132 -0.147 -0.035 +0.028 -0.092 -0.075 +0.044 +0.035]]

RHS vector b:            [-0.179 -0.077]
Obj vector c:            [+0.180 +0.226 -0.049 -0.089 -0.066 -0.058 +0.093 +0.148 +0.013 +0.115
 -0.015 +0.204 -0.155 -0.136 -0.133 -0.088 -0.103 +0.018 -0.152 +0.099
 +1.391 +0.076 +0.162 -0.160 -0.119 -0.001 +1.100 -0.042 -0.154 +0.166
 -0.119 +0.046 +0.043 +0.005 -0.006 -0.153 +0.012 +0.222 -0.103 -0.192
 +0.003 +0.133 -0.172 -0.142 -0.193 +0.003 +0.094 +0.040 +0.205 +0.130
 -0.206 -0.109 +0.156 +0.110 -0.195 +0.001 -0.165 -0.150 -0.040 -0.096
 -0.131 -0.028 +0.172 -0.200 -0.073 -0.067 +0.077 +0.215 -0.056 +0.075
 -0.080 -0.220 -0.231 -0.006 -0.221 -0.086 -0.111 +0.016 +0.166 +0.181
 -0.047 +0.192 -0.117 -0.112 -0.228 +0.109 -0.156 -0.132 +0.118 +0.127
 +0.077 -0.051 -0.043 +0.156 -0.217 +0.125 +0.124 -0.129 -0.072 -0.049]

---------------------------- Optimal solution -----------------------------
Primal variables:         [+0.105 +0.065 +0.113 +0.233 +0.199 +0.140 +0.133 +0.004 +0.060 +0.043
 +0.243 +0.306 +0.118 +0.348 +0.046 +0.175 +0.100 +0.077 +0.176 +0.223
 +0.000 +0.028 +0.204 +0.294 +0.103 +0.346 +0.000 +0.336 +0.125 +0.181
 +0.346 +0.072 +0.342 +0.014 +0.007 +0.068 +0.004 +0.157 +0.228 +0.249
 +0.089 +0.268 +0.339 +0.187 +0.151 +0.175 +0.268 +0.114 +0.057 +0.217
 +0.224 +0.275 +0.325 +0.294 +0.337 +0.194 +0.010 +0.050 +0.165 +0.239
 +0.241 +0.254 +0.347 +0.138 +0.180 +0.323 +0.135 +0.157 +0.157 +0.092
 +0.325 +0.181 +0.233 +0.292 +0.001 +0.204 +0.171 +0.096 +0.097 +0.281
 +0.155 +0.114 +0.217 +0.212 +0.173 +0.249 +0.208 +0.167 +0.145 +0.265
 +0.009 +0.139 +0.177 +0.260 +0.173 +0.295 +0.002 +0.059 +0.211 +0.227]
Dual slacks:              [+0.000 +0.000 +0.000 +0.000 +0.000 +0.000 +0.000 +0.000 +0.000 +0.000
 +0.000 +0.000 +0.000 +0.000 +0.000 +0.000 +0.000 +0.000 +0.000 +0.000
 +1.516 +0.000 +0.000 +0.000 +0.000 +0.000 +1.305 +0.000 +0.000 +0.000
 +0.000 +0.000 +0.000 +0.000 +0.000 +0.000 +0.000 +0.000 +0.000 +0.000
 +0.000 +0.000 +0.000 +0.000 +0.000 +0.000 +0.000 +0.000 +0.000 +0.000
 +0.000 +0.000 +0.000 +0.000 +0.000 +0.000 +0.000 +0.000 +0.000 +0.000
 +0.000 +0.000 +0.000 +0.000 +0.000 +0.000 +0.000 +0.000 +0.000 +0.000
 +0.000 +0.000 +0.000 +0.000 +0.000 +0.000 +0.000 +0.000 +0.000 +0.000
 +0.000 +0.000 +0.000 +0.000 +0.000 +0.000 +0.000 +0.000 +0.000 +0.000
 +0.000 +0.000 +0.000 +0.000 +0.000 +0.000 +0.000 +0.000 +0.000 +0.000]
Dual variables:           [+1.924 +0.545]

Optimal objective:       -3.86999229e-01
===========================================================================

Method:                  II-QIPM
LO_Precision:            1.00e-01
Stop_Precision:          1.00e-03
LO_Verbosity:            2
Omega:                   1.00e+01

The Quantum Inexact Infeasible Interior-Point Method starts running ...


                  Objective                Residual                                Linear system           Step-length
Iter      Primal           Dual         Primal    Dual     Compl    ||Resl||  Cond-Num  ||M||   ||RHS||    a-star   a-hat      Time
   0   3.07511929e+00  0.00000000e+00  1.23e+01 4.38e+00  4.83e+02  1.24e+01  4.00e+00 1.00e+00 1.24e+01  9.77e-01 9.56e-01      0s
   1  -3.01080799e+00  0.00000000e+00  1.43e+01 4.04e+00  4.48e+02  4.29e+01  3.54e+00 2.73e+01 4.29e+01  4.85e-01 7.92e-02      1s
   2  -5.89228598e+00  0.00000000e+00  1.54e+01 3.90e+00  4.34e+02  5.15e+01  3.48e+00 3.14e+01 5.15e+01  4.41e-01 3.32e-02      1s
   3  -8.59474675e+00  0.00000000e+00  1.65e+01 3.79e+00  4.23e+02  5.60e+01  3.46e+00 3.34e+01 5.60e+01  4.22e-01 2.94e-02      1s
   4  -1.11537099e+01  0.00000000e+00  1.75e+01 3.69e+00  4.13e+02  6.03e+01  3.44e+00 3.55e+01 6.03e+01  4.04e-01 2.64e-02      2s
   5  -1.35880639e+01  0.00000000e+00  1.85e+01 3.60e+00  4.04e+02  6.47e+01  3.42e+00 3.75e+01 6.47e+01  3.88e-01 2.38e-02      2s
   6  -1.59100270e+01  0.00000000e+00  1.95e+01 3.52e+00  3.96e+02  6.90e+01  3.40e+00 3.95e+01 6.90e+01  3.73e-01 2.16e-02      2s
   7  -1.81306691e+01  0.00000000e+00  2.05e+01 3.45e+00  3.89e+02  7.33e+01  3.39e+00 4.15e+01 7.33e+01  3.59e-01 1.96e-02      3s
   8  -2.02600646e+01  0.00000000e+00  2.15e+01 3.39e+00  3.82e+02  7.76e+01  3.38e+00 4.35e+01 7.76e+01  3.47e-01 1.80e-02      3s
   9  -2.23053754e+01  0.00000000e+00  2.24e+01 3.33e+00  3.77e+02  8.19e+01  3.37e+00 4.54e+01 8.19e+01  3.35e-01 1.65e-02      3s
  10  -2.42771583e+01  0.00000000e+00  2.33e+01 3.28e+00  3.71e+02  8.62e+01  3.36e+00 4.74e+01 8.62e+01  3.23e-01 1.52e-02      4s
  11  -2.61774931e+01  0.00000000e+00  2.42e+01 3.24e+00  3.67e+02  9.05e+01  3.36e+00 4.94e+01 9.05e+01  3.13e-01 1.40e-02      4s
  12  -2.80157530e+01  0.00000000e+00  2.51e+01 3.20e+00  3.62e+02  9.48e+01  3.35e+00 5.14e+01 9.48e+01  3.03e-01 1.30e-02      4s
  13  -2.97934812e+01  0.00000000e+00  2.60e+01 3.16e+00  3.58e+02  9.91e+01  3.35e+00 5.34e+01 9.91e+01  2.94e-01 1.21e-02      5s
  14  -3.15173618e+01  0.00000000e+00  2.68e+01 3.12e+00  3.55e+02  1.03e+02  3.35e+00 5.54e+01 1.03e+02  2.85e-01 1.13e-02      5s
  15  -3.31902769e+01  0.00000000e+00  2.76e+01 3.09e+00  3.51e+02  1.08e+02  3.35e+00 5.74e+01 1.08e+02  2.77e-01 1.05e-02      5s
  16  -3.48149598e+01  0.00000000e+00  2.85e+01 3.06e+00  3.48e+02  1.12e+02  3.35e+00 5.93e+01 1.12e+02  2.70e-01 9.87e-03      6s
  17  -3.63955860e+01  0.00000000e+00  2.92e+01 3.03e+00  3.45e+02  1.16e+02  3.36e+00 6.13e+01 1.16e+02  2.62e-01 9.26e-03      6s
  18  -3.79345492e+01  0.00000000e+00  3.00e+01 3.00e+00  3.42e+02  1.21e+02  3.36e+00 6.33e+01 1.21e+02  2.55e-01 8.71e-03      6s
  19  -3.94356294e+01  0.00000000e+00  3.08e+01 2.98e+00  3.40e+02  1.25e+02  3.37e+00 6.53e+01 1.25e+02  2.49e-01 8.21e-03      7s
  20  -4.08980078e+01  0.00000000e+00  3.15e+01 2.96e+00  3.38e+02  1.29e+02  3.37e+00 6.73e+01 1.29e+02  2.43e-01 7.73e-03      7s
  21  -4.23266746e+01  0.00000000e+00  3.22e+01 2.93e+00  3.35e+02  1.33e+02  3.38e+00 6.93e+01 1.33e+02  2.37e-01 7.32e-03      7s
  22  -4.37235534e+01  0.00000000e+00  3.30e+01 2.91e+00  3.33e+02  1.38e+02  3.38e+00 7.13e+01 1.38e+02  2.31e-01 6.93e-03      8s
  23  -4.50877525e+01  0.00000000e+00  3.37e+01 2.89e+00  3.31e+02  1.42e+02  3.39e+00 7.33e+01 1.42e+02  2.26e-01 6.56e-03      8s
  24  -4.64238052e+01  0.00000000e+00  3.43e+01 2.88e+00  3.29e+02  1.46e+02  3.40e+00 7.53e+01 1.46e+02  2.21e-01 6.24e-03      8s
  25  -4.77307821e+01  0.00000000e+00  3.50e+01 2.86e+00  3.28e+02  1.51e+02  3.41e+00 7.73e+01 1.51e+02  2.16e-01 5.92e-03      9s
  26  -4.90116723e+01  0.00000000e+00  3.57e+01 2.84e+00  3.26e+02  1.55e+02  3.42e+00 7.93e+01 1.55e+02  2.11e-01 5.64e-03      9s
  27  -5.02680713e+01  0.00000000e+00  3.63e+01 2.83e+00  3.24e+02  1.59e+02  3.43e+00 8.14e+01 1.59e+02  2.07e-01 5.38e-03     10s
  28  -5.14990466e+01  0.00000000e+00  3.70e+01 2.81e+00  3.23e+02  1.63e+02  3.44e+00 8.34e+01 1.63e+02  2.02e-01 5.13e-03     10s
  29  -5.27073572e+01  0.00000000e+00  3.76e+01 2.80e+00  3.21e+02  1.68e+02  3.45e+00 8.54e+01 1.68e+02  1.98e-01 4.90e-03     10s
  30  -5.38932689e+01  0.00000000e+00  3.82e+01 2.79e+00  3.20e+02  1.72e+02  3.46e+00 8.75e+01 1.72e+02  1.94e-01 4.68e-03     11s
  31  -5.50593812e+01  0.00000000e+00  3.88e+01 2.77e+00  3.19e+02  1.76e+02  3.47e+00 8.95e+01 1.76e+02  1.90e-01 4.49e-03     11s
  32  -5.62036033e+01  0.00000000e+00  3.94e+01 2.76e+00  3.17e+02  1.81e+02  3.49e+00 9.16e+01 1.81e+02  1.87e-01 4.29e-03     11s
  33  -5.73295822e+01  0.00000000e+00  4.00e+01 2.75e+00  3.16e+02  1.85e+02  3.50e+00 9.36e+01 1.85e+02  1.83e-01 4.12e-03     12s
  34  -5.84374931e+01  0.00000000e+00  4.06e+01 2.74e+00  3.15e+02  1.90e+02  3.51e+00 9.57e+01 1.90e+02  1.80e-01 3.96e-03     12s
  35  -5.95264230e+01  0.00000000e+00  4.12e+01 2.73e+00  3.14e+02  1.94e+02  3.53e+00 9.77e+01 1.94e+02  1.77e-01 3.80e-03     12s
  36  -6.05987252e+01  0.00000000e+00  4.18e+01 2.72e+00  3.13e+02  1.98e+02  3.54e+00 9.98e+01 1.98e+02  1.73e-01 3.65e-03     13s
  37  -6.16534971e+01  0.00000000e+00  4.23e+01 2.71e+00  3.12e+02  2.03e+02  3.55e+00 1.02e+02 2.03e+02  1.70e-01 3.51e-03     13s
  38  -6.26940399e+01  0.00000000e+00  4.29e+01 2.70e+00  3.11e+02  2.07e+02  3.57e+00 1.04e+02 2.07e+02  1.68e-01 3.38e-03     14s
  39  -6.37184090e+01  0.00000000e+00  4.34e+01 2.69e+00  3.10e+02  2.11e+02  3.58e+00 1.06e+02 2.11e+02  1.65e-01 3.26e-03     14s
  40  -6.47277719e+01  0.00000000e+00  4.40e+01 2.68e+00  3.09e+02  2.16e+02  3.60e+00 1.08e+02 2.16e+02  1.62e-01 3.14e-03     14s
  41  -6.57222628e+01  0.00000000e+00  4.45e+01 2.68e+00  3.08e+02  2.20e+02  3.61e+00 1.10e+02 2.20e+02  1.59e-01 3.03e-03     15s
  42  -6.67039798e+01  0.00000000e+00  4.50e+01 2.67e+00  3.08e+02  2.25e+02  3.63e+00 1.12e+02 2.25e+02  1.57e-01 2.93e-03     15s
  43  -6.76720461e+01  0.00000000e+00  4.55e+01 2.66e+00  3.07e+02  2.29e+02  3.64e+00 1.14e+02 2.29e+02  1.54e-01 2.83e-03     15s
  44  -6.86275321e+01  0.00000000e+00  4.60e+01 2.65e+00  3.06e+02  2.34e+02  3.66e+00 1.17e+02 2.34e+02  1.52e-01 2.73e-03     16s
  45  -6.95695898e+01  0.00000000e+00  4.65e+01 2.65e+00  3.05e+02  2.38e+02  3.68e+00 1.19e+02 2.38e+02  1.50e-01 2.64e-03     16s
  46  -7.05001970e+01  0.00000000e+00  4.70e+01 2.64e+00  3.05e+02  2.42e+02  3.69e+00 1.21e+02 2.42e+02  1.47e-01 2.56e-03     17s
  47  -7.14194320e+01  0.00000000e+00  4.75e+01 2.63e+00  3.04e+02  2.47e+02  3.71e+00 1.23e+02 2.47e+02  1.45e-01 2.48e-03     17s
  48  -7.23264661e+01  0.00000000e+00  4.80e+01 2.63e+00  3.03e+02  2.51e+02  3.73e+00 1.25e+02 2.51e+02  1.43e-01 2.40e-03     17s
  49  -7.32231915e+01  0.00000000e+00  4.85e+01 2.62e+00  3.03e+02  2.56e+02  3.74e+00 1.27e+02 2.56e+02  1.41e-01 2.32e-03     18s
  50  -7.41087859e+01  0.00000000e+00  4.90e+01 2.61e+00  3.02e+02  2.60e+02  3.76e+00 1.29e+02 2.60e+02  1.39e-01 2.25e-03     18s
  51  -7.49842071e+01  0.00000000e+00  4.94e+01 2.61e+00  3.01e+02  2.65e+02  3.78e+00 1.32e+02 2.65e+02  1.37e-01 2.19e-03     18s
  52  -7.58486562e+01  0.00000000e+00  4.99e+01 2.60e+00  3.01e+02  2.69e+02  3.80e+00 1.34e+02 2.69e+02  1.35e-01 2.12e-03     19s
  53  -7.67047831e+01  0.00000000e+00  5.03e+01 2.60e+00  3.00e+02  2.74e+02  3.82e+00 1.36e+02 2.74e+02  1.33e-01 2.06e-03     19s
  54  -7.75500855e+01  0.00000000e+00  5.08e+01 2.59e+00  3.00e+02  2.78e+02  3.83e+00 1.38e+02 2.78e+02  1.32e-01 2.00e-03     20s
  55  -7.83871582e+01  0.00000000e+00  5.13e+01 2.59e+00  2.99e+02  2.83e+02  3.85e+00 1.40e+02 2.83e+02  1.30e-01 1.95e-03     20s
  56  -7.92143844e+01  0.00000000e+00  5.17e+01 2.58e+00  2.99e+02  2.88e+02  3.87e+00 1.42e+02 2.88e+02  1.28e-01 1.89e-03     20s
  57  -8.00326528e+01  0.00000000e+00  5.21e+01 2.58e+00  2.98e+02  2.92e+02  3.89e+00 1.45e+02 2.92e+02  1.26e-01 1.84e-03     21s
  58  -8.08428292e+01  0.00000000e+00  5.26e+01 2.57e+00  2.98e+02  2.97e+02  3.91e+00 1.47e+02 2.97e+02  1.25e-01 1.79e-03     21s
  59  -8.16449562e+01  0.00000000e+00  5.30e+01 2.57e+00  2.97e+02  3.01e+02  3.93e+00 1.49e+02 3.01e+02  1.23e-01 1.74e-03     22s
  60  -8.24382830e+01  0.00000000e+00  5.34e+01 2.56e+00  2.97e+02  3.06e+02  3.95e+00 1.51e+02 3.06e+02  1.22e-01 1.69e-03     22s
  61  -8.32244388e+01  0.00000000e+00  5.39e+01 2.56e+00  2.96e+02  3.10e+02  3.97e+00 1.54e+02 3.10e+02  1.20e-01 1.65e-03     22s
  62  -8.40018987e+01  0.00000000e+00  5.43e+01 2.56e+00  2.96e+02  3.15e+02  3.99e+00 1.56e+02 3.15e+02  1.19e-01 1.61e-03     23s
  63  -7.93223015e+01 -2.79611475e-02  5.13e+01 2.41e+00  2.81e+02  8.46e-02  4.01e+00 1.58e+02 3.20e+02  5.45e-01 5.55e-02     23s
  64  -8.02007811e+01 -2.79611475e-02  5.17e+01 2.41e+00  2.81e+02  2.84e+02  3.87e+00 1.52e+02 2.84e+02  1.31e-01 2.05e-03     23s
  65  -8.10459558e+01 -2.79611475e-02  5.22e+01 2.40e+00  2.80e+02  2.88e+02  3.89e+00 1.54e+02 2.88e+02  1.30e-01 1.94e-03     24s
  66  -8.18820452e+01 -2.79611475e-02  5.26e+01 2.40e+00  2.80e+02  2.93e+02  3.91e+00 1.56e+02 2.93e+02  1.28e-01 1.89e-03     24s
  67  -8.27091030e+01 -2.79611475e-02  5.31e+01 2.40e+00  2.79e+02  2.98e+02  3.92e+00 1.59e+02 2.98e+02  1.26e-01 1.83e-03     25s
  68  -8.35280027e+01 -2.79611475e-02  5.35e+01 2.39e+00  2.79e+02  3.02e+02  3.94e+00 1.61e+02 3.02e+02  1.25e-01 1.78e-03     25s
  69  -8.43379751e+01 -2.79611475e-02  5.40e+01 2.39e+00  2.78e+02  3.07e+02  3.96e+00 1.64e+02 3.07e+02  1.23e-01 1.74e-03     25s
  70  -8.51398782e+01 -2.79611475e-02  5.44e+01 2.38e+00  2.78e+02  3.12e+02  3.98e+00 1.66e+02 3.12e+02  1.22e-01 1.69e-03     26s
  71  -8.03321322e+01 -5.43965211e-02  5.13e+01 2.25e+00  2.64e+02  2.62e-03  4.00e+00 1.69e+02 3.16e+02  5.48e-01 5.62e-02     26s
  72  -8.12382749e+01 -5.43965211e-02  5.18e+01 2.24e+00  2.63e+02  2.80e+02  3.87e+00 1.62e+02 2.80e+02  1.35e-01 2.16e-03     27s
  73  -8.21101859e+01 -5.43965211e-02  5.23e+01 2.24e+00  2.63e+02  2.85e+02  3.89e+00 1.65e+02 2.85e+02  1.33e-01 2.04e-03     27s
  74  -8.29728393e+01 -5.43965211e-02  5.28e+01 2.23e+00  2.62e+02  2.90e+02  3.91e+00 1.67e+02 2.90e+02  1.31e-01 1.98e-03     27s
  75  -8.38262855e+01 -5.43965211e-02  5.32e+01 2.23e+00  2.62e+02  2.94e+02  3.93e+00 1.70e+02 2.94e+02  1.29e-01 1.93e-03     28s
  76  -8.46697321e+01 -5.43965211e-02  5.37e+01 2.23e+00  2.61e+02  2.99e+02  3.95e+00 1.72e+02 2.99e+02  1.27e-01 1.87e-03     28s
  77  -8.55049167e+01 -5.43965211e-02  5.41e+01 2.22e+00  2.61e+02  3.04e+02  3.96e+00 1.75e+02 3.04e+02  1.26e-01 1.82e-03     28s
  78  -8.63318792e+01 -5.43965211e-02  5.46e+01 2.22e+00  2.60e+02  3.09e+02  3.98e+00 1.78e+02 3.09e+02  1.24e-01 1.77e-03     29s
  79  -8.13738073e+01 -7.94386899e-02  5.15e+01 2.09e+00  2.47e+02  1.66e-02  4.00e+00 1.80e+02 3.13e+02  5.51e-01 5.72e-02     29s
  80  -8.22924255e+01 -7.94386899e-02  5.20e+01 2.09e+00  2.46e+02  2.77e+02  3.88e+00 1.73e+02 2.77e+02  1.38e-01 2.23e-03     30s
  81  -8.31933668e+01 -7.94386899e-02  5.25e+01 2.08e+00  2.46e+02  2.82e+02  3.90e+00 1.76e+02 2.82e+02  1.36e-01 2.15e-03     30s
  82  -8.40830924e+01 -7.94386899e-02  5.30e+01 2.08e+00  2.46e+02  2.87e+02  3.92e+00 1.79e+02 2.87e+02  1.34e-01 2.08e-03     30s
  83  -8.49634424e+01 -7.94386899e-02  5.34e+01 2.07e+00  2.45e+02  2.92e+02  3.93e+00 1.82e+02 2.92e+02  1.32e-01 2.02e-03     31s
  84  -8.58335938e+01 -7.94386899e-02  5.39e+01 2.07e+00  2.45e+02  2.97e+02  3.95e+00 1.85e+02 2.97e+02  1.30e-01 1.96e-03     31s
  85  -8.66953345e+01 -7.94386899e-02  5.44e+01 2.07e+00  2.44e+02  3.01e+02  3.97e+00 1.88e+02 3.01e+02  1.29e-01 1.91e-03     31s
  86  -8.75469952e+01 -7.94386899e-02  5.48e+01 2.06e+00  2.44e+02  3.06e+02  3.99e+00 1.91e+02 3.06e+02  1.27e-01 1.86e-03     32s
  87  -8.24206103e+01 -1.03182343e-01  5.16e+01 1.94e+00  2.31e+02  1.07e-01  4.01e+00 1.94e+02 3.11e+02  5.55e-01 5.85e-02     32s
  88  -8.33626893e+01 -1.03182343e-01  5.22e+01 1.94e+00  2.30e+02  2.75e+02  3.89e+00 1.86e+02 2.75e+02  1.41e-01 2.33e-03     33s
  89  -8.42923221e+01 -1.03182343e-01  5.27e+01 1.93e+00  2.30e+02  2.80e+02  3.91e+00 1.90e+02 2.80e+02  1.39e-01 2.25e-03     33s
  90  -8.52114401e+01 -1.03182343e-01  5.32e+01 1.93e+00  2.30e+02  2.85e+02  3.93e+00 1.93e+02 2.85e+02  1.37e-01 2.19e-03     33s
  91  -8.61201014e+01 -1.03182343e-01  5.37e+01 1.92e+00  2.29e+02  2.89e+02  3.94e+00 1.96e+02 2.89e+02  1.35e-01 2.12e-03     34s
  92  -8.70183661e+01 -1.03182343e-01  5.42e+01 1.92e+00  2.29e+02  2.94e+02  3.96e+00 1.99e+02 2.94e+02  1.33e-01 2.06e-03     34s
  93  -8.79062955e+01 -1.03182343e-01  5.47e+01 1.92e+00  2.28e+02  2.99e+02  3.98e+00 2.02e+02 2.99e+02  1.31e-01 2.00e-03     35s
  94  -8.87857103e+01 -1.03182343e-01  5.51e+01 1.91e+00  2.28e+02  3.04e+02  4.00e+00 2.06e+02 3.04e+02  1.30e-01 1.95e-03     35s
  95  -8.34710732e+01 -1.25711179e-01  5.18e+01 1.80e+00  2.15e+02  2.72e-01  4.02e+00 2.09e+02 3.09e+02  5.59e-01 5.99e-02     35s
  96  -8.44533141e+01 -1.25711179e-01  5.24e+01 1.79e+00  2.15e+02  2.73e+02  3.91e+00 2.01e+02 2.73e+02  1.44e-01 2.47e-03     36s
  97  -8.54140970e+01 -1.25711179e-01  5.29e+01 1.79e+00  2.15e+02  2.78e+02  3.93e+00 2.04e+02 2.78e+02  1.42e-01 2.37e-03     36s
  98  -8.63632223e+01 -1.25711179e-01  5.34e+01 1.79e+00  2.14e+02  2.83e+02  3.94e+00 2.08e+02 2.83e+02  1.40e-01 2.30e-03     36s
  99  -8.73007611e+01 -1.25711179e-01  5.39e+01 1.78e+00  2.14e+02  2.87e+02  3.96e+00 2.11e+02 2.87e+02  1.38e-01 2.23e-03     36s
 100  -8.82286409e+01 -1.25711179e-01  5.45e+01 1.78e+00  2.13e+02  2.92e+02  3.98e+00 2.15e+02 2.92e+02  1.36e-01 2.16e-03     37s
 101  -8.91450672e+01 -1.25711179e-01  5.50e+01 1.77e+00  2.13e+02  2.97e+02  3.99e+00 2.19e+02 2.97e+02  1.34e-01 2.10e-03     37s
 102  -8.36455003e+01 -1.47255168e-01  5.16e+01 1.66e+00  2.01e+02  2.00e-01  4.01e+00 2.22e+02 3.02e+02  5.65e-01 6.17e-02     37s
 103  -8.46709038e+01 -1.47255168e-01  5.21e+01 1.66e+00  2.00e+02  2.66e+02  3.92e+00 2.14e+02 2.66e+02  1.50e-01 2.67e-03     38s
 104  -8.56751693e+01 -1.47255168e-01  5.27e+01 1.66e+00  2.00e+02  2.71e+02  3.93e+00 2.18e+02 2.71e+02  1.47e-01 2.56e-03     38s
 105  -8.66675022e+01 -1.47255168e-01  5.33e+01 1.65e+00  2.00e+02  2.76e+02  3.95e+00 2.22e+02 2.76e+02  1.45e-01 2.48e-03     38s
 106  -8.76479651e+01 -1.47255168e-01  5.38e+01 1.65e+00  1.99e+02  2.81e+02  3.97e+00 2.26e+02 2.81e+02  1.43e-01 2.40e-03     39s
 107  -8.86166231e+01 -1.47255168e-01  5.43e+01 1.64e+00  1.99e+02  2.86e+02  3.98e+00 2.30e+02 2.86e+02  1.41e-01 2.33e-03     39s
 108  -8.95735435e+01 -1.47255168e-01  5.49e+01 1.64e+00  1.98e+02  2.91e+02  4.00e+00 2.34e+02 2.91e+02  1.39e-01 2.26e-03     39s
 109  -8.38437879e+01 -1.67924335e-01  5.14e+01 1.53e+00  1.87e+02  2.78e-01  4.02e+00 2.38e+02 2.96e+02  5.72e-01 6.41e-02     40s
 110  -8.49215064e+01 -1.67924335e-01  5.20e+01 1.53e+00  1.86e+02  2.60e+02  3.93e+00 2.29e+02 2.60e+02  1.55e-01 2.91e-03     40s
 111  -8.59741800e+01 -1.67924335e-01  5.25e+01 1.53e+00  1.86e+02  2.65e+02  3.95e+00 2.34e+02 2.65e+02  1.53e-01 2.78e-03     40s
 112  -8.70125706e+01 -1.67924335e-01  5.31e+01 1.52e+00  1.85e+02  2.71e+02  3.96e+00 2.38e+02 2.71e+02  1.51e-01 2.68e-03     40s
 113  -8.80388235e+01 -1.67924335e-01  5.37e+01 1.52e+00  1.85e+02  2.76e+02  3.98e+00 2.42e+02 2.76e+02  1.48e-01 2.60e-03     41s
 114  -8.90519795e+01 -1.67924335e-01  5.43e+01 1.51e+00  1.84e+02  2.81e+02  4.00e+00 2.47e+02 2.81e+02  1.46e-01 2.51e-03     41s
 115  -8.30652824e+01 -1.88000146e-01  5.06e+01 1.41e+00  1.73e+02  1.97e-01  4.01e+00 2.51e+02 2.86e+02  5.82e-01 6.73e-02     41s
 116  -8.42206732e+01 -1.88000146e-01  5.13e+01 1.41e+00  1.73e+02  2.50e+02  3.94e+00 2.43e+02 2.50e+02  1.64e-01 3.29e-03     42s
 117  -8.53396562e+01 -1.88000146e-01  5.19e+01 1.40e+00  1.72e+02  2.55e+02  3.96e+00 2.48e+02 2.55e+02  1.61e-01 3.11e-03     42s
 118  -8.64428285e+01 -1.88000146e-01  5.25e+01 1.40e+00  1.72e+02  2.61e+02  3.97e+00 2.53e+02 2.61e+02  1.58e-01 3.00e-03     42s
 119  -8.75313792e+01 -1.88000146e-01  5.31e+01 1.39e+00  1.71e+02  2.66e+02  3.99e+00 2.58e+02 2.66e+02  1.56e-01 2.90e-03     43s
 120  -8.12077516e+01 -2.07897751e-01  4.93e+01 1.29e+00  1.60e+02  6.50e-02  4.00e+00 2.63e+02 2.71e+02  5.95e-01 7.23e-02     43s
 121  -8.24580286e+01 -2.07897751e-01  5.00e+01 1.29e+00  1.60e+02  2.36e+02  3.95e+00 2.54e+02 2.36e+02  1.76e-01 3.85e-03     43s
 122  -8.36685159e+01 -2.07897751e-01  5.07e+01 1.28e+00  1.59e+02  2.41e+02  3.97e+00 2.60e+02 2.41e+02  1.73e-01 3.63e-03     43s
 123  -8.48602802e+01 -2.07897751e-01  5.14e+01 1.28e+00  1.58e+02  2.46e+02  3.98e+00 2.66e+02 2.46e+02  1.70e-01 3.49e-03     44s
 124  -8.60357957e+01 -2.07897751e-01  5.20e+01 1.28e+00  1.58e+02  2.52e+02  4.00e+00 2.71e+02 2.52e+02  1.67e-01 3.36e-03     44s
 125  -7.92053526e+01 -2.27922699e-01  4.79e+01 1.17e+00  1.47e+02  2.36e-01  4.01e+00 2.77e+02 2.57e+02  6.14e-01 7.96e-02     44s
 126  -8.05692789e+01 -2.27922699e-01  4.87e+01 1.17e+00  1.46e+02  2.21e+02  3.98e+00 2.69e+02 2.21e+02  1.90e-01 4.56e-03     45s
 127  -8.18896296e+01 -2.27922699e-01  4.94e+01 1.16e+00  1.45e+02  2.27e+02  3.99e+00 2.76e+02 2.27e+02  1.86e-01 4.29e-03     45s
 128  -7.42687358e+01 -2.49359249e-01  4.48e+01 1.06e+00  1.33e+02  1.55e-01  4.01e+00 2.83e+02 2.32e+02  6.44e-01 9.33e-02     45s
 129  -6.49114320e+01 -2.75627685e-01  3.92e+01 9.22e-01  1.18e+02  6.27e-02  4.00e+00 2.76e+02 1.96e+02  7.02e-01 1.26e-01     45s
 130  -4.96264969e+01 -3.18079892e-01  2.98e+01 7.01e-01  9.18e+01  7.95e-01  4.06e+00 2.74e+02 1.59e+02  8.09e-01 2.39e-01     46s
 131  -1.62445425e+01 -4.04634050e-01  8.99e+00 1.98e-01  2.82e+01  2.44e+00  4.24e+00 2.88e+02 1.08e+02  7.91e-01 7.17e-01     46s
 132  -1.51091729e+01 -4.04634050e-01  8.51e+00 1.90e-01  2.71e+01  1.31e+01  3.94e+00 6.78e+02 1.31e+01  4.79e-01 4.19e-02     46s
 133  -1.40913766e+01 -4.04634050e-01  8.12e+00 1.83e-01  2.63e+01  1.50e+01  3.84e+00 7.15e+02 1.50e+01  4.56e-01 3.44e-02     46s
 134  -1.31112451e+01 -4.04634050e-01  7.77e+00 1.78e-01  2.55e+01  1.69e+01  3.75e+00 7.46e+02 1.69e+01  4.37e-01 3.07e-02     46s
 135  -1.21670070e+01 -4.04634050e-01  7.47e+00 1.73e-01  2.49e+01  1.87e+01  3.66e+00 7.76e+02 1.87e+01  4.19e-01 2.76e-02     46s
 136  -1.12554798e+01 -4.04634050e-01  7.22e+00 1.69e-01  2.43e+01  2.05e+01  3.57e+00 8.04e+02 2.05e+01  4.03e-01 2.49e-02     47s
 137  -1.03750179e+01 -4.04634050e-01  7.01e+00 1.65e-01  2.38e+01  2.23e+01  3.49e+00 8.30e+02 2.23e+01  3.87e-01 2.26e-02     47s
 138  -9.52459665e+00 -4.04634050e-01  6.85e+00 1.61e-01  2.34e+01  2.42e+01  3.40e+00 8.55e+02 2.42e+01  3.73e-01 2.06e-02     47s
 139  -8.70051839e+00 -4.04634050e-01  6.73e+00 1.58e-01  2.30e+01  2.60e+01  3.32e+00 8.79e+02 2.60e+01  3.60e-01 1.89e-02     47s
 140  -7.90313573e+00 -4.04634050e-01  6.64e+00 1.56e-01  2.26e+01  2.79e+01  3.24e+00 9.01e+02 2.79e+01  3.48e-01 1.73e-02     47s
 141  -7.12950361e+00 -4.04634050e-01  6.59e+00 1.53e-01  2.23e+01  2.97e+01  3.17e+00 9.23e+02 2.97e+01  3.36e-01 1.60e-02     47s
 142  -6.37824974e+00 -4.04634050e-01  6.58e+00 1.51e-01  2.20e+01  3.15e+01  3.09e+00 9.43e+02 3.15e+01  3.25e-01 1.48e-02     48s
 143  -5.64871321e+00 -4.04634050e-01  6.59e+00 1.49e-01  2.17e+01  3.34e+01  3.02e+00 9.63e+02 3.34e+01  3.15e-01 1.37e-02     48s
 144  -1.49937780e+00 -3.90104016e-01  1.35e+00 2.78e-02  4.43e+00 *1.54e-01  2.95e+00 9.82e+02 3.52e+01  9.17e-01 8.13e-01     48s
 145   1.25579071e+00 -3.90104016e-01  8.76e-01 2.69e-02  4.30e+00  4.47e+01  3.57e+00 6.20e+03 4.47e+01  3.66e-01 3.30e-02     48s
 146   3.40380234e+00 -3.90104016e-01  1.76e+00 2.62e-02  4.20e+00  5.01e+01  3.49e+00 6.58e+03 5.01e+01  3.44e-01 2.37e-02     48s
 147   5.48365823e+00 -3.90104016e-01  2.83e+00 2.57e-02  4.12e+00  5.44e+01  3.43e+00 6.89e+03 5.44e+01  3.28e-01 2.15e-02     48s
 148   7.50450188e+00 -3.90104016e-01  3.90e+00 2.52e-02  4.05e+00  5.87e+01  3.37e+00 7.18e+03 5.87e+01  3.14e-01 1.96e-02     49s
 149   9.46744986e+00 -3.90104016e-01  4.95e+00 2.47e-02  3.98e+00  6.30e+01  3.32e+00 7.48e+03 6.30e+01  3.00e-01 1.80e-02     49s
 150   1.13777511e+01 -3.90104016e-01  5.97e+00 2.43e-02  3.92e+00  6.74e+01  3.26e+00 7.77e+03 6.74e+01  2.87e-01 1.65e-02     49s
 151   1.32406246e+01 -3.90104016e-01  6.97e+00 2.39e-02  3.87e+00  7.18e+01  3.21e+00 8.06e+03 7.18e+01  2.75e-01 1.53e-02     49s
 152   1.45297865e+01 -3.90104016e-01  7.67e+00 2.37e-02  3.83e+00  7.62e+01  3.16e+00 8.34e+03 7.62e+01  2.64e-01 1.00e-02     49s
 153   1.45301811e+01 -3.90104016e-01  7.67e+00 2.37e-02  3.83e+00  7.93e+01  3.13e+00 8.54e+03 7.93e+01  2.56e-01 2.96e-06     50s

The solution quality is limited by the precision of the linear system solver.

The algorithm stopped after 154 iterations in 49.85 seconds.

Primal variables:   [+19.193 +26.707 +12.852 +11.628 +16.547 +16.252 +22.795 +31.321 +14.234
 +14.706 +15.158 +18.285 +12.914 +13.398 +11.654 +13.656 +16.376 +14.024
 +10.466 +16.037 +0.085 +19.565 +18.494 +16.688 +16.797 +14.083 +0.087
 +18.442 +10.986 +28.767 +16.896 +18.990 +15.352 +13.651 +19.594 +16.886
 +13.633 +34.371 +15.964 +13.383 +19.016 +27.478 +11.411 +12.048 +12.277
 +14.148 +14.868 +13.521 +24.733 +15.095 +8.795 +13.597 +23.230 +17.073
 +14.588 +17.449 +11.563 +14.615 +14.694 +12.025 +11.580 +13.142 +16.502
 +10.423 +18.463 +15.236 +20.620 +18.466 +13.910 +14.610 +16.439 +8.519
 +6.865 +17.058 +8.497 +11.642 +13.623 +18.811 +18.586 +16.408 +13.111
 +20.236 +14.155 +13.533 +7.241 +19.772 +13.487 +17.829 +15.844 +20.168
 +15.013 +14.826 +19.724 +15.533 +7.864 +21.476 +16.192 +11.452 +15.692
 +15.885]
Dual slacks:        [+0.001 +0.001 +0.003 +0.003 +0.003 +0.003 +0.001 +0.001 +0.002 +0.002
 +0.003 +0.001 +0.003 +0.003 +0.004 +0.003 +0.003 +0.002 +0.004 +0.002
 +1.519 +0.002 +0.001 +0.003 +0.003 +0.003 +1.308 +0.002 +0.004 +0.001
 +0.003 +0.002 +0.002 +0.003 +0.002 +0.003 +0.003 +0.001 +0.003 +0.004
 +0.002 +0.001 +0.004 +0.004 +0.004 +0.003 +0.002 +0.002 +0.001 +0.002
 +0.004 +0.003 +0.001 +0.002 +0.003 +0.002 +0.004 +0.003 +0.003 +0.003
 +0.004 +0.003 +0.001 +0.004 +0.003 +0.003 +0.002 +0.001 +0.003 +0.002
 +0.003 +0.004 +0.004 +0.002 +0.004 +0.003 +0.003 +0.002 +0.001 +0.001
 +0.003 +0.001 +0.003 +0.003 +0.004 +0.001 +0.003 +0.003 +0.002 +0.001
 +0.002 +0.003 +0.002 +0.002 +0.004 +0.001 +0.002 +0.004 +0.003 +0.003]
Dual variables:     [+1.939 +0.552]

Primal objective:   1.45301811e+01 
Dual objective:     -3.90104016e-01

Primal residual:    7.67e+00
Dual residual:      2.37e-02
Complementraty:     3.83e+00

Number of Iter:     154
Run time:           49.85
