
--------------- Linear optimization problem characteristics ---------------
Seed:                    97
Number of variables:     1000
Number of constraints:   2

Norm of primal sol:      2.00e+00
Norm of dual sol:        2.00e+00
Norm of dual slacks:     2.00e+00

Norm of vector b:        2.00e-01
Norm of vector c:        2.29e+00

Norm of matrix A:        1.00e+00
Condition number:        2.00e+00

----------------------- Linear optimization problem -----------------------
Coeff matrix A:          [[-0.052 +0.000 -0.035 +0.046 +0.011 -0.038 -0.027 +0.027 +0.029 +0.005
 +0.049 -0.005 +0.024 +0.014 -0.044 -0.042 +0.028 -0.041 -0.009 +0.040
 +0.048 +0.049 +0.040 +0.015 +0.030 +0.048 +0.033 -0.017 +0.031 -0.037
 -0.020 +0.007 +0.038 +0.039 +0.026 -0.041 -0.005 +0.022 -0.016 -0.027
 -0.039 +0.044 -0.040 -0.006 -0.007 -0.029 +0.045 -0.022 -0.014 +0.041
 +0.040 +0.035 +0.052 -0.046 +0.016 +0.039 +0.017 -0.047 +0.010 +0.007
 -0.014 +0.043 +0.025 +0.002 -0.047 +0.018 -0.003 +0.023 +0.030 -0.016
 -0.003 -0.011 -0.014 +0.027 -0.040 -0.024 +0.031 +0.037 +0.012 +0.021
 -0.039 -0.049 +0.009 +0.003 -0.012 +0.019 -0.031 -0.014 +0.011 +0.053
 -0.056 -0.035 +0.002 +0.018 +0.016 +0.052 -0.042 +0.045 +0.026 +0.050
 -0.019 +0.007 +0.031 -0.030 -0.031 -0.052 +0.029 +0.030 +0.029 +0.037
 +0.027 +0.051 -0.040 -0.029 -0.028 +0.002 +0.007 -0.007 -0.020 +0.053
 -0.047 -0.032 -0.041 -0.004 +0.005 -0.052 +0.002 -0.039 -0.014 +0.046
 +0.039 +0.013 +0.012 +0.018 -0.005 +0.006 +0.035 -0.010 +0.007 +0.001
 -0.032 +0.048 +0.047 +0.004 -0.020 -0.004 +0.004 -0.019 -0.043 -0.025
 -0.005 +0.025 +0.035 +0.022 +0.037 +0.009 -0.049 -0.040 +0.000 -0.009
 +0.014 -0.036 +0.015 -0.008 +0.008 +0.037 +0.017 +0.002 -0.024 -0.019
 +0.007 -0.046 +0.049 +0.024 +0.027 +0.003 -0.041 -0.014 +0.047 -0.010
 -0.039 +0.005 +0.026 +0.009 -0.039 +0.044 -0.032 -0.020 -0.017 -0.003
 -0.031 +0.038 -0.035 -0.029 +0.019 -0.047 +0.027 -0.038 -0.015 -0.013
 +0.013 -0.051 -0.019 +0.002 +0.035 -0.045 +0.046 +0.017 +0.001 -0.038
 +0.031 +0.007 +0.052 +0.013 -0.004 +0.019 +0.041 +0.036 +0.043 +0.023
 +0.006 -0.019 -0.043 -0.011 -0.021 -0.042 +0.028 +0.021 -0.032 +0.011
 -0.039 +0.026 -0.042 -0.040 +0.043 -0.016 +0.011 +0.038 -0.004 +0.006
 -0.018 -0.004 -0.019 +0.010 +0.054 -0.016 -0.046 -0.039 -0.046 +0.028
 +0.017 +0.017 -0.014 -0.022 -0.008 +0.017 +0.012 +0.038 +0.038 -0.007
 -0.010 +0.012 +0.041 +0.034 +0.045 +0.006 +0.041 +0.038 -0.023 +0.020
 -0.031 -0.016 -0.041 -0.018 +0.043 +0.025 -0.009 +0.042 +0.043 -0.021
 +0.054 +0.048 -0.031 -0.017 -0.021 -0.040 +0.008 -0.035 -0.039 -0.037
 -0.020 +0.001 +0.041 +0.054 -0.009 +0.014 +0.038 +0.006 -0.011 +0.026
 +0.051 -0.012 +0.009 -0.019 +0.012 +0.047 -0.015 +0.039 +0.041 +0.026
 +0.054 -0.020 -0.002 +0.022 +0.027 +0.039 +0.027 +0.012 -0.040 +0.020
 -0.030 +0.025 +0.038 +0.028 -0.034 +0.038 -0.036 +0.024 +0.025 +0.029
 +0.013 +0.004 +0.023 -0.051 +0.049 -0.035 -0.018 +0.036 +0.039 -0.051
 -0.031 +0.028 +0.027 +0.047 -0.021 -0.042 -0.056 -0.022 +0.009 +0.016
 -0.023 +0.048 +0.008 +0.039 +0.051 -0.011 +0.009 -0.038 +0.022 -0.041
 +0.030 +0.010 +0.046 -0.049 -0.038 -0.045 -0.016 -0.011 -0.021 +0.032
 +0.052 -0.024 +0.046 +0.048 +0.028 +0.002 +0.019 +0.004 -0.010 +0.043
 -0.036 +0.049 -0.050 +0.043 -0.019 +0.045 +0.016 -0.038 -0.041 +0.032
 -0.029 -0.016 +0.033 +0.017 -0.019 +0.003 -0.029 +0.004 +0.038 -0.052
 +0.001 +0.040 -0.036 -0.001 -0.019 -0.015 +0.017 -0.045 +0.015 +0.006
 +0.025 +0.012 +0.005 +0.007 -0.023 -0.002 -0.012 +0.039 +0.008 -0.001
 -0.044 -0.046 -0.025 -0.016 -0.002 -0.040 +0.024 +0.025 +0.047 -0.030
 -0.048 +0.015 -0.016 +0.024 -0.042 -0.034 -0.027 +0.012 -0.005 +0.049
 -0.015 -0.029 +0.022 +0.055 +0.033 +0.032 +0.038 +0.016 -0.005 +0.023
 +0.036 +0.012 -0.042 -0.002 +0.037 -0.037 -0.008 -0.005 +0.028 -0.010
 +0.050 +0.024 +0.026 +0.014 -0.009 +0.019 +0.037 +0.006 +0.012 +0.023
 +0.007 +0.004 +0.044 +0.008 +0.040 -0.042 -0.015 -0.019 -0.051 +0.021
 +0.049 -0.054 +0.003 +0.003 +0.001 +0.052 -0.026 -0.001 -0.036 +0.004
 -0.057 -0.039 -0.019 -0.049 -0.032 +0.044 +0.013 -0.048 -0.026 +0.009
 -0.014 -0.019 +0.031 -0.036 +0.037 +0.037 +0.046 -0.031 -0.004 -0.012
 +0.013 -0.042 +0.016 +0.040 -0.043 +0.033 +0.036 +0.045 +0.047 -0.034
 +0.013 -0.035 -0.023 -0.018 -0.035 +0.038 +0.023 -0.030 +0.002 +0.051
 -0.033 +0.032 +0.002 +0.018 +0.043 +0.010 +0.049 -0.004 -0.019 -0.028
 -0.053 +0.033 +0.028 +0.022 -0.030 +0.048 +0.051 -0.028 +0.031 -0.015
 +0.039 -0.034 +0.035 +0.040 +0.019 +0.045 -0.006 -0.009 +0.045 -0.046
 -0.021 +0.021 -0.026 -0.017 +0.038 -0.043 +0.026 -0.054 +0.035 +0.022
 +0.026 -0.011 +0.040 -0.052 -0.043 -0.043 -0.026 +0.024 -0.035 +0.008
 -0.052 +0.016 +0.021 +0.027 -0.024 +0.045 +0.049 +0.027 +0.034 +0.015
 +0.038 +0.002 -0.026 +0.053 -0.047 -0.047 +0.000 +0.010 -0.001 +0.039
 +0.021 -0.033 -0.020 -0.020 -0.045 +0.042 -0.051 -0.028 +0.042 -0.038
 -0.028 +0.049 +0.020 +0.032 -0.044 -0.019 +0.045 -0.054 -0.008 -0.012
 +0.048 -0.041 -0.045 +0.009 +0.046 -0.012 +0.032 +0.029 +0.036 +0.010
 +0.023 +0.032 +0.041 -0.050 +0.003 -0.026 +0.010 +0.024 -0.041 +0.027
 -0.023 +0.000 +0.011 +0.031 +0.045 -0.029 -0.029 +0.030 -0.029 +0.035
 +0.008 -0.048 +0.043 +0.015 +0.034 +0.051 -0.031 +0.054 +0.010 -0.017
 +0.026 -0.029 -0.036 -0.020 +0.027 -0.001 +0.018 +0.022 -0.045 +0.037
 -0.010 +0.009 -0.036 +0.032 +0.044 -0.032 -0.012 -0.002 +0.029 -0.007
 +0.020 -0.054 -0.050 -0.026 +0.043 -0.021 -0.019 +0.043 -0.019 +0.021
 -0.019 -0.029 +0.032 +0.051 +0.029 -0.006 -0.007 -0.014 +0.043 +0.020
 -0.042 -0.029 +0.023 -0.052 +0.018 -0.053 -0.047 +0.016 -0.014 -0.027
 +0.045 +0.018 +0.037 -0.014 -0.025 +0.021 -0.054 +0.040 +0.010 +0.011
 -0.039 -0.005 +0.043 +0.011 +0.022 +0.010 +0.045 -0.014 -0.026 +0.029
 +0.035 +0.024 -0.036 -0.044 +0.026 -0.004 -0.006 +0.012 +0.039 +0.050
 +0.034 -0.029 -0.008 -0.042 -0.045 +0.035 -0.053 -0.013 -0.018 +0.025
 +0.047 +0.028 +0.010 -0.017 -0.021 -0.049 +0.028 +0.051 -0.009 +0.041
 +0.023 -0.041 +0.015 -0.044 +0.040 -0.024 -0.024 +0.038 -0.028 -0.034
 +0.032 +0.052 +0.017 +0.002 +0.012 -0.027 -0.042 -0.045 -0.044 +0.042
 -0.028 +0.038 -0.049 +0.015 +0.022 -0.015 -0.052 +0.044 -0.044 +0.040
 +0.022 +0.024 +0.036 -0.021 +0.007 -0.044 -0.008 +0.002 +0.049 +0.014
 +0.038 -0.020 -0.036 -0.038 -0.007 +0.054 +0.038 +0.013 -0.021 -0.043
 +0.022 +0.046 -0.004 +0.028 -0.021 -0.041 +0.048 +0.039 -0.009 +0.033
 -0.036 +0.037 -0.047 +0.001 -0.001 +0.045 +0.037 +0.016 -0.001 -0.023
 -0.028 -0.032 +0.048 +0.047 +0.047 -0.029 +0.006 +0.022 +0.043 -0.044
 -0.041 +0.034 +0.003 -0.010 +0.010 +0.007 +0.032 +0.027 -0.039 +0.026
 -0.002 -0.024 -0.042 +0.053 +0.033 +0.027 +0.011 +0.001 +0.010 +0.041
 +0.025 -0.006 -0.047 +0.018 +0.022 -0.039 -0.035 +0.024 -0.029 +0.011
 +0.009 +0.029 +0.011 -0.021 -0.038 -0.031 -0.014 -0.021 -0.024 -0.044
 -0.054 -0.006 +0.040 +0.034 -0.055 -0.024 +0.025 +0.029 +0.043 +0.012
 +0.040 -0.046 -0.038 +0.014 +0.016 +0.029 +0.021 +0.045 +0.012 -0.040
 -0.020 +0.057 +0.039 +0.031 -0.022 +0.015 -0.025 +0.037 +0.010 +0.033
 +0.004 +0.038 +0.004 -0.001 +0.019 +0.010 +0.013 -0.052 +0.010 -0.035
 -0.037 +0.029 -0.018 +0.001 +0.017 +0.012 -0.041 -0.049 +0.002 +0.032
 +0.044 -0.002 -0.036 -0.015 -0.032 -0.013 -0.017 +0.006 +0.043 -0.018
 -0.011 -0.006 +0.016 +0.023 -0.021 +0.016 -0.047 -0.004 +0.001 +0.035
 -0.007 +0.045 +0.048 -0.047 -0.047 -0.014 -0.007 -0.038 -0.032 +0.042
 -0.016 -0.021 +0.005 -0.045 -0.047 +0.034 +0.048 -0.015 -0.044 -0.045
 -0.024 +0.006 +0.033 -0.033 -0.040 -0.050 -0.042 -0.026 +0.009 +0.015
 -0.021 -0.037 +0.030 +0.033 -0.011 -0.003 +0.013 +0.024 -0.013 -0.040
 +0.001 -0.008 +0.002 +0.007 -0.049 -0.043 +0.035 +0.016 -0.023 +0.002]
                          [-0.020 +0.007 -0.027 +0.001 -0.004 -0.024 +0.004 -0.016 +0.014 -0.010
 +0.016 -0.005 -0.017 -0.014 +0.020 -0.023 -0.002 +0.020 -0.013 -0.023
 +0.033 +0.002 -0.002 +0.029 +0.020 +0.006 +0.000 +0.012 +0.019 -0.024
 -0.019 -0.026 +0.017 -0.005 -0.018 +0.007 -0.016 +0.017 -0.030 -0.014
 -0.016 +0.024 +0.019 -0.018 -0.028 -0.029 +0.021 +0.020 -0.025 +0.002
 -0.003 -0.017 +0.013 -0.013 +0.020 +0.018 -0.005 -0.010 -0.009 -0.022
 +0.012 +0.012 +0.012 -0.003 +0.002 +0.018 -0.018 +0.030 -0.007 -0.014
 +0.006 -0.029 +0.012 +0.028 -0.003 +0.023 +0.021 +0.019 -0.016 +0.018
 +0.010 +0.005 +0.024 -0.020 +0.013 +0.023 -0.003 -0.010 +0.021 +0.027
 -0.031 -0.015 +0.006 +0.005 +0.020 +0.017 +0.020 +0.003 -0.003 +0.010
 -0.001 -0.015 +0.012 +0.008 +0.005 -0.033 -0.013 -0.016 +0.028 +0.019
 +0.030 +0.027 +0.016 -0.001 -0.024 -0.017 -0.012 -0.011 -0.000 +0.033
 +0.009 +0.020 +0.006 +0.011 +0.017 -0.008 +0.016 +0.014 -0.010 -0.015
 +0.027 +0.017 -0.003 -0.021 -0.005 -0.014 +0.006 +0.022 -0.014 -0.025
 -0.008 +0.001 -0.009 +0.007 -0.002 -0.028 -0.011 +0.018 -0.020 +0.006
 -0.020 -0.007 +0.010 -0.019 +0.013 -0.001 -0.027 -0.016 +0.025 -0.014
 -0.013 +0.014 -0.009 -0.019 -0.014 -0.020 -0.018 -0.010 -0.004 -0.028
 +0.024 +0.021 +0.019 -0.009 +0.030 -0.008 -0.021 +0.025 +0.005 +0.022
 -0.026 +0.019 -0.021 -0.024 -0.022 -0.006 +0.016 +0.018 +0.005 +0.014
 +0.010 +0.031 +0.008 -0.029 +0.016 +0.016 -0.016 +0.022 +0.011 -0.011
 -0.016 -0.026 -0.012 -0.002 +0.013 +0.022 -0.003 +0.026 -0.017 -0.020
 +0.002 +0.013 +0.031 -0.013 +0.008 -0.004 -0.019 +0.022 +0.014 +0.007
 +0.023 +0.003 -0.016 -0.007 -0.003 -0.001 +0.011 +0.002 -0.003 -0.012
 -0.025 +0.022 -0.010 +0.007 +0.001 -0.007 +0.010 +0.006 +0.026 -0.004
 +0.009 +0.013 +0.013 +0.020 +0.017 +0.004 +0.008 -0.021 -0.033 -0.023
 -0.022 +0.007 +0.014 +0.014 -0.025 -0.020 -0.003 +0.004 +0.013 +0.002
 +0.019 -0.016 +0.018 +0.022 -0.013 -0.020 +0.017 -0.003 -0.023 -0.002
 +0.009 -0.012 -0.007 +0.020 -0.016 -0.024 -0.002 -0.020 +0.009 +0.007
 +0.032 +0.014 -0.012 -0.009 +0.019 +0.022 -0.023 +0.004 -0.032 -0.001
 +0.026 -0.004 +0.017 +0.019 -0.019 -0.017 -0.024 -0.009 -0.024 -0.023
 +0.014 -0.012 +0.010 +0.011 -0.015 -0.011 +0.011 -0.007 -0.018 +0.009
 +0.021 -0.022 +0.003 +0.024 -0.007 +0.006 -0.024 +0.001 +0.011 +0.024
 +0.006 -0.009 -0.014 +0.010 -0.015 +0.008 -0.020 -0.000 +0.021 +0.020
 -0.004 -0.012 +0.005 -0.008 +0.009 -0.026 +0.016 +0.016 +0.024 -0.028
 +0.006 -0.009 +0.022 +0.027 +0.004 +0.017 -0.031 -0.019 +0.011 +0.005
 +0.017 +0.016 +0.025 +0.025 +0.021 +0.019 +0.011 +0.011 -0.015 -0.023
 +0.020 -0.022 +0.008 -0.018 +0.011 -0.011 -0.018 +0.022 -0.010 -0.023
 +0.022 -0.005 +0.011 -0.013 +0.007 +0.005 -0.012 -0.022 -0.009 +0.016
 -0.030 -0.000 -0.011 +0.021 +0.018 +0.008 -0.005 -0.024 -0.025 +0.022
 -0.014 +0.020 +0.025 -0.008 +0.010 +0.002 +0.016 +0.009 -0.002 -0.012
 -0.011 +0.028 +0.012 +0.012 -0.013 +0.000 -0.021 +0.015 -0.001 +0.021
 +0.014 -0.013 +0.004 +0.022 +0.006 -0.028 +0.022 -0.013 -0.002 -0.002
 +0.021 -0.018 +0.008 +0.002 -0.028 +0.009 -0.020 +0.006 +0.003 +0.009
 -0.018 -0.006 -0.025 +0.008 -0.002 +0.005 +0.023 +0.008 +0.024 +0.005
 +0.006 -0.010 -0.001 +0.029 +0.018 +0.015 +0.024 +0.005 +0.008 -0.024
 -0.023 -0.018 +0.024 +0.001 +0.029 +0.016 +0.014 +0.015 -0.001 +0.021
 +0.030 -0.001 +0.024 +0.017 +0.003 +0.015 -0.023 +0.027 -0.001 -0.023
 +0.015 -0.026 -0.004 +0.017 -0.003 -0.023 +0.008 -0.030 -0.013 +0.025
 +0.009 -0.027 +0.020 +0.005 +0.015 +0.019 -0.003 -0.022 -0.013 -0.001
 -0.032 -0.009 -0.011 -0.010 +0.008 +0.014 +0.014 -0.003 -0.003 +0.019
 -0.020 +0.001 -0.000 +0.008 +0.007 +0.016 -0.005 +0.006 -0.026 -0.015
 +0.024 +0.017 -0.017 -0.019 +0.000 -0.023 -0.020 -0.008 -0.009 -0.030
 +0.008 -0.008 -0.014 -0.029 -0.022 -0.002 -0.015 -0.024 -0.021 +0.017
 +0.004 +0.022 +0.021 -0.006 +0.001 -0.005 +0.016 -0.028 -0.011 -0.006
 -0.026 -0.009 +0.030 +0.030 -0.010 +0.028 +0.032 -0.024 +0.014 -0.022
 +0.016 -0.019 +0.003 +0.021 -0.014 -0.001 +0.012 -0.016 -0.011 -0.013
 +0.002 -0.001 -0.008 -0.008 +0.019 -0.011 +0.013 -0.027 -0.014 +0.003
 +0.017 -0.017 -0.016 -0.020 -0.005 +0.001 -0.003 +0.028 +0.012 -0.000
 -0.017 -0.026 -0.018 +0.017 -0.024 -0.002 +0.013 -0.010 +0.004 +0.004
 +0.027 -0.010 +0.004 +0.016 -0.005 -0.027 +0.013 +0.016 -0.027 -0.011
 -0.021 -0.020 +0.008 -0.012 +0.011 +0.017 -0.033 +0.015 +0.000 +0.024
 -0.012 +0.015 +0.005 -0.009 -0.022 +0.011 +0.032 -0.027 -0.001 +0.005
 +0.005 +0.011 -0.020 -0.018 -0.004 -0.017 +0.019 +0.012 +0.008 -0.018
 +0.030 +0.030 -0.012 -0.005 +0.015 +0.008 -0.026 -0.010 -0.023 -0.023
 +0.009 +0.024 +0.027 -0.024 -0.019 -0.014 -0.031 +0.029 -0.015 +0.003
 -0.014 -0.011 +0.016 -0.012 +0.025 +0.032 -0.031 +0.030 -0.007 +0.023
 -0.022 +0.012 -0.026 +0.014 -0.001 -0.017 -0.011 -0.014 +0.012 +0.017
 -0.028 +0.021 -0.016 +0.013 -0.013 -0.006 +0.023 -0.027 -0.022 +0.008
 +0.001 -0.026 -0.007 -0.014 +0.013 -0.014 +0.005 -0.023 -0.019 -0.016
 +0.022 -0.009 +0.021 +0.002 -0.013 +0.027 +0.006 -0.022 +0.021 +0.028
 +0.020 -0.013 +0.016 -0.005 +0.004 -0.015 +0.013 +0.009 +0.000 -0.029
 +0.032 -0.002 +0.012 -0.007 +0.023 -0.018 -0.022 -0.012 -0.014 +0.016
 +0.022 -0.025 -0.008 +0.008 +0.010 +0.013 +0.003 +0.011 -0.011 +0.005
 -0.005 +0.026 +0.024 +0.018 -0.016 +0.001 +0.005 +0.004 +0.013 +0.009
 -0.002 -0.019 +0.004 -0.018 -0.005 +0.017 -0.017 -0.024 -0.004 -0.017
 -0.012 -0.001 +0.004 -0.001 -0.014 -0.008 -0.003 +0.033 +0.003 -0.004
 +0.003 -0.018 +0.008 -0.028 -0.024 +0.007 +0.006 -0.005 -0.019 -0.024
 +0.020 +0.008 +0.023 +0.011 +0.010 +0.023 -0.025 -0.017 -0.023 +0.026
 +0.008 +0.001 +0.012 -0.026 -0.018 +0.013 -0.031 +0.010 +0.003 +0.005
 -0.009 +0.015 -0.011 -0.019 -0.020 +0.003 -0.019 +0.008 +0.010 -0.000
 +0.004 +0.005 -0.028 +0.006 +0.022 +0.027 +0.020 -0.025 -0.026 -0.011
 +0.017 -0.017 -0.024 +0.008 -0.003 -0.003 -0.017 +0.021 -0.002 +0.025
 -0.014 -0.013 -0.027 +0.019 -0.022 +0.016 -0.020 +0.023 +0.013 -0.004
 -0.022 +0.019 +0.003 -0.008 +0.032 -0.017 -0.019 +0.004 +0.014 +0.001
 -0.016 +0.004 +0.014 -0.026 +0.003 -0.011 +0.014 +0.002 -0.031 +0.026
 +0.017 +0.024 -0.025 +0.016 +0.012 -0.002 -0.019 -0.023 -0.026 +0.025
 -0.024 -0.015 -0.014 +0.004 -0.006 -0.007 -0.021 -0.015 -0.020 -0.022
 -0.019 +0.021 +0.025 -0.003 +0.005 -0.006 +0.020 +0.008 -0.024 +0.013
 -0.023 +0.004 -0.000 +0.009 -0.033 -0.010 +0.004 +0.027 +0.014 -0.007
 +0.003 +0.001 +0.014 +0.003 +0.021 -0.021 -0.021 +0.018 +0.007 -0.024
 -0.024 +0.031 +0.012 +0.006 +0.018 +0.017 +0.024 +0.017 +0.007 -0.017
 -0.013 -0.006 +0.001 +0.023 +0.017 -0.002 +0.020 -0.005 -0.016 -0.006
 +0.012 +0.007 +0.022 -0.001 +0.014 -0.022 +0.022 -0.006 -0.008 -0.015
 -0.020 +0.017 -0.026 +0.012 +0.013 +0.015 +0.015 -0.013 -0.020 +0.008
 -0.011 +0.017 +0.001 +0.004 -0.028 -0.001 -0.025 +0.011 +0.026 -0.018
 +0.016 +0.006 +0.009 -0.032 -0.009 +0.026 +0.023 -0.007 +0.025 +0.016
 -0.005 -0.008 +0.010 -0.018 -0.027 -0.016 +0.030 -0.028 -0.028 -0.018
 +0.006 -0.004 +0.000 -0.020 +0.016 -0.007 +0.003 +0.007 -0.012 +0.019
 +0.023 -0.026 +0.018 -0.023 -0.004 -0.027 -0.003 +0.022 +0.024 -0.003
 -0.012 +0.005 +0.000 -0.001 -0.019 -0.013 -0.012 +0.012 -0.011 -0.017]]

RHS vector b:            [+0.200 -0.006]
Obj vector c:            [-0.003 -0.014 +0.024 +0.032 +0.016 +0.015 -0.028 +0.050 -0.003 +0.022
 +0.007 +0.005 +0.050 +0.036 -0.070 +0.011 +0.024 -0.068 +0.018 +0.072
 -0.026 +0.033 +0.034 -0.041 -0.016 +0.024 +0.024 -0.035 -0.012 +0.018
 +0.021 +0.053 -0.003 +0.039 +0.053 -0.044 +0.026 -0.015 +0.043 +0.006
 +0.001 -0.012 -0.066 +0.030 +0.047 +0.032 -0.005 -0.053 +0.036 +0.027
 +0.035 +0.059 +0.015 -0.011 -0.025 -0.005 +0.022 -0.016 +0.025 +0.046
 -0.032 +0.009 -0.005 +0.007 -0.038 -0.020 +0.030 -0.038 +0.035 +0.013
 -0.013 +0.045 -0.033 -0.031 -0.024 -0.061 -0.015 -0.007 +0.038 -0.019
 -0.048 -0.047 -0.038 +0.039 -0.034 -0.029 -0.018 +0.008 -0.030 -0.011
 +0.016 +0.002 -0.010 +0.004 -0.025 +0.007 -0.068 +0.027 +0.025 +0.020
 -0.012 +0.033 +0.001 -0.038 -0.032 +0.022 +0.046 +0.052 -0.030 -0.007
 -0.036 -0.013 -0.060 -0.020 +0.024 +0.033 +0.027 +0.016 -0.014 -0.021
 -0.051 -0.062 -0.042 -0.024 -0.027 -0.024 -0.028 -0.055 +0.008 +0.062
 -0.021 -0.022 +0.015 +0.053 +0.005 +0.030 +0.016 -0.048 +0.031 +0.046
 -0.009 +0.034 +0.052 -0.011 -0.012 +0.049 +0.023 -0.047 +0.005 -0.030
 +0.033 +0.031 +0.008 +0.051 +0.003 +0.008 +0.013 -0.000 -0.046 +0.020
 +0.034 -0.052 +0.028 +0.030 +0.032 +0.065 +0.047 +0.020 -0.010 +0.038
 -0.038 -0.074 +0.001 +0.035 -0.036 +0.017 +0.009 -0.057 +0.025 -0.049
 +0.020 -0.032 +0.058 +0.051 +0.012 +0.045 -0.053 -0.048 -0.021 -0.027
 -0.042 -0.028 -0.041 +0.033 -0.015 -0.064 +0.050 -0.069 -0.032 +0.010
 +0.040 +0.010 +0.007 +0.005 +0.002 -0.074 +0.039 -0.035 +0.032 +0.010
 +0.020 -0.018 -0.019 +0.033 -0.017 +0.022 +0.066 -0.015 +0.007 +0.003
 -0.037 -0.020 -0.002 +0.005 -0.010 -0.029 -0.000 +0.012 -0.018 +0.032
 +0.018 -0.021 -0.013 -0.043 +0.031 +0.001 -0.011 +0.018 -0.051 +0.012
 -0.030 -0.026 -0.039 -0.030 +0.009 -0.019 -0.048 +0.010 +0.027 +0.064
 +1.092 -0.001 -0.037 -0.042 +0.040 +0.051 +0.015 +0.020 +0.004 -0.009
 -0.043 +0.037 -0.004 -0.015 +0.058 +0.042 -0.001 +0.034 +0.026 +0.018
 -0.039 +0.010 -0.017 -0.051 +0.061 +0.064 -0.003 +0.069 +0.016 -0.028
 -0.018 +0.009 -0.001 +0.004 -0.050 -0.072 +0.048 -0.033 +0.030 -0.026
 -0.063 +0.009 -0.001 +0.005 +0.027 +0.042 +0.073 +0.022 +0.037 +0.063
 +0.013 +0.014 -0.012 -0.034 +0.037 +0.054 -0.032 +0.042 +0.063 +0.003
 +0.001 +0.027 -0.007 -0.028 +0.033 +0.018 +0.065 +0.006 -0.050 -0.030
 -0.033 +0.036 +0.054 +0.002 +0.002 +0.013 +0.011 +0.018 -0.021 -0.016
 +0.017 +0.026 +0.009 -0.024 +0.020 +0.023 -0.044 -0.003 -0.016 +0.014
 -0.035 +0.038 -0.022 -0.015 -0.024 -0.063 +0.016 +0.018 -0.013 +0.003
 -0.049 +0.007 -0.040 -0.017 -0.002 -0.043 -0.014 -0.050 +0.045 +0.013
 -0.015 +0.049 +0.019 -0.003 -0.049 -0.013 +0.022 -0.049 +0.004 +0.066
 -0.002 -0.009 +0.015 +0.059 +0.008 -0.007 +0.037 +0.044 +0.008 +0.002
 +0.028 +0.037 -0.016 -0.006 -0.047 +0.019 +0.020 +0.017 +0.015 -0.016
 +0.005 -0.048 -0.021 +0.027 -0.033 -0.002 -0.051 -0.014 +0.032 -0.017
 +0.021 -0.023 -0.049 -0.023 +0.010 -0.012 +0.052 -0.063 +0.012 -0.035
 -0.007 +0.034 -0.004 -0.036 -0.028 +0.051 -0.049 +0.054 +0.009 +0.003
 -0.072 -0.000 -0.033 -0.015 +0.050 -0.046 +0.056 +0.007 +0.030 -0.039
 -0.003 +0.022 +0.036 +0.004 -0.027 -0.035 -0.063 -0.006 -0.049 +0.027
 -0.023 -0.003 +0.018 -0.012 -0.008 -0.003 -0.017 +0.002 -0.018 +0.063
 +0.070 +0.042 -0.075 -0.004 -0.027 -0.057 -0.033 -0.031 +0.023 -0.046
 -0.018 +0.020 -0.025 -0.022 -0.013 -0.013 +0.071 -0.045 +0.010 +0.061
 -0.023 +0.051 +0.041 -0.025 +0.036 +0.012 -0.025 +0.041 -0.014 -0.031
 +0.020 +0.009 -0.035 -0.007 -0.027 +0.003 -0.014 +0.040 -0.002 +0.004
 +0.018 -0.014 +0.005 -0.018 -0.038 +0.007 -0.016 -0.031 -0.014 -0.028
 +0.026 -0.017 +0.024 -0.042 +0.015 -0.003 +0.043 -0.034 +0.045 +0.019
 -0.034 -0.062 +0.043 +0.066 -0.033 +0.067 +0.064 +0.048 +0.052 +0.031
 -0.005 -0.012 +0.009 +0.040 +0.015 +0.032 +0.045 +0.023 +0.040 +0.008
 -0.032 -0.017 -0.039 +0.025 +0.031 +0.017 +0.007 +0.048 +0.007 -0.010
 +0.009 +0.042 -0.034 -0.040 -0.005 -0.017 -0.021 +0.024 -0.002 +0.030
 -0.000 +0.009 +0.021 -0.009 +0.040 +0.035 -0.026 +0.023 +0.054 -0.011
 -0.019 +0.018 -0.004 +0.002 -0.007 -0.013 -0.004 +0.009 +0.052 +0.011
 -0.012 +0.023 +0.058 -0.002 -0.023 -0.034 -0.014 -0.034 -0.048 +0.006
 -0.008 +0.060 +0.050 -0.012 +0.026 +0.038 +0.012 +0.039 +0.018 +0.003
 -0.021 +0.019 -0.026 +1.718 -0.025 +0.015 -0.024 -0.023 +0.049 +0.049
 +0.056 +0.013 -0.030 +0.006 -0.053 -0.001 +0.022 -0.049 +0.032 -0.073
 +0.002 +0.009 +0.006 +0.041 +0.007 -0.034 -0.025 +0.011 -0.004 -0.018
 +0.027 -0.051 +0.004 +0.040 +0.042 +0.022 -0.011 -0.001 +0.011 +0.040
 -0.039 -0.032 +0.052 -0.029 -0.026 -0.033 +0.055 +0.036 +0.011 +0.062
 -0.033 -0.044 -0.042 +0.068 +0.069 +0.005 +0.035 -0.031 +0.006 +0.020
 +0.032 -0.015 +0.002 +0.033 -0.021 -0.022 +0.034 -0.015 +0.022 -0.055
 +0.060 -0.044 +0.022 -0.041 +0.023 +0.032 +0.034 +0.042 -0.056 -0.003
 +0.045 -0.032 +0.003 +0.001 +0.057 -0.013 -0.050 +0.050 +0.063 -0.021
 +0.012 +0.007 -0.024 +0.006 +0.008 +0.010 -0.023 +0.074 +0.021 +0.045
 -0.056 -0.005 -0.015 +0.034 +0.045 -0.054 -0.016 +0.030 -0.008 -0.036
 -0.069 +0.003 -0.013 -0.029 +0.006 -0.012 -0.060 -0.005 -0.012 +0.034
 -0.025 +0.018 +0.006 +0.002 -0.061 +0.049 +0.001 +0.052 +0.033 -0.021
 -0.070 +0.043 +0.046 -0.007 -0.002 -0.018 +0.029 -0.032 +0.002 +0.013
 +0.036 -0.029 -0.071 -0.067 +0.049 -0.005 -0.013 +0.001 +0.006 +0.021
 +0.028 +0.014 -0.013 +0.002 -0.024 -0.004 -0.008 +0.036 -0.006 +0.050
 +0.058 +0.022 +0.000 -0.011 +0.010 -0.021 +0.027 -0.023 -0.013 +0.038
 +0.012 +0.002 -0.004 +0.019 +0.074 -0.031 -0.030 +0.038 +0.014 +0.019
 -0.013 +0.024 -0.030 -0.019 -0.010 -0.063 +0.015 -0.002 +0.010 -0.017
 -0.036 +0.027 -0.059 +0.060 +0.050 -0.036 +0.019 +0.015 -0.039 +0.020
 +0.034 -0.010 +0.046 +0.020 +0.043 -0.039 +0.030 -0.013 +0.018 +0.011
 +0.021 -0.024 +0.026 -0.040 -0.046 -0.009 -0.008 +0.056 +0.032 -0.012
 -0.014 +0.066 +0.041 +0.007 -0.010 -0.025 +0.068 -0.010 -0.004 -0.021
 -0.000 +0.051 +0.014 -0.035 +0.040 +0.005 +0.065 -0.031 -0.024 -0.009
 +0.020 -0.059 +0.030 +0.049 -0.024 +0.010 +0.039 +0.009 +0.006 -0.035
 -0.001 +0.018 -0.023 +0.041 +0.003 +0.026 -0.002 +0.016 +0.029 -0.029
 -0.032 -0.062 +0.015 +0.010 +0.003 +0.025 +0.044 +0.044 +0.055 -0.015
 +0.063 +0.024 -0.008 +0.006 +0.028 -0.017 +0.012 +0.045 +0.015 +0.049
 +0.043 -0.017 -0.038 -0.010 -0.037 -0.011 -0.048 -0.031 +0.026 -0.057
 +0.003 -0.011 +0.030 +0.008 +0.020 +0.000 +0.011 -0.029 +0.006 +0.023
 +0.023 -0.035 -0.054 +0.005 -0.027 +0.060 +0.054 +0.001 -0.005 +0.014
 +0.030 -0.016 +0.006 +0.012 -0.050 -0.021 -0.063 -0.003 -0.006 +0.057
 +0.027 +0.039 +0.001 -0.044 -0.018 +0.012 -0.028 -0.030 +0.038 -0.015
 -0.050 +0.008 -0.055 +0.002 -0.013 +0.049 -0.071 -0.027 +0.016 +0.051
 +0.069 -0.033 +0.022 -0.034 -0.047 -0.038 -0.041 +0.028 +0.070 -0.029
 +0.013 -0.035 +0.009 +0.010 +0.037 +0.014 +0.011 -0.023 -0.047 +0.059
 -0.035 +0.022 +0.020 +0.024 -0.019 -0.060 -0.048 -0.016 -0.070 +0.002
 -0.002 -0.001 -0.015 -0.001 +0.015 +0.056 -0.019 +0.041 +0.019 -0.000
 -0.030 +0.012 +0.024 +0.012 -0.058 -0.024 -0.038 -0.033 +0.028 -0.024
 -0.059 +0.021 -0.012 +0.067 +0.000 +0.049 +0.016 -0.022 -0.053 -0.025
 +0.024 -0.015 +0.001 +0.006 -0.001 -0.009 +0.047 -0.011 +0.004 +0.033]

---------------------------- Optimal solution -----------------------------
Primal variables:         [+0.091 +0.105 +0.049 +0.031 +0.084 +0.032 +0.106 +0.101 +0.022 +0.037
 +0.023 +0.032 +0.037 +0.099 +0.015 +0.021 +0.017 +0.012 +0.045 +0.033
 +0.015 +0.083 +0.065 +0.067 +0.072 +0.080 +0.044 +0.019 +0.019 +0.036
 +0.069 +0.102 +0.029 +0.009 +0.108 +0.001 +0.102 +0.039 +0.089 +0.014
 +0.045 +0.094 +0.020 +0.072 +0.054 +0.018 +0.100 +0.029 +0.082 +0.096
 +0.027 +0.093 +0.010 +0.048 +0.099 +0.108 +0.103 +0.057 +0.068 +0.029
 +0.035 +0.055 +0.010 +0.005 +0.039 +0.021 +0.010 +0.098 +0.053 +0.088
 +0.011 +0.048 +0.041 +0.068 +0.025 +0.012 +0.037 +0.058 +0.023 +0.092
 +0.065 +0.098 +0.003 +0.020 +0.082 +0.015 +0.055 +0.099 +0.048 +0.027
 +0.026 +0.035 +0.077 +0.057 +0.003 +0.081 +0.021 +0.099 +0.074 +0.041
 +0.025 +0.107 +0.068 +0.034 +0.035 +0.080 +0.102 +0.075 +0.003 +0.094
 +0.029 +0.045 +0.055 +0.108 +0.047 +0.064 +0.035 +0.006 +0.040 +0.000
 +0.058 +0.076 +0.075 +0.032 +0.068 +0.030 +0.030 +0.019 +0.072 +0.073
 +0.076 +0.035 +0.048 +0.108 +0.080 +0.102 +0.041 +0.038 +0.010 +0.047
 +0.091 +0.013 +0.100 +0.085 +0.105 +0.107 +0.035 +0.027 +0.091 +0.006
 +0.040 +0.092 +0.057 +0.101 +0.105 +0.093 +0.015 +0.021 +0.066 +0.022
 +0.015 +0.044 +0.103 +0.040 +0.077 +0.063 +0.034 +0.035 +0.080 +0.034
 +0.029 +0.066 +0.037 +0.038 +0.066 +0.069 +0.018 +0.045 +0.061 +0.077
 +0.049 +0.041 +0.015 +0.103 +0.020 +0.071 +0.072 +0.010 +0.069 +0.048
 +0.026 +0.083 +0.049 +0.092 +0.051 +0.013 +0.041 +0.007 +0.002 +0.082
 +0.106 +0.030 +0.009 +0.061 +0.073 +0.083 +0.089 +0.078 +0.032 +0.090
 +0.084 +0.025 +0.062 +0.043 +0.074 +0.008 +0.029 +0.048 +0.091 +0.042
 +0.017 +0.102 +0.040 +0.088 +0.080 +0.004 +0.055 +0.050 +0.017 +0.030
 +0.089 +0.100 +0.028 +0.048 +0.108 +0.023 +0.069 +0.051 +0.091 +0.098
 +0.106 +0.058 +0.105 +0.073 +0.062 +0.017 +0.076 +0.037 +0.013 +0.097
 +0.000 +0.020 +0.094 +0.087 +0.082 +0.094 +0.074 +0.098 +0.068 +0.055
 +0.054 +0.105 +0.011 +0.063 +0.044 +0.107 +0.078 +0.106 +0.089 +0.001
 +0.041 +0.046 +0.104 +0.040 +0.083 +0.054 +0.080 +0.064 +0.033 +0.027
 +0.089 +0.080 +0.024 +0.004 +0.083 +0.051 +0.061 +0.024 +0.065 +0.080
 +0.088 +0.073 +0.035 +0.078 +0.067 +0.045 +0.026 +0.067 +0.091 +0.004
 +0.041 +0.105 +0.008 +0.048 +0.103 +0.038 +0.087 +0.070 +0.073 +0.046
 +0.052 +0.054 +0.091 +0.089 +0.040 +0.060 +0.027 +0.069 +0.088 +0.097
 +0.017 +0.065 +0.081 +0.069 +0.046 +0.065 +0.053 +0.057 +0.042 +0.037
 +0.039 +0.004 +0.071 +0.030 +0.098 +0.062 +0.087 +0.029 +0.069 +0.056
 +0.053 +0.104 +0.025 +0.105 +0.100 +0.012 +0.107 +0.012 +0.087 +0.063
 +0.077 +0.014 +0.056 +0.098 +0.080 +0.058 +0.081 +0.060 +0.064 +0.056
 +0.032 +0.023 +0.039 +0.092 +0.017 +0.078 +0.016 +0.095 +0.106 +0.054
 +0.083 +0.047 +0.105 +0.064 +0.022 +0.008 +0.034 +0.090 +0.082 +0.012
 +0.037 +0.080 +0.038 +0.021 +0.005 +0.107 +0.003 +0.035 +0.009 +0.056
 +0.023 +0.105 +0.041 +0.030 +0.056 +0.056 +0.065 +0.085 +0.090 +0.071
 +0.030 +0.021 +0.032 +0.102 +0.003 +0.001 +0.009 +0.007 +0.075 +0.097
 +0.015 +0.083 +0.015 +0.042 +0.002 +0.104 +0.014 +0.069 +0.016 +0.039
 +0.066 +0.080 +0.056 +0.100 +0.028 +0.084 +0.072 +0.019 +0.011 +0.025
 +0.053 +0.054 +0.035 +0.018 +0.039 +0.020 +0.078 +0.100 +0.080 +0.049
 +0.022 +0.094 +0.051 +0.089 +0.106 +0.085 +0.043 +0.094 +0.045 +0.040
 +0.093 +0.020 +0.062 +0.084 +0.045 +0.030 +0.015 +0.048 +0.033 +0.011
 +0.061 +0.006 +0.074 +0.006 +0.082 +0.108 +0.019 +0.103 +0.087 +0.086
 +0.076 +0.063 +0.090 +0.083 +0.023 +0.016 +0.047 +0.008 +0.046 +0.018
 +0.087 +0.074 +0.039 +0.068 +0.091 +0.029 +0.071 +0.049 +0.044 +0.085
 +0.105 +0.062 +0.090 +0.025 +0.057 +0.072 +0.107 +0.031 +0.088 +0.068
 +0.038 +0.067 +0.098 +0.045 +0.065 +0.033 +0.075 +0.045 +0.090 +0.098
 +0.089 +0.046 +0.007 +0.004 +0.068 +0.042 +0.046 +0.076 +0.108 +0.053
 +0.059 +0.013 +0.060 +0.079 +0.042 +0.107 +0.106 +0.091 +0.091 +0.051
 +0.073 +0.038 +0.066 +0.019 +0.056 +0.073 +0.076 +0.011 +0.055 +0.041
 +0.038 +0.011 +0.023 +0.047 +0.038 +0.099 +0.090 +0.091 +0.048 +0.045
 +0.010 +0.040 +0.029 +0.089 +0.026 +0.084 +0.106 +0.039 +0.036 +0.027
 +0.063 +0.051 +0.105 +0.031 +0.058 +0.095 +0.018 +0.073 +0.091 +0.078
 +0.072 +0.093 +0.034 +0.098 +0.021 +0.025 +0.004 +0.017 +0.063 +0.000
 +0.068 +0.027 +0.009 +0.015 +0.075 +0.039 +0.033 +0.101 +0.047 +0.091
 +0.091 +0.002 +0.032 +0.000 +0.002 +0.007 +0.094 +0.059 +0.065 +0.064
 +0.050 +0.102 +0.096 +0.008 +0.002 +0.040 +0.099 +0.020 +0.072 +0.016
 +0.064 +0.026 +0.002 +0.034 +0.028 +0.075 +0.017 +0.006 +0.108 +0.059
 +0.091 +0.073 +0.039 +0.091 +0.082 +0.070 +0.043 +0.092 +0.009 +0.017
 +0.097 +0.048 +0.077 +0.029 +0.088 +0.092 +0.046 +0.058 +0.043 +0.093
 +0.060 +0.102 +0.024 +0.029 +0.068 +0.092 +0.081 +0.099 +0.019 +0.027
 +0.077 +0.073 +0.106 +0.096 +0.015 +0.055 +0.011 +0.083 +0.075 +0.049
 +0.097 +0.093 +0.016 +0.006 +0.022 +0.034 +0.015 +0.074 +0.025 +0.046
 +0.012 +0.027 +0.069 +0.072 +0.009 +0.024 +0.044 +0.013 +0.097 +0.033
 +0.020 +0.043 +0.094 +0.077 +0.101 +0.048 +0.085 +0.007 +0.011 +0.091
 +0.046 +0.084 +0.032 +0.082 +0.093 +0.038 +0.050 +0.036 +0.051 +0.065
 +0.103 +0.016 +0.041 +0.014 +0.072 +0.023 +0.050 +0.094 +0.066 +0.099
 +0.068 +0.014 +0.061 +0.062 +0.022 +0.088 +0.008 +0.079 +0.080 +0.104
 +0.018 +0.061 +0.019 +0.061 +0.012 +0.105 +0.017 +0.056 +0.065 +0.066
 +0.072 +0.104 +0.057 +0.055 +0.020 +0.063 +0.008 +0.025 +0.058 +0.059
 +0.060 +0.093 +0.066 +0.096 +0.029 +0.019 +0.007 +0.049 +0.025 +0.094
 +0.043 +0.085 +0.098 +0.057 +0.004 +0.004 +0.045 +0.058 +0.041 +0.067
 +0.023 +0.002 +0.074 +0.049 +0.084 +0.081 +0.038 +0.013 +0.002 +0.089
 +0.097 +0.021 +0.084 +0.007 +0.072 +0.067 +0.087 +0.015 +0.075 +0.098
 +0.045 +0.094 +0.010 +0.046 +0.087 +0.105 +0.097 +0.011 +0.044 +0.061
 +0.035 +0.065 +0.096 +0.062 +0.053 +0.090 +0.040 +0.059 +0.092 +0.108
 +0.057 +0.084 +0.076 +0.103 +0.000 +0.082 +0.061 +0.031 +0.045 +0.040
 +0.108 +0.035 +0.023 +0.094 +0.036 +0.032 +0.037 +0.107 +0.011 +0.055
 +0.083 +0.015 +0.059 +0.071 +0.041 +0.107 +0.029 +0.006 +0.066 +0.103
 +0.039 +0.065 +0.027 +0.055 +0.025 +0.099 +0.047 +0.060 +0.105 +0.066
 +0.079 +0.078 +0.035 +0.012 +0.028 +0.044 +0.092 +0.070 +0.071 +0.103
 +0.041 +0.037 +0.025 +0.012 +0.074 +0.053 +0.049 +0.084 +0.015 +0.019
 +0.058 +0.073 +0.005 +0.059 +0.105 +0.068 +0.003 +0.085 +0.015 +0.086
 +0.107 +0.039 +0.052 +0.093 +0.054 +0.040 +0.052 +0.055 +0.017 +0.044
 +0.017 +0.093 +0.055 +0.015 +0.005 +0.021 +0.056 +0.035 +0.003 +0.084
 +0.040 +0.005 +0.084 +0.077 +0.017 +0.085 +0.028 +0.068 +0.052 +0.097
 +0.013 +0.071 +0.037 +0.033 +0.084 +0.065 +0.035 +0.008 +0.092 +0.049
 +0.036 +0.101 +0.008 +0.080 +0.038 +0.063 +0.020 +0.056 +0.103 +0.062
 +0.066 +0.020 +0.006 +0.101 +0.068 +0.013 +0.038 +0.052 +0.091 +0.080
 +0.029 +0.070 +0.027 +0.052 +0.064 +0.014 +0.010 +0.103 +0.071 +0.030
 +0.101 +0.099 +0.088 +0.079 +0.049 +0.056 +0.011 +0.009 +0.096 +0.088
 +0.039 +0.058 +0.063 +0.023 +0.003 +0.082 +0.031 +0.088 +0.103 +0.012
 +0.041 +0.067 +0.091 +0.047 +0.056 +0.106 +0.073 +0.103 +0.076 +0.079
 +0.014 +0.018 +0.023 +0.035 +0.006 +0.096 +0.061 +0.103 +0.053 +0.103
 +0.051 +0.036 +0.020 +0.068 +0.099 +0.058 +0.010 +0.095 +0.023 +0.058
 +0.102 +0.058 +0.015 +0.067 +0.037 +0.071 +0.026 +0.018 +0.043 +0.070]
Dual slacks:              [+0.000 +0.000 +0.000 +0.000 +0.000 +0.000 +0.000 +0.000 +0.000 +0.000
 +0.000 +0.000 +0.000 +0.000 +0.000 +0.000 +0.000 +0.000 +0.000 +0.000
 +0.000 +0.000 +0.000 +0.000 +0.000 +0.000 +0.000 +0.000 +0.000 +0.000
 +0.000 +0.000 +0.000 +0.000 +0.000 +0.000 +0.000 +0.000 +0.000 +0.000
 +0.000 +0.000 +0.000 +0.000 +0.000 +0.000 +0.000 +0.000 +0.000 +0.000
 +0.000 +0.000 +0.000 +0.000 +0.000 +0.000 +0.000 +0.000 +0.000 +0.000
 +0.000 +0.000 +0.000 +0.000 +0.000 +0.000 +0.000 +0.000 +0.000 +0.000
 +0.000 +0.000 +0.000 +0.000 +0.000 +0.000 +0.000 +0.000 +0.000 +0.000
 +0.000 +0.000 +0.000 +0.000 +0.000 +0.000 +0.000 +0.000 +0.000 +0.000
 +0.000 +0.000 +0.000 +0.000 +0.000 +0.000 +0.000 +0.000 +0.000 +0.000
 +0.000 +0.000 +0.000 +0.000 +0.000 +0.000 +0.000 +0.000 +0.000 +0.000
 +0.000 +0.000 +0.000 +0.000 +0.000 +0.000 +0.000 +0.000 +0.000 +0.000
 +0.000 +0.000 +0.000 +0.000 +0.000 +0.000 +0.000 +0.000 +0.000 +0.000
 +0.000 +0.000 +0.000 +0.000 +0.000 +0.000 +0.000 +0.000 +0.000 +0.000
 +0.000 +0.000 +0.000 +0.000 +0.000 +0.000 +0.000 +0.000 +0.000 +0.000
 +0.000 +0.000 +0.000 +0.000 +0.000 +0.000 +0.000 +0.000 +0.000 +0.000
 +0.000 +0.000 +0.000 +0.000 +0.000 +0.000 +0.000 +0.000 +0.000 +0.000
 +0.000 +0.000 +0.000 +0.000 +0.000 +0.000 +0.000 +0.000 +0.000 +0.000
 +0.000 +0.000 +0.000 +0.000 +0.000 +0.000 +0.000 +0.000 +0.000 +0.000
 +0.000 +0.000 +0.000 +0.000 +0.000 +0.000 +0.000 +0.000 +0.000 +0.000
 +0.000 +0.000 +0.000 +0.000 +0.000 +0.000 +0.000 +0.000 +0.000 +0.000
 +0.000 +0.000 +0.000 +0.000 +0.000 +0.000 +0.000 +0.000 +0.000 +0.000
 +0.000 +0.000 +0.000 +0.000 +0.000 +0.000 +0.000 +0.000 +0.000 +0.000
 +0.000 +0.000 +0.000 +0.000 +0.000 +0.000 +0.000 +0.000 +0.000 +0.000
 +0.000 +0.000 +0.000 +0.000 +0.000 +0.000 +0.000 +0.000 +0.000 +0.000
 +1.038 +0.000 +0.000 +0.000 +0.000 +0.000 +0.000 +0.000 +0.000 +0.000
 +0.000 +0.000 +0.000 +0.000 +0.000 +0.000 +0.000 +0.000 +0.000 +0.000
 +0.000 +0.000 +0.000 +0.000 +0.000 +0.000 +0.000 +0.000 +0.000 +0.000
 +0.000 +0.000 +0.000 +0.000 +0.000 +0.000 +0.000 +0.000 +0.000 +0.000
 +0.000 +0.000 +0.000 +0.000 +0.000 +0.000 +0.000 +0.000 +0.000 +0.000
 +0.000 +0.000 +0.000 +0.000 +0.000 +0.000 +0.000 +0.000 +0.000 +0.000
 +0.000 +0.000 +0.000 +0.000 +0.000 +0.000 +0.000 +0.000 +0.000 +0.000
 +0.000 +0.000 +0.000 +0.000 +0.000 +0.000 +0.000 +0.000 +0.000 +0.000
 +0.000 +0.000 +0.000 +0.000 +0.000 +0.000 +0.000 +0.000 +0.000 +0.000
 +0.000 +0.000 +0.000 +0.000 +0.000 +0.000 +0.000 +0.000 +0.000 +0.000
 +0.000 +0.000 +0.000 +0.000 +0.000 +0.000 +0.000 +0.000 +0.000 +0.000
 +0.000 +0.000 +0.000 +0.000 +0.000 +0.000 +0.000 +0.000 +0.000 +0.000
 +0.000 +0.000 +0.000 +0.000 +0.000 +0.000 +0.000 +0.000 +0.000 +0.000
 +0.000 +0.000 +0.000 +0.000 +0.000 +0.000 +0.000 +0.000 +0.000 +0.000
 +0.000 +0.000 +0.000 +0.000 +0.000 +0.000 +0.000 +0.000 +0.000 +0.000
 +0.000 +0.000 +0.000 +0.000 +0.000 +0.000 +0.000 +0.000 +0.000 +0.000
 +0.000 +0.000 +0.000 +0.000 +0.000 +0.000 +0.000 +0.000 +0.000 +0.000
 +0.000 +0.000 +0.000 +0.000 +0.000 +0.000 +0.000 +0.000 +0.000 +0.000
 +0.000 +0.000 +0.000 +0.000 +0.000 +0.000 +0.000 +0.000 +0.000 +0.000
 +0.000 +0.000 +0.000 +0.000 +0.000 +0.000 +0.000 +0.000 +0.000 +0.000
 +0.000 +0.000 +0.000 +0.000 +0.000 +0.000 +0.000 +0.000 +0.000 +0.000
 +0.000 +0.000 +0.000 +0.000 +0.000 +0.000 +0.000 +0.000 +0.000 +0.000
 +0.000 +0.000 +0.000 +0.000 +0.000 +0.000 +0.000 +0.000 +0.000 +0.000
 +0.000 +0.000 +0.000 +0.000 +0.000 +0.000 +0.000 +0.000 +0.000 +0.000
 +0.000 +0.000 +0.000 +0.000 +0.000 +0.000 +0.000 +0.000 +0.000 +0.000
 +0.000 +0.000 +0.000 +0.000 +0.000 +0.000 +0.000 +0.000 +0.000 +0.000
 +0.000 +0.000 +0.000 +0.000 +0.000 +0.000 +0.000 +0.000 +0.000 +0.000
 +0.000 +0.000 +0.000 +0.000 +0.000 +0.000 +0.000 +0.000 +0.000 +0.000
 +0.000 +0.000 +0.000 +0.000 +0.000 +0.000 +0.000 +0.000 +0.000 +0.000
 +0.000 +0.000 +0.000 +0.000 +0.000 +0.000 +0.000 +0.000 +0.000 +0.000
 +0.000 +0.000 +0.000 +0.000 +0.000 +0.000 +0.000 +0.000 +0.000 +0.000
 +0.000 +0.000 +0.000 +0.000 +0.000 +0.000 +0.000 +0.000 +0.000 +0.000
 +0.000 +0.000 +0.000 +0.000 +0.000 +0.000 +0.000 +0.000 +0.000 +0.000
 +0.000 +0.000 +0.000 +0.000 +0.000 +0.000 +0.000 +0.000 +0.000 +0.000
 +0.000 +0.000 +0.000 +1.709 +0.000 +0.000 +0.000 +0.000 +0.000 +0.000
 +0.000 +0.000 +0.000 +0.000 +0.000 +0.000 +0.000 +0.000 +0.000 +0.000
 +0.000 +0.000 +0.000 +0.000 +0.000 +0.000 +0.000 +0.000 +0.000 +0.000
 +0.000 +0.000 +0.000 +0.000 +0.000 +0.000 +0.000 +0.000 +0.000 +0.000
 +0.000 +0.000 +0.000 +0.000 +0.000 +0.000 +0.000 +0.000 +0.000 +0.000
 +0.000 +0.000 +0.000 +0.000 +0.000 +0.000 +0.000 +0.000 +0.000 +0.000
 +0.000 +0.000 +0.000 +0.000 +0.000 +0.000 +0.000 +0.000 +0.000 +0.000
 +0.000 +0.000 +0.000 +0.000 +0.000 +0.000 +0.000 +0.000 +0.000 +0.000
 +0.000 +0.000 +0.000 +0.000 +0.000 +0.000 +0.000 +0.000 +0.000 +0.000
 +0.000 +0.000 +0.000 +0.000 +0.000 +0.000 +0.000 +0.000 +0.000 +0.000
 +0.000 +0.000 +0.000 +0.000 +0.000 +0.000 +0.000 +0.000 +0.000 +0.000
 +0.000 +0.000 +0.000 +0.000 +0.000 +0.000 +0.000 +0.000 +0.000 +0.000
 +0.000 +0.000 +0.000 +0.000 +0.000 +0.000 +0.000 +0.000 +0.000 +0.000
 +0.000 +0.000 +0.000 +0.000 +0.000 +0.000 +0.000 +0.000 +0.000 +0.000
 +0.000 +0.000 +0.000 +0.000 +0.000 +0.000 +0.000 +0.000 +0.000 +0.000
 +0.000 +0.000 +0.000 +0.000 +0.000 +0.000 +0.000 +0.000 +0.000 +0.000
 +0.000 +0.000 +0.000 +0.000 +0.000 +0.000 +0.000 +0.000 +0.000 +0.000
 +0.000 +0.000 +0.000 +0.000 +0.000 +0.000 +0.000 +0.000 +0.000 +0.000
 +0.000 +0.000 +0.000 +0.000 +0.000 +0.000 +0.000 +0.000 +0.000 +0.000
 +0.000 +0.000 +0.000 +0.000 +0.000 +0.000 +0.000 +0.000 +0.000 +0.000
 +0.000 +0.000 +0.000 +0.000 +0.000 +0.000 +0.000 +0.000 +0.000 +0.000
 +0.000 +0.000 +0.000 +0.000 +0.000 +0.000 +0.000 +0.000 +0.000 +0.000
 +0.000 +0.000 +0.000 +0.000 +0.000 +0.000 +0.000 +0.000 +0.000 +0.000
 +0.000 +0.000 +0.000 +0.000 +0.000 +0.000 +0.000 +0.000 +0.000 +0.000
 +0.000 +0.000 +0.000 +0.000 +0.000 +0.000 +0.000 +0.000 +0.000 +0.000
 +0.000 +0.000 +0.000 +0.000 +0.000 +0.000 +0.000 +0.000 +0.000 +0.000
 +0.000 +0.000 +0.000 +0.000 +0.000 +0.000 +0.000 +0.000 +0.000 +0.000
 +0.000 +0.000 +0.000 +0.000 +0.000 +0.000 +0.000 +0.000 +0.000 +0.000
 +0.000 +0.000 +0.000 +0.000 +0.000 +0.000 +0.000 +0.000 +0.000 +0.000
 +0.000 +0.000 +0.000 +0.000 +0.000 +0.000 +0.000 +0.000 +0.000 +0.000
 +0.000 +0.000 +0.000 +0.000 +0.000 +0.000 +0.000 +0.000 +0.000 +0.000
 +0.000 +0.000 +0.000 +0.000 +0.000 +0.000 +0.000 +0.000 +0.000 +0.000
 +0.000 +0.000 +0.000 +0.000 +0.000 +0.000 +0.000 +0.000 +0.000 +0.000
 +0.000 +0.000 +0.000 +0.000 +0.000 +0.000 +0.000 +0.000 +0.000 +0.000
 +0.000 +0.000 +0.000 +0.000 +0.000 +0.000 +0.000 +0.000 +0.000 +0.000
 +0.000 +0.000 +0.000 +0.000 +0.000 +0.000 +0.000 +0.000 +0.000 +0.000
 +0.000 +0.000 +0.000 +0.000 +0.000 +0.000 +0.000 +0.000 +0.000 +0.000
 +0.000 +0.000 +0.000 +0.000 +0.000 +0.000 +0.000 +0.000 +0.000 +0.000
 +0.000 +0.000 +0.000 +0.000 +0.000 +0.000 +0.000 +0.000 +0.000 +0.000
 +0.000 +0.000 +0.000 +0.000 +0.000 +0.000 +0.000 +0.000 +0.000 +0.000
 +0.000 +0.000 +0.000 +0.000 +0.000 +0.000 +0.000 +0.000 +0.000 +0.000]
Dual variables:           [+0.748 -1.855]

Optimal objective:       +1.60399311e-01
===========================================================================

Method:                  II-QIPM
LO_Precision:            1.00e-01
Stop_Precision:          1.00e-03
LO_Verbosity:            2
Omega:                   1.00e+01

The Quantum Inexact Infeasible Interior-Point Method starts running ...


                  Objective                Residual                                Linear system           Step-length
Iter      Primal           Dual         Primal    Dual     Compl    ||Resl||  Cond-Num  ||M||   ||RHS||    a-star   a-hat      Time
   0   2.85224153e+01 -3.68241473e+00  3.93e+00 6.91e+01  2.36e+04 *3.66e-15  4.00e+00 1.00e+00 1.92e+01  8.67e-01 7.81e-01      0s
   1   2.26756462e+01 -3.68241473e+00  1.30e+00 6.53e+01  2.24e+04  9.09e+01  3.96e+00 5.43e+00 9.09e+01  4.49e-01 5.51e-02      1s
   2   1.94497030e+01 -3.68241473e+00  4.19e+00 6.35e+01  2.18e+04  1.06e+02  3.96e+00 5.94e+00 1.06e+02  4.17e-01 2.75e-02      1s
   3   1.63795735e+01 -3.68241473e+00  6.94e+00 6.19e+01  2.14e+04  1.15e+02  3.95e+00 6.22e+00 1.15e+02  4.00e-01 2.48e-02      2s
   4   1.34529959e+01 -3.68241473e+00  9.56e+00 6.05e+01  2.09e+04  1.24e+02  3.95e+00 6.50e+00 1.24e+02  3.85e-01 2.25e-02      2s
   5   1.06525685e+01 -3.68241473e+00  1.21e+01 5.93e+01  2.05e+04  1.32e+02  3.94e+00 6.78e+00 1.32e+02  3.71e-01 2.05e-02      3s
   6   7.96746389e+00 -3.68241473e+00  1.45e+01 5.82e+01  2.02e+04  1.40e+02  3.94e+00 7.04e+00 1.40e+02  3.58e-01 1.87e-02      3s
   7   5.39256733e+00 -3.68241473e+00  1.68e+01 5.72e+01  1.99e+04  1.48e+02  3.94e+00 7.31e+00 1.48e+02  3.45e-01 1.72e-02      4s
   8   2.91782058e+00 -3.68241473e+00  1.90e+01 5.63e+01  1.96e+04  1.56e+02  3.94e+00 7.56e+00 1.56e+02  3.34e-01 1.59e-02      4s
   9   5.36149233e-01 -3.68241473e+00  2.11e+01 5.54e+01  1.93e+04  1.64e+02  3.94e+00 7.82e+00 1.64e+02  3.23e-01 1.47e-02      5s
  10  -1.75918422e+00 -3.68241473e+00  2.31e+01 5.47e+01  1.91e+04  1.71e+02  3.94e+00 8.06e+00 1.71e+02  3.13e-01 1.36e-02      5s
  11  -3.97457765e+00 -3.68241473e+00  2.51e+01 5.40e+01  1.89e+04  1.79e+02  3.94e+00 8.31e+00 1.79e+02  3.04e-01 1.26e-02      6s
  12  -6.11823814e+00 -3.68241473e+00  2.70e+01 5.34e+01  1.87e+04  1.86e+02  3.95e+00 8.55e+00 1.86e+02  2.95e-01 1.18e-02      6s
  13  -8.18955595e+00 -3.68241473e+00  2.88e+01 5.28e+01  1.85e+04  1.94e+02  3.95e+00 8.79e+00 1.94e+02  2.86e-01 1.10e-02      7s
  14  -1.01942047e+01 -3.68241473e+00  3.06e+01 5.22e+01  1.83e+04  2.01e+02  3.95e+00 9.02e+00 2.01e+02  2.78e-01 1.03e-02      7s
  15  -1.21394848e+01 -3.68241473e+00  3.23e+01 5.17e+01  1.82e+04  2.08e+02  3.96e+00 9.26e+00 2.08e+02  2.71e-01 9.68e-03      8s
  16  -1.40265707e+01 -3.68241473e+00  3.40e+01 5.13e+01  1.80e+04  2.15e+02  3.96e+00 9.49e+00 2.15e+02  2.64e-01 9.10e-03      9s
  17  -1.58585082e+01 -3.68241473e+00  3.56e+01 5.08e+01  1.79e+04  2.22e+02  3.97e+00 9.71e+00 2.22e+02  2.57e-01 8.57e-03      9s
  18  -1.76382189e+01 -3.68241473e+00  3.72e+01 5.04e+01  1.77e+04  2.28e+02  3.97e+00 9.94e+00 2.28e+02  2.51e-01 8.08e-03     10s
  19  -1.93702340e+01 -3.68241473e+00  3.87e+01 5.00e+01  1.76e+04  2.35e+02  3.98e+00 1.02e+01 2.35e+02  2.44e-01 7.65e-03     10s
  20  -2.10571474e+01 -3.68241473e+00  4.01e+01 4.97e+01  1.75e+04  2.42e+02  3.99e+00 1.04e+01 2.42e+02  2.39e-01 7.24e-03     11s
  21  -2.26981568e+01 -3.68241473e+00  4.16e+01 4.93e+01  1.74e+04  2.48e+02  3.99e+00 1.06e+01 2.48e+02  2.33e-01 6.86e-03     11s
  22   9.31837978e+00  4.78876012e-01  6.20e+00 7.35e+00  2.82e+03  1.42e-02  4.00e+00 1.08e+01 2.55e+02  8.97e-01 8.51e-01     12s
  23   2.75437660e+00  1.56148563e-01  2.43e-01 1.83e-01  7.89e+01 *2.24e-01  4.05e+00 5.43e+01 7.85e+01  9.85e-01 9.75e-01     12s
  24   3.48787693e+00  1.60567960e-01  1.62e+00 7.59e-03  3.62e+00  1.69e+00  4.21e+00 2.52e+03 9.68e+01  9.74e-01 9.58e-01     12s
  25  -1.38812274e+00  1.60380585e-01  7.83e-01 7.61e-04  3.96e-01 *1.05e+00  4.16e+00 6.45e+04 9.62e+01  9.62e-01 9.00e-01     12s
  26  -1.40587365e+00  1.60380585e-01  7.92e-01 7.61e-04  3.96e-01  5.09e+01  3.92e+00 6.74e+05 5.09e+01  6.50e-01 1.99e-04     17s

The solution quality is limited by the precision of the linear system solver.

The algorithm stopped after 27 iterations in 16.55 seconds.

Primal variables:   [+17.310 +16.263 +16.318 +14.478 +15.363 +16.588 +17.366 +14.521 +15.366
 +15.393 +14.828 +15.940 +14.567 +14.959 +16.009 +16.777 +14.890 +16.951
 +15.757 +14.092 +15.540 +14.409 +14.535 +16.647 +15.635 +14.553 +14.787
 +17.305 +15.524 +16.495 +16.001 +14.839 +15.199 +14.465 +14.495 +17.863
 +15.532 +15.783 +15.482 +16.486 +16.927 +15.284 +17.268 +15.483 +15.219
 +16.015 +15.115 +17.939 +15.552 +14.621 +14.511 +14.286 +14.630 +17.361
 +16.173 +15.224 +15.143 +17.496 +15.229 +14.951 +17.121 +14.894 +15.494
 +15.753 +17.752 +15.994 +15.405 +16.357 +14.679 +16.049 +16.312 +15.344
 +17.179 +16.064 +17.545 +18.149 +15.604 +15.303 +14.966 +15.905 +17.915
 +17.485 +16.729 +15.141 +17.127 +16.229 +17.169 +16.108 +16.442 +15.104
 +17.036 +16.780 +16.149 +15.441 +16.179 +14.764 +16.594 +14.556 +14.907
 +14.587 +16.732 +15.140 +15.254 +17.698 +17.548 +16.819 +14.549 +14.437
 +16.031 +15.302 +16.224 +15.183 +17.650 +17.191 +16.142 +15.262 +15.238
 +15.768 +16.778 +15.329 +17.453 +18.048 +17.852 +16.650 +16.511 +17.646
 +16.582 +17.851 +16.114 +14.105 +15.567 +16.160 +15.374 +14.643 +15.967
 +15.219 +14.885 +17.539 +15.183 +15.076 +16.996 +14.418 +14.205 +16.106
 +16.740 +15.131 +15.403 +17.731 +16.934 +17.346 +15.416 +14.817 +15.052
 +14.598 +15.103 +15.552 +16.906 +16.977 +17.183 +15.737 +14.985 +17.968
 +15.076 +15.518 +15.135 +14.195 +14.743 +15.484 +16.807 +15.644 +16.752
 +14.022 +14.925 +14.781 +16.222 +15.521 +16.778 +17.893 +14.547 +17.536
 +16.514 +16.627 +14.431 +14.833 +16.654 +14.329 +18.020 +17.764 +16.904
 +16.699 +17.786 +15.786 +17.833 +15.982 +15.868 +16.188 +14.516 +17.266
 +17.152 +16.033 +14.910 +17.016 +16.258 +15.781 +15.159 +14.350 +14.373
 +16.426 +15.292 +16.691 +14.914 +16.212 +15.314 +15.030 +16.461 +15.102
 +14.128 +15.486 +14.912 +15.372 +16.749 +16.926 +17.083 +16.116 +16.703
 +17.673 +15.346 +15.250 +17.232 +15.084 +16.549 +15.836 +17.332 +17.863
 +14.516 +16.326 +15.949 +14.818 +17.434 +15.542 +17.180 +16.700 +17.461
 +16.452 +14.712 +16.841 +17.664 +16.717 +16.554 +14.339 +0.007 +15.573
 +17.303 +17.634 +15.371 +14.679 +15.354 +14.776 +15.068 +16.347 +17.359
 +14.981 +15.176 +15.543 +14.163 +15.040 +15.098 +14.559 +15.973 +15.139
 +17.745 +16.113 +17.376 +17.810 +14.153 +14.394 +16.237 +14.088 +14.776
 +17.199 +15.255 +14.812 +16.760 +16.264 +17.834 +16.651 +14.885 +17.653
 +16.325 +17.532 +18.160 +15.735 +15.117 +14.781 +15.602 +14.855 +14.098
 +15.359 +15.459 +14.386 +14.700 +15.916 +16.005 +17.314 +14.982 +14.176
 +17.177 +14.436 +14.160 +15.310 +14.846 +15.866 +16.164 +16.111 +14.756
 +14.797 +14.340 +15.522 +17.880 +16.200 +17.558 +14.761 +14.298 +15.286
 +16.753 +14.901 +16.630 +15.059 +15.872 +15.677 +15.318 +15.325 +15.240
 +17.651 +14.599 +16.342 +17.584 +15.246 +15.451 +16.942 +17.619 +14.663
 +15.848 +15.305 +17.086 +17.269 +17.014 +16.107 +16.036 +15.503 +17.864
 +14.835 +16.788 +15.487 +14.958 +17.379 +16.043 +17.929 +14.671 +16.723
 +15.626 +14.833 +14.656 +17.253 +17.928 +17.380 +15.866 +17.586 +16.389
 +14.245 +14.945 +16.767 +14.728 +14.114 +15.158 +16.055 +14.838 +15.036
 +16.014 +15.017 +16.271 +14.363 +17.539 +15.170 +17.709 +14.669 +15.183
 +16.528 +16.668 +15.592 +16.563 +17.679 +15.694 +15.040 +17.303 +15.937
 +17.980 +16.188 +14.583 +17.566 +15.468 +15.614 +17.948 +16.528 +16.193
 +16.625 +14.677 +16.707 +15.348 +16.679 +15.540 +15.021 +15.902 +16.693
 +17.271 +15.067 +17.592 +14.293 +15.555 +15.896 +15.308 +17.121 +17.450
 +16.691 +15.077 +17.887 +14.485 +15.241 +14.488 +17.729 +17.224 +15.179
 +15.605 +15.336 +17.636 +17.693 +18.167 +15.805 +17.417 +14.495 +16.906
 +16.748 +15.106 +15.110 +15.418 +15.312 +15.506 +15.544 +16.499 +14.426
 +14.161 +14.896 +15.122 +16.083 +15.756 +17.918 +17.001 +16.883 +14.907
 +17.467 +15.324 +15.014 +15.951 +16.153 +16.474 +15.797 +14.138 +17.006
 +15.467 +14.453 +16.329 +14.933 +14.378 +16.342 +14.501 +16.741 +16.975
 +15.588 +17.509 +16.212 +14.599 +17.101 +16.764 +16.021 +16.599 +14.844
 +16.948 +15.203 +16.931 +15.780 +17.016 +17.282 +16.294 +17.546 +17.723
 +14.898 +16.028 +17.715 +16.967 +16.396 +15.756 +16.849 +14.831 +17.851
 +14.883 +15.226 +14.314 +17.619 +15.191 +15.822 +16.465 +17.349 +14.813
 +14.150 +17.748 +14.231 +14.213 +14.270 +14.189 +16.160 +15.755 +17.122
 +16.324 +15.596 +16.486 +14.586 +14.658 +16.214 +15.133 +14.777 +17.594
 +15.613 +16.914 +15.055 +14.518 +15.374 +14.829 +15.158 +16.263 +16.903
 +17.103 +14.529 +16.155 +16.457 +16.835 +15.318 +15.377 +16.120 +15.320
 +15.693 +15.127 +16.601 +14.810 +15.285 +14.799 +14.445 +16.754 +15.680
 +14.199 +17.352 +16.969 +15.109 +16.717 +16.317 +15.280 +17.349 +15.458
 +17.118 +14.371 +15.228 +15.648 +15.742 +14.224 +17.278 +17.576 +17.758
 +16.952 +16.235 +17.940 +15.627 +17.400 +14.584 +14.621 +15.623 +16.000
 +14.394 +14.729 +14.662 +14.874 +15.520 +15.597 +15.492 +17.298 +0.003
 +17.655 +16.808 +16.542 +16.257 +15.051 +14.339 +14.544 +16.499 +17.231
 +16.314 +17.555 +15.099 +16.769 +17.922 +14.531 +16.834 +16.590 +14.778
 +15.365 +14.562 +16.922 +17.322 +15.573 +17.083 +16.242 +16.685 +14.514
 +17.831 +17.011 +15.007 +14.330 +15.778 +15.506 +15.337 +14.969 +14.970
 +16.402 +15.997 +14.268 +17.690 +16.497 +17.473 +14.759 +14.766 +16.762
 +14.384 +17.388 +17.127 +16.783 +14.249 +14.050 +16.567 +15.968 +16.015
 +16.524 +14.822 +15.136 +17.475 +15.009 +14.989 +15.690 +15.393 +16.020
 +15.200 +15.271 +17.901 +14.419 +17.815 +16.375 +17.576 +14.916 +15.332
 +14.906 +14.720 +17.414 +15.208 +15.315 +16.512 +16.796 +15.240 +14.184
 +17.076 +17.633 +15.068 +14.335 +16.650 +15.264 +17.156 +17.651 +16.454
 +14.917 +16.244 +17.019 +14.020 +15.961 +14.697 +17.957 +16.790 +15.575
 +14.367 +14.553 +17.585 +16.523 +15.672 +15.209 +16.382 +16.543 +16.608
 +15.702 +17.674 +15.409 +17.491 +16.595 +15.690 +16.581 +15.929 +15.571
 +15.183 +15.046 +16.231 +18.141 +14.638 +17.275 +14.298 +15.088 +16.184
 +17.057 +15.238 +14.330 +15.832 +15.507 +16.131 +14.524 +17.131 +16.549
 +15.049 +14.585 +16.101 +17.419 +16.554 +14.550 +16.148 +16.411 +15.655
 +15.024 +14.563 +14.720 +16.357 +16.443 +16.972 +17.602 +15.278 +17.420
 +15.544 +16.529 +14.556 +14.133 +14.911 +15.709 +16.651 +16.239 +17.599
 +14.839 +15.405 +16.493 +14.462 +15.188 +16.962 +15.685 +16.663 +14.057
 +17.383 +17.328 +14.508 +16.348 +16.398 +15.524 +14.507 +16.297 +16.338
 +15.887 +18.162 +16.691 +17.137 +16.854 +15.450 +17.600 +14.660 +16.556
 +14.591 +14.607 +17.266 +16.867 +14.765 +17.805 +14.753 +14.833 +15.635
 +14.424 +16.028 +14.991 +17.801 +15.529 +16.210 +14.634 +15.384 +14.766
 +17.057 +16.291 +17.823 +17.372 +15.056 +15.303 +14.688 +15.804 +17.320
 +15.759 +14.065 +15.251 +15.190 +16.714 +17.587 +14.028 +15.332 +16.257
 +15.715 +16.872 +14.345 +16.843 +16.810 +15.209 +14.926 +14.191 +16.321
 +16.561 +16.763 +16.196 +18.072 +14.461 +14.221 +15.529 +16.459 +15.066
 +15.264 +14.938 +17.768 +17.034 +14.881 +16.422 +15.388 +15.639 +15.261
 +15.280 +15.038 +16.320 +16.064 +16.819 +18.171 +16.678 +14.714 +15.180
 +14.883 +14.897 +15.096 +14.756 +15.397 +14.403 +15.583 +17.312 +15.399
 +14.927 +17.350 +16.555 +14.640 +16.342 +14.826 +14.945 +15.695 +16.649
 +16.725 +17.791 +17.002 +17.632 +17.273 +15.977 +17.439 +17.219 +16.366
 +14.583 +15.057 +16.934 +16.538 +15.178 +15.972 +14.955 +15.213 +14.692
 +17.765 +17.924 +15.503 +16.225 +14.366 +14.577 +15.003 +15.788 +16.650
 +15.805 +15.165 +14.995 +15.050 +17.837 +16.106 +18.172 +15.222 +15.843
 +14.336 +15.308 +14.488 +15.822 +17.171 +15.916 +15.461 +16.323 +17.677
 +14.992 +17.192 +17.943 +15.147 +17.917 +15.893 +15.865 +14.803 +16.294
 +17.675 +15.556 +14.418 +14.066 +16.843 +16.386 +17.244 +17.925 +17.292
 +17.504 +15.240 +14.062 +17.149 +15.937 +17.006 +15.383 +15.241 +15.708
 +15.288 +16.915 +16.624 +17.190 +14.288 +17.038 +14.644 +14.629 +16.630
 +17.555 +17.988 +17.432 +17.300 +17.881 +15.036 +16.387 +16.507 +16.192
 +17.121 +16.825 +14.333 +15.380 +15.511 +16.648 +17.095 +17.336 +15.546
 +14.797 +16.507 +17.773 +17.648 +17.804 +17.457 +15.189 +16.166 +18.072
 +16.423 +15.561 +14.234 +16.208 +15.101 +15.326 +15.910 +17.763 +17.565
 +15.436 +16.518 +15.866 +15.649 +17.224 +17.245 +14.431 +15.817 +16.424
 +15.246]
Dual slacks:        [+0.000 +0.000 +0.000 +0.000 +0.000 +0.000 +0.000 +0.000 +0.000 +0.000
 +0.000 +0.000 +0.000 +0.000 +0.000 +0.000 +0.000 +0.000 +0.000 +0.000
 +0.000 +0.000 +0.000 +0.000 +0.000 +0.000 +0.000 +0.000 +0.000 +0.000
 +0.000 +0.000 +0.000 +0.000 +0.000 +0.000 +0.000 +0.000 +0.000 +0.000
 +0.000 +0.000 +0.000 +0.000 +0.000 +0.000 +0.000 +0.000 +0.000 +0.000
 +0.000 +0.000 +0.000 +0.000 +0.000 +0.000 +0.000 +0.000 +0.000 +0.000
 +0.000 +0.000 +0.000 +0.000 +0.000 +0.000 +0.000 +0.000 +0.000 +0.000
 +0.000 +0.000 +0.000 +0.000 +0.000 +0.000 +0.000 +0.000 +0.000 +0.000
 +0.000 +0.000 +0.000 +0.000 +0.000 +0.000 +0.000 +0.000 +0.000 +0.000
 +0.000 +0.000 +0.000 +0.000 +0.000 +0.000 +0.000 +0.000 +0.000 +0.000
 +0.000 +0.000 +0.000 +0.000 +0.000 +0.000 +0.000 +0.000 +0.000 +0.000
 +0.000 +0.000 +0.000 +0.000 +0.000 +0.000 +0.000 +0.000 +0.000 +0.000
 +0.000 +0.000 +0.000 +0.000 +0.000 +0.000 +0.000 +0.000 +0.000 +0.000
 +0.000 +0.000 +0.000 +0.000 +0.000 +0.000 +0.000 +0.000 +0.000 +0.000
 +0.000 +0.000 +0.000 +0.000 +0.000 +0.000 +0.000 +0.000 +0.000 +0.000
 +0.000 +0.000 +0.000 +0.000 +0.000 +0.000 +0.000 +0.000 +0.000 +0.000
 +0.000 +0.000 +0.000 +0.000 +0.000 +0.000 +0.000 +0.000 +0.000 +0.000
 +0.000 +0.000 +0.000 +0.000 +0.000 +0.000 +0.000 +0.000 +0.000 +0.000
 +0.000 +0.000 +0.000 +0.000 +0.000 +0.000 +0.000 +0.000 +0.000 +0.000
 +0.000 +0.000 +0.000 +0.000 +0.000 +0.000 +0.000 +0.000 +0.000 +0.000
 +0.000 +0.000 +0.000 +0.000 +0.000 +0.000 +0.000 +0.000 +0.000 +0.000
 +0.000 +0.000 +0.000 +0.000 +0.000 +0.000 +0.000 +0.000 +0.000 +0.000
 +0.000 +0.000 +0.000 +0.000 +0.000 +0.000 +0.000 +0.000 +0.000 +0.000
 +0.000 +0.000 +0.000 +0.000 +0.000 +0.000 +0.000 +0.000 +0.000 +0.000
 +0.000 +0.000 +0.000 +0.000 +0.000 +0.000 +0.000 +0.000 +0.000 +0.000
 +1.038 +0.000 +0.000 +0.000 +0.000 +0.000 +0.000 +0.000 +0.000 +0.000
 +0.000 +0.000 +0.000 +0.000 +0.000 +0.000 +0.000 +0.000 +0.000 +0.000
 +0.000 +0.000 +0.000 +0.000 +0.000 +0.000 +0.000 +0.000 +0.000 +0.000
 +0.000 +0.000 +0.000 +0.000 +0.000 +0.000 +0.000 +0.000 +0.000 +0.000
 +0.000 +0.000 +0.000 +0.000 +0.000 +0.000 +0.000 +0.000 +0.000 +0.000
 +0.000 +0.000 +0.000 +0.000 +0.000 +0.000 +0.000 +0.000 +0.000 +0.000
 +0.000 +0.000 +0.000 +0.000 +0.000 +0.000 +0.000 +0.000 +0.000 +0.000
 +0.000 +0.000 +0.000 +0.000 +0.000 +0.000 +0.000 +0.000 +0.000 +0.000
 +0.000 +0.000 +0.000 +0.000 +0.000 +0.000 +0.000 +0.000 +0.000 +0.000
 +0.000 +0.000 +0.000 +0.000 +0.000 +0.000 +0.000 +0.000 +0.000 +0.000
 +0.000 +0.000 +0.000 +0.000 +0.000 +0.000 +0.000 +0.000 +0.000 +0.000
 +0.000 +0.000 +0.000 +0.000 +0.000 +0.000 +0.000 +0.000 +0.000 +0.000
 +0.000 +0.000 +0.000 +0.000 +0.000 +0.000 +0.000 +0.000 +0.000 +0.000
 +0.000 +0.000 +0.000 +0.000 +0.000 +0.000 +0.000 +0.000 +0.000 +0.000
 +0.000 +0.000 +0.000 +0.000 +0.000 +0.000 +0.000 +0.000 +0.000 +0.000
 +0.000 +0.000 +0.000 +0.000 +0.000 +0.000 +0.000 +0.000 +0.000 +0.000
 +0.000 +0.000 +0.000 +0.000 +0.000 +0.000 +0.000 +0.000 +0.000 +0.000
 +0.000 +0.000 +0.000 +0.000 +0.000 +0.000 +0.000 +0.000 +0.000 +0.000
 +0.000 +0.000 +0.000 +0.000 +0.000 +0.000 +0.000 +0.000 +0.000 +0.000
 +0.000 +0.000 +0.000 +0.000 +0.000 +0.000 +0.000 +0.000 +0.000 +0.000
 +0.000 +0.000 +0.000 +0.000 +0.000 +0.000 +0.000 +0.000 +0.000 +0.000
 +0.000 +0.000 +0.000 +0.000 +0.000 +0.000 +0.000 +0.000 +0.000 +0.000
 +0.000 +0.000 +0.000 +0.000 +0.000 +0.000 +0.000 +0.000 +0.000 +0.000
 +0.000 +0.000 +0.000 +0.000 +0.000 +0.000 +0.000 +0.000 +0.000 +0.000
 +0.000 +0.000 +0.000 +0.000 +0.000 +0.000 +0.000 +0.000 +0.000 +0.000
 +0.000 +0.000 +0.000 +0.000 +0.000 +0.000 +0.000 +0.000 +0.000 +0.000
 +0.000 +0.000 +0.000 +0.000 +0.000 +0.000 +0.000 +0.000 +0.000 +0.000
 +0.000 +0.000 +0.000 +0.000 +0.000 +0.000 +0.000 +0.000 +0.000 +0.000
 +0.000 +0.000 +0.000 +0.000 +0.000 +0.000 +0.000 +0.000 +0.000 +0.000
 +0.000 +0.000 +0.000 +0.000 +0.000 +0.000 +0.000 +0.000 +0.000 +0.000
 +0.000 +0.000 +0.000 +0.000 +0.000 +0.000 +0.000 +0.000 +0.000 +0.000
 +0.000 +0.000 +0.000 +0.000 +0.000 +0.000 +0.000 +0.000 +0.000 +0.000
 +0.000 +0.000 +0.000 +0.000 +0.000 +0.000 +0.000 +0.000 +0.000 +0.000
 +0.000 +0.000 +0.000 +0.000 +0.000 +0.000 +0.000 +0.000 +0.000 +0.000
 +0.000 +0.000 +0.000 +1.709 +0.000 +0.000 +0.000 +0.000 +0.000 +0.000
 +0.000 +0.000 +0.000 +0.000 +0.000 +0.000 +0.000 +0.000 +0.000 +0.000
 +0.000 +0.000 +0.000 +0.000 +0.000 +0.000 +0.000 +0.000 +0.000 +0.000
 +0.000 +0.000 +0.000 +0.000 +0.000 +0.000 +0.000 +0.000 +0.000 +0.000
 +0.000 +0.000 +0.000 +0.000 +0.000 +0.000 +0.000 +0.000 +0.000 +0.000
 +0.000 +0.000 +0.000 +0.000 +0.000 +0.000 +0.000 +0.000 +0.000 +0.000
 +0.000 +0.000 +0.000 +0.000 +0.000 +0.000 +0.000 +0.000 +0.000 +0.000
 +0.000 +0.000 +0.000 +0.000 +0.000 +0.000 +0.000 +0.000 +0.000 +0.000
 +0.000 +0.000 +0.000 +0.000 +0.000 +0.000 +0.000 +0.000 +0.000 +0.000
 +0.000 +0.000 +0.000 +0.000 +0.000 +0.000 +0.000 +0.000 +0.000 +0.000
 +0.000 +0.000 +0.000 +0.000 +0.000 +0.000 +0.000 +0.000 +0.000 +0.000
 +0.000 +0.000 +0.000 +0.000 +0.000 +0.000 +0.000 +0.000 +0.000 +0.000
 +0.000 +0.000 +0.000 +0.000 +0.000 +0.000 +0.000 +0.000 +0.000 +0.000
 +0.000 +0.000 +0.000 +0.000 +0.000 +0.000 +0.000 +0.000 +0.000 +0.000
 +0.000 +0.000 +0.000 +0.000 +0.000 +0.000 +0.000 +0.000 +0.000 +0.000
 +0.000 +0.000 +0.000 +0.000 +0.000 +0.000 +0.000 +0.000 +0.000 +0.000
 +0.000 +0.000 +0.000 +0.000 +0.000 +0.000 +0.000 +0.000 +0.000 +0.000
 +0.000 +0.000 +0.000 +0.000 +0.000 +0.000 +0.000 +0.000 +0.000 +0.000
 +0.000 +0.000 +0.000 +0.000 +0.000 +0.000 +0.000 +0.000 +0.000 +0.000
 +0.000 +0.000 +0.000 +0.000 +0.000 +0.000 +0.000 +0.000 +0.000 +0.000
 +0.000 +0.000 +0.000 +0.000 +0.000 +0.000 +0.000 +0.000 +0.000 +0.000
 +0.000 +0.000 +0.000 +0.000 +0.000 +0.000 +0.000 +0.000 +0.000 +0.000
 +0.000 +0.000 +0.000 +0.000 +0.000 +0.000 +0.000 +0.000 +0.000 +0.000
 +0.000 +0.000 +0.000 +0.000 +0.000 +0.000 +0.000 +0.000 +0.000 +0.000
 +0.000 +0.000 +0.000 +0.000 +0.000 +0.000 +0.000 +0.000 +0.000 +0.000
 +0.000 +0.000 +0.000 +0.000 +0.000 +0.000 +0.000 +0.000 +0.000 +0.000
 +0.000 +0.000 +0.000 +0.000 +0.000 +0.000 +0.000 +0.000 +0.000 +0.000
 +0.000 +0.000 +0.000 +0.000 +0.000 +0.000 +0.000 +0.000 +0.000 +0.000
 +0.000 +0.000 +0.000 +0.000 +0.000 +0.000 +0.000 +0.000 +0.000 +0.000
 +0.000 +0.000 +0.000 +0.000 +0.000 +0.000 +0.000 +0.000 +0.000 +0.000
 +0.000 +0.000 +0.000 +0.000 +0.000 +0.000 +0.000 +0.000 +0.000 +0.000
 +0.000 +0.000 +0.000 +0.000 +0.000 +0.000 +0.000 +0.000 +0.000 +0.000
 +0.000 +0.000 +0.000 +0.000 +0.000 +0.000 +0.000 +0.000 +0.000 +0.000
 +0.000 +0.000 +0.000 +0.000 +0.000 +0.000 +0.000 +0.000 +0.000 +0.000
 +0.000 +0.000 +0.000 +0.000 +0.000 +0.000 +0.000 +0.000 +0.000 +0.000
 +0.000 +0.000 +0.000 +0.000 +0.000 +0.000 +0.000 +0.000 +0.000 +0.000
 +0.000 +0.000 +0.000 +0.000 +0.000 +0.000 +0.000 +0.000 +0.000 +0.000
 +0.000 +0.000 +0.000 +0.000 +0.000 +0.000 +0.000 +0.000 +0.000 +0.000
 +0.000 +0.000 +0.000 +0.000 +0.000 +0.000 +0.000 +0.000 +0.000 +0.000
 +0.000 +0.000 +0.000 +0.000 +0.000 +0.000 +0.000 +0.000 +0.000 +0.000
 +0.000 +0.000 +0.000 +0.000 +0.000 +0.000 +0.000 +0.000 +0.000 +0.000]
Dual variables:     [+0.748 -1.855]

Primal objective:   -1.40587365e+00
Dual objective:     1.60380585e-01 

Primal residual:    7.92e-01
Dual residual:      7.61e-04
Complementraty:     3.96e-01

Number of Iter:     27
Run time:           16.55
