
--------------- Linear optimization problem characteristics ---------------
Seed:                    64
Number of variables:     50
Number of constraints:   2

Norm of primal sol:      2.00e+00
Norm of dual sol:        2.00e+00
Norm of dual slacks:     2.00e+00

Norm of vector b:        5.83e-01
Norm of vector c:        2.07e+00

Norm of matrix A:        1.00e+00
Condition number:        2.00e+00

----------------------- Linear optimization problem -----------------------
Coeff matrix A:          [[-0.033 -0.050 +0.038 -0.076 -0.093 +0.208 +0.137 +0.178 -0.158 -0.019
 +0.112 +0.018 +0.125 -0.212 +0.049 -0.145 +0.008 -0.193 +0.057 -0.006
 -0.199 -0.192 +0.140 -0.060 -0.187 -0.187 +0.106 +0.194 -0.007 -0.138
 +0.019 -0.022 -0.132 -0.086 -0.102 -0.077 -0.058 +0.062 +0.157 +0.044
 +0.029 -0.220 -0.066 +0.121 +0.056 -0.029 -0.162 -0.088 -0.133 +0.077]
                          [-0.115 +0.105 +0.086 -0.070 -0.140 +0.160 +0.140 -0.009 -0.018 -0.018
 -0.111 +0.127 +0.058 -0.180 +0.056 +0.048 -0.042 -0.134 -0.153 -0.034
 -0.161 -0.081 +0.100 -0.069 -0.029 -0.109 -0.064 +0.110 -0.083 -0.067
 +0.139 -0.088 -0.020 +0.075 -0.146 +0.030 -0.100 -0.073 +0.172 -0.029
 -0.132 -0.205 -0.044 +0.187 +0.043 +0.080 -0.005 -0.142 -0.041 -0.022]]

RHS vector b:            [-0.434 -0.390]
Obj vector c:            [-0.112 +0.217 +0.065 +0.012 -0.062 -0.075 -0.001 -0.267 +0.201 +0.002
 -0.316 +0.151 -0.097 +0.051 +0.008 +0.275 -0.070 +0.088 -0.295 -0.039
 +0.060 +0.162 +0.170 -0.011 +0.227 +0.116 -0.240 -0.125 -0.106 +0.104
 +0.166 -0.091 +0.161 +0.227 -0.058 +0.151 -0.056 +1.796 +0.016 -0.104
 -0.226 +0.028 +0.033 +0.087 -0.020 +0.153 +0.224 -0.072 +0.133 -0.142]

---------------------------- Optimal solution -----------------------------
Primal variables:         [+0.220 +0.330 +0.346 +0.261 +0.266 +0.181 +0.182 +0.171 +0.308 +0.230
 +0.418 +0.319 +0.338 +0.097 +0.017 +0.121 +0.013 +0.369 +0.130 +0.231
 +0.360 +0.001 +0.000 +0.219 +0.126 +0.235 +0.503 +0.149 +0.349 +0.132
 +0.120 +0.102 +0.516 +0.390 +0.218 +0.010 +0.205 +0.000 +0.246 +0.229
 +0.331 +0.334 +0.362 +0.145 +0.076 +0.142 +0.575 +0.556 +0.414 +0.446]
Dual slacks:              [+0.000 +0.000 +0.000 +0.000 +0.000 +0.000 +0.000 +0.000 +0.000 +0.000
 +0.000 +0.000 +0.000 +0.000 +0.000 +0.000 +0.000 +0.000 +0.000 +0.000
 +0.000 +0.000 +0.232 +0.000 +0.000 +0.000 +0.000 +0.000 +0.000 +0.000
 +0.000 +0.000 +0.000 +0.000 +0.000 +0.000 +0.000 +1.987 +0.000 +0.000
 +0.000 +0.000 +0.000 +0.000 +0.000 +0.000 +0.000 +0.000 +0.000 +0.000]
Dual variables:           [-1.432 +1.396]

Optimal objective:       +7.79961858e-02
===========================================================================

Method:                  II-QIPM
LO_Precision:            1.00e-01
Stop_Precision:          1.00e-03
LO_Verbosity:            2
Omega:                   1.00e+01

The Quantum Inexact Infeasible Interior-Point Method starts running ...


                  Objective                Residual                                Linear system           Step-length
Iter      Primal           Dual         Primal    Dual     Compl    ||Resl||  Cond-Num  ||M||   ||RHS||    a-star   a-hat      Time
   0   2.26022134e+01 -5.60812032e+00  6.42e+00 2.99e+01  2.25e+03  2.51e-15  4.00e+00 1.00e+00 1.65e+01  6.95e-01 5.75e-01      0s
   1   2.15343501e+01 -4.73218211e+00  5.19e+00 2.42e+01  1.86e+03 *5.08e-03  4.75e+00 2.94e+00 2.31e+01  7.75e-01 1.91e-01      1s
   2   2.00562060e+01 -3.72944605e+00  3.95e+00 1.84e+01  1.45e+03 *4.55e-04  4.99e+00 3.92e+00 2.82e+01  8.21e-01 2.39e-01      1s
   3   1.78221097e+01 -2.57686855e+00  2.66e+00 1.24e+01  1.01e+03 *2.50e-02  5.27e+00 5.60e+00 3.38e+01  8.73e-01 3.27e-01      1s
   4   1.41198645e+01 -1.32256477e+00  1.36e+00 6.35e+00  5.45e+02 *1.31e-02  5.57e+00 9.15e+00 4.03e+01  9.31e-01 4.88e-01      1s
   5   7.74043990e+00 -2.01589916e-01  2.72e-01 1.26e+00  1.21e+02 *7.45e-04  5.86e+00 1.99e+01 4.79e+01  9.71e-01 8.01e-01      1s
   6   1.73685901e+00  7.07665235e-02  1.18e-02 4.56e-02  6.11e+00 *7.39e-03  5.89e+00 1.11e+02 5.47e+01  9.91e-01 9.64e-01      1s
   7  -9.56627269e-01  7.77074587e-02  6.11e-01 1.86e-03  3.11e-01 *6.38e-01  4.53e+00 2.75e+03 3.74e+01  9.95e-01 9.59e-01      2s
   8  -9.96437430e-02  7.79757796e-02  9.76e-02 1.33e-04  2.54e-02 *5.83e-02  4.75e+00 7.44e+04 3.83e+01  9.78e-01 9.29e-01      2s

The algorithm stopped after 9 iterations in 1.81 seconds.

Primal variables:   [+15.940 +18.469 +20.783 +15.626 +14.542 +35.224 +27.006 +24.780 +14.728
 +17.511 +19.748 +20.855 +23.744 +12.322 +20.599 +15.669 +17.813 +13.020
 +17.508 +17.601 +12.682 +13.562 +0.022 +15.963 +14.145 +13.352 +20.353
 +30.394 +16.901 +14.545 +21.131 +16.498 +15.159 +17.192 +14.325 +16.824
 +15.623 +0.002 +29.990 +18.973 +17.082 +11.984 +16.129 +27.674 +20.586
 +18.656 +14.805 +14.595 +14.914 +20.118]
Dual slacks:        [+0.000 +0.000 +0.000 +0.000 +0.000 +0.000 +0.000 +0.000 +0.000 +0.000
 +0.000 +0.000 +0.000 +0.000 +0.000 +0.000 +0.000 +0.000 +0.000 +0.000
 +0.000 +0.000 +0.232 +0.000 +0.000 +0.000 +0.000 +0.000 +0.000 +0.000
 +0.000 +0.000 +0.000 +0.000 +0.000 +0.000 +0.000 +1.987 +0.000 +0.000
 +0.000 +0.000 +0.000 +0.000 +0.000 +0.000 +0.000 +0.000 +0.000 +0.000]
Dual variables:     [-1.432 +1.396]

Primal objective:   -9.96437430e-02
Dual objective:     7.79757796e-02 

Primal residual:    9.76e-02
Dual residual:      1.33e-04
Complementraty:     2.54e-02

Number of Iter:     9
Run time:           1.81
