
--------------- Linear optimization problem characteristics ---------------
Seed:                    11
Number of variables:     200
Number of constraints:   2

Norm of primal sol:      2.00e+00
Norm of dual sol:        2.00e+00
Norm of dual slacks:     2.00e+00

Norm of vector b:        1.26e-01
Norm of vector c:        2.46e+00

Norm of matrix A:        1.00e+00
Condition number:        2.00e+00

----------------------- Linear optimization problem -----------------------
Coeff matrix A:          [[-0.079 +0.088 +0.001 +0.017 +0.077 +0.031 +0.081 -0.042 -0.001 -0.041
 +0.079 +0.077 -0.104 +0.037 -0.074 -0.023 +0.084 +0.001 +0.029 -0.073
 -0.037 -0.029 -0.043 +0.046 +0.002 +0.020 +0.011 +0.015 -0.071 +0.061
 -0.098 -0.074 +0.037 -0.052 -0.082 -0.097 +0.007 +0.015 -0.006 +0.031
 -0.058 -0.063 +0.014 -0.031 +0.102 -0.092 +0.087 -0.031 -0.008 +0.009
 -0.030 +0.084 -0.064 +0.028 +0.052 +0.021 +0.030 +0.022 -0.062 -0.023
 -0.082 +0.033 +0.079 +0.017 -0.049 +0.055 +0.108 +0.054 -0.112 -0.067
 +0.060 +0.034 -0.042 -0.002 +0.047 +0.020 -0.078 -0.023 -0.058 +0.025
 +0.092 +0.027 +0.003 -0.018 -0.074 +0.061 -0.001 -0.076 -0.025 +0.044
 +0.098 +0.081 +0.088 +0.085 -0.063 +0.068 +0.072 +0.015 -0.040 -0.045
 +0.069 +0.103 +0.070 +0.015 -0.020 -0.037 +0.025 -0.120 -0.001 -0.012
 -0.047 -0.024 -0.087 +0.121 +0.024 -0.121 -0.110 +0.027 +0.054 -0.049
 +0.047 +0.092 +0.061 +0.029 -0.049 +0.023 +0.043 +0.011 -0.033 -0.001
 -0.036 +0.019 -0.053 +0.026 -0.105 +0.014 +0.038 -0.032 -0.011 -0.072
 -0.106 +0.061 +0.001 -0.040 +0.034 -0.030 +0.076 -0.003 -0.025 +0.073
 +0.048 +0.003 +0.065 -0.043 +0.084 +0.024 +0.065 +0.039 +0.022 +0.068
 -0.097 -0.057 +0.041 -0.011 -0.104 +0.037 +0.075 -0.088 +0.002 -0.007
 +0.062 +0.031 +0.061 +0.100 +0.033 +0.060 -0.061 +0.020 -0.085 +0.079
 -0.024 -0.027 +0.080 +0.027 -0.013 -0.014 +0.006 +0.100 +0.006 +0.031
 +0.021 +0.026 -0.088 -0.063 -0.034 +0.042 +0.037 -0.105 -0.071 -0.109]
                          [-0.097 +0.099 -0.028 -0.043 +0.074 -0.020 +0.035 -0.016 +0.052 +0.015
 +0.044 -0.000 -0.092 +0.025 -0.020 -0.047 +0.023 -0.049 -0.011 +0.013
 -0.061 -0.008 +0.057 +0.090 +0.006 +0.032 -0.066 -0.022 -0.095 +0.025
 -0.049 +0.023 -0.036 -0.039 -0.009 -0.081 +0.028 -0.010 -0.064 +0.004
 -0.026 -0.031 +0.024 -0.070 +0.080 -0.089 +0.095 -0.031 +0.039 -0.052
 -0.034 +0.013 +0.015 +0.028 +0.034 +0.003 +0.024 -0.061 -0.065 +0.013
 -0.017 -0.068 +0.072 +0.003 -0.083 +0.073 +0.067 +0.045 -0.095 -0.056
 -0.030 -0.062 +0.039 +0.078 +0.073 -0.074 -0.061 +0.065 -0.059 -0.035
 +0.040 -0.061 -0.010 +0.006 -0.089 +0.059 +0.064 -0.086 -0.031 +0.063
 +0.054 +0.069 +0.067 -0.003 -0.053 +0.039 +0.002 -0.070 -0.001 +0.041
 +0.066 +0.103 -0.041 +0.064 +0.041 +0.009 +0.049 -0.105 -0.034 +0.017
 +0.054 +0.063 -0.068 +0.107 +0.020 -0.108 -0.086 -0.005 +0.009 -0.051
 -0.014 +0.064 +0.063 +0.030 +0.045 +0.030 -0.028 -0.073 +0.042 -0.015
 -0.045 -0.009 +0.042 +0.028 -0.076 +0.040 -0.051 +0.070 +0.050 -0.015
 -0.070 -0.049 -0.039 -0.075 -0.049 -0.088 +0.088 +0.029 +0.019 -0.002
 +0.016 +0.036 -0.013 +0.068 +0.006 +0.074 -0.029 +0.035 +0.026 +0.064
 -0.051 -0.003 -0.013 +0.042 -0.073 +0.044 +0.085 -0.077 -0.043 +0.010
 +0.076 -0.041 +0.002 +0.058 +0.071 +0.058 -0.043 -0.052 -0.003 +0.059
 +0.011 +0.056 +0.012 +0.044 -0.014 +0.041 +0.054 +0.104 -0.077 +0.045
 +0.040 -0.026 -0.087 -0.043 +0.014 +0.044 +0.078 -0.062 +0.003 -0.110]]

RHS vector b:            [+0.121 +0.034]
Obj vector c:            [+0.511 -0.140 -0.011 -0.048 -0.126 -0.068 -0.148 +0.078 +0.020 +0.085
 -0.140 -0.151 +0.174 -0.064 +0.138 +0.030 -0.159 -0.019 -0.060 +0.148
 +0.051 +0.054 +0.104 -0.061 -0.002 -0.028 -0.044 -0.037 +0.109 -0.113
 +0.176 +0.154 -0.086 +0.089 +0.158 +0.164 -0.004 -0.033 -0.010 -0.060
 +0.105 +0.114 -0.019 +0.037 -0.174 +0.152 -0.140 +0.051 +0.029 -0.035
 +0.047 -0.160 +0.131 -0.045 -0.090 -0.041 -0.050 -0.063 +0.101 +0.049
 +0.157 -0.088 -0.131 -0.032 +0.068 -0.084 -0.191 -0.091 +0.189 +0.114
 -0.129 -0.089 +0.096 +0.030 -0.067 -0.065 +0.134 +0.067 +0.094 -0.061
 -0.167 -0.073 -0.009 +0.037 +0.115 -0.099 +0.024 +0.120 +0.039 -0.066
 -0.174 -0.137 -0.150 -0.169 +0.105 -0.121 -0.141 -0.054 +0.079 +0.102
 -0.114 -0.168 -0.151 -0.009 +0.054 +0.076 -0.033 +0.201 -0.009 +0.029
 +0.111 +0.068 +0.148 -0.201 -0.041 +0.203 +0.187 +1.906 -0.104 +0.080
 -0.098 -0.160 -0.099 -0.046 +0.112 -0.034 -0.094 -0.047 +0.079 -0.003
 +0.055 -0.041 +0.118 -0.041 +0.181 -0.014 -0.093 +0.086 +0.039 +0.137
 +0.186 -0.137 -0.016 +0.053 -0.083 +0.029 -0.120 +0.016 +0.055 -0.145
 -0.089 +0.005 -0.133 +0.108 -0.164 -0.022 -0.138 -0.065 -0.035 -0.113
 +0.174 +0.112 -0.085 +0.036 +0.181 -0.059 -0.119 +0.148 -0.019 +0.017
 -0.096 -0.075 -0.119 -0.176 -0.042 -0.098 +0.105 -0.058 +0.166 -0.136
 +0.051 +0.072 -0.153 -0.039 +0.020 +0.042 +0.006 -0.162 -0.038 -0.046
 -0.027 -0.061 +0.144 +0.109 +0.072 -0.068 -0.046 +0.186 +0.141 +0.178]

---------------------------- Optimal solution -----------------------------
Primal variables:         [+0.000 +0.005 +0.111 +0.174 +0.101 +0.116 +0.003 +0.117 +0.226 +0.204
 +0.175 +0.026 +0.214 +0.205 +0.040 +0.152 +0.005 +0.028 +0.076 +0.038
 +0.182 +0.196 +0.083 +0.076 +0.027 +0.020 +0.171 +0.144 +0.013 +0.115
 +0.096 +0.203 +0.172 +0.144 +0.132 +0.228 +0.237 +0.081 +0.058 +0.191
 +0.015 +0.087 +0.017 +0.077 +0.017 +0.070 +0.189 +0.217 +0.190 +0.135
 +0.148 +0.087 +0.040 +0.105 +0.176 +0.015 +0.005 +0.185 +0.072 +0.168
 +0.176 +0.224 +0.096 +0.086 +0.193 +0.183 +0.156 +0.194 +0.154 +0.230
 +0.080 +0.177 +0.228 +0.080 +0.147 +0.088 +0.111 +0.018 +0.005 +0.182
 +0.109 +0.149 +0.177 +0.100 +0.088 +0.041 +0.190 +0.200 +0.176 +0.210
 +0.155 +0.167 +0.046 +0.184 +0.080 +0.105 +0.076 +0.136 +0.158 +0.138
 +0.076 +0.052 +0.203 +0.072 +0.105 +0.022 +0.072 +0.021 +0.082 +0.170
 +0.233 +0.150 +0.065 +0.157 +0.150 +0.198 +0.128 +0.000 +0.100 +0.069
 +0.124 +0.221 +0.174 +0.118 +0.119 +0.156 +0.107 +0.132 +0.233 +0.224
 +0.202 +0.030 +0.133 +0.088 +0.219 +0.075 +0.223 +0.057 +0.101 +0.230
 +0.143 +0.223 +0.129 +0.055 +0.171 +0.125 +0.121 +0.033 +0.035 +0.223
 +0.229 +0.232 +0.086 +0.011 +0.133 +0.177 +0.155 +0.013 +0.056 +0.169
 +0.013 +0.203 +0.237 +0.059 +0.013 +0.235 +0.184 +0.109 +0.115 +0.219
 +0.085 +0.013 +0.147 +0.075 +0.163 +0.227 +0.086 +0.059 +0.013 +0.199
 +0.019 +0.228 +0.169 +0.219 +0.195 +0.046 +0.042 +0.230 +0.070 +0.190
 +0.041 +0.072 +0.161 +0.060 +0.180 +0.211 +0.077 +0.072 +0.007 +0.101]
Dual slacks:              [+0.388 +0.000 +0.000 +0.000 +0.000 +0.000 +0.000 +0.000 +0.000 +0.000
 +0.000 +0.000 +0.000 +0.000 +0.000 +0.000 +0.000 +0.000 +0.000 +0.000
 +0.000 +0.000 +0.000 +0.000 +0.000 +0.000 +0.000 +0.000 +0.000 +0.000
 +0.000 +0.000 +0.000 +0.000 +0.000 +0.000 +0.000 +0.000 +0.000 +0.000
 +0.000 +0.000 +0.000 +0.000 +0.000 +0.000 +0.000 +0.000 +0.000 +0.000
 +0.000 +0.000 +0.000 +0.000 +0.000 +0.000 +0.000 +0.000 +0.000 +0.000
 +0.000 +0.000 +0.000 +0.000 +0.000 +0.000 +0.000 +0.000 +0.000 +0.000
 +0.000 +0.000 +0.000 +0.000 +0.000 +0.000 +0.000 +0.000 +0.000 +0.000
 +0.000 +0.000 +0.000 +0.000 +0.000 +0.000 +0.000 +0.000 +0.000 +0.000
 +0.000 +0.000 +0.000 +0.000 +0.000 +0.000 +0.000 +0.000 +0.000 +0.000
 +0.000 +0.000 +0.000 +0.000 +0.000 +0.000 +0.000 +0.000 +0.000 +0.000
 +0.000 +0.000 +0.000 +0.000 +0.000 +0.000 +0.000 +1.962 +0.000 +0.000
 +0.000 +0.000 +0.000 +0.000 +0.000 +0.000 +0.000 +0.000 +0.000 +0.000
 +0.000 +0.000 +0.000 +0.000 +0.000 +0.000 +0.000 +0.000 +0.000 +0.000
 +0.000 +0.000 +0.000 +0.000 +0.000 +0.000 +0.000 +0.000 +0.000 +0.000
 +0.000 +0.000 +0.000 +0.000 +0.000 +0.000 +0.000 +0.000 +0.000 +0.000
 +0.000 +0.000 +0.000 +0.000 +0.000 +0.000 +0.000 +0.000 +0.000 +0.000
 +0.000 +0.000 +0.000 +0.000 +0.000 +0.000 +0.000 +0.000 +0.000 +0.000
 +0.000 +0.000 +0.000 +0.000 +0.000 +0.000 +0.000 +0.000 +0.000 +0.000
 +0.000 +0.000 +0.000 +0.000 +0.000 +0.000 +0.000 +0.000 +0.000 +0.000]
Dual variables:           [-1.971 +0.339]

Optimal objective:       -2.27742497e-01
===========================================================================

Method:                  II-QIPM
LO_Precision:            1.00e-01
Stop_Precision:          1.00e-03
LO_Verbosity:            2
Omega:                   1.00e+01

The Quantum Inexact Infeasible Interior-Point Method starts running ...


                  Objective                Residual                                Linear system           Step-length
Iter      Primal           Dual         Primal    Dual     Compl    ||Resl||  Cond-Num  ||M||   ||RHS||    a-star   a-hat      Time
   0   2.04868743e+01 -1.05218174e+00  5.68e-01 1.76e+01  2.73e+03 *4.97e-15  4.00e+00 1.00e+00 6.33e+00  9.30e-01 8.75e-01      0s
   1   1.24345956e+01 -2.25672126e-01  1.47e+00 8.02e-01  1.46e+02  1.54e+00  4.38e+00 1.08e+01 5.03e+01  9.72e-01 9.54e-01      1s
   2   7.25791612e+00 -2.25672126e-01  8.18e+00 6.71e-01  1.24e+02  4.39e+01  3.85e+00 2.23e+02 4.39e+01  5.70e-01 1.64e-01      1s
   3   5.69592935e+00 -2.25672126e-01  1.06e+01 6.42e-01  1.19e+02  6.51e+01  3.84e+00 2.94e+02 6.51e+01  4.86e-01 4.30e-02      1s
   4   4.27743354e+00 -2.25672126e-01  1.29e+01 6.18e-01  1.15e+02  7.26e+01  3.85e+00 3.19e+02 7.26e+01  4.62e-01 3.71e-02      1s
   5   2.95801563e+00 -2.25672126e-01  1.51e+01 5.98e-01  1.11e+02  7.99e+01  3.85e+00 3.43e+02 7.99e+01  4.42e-01 3.29e-02      2s
   6   1.72153992e+00 -2.25672126e-01  1.72e+01 5.80e-01  1.08e+02  8.72e+01  3.86e+00 3.68e+02 8.72e+01  4.23e-01 2.93e-02      2s
   7   5.55643966e-01 -2.25672126e-01  1.92e+01 5.65e-01  1.06e+02  9.44e+01  3.87e+00 3.92e+02 9.44e+01  4.05e-01 2.63e-02      2s
   8  -5.48000894e-01 -2.25672126e-01  2.12e+01 5.51e-01  1.03e+02  1.02e+02  3.88e+00 4.17e+02 1.02e+02  3.89e-01 2.38e-02      3s
   9  -1.59659869e+00 -2.25672126e-01  2.31e+01 5.40e-01  1.01e+02  1.09e+02  3.89e+00 4.42e+02 1.09e+02  3.74e-01 2.16e-02      3s
  10  -2.59744334e+00 -2.25672126e-01  2.49e+01 5.29e-01  9.97e+01  1.16e+02  3.90e+00 4.68e+02 1.16e+02  3.61e-01 1.96e-02      3s
  11  -3.55600528e+00 -2.25672126e-01  2.67e+01 5.19e-01  9.80e+01  1.23e+02  3.92e+00 4.93e+02 1.23e+02  3.48e-01 1.80e-02      4s
  12  -4.47531347e+00 -2.25672126e-01  2.84e+01 5.11e-01  9.66e+01  1.30e+02  3.94e+00 5.19e+02 1.30e+02  3.36e-01 1.65e-02      4s
  13  -5.36074441e+00 -2.25672126e-01  3.01e+01 5.03e-01  9.52e+01  1.38e+02  3.95e+00 5.45e+02 1.38e+02  3.25e-01 1.52e-02      4s
  14  -6.21458665e+00 -2.25672126e-01  3.17e+01 4.96e-01  9.40e+01  1.45e+02  3.97e+00 5.72e+02 1.45e+02  3.14e-01 1.41e-02      5s
  15  -7.03974758e+00 -2.25672126e-01  3.32e+01 4.90e-01  9.29e+01  1.52e+02  3.99e+00 5.98e+02 1.52e+02  3.04e-01 1.30e-02      5s
  16  -1.05688753e+00 -2.27944911e-01  6.46e+00 9.51e-02  1.98e+01 *6.94e-02  4.01e+00 6.25e+02 1.59e+02  8.62e-01 8.06e-01      5s
  17  -9.94371526e-01 -2.27812344e-01  2.56e+00 3.77e-02  8.34e+00  3.91e-01  4.11e+00 2.14e+03 3.33e+01  9.46e-01 6.04e-01      6s
  18  -1.62060196e+00 -2.27736672e-01  7.19e-01 1.48e-03  3.67e-01  7.36e-01  4.13e+00 6.05e+03 4.82e+01  9.87e-01 9.61e-01      6s
  19  -1.64795851e+00 -2.27736672e-01  7.32e-01 1.47e-03  3.66e-01  6.07e+00  3.93e+00 1.49e+05 6.07e+00  9.53e-01 2.71e-03      7s
  20  -1.64797504e+00 -2.27736672e-01  7.32e-01 1.47e-03  3.66e-01  6.10e+00  3.93e+00 1.49e+05 6.10e+00  9.53e-01 1.63e-06      8s

The solution quality is limited by the precision of the linear system solver.

The algorithm stopped after 21 iterations in 8.21 seconds.

Primal variables:   [+0.041 +12.467 +15.739 +15.561 +15.685 +15.471 +15.457 +16.400 +16.588
 +16.897 +15.609 +15.124 +16.863 +15.885 +16.878 +15.922 +15.265 +15.704
 +15.551 +17.558 +16.059 +16.309 +16.329 +12.587 +16.070 +16.219 +15.760
 +15.620 +16.620 +15.560 +16.911 +17.757 +15.383 +16.285 +17.279 +16.723
 +16.346 +15.716 +15.833 +15.678 +16.505 +16.524 +16.190 +16.058 +15.434
 +16.720 +13.705 +16.084 +16.699 +15.651 +16.041 +15.162 +17.369 +16.053
 +15.812 +15.783 +15.965 +15.631 +16.313 +16.548 +17.125 +15.670 +15.712
 +15.834 +16.319 +15.758 +15.503 +15.940 +16.972 +16.379 +15.190 +15.579
 +17.189 +13.016 +15.698 +15.827 +16.504 +15.555 +16.262 +15.487 +15.396
 +15.603 +15.862 +16.364 +16.564 +15.964 +16.074 +16.546 +16.011 +16.082
 +15.509 +15.748 +15.704 +15.024 +16.335 +15.676 +15.190 +15.788 +16.610
 +17.215 +15.867 +12.223 +15.166 +16.114 +16.876 +16.729 +16.325 +17.151
 +15.732 +16.450 +16.635 +15.764 +16.594 +12.260 +15.974 +17.209 +16.899
 +0.011 +15.449 +16.184 +15.334 +15.655 +15.952 +16.062 +17.183 +16.149
 +15.332 +15.848 +17.045 +15.859 +16.056 +15.675 +17.299 +16.072 +16.831
 +16.402 +15.440 +13.548 +16.701 +16.937 +16.876 +15.280 +15.697 +16.163
 +15.457 +16.293 +14.587 +16.507 +16.695 +15.147 +15.615 +16.503 +15.169
 +13.527 +15.094 +15.377 +15.152 +15.995 +16.091 +15.882 +16.869 +16.864
 +15.411 +16.753 +16.825 +16.133 +14.994 +16.612 +15.685 +16.260 +15.620
 +15.443 +15.313 +15.534 +15.762 +15.970 +16.370 +15.571 +17.486 +15.767
 +16.546 +16.546 +15.194 +16.263 +16.015 +16.794 +16.496 +11.656 +15.931
 +16.229 +16.308 +15.491 +16.658 +16.391 +16.761 +16.081 +15.126 +16.901
 +17.289 +17.135]
Dual slacks:        [+0.388 +0.000 +0.000 +0.000 +0.000 +0.000 +0.000 +0.000 +0.000 +0.000
 +0.000 +0.000 +0.000 +0.000 +0.000 +0.000 +0.000 +0.000 +0.000 +0.000
 +0.000 +0.000 +0.000 +0.000 +0.000 +0.000 +0.000 +0.000 +0.000 +0.000
 +0.000 +0.000 +0.000 +0.000 +0.000 +0.000 +0.000 +0.000 +0.000 +0.000
 +0.000 +0.000 +0.000 +0.000 +0.000 +0.000 +0.000 +0.000 +0.000 +0.000
 +0.000 +0.000 +0.000 +0.000 +0.000 +0.000 +0.000 +0.000 +0.000 +0.000
 +0.000 +0.000 +0.000 +0.000 +0.000 +0.000 +0.000 +0.000 +0.000 +0.000
 +0.000 +0.000 +0.000 +0.000 +0.000 +0.000 +0.000 +0.000 +0.000 +0.000
 +0.000 +0.000 +0.000 +0.000 +0.000 +0.000 +0.000 +0.000 +0.000 +0.000
 +0.000 +0.000 +0.000 +0.000 +0.000 +0.000 +0.000 +0.000 +0.000 +0.000
 +0.000 +0.000 +0.000 +0.000 +0.000 +0.000 +0.000 +0.000 +0.000 +0.000
 +0.000 +0.000 +0.000 +0.000 +0.000 +0.000 +0.000 +1.962 +0.000 +0.000
 +0.000 +0.000 +0.000 +0.000 +0.000 +0.000 +0.000 +0.000 +0.000 +0.000
 +0.000 +0.000 +0.000 +0.000 +0.000 +0.000 +0.000 +0.000 +0.000 +0.000
 +0.000 +0.000 +0.000 +0.000 +0.000 +0.000 +0.000 +0.000 +0.000 +0.000
 +0.000 +0.000 +0.000 +0.000 +0.000 +0.000 +0.000 +0.000 +0.000 +0.000
 +0.000 +0.000 +0.000 +0.000 +0.000 +0.000 +0.000 +0.000 +0.000 +0.000
 +0.000 +0.000 +0.000 +0.000 +0.000 +0.000 +0.000 +0.000 +0.000 +0.000
 +0.000 +0.000 +0.000 +0.000 +0.000 +0.000 +0.000 +0.000 +0.000 +0.000
 +0.000 +0.000 +0.000 +0.000 +0.000 +0.000 +0.000 +0.000 +0.000 +0.000]
Dual variables:     [-1.971 +0.339]

Primal objective:   -1.64797504e+00
Dual objective:     -2.27736672e-01

Primal residual:    7.32e-01
Dual residual:      1.47e-03
Complementraty:     3.66e-01

Number of Iter:     21
Run time:           8.21
