
--------------- Linear optimization problem characteristics ---------------
Seed:                    68
Number of variables:     200
Number of constraints:   2

Norm of primal sol:      2.00e+00
Norm of dual sol:        2.00e+00
Norm of dual slacks:     2.00e+00

Norm of vector b:        9.68e-03
Norm of vector c:        2.93e+00

Norm of matrix A:        1.00e+00
Condition number:        2.00e+00

----------------------- Linear optimization problem -----------------------
Coeff matrix A:          [[-0.025 +0.011 +0.036 +0.072 +0.022 -0.063 +0.056 +0.028 +0.071 -0.078
 +0.055 -0.023 +0.031 +0.046 -0.070 -0.058 +0.053 +0.022 +0.005 -0.080
 +0.038 +0.008 +0.079 -0.085 -0.001 +0.023 +0.043 +0.077 +0.005 -0.022
 -0.018 +0.030 -0.010 +0.022 -0.038 -0.042 +0.057 -0.005 +0.022 +0.040
 -0.037 +0.056 +0.037 +0.036 -0.063 +0.002 -0.002 -0.043 +0.027 -0.024
 -0.031 +0.019 +0.002 -0.077 -0.027 +0.092 -0.032 -0.000 -0.025 +0.021
 -0.035 -0.043 -0.006 +0.047 -0.046 +0.080 +0.037 +0.044 -0.058 -0.009
 -0.032 -0.025 +0.039 -0.003 -0.003 +0.048 -0.051 +0.057 +0.008 +0.018
 +0.037 -0.083 +0.054 -0.049 +0.003 -0.019 -0.061 +0.001 +0.007 +0.074
 +0.084 +0.022 +0.051 +0.057 +0.086 -0.035 +0.046 -0.032 +0.034 -0.067
 -0.044 -0.027 -0.067 -0.092 -0.008 +0.078 +0.069 -0.049 -0.006 +0.045
 -0.052 +0.009 +0.027 +0.020 -0.050 -0.047 -0.033 -0.065 +0.026 -0.094
 -0.036 -0.004 -0.003 -0.044 +0.005 +0.058 +0.012 -0.065 -0.066 +0.012
 +0.007 -0.072 +0.056 +0.072 -0.039 -0.009 +0.028 -0.088 -0.027 -0.004
 +0.078 -0.036 -0.071 -0.070 +0.016 +0.021 +0.034 +0.019 +0.015 +0.096
 +0.010 -0.080 -0.024 +0.079 +0.097 +0.054 +0.055 +0.076 -0.069 +0.008
 +0.036 -0.044 -0.013 -0.059 -0.010 +0.018 +0.019 -0.021 +0.025 -0.016
 +0.094 +0.080 +0.042 -0.058 -0.081 -0.062 +0.018 +0.040 -0.040 -0.019
 -0.065 -0.040 +0.026 +0.001 +0.053 -0.035 -0.058 -0.044 -0.048 -0.043
 -0.023 -0.007 +0.015 -0.031 -0.067 +0.036 +0.069 +0.034 -0.064 +0.063]
                          [+0.011 -0.024 -0.053 -0.112 +0.036 +0.080 -0.098 -0.004 -0.067 +0.103
 +0.015 +0.068 +0.047 +0.039 -0.022 +0.002 +0.018 -0.088 -0.080 +0.047
 +0.040 +0.036 -0.050 +0.101 +0.044 +0.003 -0.018 -0.027 +0.080 +0.037
 -0.035 +0.039 +0.056 -0.030 -0.078 -0.007 -0.074 +0.046 +0.048 -0.108
 -0.075 -0.091 -0.064 -0.093 -0.011 -0.012 -0.097 -0.018 -0.077 +0.012
 +0.060 -0.066 +0.048 +0.103 -0.056 -0.097 -0.082 +0.097 +0.062 +0.036
 -0.046 -0.055 +0.062 -0.007 -0.015 -0.102 -0.057 -0.029 +0.074 +0.053
 -0.082 +0.094 -0.038 -0.049 -0.008 -0.072 +0.064 +0.051 -0.047 +0.036
 -0.064 +0.079 +0.028 +0.077 +0.077 +0.006 +0.047 +0.052 -0.038 -0.059
 -0.090 -0.037 -0.085 -0.040 -0.083 +0.058 +0.078 +0.021 +0.041 +0.109
 -0.046 -0.037 +0.087 +0.091 +0.012 -0.077 -0.101 -0.055 -0.065 -0.019
 +0.013 +0.006 +0.032 -0.068 +0.091 +0.061 -0.019 +0.001 -0.083 +0.116
 +0.086 +0.038 -0.003 +0.068 -0.044 -0.001 -0.074 +0.087 +0.063 -0.014
 -0.025 +0.065 -0.047 -0.095 -0.057 +0.053 +0.020 +0.110 +0.032 +0.072
 -0.077 +0.031 +0.066 +0.035 -0.031 +0.056 +0.024 -0.099 +0.001 -0.096
 -0.096 +0.025 +0.105 -0.107 -0.111 -0.047 -0.095 -0.081 +0.057 +0.024
 +0.050 +0.082 +0.071 -0.078 +0.002 -0.041 +0.051 -0.081 -0.026 +0.010
 -0.097 -0.061 -0.014 -0.048 +0.036 +0.088 +0.047 +0.002 +0.045 +0.058
 +0.083 +0.007 -0.035 +0.079 +0.058 +0.005 -0.005 +0.102 +0.079 -0.080
 +0.094 +0.052 -0.100 +0.091 +0.026 +0.084 -0.011 +0.024 +0.116 -0.055]]

RHS vector b:            [+0.005 +0.008]
Obj vector c:            [-0.051 +0.049 +0.126 +0.261 -0.020 -0.202 +0.219 +0.044 +0.195 -0.257
 +0.055 -0.130 -0.024 +0.009 -0.066 -0.084 +0.048 +0.156 +0.122 -0.179
 -0.003 -0.041 +0.181 -0.263 -0.064 +0.028 +0.087 +0.146 -0.109 -0.084
 +0.025 -0.014 -0.093 +0.074 +0.059 -0.048 +0.186 -0.072 +0.884 +0.211
 +0.055 +0.209 +0.144 +0.183 -0.072 +0.020 +0.136 -0.034 +0.148 -0.051
 -0.129 +0.121 -0.066 -0.255 +0.044 +0.267 +0.072 -0.140 -0.125 -0.022
 +0.016 +0.018 -0.098 +0.076 -0.042 +0.257 +0.133 +0.103 -0.187 -0.089
 +0.073 -0.169 +0.109 +0.066 +0.008 +0.170 -0.162 +0.006 +0.078 -0.028
 +0.143 -0.229 +0.036 -0.179 -0.106 -0.035 -0.153 -0.073 +0.064 +0.188
 +0.245 +0.084 +0.193 +0.137 +0.239 -0.131 -0.047 -0.074 -0.013 -0.250
 +0.004 +0.015 -0.218 -0.259 -0.029 +0.220 +0.241 +0.010 +0.085 +0.090
 -0.091 +0.004 -0.008 +0.125 -0.200 -0.153 -0.019 -0.092 +0.156 -0.297
 -0.174 -0.060 -0.000 -0.159 +0.069 +0.082 +0.122 -0.215 -0.183 +0.038
 +0.045 -0.194 +0.145 +0.236 +0.028 -0.089 +0.011 -0.281 -0.083 -0.109
 +1.994 -0.094 -0.192 -0.148 +0.067 -0.052 +0.012 +0.168 +0.019 +0.272
 +0.152 -0.148 -0.183 +0.264 +0.293 +0.142 +0.212 +0.222 -0.178 -0.023
 -0.021 -0.179 -0.120 +0.030 -0.017 +0.083 -0.047 +0.087 +0.073 -0.036
 +0.271 +0.200 +0.079 -0.012 -0.165 -0.213 -0.043 +0.053 -0.119 -0.111
 -0.209 -0.066 +0.086 -0.111 -0.010 -0.056 -0.074 -0.209 -0.180 +0.055
 -0.168 -0.085 +0.164 -0.174 -0.130 -0.071 +0.112 +0.013 -0.256 +0.167]

---------------------------- Optimal solution -----------------------------
Primal variables:         [+0.067 +0.011 +0.150 +0.029 +0.158 +0.077 +0.208 +0.024 +0.181 +0.241
 +0.218 +0.207 +0.251 +0.138 +0.131 +0.247 +0.200 +0.153 +0.044 +0.047
 +0.008 +0.059 +0.137 +0.179 +0.075 +0.023 +0.255 +0.200 +0.142 +0.041
 +0.194 +0.136 +0.208 +0.185 +0.004 +0.133 +0.174 +0.177 +0.000 +0.258
 +0.093 +0.095 +0.035 +0.085 +0.044 +0.217 +0.156 +0.118 +0.181 +0.256
 +0.164 +0.005 +0.036 +0.167 +0.001 +0.019 +0.147 +0.173 +0.219 +0.066
 +0.190 +0.258 +0.006 +0.257 +0.026 +0.206 +0.019 +0.073 +0.022 +0.235
 +0.187 +0.203 +0.042 +0.224 +0.038 +0.094 +0.256 +0.033 +0.142 +0.177
 +0.161 +0.108 +0.004 +0.097 +0.166 +0.015 +0.223 +0.103 +0.155 +0.005
 +0.148 +0.059 +0.132 +0.147 +0.132 +0.131 +0.119 +0.140 +0.149 +0.009
 +0.051 +0.068 +0.168 +0.253 +0.185 +0.178 +0.123 +0.165 +0.028 +0.207
 +0.255 +0.033 +0.229 +0.028 +0.006 +0.029 +0.063 +0.221 +0.003 +0.032
 +0.075 +0.139 +0.029 +0.203 +0.052 +0.114 +0.213 +0.117 +0.156 +0.069
 +0.144 +0.193 +0.135 +0.059 +0.140 +0.111 +0.169 +0.117 +0.233 +0.134
 +0.000 +0.125 +0.047 +0.045 +0.079 +0.062 +0.104 +0.154 +0.057 +0.147
 +0.156 +0.220 +0.107 +0.171 +0.210 +0.246 +0.117 +0.035 +0.013 +0.004
 +0.237 +0.063 +0.056 +0.097 +0.112 +0.048 +0.086 +0.197 +0.204 +0.047
 +0.247 +0.128 +0.010 +0.007 +0.012 +0.076 +0.012 +0.236 +0.138 +0.135
 +0.226 +0.234 +0.117 +0.019 +0.036 +0.030 +0.058 +0.146 +0.121 +0.072
 +0.008 +0.154 +0.073 +0.083 +0.198 +0.049 +0.101 +0.194 +0.103 +0.077]
Dual slacks:              [+0.000 +0.000 +0.000 +0.000 +0.000 +0.000 +0.000 +0.000 +0.000 +0.000
 +0.000 +0.000 +0.000 +0.000 +0.000 +0.000 +0.000 +0.000 +0.000 +0.000
 +0.000 +0.000 +0.000 +0.000 +0.000 +0.000 +0.000 +0.000 +0.000 +0.000
 +0.000 +0.000 +0.000 +0.000 +0.000 +0.000 +0.000 +0.000 +0.921 +0.000
 +0.000 +0.000 +0.000 +0.000 +0.000 +0.000 +0.000 +0.000 +0.000 +0.000
 +0.000 +0.000 +0.000 +0.000 +0.000 +0.000 +0.000 +0.000 +0.000 +0.000
 +0.000 +0.000 +0.000 +0.000 +0.000 +0.000 +0.000 +0.000 +0.000 +0.000
 +0.000 +0.000 +0.000 +0.000 +0.000 +0.000 +0.000 +0.000 +0.000 +0.000
 +0.000 +0.000 +0.000 +0.000 +0.000 +0.000 +0.000 +0.000 +0.000 +0.000
 +0.000 +0.000 +0.000 +0.000 +0.000 +0.000 +0.000 +0.000 +0.000 +0.000
 +0.000 +0.000 +0.000 +0.000 +0.000 +0.000 +0.000 +0.000 +0.000 +0.000
 +0.000 +0.000 +0.000 +0.000 +0.000 +0.000 +0.000 +0.000 +0.000 +0.000
 +0.000 +0.000 +0.000 +0.000 +0.000 +0.000 +0.000 +0.000 +0.000 +0.000
 +0.000 +0.000 +0.000 +0.000 +0.000 +0.000 +0.000 +0.000 +0.000 +0.000
 +1.775 +0.000 +0.000 +0.000 +0.000 +0.000 +0.000 +0.000 +0.000 +0.000
 +0.000 +0.000 +0.000 +0.000 +0.000 +0.000 +0.000 +0.000 +0.000 +0.000
 +0.000 +0.000 +0.000 +0.000 +0.000 +0.000 +0.000 +0.000 +0.000 +0.000
 +0.000 +0.000 +0.000 +0.000 +0.000 +0.000 +0.000 +0.000 +0.000 +0.000
 +0.000 +0.000 +0.000 +0.000 +0.000 +0.000 +0.000 +0.000 +0.000 +0.000
 +0.000 +0.000 +0.000 +0.000 +0.000 +0.000 +0.000 +0.000 +0.000 +0.000]
Dual variables:           [+1.391 -1.437]

Optimal objective:       -5.50336714e-03
===========================================================================

Method:                  II-QIPM
LO_Precision:            1.00e-01
Stop_Precision:          1.00e-03
LO_Verbosity:            2
Omega:                   1.00e+01

The Quantum Inexact Infeasible Interior-Point Method starts running ...


                  Objective                Residual                                Linear system           Step-length
Iter      Primal           Dual         Primal    Dual     Compl    ||Resl||  Cond-Num  ||M||   ||RHS||    a-star   a-hat      Time
   0   1.86561267e+01  0.00000000e+00  3.74e+00 7.87e+00  1.24e+03  3.87e+00  4.00e+00 1.00e+00 3.87e+00  9.71e-01 9.44e-01      0s
   1   9.41186598e+00 -7.28702502e-03  3.34e-01 7.21e-01  1.31e+02  1.53e-01  4.45e+00 2.23e+01 5.21e+01  9.40e-01 9.08e-01      0s
   2   6.52144125e-01 -5.41724005e-03  2.84e-01 3.45e-02  7.24e+00 *2.92e-01  4.12e+00 2.64e+02 5.00e+01  9.71e-01 9.52e-01      1s
   3   3.87899199e-01 -5.50336700e-03  4.14e-01 2.10e-03  4.91e-01  4.59e-01  4.18e+00 5.69e+03 4.80e+01  9.64e-01 9.39e-01      1s
   4   2.08419733e-01 -5.50336054e-03  4.50e-01 9.13e-04  2.25e-01 *4.89e-01  4.30e+00 1.06e+05 4.57e+01  9.68e-01 5.66e-01      1s
   5   2.08199262e-01 -5.50336059e-03  4.50e-01 9.11e-04  2.25e-01 *3.45e-01  4.21e+00 2.54e+05 3.99e+01  9.72e-01 1.35e-03      2s
   6   2.08199194e-01 -5.50336059e-03  4.50e-01 9.11e-04  2.25e-01 *3.45e-01  4.21e+00 2.54e+05 3.99e+01  9.72e-01 4.20e-07      4s

The solution quality is limited by the precision of the linear system solver.

The algorithm stopped after 7 iterations in 3.91 seconds.

Primal variables:   [+15.423 +15.568 +15.652 +15.794 +15.457 +15.000 +15.751 +15.552 +15.710
 +14.746 +15.570 +15.219 +15.455 +15.512 +15.470 +15.399 +15.562 +15.704
 +15.677 +15.146 +15.490 +15.420 +15.694 +14.722 +15.374 +15.530 +15.602
 +15.664 +15.277 +15.342 +15.561 +15.470 +15.311 +15.595 +15.647 +15.455
 +15.708 +15.359 +0.016 +15.760 +15.640 +15.738 +15.673 +15.725 +15.440
 +15.530 +15.709 +15.488 +15.687 +15.423 +15.228 +15.660 +15.371 +14.755
 +15.603 +15.780 +15.658 +15.195 +15.235 +15.453 +15.571 +15.588 +15.299
 +15.590 +15.475 +15.778 +15.659 +15.621 +15.056 +15.321 +15.659 +15.092
 +15.629 +15.605 +15.513 +15.696 +15.142 +15.524 +15.612 +15.443 +15.672
 +14.917 +15.550 +15.075 +15.282 +15.449 +15.197 +15.355 +15.593 +15.702
 +15.759 +15.608 +15.722 +15.654 +15.750 +15.225 +15.449 +15.379 +15.473
 +14.763 +15.564 +15.556 +14.936 +14.775 +15.451 +15.733 +15.768 +15.584
 +15.638 +15.605 +15.368 +15.498 +15.477 +15.664 +14.989 +15.171 +15.502
 +15.395 +15.698 +14.510 +15.079 +15.384 +15.500 +15.143 +15.603 +15.599
 +15.669 +14.943 +15.092 +15.550 +15.565 +15.060 +15.663 +15.758 +15.597
 +15.321 +15.505 +14.615 +15.351 +15.272 +0.007 +15.333 +15.062 +15.236
 +15.590 +15.403 +15.508 +15.725 +15.519 +15.783 +15.714 +15.262 +15.042
 +15.789 +15.812 +15.660 +15.743 +15.738 +15.118 +15.452 +15.464 +15.067
 +15.242 +15.638 +15.476 +15.610 +15.410 +15.663 +15.591 +15.445 +15.783
 +15.712 +15.593 +15.560 +15.203 +14.949 +15.418 +15.563 +15.267 +15.270
 +14.974 +15.412 +15.607 +15.269 +15.501 +15.425 +15.427 +14.945 +15.068
 +15.649 +15.096 +15.331 +15.725 +15.077 +15.288 +15.396 +15.631 +15.509
 +14.720 +15.684]
Dual slacks:        [+0.000 +0.000 +0.000 +0.000 +0.000 +0.000 +0.000 +0.000 +0.000 +0.000
 +0.000 +0.000 +0.000 +0.000 +0.000 +0.000 +0.000 +0.000 +0.000 +0.000
 +0.000 +0.000 +0.000 +0.000 +0.000 +0.000 +0.000 +0.000 +0.000 +0.000
 +0.000 +0.000 +0.000 +0.000 +0.000 +0.000 +0.000 +0.000 +0.921 +0.000
 +0.000 +0.000 +0.000 +0.000 +0.000 +0.000 +0.000 +0.000 +0.000 +0.000
 +0.000 +0.000 +0.000 +0.000 +0.000 +0.000 +0.000 +0.000 +0.000 +0.000
 +0.000 +0.000 +0.000 +0.000 +0.000 +0.000 +0.000 +0.000 +0.000 +0.000
 +0.000 +0.000 +0.000 +0.000 +0.000 +0.000 +0.000 +0.000 +0.000 +0.000
 +0.000 +0.000 +0.000 +0.000 +0.000 +0.000 +0.000 +0.000 +0.000 +0.000
 +0.000 +0.000 +0.000 +0.000 +0.000 +0.000 +0.000 +0.000 +0.000 +0.000
 +0.000 +0.000 +0.000 +0.000 +0.000 +0.000 +0.000 +0.000 +0.000 +0.000
 +0.000 +0.000 +0.000 +0.000 +0.000 +0.000 +0.000 +0.000 +0.000 +0.000
 +0.000 +0.000 +0.000 +0.000 +0.000 +0.000 +0.000 +0.000 +0.000 +0.000
 +0.000 +0.000 +0.000 +0.000 +0.000 +0.000 +0.000 +0.000 +0.000 +0.000
 +1.775 +0.000 +0.000 +0.000 +0.000 +0.000 +0.000 +0.000 +0.000 +0.000
 +0.000 +0.000 +0.000 +0.000 +0.000 +0.000 +0.000 +0.000 +0.000 +0.000
 +0.000 +0.000 +0.000 +0.000 +0.000 +0.000 +0.000 +0.000 +0.000 +0.000
 +0.000 +0.000 +0.000 +0.000 +0.000 +0.000 +0.000 +0.000 +0.000 +0.000
 +0.000 +0.000 +0.000 +0.000 +0.000 +0.000 +0.000 +0.000 +0.000 +0.000
 +0.000 +0.000 +0.000 +0.000 +0.000 +0.000 +0.000 +0.000 +0.000 +0.000]
Dual variables:     [+1.391 -1.437]

Primal objective:   2.08199194e-01 
Dual objective:     -5.50336059e-03

Primal residual:    4.50e-01
Dual residual:      9.11e-04
Complementraty:     2.25e-01

Number of Iter:     7
Run time:           3.91
