
--------------- Linear optimization problem characteristics ---------------
Seed:                    12
Number of variables:     200
Number of constraints:   2

Norm of primal sol:      2.00e+00
Norm of dual sol:        2.00e+00
Norm of dual slacks:     2.00e+00

Norm of vector b:        1.79e-01
Norm of vector c:        2.32e+00

Norm of matrix A:        1.00e+00
Condition number:        2.00e+00

----------------------- Linear optimization problem -----------------------
Coeff matrix A:          [[-0.021 -0.100 +0.116 +0.037 +0.041 +0.099 +0.103 +0.094 -0.024 -0.050
 -0.004 +0.059 +0.001 -0.029 +0.022 +0.031 +0.117 +0.026 -0.024 +0.104
 +0.058 -0.017 -0.013 +0.120 +0.110 -0.118 +0.087 -0.033 -0.023 -0.053
 +0.025 -0.081 -0.071 -0.072 +0.012 -0.095 -0.046 +0.075 -0.003 +0.113
 +0.050 -0.091 -0.012 +0.007 +0.092 +0.103 -0.108 +0.101 +0.047 +0.016
 +0.100 -0.022 +0.043 +0.082 +0.080 +0.012 +0.013 +0.084 -0.072 +0.055
 +0.075 -0.089 +0.080 -0.094 -0.111 -0.007 +0.104 +0.111 +0.018 +0.073
 -0.058 +0.034 -0.078 -0.060 +0.100 +0.097 +0.062 -0.003 +0.091 -0.082
 +0.005 +0.024 -0.111 +0.074 -0.053 +0.101 +0.104 +0.069 +0.082 -0.047
 -0.080 -0.031 -0.026 +0.103 +0.078 +0.084 +0.044 +0.071 -0.006 +0.095
 +0.110 -0.022 +0.095 +0.048 +0.031 +0.009 +0.108 -0.031 -0.090 -0.107
 +0.071 +0.009 -0.061 -0.035 +0.038 +0.059 -0.101 +0.026 +0.028 +0.072
 -0.069 -0.081 +0.059 -0.030 -0.091 -0.018 +0.074 -0.039 -0.071 +0.061
 -0.103 -0.099 -0.116 +0.070 -0.033 -0.074 -0.116 -0.055 -0.085 +0.086
 -0.094 +0.062 +0.005 -0.108 -0.069 -0.035 -0.031 -0.051 +0.034 -0.100
 -0.101 +0.011 -0.046 +0.041 -0.050 +0.043 +0.088 -0.038 -0.061 +0.055
 -0.083 +0.004 +0.103 -0.053 +0.059 -0.021 +0.084 +0.063 -0.115 +0.091
 -0.079 +0.093 -0.022 -0.109 +0.095 +0.031 -0.051 +0.090 -0.061 -0.041
 +0.013 +0.022 -0.009 +0.071 +0.012 +0.037 -0.101 +0.096 -0.104 +0.044
 +0.031 -0.058 +0.117 +0.088 -0.008 +0.119 -0.022 -0.017 +0.048 -0.055]
                          [-0.007 +0.025 -0.036 -0.008 -0.052 +0.054 +0.011 -0.049 +0.008 -0.052
 -0.006 +0.041 +0.019 -0.012 +0.018 +0.053 -0.038 +0.049 -0.030 +0.012
 -0.047 -0.000 +0.057 -0.010 +0.025 +0.001 -0.059 -0.001 -0.029 +0.061
 +0.036 +0.051 +0.012 +0.063 +0.050 -0.002 +0.014 -0.028 -0.010 -0.061
 +0.027 -0.017 -0.007 -0.013 +0.043 -0.031 +0.018 -0.039 -0.026 +0.029
 -0.000 -0.010 -0.031 -0.058 -0.062 +0.041 +0.023 +0.031 +0.017 -0.058
 +0.020 -0.041 +0.056 +0.060 +0.062 -0.008 +0.015 -0.057 +0.048 +0.026
 -0.021 -0.000 -0.036 +0.018 +0.059 -0.032 -0.058 -0.051 -0.004 +0.051
 -0.057 -0.001 -0.007 +0.021 +0.017 +0.010 -0.002 +0.001 -0.054 -0.003
 -0.027 -0.013 +0.011 +0.033 +0.022 -0.035 +0.045 +0.004 -0.043 +0.014
 +0.045 +0.012 +0.040 +0.043 +0.045 -0.053 -0.022 -0.036 +0.064 +0.025
 +0.050 +0.007 -0.028 -0.048 -0.007 +0.012 +0.028 +0.060 -0.051 -0.012
 +0.055 +0.005 +0.021 +0.045 +0.004 +0.042 -0.038 +0.027 -0.019 +0.036
 -0.016 +0.028 +0.045 +0.041 -0.031 +0.065 -0.059 -0.010 -0.019 +0.055
 +0.011 +0.029 -0.018 -0.036 -0.058 -0.046 -0.019 +0.030 -0.006 +0.029
 +0.013 -0.020 -0.000 -0.002 -0.040 -0.000 +0.051 +0.016 +0.044 +0.055
 -0.060 +0.020 -0.018 +0.053 +0.012 -0.016 -0.051 -0.059 +0.031 +0.054
 -0.010 -0.031 -0.053 +0.035 -0.051 +0.006 +0.007 -0.032 +0.049 -0.006
 -0.006 +0.039 +0.039 -0.014 -0.030 +0.029 +0.007 +0.023 +0.062 +0.031
 -0.041 -0.003 +0.044 -0.034 +0.036 +0.005 -0.027 +0.028 -0.054 -0.029]]

RHS vector b:            [+0.144 +0.106]
Obj vector c:            [-0.033 -0.060 +0.057 +0.024 -0.048 +0.194 +0.125 +0.013 -0.011 -0.141
 -0.015 +0.130 +0.033 -0.051 +0.053 +0.123 +0.055 +0.112 -0.076 +0.127
 -0.019 -0.018 +0.084 +0.107 +0.157 -0.120 -0.012 -0.036 -0.074 +0.051
 +0.087 +0.005 -0.052 +0.034 +0.098 -0.101 -0.024 +0.029 -0.020 +0.012
 +0.098 -0.123 +0.420 -0.015 +0.169 +0.052 -0.081 +0.037 +0.004 +0.067
 +0.103 -0.039 -0.009 -0.015 -0.024 +0.082 +0.053 +0.139 -0.044 -0.042
 +0.111 -0.162 +0.179 +0.007 -0.007 -0.021 +0.133 +0.017 +0.101 +0.121
 -0.096 +0.035 -0.142 -0.031 +0.204 +0.046 -0.036 -0.091 +0.088 +0.004
 -0.092 +0.023 -0.125 +0.112 -0.026 +0.121 +0.104 +0.072 -0.008 -0.053
 -0.129 -0.055 -0.009 +0.162 +0.118 +0.026 +0.122 +0.080 -0.080 +0.122
 +0.190 -0.003 +0.167 +0.124 +0.109 -0.081 +0.074 -0.093 +0.017 -0.067
 +0.158 +0.021 -0.110 -0.119 +0.027 +0.082 -0.057 +0.129 +1.892 +0.053
 +0.022 -0.075 +0.097 +0.047 -0.087 +0.054 +0.010 +0.007 -0.106 +0.126
 -0.134 -0.053 -0.042 +0.142 -0.087 +0.035 -0.220 -0.074 -0.119 +0.183
 -0.077 +0.113 -0.025 -0.174 -0.170 -0.114 -0.065 +0.000 +0.025 -0.053
 -0.081 -0.024 -0.047 +0.040 -0.120 +0.044 +0.178 -0.012 +0.012 +0.152
 -0.189 +0.039 +0.075 +0.036 +0.082 -0.050 -0.001 -0.037 -0.065 +0.186
 -0.099 +0.043 -0.113 -0.053 +0.010 +0.043 -0.041 +0.039 +0.021 -0.052
 +0.004 +0.090 +0.057 +0.050 -0.039 +0.088 -0.093 +0.137 -0.001 +0.099
 -0.039 -0.065 +0.196 +0.033 +0.053 +0.132 -0.068 +0.031 -0.042 -0.106]

---------------------------- Optimal solution -----------------------------
Primal variables:         [+0.037 +0.179 +0.064 +0.129 +0.004 +0.222 +0.218 +0.008 +0.231 +0.033
 +0.069 +0.146 +0.228 +0.206 +0.001 +0.126 +0.133 +0.117 +0.186 +0.039
 +0.185 +0.005 +0.033 +0.028 +0.075 +0.162 +0.114 +0.197 +0.070 +0.177
 +0.170 +0.079 +0.081 +0.236 +0.151 +0.230 +0.185 +0.199 +0.098 +0.109
 +0.097 +0.241 +0.000 +0.233 +0.101 +0.102 +0.112 +0.090 +0.113 +0.008
 +0.020 +0.177 +0.154 +0.007 +0.073 +0.053 +0.013 +0.126 +0.101 +0.012
 +0.138 +0.194 +0.027 +0.067 +0.155 +0.119 +0.122 +0.112 +0.216 +0.146
 +0.146 +0.107 +0.116 +0.215 +0.050 +0.228 +0.018 +0.144 +0.008 +0.161
 +0.154 +0.208 +0.228 +0.108 +0.162 +0.223 +0.150 +0.078 +0.077 +0.070
 +0.231 +0.098 +0.229 +0.207 +0.167 +0.001 +0.218 +0.222 +0.001 +0.155
 +0.093 +0.144 +0.148 +0.145 +0.075 +0.017 +0.194 +0.220 +0.047 +0.051
 +0.091 +0.097 +0.214 +0.049 +0.101 +0.157 +0.124 +0.081 +0.000 +0.033
 +0.046 +0.097 +0.190 +0.061 +0.026 +0.225 +0.031 +0.146 +0.070 +0.151
 +0.159 +0.016 +0.086 +0.081 +0.043 +0.002 +0.003 +0.144 +0.020 +0.076
 +0.234 +0.211 +0.221 +0.041 +0.077 +0.058 +0.119 +0.131 +0.098 +0.179
 +0.156 +0.159 +0.036 +0.180 +0.155 +0.072 +0.091 +0.239 +0.083 +0.083
 +0.148 +0.149 +0.003 +0.139 +0.188 +0.230 +0.170 +0.028 +0.060 +0.101
 +0.153 +0.023 +0.094 +0.078 +0.235 +0.234 +0.180 +0.125 +0.040 +0.229
 +0.223 +0.213 +0.012 +0.187 +0.026 +0.219 +0.142 +0.239 +0.104 +0.152
 +0.188 +0.063 +0.154 +0.200 +0.126 +0.103 +0.128 +0.229 +0.242 +0.162]
Dual slacks:              [+0.000 +0.000 +0.000 +0.000 +0.000 +0.000 +0.000 +0.000 +0.000 +0.000
 +0.000 +0.000 +0.000 +0.000 +0.000 +0.000 +0.000 +0.000 +0.000 +0.000
 +0.000 +0.000 +0.000 +0.000 +0.000 +0.000 +0.000 +0.000 +0.000 +0.000
 +0.000 +0.000 +0.000 +0.000 +0.000 +0.000 +0.000 +0.000 +0.000 +0.000
 +0.000 +0.000 +0.445 +0.000 +0.000 +0.000 +0.000 +0.000 +0.000 +0.000
 +0.000 +0.000 +0.000 +0.000 +0.000 +0.000 +0.000 +0.000 +0.000 +0.000
 +0.000 +0.000 +0.000 +0.000 +0.000 +0.000 +0.000 +0.000 +0.000 +0.000
 +0.000 +0.000 +0.000 +0.000 +0.000 +0.000 +0.000 +0.000 +0.000 +0.000
 +0.000 +0.000 +0.000 +0.000 +0.000 +0.000 +0.000 +0.000 +0.000 +0.000
 +0.000 +0.000 +0.000 +0.000 +0.000 +0.000 +0.000 +0.000 +0.000 +0.000
 +0.000 +0.000 +0.000 +0.000 +0.000 +0.000 +0.000 +0.000 +0.000 +0.000
 +0.000 +0.000 +0.000 +0.000 +0.000 +0.000 +0.000 +0.000 +1.950 +0.000
 +0.000 +0.000 +0.000 +0.000 +0.000 +0.000 +0.000 +0.000 +0.000 +0.000
 +0.000 +0.000 +0.000 +0.000 +0.000 +0.000 +0.000 +0.000 +0.000 +0.000
 +0.000 +0.000 +0.000 +0.000 +0.000 +0.000 +0.000 +0.000 +0.000 +0.000
 +0.000 +0.000 +0.000 +0.000 +0.000 +0.000 +0.000 +0.000 +0.000 +0.000
 +0.000 +0.000 +0.000 +0.000 +0.000 +0.000 +0.000 +0.000 +0.000 +0.000
 +0.000 +0.000 +0.000 +0.000 +0.000 +0.000 +0.000 +0.000 +0.000 +0.000
 +0.000 +0.000 +0.000 +0.000 +0.000 +0.000 +0.000 +0.000 +0.000 +0.000
 +0.000 +0.000 +0.000 +0.000 +0.000 +0.000 +0.000 +0.000 +0.000 +0.000]
Dual variables:           [+1.031 +1.714]

Optimal objective:       +3.30341912e-01
===========================================================================

Method:                  II-QIPM
LO_Precision:            1.00e-01
Stop_Precision:          1.00e-03
LO_Verbosity:            2
Omega:                   1.00e+01

The Quantum Inexact Infeasible Interior-Point Method starts running ...


                  Objective                Residual                                Linear system           Step-length
Iter      Primal           Dual         Primal    Dual     Compl    ||Resl||  Cond-Num  ||M||   ||RHS||    a-star   a-hat      Time
   0   4.74626837e+01  0.00000000e+00  1.60e+01 6.18e+00  1.00e+03  1.61e+01  4.00e+00 1.00e+00 1.61e+01  9.78e-01 9.56e-01      0s
   1   4.11762059e+01  2.08399883e-02  1.36e+01 5.25e+00  8.65e+02  4.28e-02  4.04e+00 2.52e+01 1.03e+01  6.38e-01 1.51e-01      1s
   2   3.73154612e+01  4.00635421e-02  1.22e+01 4.69e+00  7.82e+02  5.04e-02  4.03e+00 3.07e+01 1.71e+01  6.69e-01 1.06e-01      1s
   3   3.33204581e+01  6.33837561e-02  1.07e+01 4.13e+00  6.96e+02  4.65e-02  4.02e+00 3.51e+01 2.12e+01  6.93e-01 1.20e-01      1s
   4   2.91379569e+01  9.11110128e-02  9.21e+00 3.55e+00  6.07e+02  3.69e-02  4.01e+00 4.10e+01 2.56e+01  7.22e-01 1.40e-01      2s
   5   2.46896480e+01  1.23807188e-01  7.65e+00 2.95e+00  5.13e+02  2.24e-02  4.01e+00 4.91e+01 3.04e+01  7.58e-01 1.69e-01      2s
   6   1.98495324e+01  1.62481312e-01  5.99e+00 2.31e+00  4.10e+02  4.80e-03  4.00e+00 6.13e+01 3.56e+01  8.02e-01 2.16e-01      3s
   7   1.85493714e+01  1.62481312e-01  5.26e+00 2.27e+00  4.05e+02  4.16e+01  4.00e+00 8.15e+01 4.16e+01  3.30e-01 1.54e-02      3s
   8   1.73253598e+01  1.62481312e-01  4.57e+00 2.24e+00  4.00e+02  4.39e+01  3.99e+00 8.37e+01 4.39e+01  3.19e-01 1.40e-02      4s
   9   1.61556365e+01  1.62481312e-01  3.91e+00 2.21e+00  3.95e+02  4.62e+01  3.99e+00 8.58e+01 4.62e+01  3.09e-01 1.30e-02      4s
  10   1.50344653e+01  1.62481312e-01  3.28e+00 2.19e+00  3.91e+02  4.85e+01  3.99e+00 8.79e+01 4.85e+01  3.00e-01 1.22e-02      4s
  11   1.39598432e+01  1.62481312e-01  2.67e+00 2.16e+00  3.87e+02  5.07e+01  3.99e+00 8.99e+01 5.07e+01  2.92e-01 1.14e-02      5s
  12   1.29267309e+01  1.62481312e-01  2.09e+00 2.14e+00  3.83e+02  5.28e+01  3.99e+00 9.19e+01 5.28e+01  2.84e-01 1.06e-02      5s
  13   1.19325104e+01  1.62481312e-01  1.53e+00 2.12e+00  3.79e+02  5.50e+01  3.99e+00 9.38e+01 5.50e+01  2.76e-01 9.98e-03      6s
  14   1.09747278e+01  1.62481312e-01  9.99e-01 2.10e+00  3.76e+02  5.71e+01  3.99e+00 9.58e+01 5.71e+01  2.69e-01 9.38e-03      6s
  15   1.00510827e+01  1.62481312e-01  5.29e-01 2.08e+00  3.73e+02  5.91e+01  3.99e+00 9.77e+01 5.91e+01  2.62e-01 8.83e-03      7s
  16   9.15941915e+00  1.62481312e-01  3.50e-01 2.06e+00  3.70e+02  6.12e+01  4.00e+00 9.95e+01 6.12e+01  2.55e-01 8.33e-03      7s
  17   8.29685293e+00  1.62481312e-01  6.87e-01 2.05e+00  3.68e+02  6.32e+01  4.00e+00 1.01e+02 6.32e+01  2.49e-01 7.88e-03      8s
  18   1.75719865e+00  3.33205962e-01  3.83e-02 8.47e-02  1.77e+01  1.61e-02  4.00e+00 1.03e+02 6.52e+01  9.75e-01 9.59e-01      8s
  19   1.13184084e+01  3.33205962e-01  5.72e+00 6.41e-02  1.37e+01  2.36e+01  3.99e+00 2.35e+03 2.36e+01  7.04e-01 2.43e-01      8s
  20   1.59032210e+01  3.33205962e-01  8.42e+00 5.89e-02  1.27e+01  3.91e+01  3.96e+00 3.30e+03 3.91e+01  6.10e-01 8.10e-02      8s
  21   2.02384192e+01  3.33205962e-01  1.10e+01 5.49e-02  1.19e+01  4.61e+01  3.95e+00 3.69e+03 4.61e+01  5.75e-01 6.76e-02      9s
  22   2.43546841e+01  3.33205962e-01  1.34e+01 5.18e-02  1.13e+01  5.29e+01  3.94e+00 4.08e+03 5.29e+01  5.45e-01 5.75e-02      9s
  23   2.82684038e+01  3.33205962e-01  1.57e+01 4.92e-02  1.08e+01  5.96e+01  3.94e+00 4.44e+03 5.96e+01  5.17e-01 4.95e-02      9s
  24   3.19908670e+01  3.33205962e-01  1.79e+01 4.71e-02  1.04e+01  6.62e+01  3.94e+00 4.80e+03 6.62e+01  4.92e-01 4.31e-02     10s
  25   3.55410554e+01  3.33205962e-01  1.99e+01 4.53e-02  1.00e+01  7.27e+01  3.95e+00 5.15e+03 7.27e+01  4.69e-01 3.78e-02     10s
  26   3.57251955e+01  3.33205962e-01  2.00e+01 4.52e-02  1.00e+01  7.90e+01  3.95e+00 5.50e+03 7.90e+01  4.48e-01 1.82e-03     10s
  27   3.57252025e+01  3.33205962e-01  2.00e+01 4.52e-02  1.00e+01  7.93e+01  3.95e+00 5.51e+03 7.93e+01  4.47e-01 6.86e-08     12s

The solution quality is limited by the precision of the linear system solver.

The algorithm stopped after 28 iterations in 12.23 seconds.

Primal variables:   [+14.453 +15.066 +13.845 +14.123 +14.236 +17.344 +14.897 +13.777 +14.412
 +16.494 +14.306 +15.443 +14.391 +14.607 +14.413 +15.535 +13.821 +15.307
 +14.854 +14.941 +13.989 +14.379 +15.107 +14.397 +15.656 +16.211 +13.827
 +14.533 +14.812 +14.932 +14.832 +14.776 +14.836 +14.897 +15.138 +15.632
 +14.558 +13.921 +14.309 +13.675 +14.810 +16.139 +0.945 +14.244 +16.293
 +13.886 +15.363 +13.811 +14.018 +14.605 +14.494 +14.492 +14.042 +13.860
 +13.902 +14.858 +14.478 +15.430 +14.788 +14.123 +14.853 +17.607 +16.897
 +14.870 +14.939 +14.330 +15.065 +13.692 +15.162 +15.070 +15.338 +14.194
 +16.673 +14.658 +17.848 +13.877 +14.051 +14.984 +14.328 +14.782 +14.965
 +14.195 +16.310 +14.875 +14.604 +14.820 +14.475 +14.294 +13.843 +14.722
 +16.244 +14.654 +14.423 +15.909 +14.962 +13.860 +15.391 +14.375 +14.812
 +14.904 +16.947 +14.401 +16.195 +15.384 +15.195 +14.758 +14.050 +15.154
 +14.899 +15.175 +16.168 +14.277 +15.655 +15.736 +14.128 +14.487 +15.042
 +15.755 +0.201 +14.086 +14.789 +15.130 +14.718 +14.715 +15.357 +14.700
 +13.879 +14.518 +15.605 +15.299 +16.523 +15.001 +15.030 +15.664 +15.063
 +14.925 +22.441 +14.981 +16.007 +16.980 +15.228 +15.010 +14.281 +18.333
 +17.868 +15.623 +14.748 +14.575 +14.143 +15.008 +15.317 +14.250 +14.668
 +14.179 +15.848 +14.197 +16.724 +14.491 +14.678 +16.147 +19.165 +14.414
 +14.095 +14.780 +14.480 +14.563 +13.821 +14.050 +15.204 +17.072 +15.500
 +13.889 +15.534 +15.059 +13.767 +14.262 +14.653 +13.879 +14.720 +14.679
 +14.205 +14.905 +14.681 +14.065 +14.318 +14.744 +15.507 +15.259 +14.912
 +14.884 +14.220 +14.893 +17.118 +13.864 +14.627 +14.906 +14.741 +14.497
 +14.155 +15.537]
Dual slacks:        [+0.003 +0.004 +0.003 +0.003 +0.004 +0.001 +0.002 +0.003 +0.003 +0.005
 +0.003 +0.002 +0.003 +0.004 +0.003 +0.002 +0.003 +0.002 +0.004 +0.002
 +0.004 +0.003 +0.002 +0.002 +0.002 +0.004 +0.004 +0.003 +0.004 +0.003
 +0.002 +0.003 +0.004 +0.003 +0.002 +0.004 +0.003 +0.003 +0.003 +0.003
 +0.002 +0.004 +0.448 +0.003 +0.002 +0.003 +0.004 +0.003 +0.003 +0.003
 +0.002 +0.004 +0.003 +0.004 +0.004 +0.002 +0.003 +0.002 +0.003 +0.004
 +0.002 +0.005 +0.002 +0.003 +0.003 +0.003 +0.002 +0.003 +0.002 +0.002
 +0.004 +0.003 +0.004 +0.003 +0.001 +0.003 +0.004 +0.004 +0.003 +0.003
 +0.004 +0.003 +0.004 +0.002 +0.003 +0.002 +0.002 +0.003 +0.003 +0.004
 +0.004 +0.004 +0.003 +0.002 +0.002 +0.003 +0.002 +0.003 +0.004 +0.002
 +0.002 +0.003 +0.002 +0.002 +0.002 +0.004 +0.003 +0.004 +0.003 +0.004
 +0.002 +0.003 +0.004 +0.004 +0.003 +0.003 +0.004 +0.002 +1.953 +0.003
 +0.003 +0.004 +0.002 +0.003 +0.004 +0.003 +0.003 +0.003 +0.004 +0.002
 +0.004 +0.003 +0.003 +0.002 +0.004 +0.003 +0.005 +0.004 +0.004 +0.002
 +0.004 +0.002 +0.003 +0.005 +0.005 +0.004 +0.004 +0.003 +0.003 +0.003
 +0.004 +0.003 +0.004 +0.003 +0.004 +0.003 +0.002 +0.003 +0.003 +0.002
 +0.005 +0.003 +0.003 +0.003 +0.003 +0.004 +0.003 +0.004 +0.004 +0.002
 +0.004 +0.003 +0.004 +0.003 +0.003 +0.003 +0.003 +0.003 +0.003 +0.004
 +0.003 +0.002 +0.003 +0.003 +0.004 +0.002 +0.004 +0.002 +0.003 +0.002
 +0.004 +0.004 +0.002 +0.003 +0.003 +0.002 +0.004 +0.003 +0.004 +0.004]
Dual variables:     [+1.038 +1.731]

Primal objective:   3.57252025e+01 
Dual objective:     3.33205962e-01 

Primal residual:    2.00e+01
Dual residual:      4.52e-02
Complementraty:     1.00e+01

Number of Iter:     28
Run time:           12.23
