
--------------- Linear optimization problem characteristics ---------------
Seed:                    32
Number of variables:     1000
Number of constraints:   2

Norm of primal sol:      2.00e+00
Norm of dual sol:        2.00e+00
Norm of dual slacks:     2.00e+00

Norm of vector b:        1.93e-02
Norm of vector c:        2.79e+00

Norm of matrix A:        1.00e+00
Condition number:        2.00e+00

----------------------- Linear optimization problem -----------------------
Coeff matrix A:          [[-0.001 -0.051 -0.030 -0.032 -0.051 +0.011 +0.051 +0.017 -0.022 -0.019
 -0.002 +0.024 +0.047 +0.044 -0.037 +0.041 +0.003 -0.004 +0.008 -0.042
 -0.032 -0.000 -0.017 -0.029 +0.008 -0.032 +0.045 -0.006 -0.019 -0.044
 +0.050 -0.006 -0.048 +0.038 -0.035 +0.025 -0.055 +0.030 -0.015 -0.002
 -0.015 -0.024 +0.025 +0.006 +0.011 -0.044 +0.031 +0.040 -0.012 +0.023
 +0.042 +0.017 +0.047 -0.049 -0.020 +0.021 -0.002 +0.023 +0.046 +0.039
 +0.013 +0.039 -0.044 -0.019 -0.012 +0.041 -0.010 +0.047 +0.046 -0.050
 +0.021 -0.032 -0.007 +0.038 +0.010 -0.023 -0.013 -0.033 +0.048 -0.033
 -0.034 -0.025 +0.050 +0.015 -0.022 -0.023 -0.054 -0.009 -0.011 -0.009
 -0.054 +0.041 -0.030 -0.040 -0.035 -0.042 +0.053 -0.036 +0.007 -0.028
 +0.011 -0.004 +0.028 +0.049 +0.049 -0.044 +0.051 +0.032 +0.038 -0.020
 -0.009 +0.011 +0.027 +0.048 -0.032 -0.023 +0.014 -0.033 -0.024 -0.010
 +0.045 -0.037 -0.040 -0.055 +0.018 -0.017 +0.037 -0.036 -0.000 +0.004
 +0.025 -0.009 -0.049 +0.002 -0.030 -0.029 -0.032 +0.046 +0.028 -0.053
 +0.009 +0.032 +0.004 -0.038 +0.038 -0.028 -0.018 -0.016 -0.027 +0.040
 +0.002 -0.013 +0.049 +0.048 +0.029 -0.037 -0.046 +0.047 +0.000 -0.030
 +0.016 -0.033 -0.006 +0.036 -0.030 +0.012 -0.008 -0.007 +0.042 +0.041
 +0.013 +0.025 +0.023 +0.026 -0.019 +0.050 +0.052 -0.029 -0.019 -0.032
 +0.042 +0.055 +0.002 -0.047 +0.045 -0.034 +0.039 -0.054 -0.004 +0.020
 +0.037 -0.005 -0.041 -0.038 +0.028 +0.048 +0.011 -0.046 +0.005 +0.000
 -0.046 +0.026 +0.047 +0.045 -0.006 -0.009 +0.033 -0.035 -0.042 +0.026
 +0.029 -0.034 -0.014 +0.036 -0.003 +0.048 +0.008 -0.051 -0.007 -0.003
 +0.047 -0.043 +0.014 +0.017 +0.030 +0.001 -0.027 -0.029 -0.041 -0.017
 +0.015 -0.056 +0.031 +0.035 -0.023 +0.056 +0.034 +0.018 +0.040 -0.019
 -0.022 -0.038 -0.026 +0.026 -0.020 -0.033 -0.052 +0.008 +0.035 -0.002
 -0.037 -0.041 -0.026 -0.017 +0.033 +0.020 +0.042 -0.033 +0.054 -0.010
 -0.012 +0.013 -0.050 +0.000 -0.013 -0.001 +0.002 -0.007 +0.040 -0.011
 +0.040 +0.044 -0.008 -0.035 +0.040 -0.018 +0.012 -0.021 +0.026 -0.022
 -0.012 -0.041 +0.026 +0.033 -0.047 +0.022 +0.005 -0.037 -0.005 +0.018
 +0.049 +0.006 -0.008 +0.025 -0.021 +0.044 -0.034 +0.038 -0.011 -0.017
 +0.017 +0.034 -0.016 +0.020 +0.022 -0.027 +0.012 -0.040 -0.017 -0.017
 +0.007 -0.035 +0.001 -0.034 +0.032 +0.001 +0.053 -0.017 +0.009 -0.038
 -0.018 -0.034 -0.011 -0.008 +0.010 +0.047 +0.046 -0.036 -0.021 -0.021
 +0.029 -0.006 +0.051 -0.017 +0.041 +0.021 +0.039 -0.003 +0.021 -0.012
 +0.050 +0.028 +0.038 -0.009 -0.042 -0.049 +0.009 +0.025 +0.022 +0.051
 -0.007 +0.020 +0.017 +0.025 -0.037 -0.005 -0.008 +0.001 -0.043 +0.002
 -0.017 -0.038 +0.003 +0.024 +0.027 +0.007 -0.012 +0.006 -0.025 -0.052
 -0.029 +0.022 +0.022 +0.027 +0.034 +0.043 +0.042 -0.021 +0.052 +0.021
 -0.038 +0.024 -0.027 -0.004 +0.012 +0.021 +0.040 -0.025 -0.015 +0.046
 +0.037 -0.027 +0.026 -0.022 -0.019 +0.049 +0.027 -0.006 -0.044 +0.036
 +0.009 +0.039 +0.025 -0.033 -0.003 -0.036 +0.025 -0.025 +0.041 -0.044
 -0.048 -0.024 -0.014 +0.028 -0.039 +0.002 +0.037 -0.007 -0.031 +0.050
 -0.047 +0.012 -0.038 -0.024 +0.020 +0.031 -0.039 +0.014 -0.010 +0.026
 -0.012 -0.026 +0.010 +0.018 -0.018 +0.034 +0.007 -0.007 -0.048 -0.054
 -0.033 -0.028 +0.050 -0.047 +0.032 +0.001 -0.006 +0.032 -0.007 -0.010
 -0.047 +0.029 +0.027 +0.024 -0.050 +0.027 +0.037 -0.021 -0.043 +0.016
 -0.015 +0.025 +0.046 +0.031 +0.044 +0.016 +0.012 -0.001 +0.018 -0.050
 +0.007 -0.012 +0.038 +0.038 -0.050 +0.014 +0.020 +0.016 +0.016 +0.021
 +0.040 -0.021 +0.001 +0.047 +0.001 -0.042 -0.023 +0.041 +0.013 -0.009
 -0.025 -0.007 +0.016 -0.003 -0.028 -0.047 -0.009 -0.034 -0.028 -0.007
 -0.002 -0.053 +0.011 -0.008 -0.016 +0.034 -0.039 +0.036 +0.015 -0.028
 +0.018 +0.008 -0.030 -0.055 +0.052 +0.013 +0.023 +0.049 +0.006 +0.030
 -0.038 +0.015 -0.054 +0.031 -0.002 +0.050 -0.005 -0.002 +0.017 +0.047
 +0.048 -0.033 -0.043 +0.027 -0.042 +0.023 -0.034 -0.043 -0.042 -0.021
 -0.037 -0.010 -0.018 +0.049 +0.022 -0.050 +0.022 -0.019 -0.021 -0.040
 +0.048 -0.031 +0.024 -0.053 -0.023 +0.020 +0.028 -0.024 +0.043 -0.023
 +0.002 -0.030 +0.054 -0.005 +0.022 +0.036 -0.014 -0.020 +0.022 -0.021
 -0.037 +0.040 +0.031 -0.053 +0.043 +0.052 +0.047 +0.023 -0.012 -0.053
 -0.049 +0.016 -0.016 +0.051 -0.025 -0.024 -0.041 +0.023 -0.022 +0.043
 +0.042 +0.029 -0.029 -0.042 -0.015 +0.046 +0.034 +0.016 -0.042 +0.049
 +0.016 +0.047 -0.022 -0.023 +0.024 +0.029 +0.015 -0.039 -0.017 +0.050
 +0.037 +0.036 -0.031 +0.020 -0.011 +0.055 +0.043 +0.001 +0.038 +0.029
 -0.031 -0.029 +0.025 -0.013 -0.010 -0.033 +0.025 -0.023 +0.000 +0.039
 +0.039 +0.047 +0.038 +0.026 -0.041 +0.042 -0.006 +0.003 +0.020 +0.030
 +0.003 -0.031 +0.027 -0.008 +0.036 -0.048 -0.052 +0.033 -0.049 +0.009
 +0.037 +0.037 -0.022 +0.037 -0.040 -0.020 -0.026 +0.025 -0.039 -0.036
 -0.031 +0.043 -0.013 +0.013 +0.041 -0.041 +0.037 -0.011 +0.011 -0.009
 -0.001 -0.050 +0.015 +0.038 +0.018 -0.054 -0.047 +0.052 +0.009 +0.019
 +0.046 +0.001 +0.029 -0.018 -0.021 -0.001 +0.036 -0.026 +0.044 +0.035
 +0.009 +0.008 -0.035 -0.044 -0.006 -0.013 -0.044 -0.054 -0.044 +0.054
 +0.010 -0.012 -0.032 -0.008 +0.015 -0.038 +0.003 +0.018 +0.032 -0.042
 -0.031 +0.050 +0.036 -0.049 -0.028 +0.033 -0.018 +0.016 +0.041 -0.043
 +0.004 -0.023 -0.016 +0.022 +0.019 -0.038 -0.029 -0.049 +0.027 +0.010
 +0.019 +0.037 -0.002 -0.048 -0.012 +0.001 +0.049 +0.020 -0.023 -0.037
 -0.025 -0.032 -0.052 +0.018 +0.025 +0.041 -0.051 +0.016 -0.018 -0.005
 +0.022 -0.023 +0.012 +0.027 -0.022 -0.023 -0.024 -0.032 +0.021 -0.053
 +0.025 +0.011 +0.005 -0.043 +0.012 -0.029 +0.011 +0.020 -0.001 -0.047
 +0.000 -0.046 -0.053 +0.043 +0.047 +0.014 +0.037 -0.013 +0.001 +0.028
 +0.026 +0.012 +0.010 -0.029 -0.003 -0.045 +0.029 -0.047 -0.034 -0.024
 -0.030 +0.011 -0.033 +0.036 +0.050 -0.017 -0.032 -0.015 +0.050 -0.042
 +0.044 +0.031 +0.008 -0.037 -0.048 -0.043 -0.028 -0.031 -0.022 +0.050
 -0.019 -0.015 -0.005 +0.043 +0.041 -0.049 -0.026 +0.055 -0.053 +0.008
 +0.017 -0.003 -0.044 +0.043 -0.006 -0.021 +0.038 -0.022 +0.034 -0.017
 -0.054 +0.047 +0.048 -0.014 +0.041 +0.029 +0.027 -0.037 -0.034 -0.022
 +0.035 +0.027 -0.045 +0.040 -0.040 +0.014 -0.031 -0.021 -0.047 -0.030
 -0.046 -0.028 +0.000 -0.030 -0.009 -0.031 +0.005 -0.019 -0.047 +0.052
 +0.008 +0.003 +0.045 -0.040 +0.018 +0.006 -0.015 +0.030 -0.029 +0.044
 +0.028 +0.014 -0.024 +0.013 +0.036 +0.037 -0.014 -0.034 +0.018 -0.007
 +0.009 -0.020 -0.030 +0.036 -0.003 +0.040 +0.010 +0.034 +0.018 -0.006
 +0.028 -0.012 +0.019 +0.036 -0.003 -0.033 +0.044 +0.030 -0.039 -0.006
 +0.054 +0.048 -0.033 +0.026 +0.041 +0.026 +0.047 +0.043 -0.055 -0.019
 +0.035 -0.041 +0.029 -0.043 -0.022 -0.052 +0.048 -0.045 +0.021 +0.023
 -0.044 -0.024 +0.013 +0.028 +0.030 -0.000 -0.017 +0.042 -0.048 +0.011
 -0.022 +0.048 -0.013 +0.030 +0.012 -0.014 -0.002 +0.052 -0.001 +0.036
 +0.029 -0.037 -0.051 +0.031 +0.007 +0.024 -0.052 +0.051 -0.004 +0.024
 +0.004 -0.025 -0.002 +0.032 -0.009 -0.051 +0.054 -0.050 -0.012 +0.043
 -0.024 +0.012 +0.029 -0.019 +0.019 +0.030 -0.041 -0.020 -0.021 +0.041
 -0.017 +0.021 -0.021 +0.033 -0.007 +0.010 +0.023 -0.015 -0.004 +0.024
 -0.048 +0.020 +0.051 -0.019 +0.047 +0.042 -0.031 +0.016 -0.050 +0.043
 +0.010 +0.009 +0.006 -0.018 +0.054 -0.035 -0.048 +0.008 +0.030 -0.019]
                          [-0.003 +0.002 +0.000 +0.020 +0.008 +0.020 -0.005 -0.009 -0.001 -0.010
 -0.014 -0.019 -0.012 -0.002 -0.015 -0.006 -0.019 +0.012 -0.015 +0.020
 -0.028 -0.007 +0.008 -0.022 +0.009 -0.013 +0.012 +0.008 +0.007 +0.023
 +0.015 +0.015 -0.026 -0.021 +0.015 +0.028 -0.020 -0.004 +0.013 +0.004
 +0.003 +0.023 +0.022 -0.016 +0.014 +0.004 -0.021 -0.010 +0.021 -0.006
 -0.018 -0.007 -0.008 -0.025 -0.027 +0.027 -0.014 +0.011 +0.016 +0.023
 -0.018 +0.021 -0.007 -0.026 -0.020 +0.007 +0.013 +0.024 -0.020 -0.010
 +0.018 +0.005 -0.025 -0.010 -0.019 +0.001 -0.020 -0.025 +0.030 -0.004
 +0.018 -0.026 +0.004 -0.018 +0.001 -0.004 -0.019 +0.015 +0.024 +0.025
 -0.031 +0.027 -0.011 +0.006 +0.018 +0.023 -0.001 -0.026 +0.015 +0.025
 -0.014 +0.016 +0.017 -0.012 +0.016 -0.017 +0.019 +0.002 +0.019 -0.007
 +0.024 +0.021 -0.022 +0.013 -0.014 -0.010 +0.001 -0.030 +0.008 -0.018
 +0.017 -0.015 -0.024 -0.025 +0.000 -0.020 -0.017 +0.023 +0.026 -0.018
 +0.004 +0.018 -0.023 -0.014 -0.010 +0.017 +0.008 +0.020 +0.012 -0.013
 +0.023 +0.002 +0.000 +0.016 +0.007 +0.001 -0.014 +0.011 -0.006 -0.020
 -0.005 -0.026 -0.021 +0.019 -0.013 +0.004 -0.027 -0.022 -0.014 +0.009
 +0.023 +0.010 +0.025 -0.024 -0.003 -0.007 +0.018 -0.017 +0.021 +0.031
 +0.006 -0.001 +0.029 -0.017 -0.004 -0.004 +0.015 +0.017 -0.004 +0.012
 +0.020 +0.017 -0.002 +0.010 +0.011 +0.013 +0.000 -0.023 +0.017 -0.011
 +0.003 -0.007 -0.010 -0.022 -0.019 -0.003 +0.004 +0.018 +0.022 -0.026
 -0.002 -0.026 -0.014 +0.028 +0.019 -0.013 -0.002 +0.024 -0.004 -0.024
 +0.016 -0.011 -0.004 -0.012 -0.005 -0.007 -0.016 +0.007 +0.023 +0.025
 +0.014 +0.007 +0.001 -0.019 -0.019 +0.014 +0.021 -0.005 -0.019 -0.004
 +0.011 -0.027 +0.003 -0.001 -0.004 +0.019 -0.017 +0.020 +0.030 -0.020
 -0.011 +0.007 +0.004 +0.012 +0.005 -0.017 -0.001 -0.018 +0.001 -0.002
 +0.022 -0.002 +0.014 +0.020 -0.014 -0.018 -0.008 +0.005 +0.007 -0.015
 +0.002 -0.018 -0.028 +0.018 -0.008 +0.023 -0.018 +0.021 +0.022 +0.022
 -0.004 -0.017 +0.024 +0.002 -0.006 -0.005 -0.021 +0.004 +0.011 +0.016
 -0.006 -0.001 +0.025 -0.003 -0.013 +0.025 +0.013 -0.008 +0.016 -0.012
 +0.013 +0.022 +0.003 -0.024 +0.013 -0.012 -0.020 +0.020 +0.011 -0.005
 +0.009 +0.020 -0.007 -0.009 +0.005 -0.022 +0.019 +0.021 +0.004 +0.005
 +0.011 +0.005 -0.019 -0.003 +0.021 +0.019 +0.004 +0.007 -0.012 +0.001
 +0.004 -0.029 +0.014 +0.013 -0.021 -0.010 +0.014 -0.006 +0.000 -0.029
 -0.006 +0.021 +0.000 -0.005 +0.022 +0.028 -0.022 +0.027 +0.001 +0.008
 -0.001 +0.019 -0.018 +0.018 -0.027 -0.002 +0.020 -0.009 +0.016 -0.003
 -0.002 +0.016 -0.007 +0.021 -0.008 -0.004 +0.004 +0.027 -0.012 -0.023
 -0.015 -0.017 +0.021 +0.022 +0.015 -0.024 -0.020 -0.002 -0.005 -0.024
 -0.023 +0.003 -0.007 +0.011 +0.026 -0.025 -0.018 -0.018 +0.028 +0.029
 -0.018 -0.017 -0.029 -0.011 -0.026 -0.024 +0.017 +0.022 +0.012 +0.023
 -0.010 -0.016 -0.016 -0.001 +0.002 +0.024 +0.027 +0.014 +0.018 +0.022
 +0.015 +0.012 -0.007 -0.024 -0.002 +0.008 +0.023 -0.027 +0.005 +0.002
 +0.002 +0.021 -0.009 +0.017 +0.002 +0.017 -0.006 +0.010 +0.025 +0.004
 -0.025 -0.000 +0.017 -0.020 -0.003 -0.007 +0.020 +0.011 -0.008 -0.018
 +0.010 -0.005 -0.005 +0.022 +0.022 +0.011 +0.011 +0.009 +0.007 -0.023
 -0.019 +0.015 -0.002 -0.019 -0.011 -0.003 -0.004 -0.019 +0.014 +0.004
 +0.002 +0.006 -0.010 +0.027 +0.004 +0.004 +0.018 +0.009 +0.004 -0.008
 +0.011 +0.009 +0.028 -0.016 +0.007 +0.006 -0.025 -0.003 -0.009 +0.014
 -0.006 -0.010 -0.020 +0.012 -0.007 -0.024 +0.021 -0.020 -0.018 +0.004
 -0.012 +0.013 +0.013 -0.005 +0.010 -0.004 +0.004 +0.028 +0.017 -0.026
 -0.030 -0.014 -0.001 +0.024 -0.025 -0.013 -0.001 +0.011 -0.023 +0.024
 -0.005 -0.013 +0.008 -0.013 -0.012 -0.013 +0.004 -0.010 -0.003 +0.008
 +0.009 -0.026 +0.007 -0.029 -0.007 +0.002 +0.026 -0.023 -0.000 -0.007
 -0.003 +0.001 -0.012 -0.008 -0.008 -0.018 -0.006 +0.010 -0.022 +0.017
 -0.014 +0.006 -0.018 -0.022 -0.031 +0.010 -0.030 +0.010 -0.012 +0.020
 +0.016 +0.010 +0.009 +0.031 +0.016 -0.022 -0.010 +0.010 -0.000 +0.008
 +0.009 +0.013 +0.011 -0.027 -0.002 +0.008 -0.024 +0.010 -0.004 -0.019
 -0.025 +0.011 +0.025 +0.021 -0.003 +0.023 +0.005 +0.006 +0.015 +0.010
 +0.014 +0.023 +0.012 -0.004 +0.010 -0.007 -0.023 +0.022 +0.003 -0.018
 +0.010 +0.011 +0.009 -0.002 +0.004 -0.013 +0.010 -0.024 -0.008 -0.025
 +0.029 -0.022 -0.022 +0.002 -0.024 +0.016 +0.020 -0.008 -0.023 +0.011
 -0.011 +0.028 +0.019 +0.010 -0.001 -0.005 -0.012 -0.029 -0.020 +0.029
 +0.023 -0.011 +0.008 -0.024 -0.023 +0.029 -0.003 -0.003 +0.029 +0.001
 +0.011 +0.004 -0.005 -0.001 +0.012 -0.016 -0.004 -0.023 +0.027 +0.028
 +0.012 -0.016 -0.020 -0.006 +0.001 -0.006 +0.024 -0.003 +0.026 -0.014
 +0.002 -0.029 +0.027 +0.004 -0.001 +0.010 -0.026 +0.008 +0.014 +0.017
 -0.010 -0.002 +0.005 +0.005 +0.005 -0.005 -0.010 -0.006 -0.021 -0.010
 -0.006 -0.010 -0.011 +0.005 -0.025 -0.015 -0.020 +0.025 +0.028 -0.015
 -0.008 +0.003 +0.008 +0.018 -0.001 -0.026 +0.024 -0.005 -0.017 +0.027
 +0.012 +0.018 -0.013 -0.025 -0.008 -0.005 +0.006 -0.025 +0.004 -0.007
 -0.023 -0.027 -0.017 -0.002 -0.028 +0.009 -0.019 -0.027 -0.005 +0.011
 -0.027 -0.018 +0.013 +0.017 +0.027 -0.005 +0.005 -0.013 +0.013 +0.007
 -0.015 -0.002 -0.003 +0.002 -0.023 -0.006 +0.007 -0.006 +0.004 -0.012
 -0.022 -0.020 -0.013 -0.011 +0.012 +0.014 -0.026 -0.012 +0.028 -0.023
 +0.012 +0.010 -0.002 +0.002 +0.001 -0.020 -0.024 -0.021 +0.021 -0.021
 -0.023 +0.006 -0.018 -0.024 -0.016 +0.031 +0.014 -0.012 +0.007 -0.008
 -0.004 -0.000 +0.010 +0.003 +0.023 +0.023 -0.023 -0.024 +0.012 -0.015
 -0.003 -0.020 +0.024 -0.026 +0.013 -0.014 +0.020 +0.009 +0.012 -0.002
 +0.018 -0.028 -0.012 +0.024 +0.021 -0.010 -0.005 -0.009 +0.001 -0.009
 +0.023 +0.002 +0.012 -0.003 +0.014 +0.014 -0.022 -0.011 -0.024 -0.004
 +0.016 -0.005 -0.004 +0.006 -0.014 +0.011 +0.011 +0.023 +0.024 -0.005
 +0.017 +0.020 +0.017 +0.001 -0.025 -0.026 -0.005 -0.028 -0.027 -0.018
 +0.015 +0.019 -0.021 -0.022 +0.010 -0.003 -0.011 +0.031 -0.011 +0.023
 +0.001 +0.020 -0.014 -0.020 -0.021 -0.023 -0.003 -0.025 +0.022 +0.020
 -0.016 -0.010 +0.031 -0.020 -0.013 -0.000 -0.022 -0.024 -0.009 -0.003
 +0.012 +0.022 -0.030 +0.031 +0.024 +0.003 -0.016 +0.017 -0.029 +0.003
 +0.009 -0.020 -0.011 -0.015 -0.021 -0.022 -0.009 -0.028 +0.012 +0.007
 -0.005 -0.016 +0.014 -0.016 -0.022 +0.024 -0.029 +0.025 +0.007 -0.002
 -0.011 -0.005 -0.014 +0.018 +0.025 +0.030 -0.012 +0.016 -0.007 -0.028
 +0.016 +0.011 -0.021 -0.004 -0.018 +0.023 +0.023 +0.029 +0.009 -0.024
 -0.005 +0.008 +0.017 +0.002 -0.001 +0.021 -0.012 +0.014 +0.007 +0.004
 +0.012 -0.010 +0.024 -0.005 -0.011 +0.011 +0.009 +0.022 -0.025 +0.003
 +0.005 +0.007 +0.003 -0.023 +0.022 -0.024 +0.002 -0.010 +0.021 -0.016
 -0.006 -0.007 -0.005 -0.024 +0.011 -0.015 -0.016 +0.004 -0.008 -0.004
 +0.011 +0.014 +0.012 -0.021 +0.023 -0.004 +0.026 -0.001 -0.004 +0.018
 +0.009 +0.012 -0.004 +0.012 -0.008 +0.025 -0.005 +0.016 +0.018 +0.021
 +0.020 +0.010 -0.005 +0.005 +0.005 -0.031 +0.023 -0.027 +0.013 -0.010
 -0.028 -0.022 -0.022 -0.029 -0.003 -0.014 +0.011 +0.002 -0.029 -0.003
 -0.018 +0.024 +0.011 +0.012 +0.027 -0.009 +0.011 +0.020 +0.002 -0.004
 +0.016 -0.011 +0.017 +0.021 -0.022 +0.008 -0.003 -0.027 -0.013 +0.015
 +0.022 +0.027 -0.010 +0.024 +0.013 +0.010 -0.025 +0.003 +0.025 -0.017]]

RHS vector b:            [+0.018 -0.006]
Obj vector c:            [-0.006 -0.086 -0.051 -0.034 -0.080 +0.039 +0.082 +0.020 -0.038 -0.043
 -0.018 +0.022 +0.069 +0.073 -0.079 +0.065 -0.014 +0.006 -0.001 -0.051
 -0.084 -0.007 -0.021 -0.072 +0.022 -0.068 +0.090 -0.002 -0.026 -0.051
 +0.101 +0.005 -0.109 +0.044 -0.045 +0.073 -0.115 +0.048 -0.013 +0.001
 -0.022 -0.017 +0.067 -0.006 +0.033 -0.071 +0.031 +0.058 +0.001 +0.033
 +0.053 +0.022 +0.073 -0.109 -0.062 +0.064 -0.017 +0.051 +0.095 +0.091
 +0.005 +0.089 -0.084 -0.059 -0.042 +0.077 -0.004 +0.106 +0.059 -0.097
 +0.054 -0.050 -0.037 +0.055 -0.002 -0.038 -0.043 -0.083 +0.113 -0.062
 -0.039 -0.070 +0.091 +0.007 -0.036 -0.044 -0.112 +0.001 +0.006 +0.010
 -0.125 +0.099 -0.063 -0.062 -0.042 -0.049 +0.090 -0.088 +0.027 -0.022
 +0.005 +0.010 +0.066 +0.072 +0.101 -0.093 +0.108 +0.057 +0.084 -0.042
 +0.009 +0.040 +0.023 +0.095 -0.070 -0.050 +0.026 -0.087 -0.033 -0.036
 +0.094 -0.079 -0.093 -0.120 +0.031 -0.050 +0.047 -0.038 +0.026 -0.011
 +0.046 +0.003 -0.108 -0.010 -0.062 -0.032 -0.048 +0.100 +0.060 -0.104
 +0.039 +0.058 +0.007 -0.049 +0.072 -0.047 -0.045 -0.016 -0.052 +0.049
 -0.002 -0.049 +0.062 +0.102 +0.036 -0.060 -0.107 +0.059 -0.014 -0.043
 +0.052 -0.047 +0.015 +0.039 -0.054 +0.013 +0.005 -0.029 +0.094 +0.103
 +0.028 +0.041 +0.069 +0.029 -0.036 +0.082 +0.105 -0.033 -0.037 -0.043
 +0.094 +0.111 +0.002 -0.071 +0.090 -0.044 +0.066 -0.115 +0.011 +0.024
 +0.066 -0.015 -0.080 -0.089 +0.029 +0.080 +0.023 -0.061 +0.032 -0.027
 -0.080 +0.018 +0.066 +0.105 +0.010 -0.029 +0.054 -0.035 -0.076 +0.019
 +0.066 -0.069 -0.028 +0.050 -0.010 +0.075 -0.002 -0.080 +0.012 +0.020
 +0.095 -0.067 +0.026 +0.010 +0.032 +0.016 -0.025 -0.054 -0.089 -0.033
 +0.038 -0.124 +0.056 +0.059 -0.043 +0.116 +0.041 +0.052 +0.100 -0.054
 -0.049 -0.058 -0.040 +0.057 -0.029 -0.073 -0.091 -0.004 +0.061 -0.005
 -0.042 -0.071 -0.030 -0.009 +0.043 +0.016 +0.064 -0.051 +0.099 -0.034
 -0.018 +0.005 -0.115 +0.019 -0.030 +0.022 -0.015 +0.009 +0.091 +0.004
 +0.065 +0.057 +0.010 -0.057 +0.063 -0.036 -0.001 -0.032 +0.056 -0.021
 -0.027 -0.072 +0.070 +0.054 -0.095 +0.063 +0.023 -0.072 +0.007 +0.019
 +0.098 +0.033 -0.011 +0.019 -0.022 +0.064 -0.078 +0.085 -0.007 -0.035
 +0.038 +0.080 -0.034 +0.025 +0.043 -0.069 +0.041 -0.047 -0.025 -0.025
 +0.024 -0.056 -0.018 -0.061 +0.077 +0.021 +0.096 -0.022 +0.004 -0.065
 -0.026 -0.088 -0.004 -0.000 -0.003 +0.071 +0.093 -0.068 -0.036 -0.065
 +0.044 +0.012 +0.087 -0.034 +0.093 +0.065 +0.044 +0.022 +0.037 -0.011
 +0.086 +0.067 +0.048 +0.003 -0.099 -0.086 +0.036 +0.034 +0.055 +0.084
 -0.013 +0.052 +0.023 +0.064 -0.072 -0.013 -0.010 +0.029 -0.086 -0.021
 -0.046 -0.082 +0.026 +0.064 +0.062 -0.013 -0.041 +0.007 -0.048 -0.113
 -0.074 +0.041 +0.031 +0.059 +0.085 +0.048 +0.054 -0.054 +0.118 +0.065
 -0.084 +0.025 -0.075 -0.019 -0.006 +0.012 +0.086 -0.020 -0.013 +0.103
 +0.053 -0.063 +0.030 -0.039 -0.030 +0.110 +0.074 +0.005 -0.057 +0.084
 +0.031 +0.080 +0.037 -0.081 -0.007 -0.053 +0.067 -0.072 +0.076 -0.073
 -0.081 -0.021 -0.034 +0.066 -0.064 +0.020 +0.058 -0.003 -0.028 +0.091
 -0.106 +0.021 -0.048 -0.062 +0.032 +0.045 -0.046 +0.036 -0.026 +0.026
 -0.010 -0.051 +0.012 +0.054 -0.008 +0.071 +0.024 -0.004 -0.076 -0.117
 -0.076 -0.032 +0.084 -0.101 +0.044 -0.001 -0.013 +0.037 +0.003 -0.014
 -0.079 +0.057 +0.035 +0.069 -0.081 +0.050 +0.081 -0.027 -0.070 +0.019
 -0.015 +0.052 +0.109 +0.037 +0.084 +0.034 -0.005 -0.005 +0.021 -0.072
 +0.005 -0.031 +0.044 +0.077 -0.093 -0.002 +0.056 +0.008 +0.009 +0.041
 +0.056 -0.022 +0.016 +0.075 +1.901 -0.076 -0.035 +0.099 +0.039 -0.042
 -0.073 -0.026 +0.027 +0.019 -0.073 -0.095 -0.017 -0.047 -0.073 +0.012
 -0.010 -0.105 +0.028 -0.028 -0.040 +0.044 -0.063 +0.052 +0.022 -0.040
 +0.041 -0.013 -0.044 -0.124 +0.082 +0.025 +0.065 +0.061 +0.010 +0.044
 -0.068 +0.028 -0.105 +0.046 -0.011 +0.067 -0.014 +0.007 +0.006 +0.098
 +0.068 -0.050 -0.092 +0.024 -0.104 +0.050 -0.089 -0.065 -0.084 -0.016
 -0.047 -0.006 -0.022 +0.115 +0.054 -0.107 +0.028 -0.023 -0.037 -0.061
 +0.091 -0.041 +0.052 -0.119 -0.042 +0.043 +0.025 -0.031 +0.069 -0.059
 -0.023 -0.041 +0.118 +0.013 +0.034 +0.085 -0.020 -0.029 +0.053 -0.026
 -0.050 +0.092 +0.066 -0.095 +0.083 +0.083 +0.057 +0.062 -0.018 -0.109
 -0.074 +0.038 -0.019 +0.087 -0.039 -0.054 -0.061 +0.015 -0.046 +0.048
 +0.103 +0.028 -0.072 -0.070 -0.050 +0.095 +0.078 +0.020 -0.096 +0.095
 +0.017 +0.109 -0.018 -0.030 +0.041 +0.045 +0.014 -0.097 -0.050 +0.775
 +0.087 +0.051 -0.045 +0.009 -0.041 +0.124 +0.071 -0.002 +0.095 +0.050
 -0.041 -0.045 +0.038 -0.024 -0.005 -0.073 +0.040 -0.063 +0.028 +0.094
 +0.079 +0.065 +0.044 +0.039 -0.070 +0.066 +0.014 +0.002 +0.062 +0.038
 +0.008 -0.083 +0.075 -0.009 +0.061 -0.072 -0.116 +0.065 -0.070 +0.033
 +0.054 +0.062 -0.032 +0.069 -0.064 -0.039 -0.055 +0.036 -0.088 -0.073
 -0.059 +0.064 -0.033 +0.027 +0.045 -0.087 +0.043 +0.007 +0.047 -0.030
 -0.009 -0.083 +0.034 +0.084 +0.031 -0.119 -0.056 +0.084 -0.002 +0.059
 +0.091 +0.019 +0.036 -0.057 -0.044 -0.006 +0.068 -0.070 +0.080 +0.053
 -0.007 -0.013 -0.077 -0.078 -0.038 -0.013 -0.095 -0.120 -0.081 +0.104
 -0.010 -0.038 -0.041 +0.003 +0.053 -0.071 +0.010 +0.017 +0.069 -0.065
 -0.068 +0.083 +0.058 -0.081 -0.070 +0.051 -0.024 +0.021 +0.075 -0.086
 -0.015 -0.060 -0.041 +0.026 +0.044 -0.050 -0.077 -0.098 +0.076 -0.007
 +0.045 +0.074 -0.004 -0.080 -0.020 -0.018 +0.060 +0.012 -0.018 -0.085
 -0.068 -0.048 -0.107 +0.006 +0.027 +0.102 -0.073 +0.015 -0.023 -0.016
 +0.034 -0.039 +0.031 +0.049 -0.014 -0.016 -0.064 -0.080 +0.047 -0.106
 +0.039 -0.001 +0.033 -0.102 +0.034 -0.064 +0.039 +0.044 +0.011 -0.083
 +0.019 -0.107 -0.102 +0.098 +0.103 +0.014 +0.058 -0.031 +0.003 +0.039
 +0.068 +0.023 +0.029 -0.054 +0.008 -0.063 +0.027 -0.092 -0.083 -0.046
 -0.036 +0.013 -0.061 +0.068 +0.072 -0.017 -0.043 -0.001 +0.110 -0.077
 +0.093 +0.074 +0.031 -0.062 -0.109 -0.100 -0.054 -0.082 -0.065 +0.068
 -0.017 -0.007 -0.030 +0.051 +0.081 -0.087 -0.055 +0.125 -0.104 +0.037
 +0.030 +0.015 -0.091 +0.054 -0.032 -0.059 +0.063 -0.064 +0.081 -0.008
 -0.110 +0.070 +0.114 -0.044 +0.058 +0.049 +0.024 -0.089 -0.068 -0.041
 +0.072 +0.069 -0.109 +0.100 -0.044 +0.026 -0.069 -0.020 -0.110 -0.048
 -0.070 -0.068 -0.011 -0.067 -0.038 -0.075 -0.000 -0.062 -0.068 +0.097
 +0.008 -0.012 +0.092 -0.085 +0.009 +0.035 -0.056 +0.076 -0.042 +0.075
 +0.036 +0.019 -0.055 +0.041 +0.088 +0.093 -0.036 -0.041 +0.024 -0.041
 +0.032 -0.023 -0.074 +0.059 -0.023 +0.093 +0.041 +0.088 +0.040 -0.035
 +0.042 -0.013 +0.050 +0.064 -0.006 -0.036 +0.062 +0.066 -0.059 -0.006
 +0.105 +0.073 -0.032 +0.039 +0.060 +0.057 +0.089 +0.096 -0.120 -0.029
 +0.064 -0.062 +0.053 -0.097 -0.015 -0.114 +0.084 -0.087 +0.057 +0.024
 -0.082 -0.049 +0.018 +0.024 +0.063 -0.016 -0.047 +0.076 -0.090 +0.015
 -0.026 +0.097 -0.010 +0.030 +0.045 -0.028 +0.024 +0.087 -0.006 +0.080
 +0.060 -0.051 -0.091 +0.066 +0.005 +0.067 -0.095 +0.105 +0.012 +0.062
 +0.027 -0.033 -0.009 +0.060 -0.011 -0.118 +0.117 -0.113 -0.006 +0.065
 -0.071 -0.002 +0.027 -0.063 +0.030 +0.038 -0.059 -0.032 -0.066 +0.066
 -0.048 +0.061 -0.025 +0.069 +0.016 +0.008 +0.050 -0.006 -0.005 +0.038
 -0.066 +0.023 +0.104 -0.011 +0.059 +0.080 -0.057 -0.000 -0.099 +0.090
 +0.039 +0.044 -0.001 -0.006 +0.106 -0.051 -0.108 +0.017 +0.077 -0.050]

---------------------------- Optimal solution -----------------------------
Primal variables:         [+0.093 +0.040 +0.060 +0.104 +0.080 +0.089 +0.011 +0.101 +0.066 +0.065
 +0.010 +0.037 +0.072 +0.048 +0.060 +0.076 +0.064 +0.005 +0.061 +0.083
 +0.099 +0.010 +0.098 +0.050 +0.049 +0.109 +0.018 +0.077 +0.017 +0.088
 +0.004 +0.058 +0.018 +0.033 +0.005 +0.026 +0.073 +0.085 +0.076 +0.036
 +0.054 +0.057 +0.032 +0.050 +0.107 +0.054 +0.043 +0.079 +0.094 +0.003
 +0.031 +0.086 +0.050 +0.001 +0.046 +0.036 +0.066 +0.035 +0.107 +0.064
 +0.014 +0.057 +0.039 +0.002 +0.010 +0.085 +0.046 +0.021 +0.068 +0.070
 +0.029 +0.014 +0.051 +0.042 +0.044 +0.041 +0.032 +0.060 +0.047 +0.085
 +0.076 +0.084 +0.031 +0.023 +0.055 +0.014 +0.019 +0.027 +0.005 +0.025
 +0.068 +0.069 +0.058 +0.080 +0.089 +0.041 +0.087 +0.096 +0.064 +0.071
 +0.032 +0.042 +0.014 +0.023 +0.082 +0.063 +0.069 +0.104 +0.010 +0.014
 +0.044 +0.024 +0.058 +0.090 +0.066 +0.020 +0.041 +0.031 +0.076 +0.028
 +0.083 +0.030 +0.005 +0.102 +0.056 +0.080 +0.065 +0.108 +0.017 +0.045
 +0.054 +0.074 +0.081 +0.005 +0.061 +0.103 +0.094 +0.022 +0.066 +0.046
 +0.049 +0.005 +0.001 +0.055 +0.042 +0.063 +0.017 +0.097 +0.001 +0.083
 +0.084 +0.062 +0.107 +0.001 +0.015 +0.023 +0.051 +0.088 +0.065 +0.045
 +0.040 +0.075 +0.068 +0.086 +0.009 +0.006 +0.042 +0.052 +0.083 +0.061
 +0.023 +0.100 +0.021 +0.026 +0.015 +0.021 +0.076 +0.062 +0.078 +0.018
 +0.052 +0.092 +0.060 +0.095 +0.005 +0.031 +0.033 +0.093 +0.079 +0.038
 +0.046 +0.091 +0.010 +0.021 +0.031 +0.061 +0.018 +0.022 +0.100 +0.009
 +0.054 +0.063 +0.005 +0.104 +0.018 +0.008 +0.081 +0.065 +0.092 +0.093
 +0.098 +0.066 +0.019 +0.090 +0.029 +0.033 +0.013 +0.027 +0.064 +0.028
 +0.022 +0.097 +0.010 +0.023 +0.076 +0.078 +0.061 +0.103 +0.105 +0.069
 +0.053 +0.064 +0.054 +0.107 +0.092 +0.062 +0.089 +0.093 +0.026 +0.026
 +0.095 +0.087 +0.035 +0.069 +0.085 +0.083 +0.105 +0.088 +0.028 +0.106
 +0.056 +0.015 +0.053 +0.064 +0.056 +0.028 +0.105 +0.001 +0.053 +0.029
 +0.104 +0.069 +0.070 +0.092 +0.002 +0.004 +0.033 +0.103 +0.080 +0.028
 +0.013 +0.043 +0.052 +0.079 +0.012 +0.090 +0.072 +0.030 +0.005 +0.039
 +0.066 +0.070 +0.021 +0.097 +0.092 +0.081 +0.020 +0.020 +0.070 +0.075
 +0.056 +0.086 +0.066 +0.085 +0.017 +0.003 +0.043 +0.085 +0.017 +0.068
 +0.001 +0.003 +0.029 +0.054 +0.039 +0.089 +0.052 +0.016 +0.093 +0.070
 +0.031 +0.106 +0.060 +0.048 +0.050 +0.010 +0.059 +0.053 +0.015 +0.047
 +0.030 +0.036 +0.082 +0.083 +0.043 +0.049 +0.005 +0.039 +0.031 +0.091
 +0.072 +0.003 +0.086 +0.036 +0.065 +0.099 +0.100 +0.047 +0.102 +0.086
 +0.104 +0.037 +0.053 +0.086 +0.041 +0.016 +0.030 +0.053 +0.041 +0.029
 +0.011 +0.062 +0.079 +0.091 +0.108 +0.088 +0.038 +0.029 +0.096 +0.102
 +0.106 +0.104 +0.101 +0.031 +0.096 +0.096 +0.101 +0.074 +0.087 +0.001
 +0.054 +0.095 +0.058 +0.091 +0.046 +0.024 +0.050 +0.000 +0.051 +0.043
 +0.002 +0.040 +0.108 +0.071 +0.024 +0.031 +0.049 +0.070 +0.047 +0.005
 +0.102 +0.060 +0.061 +0.088 +0.054 +0.075 +0.078 +0.044 +0.107 +0.063
 +0.069 +0.006 +0.074 +0.069 +0.092 +0.103 +0.105 +0.102 +0.055 +0.037
 +0.028 +0.058 +0.019 +0.037 +0.052 +0.081 +0.071 +0.022 +0.047 +0.097
 +0.001 +0.098 +0.031 +0.041 +0.101 +0.080 +0.083 +0.065 +0.050 +0.031
 +0.082 +0.063 +0.082 +0.096 +0.061 +0.011 +0.033 +0.047 +0.001 +0.006
 +0.062 +0.047 +0.020 +0.054 +0.047 +0.047 +0.032 +0.061 +0.084 +0.049
 +0.073 +0.057 +0.009 +0.086 +0.082 +0.017 +0.030 +0.106 +0.090 +0.093
 +0.102 +0.065 +0.041 +0.057 +0.051 +0.108 +0.058 +0.032 +0.022 +0.009
 +0.041 +0.108 +0.034 +0.006 +0.103 +0.001 +0.004 +0.036 +0.019 +0.087
 +0.049 +0.024 +0.027 +0.067 +0.000 +0.100 +0.043 +0.014 +0.103 +0.080
 +0.070 +0.046 +0.039 +0.052 +0.019 +0.077 +0.052 +0.033 +0.018 +0.036
 +0.009 +0.023 +0.070 +0.022 +0.109 +0.003 +0.029 +0.035 +0.024 +0.041
 +0.019 +0.012 +0.016 +0.103 +0.094 +0.105 +0.009 +0.008 +0.051 +0.087
 +0.071 +0.025 +0.016 +0.003 +0.092 +0.064 +0.025 +0.068 +0.100 +0.014
 +0.020 +0.012 +0.021 +0.102 +0.021 +0.076 +0.103 +0.042 +0.050 +0.096
 +0.102 +0.022 +0.054 +0.035 +0.091 +0.004 +0.098 +0.045 +0.065 +0.083
 +0.018 +0.029 +0.060 +0.087 +0.063 +0.053 +0.059 +0.097 +0.035 +0.043
 +0.084 +0.017 +0.068 +0.077 +0.077 +0.020 +0.049 +0.071 +0.029 +0.080
 +0.096 +0.054 +0.005 +0.002 +0.060 +0.064 +0.032 +0.026 +0.091 +0.057
 +0.094 +0.068 +0.083 +0.042 +0.102 +0.037 +0.067 +0.025 +0.017 +0.104
 +0.057 +0.090 +0.011 +0.047 +0.035 +0.038 +0.078 +0.039 +0.049 +0.083
 +0.037 +0.081 +0.093 +0.016 +0.079 +0.080 +0.017 +0.106 +0.094 +0.000
 +0.035 +0.043 +0.031 +0.012 +0.081 +0.079 +0.084 +0.076 +0.076 +0.075
 +0.091 +0.012 +0.098 +0.044 +0.046 +0.013 +0.097 +0.038 +0.091 +0.075
 +0.064 +0.029 +0.102 +0.106 +0.076 +0.094 +0.066 +0.047 +0.097 +0.069
 +0.049 +0.014 +0.093 +0.060 +0.057 +0.013 +0.102 +0.055 +0.061 +0.043
 +0.004 +0.084 +0.064 +0.002 +0.084 +0.055 +0.102 +0.002 +0.015 +0.083
 +0.016 +0.035 +0.051 +0.051 +0.087 +0.011 +0.090 +0.067 +0.088 +0.048
 +0.095 +0.076 +0.015 +0.063 +0.073 +0.045 +0.010 +0.043 +0.102 +0.019
 +0.099 +0.025 +0.008 +0.012 +0.053 +0.047 +0.099 +0.040 +0.065 +0.068
 +0.070 +0.038 +0.031 +0.047 +0.040 +0.019 +0.101 +0.108 +0.091 +0.021
 +0.103 +0.039 +0.101 +0.043 +0.042 +0.099 +0.096 +0.006 +0.038 +0.014
 +0.071 +0.061 +0.089 +0.060 +0.047 +0.024 +0.009 +0.079 +0.094 +0.041
 +0.032 +0.075 +0.025 +0.035 +0.089 +0.063 +0.064 +0.027 +0.098 +0.002
 +0.003 +0.082 +0.062 +0.015 +0.067 +0.038 +0.004 +0.029 +0.108 +0.090
 +0.036 +0.018 +0.030 +0.021 +0.087 +0.054 +0.064 +0.084 +0.024 +0.061
 +0.012 +0.033 +0.082 +0.082 +0.062 +0.090 +0.030 +0.084 +0.056 +0.041
 +0.005 +0.010 +0.075 +0.017 +0.032 +0.107 +0.090 +0.077 +0.072 +0.038
 +0.084 +0.094 +0.021 +0.059 +0.062 +0.059 +0.074 +0.030 +0.084 +0.051
 +0.089 +0.011 +0.053 +0.088 +0.008 +0.020 +0.073 +0.066 +0.047 +0.004
 +0.106 +0.054 +0.004 +0.104 +0.007 +0.089 +0.060 +0.030 +0.017 +0.094
 +0.015 +0.014 +0.022 +0.039 +0.095 +0.035 +0.069 +0.107 +0.070 +0.043
 +0.050 +0.026 +0.079 +0.049 +0.108 +0.055 +0.069 +0.043 +0.090 +0.034
 +0.058 +0.097 +0.004 +0.085 +0.046 +0.066 +0.078 +0.059 +0.027 +0.017
 +0.059 +0.075 +0.100 +0.101 +0.015 +0.093 +0.049 +0.028 +0.106 +0.025
 +0.020 +0.079 +0.035 +0.096 +0.004 +0.016 +0.082 +0.090 +0.067 +0.053
 +0.035 +0.015 +0.100 +0.018 +0.087 +0.070 +0.013 +0.083 +0.007 +0.064
 +0.047 +0.070 +0.001 +0.026 +0.091 +0.033 +0.015 +0.076 +0.082 +0.024
 +0.092 +0.054 +0.025 +0.094 +0.021 +0.048 +0.094 +0.059 +0.098 +0.072
 +0.022 +0.001 +0.065 +0.065 +0.032 +0.048 +0.014 +0.081 +0.048 +0.105
 +0.089 +0.099 +0.068 +0.056 +0.080 +0.011 +0.046 +0.102 +0.062 +0.024
 +0.073 +0.097 +0.008 +0.000 +0.037 +0.011 +0.098 +0.073 +0.069 +0.078
 +0.103 +0.057 +0.013 +0.069 +0.018 +0.097 +0.105 +0.072 +0.076 +0.050
 +0.093 +0.099 +0.068 +0.026 +0.079 +0.103 +0.007 +0.057 +0.023 +0.041
 +0.082 +0.009 +0.083 +0.105 +0.028 +0.053 +0.011 +0.064 +0.029 +0.085
 +0.034 +0.072 +0.062 +0.084 +0.022 +0.022 +0.102 +0.009 +0.089 +0.007
 +0.065 +0.038 +0.032 +0.072 +0.071 +0.047 +0.094 +0.068 +0.086 +0.033
 +0.035 +0.050 +0.021 +0.098 +0.053 +0.020 +0.093 +0.092 +0.101 +0.029
 +0.104 +0.031 +0.023 +0.064 +0.101 +0.071 +0.076 +0.099 +0.011 +0.078
 +0.040 +0.082 +0.089 +0.095 +0.050 +0.054 +0.027 +0.080 +0.061 +0.085
 +0.058 +0.000 +0.014 +0.101 +0.043 +0.011 +0.010 +0.063 +0.050 +0.107]
Dual slacks:              [+0.000 +0.000 +0.000 +0.000 +0.000 +0.000 +0.000 +0.000 +0.000 +0.000
 +0.000 +0.000 +0.000 +0.000 +0.000 +0.000 +0.000 +0.000 +0.000 +0.000
 +0.000 +0.000 +0.000 +0.000 +0.000 +0.000 +0.000 +0.000 +0.000 +0.000
 +0.000 +0.000 +0.000 +0.000 +0.000 +0.000 +0.000 +0.000 +0.000 +0.000
 +0.000 +0.000 +0.000 +0.000 +0.000 +0.000 +0.000 +0.000 +0.000 +0.000
 +0.000 +0.000 +0.000 +0.000 +0.000 +0.000 +0.000 +0.000 +0.000 +0.000
 +0.000 +0.000 +0.000 +0.000 +0.000 +0.000 +0.000 +0.000 +0.000 +0.000
 +0.000 +0.000 +0.000 +0.000 +0.000 +0.000 +0.000 +0.000 +0.000 +0.000
 +0.000 +0.000 +0.000 +0.000 +0.000 +0.000 +0.000 +0.000 +0.000 +0.000
 +0.000 +0.000 +0.000 +0.000 +0.000 +0.000 +0.000 +0.000 +0.000 +0.000
 +0.000 +0.000 +0.000 +0.000 +0.000 +0.000 +0.000 +0.000 +0.000 +0.000
 +0.000 +0.000 +0.000 +0.000 +0.000 +0.000 +0.000 +0.000 +0.000 +0.000
 +0.000 +0.000 +0.000 +0.000 +0.000 +0.000 +0.000 +0.000 +0.000 +0.000
 +0.000 +0.000 +0.000 +0.000 +0.000 +0.000 +0.000 +0.000 +0.000 +0.000
 +0.000 +0.000 +0.000 +0.000 +0.000 +0.000 +0.000 +0.000 +0.000 +0.000
 +0.000 +0.000 +0.000 +0.000 +0.000 +0.000 +0.000 +0.000 +0.000 +0.000
 +0.000 +0.000 +0.000 +0.000 +0.000 +0.000 +0.000 +0.000 +0.000 +0.000
 +0.000 +0.000 +0.000 +0.000 +0.000 +0.000 +0.000 +0.000 +0.000 +0.000
 +0.000 +0.000 +0.000 +0.000 +0.000 +0.000 +0.000 +0.000 +0.000 +0.000
 +0.000 +0.000 +0.000 +0.000 +0.000 +0.000 +0.000 +0.000 +0.000 +0.000
 +0.000 +0.000 +0.000 +0.000 +0.000 +0.000 +0.000 +0.000 +0.000 +0.000
 +0.000 +0.000 +0.000 +0.000 +0.000 +0.000 +0.000 +0.000 +0.000 +0.000
 +0.000 +0.000 +0.000 +0.000 +0.000 +0.000 +0.000 +0.000 +0.000 +0.000
 +0.000 +0.000 +0.000 +0.000 +0.000 +0.000 +0.000 +0.000 +0.000 +0.000
 +0.000 +0.000 +0.000 +0.000 +0.000 +0.000 +0.000 +0.000 +0.000 +0.000
 +0.000 +0.000 +0.000 +0.000 +0.000 +0.000 +0.000 +0.000 +0.000 +0.000
 +0.000 +0.000 +0.000 +0.000 +0.000 +0.000 +0.000 +0.000 +0.000 +0.000
 +0.000 +0.000 +0.000 +0.000 +0.000 +0.000 +0.000 +0.000 +0.000 +0.000
 +0.000 +0.000 +0.000 +0.000 +0.000 +0.000 +0.000 +0.000 +0.000 +0.000
 +0.000 +0.000 +0.000 +0.000 +0.000 +0.000 +0.000 +0.000 +0.000 +0.000
 +0.000 +0.000 +0.000 +0.000 +0.000 +0.000 +0.000 +0.000 +0.000 +0.000
 +0.000 +0.000 +0.000 +0.000 +0.000 +0.000 +0.000 +0.000 +0.000 +0.000
 +0.000 +0.000 +0.000 +0.000 +0.000 +0.000 +0.000 +0.000 +0.000 +0.000
 +0.000 +0.000 +0.000 +0.000 +0.000 +0.000 +0.000 +0.000 +0.000 +0.000
 +0.000 +0.000 +0.000 +0.000 +0.000 +0.000 +0.000 +0.000 +0.000 +0.000
 +0.000 +0.000 +0.000 +0.000 +0.000 +0.000 +0.000 +0.000 +0.000 +0.000
 +0.000 +0.000 +0.000 +0.000 +0.000 +0.000 +0.000 +0.000 +0.000 +0.000
 +0.000 +0.000 +0.000 +0.000 +0.000 +0.000 +0.000 +0.000 +0.000 +0.000
 +0.000 +0.000 +0.000 +0.000 +0.000 +0.000 +0.000 +0.000 +0.000 +0.000
 +0.000 +0.000 +0.000 +0.000 +0.000 +0.000 +0.000 +0.000 +0.000 +0.000
 +0.000 +0.000 +0.000 +0.000 +0.000 +0.000 +0.000 +0.000 +0.000 +0.000
 +0.000 +0.000 +0.000 +0.000 +0.000 +0.000 +0.000 +0.000 +0.000 +0.000
 +0.000 +0.000 +0.000 +0.000 +0.000 +0.000 +0.000 +0.000 +0.000 +0.000
 +0.000 +0.000 +0.000 +0.000 +0.000 +0.000 +0.000 +0.000 +0.000 +0.000
 +0.000 +0.000 +0.000 +0.000 +0.000 +0.000 +0.000 +0.000 +0.000 +0.000
 +0.000 +0.000 +0.000 +0.000 +0.000 +0.000 +0.000 +0.000 +0.000 +0.000
 +0.000 +0.000 +0.000 +0.000 +0.000 +0.000 +0.000 +0.000 +0.000 +0.000
 +0.000 +0.000 +0.000 +0.000 +0.000 +0.000 +0.000 +0.000 +0.000 +0.000
 +0.000 +0.000 +0.000 +0.000 +1.888 +0.000 +0.000 +0.000 +0.000 +0.000
 +0.000 +0.000 +0.000 +0.000 +0.000 +0.000 +0.000 +0.000 +0.000 +0.000
 +0.000 +0.000 +0.000 +0.000 +0.000 +0.000 +0.000 +0.000 +0.000 +0.000
 +0.000 +0.000 +0.000 +0.000 +0.000 +0.000 +0.000 +0.000 +0.000 +0.000
 +0.000 +0.000 +0.000 +0.000 +0.000 +0.000 +0.000 +0.000 +0.000 +0.000
 +0.000 +0.000 +0.000 +0.000 +0.000 +0.000 +0.000 +0.000 +0.000 +0.000
 +0.000 +0.000 +0.000 +0.000 +0.000 +0.000 +0.000 +0.000 +0.000 +0.000
 +0.000 +0.000 +0.000 +0.000 +0.000 +0.000 +0.000 +0.000 +0.000 +0.000
 +0.000 +0.000 +0.000 +0.000 +0.000 +0.000 +0.000 +0.000 +0.000 +0.000
 +0.000 +0.000 +0.000 +0.000 +0.000 +0.000 +0.000 +0.000 +0.000 +0.000
 +0.000 +0.000 +0.000 +0.000 +0.000 +0.000 +0.000 +0.000 +0.000 +0.000
 +0.000 +0.000 +0.000 +0.000 +0.000 +0.000 +0.000 +0.000 +0.000 +0.000
 +0.000 +0.000 +0.000 +0.000 +0.000 +0.000 +0.000 +0.000 +0.000 +0.659
 +0.000 +0.000 +0.000 +0.000 +0.000 +0.000 +0.000 +0.000 +0.000 +0.000
 +0.000 +0.000 +0.000 +0.000 +0.000 +0.000 +0.000 +0.000 +0.000 +0.000
 +0.000 +0.000 +0.000 +0.000 +0.000 +0.000 +0.000 +0.000 +0.000 +0.000
 +0.000 +0.000 +0.000 +0.000 +0.000 +0.000 +0.000 +0.000 +0.000 +0.000
 +0.000 +0.000 +0.000 +0.000 +0.000 +0.000 +0.000 +0.000 +0.000 +0.000
 +0.000 +0.000 +0.000 +0.000 +0.000 +0.000 +0.000 +0.000 +0.000 +0.000
 +0.000 +0.000 +0.000 +0.000 +0.000 +0.000 +0.000 +0.000 +0.000 +0.000
 +0.000 +0.000 +0.000 +0.000 +0.000 +0.000 +0.000 +0.000 +0.000 +0.000
 +0.000 +0.000 +0.000 +0.000 +0.000 +0.000 +0.000 +0.000 +0.000 +0.000
 +0.000 +0.000 +0.000 +0.000 +0.000 +0.000 +0.000 +0.000 +0.000 +0.000
 +0.000 +0.000 +0.000 +0.000 +0.000 +0.000 +0.000 +0.000 +0.000 +0.000
 +0.000 +0.000 +0.000 +0.000 +0.000 +0.000 +0.000 +0.000 +0.000 +0.000
 +0.000 +0.000 +0.000 +0.000 +0.000 +0.000 +0.000 +0.000 +0.000 +0.000
 +0.000 +0.000 +0.000 +0.000 +0.000 +0.000 +0.000 +0.000 +0.000 +0.000
 +0.000 +0.000 +0.000 +0.000 +0.000 +0.000 +0.000 +0.000 +0.000 +0.000
 +0.000 +0.000 +0.000 +0.000 +0.000 +0.000 +0.000 +0.000 +0.000 +0.000
 +0.000 +0.000 +0.000 +0.000 +0.000 +0.000 +0.000 +0.000 +0.000 +0.000
 +0.000 +0.000 +0.000 +0.000 +0.000 +0.000 +0.000 +0.000 +0.000 +0.000
 +0.000 +0.000 +0.000 +0.000 +0.000 +0.000 +0.000 +0.000 +0.000 +0.000
 +0.000 +0.000 +0.000 +0.000 +0.000 +0.000 +0.000 +0.000 +0.000 +0.000
 +0.000 +0.000 +0.000 +0.000 +0.000 +0.000 +0.000 +0.000 +0.000 +0.000
 +0.000 +0.000 +0.000 +0.000 +0.000 +0.000 +0.000 +0.000 +0.000 +0.000
 +0.000 +0.000 +0.000 +0.000 +0.000 +0.000 +0.000 +0.000 +0.000 +0.000
 +0.000 +0.000 +0.000 +0.000 +0.000 +0.000 +0.000 +0.000 +0.000 +0.000
 +0.000 +0.000 +0.000 +0.000 +0.000 +0.000 +0.000 +0.000 +0.000 +0.000
 +0.000 +0.000 +0.000 +0.000 +0.000 +0.000 +0.000 +0.000 +0.000 +0.000
 +0.000 +0.000 +0.000 +0.000 +0.000 +0.000 +0.000 +0.000 +0.000 +0.000
 +0.000 +0.000 +0.000 +0.000 +0.000 +0.000 +0.000 +0.000 +0.000 +0.000
 +0.000 +0.000 +0.000 +0.000 +0.000 +0.000 +0.000 +0.000 +0.000 +0.000
 +0.000 +0.000 +0.000 +0.000 +0.000 +0.000 +0.000 +0.000 +0.000 +0.000
 +0.000 +0.000 +0.000 +0.000 +0.000 +0.000 +0.000 +0.000 +0.000 +0.000
 +0.000 +0.000 +0.000 +0.000 +0.000 +0.000 +0.000 +0.000 +0.000 +0.000
 +0.000 +0.000 +0.000 +0.000 +0.000 +0.000 +0.000 +0.000 +0.000 +0.000
 +0.000 +0.000 +0.000 +0.000 +0.000 +0.000 +0.000 +0.000 +0.000 +0.000
 +0.000 +0.000 +0.000 +0.000 +0.000 +0.000 +0.000 +0.000 +0.000 +0.000
 +0.000 +0.000 +0.000 +0.000 +0.000 +0.000 +0.000 +0.000 +0.000 +0.000
 +0.000 +0.000 +0.000 +0.000 +0.000 +0.000 +0.000 +0.000 +0.000 +0.000
 +0.000 +0.000 +0.000 +0.000 +0.000 +0.000 +0.000 +0.000 +0.000 +0.000
 +0.000 +0.000 +0.000 +0.000 +0.000 +0.000 +0.000 +0.000 +0.000 +0.000]
Dual variables:           [+1.719 +1.022]

Optimal objective:       +2.58980182e-02
===========================================================================

Method:                  II-QIPM
LO_Precision:            1.00e-01
Stop_Precision:          1.00e-03
LO_Verbosity:            2
Omega:                   1.00e+01

The Quantum Inexact Infeasible Interior-Point Method starts running ...


                  Objective                Residual                                Linear system           Step-length
Iter      Primal           Dual         Primal    Dual     Compl    ||Resl||  Cond-Num  ||M||   ||RHS||    a-star   a-hat      Time
   0   3.18109827e+01  0.00000000e+00  5.86e+00 7.93e+00  2.78e+03  5.84e+00  4.00e+00 1.00e+00 5.84e+00  9.88e-01 9.75e-01      0s
   1   6.18666402e+00  2.29648255e-02  1.13e+00 5.67e-01  2.21e+02  8.98e-01  4.27e+00 4.88e+01 9.59e+01  9.72e-01 9.29e-01      1s
   2   3.72940577e-01  2.29648255e-02  4.08e+00 5.25e-01  2.07e+02  6.83e+01  3.90e+00 7.00e+02 6.83e+01  4.89e-01 7.27e-02      1s
   3  -2.59319595e+00  2.29648255e-02  6.67e+00 5.08e-01  2.01e+02  8.22e+01  3.87e+00 7.74e+02 8.22e+01  4.49e-01 3.33e-02      2s
   4  -5.37307647e+00  2.29648255e-02  9.12e+00 4.93e-01  1.95e+02  8.95e+01  3.85e+00 8.12e+02 8.95e+01  4.30e-01 2.96e-02      3s
   5  -8.00018386e+00  2.29648255e-02  1.14e+01 4.80e-01  1.90e+02  9.65e+01  3.83e+00 8.48e+02 9.65e+01  4.12e-01 2.67e-02      4s
   6  -1.04819646e+01  2.29648255e-02  1.37e+01 4.68e-01  1.86e+02  1.03e+02  3.82e+00 8.82e+02 1.03e+02  3.96e-01 2.41e-02      5s
   7  -1.28377541e+01  2.29648255e-02  1.58e+01 4.58e-01  1.83e+02  1.10e+02  3.80e+00 9.16e+02 1.10e+02  3.81e-01 2.19e-02      5s
   8  -1.50739137e+01  2.29648255e-02  1.78e+01 4.49e-01  1.79e+02  1.16e+02  3.79e+00 9.48e+02 1.16e+02  3.68e-01 1.99e-02      6s
   9  -1.72052788e+01  2.29648255e-02  1.97e+01 4.41e-01  1.76e+02  1.22e+02  3.78e+00 9.79e+02 1.22e+02  3.55e-01 1.83e-02      7s
  10  -1.92372474e+01  2.29648255e-02  2.15e+01 4.33e-01  1.74e+02  1.29e+02  3.77e+00 1.01e+03 1.29e+02  3.43e-01 1.68e-02      8s
  11  -2.11789848e+01  2.29648255e-02  2.33e+01 4.26e-01  1.71e+02  1.34e+02  3.76e+00 1.04e+03 1.34e+02  3.32e-01 1.55e-02      9s
  12  -2.30371346e+01  2.29648255e-02  2.49e+01 4.20e-01  1.69e+02  1.40e+02  3.75e+00 1.07e+03 1.40e+02  3.21e-01 1.44e-02     10s
  13  -2.48179484e+01  2.29648255e-02  2.65e+01 4.15e-01  1.67e+02  1.46e+02  3.74e+00 1.09e+03 1.46e+02  3.11e-01 1.33e-02     11s
  14  -2.65255866e+01  2.29648255e-02  2.81e+01 4.10e-01  1.65e+02  1.51e+02  3.74e+00 1.12e+03 1.51e+02  3.02e-01 1.24e-02     12s
  15  -2.81656871e+01  2.29648255e-02  2.96e+01 4.05e-01  1.63e+02  1.57e+02  3.73e+00 1.15e+03 1.57e+02  2.93e-01 1.16e-02     13s
  16  -2.97419468e+01  2.29648255e-02  3.10e+01 4.00e-01  1.62e+02  1.62e+02  3.72e+00 1.17e+03 1.62e+02  2.85e-01 1.08e-02     14s
  17  -3.12609353e+01  2.29648255e-02  3.24e+01 3.96e-01  1.60e+02  1.67e+02  3.72e+00 1.20e+03 1.67e+02  2.77e-01 1.01e-02     15s
  18  -3.27243296e+01  2.29648255e-02  3.37e+01 3.93e-01  1.59e+02  1.72e+02  3.72e+00 1.22e+03 1.72e+02  2.70e-01 9.52e-03     16s
  19  -3.41366440e+01  2.29648255e-02  3.50e+01 3.89e-01  1.58e+02  1.77e+02  3.71e+00 1.24e+03 1.77e+02  2.63e-01 8.96e-03     17s
  20  -3.54993641e+01  2.29648255e-02  3.63e+01 3.86e-01  1.56e+02  1.82e+02  3.71e+00 1.27e+03 1.82e+02  2.56e-01 8.44e-03     18s
  21  -3.68166120e+01  2.29648255e-02  3.75e+01 3.83e-01  1.55e+02  1.87e+02  3.71e+00 1.29e+03 1.87e+02  2.50e-01 7.97e-03     19s
  22  -3.80909595e+01  2.29648255e-02  3.86e+01 3.80e-01  1.54e+02  1.92e+02  3.71e+00 1.31e+03 1.92e+02  2.44e-01 7.54e-03     20s
  23  -3.93248473e+01  2.29648255e-02  3.97e+01 3.77e-01  1.53e+02  1.96e+02  3.70e+00 1.33e+03 1.96e+02  2.38e-01 7.15e-03     21s
  24  -4.05193955e+01  2.29648255e-02  4.08e+01 3.75e-01  1.52e+02  2.01e+02  3.70e+00 1.36e+03 2.01e+02  2.32e-01 6.77e-03     22s
  25  -4.16768764e+01  2.29648255e-02  4.19e+01 3.72e-01  1.51e+02  2.06e+02  3.70e+00 1.38e+03 2.06e+02  2.27e-01 6.43e-03     23s
  26  -4.28005659e+01  2.29648255e-02  4.29e+01 3.70e-01  1.51e+02  2.10e+02  3.70e+00 1.40e+03 2.10e+02  2.22e-01 6.12e-03     24s
  27  -4.38902519e+01  2.29648255e-02  4.39e+01 3.68e-01  1.50e+02  2.14e+02  3.71e+00 1.42e+03 2.14e+02  2.17e-01 5.83e-03     26s
  28  -4.49500518e+01  2.29648255e-02  4.49e+01 3.66e-01  1.49e+02  2.19e+02  3.71e+00 1.44e+03 2.19e+02  2.13e-01 5.56e-03     27s
  29  -4.59786423e+01  2.29648255e-02  4.58e+01 3.64e-01  1.48e+02  2.23e+02  3.71e+00 1.46e+03 2.23e+02  2.08e-01 5.30e-03     28s
  30  -4.69798800e+01  2.29648255e-02  4.68e+01 3.62e-01  1.48e+02  2.27e+02  3.71e+00 1.48e+03 2.27e+02  2.04e-01 5.07e-03     29s
  31  -4.79534567e+01  2.29648255e-02  4.77e+01 3.60e-01  1.47e+02  2.31e+02  3.71e+00 1.50e+03 2.31e+02  2.00e-01 4.85e-03     30s
  32  -4.89010364e+01  2.29648255e-02  4.85e+01 3.58e-01  1.46e+02  2.35e+02  3.72e+00 1.52e+03 2.35e+02  1.96e-01 4.64e-03     31s
  33  -4.98241947e+01  2.29648255e-02  4.94e+01 3.57e-01  1.46e+02  2.39e+02  3.72e+00 1.53e+03 2.39e+02  1.92e-01 4.45e-03     32s
  34  -5.07235243e+01  2.29648255e-02  5.02e+01 3.55e-01  1.45e+02  2.43e+02  3.72e+00 1.55e+03 2.43e+02  1.89e-01 4.27e-03     34s
  35  -5.16004878e+01  2.29648255e-02  5.10e+01 3.54e-01  1.45e+02  2.47e+02  3.72e+00 1.57e+03 2.47e+02  1.85e-01 4.10e-03     35s
  36  -5.24556154e+01  2.29648255e-02  5.18e+01 3.52e-01  1.44e+02  2.51e+02  3.73e+00 1.59e+03 2.51e+02  1.82e-01 3.93e-03     36s
  37  -5.32902652e+01  2.29648255e-02  5.26e+01 3.51e-01  1.44e+02  2.55e+02  3.73e+00 1.61e+03 2.55e+02  1.79e-01 3.78e-03     37s
  38  -5.41040949e+01  2.29648255e-02  5.33e+01 3.50e-01  1.43e+02  2.58e+02  3.74e+00 1.63e+03 2.58e+02  1.76e-01 3.64e-03     38s
  39  -5.48999985e+01  2.29648255e-02  5.40e+01 3.49e-01  1.43e+02  2.62e+02  3.74e+00 1.64e+03 2.62e+02  1.73e-01 3.51e-03     39s
  40  -5.56768004e+01  2.29648255e-02  5.48e+01 3.47e-01  1.42e+02  2.66e+02  3.74e+00 1.66e+03 2.66e+02  1.70e-01 3.38e-03     41s
  41  -5.64364719e+01  2.29648255e-02  5.55e+01 3.46e-01  1.42e+02  2.70e+02  3.75e+00 1.68e+03 2.70e+02  1.67e-01 3.26e-03     42s
  42  -5.71793832e+01  2.29648255e-02  5.61e+01 3.45e-01  1.42e+02  2.73e+02  3.75e+00 1.69e+03 2.73e+02  1.64e-01 3.14e-03     43s
  43  -5.79051730e+01  2.29648255e-02  5.68e+01 3.44e-01  1.41e+02  2.77e+02  3.76e+00 1.71e+03 2.77e+02  1.61e-01 3.03e-03     44s
  44  -5.86156568e+01  2.29648255e-02  5.75e+01 3.43e-01  1.41e+02  2.80e+02  3.76e+00 1.73e+03 2.80e+02  1.59e-01 2.93e-03     45s
  45  -5.93111556e+01  2.29648255e-02  5.81e+01 3.42e-01  1.40e+02  2.84e+02  3.77e+00 1.74e+03 2.84e+02  1.56e-01 2.83e-03     47s
  46  -5.99919857e+01  2.29648255e-02  5.87e+01 3.41e-01  1.40e+02  2.87e+02  3.78e+00 1.76e+03 2.87e+02  1.54e-01 2.74e-03     48s
  47  -6.06584589e+01  2.29648255e-02  5.93e+01 3.40e-01  1.40e+02  2.91e+02  3.78e+00 1.78e+03 2.91e+02  1.52e-01 2.65e-03     49s
  48  -6.13115350e+01  2.29648255e-02  5.99e+01 3.40e-01  1.39e+02  2.94e+02  3.79e+00 1.79e+03 2.94e+02  1.49e-01 2.57e-03     50s
  49  -6.19514869e+01  2.29648255e-02  6.05e+01 3.39e-01  1.39e+02  2.97e+02  3.79e+00 1.81e+03 2.97e+02  1.47e-01 2.49e-03     51s
  50  -6.25792109e+01  2.29648255e-02  6.11e+01 3.38e-01  1.39e+02  3.01e+02  3.80e+00 1.82e+03 3.01e+02  1.45e-01 2.41e-03     53s
  51  -6.31943292e+01  2.29648255e-02  6.17e+01 3.37e-01  1.39e+02  3.04e+02  3.81e+00 1.84e+03 3.04e+02  1.43e-01 2.34e-03     54s
  52  -6.37977056e+01  2.29648255e-02  6.22e+01 3.36e-01  1.38e+02  3.07e+02  3.81e+00 1.85e+03 3.07e+02  1.41e-01 2.27e-03     55s
  53  -6.43889789e+01  2.29648255e-02  6.28e+01 3.36e-01  1.38e+02  3.11e+02  3.82e+00 1.87e+03 3.11e+02  1.39e-01 2.20e-03     57s
  54  -6.49701430e+01  2.29648255e-02  6.33e+01 3.35e-01  1.38e+02  3.14e+02  3.82e+00 1.88e+03 3.14e+02  1.37e-01 2.14e-03     58s
  55  -6.55402332e+01  2.29648255e-02  6.39e+01 3.34e-01  1.37e+02  3.17e+02  3.83e+00 1.90e+03 3.17e+02  1.35e-01 2.08e-03     59s
  56  -6.60994696e+01  2.29648255e-02  6.44e+01 3.33e-01  1.37e+02  3.20e+02  3.84e+00 1.91e+03 3.20e+02  1.34e-01 2.02e-03     60s
  57  -6.66491675e+01  2.29648255e-02  6.49e+01 3.33e-01  1.37e+02  3.23e+02  3.84e+00 1.93e+03 3.23e+02  1.32e-01 1.96e-03     62s
  58  -6.71889561e+01  2.29648255e-02  6.54e+01 3.32e-01  1.37e+02  3.26e+02  3.85e+00 1.94e+03 3.26e+02  1.30e-01 1.91e-03     63s
  59  -6.77190231e+01  2.29648255e-02  6.59e+01 3.32e-01  1.37e+02  3.29e+02  3.86e+00 1.96e+03 3.29e+02  1.28e-01 1.86e-03     64s
  60  -6.82400743e+01  2.29648255e-02  6.63e+01 3.31e-01  1.36e+02  3.32e+02  3.87e+00 1.97e+03 3.32e+02  1.27e-01 1.81e-03     65s
  61  -6.87522716e+01  2.29648255e-02  6.68e+01 3.30e-01  1.36e+02  3.36e+02  3.87e+00 1.99e+03 3.36e+02  1.25e-01 1.76e-03     67s
  62  -6.92557743e+01  2.29648255e-02  6.73e+01 3.30e-01  1.36e+02  3.39e+02  3.88e+00 2.00e+03 3.39e+02  1.24e-01 1.71e-03     68s
  63  -6.97512348e+01  2.29648255e-02  6.77e+01 3.29e-01  1.36e+02  3.42e+02  3.89e+00 2.02e+03 3.42e+02  1.22e-01 1.67e-03     69s
  64  -7.02383022e+01  2.29648255e-02  6.82e+01 3.29e-01  1.35e+02  3.45e+02  3.89e+00 2.03e+03 3.45e+02  1.21e-01 1.63e-03     71s
  65  -7.07171285e+01  2.29648255e-02  6.86e+01 3.28e-01  1.35e+02  3.48e+02  3.90e+00 2.04e+03 3.48e+02  1.19e-01 1.59e-03     72s
  66  -7.11883346e+01  2.29648255e-02  6.91e+01 3.28e-01  1.35e+02  3.50e+02  3.91e+00 2.06e+03 3.50e+02  1.18e-01 1.55e-03     73s
  67  -7.16525149e+01  2.29648255e-02  6.95e+01 3.27e-01  1.35e+02  3.53e+02  3.92e+00 2.07e+03 3.53e+02  1.17e-01 1.51e-03     75s
  68  -7.21088681e+01  2.29648255e-02  6.99e+01 3.27e-01  1.35e+02  3.56e+02  3.92e+00 2.09e+03 3.56e+02  1.15e-01 1.47e-03     76s
  69  -7.25584354e+01  2.29648255e-02  7.03e+01 3.26e-01  1.35e+02  3.59e+02  3.93e+00 2.10e+03 3.59e+02  1.14e-01 1.44e-03     77s
  70  -7.30008833e+01  2.29648255e-02  7.08e+01 3.26e-01  1.34e+02  3.62e+02  3.94e+00 2.11e+03 3.62e+02  1.13e-01 1.40e-03     79s
  71  -7.34367700e+01  2.29648255e-02  7.12e+01 3.25e-01  1.34e+02  3.65e+02  3.95e+00 2.13e+03 3.65e+02  1.11e-01 1.37e-03     80s
  72  -7.38662016e+01  2.29648255e-02  7.16e+01 3.25e-01  1.34e+02  3.68e+02  3.96e+00 2.14e+03 3.68e+02  1.10e-01 1.34e-03     81s
  73  -7.42888592e+01  2.29648255e-02  7.19e+01 3.24e-01  1.34e+02  3.71e+02  3.96e+00 2.15e+03 3.71e+02  1.09e-01 1.31e-03     83s
  74  -7.47056930e+01  2.29648255e-02  7.23e+01 3.24e-01  1.34e+02  3.73e+02  3.97e+00 2.17e+03 3.73e+02  1.08e-01 1.28e-03     84s
  75  -7.51163799e+01  2.29648255e-02  7.27e+01 3.24e-01  1.34e+02  3.76e+02  3.98e+00 2.18e+03 3.76e+02  1.07e-01 1.25e-03     86s
  76  -7.55210195e+01  2.29648255e-02  7.31e+01 3.23e-01  1.33e+02  3.79e+02  3.99e+00 2.19e+03 3.79e+02  1.06e-01 1.22e-03     87s
  77  -7.59201090e+01  2.29648255e-02  7.35e+01 3.23e-01  1.33e+02  3.82e+02  4.00e+00 2.21e+03 3.82e+02  1.04e-01 1.20e-03     88s
  78  -7.39253508e+01  2.30648194e-02  7.15e+01 3.14e-01  1.30e+02  1.29e-01  4.00e+00 2.22e+03 3.85e+02  4.13e-01 2.62e-02     90s
  79  -7.43605604e+01  2.30648194e-02  7.19e+01 3.14e-01  1.30e+02  3.69e+02  3.95e+00 2.22e+03 3.69e+02  1.11e-01 1.36e-03     91s
  80  -7.47880434e+01  2.30648194e-02  7.23e+01 3.14e-01  1.30e+02  3.71e+02  3.96e+00 2.24e+03 3.71e+02  1.09e-01 1.32e-03     93s
  81  -7.52087904e+01  2.30648194e-02  7.27e+01 3.13e-01  1.30e+02  3.74e+02  3.97e+00 2.25e+03 3.74e+02  1.08e-01 1.29e-03     94s
  82  -7.56233322e+01  2.30648194e-02  7.31e+01 3.13e-01  1.30e+02  3.77e+02  3.98e+00 2.26e+03 3.77e+02  1.07e-01 1.26e-03     95s
  83  -7.60321781e+01  2.30648194e-02  7.35e+01 3.12e-01  1.29e+02  3.80e+02  3.99e+00 2.28e+03 3.80e+02  1.06e-01 1.24e-03     97s
  84  -7.64350111e+01  2.30648194e-02  7.39e+01 3.12e-01  1.29e+02  3.83e+02  3.99e+00 2.29e+03 3.83e+02  1.05e-01 1.21e-03     98s
  85  -7.44258600e+01  2.31616551e-02  7.19e+01 3.04e-01  1.26e+02  6.85e-02  4.00e+00 2.30e+03 3.85e+02  4.14e-01 2.62e-02     99s
  86  -7.48682429e+01  2.31616551e-02  7.23e+01 3.03e-01  1.26e+02  3.70e+02  3.95e+00 2.30e+03 3.70e+02  1.11e-01 1.38e-03    100s
  87  -7.52997298e+01  2.31616551e-02  7.27e+01 3.03e-01  1.26e+02  3.72e+02  3.96e+00 2.32e+03 3.72e+02  1.10e-01 1.33e-03    102s
  88  -7.57244171e+01  2.31616551e-02  7.31e+01 3.03e-01  1.26e+02  3.75e+02  3.97e+00 2.33e+03 3.75e+02  1.09e-01 1.30e-03    103s
  89  -7.61432592e+01  2.31616551e-02  7.35e+01 3.02e-01  1.26e+02  3.78e+02  3.98e+00 2.35e+03 3.78e+02  1.07e-01 1.27e-03    105s
  90  -7.65559312e+01  2.31616551e-02  7.39e+01 3.02e-01  1.25e+02  3.81e+02  3.98e+00 2.36e+03 3.81e+02  1.06e-01 1.25e-03    106s
  91  -7.69629400e+01  2.31616551e-02  7.43e+01 3.01e-01  1.25e+02  3.84e+02  3.99e+00 2.38e+03 3.84e+02  1.05e-01 1.22e-03    107s
  92  -7.49389645e+01  2.32554083e-02  7.23e+01 2.94e-01  1.22e+02  1.54e-02  4.00e+00 2.39e+03 3.86e+02  4.14e-01 2.63e-02    108s
  93  -7.53859345e+01  2.32554083e-02  7.27e+01 2.93e-01  1.22e+02  3.70e+02  3.95e+00 2.39e+03 3.70e+02  1.12e-01 1.39e-03    110s
  94  -7.58214577e+01  2.32554083e-02  7.31e+01 2.93e-01  1.22e+02  3.73e+02  3.96e+00 2.41e+03 3.73e+02  1.10e-01 1.34e-03    111s
  95  -7.62501170e+01  2.32554083e-02  7.35e+01 2.92e-01  1.22e+02  3.76e+02  3.97e+00 2.42e+03 3.76e+02  1.09e-01 1.31e-03    112s
  96  -7.66728755e+01  2.32554083e-02  7.39e+01 2.92e-01  1.22e+02  3.79e+02  3.97e+00 2.44e+03 3.79e+02  1.08e-01 1.28e-03    114s
  97  -7.70894052e+01  2.32554083e-02  7.43e+01 2.92e-01  1.22e+02  3.82e+02  3.98e+00 2.45e+03 3.82e+02  1.07e-01 1.26e-03    115s
  98  -7.75002176e+01  2.32554083e-02  7.47e+01 2.91e-01  1.21e+02  3.85e+02  3.99e+00 2.47e+03 3.85e+02  1.06e-01 1.23e-03    117s
  99  -7.79049938e+01  2.32554083e-02  7.51e+01 2.91e-01  1.21e+02  3.88e+02  4.00e+00 2.48e+03 3.88e+02  1.05e-01 1.20e-03    118s
 100  -7.58808394e+01  2.33444616e-02  7.31e+01 2.83e-01  1.19e+02  2.17e-01  4.01e+00 2.50e+03 3.90e+02  4.11e-01 2.58e-02    119s
 101  -7.63252324e+01  2.33444616e-02  7.36e+01 2.83e-01  1.18e+02  3.74e+02  3.96e+00 2.50e+03 3.74e+02  1.11e-01 1.37e-03    120s
 102  -7.67582526e+01  2.33444616e-02  7.40e+01 2.83e-01  1.18e+02  3.77e+02  3.96e+00 2.51e+03 3.77e+02  1.09e-01 1.32e-03    122s
 103  -7.71848828e+01  2.33444616e-02  7.44e+01 2.82e-01  1.18e+02  3.80e+02  3.97e+00 2.53e+03 3.80e+02  1.08e-01 1.29e-03    123s
 104  -7.76052261e+01  2.33444616e-02  7.47e+01 2.82e-01  1.18e+02  3.83e+02  3.98e+00 2.54e+03 3.83e+02  1.07e-01 1.26e-03    125s
 105  -7.80193840e+01  2.33444616e-02  7.51e+01 2.82e-01  1.18e+02  3.86e+02  3.99e+00 2.56e+03 3.86e+02  1.06e-01 1.24e-03    126s
 106  -7.84274565e+01  2.33444616e-02  7.55e+01 2.81e-01  1.18e+02  3.89e+02  4.00e+00 2.58e+03 3.89e+02  1.05e-01 1.21e-03    127s
 107  -7.63890316e+01  2.34306961e-02  7.36e+01 2.74e-01  1.15e+02  1.70e-01  4.01e+00 2.59e+03 3.91e+02  4.11e-01 2.59e-02    128s
 108  -7.68348110e+01  2.34306961e-02  7.40e+01 2.74e-01  1.15e+02  3.75e+02  3.96e+00 2.59e+03 3.75e+02  1.11e-01 1.37e-03    130s
 109  -7.72713674e+01  2.34306961e-02  7.44e+01 2.73e-01  1.15e+02  3.78e+02  3.96e+00 2.61e+03 3.78e+02  1.10e-01 1.33e-03    131s
 110  -7.77019123e+01  2.34306961e-02  7.48e+01 2.73e-01  1.15e+02  3.81e+02  3.97e+00 2.62e+03 3.81e+02  1.09e-01 1.30e-03    132s
 111  -7.81261115e+01  2.34306961e-02  7.52e+01 2.73e-01  1.14e+02  3.84e+02  3.98e+00 2.64e+03 3.84e+02  1.07e-01 1.27e-03    134s
 112  -7.85436493e+01  2.34306961e-02  7.56e+01 2.72e-01  1.14e+02  3.87e+02  3.99e+00 2.66e+03 3.87e+02  1.06e-01 1.24e-03    135s
 113  -7.89558759e+01  2.34306961e-02  7.59e+01 2.72e-01  1.14e+02  3.90e+02  4.00e+00 2.67e+03 3.90e+02  1.05e-01 1.22e-03    137s
 114  -7.69049741e+01  2.35141078e-02  7.40e+01 2.65e-01  1.11e+02  1.26e-01  4.00e+00 2.69e+03 3.93e+02  4.12e-01 2.59e-02    138s
 115  -7.73593551e+01  2.35141078e-02  7.44e+01 2.64e-01  1.11e+02  3.77e+02  3.95e+00 2.69e+03 3.77e+02  1.11e-01 1.40e-03    139s
 116  -7.77998910e+01  2.35141078e-02  7.48e+01 2.64e-01  1.11e+02  3.80e+02  3.96e+00 2.71e+03 3.80e+02  1.10e-01 1.34e-03    140s
 117  -7.82339250e+01  2.35141078e-02  7.52e+01 2.64e-01  1.11e+02  3.82e+02  3.97e+00 2.72e+03 3.82e+02  1.09e-01 1.31e-03    142s
 118  -7.86615617e+01  2.35141078e-02  7.56e+01 2.63e-01  1.11e+02  3.85e+02  3.98e+00 2.74e+03 3.85e+02  1.08e-01 1.28e-03    143s
 119  -7.90829041e+01  2.35141078e-02  7.60e+01 2.63e-01  1.11e+02  3.88e+02  3.99e+00 2.76e+03 3.88e+02  1.07e-01 1.25e-03    145s
 120  -7.94984693e+01  2.35141078e-02  7.64e+01 2.63e-01  1.11e+02  3.91e+02  3.99e+00 2.77e+03 3.91e+02  1.06e-01 1.23e-03    146s
 121  -7.74326595e+01  2.35948494e-02  7.44e+01 2.56e-01  1.08e+02  9.07e-02  4.00e+00 2.79e+03 3.94e+02  4.12e-01 2.59e-02    147s
 122  -7.78848029e+01  2.35948494e-02  7.48e+01 2.56e-01  1.08e+02  3.78e+02  3.95e+00 2.79e+03 3.78e+02  1.12e-01 1.39e-03    148s
 123  -7.83293700e+01  2.35948494e-02  7.52e+01 2.55e-01  1.08e+02  3.81e+02  3.96e+00 2.81e+03 3.81e+02  1.11e-01 1.35e-03    150s
 124  -7.87669363e+01  2.35948494e-02  7.56e+01 2.55e-01  1.08e+02  3.84e+02  3.97e+00 2.83e+03 3.84e+02  1.09e-01 1.32e-03    151s
 125  -7.91980531e+01  2.35948494e-02  7.60e+01 2.55e-01  1.08e+02  3.86e+02  3.98e+00 2.84e+03 3.86e+02  1.08e-01 1.29e-03    153s
 126  -7.96232493e+01  2.35948494e-02  7.64e+01 2.54e-01  1.07e+02  3.89e+02  3.99e+00 2.86e+03 3.89e+02  1.07e-01 1.26e-03    154s
 127  -8.00421946e+01  2.35948494e-02  7.68e+01 2.54e-01  1.07e+02  3.92e+02  3.99e+00 2.88e+03 3.92e+02  1.06e-01 1.23e-03    155s
 128  -7.79634157e+01  2.36729260e-02  7.48e+01 2.47e-01  1.05e+02  5.54e-02  4.00e+00 2.90e+03 3.95e+02  4.12e-01 2.59e-02    156s
 129  -7.84228913e+01  2.36729260e-02  7.53e+01 2.47e-01  1.05e+02  3.79e+02  3.95e+00 2.90e+03 3.79e+02  1.12e-01 1.40e-03    158s
 130  -7.88706072e+01  2.36729260e-02  7.57e+01 2.47e-01  1.05e+02  3.82e+02  3.96e+00 2.91e+03 3.82e+02  1.11e-01 1.36e-03    159s
 131  -7.93121566e+01  2.36729260e-02  7.61e+01 2.46e-01  1.04e+02  3.85e+02  3.97e+00 2.93e+03 3.85e+02  1.10e-01 1.33e-03    161s
 132  -7.97467610e+01  2.36729260e-02  7.65e+01 2.46e-01  1.04e+02  3.88e+02  3.98e+00 2.95e+03 3.88e+02  1.08e-01 1.30e-03    162s
 133  -8.01753964e+01  2.36729260e-02  7.69e+01 2.46e-01  1.04e+02  3.91e+02  3.98e+00 2.97e+03 3.91e+02  1.07e-01 1.27e-03    163s
 134  -8.05973075e+01  2.36729260e-02  7.73e+01 2.45e-01  1.04e+02  3.94e+02  3.99e+00 2.99e+03 3.94e+02  1.06e-01 1.24e-03    165s
 135  -7.85052744e+01  2.37484102e-02  7.53e+01 2.39e-01  1.02e+02  2.69e-02  4.00e+00 3.01e+03 3.96e+02  4.12e-01 2.59e-02    166s
 136  -7.89693855e+01  2.37484102e-02  7.57e+01 2.39e-01  1.02e+02  3.80e+02  3.95e+00 3.01e+03 3.80e+02  1.12e-01 1.42e-03    167s
 137  -7.94211632e+01  2.37484102e-02  7.61e+01 2.38e-01  1.01e+02  3.83e+02  3.96e+00 3.03e+03 3.83e+02  1.11e-01 1.37e-03    169s
 138  -7.98658259e+01  2.37484102e-02  7.65e+01 2.38e-01  1.01e+02  3.86e+02  3.97e+00 3.04e+03 3.86e+02  1.10e-01 1.33e-03    170s
 139  -8.03039336e+01  2.37484102e-02  7.70e+01 2.38e-01  1.01e+02  3.89e+02  3.98e+00 3.06e+03 3.89e+02  1.09e-01 1.30e-03    171s
 140  -8.07360237e+01  2.37484102e-02  7.74e+01 2.37e-01  1.01e+02  3.92e+02  3.98e+00 3.08e+03 3.92e+02  1.08e-01 1.28e-03    173s
 141  -8.11613344e+01  2.37484102e-02  7.78e+01 2.37e-01  1.01e+02  3.95e+02  3.99e+00 3.10e+03 3.95e+02  1.06e-01 1.25e-03    174s
 142  -7.90558245e+01  2.38213763e-02  7.57e+01 2.31e-01  9.86e+01  3.60e-03  4.00e+00 3.12e+03 3.98e+02  4.12e-01 2.59e-02    175s
 143  -7.95231973e+01  2.38213763e-02  7.62e+01 2.31e-01  9.84e+01  3.81e+02  3.95e+00 3.12e+03 3.81e+02  1.13e-01 1.42e-03    177s
 144  -7.99781509e+01  2.38213763e-02  7.66e+01 2.30e-01  9.83e+01  3.85e+02  3.96e+00 3.14e+03 3.85e+02  1.11e-01 1.37e-03    178s
 145  -8.04263885e+01  2.38213763e-02  7.70e+01 2.30e-01  9.82e+01  3.87e+02  3.97e+00 3.16e+03 3.87e+02  1.10e-01 1.34e-03    179s
 146  -8.08680177e+01  2.38213763e-02  7.74e+01 2.30e-01  9.81e+01  3.90e+02  3.97e+00 3.18e+03 3.90e+02  1.09e-01 1.31e-03    181s
 147  -8.13035801e+01  2.38213763e-02  7.78e+01 2.29e-01  9.80e+01  3.93e+02  3.98e+00 3.20e+03 3.93e+02  1.08e-01 1.28e-03    182s
 148  -8.17323078e+01  2.38213763e-02  7.82e+01 2.29e-01  9.79e+01  3.96e+02  3.99e+00 3.22e+03 3.96e+02  1.07e-01 1.25e-03    184s
 149  -8.21547406e+01  2.38213763e-02  7.86e+01 2.29e-01  9.77e+01  3.99e+02  4.00e+00 3.24e+03 3.99e+02  1.06e-01 1.22e-03    185s
 150  -8.00514756e+01  2.38905750e-02  7.66e+01 2.23e-01  9.55e+01  2.45e-01  4.01e+00 3.26e+03 4.02e+02  4.09e-01 2.55e-02    186s
 151  -8.05141551e+01  2.38905750e-02  7.71e+01 2.23e-01  9.54e+01  3.86e+02  3.96e+00 3.26e+03 3.86e+02  1.12e-01 1.39e-03    188s
 152  -8.09659059e+01  2.38905750e-02  7.75e+01 2.22e-01  9.53e+01  3.89e+02  3.97e+00 3.28e+03 3.89e+02  1.10e-01 1.35e-03    189s
 153  -8.14105508e+01  2.38905750e-02  7.79e+01 2.22e-01  9.52e+01  3.92e+02  3.97e+00 3.30e+03 3.92e+02  1.09e-01 1.32e-03    190s
 154  -8.18490878e+01  2.38905750e-02  7.83e+01 2.22e-01  9.50e+01  3.95e+02  3.98e+00 3.32e+03 3.95e+02  1.08e-01 1.29e-03    192s
 155  -8.22807439e+01  2.38905750e-02  7.87e+01 2.22e-01  9.49e+01  3.98e+02  3.99e+00 3.34e+03 3.98e+02  1.07e-01 1.26e-03    193s
 156  -8.27064880e+01  2.38905750e-02  7.91e+01 2.21e-01  9.48e+01  4.01e+02  4.00e+00 3.36e+03 4.01e+02  1.06e-01 1.23e-03    195s
 157  -8.05905609e+01  2.39574898e-02  7.71e+01 2.16e-01  9.27e+01  2.26e-01  4.01e+00 3.38e+03 4.04e+02  4.09e-01 2.54e-02    196s
 158  -8.10531396e+01  2.39574898e-02  7.75e+01 2.15e-01  9.25e+01  3.87e+02  3.96e+00 3.38e+03 3.87e+02  1.12e-01 1.39e-03    197s
 159  -8.15079762e+01  2.39574898e-02  7.79e+01 2.15e-01  9.24e+01  3.90e+02  3.97e+00 3.40e+03 3.90e+02  1.11e-01 1.35e-03    198s
 160  -8.19561070e+01  2.39574898e-02  7.84e+01 2.15e-01  9.23e+01  3.93e+02  3.97e+00 3.43e+03 3.93e+02  1.09e-01 1.32e-03    200s
 161  -8.23976392e+01  2.39574898e-02  7.88e+01 2.15e-01  9.22e+01  3.96e+02  3.98e+00 3.45e+03 3.96e+02  1.08e-01 1.29e-03    201s
 162  -8.28326789e+01  2.39574898e-02  7.92e+01 2.14e-01  9.21e+01  3.99e+02  3.99e+00 3.47e+03 3.99e+02  1.07e-01 1.26e-03    203s
 163  -8.32617591e+01  2.39574898e-02  7.96e+01 2.14e-01  9.20e+01  4.02e+02  4.00e+00 3.49e+03 4.02e+02  1.06e-01 1.24e-03    204s
 164  -8.11351860e+01  2.40221284e-02  7.75e+01 2.09e-01  8.99e+01  2.10e-01  4.01e+00 3.51e+03 4.05e+02  4.09e-01 2.54e-02    205s
 165  -8.16055858e+01  2.40221284e-02  7.80e+01 2.08e-01  8.98e+01  3.89e+02  3.96e+00 3.51e+03 3.89e+02  1.12e-01 1.41e-03    207s
 166  -8.20634951e+01  2.40221284e-02  7.84e+01 2.08e-01  8.97e+01  3.92e+02  3.96e+00 3.53e+03 3.92e+02  1.11e-01 1.36e-03    208s
 167  -8.25146535e+01  2.40221284e-02  7.88e+01 2.08e-01  8.96e+01  3.95e+02  3.97e+00 3.55e+03 3.95e+02  1.10e-01 1.33e-03    209s
 168  -8.29596140e+01  2.40221284e-02  7.92e+01 2.07e-01  8.95e+01  3.98e+02  3.98e+00 3.58e+03 3.98e+02  1.08e-01 1.30e-03    211s
 169  -8.33975918e+01  2.40221284e-02  7.97e+01 2.07e-01  8.93e+01  4.01e+02  3.99e+00 3.60e+03 4.01e+02  1.07e-01 1.27e-03    212s
 170  -8.38291380e+01  2.40221284e-02  8.01e+01 2.07e-01  8.92e+01  4.04e+02  4.00e+00 3.62e+03 4.04e+02  1.06e-01 1.24e-03    214s
 171  -8.16916881e+01  2.40845567e-02  7.80e+01 2.02e-01  8.72e+01  2.01e-01  4.01e+00 3.64e+03 4.07e+02  4.08e-01 2.54e-02    215s
 172  -8.21680972e+01  2.40845567e-02  7.85e+01 2.01e-01  8.71e+01  3.90e+02  3.96e+00 3.64e+03 3.90e+02  1.12e-01 1.42e-03    216s
 173  -8.26290725e+01  2.40845567e-02  7.89e+01 2.01e-01  8.70e+01  3.93e+02  3.96e+00 3.67e+03 3.93e+02  1.11e-01 1.36e-03    218s
 174  -8.30827977e+01  2.40845567e-02  7.93e+01 2.01e-01  8.69e+01  3.96e+02  3.97e+00 3.69e+03 3.96e+02  1.10e-01 1.33e-03    219s
 175  -8.35302910e+01  2.40845567e-02  7.97e+01 2.01e-01  8.68e+01  3.99e+02  3.98e+00 3.71e+03 3.99e+02  1.09e-01 1.30e-03    220s
 176  -8.39712040e+01  2.40845567e-02  8.01e+01 2.00e-01  8.67e+01  4.02e+02  3.99e+00 3.74e+03 4.02e+02  1.07e-01 1.27e-03    222s
 177  -8.44056420e+01  2.40845567e-02  8.06e+01 2.00e-01  8.66e+01  4.05e+02  4.00e+00 3.76e+03 4.05e+02  1.06e-01 1.25e-03    223s
 178  -8.22550044e+01  2.41449027e-02  7.85e+01 1.95e-01  8.46e+01  1.98e-01  4.01e+00 3.78e+03 4.08e+02  4.08e-01 2.54e-02    224s
 179  -8.27265066e+01  2.41449027e-02  7.89e+01 1.95e-01  8.45e+01  3.92e+02  3.96e+00 3.78e+03 3.92e+02  1.13e-01 1.40e-03    226s
 180  -8.31905834e+01  2.41449027e-02  7.94e+01 1.94e-01  8.44e+01  3.95e+02  3.96e+00 3.81e+03 3.95e+02  1.11e-01 1.37e-03    227s
 181  -8.36473614e+01  2.41449027e-02  7.98e+01 1.94e-01  8.43e+01  3.98e+02  3.97e+00 3.83e+03 3.98e+02  1.10e-01 1.34e-03    228s
 182  -8.40978656e+01  2.41449027e-02  8.02e+01 1.94e-01  8.42e+01  4.01e+02  3.98e+00 3.85e+03 4.01e+02  1.09e-01 1.31e-03    230s
 183  -8.45417450e+01  2.41449027e-02  8.06e+01 1.94e-01  8.41e+01  4.04e+02  3.99e+00 3.88e+03 4.04e+02  1.08e-01 1.28e-03    231s
 184  -8.49791058e+01  2.41449027e-02  8.10e+01 1.93e-01  8.40e+01  4.07e+02  4.00e+00 3.90e+03 4.07e+02  1.07e-01 1.25e-03    233s
 185  -8.28174793e+01  2.42031815e-02  7.90e+01 1.89e-01  8.21e+01  1.93e-01  4.01e+00 3.93e+03 4.10e+02  4.08e-01 2.53e-02    234s
 186  -8.32930835e+01  2.42031815e-02  7.94e+01 1.88e-01  8.20e+01  3.93e+02  3.96e+00 3.92e+03 3.93e+02  1.13e-01 1.41e-03    235s
 187  -8.37602593e+01  2.42031815e-02  7.99e+01 1.88e-01  8.19e+01  3.96e+02  3.96e+00 3.95e+03 3.96e+02  1.11e-01 1.37e-03    236s
 188  -8.42200874e+01  2.42031815e-02  8.03e+01 1.88e-01  8.18e+01  3.99e+02  3.97e+00 3.97e+03 3.99e+02  1.10e-01 1.34e-03    238s
 189  -8.46731461e+01  2.42031815e-02  8.07e+01 1.88e-01  8.17e+01  4.02e+02  3.98e+00 4.00e+03 4.02e+02  1.09e-01 1.31e-03    239s
 190  -8.51199904e+01  2.42031815e-02  8.11e+01 1.87e-01  8.16e+01  4.05e+02  3.99e+00 4.03e+03 4.05e+02  1.08e-01 1.28e-03    241s
 191  -8.55598319e+01  2.42031815e-02  8.16e+01 1.87e-01  8.15e+01  4.08e+02  4.00e+00 4.05e+03 4.08e+02  1.07e-01 1.25e-03    242s
 192  -8.33870986e+01  2.42594587e-02  7.95e+01 1.82e-01  7.96e+01  1.94e-01  4.01e+00 4.08e+03 4.11e+02  4.08e-01 2.53e-02    243s
 193  -8.38658589e+01  2.42594587e-02  7.99e+01 1.82e-01  7.95e+01  3.95e+02  3.96e+00 4.07e+03 3.95e+02  1.13e-01 1.42e-03    245s
 194  -8.43356645e+01  2.42594587e-02  8.04e+01 1.82e-01  7.94e+01  3.98e+02  3.96e+00 4.10e+03 3.98e+02  1.12e-01 1.38e-03    246s
 195  -8.47985451e+01  2.42594587e-02  8.08e+01 1.82e-01  7.93e+01  4.01e+02  3.97e+00 4.13e+03 4.01e+02  1.10e-01 1.35e-03    247s
 196  -8.52546109e+01  2.42594587e-02  8.12e+01 1.81e-01  7.92e+01  4.04e+02  3.98e+00 4.15e+03 4.04e+02  1.09e-01 1.32e-03    249s
 197  -8.57039709e+01  2.42594587e-02  8.17e+01 1.81e-01  7.91e+01  4.07e+02  3.99e+00 4.18e+03 4.07e+02  1.08e-01 1.29e-03    250s
 198  -8.61467323e+01  2.42594587e-02  8.21e+01 1.81e-01  7.91e+01  4.10e+02  4.00e+00 4.20e+03 4.10e+02  1.07e-01 1.26e-03    252s
 199  -8.39628031e+01  2.43137986e-02  8.00e+01 1.76e-01  7.73e+01  1.98e-01  4.01e+00 4.23e+03 4.13e+02  4.07e-01 2.52e-02    253s
 200  -8.44427946e+01  2.43137986e-02  8.04e+01 1.76e-01  7.72e+01  3.96e+02  3.96e+00 4.23e+03 3.96e+02  1.13e-01 1.41e-03    254s
 201  -8.49157025e+01  2.43137986e-02  8.09e+01 1.76e-01  7.71e+01  4.00e+02  3.96e+00 4.26e+03 4.00e+02  1.12e-01 1.38e-03    256s
 202  -8.53811732e+01  2.43137986e-02  8.13e+01 1.76e-01  7.70e+01  4.03e+02  3.97e+00 4.28e+03 4.03e+02  1.10e-01 1.35e-03    257s
 203  -8.58397920e+01  2.43137986e-02  8.17e+01 1.75e-01  7.69e+01  4.06e+02  3.98e+00 4.31e+03 4.06e+02  1.09e-01 1.32e-03    258s
 204  -8.62916682e+01  2.43137986e-02  8.22e+01 1.75e-01  7.68e+01  4.09e+02  3.99e+00 4.34e+03 4.09e+02  1.08e-01 1.29e-03    260s
 205  -8.67373551e+01  2.43137986e-02  8.26e+01 1.75e-01  7.67e+01  4.12e+02  4.00e+00 4.36e+03 4.12e+02  1.07e-01 1.26e-03    261s
 206  -8.45443856e+01  2.43662140e-02  8.05e+01 1.71e-01  7.50e+01  2.06e-01  4.01e+00 4.39e+03 4.15e+02  4.07e-01 2.52e-02    262s
 207  -8.50333516e+01  2.43662140e-02  8.10e+01 1.70e-01  7.49e+01  3.98e+02  3.96e+00 4.39e+03 3.98e+02  1.13e-01 1.44e-03    264s
 208  -8.55088589e+01  2.43662140e-02  8.14e+01 1.70e-01  7.48e+01  4.01e+02  3.97e+00 4.42e+03 4.01e+02  1.12e-01 1.38e-03    265s
 209  -8.59768888e+01  2.43662140e-02  8.18e+01 1.70e-01  7.47e+01  4.04e+02  3.97e+00 4.45e+03 4.04e+02  1.11e-01 1.35e-03    267s
 210  -8.64380298e+01  2.43662140e-02  8.23e+01 1.70e-01  7.46e+01  4.08e+02  3.98e+00 4.47e+03 4.08e+02  1.09e-01 1.32e-03    268s
 211  -8.68923917e+01  2.43662140e-02  8.27e+01 1.69e-01  7.45e+01  4.11e+02  3.99e+00 4.50e+03 4.11e+02  1.08e-01 1.29e-03    270s
 212  -8.73400825e+01  2.43662140e-02  8.31e+01 1.69e-01  7.44e+01  4.14e+02  4.00e+00 4.53e+03 4.14e+02  1.07e-01 1.26e-03    271s
 213  -8.51357158e+01  2.44168156e-02  8.10e+01 1.65e-01  7.27e+01  2.23e-01  4.01e+00 4.56e+03 4.17e+02  4.07e-01 2.51e-02    272s
 214  -8.56229438e+01  2.44168156e-02  8.15e+01 1.65e-01  7.26e+01  4.00e+02  3.96e+00 4.56e+03 4.00e+02  1.13e-01 1.43e-03    273s
 215  -8.61005818e+01  2.44168156e-02  8.19e+01 1.64e-01  7.25e+01  4.03e+02  3.97e+00 4.59e+03 4.03e+02  1.12e-01 1.39e-03    275s
 216  -8.65711817e+01  2.44168156e-02  8.24e+01 1.64e-01  7.25e+01  4.06e+02  3.97e+00 4.62e+03 4.06e+02  1.11e-01 1.35e-03    276s
 217  -8.70348554e+01  2.44168156e-02  8.28e+01 1.64e-01  7.24e+01  4.09e+02  3.98e+00 4.65e+03 4.09e+02  1.09e-01 1.32e-03    278s
 218  -8.74917131e+01  2.44168156e-02  8.32e+01 1.64e-01  7.23e+01  4.12e+02  3.99e+00 4.67e+03 4.12e+02  1.08e-01 1.29e-03    279s
 219  -8.79418636e+01  2.44168156e-02  8.36e+01 1.64e-01  7.22e+01  4.16e+02  4.00e+00 4.70e+03 4.16e+02  1.07e-01 1.26e-03    281s
 220  -8.57283731e+01  2.44656196e-02  8.15e+01 1.59e-01  7.06e+01  2.40e-01  4.01e+00 4.73e+03 4.19e+02  4.06e-01 2.50e-02    282s
 221  -8.62216884e+01  2.44656196e-02  8.20e+01 1.59e-01  7.05e+01  4.02e+02  3.96e+00 4.73e+03 4.02e+02  1.13e-01 1.44e-03    283s
 222  -8.67019095e+01  2.44656196e-02  8.25e+01 1.59e-01  7.04e+01  4.05e+02  3.97e+00 4.76e+03 4.05e+02  1.12e-01 1.39e-03    285s
 223  -8.71750549e+01  2.44656196e-02  8.29e+01 1.59e-01  7.03e+01  4.08e+02  3.97e+00 4.79e+03 4.08e+02  1.11e-01 1.36e-03    286s
 224  -8.76412368e+01  2.44656196e-02  8.33e+01 1.59e-01  7.02e+01  4.11e+02  3.98e+00 4.82e+03 4.11e+02  1.10e-01 1.33e-03    288s
 225  -8.81001070e+01  2.44656196e-02  8.38e+01 1.58e-01  7.01e+01  4.14e+02  3.99e+00 4.85e+03 4.14e+02  1.08e-01 1.29e-03    289s
 226  -8.85526945e+01  2.44656196e-02  8.42e+01 1.58e-01  7.01e+01  4.17e+02  4.00e+00 4.88e+03 4.17e+02  1.07e-01 1.27e-03    290s
 227  -8.63299921e+01  2.45126853e-02  8.21e+01 1.54e-01  6.85e+01  2.64e-01  4.01e+00 4.91e+03 4.20e+02  4.06e-01 2.50e-02    291s
 228  -8.68269379e+01  2.45126853e-02  8.25e+01 1.54e-01  6.84e+01  4.04e+02  3.96e+00 4.91e+03 4.04e+02  1.13e-01 1.44e-03    293s
 229  -8.73097236e+01  2.45126853e-02  8.30e+01 1.54e-01  6.83e+01  4.07e+02  3.97e+00 4.94e+03 4.07e+02  1.12e-01 1.39e-03    294s
 230  -8.77849203e+01  2.45126853e-02  8.34e+01 1.54e-01  6.82e+01  4.10e+02  3.98e+00 4.97e+03 4.10e+02  1.11e-01 1.36e-03    296s
 231  -8.82531249e+01  2.45126853e-02  8.39e+01 1.53e-01  6.81e+01  4.13e+02  3.98e+00 5.01e+03 4.13e+02  1.10e-01 1.33e-03    297s
 232  -8.87144487e+01  2.45126853e-02  8.43e+01 1.53e-01  6.81e+01  4.16e+02  3.99e+00 5.04e+03 4.16e+02  1.08e-01 1.30e-03    299s
 233  -8.64652264e+01  2.45589479e-02  8.22e+01 1.49e-01  6.65e+01  1.23e-02  4.00e+00 5.07e+03 4.19e+02  4.08e-01 2.53e-02    300s
 234  -8.69723734e+01  2.45589479e-02  8.26e+01 1.49e-01  6.64e+01  4.02e+02  3.95e+00 5.07e+03 4.02e+02  1.15e-01 1.48e-03    301s
 235  -8.74650617e+01  2.45589479e-02  8.31e+01 1.49e-01  6.63e+01  4.06e+02  3.96e+00 5.10e+03 4.06e+02  1.13e-01 1.42e-03    303s
 236  -8.79495123e+01  2.45589479e-02  8.36e+01 1.49e-01  6.63e+01  4.09e+02  3.97e+00 5.13e+03 4.09e+02  1.12e-01 1.39e-03    304s
 237  -8.84273056e+01  2.45589479e-02  8.40e+01 1.48e-01  6.62e+01  4.12e+02  3.98e+00 5.17e+03 4.12e+02  1.11e-01 1.36e-03    305s
 238  -8.88975977e+01  2.45589479e-02  8.44e+01 1.48e-01  6.61e+01  4.15e+02  3.98e+00 5.20e+03 4.15e+02  1.10e-01 1.33e-03    307s
 239  -8.93609796e+01  2.45589479e-02  8.49e+01 1.48e-01  6.60e+01  4.18e+02  3.99e+00 5.23e+03 4.18e+02  1.08e-01 1.30e-03    308s
 240  -8.71015566e+01  2.46035326e-02  8.27e+01 1.44e-01  6.45e+01  4.65e-02  4.00e+00 5.27e+03 4.21e+02  4.08e-01 2.52e-02    309s
 241  -8.76104221e+01  2.46035326e-02  8.32e+01 1.44e-01  6.44e+01  4.04e+02  3.95e+00 5.26e+03 4.04e+02  1.15e-01 1.48e-03    311s
 242  -8.81047827e+01  2.46035326e-02  8.37e+01 1.44e-01  6.43e+01  4.08e+02  3.96e+00 5.30e+03 4.08e+02  1.13e-01 1.42e-03    312s
 243  -8.85918540e+01  2.46035326e-02  8.41e+01 1.44e-01  6.43e+01  4.11e+02  3.97e+00 5.33e+03 4.11e+02  1.12e-01 1.39e-03    314s
 244  -8.90717514e+01  2.46035326e-02  8.46e+01 1.44e-01  6.42e+01  4.14e+02  3.98e+00 5.37e+03 4.14e+02  1.11e-01 1.36e-03    315s
 245  -8.95441158e+01  2.46035326e-02  8.50e+01 1.43e-01  6.41e+01  4.17e+02  3.99e+00 5.40e+03 4.17e+02  1.10e-01 1.33e-03    316s
 246  -9.00095406e+01  2.46035326e-02  8.55e+01 1.43e-01  6.40e+01  4.20e+02  3.99e+00 5.44e+03 4.20e+02  1.08e-01 1.30e-03    318s
 247  -8.77399859e+01  2.46465011e-02  8.33e+01 1.40e-01  6.26e+01  8.40e-02  4.00e+00 5.47e+03 4.23e+02  4.07e-01 2.52e-02    319s
 248  -8.82490186e+01  2.46465011e-02  8.38e+01 1.39e-01  6.25e+01  4.06e+02  3.95e+00 5.47e+03 4.06e+02  1.15e-01 1.47e-03    320s
 249  -8.87455319e+01  2.46465011e-02  8.42e+01 1.39e-01  6.24e+01  4.10e+02  3.96e+00 5.50e+03 4.10e+02  1.13e-01 1.42e-03    322s
 250  -8.92347253e+01  2.46465011e-02  8.47e+01 1.39e-01  6.23e+01  4.13e+02  3.97e+00 5.54e+03 4.13e+02  1.12e-01 1.39e-03    323s
 251  -8.97167146e+01  2.46465011e-02  8.51e+01 1.39e-01  6.23e+01  4.16e+02  3.98e+00 5.58e+03 4.16e+02  1.11e-01 1.36e-03    325s
 252  -9.01911393e+01  2.46465011e-02  8.56e+01 1.39e-01  6.22e+01  4.19e+02  3.99e+00 5.61e+03 4.19e+02  1.10e-01 1.33e-03    326s
 253  -9.06590630e+01  2.46465011e-02  8.60e+01 1.38e-01  6.21e+01  4.22e+02  4.00e+00 5.65e+03 4.22e+02  1.08e-01 1.30e-03    327s
 254  -8.83794634e+01  2.46879133e-02  8.39e+01 1.35e-01  6.07e+01  1.24e-01  4.00e+00 5.68e+03 4.26e+02  4.06e-01 2.51e-02    329s
 255  -8.88876212e+01  2.46879133e-02  8.43e+01 1.35e-01  6.06e+01  4.08e+02  3.95e+00 5.68e+03 4.08e+02  1.15e-01 1.46e-03    330s
 256  -8.93862755e+01  2.46879133e-02  8.48e+01 1.35e-01  6.05e+01  4.12e+02  3.96e+00 5.72e+03 4.12e+02  1.13e-01 1.42e-03    331s
 257  -8.98775795e+01  2.46879133e-02  8.53e+01 1.34e-01  6.05e+01  4.15e+02  3.97e+00 5.76e+03 4.15e+02  1.12e-01 1.39e-03    333s
 258  -9.03611653e+01  2.46879133e-02  8.57e+01 1.34e-01  6.04e+01  4.18e+02  3.98e+00 5.79e+03 4.18e+02  1.11e-01 1.36e-03    334s
 259  -9.08381171e+01  2.46879133e-02  8.62e+01 1.34e-01  6.03e+01  4.21e+02  3.99e+00 5.83e+03 4.21e+02  1.10e-01 1.33e-03    336s
 260  -9.13075926e+01  2.46879133e-02  8.66e+01 1.34e-01  6.03e+01  4.25e+02  4.00e+00 5.87e+03 4.25e+02  1.08e-01 1.30e-03    337s
 261  -8.90203557e+01  2.47277886e-02  8.44e+01 1.30e-01  5.89e+01  1.66e-01  4.00e+00 5.90e+03 4.28e+02  4.06e-01 2.50e-02    338s
 262  -8.95363124e+01  2.47277886e-02  8.49e+01 1.30e-01  5.88e+01  4.11e+02  3.96e+00 5.90e+03 4.11e+02  1.15e-01 1.48e-03    340s
 263  -9.00370628e+01  2.47277886e-02  8.54e+01 1.30e-01  5.87e+01  4.14e+02  3.96e+00 5.94e+03 4.14e+02  1.13e-01 1.42e-03    341s
 264  -9.05299395e+01  2.47277886e-02  8.59e+01 1.30e-01  5.87e+01  4.17e+02  3.97e+00 5.98e+03 4.17e+02  1.12e-01 1.39e-03    342s
 265  -9.10155612e+01  2.47277886e-02  8.63e+01 1.30e-01  5.86e+01  4.20e+02  3.98e+00 6.02e+03 4.20e+02  1.11e-01 1.36e-03    344s
 266  -9.14940427e+01  2.47277886e-02  8.68e+01 1.30e-01  5.85e+01  4.24e+02  3.99e+00 6.06e+03 4.24e+02  1.10e-01 1.33e-03    345s
 267  -9.19654974e+01  2.47277886e-02  8.72e+01 1.29e-01  5.85e+01  4.27e+02  4.00e+00 6.09e+03 4.27e+02  1.08e-01 1.30e-03    347s
 268  -8.96682992e+01  2.47662192e-02  8.50e+01 1.26e-01  5.71e+01  2.16e-01  4.01e+00 6.13e+03 4.30e+02  4.05e-01 2.49e-02    348s
 269  -9.01802119e+01  2.47662192e-02  8.55e+01 1.26e-01  5.71e+01  4.13e+02  3.96e+00 6.13e+03 4.13e+02  1.15e-01 1.46e-03    349s
 270  -9.06830569e+01  2.47662192e-02  8.60e+01 1.26e-01  5.70e+01  4.16e+02  3.97e+00 6.17e+03 4.16e+02  1.13e-01 1.42e-03    351s
 271  -9.11779960e+01  2.47662192e-02  8.64e+01 1.26e-01  5.69e+01  4.19e+02  3.97e+00 6.21e+03 4.19e+02  1.12e-01 1.39e-03    352s
 272  -9.16656505e+01  2.47662192e-02  8.69e+01 1.25e-01  5.69e+01  4.23e+02  3.98e+00 6.25e+03 4.23e+02  1.11e-01 1.36e-03    353s
 273  -9.21456552e+01  2.47662192e-02  8.73e+01 1.25e-01  5.68e+01  4.26e+02  3.99e+00 6.29e+03 4.26e+02  1.10e-01 1.32e-03    355s
 274  -9.26190862e+01  2.47662192e-02  8.78e+01 1.25e-01  5.67e+01  4.29e+02  4.00e+00 6.33e+03 4.29e+02  1.08e-01 1.30e-03    356s
 275  -9.03144106e+01  2.48032251e-02  8.56e+01 1.22e-01  5.55e+01  2.65e-01  4.01e+00 6.37e+03 4.32e+02  4.04e-01 2.48e-02    357s
 276  -9.08315181e+01  2.48032251e-02  8.61e+01 1.22e-01  5.54e+01  4.15e+02  3.96e+00 6.36e+03 4.15e+02  1.14e-01 1.47e-03    359s
 277  -9.13354082e+01  2.48032251e-02  8.66e+01 1.22e-01  5.53e+01  4.18e+02  3.97e+00 6.41e+03 4.18e+02  1.13e-01 1.42e-03    360s
 278  -9.18323730e+01  2.48032251e-02  8.70e+01 1.22e-01  5.52e+01  4.21e+02  3.98e+00 6.45e+03 4.21e+02  1.12e-01 1.39e-03    362s
 279  -9.23215342e+01  2.48032251e-02  8.75e+01 1.21e-01  5.52e+01  4.25e+02  3.98e+00 6.49e+03 4.25e+02  1.11e-01 1.35e-03    364s
 280  -9.28035060e+01  2.48032251e-02  8.79e+01 1.21e-01  5.51e+01  4.28e+02  3.99e+00 6.53e+03 4.28e+02  1.09e-01 1.32e-03    365s
 281  -9.04732492e+01  2.48395492e-02  8.57e+01 1.18e-01  5.39e+01  2.96e-02  4.00e+00 6.57e+03 4.31e+02  4.07e-01 2.51e-02    366s
 282  -9.10024165e+01  2.48395492e-02  8.62e+01 1.18e-01  5.38e+01  4.14e+02  3.95e+00 6.57e+03 4.14e+02  1.16e-01 1.51e-03    367s
 283  -9.15159855e+01  2.48395492e-02  8.67e+01 1.18e-01  5.37e+01  4.17e+02  3.96e+00 6.61e+03 4.17e+02  1.14e-01 1.45e-03    369s
 284  -9.20219822e+01  2.48395492e-02  8.72e+01 1.18e-01  5.37e+01  4.21e+02  3.97e+00 6.66e+03 4.21e+02  1.13e-01 1.42e-03    370s
 285  -9.25205257e+01  2.48395492e-02  8.76e+01 1.17e-01  5.36e+01  4.24e+02  3.98e+00 6.70e+03 4.24e+02  1.12e-01 1.38e-03    372s
 286  -9.30112426e+01  2.48395492e-02  8.81e+01 1.17e-01  5.35e+01  4.27e+02  3.99e+00 6.74e+03 4.27e+02  1.11e-01 1.35e-03    373s
 287  -9.34947488e+01  2.48395492e-02  8.86e+01 1.17e-01  5.35e+01  4.30e+02  3.99e+00 6.79e+03 4.30e+02  1.09e-01 1.32e-03    375s
 288  -9.11561840e+01  2.48745038e-02  8.63e+01 1.14e-01  5.23e+01  9.16e-02  4.00e+00 6.83e+03 4.34e+02  4.06e-01 2.50e-02    376s
 289  -9.16864575e+01  2.48745038e-02  8.68e+01 1.14e-01  5.22e+01  4.16e+02  3.95e+00 6.83e+03 4.16e+02  1.16e-01 1.50e-03    377s
 290  -9.22016184e+01  2.48745038e-02  8.73e+01 1.14e-01  5.21e+01  4.20e+02  3.96e+00 6.87e+03 4.20e+02  1.14e-01 1.45e-03    379s
 291  -9.27091850e+01  2.48745038e-02  8.78e+01 1.14e-01  5.20e+01  4.23e+02  3.97e+00 6.92e+03 4.23e+02  1.13e-01 1.41e-03    380s
 292  -9.32092771e+01  2.48745038e-02  8.83e+01 1.14e-01  5.20e+01  4.26e+02  3.98e+00 6.96e+03 4.26e+02  1.12e-01 1.38e-03    381s
 293  -9.37015197e+01  2.48745038e-02  8.87e+01 1.13e-01  5.19e+01  4.29e+02  3.99e+00 7.01e+03 4.29e+02  1.10e-01 1.35e-03    383s
 294  -9.41865308e+01  2.48745038e-02  8.92e+01 1.13e-01  5.19e+01  4.33e+02  4.00e+00 7.05e+03 4.33e+02  1.09e-01 1.32e-03    384s
 295  -9.18397981e+01  2.49081430e-02  8.70e+01 1.10e-01  5.07e+01  1.57e-01  4.00e+00 7.10e+03 4.36e+02  4.05e-01 2.48e-02    385s
 296  -9.23700800e+01  2.49081430e-02  8.75e+01 1.10e-01  5.06e+01  4.19e+02  3.96e+00 7.09e+03 4.19e+02  1.15e-01 1.50e-03    387s
 297  -9.28873211e+01  2.49081430e-02  8.79e+01 1.10e-01  5.06e+01  4.22e+02  3.96e+00 7.14e+03 4.22e+02  1.14e-01 1.45e-03    388s
 298  -9.33959187e+01  2.49081430e-02  8.84e+01 1.10e-01  5.05e+01  4.25e+02  3.97e+00 7.19e+03 4.25e+02  1.13e-01 1.41e-03    390s
 299  -9.38970294e+01  2.49081430e-02  8.89e+01 1.10e-01  5.04e+01  4.29e+02  3.98e+00 7.23e+03 4.29e+02  1.12e-01 1.38e-03    391s
 300  -9.43907713e+01  2.49081430e-02  8.94e+01 1.10e-01  5.04e+01  4.32e+02  3.99e+00 7.28e+03 4.32e+02  1.10e-01 1.35e-03    393s
 301  -9.48772610e+01  2.49081430e-02  8.98e+01 1.10e-01  5.03e+01  4.35e+02  4.00e+00 7.33e+03 4.35e+02  1.09e-01 1.32e-03    394s
 302  -9.25225230e+01  2.49405193e-02  8.76e+01 1.07e-01  4.92e+01  2.26e-01  4.01e+00 7.37e+03 4.38e+02  4.04e-01 2.47e-02    395s
 303  -9.30527799e+01  2.49405193e-02  8.81e+01 1.07e-01  4.91e+01  4.21e+02  3.96e+00 7.37e+03 4.21e+02  1.15e-01 1.49e-03    397s
 304  -9.35705202e+01  2.49405193e-02  8.86e+01 1.07e-01  4.91e+01  4.24e+02  3.97e+00 7.42e+03 4.24e+02  1.14e-01 1.44e-03    398s
 305  -9.40811434e+01  2.49405193e-02  8.90e+01 1.06e-01  4.90e+01  4.28e+02  3.97e+00 7.47e+03 4.28e+02  1.13e-01 1.41e-03    400s
 306  -9.45837468e+01  2.49405193e-02  8.95e+01 1.06e-01  4.89e+01  4.31e+02  3.98e+00 7.52e+03 4.31e+02  1.11e-01 1.37e-03    401s
 307  -9.50784656e+01  2.49405193e-02  9.00e+01 1.06e-01  4.89e+01  4.34e+02  3.99e+00 7.56e+03 4.34e+02  1.10e-01 1.34e-03    402s
 308  -9.26971417e+01  2.49722902e-02  8.77e+01 1.03e-01  4.78e+01  1.04e-03  4.00e+00 7.61e+03 4.38e+02  4.06e-01 2.50e-02    404s
 309  -9.32359202e+01  2.49722902e-02  8.82e+01 1.03e-01  4.77e+01  4.20e+02  3.95e+00 7.61e+03 4.20e+02  1.16e-01 1.52e-03    405s
 310  -9.37640877e+01  2.49722902e-02  8.87e+01 1.03e-01  4.76e+01  4.23e+02  3.96e+00 7.66e+03 4.23e+02  1.15e-01 1.47e-03    406s
 311  -9.42834241e+01  2.49722902e-02  8.92e+01 1.03e-01  4.76e+01  4.27e+02  3.97e+00 7.71e+03 4.27e+02  1.14e-01 1.44e-03    408s
 312  -9.47951105e+01  2.49722902e-02  8.97e+01 1.03e-01  4.75e+01  4.30e+02  3.98e+00 7.76e+03 4.30e+02  1.13e-01 1.40e-03    409s
 313  -9.52987629e+01  2.49722902e-02  9.02e+01 1.03e-01  4.75e+01  4.34e+02  3.99e+00 7.81e+03 4.34e+02  1.11e-01 1.37e-03    411s
 314  -9.57955100e+01  2.49722902e-02  9.06e+01 1.03e-01  4.74e+01  4.37e+02  3.99e+00 7.86e+03 4.37e+02  1.10e-01 1.34e-03    412s
 315  -9.34079865e+01  2.50028236e-02  8.84e+01 1.00e-01  4.63e+01  7.55e-02  4.00e+00 7.91e+03 4.40e+02  4.05e-01 2.49e-02    413s
 316  -9.39532588e+01  2.50028236e-02  8.89e+01 9.98e-02  4.63e+01  4.22e+02  3.95e+00 7.91e+03 4.22e+02  1.16e-01 1.53e-03    415s
 317  -9.44819285e+01  2.50028236e-02  8.94e+01 9.97e-02  4.62e+01  4.26e+02  3.96e+00 7.96e+03 4.26e+02  1.15e-01 1.47e-03    416s
 318  -9.50028041e+01  2.50028236e-02  8.99e+01 9.96e-02  4.62e+01  4.29e+02  3.97e+00 8.01e+03 4.29e+02  1.14e-01 1.43e-03    418s
 319  -9.55154945e+01  2.50028236e-02  9.03e+01 9.94e-02  4.61e+01  4.33e+02  3.98e+00 8.07e+03 4.33e+02  1.12e-01 1.40e-03    419s
 320  -9.60206429e+01  2.50028236e-02  9.08e+01 9.93e-02  4.60e+01  4.36e+02  3.99e+00 8.12e+03 4.36e+02  1.11e-01 1.37e-03    420s
 321  -9.65183681e+01  2.50028236e-02  9.13e+01 9.92e-02  4.60e+01  4.39e+02  4.00e+00 8.17e+03 4.39e+02  1.10e-01 1.34e-03    422s
 322  -9.41223406e+01  2.50321973e-02  8.90e+01 9.67e-02  4.50e+01  1.58e-01  4.00e+00 8.22e+03 4.43e+02  4.04e-01 2.47e-02    423s
 323  -9.46626584e+01  2.50321973e-02  8.95e+01 9.66e-02  4.49e+01  4.25e+02  3.96e+00 8.22e+03 4.25e+02  1.16e-01 1.50e-03    424s
 324  -9.49000895e+01  2.50321973e-02  8.97e+01 9.65e-02  4.49e+01  4.28e+02  3.96e+00 8.27e+03 4.28e+02  1.15e-01 6.55e-04    426s

The solution quality is limited by the precision of the linear system solver.

The algorithm stopped after 325 iterations in 426.17 seconds.

Primal variables:   [+14.031 +23.738 +17.723 +30.616 +28.439 +16.989 +11.320 +12.372 +16.295
 +14.370 +12.857 +11.365 +11.036 +11.781 +15.281 +11.576 +12.185 +17.033
 +12.307 +38.427 +13.166 +13.487 +18.070 +13.694 +15.146 +15.217 +12.857
 +16.283 +17.891 +52.141 +12.873 +18.200 +14.518 +10.863 +27.005 +17.176
 +16.341 +12.174 +19.199 +15.220 +16.434 +28.672 +15.792 +12.271 +15.685
 +22.127 +11.052 +11.399 +21.739 +12.303 +10.884 +12.510 +11.293 +14.687
 +12.622 +17.325 +12.869 +14.059 +13.124 +14.561 +11.859 +14.333 +17.855
 +12.676 +12.786 +12.560 +18.227 +14.100 +10.694 +18.167 +15.438 +19.856
 +12.107 +11.438 +11.904 +17.028 +12.836 +13.529 +14.799 +17.074 +29.169
 +12.923 +11.928 +11.784 +16.847 +15.776 +16.288 +18.827 +23.540 +23.228
 +14.347 +15.064 +15.181 +22.367 +29.172 +46.809 +11.504 +13.625 +16.312
 +34.141 +12.236 +18.267 +14.506 +10.990 +13.057 +15.702 +13.187 +12.561
 +14.062 +14.919 +22.484 +17.193 +11.134 +12.787 +14.930 +14.730 +13.528
 +13.016 +18.945 +12.965 +13.356 +15.226 +14.184 +15.382 +13.169 +13.042
 +11.116 +37.964 +21.405 +12.195 +13.184 +19.739 +15.090 +12.675 +15.483
 +25.627 +20.886 +13.645 +13.845 +17.653 +18.311 +12.607 +14.077 +28.770
 +12.757 +17.632 +13.901 +18.518 +15.906 +10.832 +13.530 +12.298 +10.569
 +13.434 +11.598 +20.603 +14.307 +10.604 +12.730 +21.136 +17.199 +22.254
 +22.568 +10.784 +17.040 +12.776 +19.539 +12.906 +13.984 +15.689 +14.147
 +12.679 +17.696 +11.452 +15.463 +11.406 +12.706 +25.088 +15.501 +22.744
 +13.943 +12.784 +13.979 +27.446 +12.764 +24.621 +12.139 +15.618 +18.492
 +12.094 +12.477 +13.833 +16.734 +14.236 +11.233 +11.531 +13.997 +39.076
 +18.586 +11.771 +20.063 +10.955 +10.981 +14.795 +19.785 +13.389 +12.185
 +40.853 +18.539 +11.050 +14.336 +15.707 +14.923 +11.373 +13.835 +11.317
 +12.211 +26.819 +21.290 +21.844 +12.876 +24.094 +13.442 +11.618 +11.218
 +17.034 +28.549 +16.332 +14.982 +15.306 +14.795 +15.145 +12.684 +12.191
 +15.769 +12.993 +11.177 +16.231 +15.679 +13.227 +14.514 +22.178 +18.134
 +14.075 +17.548 +14.570 +22.011 +12.100 +12.353 +14.168 +36.969 +19.029
 +22.617 +23.396 +11.393 +11.607 +11.420 +19.729 +11.977 +13.215 +15.754
 +11.870 +14.421 +18.091 +14.293 +20.366 +12.321 +20.957 +14.425 +22.395
 +11.774 +10.885 +22.647 +19.131 +11.613 +15.173 +11.666 +17.304 +13.877
 +22.082 +14.420 +19.175 +16.379 +12.086 +16.845 +16.629 +16.212 +16.555
 +18.547 +12.068 +12.738 +18.300 +15.489 +11.078 +20.559 +11.161 +14.250
 +14.239 +17.825 +15.086 +14.315 +14.594 +14.691 +12.256 +13.493 +13.475
 +16.666 +39.411 +16.818 +17.231 +15.473 +20.244 +12.338 +17.293 +14.785
 +18.278 +11.838 +17.510 +12.452 +19.278 +16.933 +13.158 +18.689 +17.979
 +11.783 +11.151 +13.025 +16.847 +16.530 +12.498 +12.101 +20.203 +11.651
 +15.124 +14.242 +17.750 +10.796 +22.543 +13.046 +17.218 +11.612 +14.920
 +10.998 +19.837 +13.990 +20.825 +17.240 +12.046 +14.867 +11.471 +14.693
 +15.112 +12.565 +15.636 +16.631 +14.232 +15.903 +21.365 +16.575 +11.936
 +13.618 +15.005 +18.606 +15.856 +14.365 +11.676 +12.863 +13.675 +15.889
 +15.174 +13.533 +13.223 +12.283 +13.804 +15.694 +10.570 +10.895 +13.597
 +14.286 +17.863 +14.853 +11.537 +12.764 +13.275 +11.355 +11.177 +13.758
 +28.122 +18.860 +14.077 +11.523 +14.213 +11.522 +16.403 +16.630 +13.992
 +16.562 +17.866 +37.427 +14.672 +16.074 +13.190 +12.151 +13.694 +14.325
 +22.090 +16.044 +12.846 +12.402 +21.374 +22.603 +26.548 +14.174 +14.552
 +19.890 +17.570 +11.725 +16.942 +37.734 +11.919 +14.548 +13.475 +30.580
 +13.545 +12.771 +11.906 +35.244 +14.921 +14.078 +11.355 +17.827 +15.955
 +13.142 +16.426 +24.586 +13.382 +15.484 +16.743 +25.629 +15.699 +14.370
 +23.758 +11.543 +15.541 +11.612 +13.833 +14.305 +11.136 +18.054 +16.058
 +21.895 +13.158 +11.850 +16.956 +24.453 +13.053 +14.054 +19.065 +22.323
 +12.508 +18.501 +13.804 +14.791 +11.349 +12.459 +14.032 +11.449 +13.951
 +12.315 +36.370 +13.168 +14.012 +10.898 +13.252 +18.867 +11.411 +16.104
 +11.610 +11.714 +13.334 +11.263 +20.621 +16.540 +11.475 +0.287 +18.374
 +17.613 +15.122 +16.155 +12.133 +12.616 +13.193 +13.197 +20.911 +13.259
 +16.957 +14.939 +23.000 +13.460 +22.535 +13.846 +17.603 +14.692 +13.293
 +13.993 +11.400 +20.906 +11.560 +13.000 +19.988 +14.276 +11.475 +20.264
 +14.691 +11.202 +13.662 +16.828 +10.486 +13.855 +11.932 +18.148 +13.410
 +18.137 +11.871 +13.435 +10.681 +13.896 +16.210 +11.491 +13.252 +10.958
 +20.006 +15.273 +11.105 +13.540 +13.931 +13.101 +25.876 +16.472 +24.814
 +27.980 +17.480 +18.316 +14.954 +14.999 +15.348 +12.029 +18.850 +16.441
 +23.183 +12.387 +23.191 +14.003 +14.747 +16.263 +13.930 +11.001 +19.785
 +11.715 +13.565 +11.806 +22.096 +13.784 +20.354 +12.628 +14.794 +16.621
 +17.945 +14.858 +19.309 +26.975 +14.564 +13.668 +20.652 +12.745 +11.210
 +10.518 +15.845 +16.033 +16.505 +28.719 +14.631 +17.981 +11.523 +18.163
 +14.439 +25.056 +11.125 +14.921 +10.573 +15.345 +11.048 +13.623 +20.570
 +12.650 +13.236 +14.598 +12.501 +14.463 +12.536 +12.229 +14.603 +24.081
 +19.738 +12.672 +12.154 +12.214 +13.522 +13.119 +0.767 +14.676 +11.473
 +20.428 +11.224 +12.535 +14.182 +11.691 +13.908 +15.756 +12.621 +22.243
 +18.649 +12.295 +15.367 +18.060 +14.628 +12.431 +13.177 +21.552 +15.379
 +13.184 +10.879 +10.896 +12.229 +20.362 +11.554 +22.124 +13.762 +17.391
 +11.490 +14.434 +13.067 +16.576 +15.768 +12.118 +28.909 +14.771 +13.123
 +33.530 +16.615 +11.486 +12.041 +17.779 +12.643 +21.797 +15.295 +15.131
 +12.230 +14.521 +16.049 +16.442 +11.304 +13.812 +14.137 +10.622 +15.680
 +10.975 +23.875 +19.764 +13.160 +13.467 +23.374 +14.338 +13.965 +13.034
 +15.076 +64.022 +11.330 +12.091 +17.647 +12.735 +17.942 +11.583 +12.730
 +14.914 +13.798 +12.702 +13.152 +12.170 +11.782 +11.656 +11.432 +14.804
 +19.386 +11.912 +17.535 +15.315 +14.911 +18.425 +12.328 +11.412 +13.051
 +23.871 +19.464 +18.271 +17.569 +14.801 +12.001 +13.779 +23.539 +14.706
 +11.558 +12.037 +22.782 +13.476 +11.906 +17.790 +12.705 +12.283 +16.405
 +11.903 +13.469 +13.811 +11.987 +14.528 +27.097 +13.156 +17.266 +16.807
 +11.606 +14.526 +13.076 +14.237 +22.407 +15.644 +12.236 +10.442 +11.395
 +25.970 +14.443 +13.278 +20.203 +16.347 +11.281 +11.560 +15.718 +35.482
 +12.163 +17.814 +13.661 +12.533 +16.630 +14.875 +12.920 +27.630 +27.288
 +13.177 +13.582 +14.383 +17.147 +12.529 +11.782 +19.374 +14.142 +15.354
 +14.628 +17.032 +14.015 +16.688 +20.165 +18.139 +14.137 +17.989 +14.431
 +13.763 +12.477 +11.803 +14.100 +14.489 +11.907 +15.971 +13.784 +15.510
 +16.729 +17.476 +31.662 +11.082 +17.252 +13.732 +15.875 +24.871 +13.002
 +17.085 +12.737 +10.890 +18.868 +22.404 +24.290 +13.871 +18.065 +13.457
 +14.836 +16.566 +18.978 +14.723 +14.097 +16.177 +13.165 +12.738 +10.669
 +21.121 +21.546 +12.341 +10.694 +12.903 +20.077 +14.899 +14.428 +18.182
 +18.531 +13.349 +19.408 +16.202 +10.783 +12.453 +13.025 +11.929 +12.924
 +14.746 +23.180 +17.152 +11.179 +15.148 +12.979 +11.183 +12.541 +11.153
 +13.962 +16.082 +15.925 +13.484 +15.620 +13.735 +15.855 +49.277 +13.711
 +14.612 +22.370 +13.972 +18.792 +27.060 +13.834 +13.036 +14.578 +12.572
 +13.717 +13.002 +12.439 +29.598 +12.102 +13.186 +12.461 +13.093 +15.498
 +11.425 +19.029 +12.255 +15.755 +19.791 +11.758 +11.741 +12.826 +14.290
 +16.375 +15.149 +15.983 +13.764 +27.097 +12.473 +11.950 +16.221 +19.314
 +13.821 +11.951 +12.507 +14.533 +17.995 +16.122 +14.274 +12.207 +12.204
 +17.122 +15.339 +12.444 +14.484 +31.731 +11.152 +14.081 +22.325 +15.449
 +12.422 +11.139 +36.982 +12.249 +11.291 +13.933 +12.453 +14.093 +15.316
 +16.841 +12.697 +23.130 +12.879 +14.616 +26.661 +15.288 +11.852 +17.208
 +15.982 +11.584 +18.382 +15.445 +12.925 +10.972 +13.652 +12.683 +13.528
 +12.316 +18.422 +13.081 +19.995 +12.904 +18.346 +11.087 +17.810 +15.000
 +21.963 +11.524 +13.819 +14.052 +13.435 +25.144 +20.360 +13.692 +12.929
 +16.414 +20.137 +12.902 +18.839 +15.667 +17.997 +20.217 +13.817 +12.811
 +16.210 +14.100 +13.511 +14.543 +18.693 +11.303 +12.733 +11.633 +11.081
 +12.421 +12.785 +11.485 +25.598 +16.900 +12.530 +11.807 +13.295 +16.686
 +19.530 +13.588 +24.283 +12.736 +14.149 +22.785 +14.936 +12.478 +37.028
 +12.085 +13.022 +24.775 +10.560 +12.662 +16.955 +11.222 +17.307 +13.267
 +17.594 +19.588 +12.843 +26.918 +12.443 +22.621 +14.616 +14.231 +15.803
 +13.606]
Dual slacks:        [+0.003 +0.001 +0.002 +0.001 +0.001 +0.002 +0.005 +0.004 +0.002 +0.003
 +0.004 +0.005 +0.005 +0.004 +0.003 +0.005 +0.004 +0.002 +0.004 +0.001
 +0.004 +0.003 +0.002 +0.003 +0.003 +0.003 +0.004 +0.002 +0.002 +0.000
 +0.004 +0.002 +0.003 +0.005 +0.001 +0.002 +0.003 +0.004 +0.002 +0.003
 +0.002 +0.001 +0.003 +0.004 +0.003 +0.002 +0.005 +0.005 +0.002 +0.004
 +0.005 +0.004 +0.005 +0.003 +0.004 +0.002 +0.004 +0.003 +0.004 +0.003
 +0.004 +0.003 +0.002 +0.004 +0.004 +0.004 +0.002 +0.003 +0.006 +0.002
 +0.003 +0.002 +0.004 +0.005 +0.004 +0.002 +0.004 +0.004 +0.003 +0.002
 +0.001 +0.004 +0.004 +0.004 +0.002 +0.003 +0.003 +0.002 +0.001 +0.001
 +0.003 +0.003 +0.003 +0.002 +0.001 +0.001 +0.005 +0.003 +0.002 +0.001
 +0.004 +0.002 +0.003 +0.005 +0.004 +0.003 +0.003 +0.004 +0.003 +0.003
 +0.001 +0.002 +0.005 +0.004 +0.003 +0.003 +0.003 +0.004 +0.002 +0.004
 +0.003 +0.003 +0.003 +0.003 +0.004 +0.004 +0.005 +0.001 +0.002 +0.004
 +0.004 +0.002 +0.003 +0.004 +0.003 +0.001 +0.002 +0.003 +0.003 +0.002
 +0.002 +0.004 +0.003 +0.001 +0.004 +0.002 +0.003 +0.002 +0.003 +0.005
 +0.003 +0.004 +0.006 +0.003 +0.005 +0.002 +0.003 +0.006 +0.004 +0.002
 +0.002 +0.002 +0.001 +0.005 +0.002 +0.004 +0.002 +0.004 +0.003 +0.003
 +0.003 +0.004 +0.002 +0.005 +0.003 +0.005 +0.004 +0.001 +0.003 +0.001
 +0.003 +0.004 +0.003 +0.001 +0.004 +0.001 +0.004 +0.003 +0.002 +0.004
 +0.004 +0.003 +0.002 +0.003 +0.005 +0.005 +0.003 +0.001 +0.002 +0.005
 +0.002 +0.005 +0.005 +0.003 +0.002 +0.004 +0.004 +0.001 +0.002 +0.005
 +0.003 +0.003 +0.003 +0.005 +0.003 +0.005 +0.004 +0.001 +0.002 +0.002
 +0.004 +0.001 +0.003 +0.005 +0.005 +0.002 +0.001 +0.002 +0.003 +0.003
 +0.003 +0.003 +0.004 +0.004 +0.003 +0.004 +0.005 +0.002 +0.003 +0.004
 +0.003 +0.002 +0.002 +0.003 +0.002 +0.003 +0.002 +0.004 +0.004 +0.003
 +0.001 +0.002 +0.001 +0.001 +0.005 +0.005 +0.005 +0.002 +0.004 +0.004
 +0.003 +0.004 +0.003 +0.002 +0.003 +0.002 +0.004 +0.002 +0.003 +0.001
 +0.004 +0.005 +0.001 +0.002 +0.005 +0.003 +0.005 +0.002 +0.003 +0.002
 +0.003 +0.002 +0.002 +0.004 +0.002 +0.002 +0.002 +0.002 +0.002 +0.004
 +0.004 +0.002 +0.003 +0.005 +0.002 +0.005 +0.003 +0.003 +0.002 +0.003
 +0.003 +0.003 +0.003 +0.004 +0.003 +0.004 +0.002 +0.001 +0.002 +0.002
 +0.003 +0.002 +0.004 +0.002 +0.003 +0.002 +0.004 +0.002 +0.004 +0.002
 +0.002 +0.004 +0.002 +0.002 +0.005 +0.005 +0.004 +0.002 +0.002 +0.004
 +0.004 +0.002 +0.005 +0.003 +0.003 +0.002 +0.005 +0.001 +0.004 +0.002
 +0.005 +0.003 +0.005 +0.002 +0.003 +0.002 +0.002 +0.004 +0.003 +0.005
 +0.003 +0.003 +0.004 +0.003 +0.002 +0.003 +0.003 +0.002 +0.002 +0.004
 +0.003 +0.003 +0.002 +0.003 +0.003 +0.005 +0.004 +0.003 +0.003 +0.003
 +0.003 +0.004 +0.004 +0.003 +0.003 +0.006 +0.005 +0.003 +0.003 +0.002
 +0.003 +0.005 +0.004 +0.004 +0.005 +0.005 +0.003 +0.001 +0.002 +0.003
 +0.005 +0.003 +0.005 +0.002 +0.002 +0.003 +0.002 +0.002 +0.001 +0.003
 +0.002 +0.004 +0.004 +0.003 +0.003 +0.002 +0.002 +0.004 +0.004 +0.002
 +0.002 +0.001 +0.003 +0.003 +0.002 +0.002 +0.004 +0.002 +0.001 +0.004
 +0.003 +0.003 +0.001 +0.003 +0.004 +0.004 +0.001 +0.003 +0.003 +0.005
 +0.002 +0.003 +0.004 +0.002 +0.001 +0.003 +0.003 +0.002 +0.001 +0.003
 +0.003 +0.001 +0.005 +0.003 +0.005 +0.003 +0.003 +0.005 +0.002 +0.003
 +0.002 +0.004 +0.004 +0.002 +0.001 +0.004 +0.003 +0.002 +0.002 +0.004
 +0.002 +0.003 +0.003 +0.005 +0.004 +0.003 +0.005 +0.003 +0.004 +0.001
 +0.004 +0.003 +0.005 +0.003 +0.002 +0.005 +0.002 +0.005 +0.005 +0.003
 +0.005 +0.002 +0.002 +0.005 +1.890 +0.002 +0.002 +0.003 +0.002 +0.004
 +0.004 +0.004 +0.004 +0.002 +0.004 +0.002 +0.003 +0.001 +0.004 +0.001
 +0.003 +0.002 +0.003 +0.004 +0.003 +0.005 +0.002 +0.005 +0.004 +0.002
 +0.003 +0.005 +0.002 +0.003 +0.005 +0.003 +0.002 +0.006 +0.003 +0.004
 +0.002 +0.003 +0.002 +0.004 +0.003 +0.006 +0.003 +0.002 +0.005 +0.003
 +0.005 +0.002 +0.003 +0.005 +0.004 +0.003 +0.004 +0.001 +0.002 +0.001
 +0.001 +0.002 +0.002 +0.003 +0.003 +0.003 +0.004 +0.002 +0.002 +0.001
 +0.004 +0.001 +0.003 +0.003 +0.002 +0.003 +0.005 +0.002 +0.004 +0.003
 +0.005 +0.002 +0.003 +0.002 +0.004 +0.003 +0.002 +0.002 +0.003 +0.002
 +0.001 +0.003 +0.003 +0.002 +0.004 +0.005 +0.006 +0.003 +0.003 +0.003
 +0.001 +0.003 +0.002 +0.005 +0.002 +0.003 +0.001 +0.005 +0.003 +0.006
 +0.003 +0.005 +0.003 +0.002 +0.004 +0.003 +0.003 +0.004 +0.003 +0.004
 +0.004 +0.003 +0.001 +0.002 +0.004 +0.004 +0.004 +0.004 +0.004 +0.662
 +0.003 +0.005 +0.002 +0.005 +0.004 +0.003 +0.005 +0.003 +0.003 +0.004
 +0.002 +0.002 +0.004 +0.003 +0.002 +0.003 +0.004 +0.004 +0.002 +0.003
 +0.004 +0.005 +0.005 +0.004 +0.002 +0.005 +0.002 +0.003 +0.002 +0.005
 +0.003 +0.004 +0.002 +0.003 +0.004 +0.001 +0.003 +0.004 +0.001 +0.002
 +0.005 +0.004 +0.002 +0.004 +0.002 +0.003 +0.003 +0.004 +0.003 +0.003
 +0.002 +0.005 +0.003 +0.003 +0.006 +0.003 +0.005 +0.001 +0.002 +0.004
 +0.003 +0.001 +0.003 +0.003 +0.004 +0.003 +0.000 +0.005 +0.004 +0.002
 +0.004 +0.002 +0.005 +0.004 +0.003 +0.003 +0.004 +0.004 +0.004 +0.004
 +0.005 +0.005 +0.003 +0.002 +0.004 +0.002 +0.003 +0.003 +0.002 +0.004
 +0.005 +0.004 +0.001 +0.002 +0.002 +0.002 +0.003 +0.004 +0.003 +0.001
 +0.003 +0.005 +0.004 +0.002 +0.004 +0.004 +0.002 +0.004 +0.004 +0.003
 +0.004 +0.004 +0.003 +0.004 +0.003 +0.001 +0.004 +0.002 +0.002 +0.005
 +0.003 +0.004 +0.003 +0.002 +0.003 +0.004 +0.006 +0.005 +0.001 +0.003
 +0.004 +0.002 +0.003 +0.005 +0.005 +0.003 +0.001 +0.004 +0.002 +0.003
 +0.004 +0.002 +0.003 +0.004 +0.001 +0.001 +0.004 +0.003 +0.003 +0.002
 +0.004 +0.005 +0.002 +0.003 +0.003 +0.003 +0.002 +0.003 +0.002 +0.002
 +0.002 +0.003 +0.002 +0.003 +0.003 +0.004 +0.004 +0.003 +0.003 +0.004
 +0.002 +0.003 +0.003 +0.002 +0.002 +0.001 +0.005 +0.002 +0.003 +0.003
 +0.001 +0.004 +0.002 +0.004 +0.005 +0.002 +0.002 +0.001 +0.003 +0.002
 +0.003 +0.003 +0.002 +0.002 +0.003 +0.003 +0.003 +0.004 +0.004 +0.006
 +0.002 +0.002 +0.004 +0.006 +0.004 +0.002 +0.003 +0.003 +0.002 +0.002
 +0.003 +0.002 +0.003 +0.005 +0.004 +0.004 +0.004 +0.004 +0.003 +0.001
 +0.002 +0.005 +0.003 +0.004 +0.005 +0.004 +0.005 +0.003 +0.003 +0.003
 +0.003 +0.003 +0.003 +0.002 +0.001 +0.003 +0.003 +0.002 +0.003 +0.002
 +0.001 +0.003 +0.004 +0.003 +0.004 +0.003 +0.004 +0.004 +0.001 +0.004
 +0.004 +0.004 +0.004 +0.003 +0.005 +0.002 +0.004 +0.003 +0.002 +0.004
 +0.004 +0.004 +0.003 +0.002 +0.003 +0.002 +0.003 +0.001 +0.004 +0.004
 +0.002 +0.002 +0.003 +0.004 +0.004 +0.003 +0.002 +0.002 +0.003 +0.004
 +0.004 +0.002 +0.003 +0.004 +0.003 +0.001 +0.005 +0.003 +0.002 +0.003
 +0.004 +0.005 +0.001 +0.004 +0.005 +0.003 +0.004 +0.003 +0.003 +0.002
 +0.004 +0.001 +0.004 +0.003 +0.001 +0.003 +0.004 +0.002 +0.002 +0.005
 +0.002 +0.003 +0.004 +0.005 +0.003 +0.004 +0.003 +0.004 +0.002 +0.004
 +0.002 +0.004 +0.002 +0.005 +0.002 +0.003 +0.002 +0.005 +0.003 +0.003
 +0.003 +0.001 +0.002 +0.003 +0.004 +0.002 +0.002 +0.004 +0.002 +0.003
 +0.002 +0.002 +0.003 +0.004 +0.002 +0.003 +0.003 +0.003 +0.002 +0.005
 +0.004 +0.005 +0.005 +0.004 +0.004 +0.005 +0.001 +0.002 +0.004 +0.004
 +0.004 +0.002 +0.002 +0.003 +0.001 +0.004 +0.003 +0.001 +0.003 +0.004
 +0.001 +0.004 +0.004 +0.001 +0.006 +0.004 +0.002 +0.005 +0.002 +0.003
 +0.002 +0.002 +0.004 +0.001 +0.004 +0.001 +0.003 +0.003 +0.003 +0.003]
Dual variables:     [+1.690 +1.078]

Primal objective:   -9.49000895e+01
Dual objective:     2.50321973e-02 

Primal residual:    8.97e+01
Dual residual:      9.65e-02
Complementraty:     4.49e+01

Number of Iter:     325
Run time:           426.17
