
--------------- Linear optimization problem characteristics ---------------
Seed:                    82
Number of variables:     50
Number of constraints:   2

Norm of primal sol:      2.00e+00
Norm of dual sol:        2.00e+00
Norm of dual slacks:     2.00e+00

Norm of vector b:        2.60e-01
Norm of vector c:        2.50e+00

Norm of matrix A:        1.00e+00
Condition number:        2.00e+00

----------------------- Linear optimization problem -----------------------
Coeff matrix A:          [[-0.118 +0.176 -0.071 -0.010 +0.150 +0.092 +0.190 +0.081 +0.166 +0.103
 +0.058 +0.143 +0.119 +0.025 -0.025 -0.165 -0.072 -0.165 +0.129 -0.092
 -0.101 -0.147 -0.064 +0.186 +0.157 +0.159 -0.198 +0.150 -0.067 -0.156
 -0.169 +0.015 +0.156 -0.196 -0.143 -0.021 -0.243 +0.002 +0.115 +0.140
 +0.235 -0.011 +0.107 +0.004 +0.237 -0.119 +0.117 +0.211 -0.185 -0.229]
                          [+0.102 -0.002 -0.036 +0.121 +0.087 -0.077 +0.041 -0.055 +0.017 -0.108
 +0.039 +0.015 +0.016 -0.047 +0.040 -0.064 -0.062 +0.090 +0.045 +0.005
 -0.048 -0.021 -0.106 -0.017 +0.083 +0.096 -0.076 +0.076 +0.041 +0.071
 +0.009 +0.031 +0.021 +0.029 +0.116 +0.046 -0.124 -0.087 +0.072 +0.125
 +0.094 +0.110 +0.029 -0.068 +0.134 -0.040 -0.062 -0.097 +0.114 -0.066]]

RHS vector b:            [+0.259 +0.022]
Obj vector c:            [+0.220 -0.351 +0.147 +0.002 -0.311 -0.173 -0.385 -0.154 -0.334 +0.237
 -0.122 -0.288 -0.240 -0.043 +0.044 +0.339 +0.152 +0.317 -0.263 +0.183
 +0.208 +0.297 +0.142 -0.368 -0.326 -0.330 +0.405 -0.311 +0.127 +0.302
 +0.337 -0.034 -0.314 +0.386 +0.268 +0.035 +0.502 +0.008 -0.240 -0.297
 -0.482 +0.007 -0.217 +0.002 -0.492 +0.244 -0.225 +1.548 +0.352 +0.466]

---------------------------- Optimal solution -----------------------------
Primal variables:         [+0.141 +0.328 +0.320 +0.399 +0.245 +0.492 +0.512 +0.427 +0.105 +0.000
 +0.315 +0.304 +0.331 +0.507 +0.172 +0.415 +0.344 +0.276 +0.036 +0.046
 +0.447 +0.302 +0.039 +0.176 +0.188 +0.006 +0.227 +0.027 +0.345 +0.017
 +0.197 +0.423 +0.461 +0.169 +0.050 +0.097 +0.084 +0.481 +0.507 +0.048
 +0.134 +0.068 +0.370 +0.098 +0.008 +0.079 +0.462 +0.000 +0.050 +0.085]
Dual slacks:              [+0.000 +0.000 +0.000 +0.000 +0.000 +0.000 +0.000 +0.000 +0.000 +0.426
 +0.000 +0.000 +0.000 +0.000 +0.000 +0.000 +0.000 +0.000 +0.000 +0.000
 +0.000 +0.000 +0.000 +0.000 +0.000 +0.000 +0.000 +0.000 +0.000 +0.000
 +0.000 +0.000 +0.000 +0.000 +0.000 +0.000 +0.000 +0.000 +0.000 +0.000
 +0.000 +0.000 +0.000 +0.000 +0.000 +0.000 +0.000 +1.954 +0.000 +0.000]
Dual variables:           [-1.995 -0.144]

Optimal objective:       -5.19632570e-01
===========================================================================

Method:                  II-QIPM
LO_Precision:            1.00e-01
Stop_Precision:          1.00e-03
LO_Verbosity:            2
Omega:                   1.00e+01

The Quantum Inexact Infeasible Interior-Point Method starts running ...


                  Objective                Residual                                Linear system           Step-length
Iter      Primal           Dual         Primal    Dual     Compl    ||Resl||  Cond-Num  ||M||   ||RHS||    a-star   a-hat      Time
   0   4.96918717e+00  0.00000000e+00  1.12e+01 6.21e+00  4.83e+02  1.14e+01  4.00e+00 1.00e+00 1.14e+01  9.53e-01 9.12e-01      0s
   1   7.73045517e+00 -3.89095099e-01  4.10e+00 2.25e+00  1.91e+02 *1.38e-01  5.08e+00 1.49e+01 4.13e+01  7.76e-01 6.37e-01      0s
   2   6.65272598e+00 -4.16952834e-01  3.20e+00 1.82e+00  1.57e+02 *7.07e-01  4.35e+00 3.32e+01 1.76e+01  7.51e-01 1.91e-01      1s
   3   5.49409649e+00 -4.42721245e-01  2.32e+00 1.41e+00  1.25e+02 *7.08e-01  4.27e+00 4.25e+01 1.83e+01  7.89e-01 2.26e-01      1s
   4   3.97340314e+00 -4.70746394e-01  1.38e+00 9.43e-01  8.61e+01 *5.10e-01  4.17e+00 5.74e+01 1.96e+01  8.43e-01 3.32e-01      1s
   5   1.51319393e+00 -5.04046994e-01  4.21e-01 3.47e-01  3.38e+01 *1.40e-01  4.05e+00 9.15e+01 2.18e+01  9.18e-01 6.32e-01      1s
   6   1.20484246e+00 -5.04046994e-01  4.90e-01 3.42e-01  3.34e+01  2.59e+01  3.92e+00 2.78e+02 2.59e+01  3.16e-01 1.50e-02      1s
   7   9.26059147e-01 -5.04046994e-01  7.50e-01 3.38e-01  3.30e+01  2.76e+01  3.84e+00 2.86e+02 2.76e+01  3.06e-01 1.30e-02      1s
   8   6.55500556e-01 -5.04046994e-01  1.06e+00 3.33e-01  3.26e+01  2.92e+01  3.78e+00 2.93e+02 2.92e+01  2.97e-01 1.21e-02      2s
   9   3.92550046e-01 -5.04046994e-01  1.37e+00 3.30e-01  3.23e+01  3.08e+01  3.71e+00 3.01e+02 3.08e+01  2.88e-01 1.13e-02      2s
  10   1.36394161e-01 -5.04046994e-01  1.69e+00 3.26e-01  3.20e+01  3.24e+01  3.65e+00 3.08e+02 3.24e+01  2.80e-01 1.06e-02      2s
  11  -1.13713529e-01 -5.04046994e-01  2.00e+00 3.23e-01  3.17e+01  3.40e+01  3.59e+00 3.14e+02 3.40e+01  2.72e-01 9.91e-03      2s
  12  -3.58218145e-01 -5.04046994e-01  2.31e+00 3.20e-01  3.14e+01  3.56e+01  3.53e+00 3.21e+02 3.56e+01  2.65e-01 9.31e-03      2s
  13  -5.97289708e-01 -5.04046994e-01  2.61e+00 3.17e-01  3.12e+01  3.72e+01  3.47e+00 3.28e+02 3.72e+01  2.58e-01 8.75e-03      3s
  14  -8.31782121e-01 -5.04046994e-01  2.91e+00 3.15e-01  3.10e+01  3.88e+01  3.41e+00 3.34e+02 3.88e+01  2.52e-01 8.26e-03      3s
  15  -1.06158015e+00 -5.04046994e-01  3.20e+00 3.12e-01  3.07e+01  4.04e+01  3.36e+00 3.40e+02 4.04e+01  2.45e-01 7.80e-03      3s
  16  -1.28724267e+00 -5.04046994e-01  3.49e+00 3.10e-01  3.05e+01  4.21e+01  3.31e+00 3.47e+02 4.21e+01  2.39e-01 7.38e-03      3s
  17  -1.50929847e+00 -5.04046994e-01  3.77e+00 3.08e-01  3.03e+01  4.37e+01  3.26e+00 3.53e+02 4.37e+01  2.34e-01 7.00e-03      3s
  18  -1.72759501e+00 -5.04046994e-01  4.04e+00 3.06e-01  3.02e+01  4.54e+01  3.21e+00 3.59e+02 4.54e+01  2.28e-01 6.63e-03      3s
  19  -1.94240957e+00 -5.04046994e-01  4.31e+00 3.04e-01  3.00e+01  4.70e+01  3.16e+00 3.65e+02 4.70e+01  2.23e-01 6.30e-03      3s
  20  -2.15421678e+00 -5.04046994e-01  4.58e+00 3.02e-01  2.98e+01  4.87e+01  3.12e+00 3.71e+02 4.87e+01  2.18e-01 5.99e-03      4s
  21  -2.36305463e+00 -5.04046994e-01  4.84e+00 3.00e-01  2.97e+01  5.04e+01  3.07e+00 3.77e+02 5.04e+01  2.14e-01 5.71e-03      4s
  22  -2.56916231e+00 -5.04046994e-01  5.09e+00 2.98e-01  2.95e+01  5.21e+01  3.03e+00 3.83e+02 5.21e+01  2.09e-01 5.44e-03      4s
  23  -7.75509138e-01 -5.20237677e-01  5.73e-01 3.33e-02  3.65e+00 *5.97e-02  2.99e+00 3.88e+02 5.38e+01  9.23e-01 8.89e-01      4s
  24  -7.97505866e-01 -5.19610576e-01  2.72e-01 1.21e-03  1.61e-01  2.92e-01  4.34e+00 2.90e+03 6.87e+00  9.76e-01 9.64e-01      4s
  25  -9.53256832e-01 -5.19612581e-01  2.93e-01 1.09e-03  1.46e-01  9.58e-01  4.43e+00 1.04e+05 2.90e+01  9.84e-01 9.81e-02      5s
  26  -9.53292351e-01 -5.19612581e-01  2.93e-01 1.09e-03  1.46e-01  9.52e-01  4.43e+00 1.16e+05 2.92e+01  9.84e-01 2.50e-05      5s

The solution quality is limited by the precision of the linear system solver.

The algorithm stopped after 27 iterations in 5.12 seconds.

Primal variables:   [+12.187 +18.194 +18.261 +11.452 +12.187 +24.978 +14.699 +22.735 +16.418
 +0.028 +14.595 +16.380 +16.178 +20.577 +14.336 +19.186 +20.442 +12.543
 +14.389 +15.679 +18.817 +16.642 +26.619 +20.000 +12.353 +11.718 +19.731
 +12.701 +14.218 +13.088 +15.171 +14.863 +16.010 +14.357 +11.845 +14.101
 +24.079 +25.449 +12.983 +10.563 +11.200 +11.803 +15.311 +22.759 +8.964
 +17.980 +24.429 +0.007 +11.934 +18.587]
Dual slacks:        [+0.000 +0.000 +0.000 +0.000 +0.000 +0.000 +0.000 +0.000 +0.000 +0.426
 +0.000 +0.000 +0.000 +0.000 +0.000 +0.000 +0.000 +0.000 +0.000 +0.000
 +0.000 +0.000 +0.000 +0.000 +0.000 +0.000 +0.000 +0.000 +0.000 +0.000
 +0.000 +0.000 +0.000 +0.000 +0.000 +0.000 +0.000 +0.000 +0.000 +0.000
 +0.000 +0.000 +0.000 +0.000 +0.000 +0.000 +0.000 +1.954 +0.000 +0.000]
Dual variables:     [-1.995 -0.145]

Primal objective:   -9.53292351e-01
Dual objective:     -5.19612581e-01

Primal residual:    2.93e-01
Dual residual:      1.09e-03
Complementraty:     1.46e-01

Number of Iter:     27
Run time:           5.12
