
--------------- Linear optimization problem characteristics ---------------
Seed:                    20
Number of variables:     50
Number of constraints:   2

Norm of primal sol:      2.00e+00
Norm of dual sol:        2.00e+00
Norm of dual slacks:     2.00e+00

Norm of vector b:        3.07e-01
Norm of vector c:        3.18e+00

Norm of matrix A:        1.00e+00
Condition number:        2.00e+00

----------------------- Linear optimization problem -----------------------
Coeff matrix A:          [[+0.145 +0.135 -0.237 -0.193 +0.167 +0.022 +0.224 +0.026 +0.132 -0.051
 +0.156 -0.043 -0.063 -0.044 -0.063 +0.139 -0.070 -0.061 -0.020 -0.036
 +0.082 -0.135 +0.100 -0.139 +0.212 -0.179 +0.138 -0.094 -0.218 +0.095
 +0.247 -0.222 -0.150 -0.019 +0.131 +0.218 +0.188 +0.027 -0.023 -0.052
 +0.091 +0.118 +0.128 -0.081 +0.214 +0.129 -0.097 +0.053 +0.156 -0.247]
                          [-0.131 +0.118 +0.106 +0.086 +0.081 -0.076 -0.133 +0.063 -0.022 +0.076
 -0.021 -0.056 -0.025 +0.053 +0.071 +0.112 +0.057 +0.004 -0.099 +0.005
 -0.034 -0.051 +0.021 +0.123 +0.022 +0.041 +0.025 +0.136 +0.124 +0.066
 -0.079 -0.037 +0.141 +0.007 -0.037 +0.013 +0.030 +0.070 -0.013 +0.129
 -0.001 -0.064 -0.095 +0.141 -0.033 +0.041 -0.083 +0.057 +0.026 +0.092]]

RHS vector b:            [+0.183 +0.246]
Obj vector c:            [+0.365 +0.166 -0.519 -0.423 +0.441 +0.095 +2.504 +0.002 +0.261 -0.150
 +0.306 -0.039 -0.099 -0.120 -0.169 +0.177 -0.172 -0.116 +0.034 -0.071
 +0.178 -0.214 +0.171 -0.348 +0.379 -0.364 +0.240 -0.274 -0.495 +0.129
 +0.518 -0.386 -0.382 -0.040 +0.271 +0.396 +0.329 -0.000 -0.034 -0.191
 +0.170 +0.267 +0.307 -0.254 +0.423 +0.211 -0.120 +0.057 +0.272 -0.528]

---------------------------- Optimal solution -----------------------------
Primal variables:         [+0.292 +0.446 +0.443 +0.405 +0.000 +0.343 +0.000 +0.257 +0.327 +0.096
 +0.135 +0.357 +0.389 +0.422 +0.385 +0.018 +0.058 +0.373 +0.119 +0.127
 +0.426 +0.472 +0.279 +0.089 +0.382 +0.244 +0.313 +0.417 +0.229 +0.247
 +0.337 +0.323 +0.133 +0.033 +0.383 +0.239 +0.163 +0.254 +0.131 +0.154
 +0.311 +0.277 +0.158 +0.196 +0.128 +0.289 +0.080 +0.297 +0.410 +0.078]
Dual slacks:              [+0.000 +0.000 +0.000 +0.000 +0.189 +0.000 +1.991 +0.000 +0.000 +0.000
 +0.000 +0.000 +0.000 +0.000 +0.000 +0.000 +0.000 +0.000 +0.000 +0.000
 +0.000 +0.000 +0.000 +0.000 +0.000 +0.000 +0.000 +0.000 +0.000 +0.000
 +0.000 +0.000 +0.000 +0.000 +0.000 +0.000 +0.000 +0.000 +0.000 +0.000
 +0.000 +0.000 +0.000 +0.000 +0.000 +0.000 +0.000 +0.000 +0.000 +0.000]
Dual variables:           [+1.863 -0.727]

Optimal objective:       +1.63411561e-01
===========================================================================

Method:                  II-QIPM
LO_Precision:            1.00e-01
Stop_Precision:          1.00e-03
LO_Verbosity:            2
Omega:                   1.00e+01

The Quantum Inexact Infeasible Interior-Point Method starts running ...


                  Objective                Residual                                Linear system           Step-length
Iter      Primal           Dual         Primal    Dual     Compl    ||Resl||  Cond-Num  ||M||   ||RHS||    a-star   a-hat      Time
   0   2.53284613e+01  0.00000000e+00  1.43e+01 6.72e+00  5.41e+02  1.43e+01  4.00e+00 1.00e+00 1.43e+01  9.50e-01 9.04e-01      0s
   1   2.08600706e+01 -3.87052826e-01  1.02e+01 4.66e+00  3.88e+02  1.06e+00  4.50e+00 1.33e+01 3.07e+01  5.44e-01 3.07e-01      0s
   2   2.00800960e+01 -3.97372720e-01  9.64e+00 4.40e+00  3.68e+02  3.29e-01  4.57e+00 1.84e+01 2.78e+01  5.33e-01 5.61e-02      1s
   3   1.93312572e+01 -4.01903202e-01  9.13e+00 4.16e+00  3.50e+02  2.91e-01  4.54e+00 1.96e+01 2.82e+01  5.45e-01 5.50e-02      1s
   4   1.85465792e+01 -4.01866924e-01  8.60e+00 3.91e+00  3.31e+02  2.32e-01  4.51e+00 2.09e+01 2.87e+01  5.58e-01 5.90e-02      1s
   5   1.77187807e+01 -3.97128502e-01  8.06e+00 3.66e+00  3.12e+02  1.52e-01  4.48e+00 2.25e+01 2.95e+01  5.74e-01 6.40e-02      1s
   6   1.68392050e+01 -3.87407941e-01  7.50e+00 3.40e+00  2.92e+02  5.57e-02  4.46e+00 2.44e+01 3.05e+01  5.92e-01 7.03e-02      2s
   7   1.58946629e+01 -3.72206087e-01  6.90e+00 3.14e+00  2.71e+02  5.38e-02  4.44e+00 2.67e+01 3.18e+01  6.13e-01 7.86e-02      2s
   8   1.48674071e+01 -3.50715124e-01  6.27e+00 2.85e+00  2.49e+02  1.73e-01  4.43e+00 2.97e+01 3.35e+01  6.39e-01 8.98e-02      2s
   9   1.37297897e+01 -3.21604707e-01  5.58e+00 2.55e+00  2.25e+02  3.02e-01  4.44e+00 3.36e+01 3.56e+01  6.71e-01 1.06e-01      2s
  10   1.24374155e+01 -2.82618907e-01  4.81e+00 2.22e+00  1.99e+02  4.37e-01  4.46e+00 3.90e+01 3.84e+01  7.10e-01 1.30e-01      2s
  11   1.09075493e+01 -2.29523591e-01  3.92e+00 1.84e+00  1.68e+02  5.65e-01  4.49e+00 4.69e+01 4.19e+01  7.46e-01 1.70e-01      3s
  12   8.94740450e+00 -1.52827148e-01  2.82e+00 1.38e+00  1.29e+02  6.53e-01  4.55e+00 5.99e+01 4.65e+01  7.83e-01 2.50e-01      3s
  13   5.93927954e+00 -2.34235604e-02  1.31e+00 7.29e-01  7.17e+01  6.83e-01  4.61e+00 8.64e+01 5.30e+01  8.39e-01 4.72e-01      3s
  14   3.52228985e+00  1.07916498e-01  8.67e-01 1.88e-01  2.03e+01  1.26e+00  4.56e+00 1.84e+02 6.35e+01  8.93e-01 7.43e-01      3s
  15   2.74881998e+00  1.07916498e-01  1.04e+00 1.86e-01  2.01e+01  6.76e+01  3.68e+00 7.49e+02 6.76e+01  2.17e-01 9.89e-03      3s
  16   2.28956286e+00  1.07916498e-01  1.30e+00 1.85e-01  2.00e+01  7.28e+01  3.71e+00 7.87e+02 7.28e+01  2.10e-01 5.46e-03      4s
  17   1.83263903e+00  1.07916498e-01  1.61e+00 1.84e-01  1.99e+01  7.59e+01  3.73e+00 8.10e+02 7.59e+01  2.05e-01 5.21e-03      4s
  18   1.37732088e+00  1.07916498e-01  1.94e+00 1.83e-01  1.98e+01  7.91e+01  3.76e+00 8.33e+02 7.91e+01  2.01e-01 4.99e-03      4s
  19   9.24232778e-01  1.07916498e-01  2.29e+00 1.82e-01  1.97e+01  8.23e+01  3.79e+00 8.57e+02 8.23e+01  1.97e-01 4.77e-03      4s
  20   4.72645893e-01  1.07916498e-01  2.65e+00 1.81e-01  1.96e+01  8.56e+01  3.81e+00 8.81e+02 8.56e+01  1.93e-01 4.57e-03      4s
  21   2.27222551e-02  1.07916498e-01  3.01e+00 1.80e-01  1.96e+01  8.89e+01  3.84e+00 9.05e+02 8.89e+01  1.89e-01 4.38e-03      5s
  22  -4.25377959e-01  1.07916498e-01  3.37e+00 1.80e-01  1.95e+01  9.23e+01  3.87e+00 9.30e+02 9.23e+01  1.86e-01 4.20e-03      5s
  23  -8.71943537e-01  1.07916498e-01  3.73e+00 1.79e-01  1.94e+01  9.57e+01  3.90e+00 9.55e+02 9.57e+01  1.82e-01 4.03e-03      5s
  24  -1.31726914e+00  1.07916498e-01  4.09e+00 1.78e-01  1.94e+01  9.91e+01  3.93e+00 9.81e+02 9.91e+01  1.79e-01 3.87e-03      5s
  25  -1.76076730e+00  1.07916498e-01  4.44e+00 1.78e-01  1.93e+01  1.03e+02  3.96e+00 1.01e+03 1.03e+02  1.76e-01 3.72e-03      6s
  26  -2.20317670e+00  1.07916498e-01  4.80e+00 1.77e-01  1.92e+01  1.06e+02  4.00e+00 1.03e+03 1.06e+02  1.73e-01 3.58e-03      6s
  27   6.94113006e-01  1.63175994e-01  5.48e-01 1.42e-02  1.87e+00  3.50e-01  4.03e+00 1.06e+03 1.10e+02  9.57e-01 9.20e-01      6s
  28  -3.99006858e+00  1.63175994e-01  2.23e+00 8.11e-03  1.12e+00  5.21e+00  3.93e+00 6.91e+03 5.21e+00  9.05e-01 4.30e-01      6s
  29  -3.99208483e+00  1.63175994e-01  2.23e+00 8.11e-03  1.12e+00  1.24e+01  3.93e+00 1.29e+04 1.24e+01  8.34e-01 9.89e-05      7s

The solution quality is limited by the precision of the linear system solver.

The algorithm stopped after 30 iterations in 6.59 seconds.

Primal variables:   [+25.258 +9.657 +13.223 +14.002 +0.674 +24.161 +0.037 +12.417 +15.252
 +12.642 +14.807 +25.033 +21.301 +13.844 +13.051 +9.794 +13.983 +17.862
 +32.787 +17.084 +17.140 +33.001 +13.500 +11.166 +12.163 +17.792 +12.833
 +10.285 +11.822 +11.610 +16.381 +43.187 +10.388 +16.525 +16.236 +12.414
 +12.079 +12.098 +18.357 +10.330 +14.810 +18.593 +21.308 +10.009 +14.447
 +12.280 +37.995 +12.407 +12.580 +14.471]
Dual slacks:        [+0.001 +0.001 +0.001 +0.001 +0.190 +0.001 +1.992 +0.001 +0.001 +0.001
 +0.001 +0.001 +0.001 +0.001 +0.001 +0.001 +0.001 +0.001 +0.001 +0.001
 +0.001 +0.001 +0.001 +0.001 +0.001 +0.001 +0.001 +0.001 +0.001 +0.001
 +0.001 +0.001 +0.001 +0.001 +0.001 +0.001 +0.001 +0.001 +0.001 +0.001
 +0.001 +0.001 +0.001 +0.001 +0.001 +0.001 +0.001 +0.001 +0.001 +0.001]
Dual variables:     [+1.863 -0.727]

Primal objective:   -3.99208483e+00
Dual objective:     1.63175994e-01 

Primal residual:    2.23e+00
Dual residual:      8.11e-03
Complementraty:     1.12e+00

Number of Iter:     30
Run time:           6.59
