
--------------- Linear optimization problem characteristics ---------------
Seed:                    29
Number of variables:     50
Number of constraints:   2

Norm of primal sol:      2.00e+00
Norm of dual sol:        2.00e+00
Norm of dual slacks:     2.00e+00

Norm of vector b:        1.44e-01
Norm of vector c:        2.50e+00

Norm of matrix A:        1.00e+00
Condition number:        2.00e+00

----------------------- Linear optimization problem -----------------------
Coeff matrix A:          [[+0.022 -0.040 +0.143 -0.050 -0.118 +0.128 +0.060 +0.129 -0.154 -0.043
 -0.114 +0.043 -0.079 -0.151 +0.028 +0.178 +0.062 +0.059 +0.005 +0.047
 +0.103 +0.010 +0.016 +0.109 +0.003 -0.099 -0.018 -0.125 +0.032 -0.163
 +0.129 +0.152 +0.064 +0.072 +0.073 -0.033 +0.054 -0.049 +0.013 +0.073
 -0.122 +0.026 +0.057 -0.045 +0.032 +0.005 -0.084 +0.141 -0.087 -0.054]
                          [-0.182 -0.007 +0.029 +0.144 +0.054 -0.110 -0.076 -0.180 +0.078 +0.036
 +0.093 +0.064 +0.086 +0.173 +0.146 -0.193 +0.078 +0.160 +0.090 -0.178
 -0.185 -0.075 -0.184 +0.171 -0.070 +0.067 -0.157 +0.109 -0.066 +0.146
 -0.111 -0.194 -0.141 -0.187 -0.079 +0.184 +0.057 +0.069 -0.128 -0.204
 -0.090 -0.122 +0.121 +0.179 +0.118 +0.146 +0.101 -0.161 -0.136 +0.146]]

RHS vector b:            [+0.091 -0.112]
Obj vector c:            [+0.300 -0.043 +0.149 -0.280 -0.237 +0.335 +0.194 +0.440 -0.322 -0.111
 -0.292 -0.038 -0.234 +0.568 -0.179 +0.525 -0.033 +1.557 -0.127 +0.327
 +0.412 +0.125 +0.295 -0.109 +0.108 -0.232 +0.208 -0.330 +0.142 -0.436
 +0.338 +0.492 +0.296 +0.373 +0.215 -0.317 -0.012 -0.169 +0.208 +0.401
 -0.030 +0.216 -0.102 -0.326 -0.132 -0.209 -0.264 +0.428 +0.085 -0.289]

---------------------------- Optimal solution -----------------------------
Primal variables:         [+0.390 +0.129 +0.033 +0.345 +0.204 +0.245 +0.328 +0.383 +0.347 +0.331
 +0.109 +0.325 +0.026 +0.000 +0.276 +0.116 +0.129 +0.000 +0.380 +0.365
 +0.000 +0.417 +0.364 +0.432 +0.219 +0.299 +0.331 +0.210 +0.364 +0.198
 +0.058 +0.290 +0.216 +0.297 +0.038 +0.300 +0.222 +0.341 +0.193 +0.149
 +0.216 +0.415 +0.139 +0.445 +0.051 +0.438 +0.394 +0.428 +0.107 +0.387]
Dual slacks:              [+0.000 +0.000 +0.000 +0.000 +0.000 +0.000 +0.000 +0.000 +0.000 +0.000
 +0.000 +0.000 +0.000 +1.027 +0.000 +0.000 +0.000 +1.716 +0.000 +0.000
 +0.000 +0.000 +0.000 +0.000 +0.000 +0.000 +0.000 +0.000 +0.000 +0.000
 +0.000 +0.000 +0.000 +0.000 +0.000 +0.000 +0.000 +0.000 +0.000 +0.000
 +0.000 +0.000 +0.000 +0.000 +0.000 +0.000 +0.000 +0.000 +0.000 +0.000]
Dual variables:           [+1.339 -1.486]

Optimal objective:       +2.87949968e-01
===========================================================================

Method:                  II-QIPM
LO_Precision:            1.00e-01
Stop_Precision:          1.00e-03
LO_Verbosity:            2
Omega:                   1.00e+01

The Quantum Inexact Infeasible Interior-Point Method starts running ...


                  Objective                Residual                                Linear system           Step-length
Iter      Primal           Dual         Primal    Dual     Compl    ||Resl||  Cond-Num  ||M||   ||RHS||    a-star   a-hat      Time
   0   3.06636317e+01 -6.46574856e-01  1.50e+00 1.88e+01  1.46e+03 *9.93e-16  4.00e+00 1.00e+00 4.72e+00  8.31e-01 7.32e-01      0s
   1   2.86909714e+01 -6.46574856e-01  5.45e-01 1.81e+01  1.40e+03  2.19e+01  3.76e+00 4.09e+00 2.19e+01  4.26e-01 4.10e-02      0s
   2   2.73887308e+01 -6.46574856e-01  9.30e-02 1.76e+01  1.37e+03  2.49e+01  3.77e+00 4.38e+00 2.49e+01  4.01e-01 2.50e-02      1s
   3   2.61487103e+01 -6.46574856e-01  7.03e-01 1.72e+01  1.34e+03  2.70e+01  3.78e+00 4.58e+00 2.70e+01  3.86e-01 2.27e-02      1s
   4   2.49606557e+01 -6.46574856e-01  1.29e+00 1.69e+01  1.32e+03  2.91e+01  3.79e+00 4.78e+00 2.91e+01  3.72e-01 2.07e-02      1s
   5   2.38231403e+01 -6.46574856e-01  1.85e+00 1.65e+01  1.29e+03  3.11e+01  3.81e+00 4.98e+00 3.11e+01  3.58e-01 1.89e-02      1s
   6   2.27302694e+01 -6.46574856e-01  2.39e+00 1.63e+01  1.27e+03  3.31e+01  3.83e+00 5.18e+00 3.31e+01  3.46e-01 1.73e-02      1s
   7   2.16786727e+01 -6.46574856e-01  2.92e+00 1.60e+01  1.26e+03  3.52e+01  3.85e+00 5.38e+00 3.52e+01  3.35e-01 1.60e-02      2s
   8   2.06641451e+01 -6.46574856e-01  3.42e+00 1.58e+01  1.24e+03  3.72e+01  3.87e+00 5.57e+00 3.72e+01  3.24e-01 1.48e-02      2s
   9   1.96847155e+01 -6.46574856e-01  3.91e+00 1.56e+01  1.22e+03  3.92e+01  3.90e+00 5.77e+00 3.92e+01  3.14e-01 1.37e-02      2s
  10   1.87384893e+01 -6.46574856e-01  4.39e+00 1.54e+01  1.21e+03  4.12e+01  3.93e+00 5.97e+00 4.12e+01  3.04e-01 1.27e-02      2s
  11   1.78209027e+01 -6.46574856e-01  4.85e+00 1.52e+01  1.20e+03  4.32e+01  3.96e+00 6.17e+00 4.32e+01  2.95e-01 1.19e-02      2s
  12   1.69321532e+01 -6.46574856e-01  5.30e+00 1.50e+01  1.18e+03  4.52e+01  3.99e+00 6.37e+00 4.52e+01  2.87e-01 1.11e-02      2s
  13   1.39833587e+01  2.91435555e-01  6.04e-01 1.70e+00  1.56e+02  8.53e-02  4.03e+00 6.58e+00 4.72e+01  9.33e-01 8.87e-01      3s
  14   1.25904654e+01  2.91435555e-01  9.10e-01 1.52e+00  1.41e+02  7.77e+00  3.60e+00 4.57e+01 7.77e+00  5.83e-01 1.04e-01      3s
  15   1.18587756e+01  2.91435555e-01  1.35e+00 1.44e+00  1.35e+02  1.03e+01  3.47e+00 5.19e+01 1.03e+01  5.34e-01 5.33e-02      3s
  16   1.12103217e+01  2.91435555e-01  1.82e+00 1.37e+00  1.29e+02  1.19e+01  3.38e+00 5.54e+01 1.19e+01  5.08e-01 4.62e-02      3s
  17   1.06280810e+01  2.91435555e-01  2.28e+00 1.32e+00  1.24e+02  1.35e+01  3.30e+00 5.87e+01 1.35e+01  4.84e-01 4.05e-02      3s
  18   1.00995251e+01  2.91435555e-01  2.73e+00 1.27e+00  1.20e+02  1.50e+01  3.23e+00 6.18e+01 1.50e+01  4.63e-01 3.58e-02      4s
  19   9.61576994e+00  2.91435555e-01  3.16e+00 1.23e+00  1.17e+02  1.66e+01  3.15e+00 6.47e+01 1.66e+01  4.43e-01 3.19e-02      4s
  20   9.16964846e+00  2.91435555e-01  3.59e+00 1.19e+00  1.14e+02  1.81e+01  3.08e+00 6.75e+01 1.81e+01  4.24e-01 2.86e-02      4s
  21   8.75570394e+00  2.91435555e-01  4.00e+00 1.16e+00  1.11e+02  1.96e+01  3.01e+00 7.02e+01 1.96e+01  4.08e-01 2.58e-02      4s
  22   2.24547280e+00  2.82622199e-01  6.11e-01 1.72e-01  1.86e+01 *1.48e-01  2.95e+00 7.27e+01 2.11e+01  9.00e-01 8.53e-01      4s
  23  -7.37302653e-01  2.82622199e-01  1.72e+00 1.54e-01  1.69e+01  1.68e+01  3.53e+00 5.21e+02 1.68e+01  5.33e-01 9.97e-02      4s
  24  -2.20411881e+00  2.82622199e-01  2.53e+00 1.48e-01  1.63e+01  2.23e+01  3.39e+00 6.02e+02 2.23e+01  4.81e-01 4.07e-02      5s
  25  -3.60313226e+00  2.82622199e-01  3.32e+00 1.43e-01  1.57e+01  2.50e+01  3.32e+00 6.40e+02 2.50e+01  4.59e-01 3.57e-02      5s
  26  -4.94582458e+00  2.82622199e-01  4.09e+00 1.38e-01  1.53e+01  2.78e+01  3.25e+00 6.78e+02 2.78e+01  4.39e-01 3.18e-02      5s
  27  -6.23828310e+00  2.82622199e-01  4.83e+00 1.34e-01  1.49e+01  3.05e+01  3.19e+00 7.14e+02 3.05e+01  4.20e-01 2.85e-02      5s
  28  -7.48292888e+00  2.82622199e-01  5.56e+00 1.31e-01  1.45e+01  3.32e+01  3.12e+00 7.50e+02 3.32e+01  4.03e-01 2.56e-02      5s
  29  -8.68364094e+00  2.82622199e-01  6.26e+00 1.28e-01  1.42e+01  3.60e+01  3.07e+00 7.86e+02 3.60e+01  3.88e-01 2.32e-02      5s
  30  -9.84319399e+00  2.82622199e-01  6.94e+00 1.25e-01  1.40e+01  3.87e+01  3.01e+00 8.21e+02 3.87e+01  3.73e-01 2.11e-02      6s
  31  -1.52415320e+00  2.88146848e-01  1.15e+00 2.01e-02  2.48e+00  2.62e-01  2.96e+00 8.56e+02 4.14e+01  8.93e-01 8.40e-01      6s
  32  -8.77070849e-01  2.88146848e-01  8.79e-01 1.82e-02  2.27e+00  9.14e+00  3.71e+00 4.97e+03 9.14e+00  6.20e-01 9.15e-02      6s
  33  -3.64836256e-01  2.88146848e-01  1.28e+00 1.70e-02  2.13e+00  1.15e+01  3.62e+00 5.59e+03 1.15e+01  5.82e-01 6.89e-02      6s
  34   8.57543705e-02  2.88146848e-01  1.90e+00 1.60e-02  2.02e+00  1.35e+01  3.54e+00 6.10e+03 1.35e+01  5.51e-01 5.85e-02      6s
  35   4.84554359e-01  2.88146848e-01  2.55e+00 1.52e-02  1.92e+00  1.55e+01  3.45e+00 6.58e+03 1.55e+01  5.23e-01 5.03e-02      6s
  36   8.39683848e-01  2.88146848e-01  3.18e+00 1.45e-02  1.85e+00  1.75e+01  3.37e+00 7.03e+03 1.75e+01  4.97e-01 4.39e-02      7s
  37   1.05650067e+00  2.88146848e-01  3.61e+00 1.41e-02  1.80e+00  1.95e+01  3.28e+00 7.46e+03 1.95e+01  4.74e-01 2.63e-02      7s
  38   1.05658039e+00  2.88146848e-01  3.61e+00 1.41e-02  1.80e+00  2.08e+01  3.23e+00 7.73e+03 2.08e+01  4.60e-01 9.61e-06      7s

The solution quality is limited by the precision of the linear system solver.

The algorithm stopped after 39 iterations in 7.20 seconds.

Primal variables:   [+13.678 +16.225 +16.869 +18.815 +18.091 +14.237 +14.655 +13.302 +18.427
 +16.877 +18.821 +16.877 +18.153 +0.116 +18.498 +13.296 +17.189 +0.082
 +17.396 +13.544 +13.254 +14.910 +13.706 +19.263 +15.027 +18.110 +14.271
 +19.294 +14.886 +20.204 +14.224 +13.170 +13.850 +13.326 +14.603 +19.496
 +16.752 +17.468 +14.286 +13.142 +14.922 +14.265 +18.044 +19.496 +17.902
 +18.496 +18.504 +13.567 +14.871 +18.912]
Dual slacks:        [+0.002 +0.002 +0.001 +0.002 +0.003 +0.002 +0.002 +0.002 +0.003 +0.002
 +0.002 +0.002 +0.002 +1.029 +0.001 +0.001 +0.001 +1.717 +0.002 +0.002
 +0.002 +0.002 +0.002 +0.001 +0.002 +0.002 +0.003 +0.002 +0.002 +0.003
 +0.002 +0.002 +0.002 +0.002 +0.002 +0.002 +0.002 +0.002 +0.002 +0.002
 +0.003 +0.002 +0.001 +0.002 +0.002 +0.002 +0.002 +0.002 +0.003 +0.002]
Dual variables:     [+1.344 -1.483]

Primal objective:   1.05658039e+00 
Dual objective:     2.88146848e-01 

Primal residual:    3.61e+00
Dual residual:      1.41e-02
Complementraty:     1.80e+00

Number of Iter:     39
Run time:           7.20
