
--------------- Linear optimization problem characteristics ---------------
Seed:                    4
Number of variables:     10
Number of constraints:   2

Norm of primal sol:      2.00e+00
Norm of dual sol:        2.00e+00
Norm of dual slacks:     2.00e+00

Norm of vector b:        5.69e-01
Norm of vector c:        2.01e+00

Norm of matrix A:        1.00e+00
Condition number:        2.00e+00

----------------------- Linear optimization problem -----------------------
Coeff matrix A:          [[-0.195 +0.024 +0.106 -0.337 -0.320 +0.295 +0.048 +0.012 -0.199 -0.131]
                          [+0.334 +0.252 +0.290 +0.379 +0.348 -0.268 -0.365 -0.208 -0.159 -0.202]]

RHS vector b:            [-0.313 +0.475]
Obj vector c:            [-0.756 -0.338 -0.282 -1.015 +1.055 +0.793 +0.601 +0.341 -0.037 +0.119]

---------------------------- Optimal solution -----------------------------
Primal variables:         [+0.974 +0.551 +0.979 +0.720 +0.000 +0.218 +0.983 +0.000 +0.255 +0.438]
Dual slacks:              [+0.000 +0.000 +0.000 +0.000 +2.000 +0.000 +0.000 +0.018 +0.000 +0.000]
Dual variables:           [+1.357 -1.469]

Optimal objective:       -1.12323369e+00
===========================================================================

Method:                  II-QIPM
LO_Precision:            1.00e-01
Stop_Precision:          1.00e-03
LO_Verbosity:            2
Omega:                   1.00e+01

The Quantum Inexact Infeasible Interior-Point Method starts running ...


                  Objective                Residual                                Linear system           Step-length
Iter      Primal           Dual         Primal    Dual     Compl    ||Resl||  Cond-Num  ||M||   ||RHS||    a-star   a-hat      Time
   0   1.83401569e+00  0.00000000e+00  8.89e+00 5.06e+00  1.75e+02  9.15e+00  4.00e+00 1.00e+00 9.15e+00  9.08e-01 8.40e-01      0s
   1   7.06972088e-01 -1.02780923e+00  3.12e+00 1.78e+00  6.61e+01  3.52e-02  4.85e+00 8.64e+00 2.33e+01  7.86e-01 6.49e-01      0s
   2   2.30419852e-02 -1.02780923e+00  3.25e+00 1.70e+00  6.35e+01  1.28e+01  3.28e+00 1.72e+01 1.28e+01  4.12e-01 4.22e-02      0s
   3  -3.85080426e-01 -1.02780923e+00  3.38e+00 1.66e+00  6.22e+01  1.49e+01  3.26e+00 1.87e+01 1.49e+01  3.86e-01 2.31e-02      1s
   4  -7.77273291e-01 -1.02780923e+00  3.52e+00 1.63e+00  6.10e+01  1.62e+01  3.26e+00 1.96e+01 1.62e+01  3.72e-01 2.10e-02      1s
   5  -1.15500143e+00 -1.02780923e+00  3.68e+00 1.60e+00  5.99e+01  1.75e+01  3.26e+00 2.06e+01 1.75e+01  3.58e-01 1.92e-02      1s
   6  -1.52031932e+00 -1.02780923e+00  3.85e+00 1.57e+00  5.90e+01  1.89e+01  3.26e+00 2.16e+01 1.89e+01  3.46e-01 1.76e-02      1s
   7  -1.87404075e+00 -1.02780923e+00  4.03e+00 1.54e+00  5.81e+01  2.03e+01  3.27e+00 2.26e+01 2.03e+01  3.34e-01 1.62e-02      1s
   8  -2.21759430e+00 -1.02780923e+00  4.23e+00 1.52e+00  5.73e+01  2.17e+01  3.29e+00 2.36e+01 2.17e+01  3.23e-01 1.50e-02      1s
   9  -2.55162987e+00 -1.02780923e+00  4.43e+00 1.50e+00  5.66e+01  2.32e+01  3.31e+00 2.46e+01 2.32e+01  3.13e-01 1.39e-02      1s
  10  -2.87674531e+00 -1.02780923e+00  4.63e+00 1.48e+00  5.59e+01  2.47e+01  3.33e+00 2.57e+01 2.47e+01  3.03e-01 1.29e-02      1s
  11  -3.19444474e+00 -1.02780923e+00  4.84e+00 1.46e+00  5.53e+01  2.62e+01  3.36e+00 2.68e+01 2.62e+01  2.94e-01 1.20e-02      1s
  12  -3.50458883e+00 -1.02780923e+00  5.06e+00 1.44e+00  5.48e+01  2.78e+01  3.40e+00 2.79e+01 2.78e+01  2.85e-01 1.12e-02      1s
  13  -3.80825189e+00 -1.02780923e+00  5.27e+00 1.43e+00  5.42e+01  2.94e+01  3.43e+00 2.91e+01 2.94e+01  2.77e-01 1.05e-02      1s
  14  -4.10585449e+00 -1.02780923e+00  5.49e+00 1.42e+00  5.38e+01  3.10e+01  3.48e+00 3.03e+01 3.10e+01  2.70e-01 9.86e-03      1s
  15  -4.39750008e+00 -1.02780923e+00  5.71e+00 1.40e+00  5.33e+01  3.27e+01  3.52e+00 3.15e+01 3.27e+01  2.62e-01 9.26e-03      2s
  16  -4.68414113e+00 -1.02780923e+00  5.93e+00 1.39e+00  5.29e+01  3.44e+01  3.57e+00 3.27e+01 3.44e+01  2.55e-01 8.72e-03      2s
  17  -4.96584333e+00 -1.02780923e+00  6.15e+00 1.38e+00  5.25e+01  3.61e+01  3.63e+00 3.40e+01 3.61e+01  2.49e-01 8.22e-03      2s
  18  -5.24294226e+00 -1.02780923e+00  6.37e+00 1.37e+00  5.21e+01  3.79e+01  3.69e+00 3.53e+01 3.79e+01  2.43e-01 7.76e-03      2s
  19  -5.51575779e+00 -1.02780923e+00  6.59e+00 1.36e+00  5.18e+01  3.97e+01  3.75e+00 3.67e+01 3.97e+01  2.37e-01 7.34e-03      2s
  20  -5.78459583e+00 -1.02780923e+00  6.81e+00 1.35e+00  5.14e+01  4.15e+01  3.81e+00 3.80e+01 4.15e+01  2.31e-01 6.96e-03      2s
  21  -6.05001532e+00 -1.02780923e+00  7.03e+00 1.34e+00  5.11e+01  4.34e+01  3.88e+00 3.95e+01 4.34e+01  2.26e-01 6.61e-03      2s
  22  -6.31151014e+00 -1.02780923e+00  7.25e+00 1.33e+00  5.08e+01  4.53e+01  3.95e+00 4.09e+01 4.53e+01  2.20e-01 6.26e-03      2s
  23  -1.46648734e+00 -1.16871041e+00  2.03e+00 3.75e-01  1.62e+01 *6.35e-02  4.03e+00 4.24e+01 4.72e+01  8.49e-01 7.18e-01      2s
  24  -1.01108204e+00 -1.16871041e+00  2.11e+00 3.58e-01  1.55e+01  1.07e+01  3.13e+00 9.90e+01 1.07e+01  4.63e-01 4.69e-02      2s
  25  -6.30546858e-01 -1.16871041e+00  2.24e+00 3.46e-01  1.50e+01  1.25e+01  3.12e+00 1.11e+02 1.25e+01  4.37e-01 3.22e-02      3s
  26  -2.38430002e-01 -1.16871041e+00  2.41e+00 3.36e-01  1.46e+01  1.39e+01  3.11e+00 1.20e+02 1.39e+01  4.18e-01 2.88e-02      3s
  27   1.64921224e-01 -1.16871041e+00  2.61e+00 3.28e-01  1.43e+01  1.54e+01  3.11e+00 1.30e+02 1.54e+01  4.01e-01 2.59e-02      3s
  28   5.78433049e-01 -1.16871041e+00  2.84e+00 3.20e-01  1.40e+01  1.69e+01  3.11e+00 1.40e+02 1.69e+01  3.85e-01 2.35e-02      3s
  29   1.00045065e+00 -1.16871041e+00  3.08e+00 3.13e-01  1.37e+01  1.85e+01  3.12e+00 1.50e+02 1.85e+01  3.70e-01 2.13e-02      3s
  30   1.43116474e+00 -1.16871041e+00  3.33e+00 3.07e-01  1.35e+01  2.02e+01  3.13e+00 1.61e+02 2.02e+01  3.56e-01 1.94e-02      3s
  31   1.86933797e+00 -1.16871041e+00  3.60e+00 3.02e-01  1.32e+01  2.19e+01  3.14e+00 1.73e+02 2.19e+01  3.43e-01 1.78e-02      3s
  32   2.31516135e+00 -1.16871041e+00  3.86e+00 2.97e-01  1.30e+01  2.37e+01  3.16e+00 1.85e+02 2.37e+01  3.31e-01 1.64e-02      3s
  33   2.76724615e+00 -1.16871041e+00  4.14e+00 2.92e-01  1.29e+01  2.55e+01  3.18e+00 1.97e+02 2.55e+01  3.20e-01 1.51e-02      3s
  34   3.22606689e+00 -1.16871041e+00  4.41e+00 2.88e-01  1.27e+01  2.74e+01  3.21e+00 2.09e+02 2.74e+01  3.10e-01 1.40e-02      3s
  35   3.69090805e+00 -1.16871041e+00  4.69e+00 2.84e-01  1.26e+01  2.93e+01  3.24e+00 2.22e+02 2.93e+01  3.00e-01 1.30e-02      3s
  36   4.16158745e+00 -1.16871041e+00  4.97e+00 2.81e-01  1.24e+01  3.13e+01  3.27e+00 2.36e+02 3.13e+01  2.91e-01 1.21e-02      4s
  37   4.63707149e+00 -1.16871041e+00  5.25e+00 2.78e-01  1.23e+01  3.34e+01  3.30e+00 2.50e+02 3.34e+01  2.82e-01 1.12e-02      4s
  38   5.11778745e+00 -1.16871041e+00  5.53e+00 2.75e-01  1.22e+01  3.55e+01  3.34e+00 2.64e+02 3.55e+01  2.74e-01 1.05e-02      4s
  39   5.60380745e+00 -1.16871041e+00  5.81e+00 2.72e-01  1.21e+01  3.77e+01  3.38e+00 2.79e+02 3.77e+01  2.66e-01 9.84e-03      4s
  40   6.09381778e+00 -1.16871041e+00  6.09e+00 2.70e-01  1.20e+01  3.99e+01  3.42e+00 2.94e+02 3.99e+01  2.59e-01 9.22e-03      4s
  41   6.58846226e+00 -1.16871041e+00  6.38e+00 2.67e-01  1.19e+01  4.22e+01  3.46e+00 3.10e+02 4.22e+01  2.52e-01 8.68e-03      4s
  42   7.08750159e+00 -1.16871041e+00  6.66e+00 2.65e-01  1.18e+01  4.46e+01  3.51e+00 3.26e+02 4.46e+01  2.46e-01 8.18e-03      4s
  43   7.59023650e+00 -1.16871041e+00  6.94e+00 2.63e-01  1.17e+01  4.71e+01  3.56e+00 3.42e+02 4.71e+01  2.39e-01 7.71e-03      4s
  44   8.09699225e+00 -1.16871041e+00  7.23e+00 2.61e-01  1.16e+01  4.96e+01  3.61e+00 3.59e+02 4.96e+01  2.34e-01 7.29e-03      4s
  45   8.60714445e+00 -1.16871041e+00  7.51e+00 2.59e-01  1.15e+01  5.22e+01  3.66e+00 3.77e+02 5.22e+01  2.28e-01 6.90e-03      4s
  46   9.12110617e+00 -1.16871041e+00  7.79e+00 2.58e-01  1.15e+01  5.48e+01  3.71e+00 3.95e+02 5.48e+01  2.23e-01 6.54e-03      5s
  47   9.63780474e+00 -1.16871041e+00  8.07e+00 2.56e-01  1.14e+01  5.75e+01  3.77e+00 4.13e+02 5.75e+01  2.17e-01 6.20e-03      5s
  48   1.01582302e+01 -1.16871041e+00  8.36e+00 2.55e-01  1.14e+01  6.03e+01  3.82e+00 4.32e+02 6.03e+01  2.13e-01 5.90e-03      5s
  49   1.06818912e+01 -1.16871041e+00  8.64e+00 2.53e-01  1.13e+01  6.32e+01  3.88e+00 4.51e+02 6.32e+01  2.08e-01 5.62e-03      5s
  50   1.12083028e+01 -1.16871041e+00  8.92e+00 2.52e-01  1.12e+01  6.61e+01  3.94e+00 4.71e+02 6.61e+01  2.03e-01 5.35e-03      5s
  51   1.61418554e+00 -1.12840656e+00  1.75e+00 4.93e-02  2.64e+00 *8.06e-03  4.00e+00 4.91e+02 6.91e+01  8.86e-01 8.04e-01      5s
  52   4.51214702e+00 -1.12840656e+00  2.60e+00 3.62e-02  2.00e+00  6.97e+00  3.35e+00 6.97e+02 6.97e+00  7.28e-01 2.66e-01      5s
  53   6.10730903e+00 -1.12840656e+00  3.35e+00 3.30e-02  1.84e+00  1.25e+01  3.41e+00 1.06e+03 1.25e+01  6.30e-01 8.83e-02      5s
  54   6.58985444e+00 -1.12840656e+00  3.60e+00 3.22e-02  1.80e+00  1.53e+01  3.46e+00 1.23e+03 1.53e+01  5.94e-01 2.26e-02      5s
  55   6.58995502e+00 -1.12840656e+00  3.60e+00 3.22e-02  1.80e+00  1.61e+01  3.47e+00 1.28e+03 1.61e+01  5.84e-01 4.50e-06      6s

The solution quality is limited by the precision of the linear system solver.

The algorithm stopped after 56 iterations in 5.61 seconds.

Primal variables:   [+11.173 +17.569 +18.388 +7.702 +0.182 +25.388 +16.038 +8.746 +10.801
 +12.002]
Dual slacks:        [+0.015 +0.013 +0.014 +0.015 +2.013 +0.007 +0.006 +0.025 +0.008 +0.008]
Dual variables:     [+1.357 -1.480]

Primal objective:   6.58995502e+00 
Dual objective:     -1.12840656e+00

Primal residual:    3.60e+00
Dual residual:      3.22e-02
Complementraty:     1.80e+00

Number of Iter:     56
Run time:           5.61
