
--------------- Linear optimization problem characteristics ---------------
Seed:                    46
Number of variables:     500
Number of constraints:   2

Norm of primal sol:      2.00e+00
Norm of dual sol:        2.00e+00
Norm of dual slacks:     2.00e+00

Norm of vector b:        1.41e-01
Norm of vector c:        2.28e+00

Norm of matrix A:        1.00e+00
Condition number:        2.00e+00

----------------------- Linear optimization problem -----------------------
Coeff matrix A:          [[+0.039 -0.039 +0.038 -0.033 -0.052 -0.051 -0.027 -0.063 -0.020 +0.010
 -0.005 -0.015 -0.026 -0.033 -0.019 +0.052 -0.002 +0.003 -0.037 +0.032
 +0.049 +0.038 -0.019 -0.028 +0.010 +0.045 +0.065 +0.013 +0.041 -0.055
 +0.004 +0.040 +0.009 +0.008 +0.019 +0.040 -0.026 +0.051 -0.064 -0.003
 +0.050 +0.052 -0.020 +0.026 +0.048 +0.041 +0.037 +0.047 +0.054 -0.053
 -0.026 +0.063 +0.014 +0.040 +0.014 -0.039 -0.009 +0.006 +0.022 -0.045
 +0.076 +0.005 +0.060 +0.036 +0.016 -0.069 -0.040 -0.024 +0.041 -0.076
 +0.009 +0.022 +0.007 +0.051 -0.045 +0.041 +0.013 +0.054 +0.042 -0.033
 +0.034 +0.035 -0.032 -0.030 +0.011 -0.026 -0.050 +0.032 +0.058 +0.057
 -0.065 +0.013 -0.072 +0.060 -0.046 +0.017 +0.007 -0.049 -0.050 +0.048
 +0.032 +0.043 -0.022 -0.020 -0.024 -0.022 +0.007 -0.005 +0.049 -0.065
 -0.076 -0.016 +0.050 -0.027 -0.078 +0.011 -0.036 +0.009 +0.066 -0.002
 +0.006 +0.043 +0.024 -0.002 +0.025 -0.023 -0.028 +0.050 +0.032 +0.043
 +0.012 -0.018 +0.049 +0.016 +0.058 -0.023 +0.045 +0.013 +0.008 -0.031
 +0.019 -0.043 -0.060 -0.026 +0.002 -0.017 -0.010 +0.064 -0.026 -0.032
 -0.009 +0.006 -0.013 -0.061 -0.029 -0.021 -0.000 -0.037 -0.005 -0.029
 -0.042 +0.008 +0.061 -0.016 -0.049 +0.038 +0.002 +0.020 +0.025 -0.053
 +0.053 -0.053 -0.021 -0.003 -0.017 +0.060 +0.051 -0.053 +0.009 -0.017
 -0.068 +0.043 -0.029 -0.044 -0.034 -0.043 -0.058 -0.046 -0.026 -0.011
 -0.004 -0.060 +0.065 -0.010 -0.063 -0.060 +0.057 -0.030 +0.062 +0.026
 +0.038 -0.009 -0.032 +0.051 -0.058 +0.000 +0.017 +0.012 -0.004 +0.049
 +0.037 +0.007 -0.064 -0.009 -0.014 -0.038 +0.044 -0.026 +0.040 -0.028
 -0.027 +0.037 -0.019 +0.061 -0.013 -0.035 -0.009 +0.018 -0.034 -0.034
 -0.064 -0.043 +0.060 +0.059 -0.034 +0.063 +0.028 -0.026 -0.032 +0.045
 -0.037 -0.015 +0.011 -0.013 +0.076 -0.040 +0.057 -0.022 +0.043 +0.024
 +0.025 -0.030 +0.053 -0.049 -0.029 -0.039 -0.005 -0.023 +0.058 +0.030
 +0.027 +0.017 +0.049 -0.017 +0.067 +0.050 +0.018 +0.009 -0.016 +0.054
 -0.013 -0.026 +0.020 +0.050 +0.051 -0.028 +0.043 +0.012 -0.040 +0.025
 -0.042 +0.019 -0.030 -0.045 +0.034 +0.027 -0.011 +0.073 +0.015 -0.006
 +0.066 +0.059 +0.050 -0.059 -0.036 -0.030 -0.015 -0.009 -0.023 +0.029
 -0.058 +0.052 +0.030 +0.048 -0.059 -0.022 +0.006 +0.021 +0.018 +0.028
 +0.008 -0.021 -0.028 +0.027 +0.050 +0.001 +0.045 +0.028 +0.036 -0.068
 -0.008 +0.056 +0.008 +0.008 -0.035 +0.008 +0.025 -0.008 +0.051 -0.035
 +0.041 +0.016 +0.055 -0.069 -0.013 -0.003 -0.034 +0.037 +0.031 -0.003
 -0.002 -0.013 -0.034 -0.021 +0.024 +0.020 +0.010 +0.039 -0.020 +0.005
 -0.028 -0.024 +0.003 +0.021 +0.025 +0.005 -0.035 -0.034 -0.003 -0.015
 -0.048 +0.029 +0.038 +0.044 -0.073 +0.034 -0.060 -0.038 -0.026 -0.047
 -0.042 -0.001 +0.009 +0.007 +0.034 -0.019 -0.023 -0.053 -0.033 -0.033
 -0.000 -0.044 -0.059 +0.022 +0.066 +0.035 +0.051 -0.048 -0.019 -0.017
 -0.031 +0.064 +0.062 +0.037 +0.060 +0.075 +0.029 +0.066 +0.028 -0.018
 -0.049 -0.016 +0.039 +0.035 -0.065 +0.011 +0.011 +0.000 +0.007 -0.020
 -0.044 -0.042 -0.039 +0.060 -0.023 -0.018 +0.008 +0.040 +0.020 -0.021
 -0.066 -0.075 +0.030 +0.004 -0.026 -0.032 +0.054 -0.014 +0.008 +0.053
 +0.062 +0.012 +0.023 +0.006 -0.049 -0.027 +0.054 +0.013 +0.021 -0.020
 +0.021 +0.066 +0.028 -0.012 +0.004 +0.008 +0.073 -0.076 +0.010 +0.072
 +0.023 -0.052 +0.049 +0.038 +0.047 +0.022 +0.024 +0.019 -0.007 -0.036
 -0.058 -0.051 +0.027 +0.064 +0.017 -0.024 -0.070 -0.052 +0.025 -0.008
 +0.034 +0.032 +0.013 -0.042 +0.070 +0.022 +0.063 +0.034 -0.064 +0.013
 -0.036 -0.001 -0.018 +0.047 -0.044 -0.057 +0.029 +0.006 +0.010 -0.034
 +0.073 -0.025 +0.058 -0.015 +0.047 -0.028 -0.032 -0.065 -0.061 +0.036]
                          [+0.027 +0.002 -0.025 -0.003 -0.015 -0.018 -0.003 -0.043 +0.029 +0.049
 -0.008 +0.012 +0.000 -0.004 -0.010 +0.026 +0.030 +0.039 +0.018 +0.019
 +0.055 +0.055 +0.009 -0.001 -0.004 +0.036 +0.046 -0.035 +0.004 -0.060
 -0.037 +0.042 +0.006 +0.021 -0.037 -0.003 +0.027 -0.013 -0.053 +0.041
 -0.020 +0.046 +0.031 -0.021 +0.034 +0.043 +0.021 +0.048 +0.030 -0.025
 -0.039 +0.063 +0.004 +0.046 -0.032 +0.006 -0.047 -0.044 +0.054 -0.036
 +0.056 -0.019 +0.011 +0.057 -0.012 -0.048 -0.052 -0.012 +0.005 -0.062
 +0.023 -0.018 -0.019 +0.001 +0.005 -0.008 +0.020 +0.058 -0.026 -0.056
 +0.050 +0.042 -0.013 -0.030 +0.019 +0.027 -0.044 -0.030 +0.038 +0.031
 -0.019 -0.042 -0.042 +0.011 +0.023 +0.003 +0.010 -0.024 -0.049 +0.046
 -0.022 -0.029 -0.011 -0.051 -0.032 -0.033 +0.022 +0.035 +0.048 -0.040
 -0.061 -0.027 +0.024 +0.013 -0.059 +0.010 +0.001 +0.016 +0.058 -0.032
 +0.047 -0.010 +0.020 +0.009 +0.024 -0.031 -0.034 +0.054 +0.007 +0.044
 -0.001 +0.024 +0.006 -0.027 +0.028 +0.034 +0.039 -0.032 +0.013 -0.034
 -0.021 +0.033 -0.037 -0.015 +0.003 -0.028 +0.027 +0.029 -0.009 -0.053
 -0.011 -0.015 +0.030 -0.056 +0.025 +0.015 +0.035 -0.020 +0.000 +0.031
 +0.024 -0.043 +0.025 +0.030 -0.007 -0.005 +0.032 +0.004 +0.001 -0.018
 +0.022 -0.046 -0.024 +0.024 +0.002 +0.013 +0.046 -0.049 -0.015 +0.022
 -0.047 +0.001 -0.012 -0.011 -0.015 +0.018 -0.033 +0.002 +0.001 -0.031
 -0.036 -0.006 +0.046 +0.012 -0.051 -0.029 +0.045 -0.044 +0.041 +0.002
 +0.050 -0.034 +0.030 +0.034 -0.021 -0.029 -0.043 +0.051 -0.038 +0.036
 -0.021 -0.018 -0.062 -0.022 +0.039 +0.020 +0.059 -0.031 +0.022 -0.050
 -0.009 -0.009 -0.040 +0.039 +0.020 +0.015 -0.039 -0.042 -0.001 +0.005
 -0.062 +0.025 +0.032 +0.050 -0.023 +0.049 +0.040 -0.009 -0.005 +0.035
 +0.022 -0.027 +0.038 -0.021 +0.054 +0.011 +0.001 +0.042 +0.029 +0.033
 -0.034 -0.046 +0.053 +0.003 -0.033 -0.049 +0.016 +0.011 +0.060 -0.014
 +0.026 +0.006 +0.015 -0.022 +0.046 +0.047 +0.014 -0.003 -0.036 -0.007
 +0.024 +0.010 +0.042 +0.027 -0.005 +0.017 -0.000 -0.010 -0.003 -0.014
 +0.015 -0.008 -0.052 -0.020 +0.000 +0.042 +0.025 +0.050 -0.042 +0.041
 +0.036 +0.063 +0.035 -0.019 +0.024 -0.016 +0.022 +0.006 +0.024 +0.036
 -0.021 -0.009 -0.006 +0.041 -0.008 -0.020 -0.044 +0.020 -0.005 +0.034
 -0.016 -0.004 +0.022 +0.048 -0.003 -0.015 +0.015 +0.018 +0.005 -0.060
 -0.042 +0.046 -0.009 +0.044 -0.005 +0.024 +0.019 -0.036 +0.043 -0.011
 +0.040 -0.018 +0.002 -0.066 +0.011 -0.012 +0.012 +0.010 +0.027 -0.005
 -0.028 +0.035 +0.013 -0.030 +0.046 +0.038 -0.045 +0.035 -0.018 +0.037
 +0.010 -0.030 +0.042 -0.008 -0.014 +0.037 -0.020 -0.032 +0.018 -0.009
 -0.041 +0.056 +0.027 +0.040 -0.056 -0.008 -0.036 +0.023 -0.024 +0.011
 -0.005 +0.014 -0.037 +0.009 -0.011 -0.029 -0.053 +0.013 +0.014 +0.021
 +0.007 -0.057 -0.033 +0.017 +0.030 +0.041 +0.004 +0.016 -0.046 +0.028
 +0.034 +0.018 +0.043 +0.025 +0.030 +0.067 +0.035 +0.048 -0.008 +0.040
 -0.008 +0.022 -0.003 -0.005 -0.022 -0.020 +0.029 -0.021 +0.022 -0.035
 +0.008 +0.015 -0.050 +0.034 -0.019 -0.003 +0.003 +0.016 +0.050 -0.004
 -0.044 -0.058 -0.026 +0.028 +0.002 +0.015 +0.040 -0.025 -0.012 +0.035
 +0.042 +0.038 -0.019 -0.045 +0.019 +0.029 +0.025 +0.036 +0.048 -0.042
 -0.009 +0.054 +0.004 +0.008 -0.046 +0.050 +0.068 -0.069 +0.030 +0.043
 +0.033 +0.006 +0.040 +0.001 +0.058 +0.043 +0.013 -0.000 +0.032 -0.020
 -0.054 -0.056 -0.040 +0.018 +0.033 +0.033 -0.045 -0.051 -0.031 +0.006
 +0.057 +0.040 +0.031 -0.012 +0.066 +0.012 +0.051 +0.010 -0.028 +0.019
 +0.034 +0.031 +0.013 +0.038 +0.035 -0.014 -0.022 +0.011 +0.028 +0.037
 +0.053 -0.009 +0.021 -0.034 +0.022 +0.022 -0.024 -0.036 -0.041 +0.023]]

RHS vector b:            [+0.055 +0.129]
Obj vector c:            [+0.013 -0.055 +0.088 -0.041 -0.049 -0.043 -0.031 -0.022 -0.070 -0.059
 +0.004 -0.039 -0.036 -0.038 -0.011 +0.031 -0.048 -0.052 -0.076 +0.016
 -0.015 -0.030 -0.039 -0.036 +0.019 +0.008 +1.743 +0.069 +0.049 +0.013
 +0.059 -0.008 +0.003 -0.019 +0.080 +0.058 -0.075 +0.089 -0.008 -0.065
 +0.098 +0.002 -0.074 +0.067 +0.015 -0.008 +0.018 -0.007 +0.029 -0.035
 +0.021 -0.007 +0.014 -0.014 +0.066 -0.061 +0.057 +0.073 -0.049 -0.008
 +0.021 +0.035 +0.065 -0.034 +0.039 -0.023 +0.022 -0.014 +0.048 -0.012
 -0.023 +0.056 +1.052 +0.067 -0.068 +0.067 -0.013 -0.013 +0.095 +0.038
 -0.027 -0.014 -0.025 +0.003 -0.013 -0.075 -0.003 +0.087 +0.023 +0.031
 -0.059 +0.080 -0.036 +0.066 -0.096 +0.020 -0.006 -0.031 +0.003 -0.003
 +0.076 +0.102 -0.014 +0.048 +0.015 +0.019 -0.022 -0.059 -0.004 -0.029
 -0.013 +0.017 +0.033 -0.055 -0.019 +0.001 -0.050 -0.011 +0.004 +0.044
 -0.060 +0.073 +0.003 -0.017 -0.001 +0.015 +0.012 -0.012 +0.033 -0.008
 +0.017 -0.060 +0.057 +0.061 +0.036 -0.081 +0.004 +0.064 -0.008 +0.008
 +0.057 -0.106 -0.026 -0.014 -0.001 +0.017 -0.054 +0.044 -0.023 +0.034
 +0.004 +0.030 -0.062 +0.001 -0.076 -0.051 -0.053 -0.022 -0.007 -0.085
 -0.092 +0.074 +0.046 -0.065 -0.056 +0.060 -0.045 +0.022 +0.032 -0.046
 +0.040 -0.004 +0.007 -0.039 -0.025 +0.063 +0.001 +0.001 +0.035 -0.055
 -0.023 +0.056 -0.022 -0.043 -0.024 -0.084 -0.030 -0.065 -0.037 +0.031
 +0.047 -0.073 +0.020 -0.030 -0.010 -0.039 +0.011 +0.024 +0.024 +0.033
 -0.021 +0.037 -0.087 +0.019 -0.048 +0.043 +0.085 -0.059 +0.051 +0.014
 +0.081 +0.036 +0.004 +0.020 -0.075 -0.080 -0.027 +0.010 +0.022 +0.037
 -0.023 +0.064 +0.033 +0.025 -0.047 -0.069 +0.046 +0.085 -0.045 -0.054
 +0.005 -0.096 +0.035 +0.007 -0.013 +0.013 -0.021 -0.022 -0.037 +0.010
 -0.083 +0.020 -0.041 +0.014 +0.025 -0.069 +0.076 -0.091 +0.016 -0.015
 +0.084 +0.027 -0.006 -0.072 +0.010 +0.020 -0.031 -0.046 -0.010 +0.060
 -0.002 +0.014 +0.044 +0.009 +0.024 -0.000 +0.004 +0.017 +0.030 +0.083
 -0.054 -0.050 -0.035 +0.028 +0.076 -0.063 +0.058 +0.031 -0.050 +0.055
 -0.078 +0.038 +0.035 -0.031 +0.046 -0.026 -0.051 +0.025 +0.082 -0.067
 +0.036 -0.012 +0.016 -0.051 -0.083 -0.016 -0.052 -0.021 -0.066 -0.015
 -0.048 +0.084 +0.049 +0.004 -0.070 -0.000 +0.072 -0.001 +0.031 -0.012
 +0.034 -0.023 -0.071 -0.033 +0.072 +0.023 +0.039 +0.010 +0.041 -0.004
 +0.051 +0.009 +0.025 -0.053 -0.040 -0.024 +0.005 +0.041 +0.005 -0.032
 -0.003 +0.049 +0.071 +0.004 -0.033 +0.013 -0.063 +0.036 +0.002 +0.002
 +0.039 -0.069 -0.065 +0.015 -0.035 -0.029 +0.079 +0.001 -0.000 -0.048
 -0.052 +0.011 -0.057 +0.039 +0.056 -0.048 -0.018 +0.001 -0.031 -0.007
 -0.004 -0.042 +0.011 +0.000 -0.017 +0.057 -0.028 -0.085 +0.001 -0.081
 -0.049 -0.023 +0.066 -0.003 +0.063 +0.016 +0.047 -0.091 -0.065 -0.076
 -0.010 +0.025 -0.032 +0.004 +0.046 -0.012 +0.064 -0.088 +0.042 -0.064
 -0.092 +0.061 +0.020 +0.012 +0.038 +0.002 -0.013 +0.018 +0.049 -0.084
 -0.055 -0.055 +0.057 +0.054 -0.056 +0.045 -0.027 +0.031 -0.023 +0.025
 -0.071 -0.079 +0.021 +0.032 -0.003 -0.019 +0.006 +0.031 -0.046 -0.022
 -0.026 -0.016 +0.079 -0.036 -0.039 -0.066 +0.014 +0.018 +0.029 +0.021
 +0.023 -0.040 +0.060 +0.074 -0.095 -0.078 +0.037 -0.035 -0.043 +0.035
 +0.042 +0.010 +0.032 -0.029 +0.072 -0.062 -0.001 -0.001 -0.031 +0.034
 -0.018 -0.079 +0.008 +0.051 -0.020 -0.034 +0.013 +0.027 -0.056 -0.020
 +0.001 +0.013 +0.095 +0.060 -0.026 -0.080 -0.029 +0.004 +0.081 -0.019
 -0.038 -0.016 -0.028 -0.039 -0.001 +0.013 +0.011 +0.031 -0.046 -0.010
 -0.100 -0.047 -0.043 +0.007 -0.112 -0.056 +0.072 -0.009 -0.028 -0.100
 +0.021 -0.020 +0.048 +0.029 +0.032 -0.070 -0.009 -0.034 -0.022 +0.014]

---------------------------- Optimal solution -----------------------------
Primal variables:         [+0.128 +0.104 +0.041 +0.124 +0.051 +0.153 +0.007 +0.072 +0.149 +0.074
 +0.083 +0.014 +0.070 +0.122 +0.142 +0.053 +0.017 +0.131 +0.065 +0.103
 +0.006 +0.049 +0.008 +0.061 +0.043 +0.162 +0.000 +0.050 +0.036 +0.081
 +0.009 +0.047 +0.038 +0.157 +0.101 +0.141 +0.015 +0.024 +0.110 +0.160
 +0.004 +0.148 +0.009 +0.123 +0.011 +0.042 +0.028 +0.032 +0.017 +0.085
 +0.001 +0.129 +0.023 +0.018 +0.070 +0.036 +0.137 +0.001 +0.024 +0.114
 +0.024 +0.142 +0.084 +0.069 +0.003 +0.081 +0.155 +0.056 +0.067 +0.135
 +0.117 +0.079 +0.000 +0.110 +0.095 +0.073 +0.094 +0.051 +0.107 +0.015
 +0.060 +0.093 +0.132 +0.076 +0.102 +0.091 +0.054 +0.022 +0.148 +0.037
 +0.035 +0.029 +0.107 +0.008 +0.015 +0.115 +0.118 +0.084 +0.108 +0.051
 +0.013 +0.117 +0.118 +0.004 +0.020 +0.073 +0.052 +0.079 +0.001 +0.068
 +0.070 +0.129 +0.039 +0.034 +0.014 +0.002 +0.109 +0.055 +0.154 +0.097
 +0.057 +0.128 +0.139 +0.021 +0.138 +0.029 +0.160 +0.023 +0.018 +0.094
 +0.163 +0.000 +0.013 +0.000 +0.012 +0.055 +0.052 +0.086 +0.049 +0.116
 +0.039 +0.025 +0.163 +0.143 +0.013 +0.046 +0.019 +0.134 +0.017 +0.021
 +0.011 +0.115 +0.079 +0.109 +0.052 +0.086 +0.013 +0.078 +0.163 +0.145
 +0.085 +0.112 +0.120 +0.106 +0.074 +0.090 +0.137 +0.132 +0.060 +0.135
 +0.096 +0.004 +0.011 +0.041 +0.152 +0.151 +0.129 +0.124 +0.073 +0.050
 +0.005 +0.100 +0.101 +0.126 +0.034 +0.026 +0.119 +0.102 +0.014 +0.085
 +0.143 +0.001 +0.056 +0.092 +0.125 +0.051 +0.125 +0.042 +0.018 +0.134
 +0.099 +0.095 +0.005 +0.150 +0.124 +0.100 +0.050 +0.108 +0.070 +0.137
 +0.044 +0.069 +0.090 +0.021 +0.097 +0.098 +0.024 +0.128 +0.005 +0.135
 +0.078 +0.117 +0.109 +0.065 +0.119 +0.025 +0.077 +0.010 +0.034 +0.114
 +0.015 +0.145 +0.154 +0.120 +0.138 +0.087 +0.087 +0.094 +0.130 +0.009
 +0.073 +0.126 +0.140 +0.155 +0.114 +0.075 +0.097 +0.119 +0.071 +0.027
 +0.012 +0.117 +0.063 +0.153 +0.002 +0.094 +0.146 +0.036 +0.054 +0.081
 +0.057 +0.096 +0.072 +0.008 +0.074 +0.017 +0.119 +0.113 +0.009 +0.138
 +0.087 +0.038 +0.055 +0.089 +0.123 +0.014 +0.151 +0.022 +0.122 +0.007
 +0.088 +0.012 +0.150 +0.114 +0.035 +0.070 +0.033 +0.142 +0.132 +0.070
 +0.131 +0.054 +0.159 +0.002 +0.158 +0.002 +0.089 +0.005 +0.098 +0.043
 +0.038 +0.088 +0.039 +0.012 +0.033 +0.037 +0.104 +0.019 +0.002 +0.001
 +0.019 +0.140 +0.101 +0.017 +0.130 +0.100 +0.134 +0.033 +0.062 +0.121
 +0.062 +0.153 +0.020 +0.030 +0.121 +0.035 +0.031 +0.159 +0.135 +0.081
 +0.094 +0.039 +0.102 +0.031 +0.054 +0.121 +0.008 +0.045 +0.040 +0.100
 +0.074 +0.031 +0.111 +0.045 +0.018 +0.037 +0.134 +0.061 +0.011 +0.156
 +0.001 +0.141 +0.022 +0.135 +0.158 +0.003 +0.151 +0.013 +0.101 +0.099
 +0.029 +0.047 +0.074 +0.075 +0.131 +0.087 +0.108 +0.101 +0.014 +0.073
 +0.002 +0.100 +0.076 +0.111 +0.118 +0.150 +0.009 +0.105 +0.142 +0.082
 +0.085 +0.005 +0.065 +0.160 +0.053 +0.052 +0.034 +0.099 +0.062 +0.088
 +0.023 +0.032 +0.084 +0.146 +0.068 +0.027 +0.081 +0.082 +0.101 +0.142
 +0.010 +0.068 +0.123 +0.157 +0.020 +0.076 +0.144 +0.020 +0.064 +0.031
 +0.008 +0.097 +0.151 +0.043 +0.160 +0.032 +0.149 +0.058 +0.099 +0.100
 +0.013 +0.162 +0.127 +0.025 +0.082 +0.104 +0.020 +0.032 +0.091 +0.002
 +0.066 +0.145 +0.038 +0.017 +0.064 +0.130 +0.126 +0.123 +0.013 +0.144
 +0.013 +0.041 +0.006 +0.131 +0.006 +0.146 +0.160 +0.146 +0.108 +0.047
 +0.106 +0.130 +0.091 +0.084 +0.131 +0.099 +0.053 +0.133 +0.003 +0.069
 +0.035 +0.076 +0.130 +0.022 +0.079 +0.113 +0.029 +0.119 +0.089 +0.001
 +0.051 +0.103 +0.088 +0.147 +0.127 +0.009 +0.060 +0.034 +0.063 +0.031
 +0.137 +0.118 +0.003 +0.011 +0.049 +0.070 +0.093 +0.017 +0.138 +0.009
 +0.116 +0.024 +0.111 +0.075 +0.053 +0.127 +0.004 +0.119 +0.008 +0.038]
Dual slacks:              [+0.000 +0.000 +0.000 +0.000 +0.000 +0.000 +0.000 +0.000 +0.000 +0.000
 +0.000 +0.000 +0.000 +0.000 +0.000 +0.000 +0.000 +0.000 +0.000 +0.000
 +0.000 +0.000 +0.000 +0.000 +0.000 +0.000 +1.723 +0.000 +0.000 +0.000
 +0.000 +0.000 +0.000 +0.000 +0.000 +0.000 +0.000 +0.000 +0.000 +0.000
 +0.000 +0.000 +0.000 +0.000 +0.000 +0.000 +0.000 +0.000 +0.000 +0.000
 +0.000 +0.000 +0.000 +0.000 +0.000 +0.000 +0.000 +0.000 +0.000 +0.000
 +0.000 +0.000 +0.000 +0.000 +0.000 +0.000 +0.000 +0.000 +0.000 +0.000
 +0.000 +0.000 +1.015 +0.000 +0.000 +0.000 +0.000 +0.000 +0.000 +0.000
 +0.000 +0.000 +0.000 +0.000 +0.000 +0.000 +0.000 +0.000 +0.000 +0.000
 +0.000 +0.000 +0.000 +0.000 +0.000 +0.000 +0.000 +0.000 +0.000 +0.000
 +0.000 +0.000 +0.000 +0.000 +0.000 +0.000 +0.000 +0.000 +0.000 +0.000
 +0.000 +0.000 +0.000 +0.000 +0.000 +0.000 +0.000 +0.000 +0.000 +0.000
 +0.000 +0.000 +0.000 +0.000 +0.000 +0.000 +0.000 +0.000 +0.000 +0.000
 +0.000 +0.000 +0.000 +0.000 +0.000 +0.000 +0.000 +0.000 +0.000 +0.000
 +0.000 +0.000 +0.000 +0.000 +0.000 +0.000 +0.000 +0.000 +0.000 +0.000
 +0.000 +0.000 +0.000 +0.000 +0.000 +0.000 +0.000 +0.000 +0.000 +0.000
 +0.000 +0.000 +0.000 +0.000 +0.000 +0.000 +0.000 +0.000 +0.000 +0.000
 +0.000 +0.000 +0.000 +0.000 +0.000 +0.000 +0.000 +0.000 +0.000 +0.000
 +0.000 +0.000 +0.000 +0.000 +0.000 +0.000 +0.000 +0.000 +0.000 +0.000
 +0.000 +0.000 +0.000 +0.000 +0.000 +0.000 +0.000 +0.000 +0.000 +0.000
 +0.000 +0.000 +0.000 +0.000 +0.000 +0.000 +0.000 +0.000 +0.000 +0.000
 +0.000 +0.000 +0.000 +0.000 +0.000 +0.000 +0.000 +0.000 +0.000 +0.000
 +0.000 +0.000 +0.000 +0.000 +0.000 +0.000 +0.000 +0.000 +0.000 +0.000
 +0.000 +0.000 +0.000 +0.000 +0.000 +0.000 +0.000 +0.000 +0.000 +0.000
 +0.000 +0.000 +0.000 +0.000 +0.000 +0.000 +0.000 +0.000 +0.000 +0.000
 +0.000 +0.000 +0.000 +0.000 +0.000 +0.000 +0.000 +0.000 +0.000 +0.000
 +0.000 +0.000 +0.000 +0.000 +0.000 +0.000 +0.000 +0.000 +0.000 +0.000
 +0.000 +0.000 +0.000 +0.000 +0.000 +0.000 +0.000 +0.000 +0.000 +0.000
 +0.000 +0.000 +0.000 +0.000 +0.000 +0.000 +0.000 +0.000 +0.000 +0.000
 +0.000 +0.000 +0.000 +0.000 +0.000 +0.000 +0.000 +0.000 +0.000 +0.000
 +0.000 +0.000 +0.000 +0.000 +0.000 +0.000 +0.000 +0.000 +0.000 +0.000
 +0.000 +0.000 +0.000 +0.000 +0.000 +0.000 +0.000 +0.000 +0.000 +0.000
 +0.000 +0.000 +0.000 +0.000 +0.000 +0.000 +0.000 +0.000 +0.000 +0.000
 +0.000 +0.000 +0.000 +0.000 +0.000 +0.000 +0.000 +0.000 +0.000 +0.000
 +0.000 +0.000 +0.000 +0.000 +0.000 +0.000 +0.000 +0.000 +0.000 +0.000
 +0.000 +0.000 +0.000 +0.000 +0.000 +0.000 +0.000 +0.000 +0.000 +0.000
 +0.000 +0.000 +0.000 +0.000 +0.000 +0.000 +0.000 +0.000 +0.000 +0.000
 +0.000 +0.000 +0.000 +0.000 +0.000 +0.000 +0.000 +0.000 +0.000 +0.000
 +0.000 +0.000 +0.000 +0.000 +0.000 +0.000 +0.000 +0.000 +0.000 +0.000
 +0.000 +0.000 +0.000 +0.000 +0.000 +0.000 +0.000 +0.000 +0.000 +0.000
 +0.000 +0.000 +0.000 +0.000 +0.000 +0.000 +0.000 +0.000 +0.000 +0.000
 +0.000 +0.000 +0.000 +0.000 +0.000 +0.000 +0.000 +0.000 +0.000 +0.000
 +0.000 +0.000 +0.000 +0.000 +0.000 +0.000 +0.000 +0.000 +0.000 +0.000
 +0.000 +0.000 +0.000 +0.000 +0.000 +0.000 +0.000 +0.000 +0.000 +0.000
 +0.000 +0.000 +0.000 +0.000 +0.000 +0.000 +0.000 +0.000 +0.000 +0.000
 +0.000 +0.000 +0.000 +0.000 +0.000 +0.000 +0.000 +0.000 +0.000 +0.000
 +0.000 +0.000 +0.000 +0.000 +0.000 +0.000 +0.000 +0.000 +0.000 +0.000
 +0.000 +0.000 +0.000 +0.000 +0.000 +0.000 +0.000 +0.000 +0.000 +0.000
 +0.000 +0.000 +0.000 +0.000 +0.000 +0.000 +0.000 +0.000 +0.000 +0.000
 +0.000 +0.000 +0.000 +0.000 +0.000 +0.000 +0.000 +0.000 +0.000 +0.000]
Dual variables:           [+1.355 -1.471]

Optimal objective:       -1.15986647e-01
===========================================================================

Method:                  II-QIPM
LO_Precision:            1.00e-01
Stop_Precision:          1.00e-03
LO_Verbosity:            2
Omega:                   1.00e+01

The Quantum Inexact Infeasible Interior-Point Method starts running ...


                  Objective                Residual                                Linear system           Step-length
Iter      Primal           Dual         Primal    Dual     Compl    ||Resl||  Cond-Num  ||M||   ||RHS||    a-star   a-hat      Time
   0   8.12357279e+00  0.00000000e+00  2.26e+01 4.89e+00  1.21e+03  2.27e+01  4.00e+00 1.00e+00 2.27e+01  9.89e-01 9.78e-01      0s
   1   1.66324465e+00  0.00000000e+00  2.32e+01 4.54e+00  1.13e+03  4.51e+01  3.49e+00 5.09e+01 4.51e+01  4.95e-01 7.07e-02      1s
   2  -1.81251974e+00  0.00000000e+00  2.36e+01 4.38e+00  1.09e+03  5.13e+01  3.36e+00 5.56e+01 5.13e+01  4.57e-01 3.51e-02      1s
   3  -5.03433391e+00  0.00000000e+00  2.41e+01 4.25e+00  1.06e+03  5.49e+01  3.29e+00 5.81e+01 5.49e+01  4.37e-01 3.11e-02      2s
   4  -8.04737622e+00  0.00000000e+00  2.46e+01 4.13e+00  1.04e+03  5.85e+01  3.22e+00 6.04e+01 5.85e+01  4.19e-01 2.79e-02      3s
   5  -1.08731376e+01  0.00000000e+00  2.51e+01 4.02e+00  1.01e+03  6.20e+01  3.15e+00 6.26e+01 6.20e+01  4.02e-01 2.51e-02      3s
   6  -1.35333457e+01  0.00000000e+00  2.56e+01 3.93e+00  9.92e+02  6.55e+01  3.09e+00 6.46e+01 6.55e+01  3.87e-01 2.28e-02      4s
   7  -1.60446961e+01  0.00000000e+00  2.62e+01 3.85e+00  9.73e+02  6.89e+01  3.03e+00 6.65e+01 6.89e+01  3.72e-01 2.07e-02      5s
   8  -2.80212541e+00 -1.62798051e-01  7.62e+00 1.12e+00  3.06e+02  5.14e-02  2.97e+00 6.84e+01 7.22e+01  8.13e-01 7.08e-01      5s
   9  -3.01417990e-01 -1.36551383e-01  2.42e+00 3.80e-01  1.10e+02  3.37e-01  4.63e+00 2.72e+02 7.03e+01  8.86e-01 6.62e-01      5s
  10   3.49048243e+00 -1.19389760e-01  1.69e+00 6.08e-02  1.92e+01  2.19e+00  4.48e+00 8.98e+02 8.84e+01  9.48e-01 8.40e-01      6s
  11   7.08336165e+00 -1.19389760e-01  3.81e+00 5.84e-02  1.85e+01  8.10e+01  3.81e+00 5.76e+03 8.10e+01  4.21e-01 3.88e-02      6s
  12   9.57445545e+00 -1.19389760e-01  5.83e+00 5.70e-02  1.81e+01  9.12e+01  3.75e+00 6.16e+03 9.12e+01  3.98e-01 2.46e-02      7s
  13   1.19694527e+01 -1.19389760e-01  7.84e+00 5.57e-02  1.77e+01  9.84e+01  3.70e+00 6.43e+03 9.84e+01  3.83e-01 2.23e-02      7s
  14   1.42817792e+01 -1.19389760e-01  9.80e+00 5.46e-02  1.74e+01  1.05e+02  3.66e+00 6.69e+03 1.05e+02  3.69e-01 2.04e-02      8s
  15   1.65109450e+01 -1.19389760e-01  1.17e+01 5.36e-02  1.71e+01  1.12e+02  3.62e+00 6.95e+03 1.12e+02  3.56e-01 1.86e-02      9s
  16   1.86656420e+01 -1.19389760e-01  1.35e+01 5.27e-02  1.68e+01  1.19e+02  3.57e+00 7.20e+03 1.19e+02  3.43e-01 1.71e-02     10s
  17   2.07500957e+01 -1.19389760e-01  1.53e+01 5.18e-02  1.66e+01  1.26e+02  3.53e+00 7.45e+03 1.26e+02  3.32e-01 1.57e-02     10s
  18   2.27705610e+01 -1.19389760e-01  1.70e+01 5.11e-02  1.64e+01  1.33e+02  3.49e+00 7.68e+03 1.33e+02  3.21e-01 1.46e-02     11s
  19   2.47291742e+01 -1.19389760e-01  1.86e+01 5.04e-02  1.62e+01  1.39e+02  3.46e+00 7.92e+03 1.39e+02  3.11e-01 1.35e-02     12s
  20   2.66281547e+01 -1.19389760e-01  2.02e+01 4.98e-02  1.60e+01  1.46e+02  3.42e+00 8.15e+03 1.46e+02  3.02e-01 1.25e-02     12s
  21   2.84753069e+01 -1.19389760e-01  2.18e+01 4.92e-02  1.58e+01  1.52e+02  3.38e+00 8.37e+03 1.52e+02  2.93e-01 1.17e-02     13s
  22   3.02690686e+01 -1.19389760e-01  2.32e+01 4.86e-02  1.57e+01  1.58e+02  3.35e+00 8.59e+03 1.58e+02  2.85e-01 1.09e-02     14s
  23   3.20151320e+01 -1.19389760e-01  2.47e+01 4.81e-02  1.55e+01  1.65e+02  3.31e+00 8.81e+03 1.65e+02  2.77e-01 1.02e-02     14s
  24   3.37155273e+01 -1.19389760e-01  2.61e+01 4.77e-02  1.54e+01  1.71e+02  3.28e+00 9.02e+03 1.71e+02  2.69e-01 9.61e-03     15s
  25   3.53706076e+01 -1.19389760e-01  2.75e+01 4.72e-02  1.53e+01  1.77e+02  3.25e+00 9.22e+03 1.77e+02  2.62e-01 9.03e-03     16s
  26   3.69872695e+01 -1.19389760e-01  2.88e+01 4.68e-02  1.51e+01  1.83e+02  3.21e+00 9.42e+03 1.83e+02  2.55e-01 8.52e-03     17s
  27   3.85625924e+01 -1.19389760e-01  3.01e+01 4.65e-02  1.50e+01  1.89e+02  3.18e+00 9.62e+03 1.89e+02  2.49e-01 8.03e-03     17s
  28   3.85681109e+01 -1.19389760e-01  3.01e+01 4.65e-02  1.50e+01  1.95e+02  3.15e+00 9.82e+03 1.95e+02  2.43e-01 2.72e-05     19s

The solution quality is limited by the precision of the linear system solver.

The algorithm stopped after 29 iterations in 19.43 seconds.

Primal variables:   [+12.862 +13.009 +22.075 +13.635 +14.346 +14.738 +13.874 +17.907 +10.958
 +10.127 +15.026 +12.692 +13.530 +13.795 +14.835 +13.271 +11.462 +10.895
 +11.435 +13.387 +10.976 +10.639 +12.902 +13.620 +15.079 +12.295 +0.136
 +22.651 +15.251 +24.079 +22.221 +11.692 +13.964 +12.584 +24.962 +16.271
 +10.852 +19.396 +20.316 +10.354 +21.777 +11.683 +10.646 +19.194 +12.518
 +11.634 +13.300 +11.432 +13.008 +15.488 +19.449 +10.769 +14.359 +11.377
 +21.467 +12.622 +25.351 +26.718 +10.198 +17.492 +11.604 +17.235 +15.138
 +10.479 +16.514 +18.559 +22.412 +14.934 +15.149 +22.020 +12.380 +18.112
 +0.186 +16.151 +12.489 +17.160 +12.731 +10.866 +23.079 +26.152 +10.921
 +11.608 +14.692 +17.233 +12.828 +10.862 +18.975 +23.553 +12.443 +12.991
 +14.488 +27.458 +17.269 +15.235 +10.138 +14.576 +13.480 +15.536 +20.194
 +11.588 +19.991 +25.492 +14.843 +25.610 +18.058 +18.426 +12.484 +10.913
 +11.521 +17.241 +21.671 +17.428 +13.409 +12.326 +20.795 +13.658 +13.151
 +13.018 +11.218 +19.777 +10.250 +17.731 +13.068 +13.334 +12.765 +17.875
 +18.226 +11.069 +14.596 +11.592 +14.783 +11.491 +15.346 +19.959 +13.233
 +10.229 +12.076 +21.279 +13.286 +17.977 +18.633 +8.565 +17.050 +15.164
 +14.066 +17.555 +11.478 +13.341 +14.459 +24.284 +15.241 +16.453 +11.093
 +21.648 +10.992 +12.275 +11.060 +15.380 +14.145 +10.163 +10.328 +26.853
 +13.643 +11.038 +13.612 +16.600 +11.438 +14.545 +15.033 +14.678 +13.672
 +19.244 +16.706 +12.030 +13.663 +14.939 +11.664 +20.077 +16.715 +11.750
 +18.454 +15.788 +14.695 +14.215 +14.935 +11.130 +16.415 +12.818 +13.426
 +18.690 +20.761 +13.158 +12.005 +12.909 +19.769 +15.757 +11.906 +20.607
 +12.324 +14.974 +11.085 +19.650 +10.150 +12.630 +14.866 +19.129 +28.956
 +10.044 +21.654 +12.436 +20.216 +17.121 +23.377 +16.935 +10.132 +11.149
 +10.534 +17.658 +13.347 +23.708 +14.468 +17.215 +20.523 +12.459 +12.099
 +11.828 +21.544 +28.399 +13.440 +12.817 +23.610 +10.009 +13.023 +11.623
 +15.908 +11.732 +11.540 +14.450 +13.861 +12.399 +10.873 +17.579 +11.241
 +16.612 +11.754 +12.108 +16.562 +9.127 +12.831 +12.028 +24.487 +21.301
 +11.219 +12.526 +17.886 +21.555 +12.620 +12.640 +10.824 +17.643 +12.617
 +14.209 +14.242 +16.494 +12.106 +11.624 +13.466 +14.953 +19.466 +17.905
 +11.644 +12.612 +11.133 +13.178 +17.205 +11.862 +15.947 +15.982 +13.470
 +17.487 +11.579 +16.091 +23.857 +15.170 +15.509 +11.348 +11.689 +11.920
 +27.493 +10.329 +12.788 +10.681 +12.498 +14.684 +10.768 +15.218 +11.872
 +13.434 +11.353 +11.856 +14.861 +18.159 +16.221 +11.965 +13.367 +16.019
 +26.654 +12.998 +15.520 +12.019 +16.743 +14.113 +11.316 +10.939 +16.832
 +16.299 +14.191 +13.313 +14.978 +22.334 +22.847 +11.835 +15.760 +10.633
 +13.811 +12.332 +13.152 +20.279 +11.878 +14.395 +11.889 +17.745 +16.260
 +24.913 +12.925 +15.666 +12.200 +14.456 +12.638 +14.722 +18.655 +10.591
 +12.024 +17.749 +10.969 +11.505 +28.904 +12.197 +15.841 +11.087 +12.575
 +17.537 +10.612 +16.086 +17.546 +11.075 +15.522 +17.380 +12.512 +14.854
 +18.451 +10.323 +12.807 +11.933 +20.212 +16.763 +16.813 +10.743 +16.499
 +11.706 +13.646 +12.897 +22.858 +13.660 +17.486 +17.618 +26.208 +11.218
 +12.006 +11.199 +13.651 +24.580 +16.341 +13.275 +13.358 +11.681 +15.797
 +11.100 +22.932 +11.147 +9.544 +14.499 +12.160 +12.945 +13.202 +10.788
 +11.968 +11.889 +16.426 +9.608 +13.710 +11.742 +16.192 +16.334 +14.751
 +17.845 +11.987 +17.243 +12.458 +19.087 +12.225 +11.535 +21.912 +12.847
 +15.790 +14.131 +14.251 +13.905 +10.489 +14.132 +17.831 +20.829 +21.328
 +11.853 +13.324 +11.895 +12.205 +17.157 +16.105 +12.602 +12.273 +11.262
 +18.526 +27.497 +10.510 +10.658 +13.480 +11.430 +10.648 +21.220 +16.288
 +11.489 +14.796 +13.156 +27.719 +10.000 +10.708 +25.418 +11.839 +12.399
 +11.952 +12.171 +12.101 +15.646 +10.739 +11.095 +13.716 +15.000 +11.172
 +15.431 +21.195 +22.719 +30.061 +14.477 +11.809 +10.310 +17.914 +20.630
 +23.030 +13.510 +10.342 +11.653 +11.850 +14.357 +10.783 +13.785 +11.643
 +14.293 +15.510 +12.876 +9.023 +11.461 +12.599 +12.177 +7.683 +14.135
 +19.790 +13.389 +12.041 +8.754 +11.703 +14.557 +13.970 +19.083 +13.555
 +11.344 +16.123 +16.676 +17.650 +13.093]
Dual slacks:        [+0.002 +0.003 +0.001 +0.002 +0.002 +0.002 +0.002 +0.001 +0.003 +0.004
 +0.002 +0.003 +0.002 +0.002 +0.002 +0.002 +0.003 +0.003 +0.003 +0.002
 +0.003 +0.003 +0.003 +0.002 +0.002 +0.003 +1.726 +0.001 +0.002 +0.001
 +0.001 +0.003 +0.002 +0.003 +0.001 +0.002 +0.003 +0.001 +0.001 +0.003
 +0.001 +0.003 +0.003 +0.001 +0.003 +0.003 +0.002 +0.003 +0.002 +0.002
 +0.001 +0.003 +0.002 +0.003 +0.001 +0.003 +0.001 +0.001 +0.004 +0.001
 +0.003 +0.001 +0.002 +0.003 +0.002 +0.001 +0.001 +0.002 +0.002 +0.001
 +0.003 +0.001 +1.016 +0.002 +0.003 +0.001 +0.003 +0.003 +0.001 +0.001
 +0.003 +0.003 +0.002 +0.001 +0.003 +0.003 +0.001 +0.001 +0.003 +0.002
 +0.002 +0.001 +0.002 +0.002 +0.003 +0.002 +0.002 +0.002 +0.001 +0.003
 +0.001 +0.001 +0.002 +0.001 +0.001 +0.001 +0.003 +0.003 +0.003 +0.002
 +0.001 +0.001 +0.002 +0.003 +0.001 +0.002 +0.003 +0.002 +0.003 +0.001
 +0.003 +0.001 +0.002 +0.002 +0.003 +0.001 +0.001 +0.003 +0.002 +0.003
 +0.002 +0.003 +0.002 +0.001 +0.002 +0.003 +0.003 +0.001 +0.002 +0.001
 +0.001 +0.004 +0.002 +0.002 +0.002 +0.001 +0.003 +0.002 +0.002 +0.001
 +0.002 +0.002 +0.003 +0.001 +0.003 +0.003 +0.003 +0.002 +0.002 +0.003
 +0.003 +0.001 +0.002 +0.003 +0.002 +0.001 +0.003 +0.002 +0.002 +0.002
 +0.002 +0.001 +0.002 +0.003 +0.002 +0.002 +0.003 +0.001 +0.001 +0.003
 +0.001 +0.002 +0.002 +0.002 +0.002 +0.003 +0.002 +0.003 +0.002 +0.001
 +0.001 +0.003 +0.003 +0.003 +0.001 +0.002 +0.003 +0.001 +0.003 +0.002
 +0.003 +0.001 +0.003 +0.003 +0.002 +0.001 +0.001 +0.004 +0.001 +0.003
 +0.001 +0.001 +0.001 +0.001 +0.003 +0.003 +0.003 +0.001 +0.002 +0.001
 +0.002 +0.001 +0.001 +0.003 +0.003 +0.003 +0.001 +0.001 +0.002 +0.003
 +0.001 +0.003 +0.002 +0.003 +0.002 +0.003 +0.003 +0.002 +0.002 +0.003
 +0.003 +0.001 +0.003 +0.002 +0.003 +0.003 +0.001 +0.004 +0.002 +0.003
 +0.001 +0.001 +0.003 +0.003 +0.001 +0.001 +0.003 +0.003 +0.003 +0.001
 +0.003 +0.002 +0.002 +0.002 +0.003 +0.003 +0.002 +0.002 +0.001 +0.001
 +0.003 +0.003 +0.003 +0.002 +0.001 +0.003 +0.002 +0.002 +0.002 +0.001
 +0.003 +0.002 +0.001 +0.002 +0.002 +0.003 +0.003 +0.003 +0.001 +0.003
 +0.002 +0.003 +0.003 +0.002 +0.003 +0.002 +0.003 +0.002 +0.003 +0.003
 +0.002 +0.001 +0.002 +0.003 +0.003 +0.002 +0.001 +0.002 +0.002 +0.003
 +0.001 +0.002 +0.003 +0.003 +0.001 +0.002 +0.002 +0.002 +0.002 +0.001
 +0.001 +0.003 +0.002 +0.003 +0.002 +0.003 +0.002 +0.001 +0.003 +0.002
 +0.003 +0.001 +0.001 +0.001 +0.003 +0.002 +0.003 +0.002 +0.003 +0.002
 +0.001 +0.003 +0.003 +0.001 +0.003 +0.003 +0.001 +0.003 +0.002 +0.003
 +0.003 +0.001 +0.003 +0.002 +0.001 +0.003 +0.002 +0.001 +0.003 +0.002
 +0.001 +0.003 +0.002 +0.003 +0.001 +0.001 +0.002 +0.003 +0.002 +0.003
 +0.002 +0.003 +0.001 +0.002 +0.001 +0.001 +0.001 +0.003 +0.003 +0.003
 +0.002 +0.001 +0.002 +0.002 +0.002 +0.003 +0.002 +0.003 +0.001 +0.003
 +0.004 +0.002 +0.003 +0.002 +0.002 +0.003 +0.003 +0.003 +0.002 +0.004
 +0.002 +0.003 +0.002 +0.002 +0.002 +0.001 +0.003 +0.001 +0.003 +0.001
 +0.003 +0.003 +0.001 +0.002 +0.002 +0.002 +0.002 +0.002 +0.003 +0.002
 +0.001 +0.001 +0.001 +0.003 +0.002 +0.003 +0.003 +0.001 +0.002 +0.003
 +0.003 +0.003 +0.001 +0.001 +0.003 +0.003 +0.002 +0.003 +0.003 +0.001
 +0.002 +0.003 +0.002 +0.002 +0.001 +0.004 +0.003 +0.001 +0.003 +0.003
 +0.003 +0.003 +0.003 +0.002 +0.003 +0.003 +0.002 +0.002 +0.003 +0.002
 +0.001 +0.001 +0.001 +0.002 +0.003 +0.003 +0.001 +0.001 +0.001 +0.002
 +0.003 +0.003 +0.003 +0.002 +0.003 +0.002 +0.003 +0.002 +0.002 +0.003
 +0.004 +0.003 +0.003 +0.003 +0.004 +0.002 +0.001 +0.002 +0.003 +0.004
 +0.003 +0.002 +0.002 +0.001 +0.002 +0.003 +0.002 +0.002 +0.002 +0.002]
Dual variables:     [+1.367 -1.502]

Primal objective:   3.85681109e+01 
Dual objective:     -1.19389760e-01

Primal residual:    3.01e+01
Dual residual:      4.65e-02
Complementraty:     1.50e+01

Number of Iter:     29
Run time:           19.43
