
--------------- Linear optimization problem characteristics ---------------
Seed:                    71
Number of variables:     500
Number of constraints:   2

Norm of primal sol:      2.00e+00
Norm of dual sol:        2.00e+00
Norm of dual slacks:     2.00e+00

Norm of vector b:        1.10e-02
Norm of vector c:        2.26e+00

Norm of matrix A:        1.00e+00
Condition number:        2.00e+00

----------------------- Linear optimization problem -----------------------
Coeff matrix A:          [[-0.016 -0.024 -0.031 -0.006 +0.010 -0.015 -0.036 -0.039 -0.037 -0.028
 -0.036 -0.041 +0.012 +0.040 +0.042 +0.014 +0.032 +0.013 -0.037 +0.023
 +0.020 -0.015 -0.028 +0.038 +0.016 +0.027 +0.009 -0.022 -0.005 +0.038
 +0.022 +0.031 -0.032 +0.001 -0.019 +0.003 -0.028 +0.023 +0.042 +0.034
 -0.050 -0.004 +0.037 -0.009 -0.051 +0.007 +0.002 -0.010 -0.019 -0.035
 -0.025 -0.023 +0.000 +0.018 -0.004 -0.007 +0.008 -0.000 -0.008 +0.026
 -0.018 +0.027 +0.034 -0.028 +0.002 -0.021 -0.043 -0.002 -0.009 +0.030
 +0.043 -0.035 +0.043 -0.023 +0.026 +0.021 +0.020 +0.010 -0.012 +0.031
 +0.004 +0.017 +0.025 -0.033 -0.004 +0.004 +0.037 -0.031 -0.042 +0.044
 +0.026 +0.048 -0.010 +0.031 +0.016 +0.028 +0.048 -0.020 -0.019 +0.040
 -0.039 +0.018 -0.049 +0.030 -0.030 +0.022 -0.051 +0.025 -0.019 +0.004
 -0.039 +0.015 -0.001 -0.028 -0.000 +0.028 +0.032 -0.038 +0.031 +0.032
 -0.014 +0.048 -0.031 -0.021 +0.047 +0.017 -0.033 -0.028 -0.007 +0.037
 +0.012 +0.017 -0.001 +0.008 +0.028 +0.049 -0.043 +0.020 +0.000 +0.031
 +0.026 -0.032 +0.030 +0.059 -0.027 -0.008 -0.017 +0.029 -0.010 -0.006
 -0.022 +0.011 -0.032 -0.034 +0.054 -0.021 -0.020 +0.040 +0.023 +0.049
 +0.043 -0.001 -0.046 -0.026 -0.046 +0.046 -0.014 -0.053 +0.024 -0.034
 -0.020 +0.010 +0.037 +0.045 +0.013 -0.002 -0.032 +0.006 +0.046 -0.028
 -0.040 -0.019 -0.040 +0.019 -0.002 +0.002 -0.042 +0.012 -0.003 -0.010
 +0.006 -0.015 +0.015 +0.033 -0.017 +0.026 -0.018 +0.018 -0.047 +0.008
 -0.021 +0.051 +0.022 +0.030 -0.001 -0.017 -0.037 -0.032 -0.017 +0.021
 +0.019 -0.047 +0.004 -0.044 -0.026 -0.054 -0.009 -0.019 +0.003 -0.030
 +0.032 +0.032 -0.020 +0.009 +0.026 -0.040 -0.006 -0.021 +0.039 -0.052
 +0.008 +0.042 +0.057 +0.005 -0.019 +0.015 +0.016 +0.009 +0.033 +0.017
 +0.025 +0.041 +0.007 -0.011 -0.013 +0.039 -0.004 -0.021 -0.012 -0.007
 +0.032 +0.019 +0.001 -0.043 -0.043 -0.016 +0.019 +0.044 +0.017 -0.001
 +0.040 +0.027 -0.007 -0.024 -0.028 -0.019 +0.012 +0.023 +0.012 -0.042
 +0.009 -0.024 +0.018 +0.027 -0.052 +0.008 +0.010 +0.023 -0.015 -0.056
 +0.022 -0.005 +0.007 +0.028 +0.029 -0.042 -0.038 +0.033 -0.050 +0.016
 -0.026 +0.013 -0.002 +0.025 -0.006 -0.006 -0.034 +0.003 -0.012 +0.019
 +0.021 -0.022 +0.027 +0.049 +0.005 -0.012 -0.008 -0.013 +0.017 -0.046
 -0.038 -0.006 -0.034 -0.015 +0.013 -0.020 +0.041 +0.017 -0.048 +0.002
 +0.004 -0.006 -0.033 +0.019 -0.044 -0.019 +0.041 +0.026 +0.006 -0.026
 -0.007 +0.057 +0.022 +0.017 +0.003 +0.026 +0.001 -0.049 +0.018 +0.020
 -0.044 +0.013 +0.014 -0.014 -0.032 -0.020 +0.025 +0.022 +0.042 +0.017
 +0.004 -0.009 +0.040 +0.031 -0.011 -0.025 +0.028 -0.043 +0.002 +0.048
 -0.039 +0.023 -0.021 -0.030 +0.032 +0.015 +0.011 +0.020 -0.018 -0.020
 -0.009 -0.015 -0.046 +0.009 -0.021 +0.043 -0.021 -0.010 +0.024 +0.045
 -0.020 +0.013 -0.026 -0.046 -0.023 +0.013 -0.038 -0.034 -0.026 -0.005
 -0.015 -0.008 -0.014 -0.028 +0.012 +0.006 +0.032 -0.041 +0.016 -0.004
 +0.035 +0.000 -0.054 -0.027 -0.037 +0.034 +0.028 -0.011 -0.059 -0.036
 -0.019 -0.014 +0.045 +0.008 -0.014 +0.029 -0.019 -0.040 +0.014 -0.009
 -0.031 -0.029 +0.039 +0.032 -0.007 +0.013 -0.048 +0.036 +0.000 -0.017
 -0.006 -0.024 +0.043 +0.019 +0.023 -0.030 +0.031 -0.024 +0.053 -0.009
 +0.047 -0.011 -0.037 +0.005 +0.023 +0.038 +0.025 -0.023 -0.037 +0.040
 -0.028 -0.023 +0.006 +0.001 -0.020 -0.048 -0.035 +0.014 -0.009 +0.024
 +0.036 +0.006 +0.009 +0.042 -0.047 +0.032 -0.020 +0.045 +0.048 -0.001
 +0.014 -0.005 -0.009 +0.031 -0.006 +0.004 -0.035 +0.014 +0.034 -0.019
 -0.025 +0.013 -0.004 +0.015 +0.044 +0.002 +0.013 -0.039 +0.052 -0.023
 +0.044 -0.014 +0.029 -0.053 +0.052 -0.015 -0.021 +0.014 -0.030 +0.002]
                          [-0.035 -0.032 +0.037 +0.056 +0.004 +0.011 +0.003 +0.003 +0.034 -0.039
 +0.021 +0.003 +0.050 -0.009 -0.006 +0.033 +0.016 -0.045 +0.020 +0.041
 -0.046 +0.019 -0.035 -0.049 -0.030 -0.017 -0.057 +0.064 -0.045 -0.049
 +0.023 +0.011 +0.010 +0.024 +0.042 +0.055 -0.055 -0.059 -0.039 +0.002
 +0.063 +0.062 -0.065 +0.066 +0.073 +0.000 -0.048 +0.018 +0.061 -0.002
 -0.001 +0.053 -0.003 -0.027 -0.008 +0.023 -0.018 -0.051 -0.047 +0.039
 +0.044 -0.026 -0.016 +0.019 +0.037 +0.069 +0.008 -0.059 -0.052 +0.024
 -0.045 +0.044 -0.070 +0.069 -0.034 -0.056 -0.069 +0.021 +0.004 +0.001
 -0.015 -0.045 +0.023 +0.069 +0.038 -0.004 -0.070 +0.043 +0.046 -0.029
 -0.047 -0.049 -0.060 -0.039 +0.026 +0.049 -0.029 -0.058 -0.021 -0.041
 +0.002 +0.035 +0.046 -0.044 -0.040 -0.008 +0.057 -0.039 +0.005 -0.042
 +0.054 +0.027 +0.000 +0.017 -0.040 -0.043 -0.006 +0.065 -0.022 -0.030
 -0.018 -0.050 +0.029 -0.021 -0.075 -0.028 +0.028 -0.019 -0.026 -0.014
 -0.055 -0.030 +0.010 -0.010 +0.024 -0.030 +0.020 +0.032 +0.055 +0.050
 -0.006 +0.030 -0.010 -0.080 +0.034 -0.003 +0.032 -0.044 +0.005 +0.060
 +0.037 +0.011 +0.018 +0.045 -0.073 -0.046 -0.003 -0.014 -0.069 -0.060
 -0.037 -0.015 +0.044 -0.049 +0.075 -0.031 +0.059 +0.070 -0.023 -0.044
 +0.030 +0.030 -0.027 -0.075 +0.048 +0.029 -0.015 +0.003 -0.046 +0.002
 +0.006 +0.066 +0.015 -0.052 +0.050 -0.001 +0.035 +0.026 +0.004 -0.061
 +0.027 +0.056 +0.043 +0.015 +0.051 +0.055 +0.035 +0.055 +0.019 +0.011
 +0.029 -0.035 -0.055 -0.037 -0.028 -0.027 -0.025 +0.051 -0.053 +0.046
 +0.030 +0.066 -0.028 +0.035 +0.067 +0.078 +0.065 +0.052 -0.025 -0.038
 +0.023 +0.016 +0.047 -0.004 +0.048 +0.072 +0.035 +0.006 -0.048 +0.047
 +0.021 -0.038 -0.076 +0.043 +0.029 -0.015 -0.025 -0.061 -0.014 +0.004
 +0.030 -0.069 -0.043 +0.000 +0.031 -0.009 -0.007 -0.043 +0.017 +0.015
 +0.024 +0.057 -0.031 +0.074 +0.020 +0.054 +0.023 -0.035 -0.067 +0.008
 -0.043 -0.070 +0.058 -0.021 +0.066 +0.066 +0.059 -0.014 +0.021 -0.002
 -0.014 +0.036 -0.036 -0.028 +0.071 -0.002 -0.019 +0.033 -0.057 +0.074
 -0.019 -0.062 -0.019 +0.008 -0.038 +0.033 +0.039 -0.073 +0.058 -0.001
 +0.063 -0.029 +0.006 -0.037 -0.005 -0.045 -0.008 +0.029 -0.023 +0.025
 +0.034 -0.041 +0.056 -0.047 +0.009 +0.057 -0.045 +0.008 +0.058 +0.077
 +0.067 -0.021 +0.060 +0.030 +0.052 +0.069 -0.073 -0.061 +0.024 -0.059
 -0.030 +0.062 -0.030 +0.036 +0.016 -0.018 -0.048 -0.040 +0.042 +0.043
 +0.034 -0.078 -0.007 +0.033 -0.036 +0.000 -0.038 +0.063 -0.011 +0.036
 +0.006 -0.027 +0.006 -0.003 +0.069 -0.001 -0.023 -0.058 -0.021 -0.056
 -0.034 -0.047 -0.033 -0.071 -0.031 +0.067 +0.028 +0.062 +0.012 -0.077
 -0.020 +0.008 -0.009 +0.060 -0.060 -0.033 +0.004 -0.051 -0.033 -0.041
 -0.039 -0.013 +0.053 +0.002 +0.017 -0.043 +0.015 +0.059 +0.031 -0.065
 +0.017 -0.060 +0.071 +0.069 -0.031 -0.063 +0.009 +0.018 -0.045 +0.028
 -0.007 -0.002 +0.063 -0.010 +0.045 -0.015 +0.043 +0.065 -0.045 -0.033
 -0.056 -0.050 +0.072 +0.051 +0.003 +0.028 -0.032 -0.019 +0.079 -0.017
 -0.055 +0.024 -0.057 -0.043 +0.013 +0.022 -0.029 +0.021 -0.036 -0.043
 +0.023 -0.045 -0.050 -0.060 +0.062 +0.042 +0.023 -0.010 -0.054 -0.007
 -0.054 +0.041 -0.024 +0.039 -0.019 -0.054 -0.043 -0.013 -0.067 +0.003
 -0.057 -0.041 +0.067 -0.045 -0.050 -0.050 +0.034 +0.031 +0.060 -0.014
 -0.024 +0.065 -0.044 -0.023 -0.015 +0.049 -0.011 +0.016 +0.013 +0.035
 +0.005 -0.016 +0.061 -0.017 +0.068 -0.019 -0.019 -0.065 -0.027 +0.043
 -0.006 -0.000 -0.041 -0.073 -0.019 -0.040 +0.042 +0.044 -0.029 -0.000
 +0.001 -0.055 -0.037 -0.046 -0.066 +0.037 -0.000 +0.009 -0.052 -0.007
 -0.043 -0.013 -0.055 +0.066 -0.066 -0.058 -0.018 -0.009 +0.046 -0.053]]

RHS vector b:            [+0.005 +0.010]
Obj vector c:            [+0.067 +0.077 +0.009 -0.053 -0.021 +0.012 +0.056 +0.061 +0.023 +0.091
 +0.036 +0.065 -0.076 -0.056 -0.063 -0.060 -0.072 +0.031 +0.038 -0.085
 +0.020 +0.003 +0.086 -0.006 +0.008 -0.025 +0.051 -0.036 +0.059 -0.005
 -0.062 -0.063 +0.042 -0.030 -0.017 -0.068 +0.110 +0.028 -0.025 -0.058
 +0.011 -0.065 +0.015 -0.059 +0.001 -0.012 +0.052 -0.004 -0.039 +0.059
 +0.042 -0.022 +0.004 +0.001 +0.016 -0.015 +0.008 +0.059 +0.066 -0.088
 -0.021 -0.015 -0.038 +0.025 -0.046 -0.044 +0.062 +0.070 +0.074 -0.076
 -0.019 +0.007 +0.009 -0.041 -0.005 +0.029 +0.047 -0.040 +0.015 -0.052
 +0.010 +0.024 -0.067 -0.023 -0.036 -0.003 +0.020 +0.002 +0.016 -0.039
 +0.011 -0.023 +0.085 -0.007 -0.055 -0.101 -0.046 +0.100 +0.056 -0.020
 +0.062 -0.069 +0.029 +0.001 +0.094 -0.027 +0.019 +0.003 +0.025 +0.041
 +0.003 -0.054 +0.001 +0.027 +0.046 +0.002 -0.046 -0.013 -0.026 -0.018
 +0.043 -0.023 +0.018 +0.059 +2.008 +0.004 +0.021 +0.068 +0.042 -0.045
 +0.043 +0.006 -0.009 -0.001 -0.073 -0.046 +0.049 -0.070 -0.064 -0.108
 -0.037 +0.019 -0.037 -0.005 +0.005 +0.017 -0.010 +0.003 +0.011 -0.058
 -0.005 -0.031 +0.031 +0.005 -0.006 +0.088 +0.037 -0.050 +0.041 -0.011
 -0.028 +0.019 +0.025 +0.099 -0.010 -0.040 -0.045 +0.007 -0.013 +0.105
 -0.002 -0.051 -0.029 +0.012 -0.076 -0.030 +0.070 -0.013 -0.023 +0.043
 +0.058 -0.044 +0.047 +0.028 -0.054 -0.002 +0.029 -0.050 +0.001 +0.086
 -0.041 -0.039 -0.074 -0.072 -0.031 -0.106 -0.010 -0.092 +0.055 -0.025
 +0.002 -0.043 +0.027 -0.007 +0.034 +0.058 +0.090 -0.005 +0.089 -0.087
 -0.064 +0.002 +0.025 +0.033 -0.034 -0.001 -0.059 -0.027 +0.024 +0.093
 -0.079 -0.072 -0.021 -0.009 -0.098 -0.017 -0.031 +0.028 -0.010 +0.031
 -0.036 -0.026 -0.007 -0.057 -0.002 -0.007 +0.002 +0.054 -0.039 -0.034
 -0.076 +0.012 +0.038 +0.018 -0.013 -0.054 +0.016 +0.083 +0.001 -0.007
 -0.080 -0.096 +0.033 -0.014 +0.047 -0.035 -0.057 -0.033 +0.049 -0.008
 -0.016 +0.036 -0.056 +0.064 -0.029 -0.045 -0.087 -0.022 -0.044 +0.071
 +0.001 -0.001 +0.011 -0.013 +0.005 -0.011 +0.004 -0.076 +0.090 +0.008
 -0.016 +0.080 +0.010 -0.056 -0.004 +0.036 +0.018 +0.029 +0.017 -0.025
 -0.029 +0.012 -0.003 +0.002 +0.014 +0.061 +0.065 -0.039 +0.045 -0.060
 -0.072 +0.083 -0.108 -0.027 -0.018 -0.046 +0.065 +0.013 -0.094 -0.012
 -0.013 +0.034 -0.014 -0.010 -0.081 -0.046 +0.016 +0.041 +0.051 +0.064
 +0.028 -0.060 +0.089 -0.072 +0.054 +0.051 -0.012 +0.003 -0.058 -0.005
 -0.027 -0.005 -0.027 -0.065 +0.036 -0.043 +0.041 +0.010 -0.018 -0.074
 +0.065 +0.010 -0.030 +0.027 -0.025 +0.034 -0.015 +0.030 -0.045 +0.036
 +0.032 +0.068 -0.029 +0.030 +0.054 -0.035 -0.078 +0.001 -0.018 +0.009
 +0.087 -0.047 +0.045 -0.019 +0.017 +0.013 -0.021 +0.024 +0.066 +0.079
 +0.059 +0.039 +0.015 -0.016 +0.016 -0.021 +0.018 -0.052 -0.075 -0.000
 +0.013 +0.047 -0.038 -0.003 +0.073 +0.051 +0.052 +0.036 +0.094 -0.024
 +0.032 +0.016 -0.049 +0.057 -0.070 +0.007 -0.101 -0.007 +0.025 +0.045
 +0.006 +0.056 +0.006 -0.013 +0.058 -0.088 -0.009 +0.040 +0.007 +0.079
 +0.094 -0.004 -0.008 +0.036 +0.008 -0.072 +0.064 +0.042 +0.018 +0.065
 +0.024 +0.099 -0.008 +0.016 -0.059 -0.070 +0.052 -0.048 +0.061 +0.036
 +0.071 -0.006 -0.044 -0.076 -0.016 +0.111 -0.002 +0.054 -0.011 +0.012
 -0.013 +0.065 -0.015 +0.044 +0.018 -0.005 -0.080 +0.002 -0.008 -0.049
 +0.073 -0.036 +0.041 +0.024 +0.050 +0.022 +0.070 -0.041 +0.000 -0.080
 -0.065 +0.008 -0.085 -0.049 -0.000 -0.031 +0.054 +0.001 -0.048 -0.047
 -0.017 +0.008 +0.062 +0.031 +0.031 +0.039 +0.009 -0.073 -0.023 +0.031
 +0.041 +0.041 +0.049 +0.027 +0.003 -0.046 -0.021 +0.053 -0.026 +0.046
 -0.024 +0.038 +0.015 +0.013 -0.009 +0.091 +0.055 -0.014 -0.004 +0.057]

---------------------------- Optimal solution -----------------------------
Primal variables:         [+0.028 +0.059 +0.127 +0.030 +0.140 +0.121 +0.110 +0.152 +0.129 +0.036
 +0.049 +0.110 +0.016 +0.092 +0.021 +0.138 +0.038 +0.146 +0.121 +0.066
 +0.039 +0.057 +0.087 +0.044 +0.131 +0.142 +0.006 +0.050 +0.052 +0.096
 +0.012 +0.035 +0.141 +0.039 +0.134 +0.044 +0.036 +0.028 +0.021 +0.074
 +0.112 +0.117 +0.047 +0.106 +0.145 +0.081 +0.064 +0.086 +0.118 +0.067
 +0.109 +0.107 +0.024 +0.002 +0.131 +0.084 +0.012 +0.082 +0.039 +0.149
 +0.041 +0.094 +0.034 +0.023 +0.069 +0.149 +0.147 +0.019 +0.056 +0.018
 +0.136 +0.087 +0.144 +0.036 +0.131 +0.101 +0.055 +0.029 +0.042 +0.128
 +0.150 +0.094 +0.114 +0.046 +0.127 +0.065 +0.021 +0.111 +0.121 +0.123
 +0.123 +0.024 +0.133 +0.122 +0.117 +0.083 +0.106 +0.115 +0.130 +0.012
 +0.082 +0.104 +0.015 +0.112 +0.092 +0.002 +0.119 +0.101 +0.061 +0.150
 +0.029 +0.045 +0.072 +0.130 +0.030 +0.022 +0.112 +0.124 +0.056 +0.121
 +0.039 +0.077 +0.089 +0.123 +0.000 +0.070 +0.030 +0.117 +0.079 +0.009
 +0.077 +0.047 +0.021 +0.134 +0.120 +0.015 +0.094 +0.123 +0.069 +0.053
 +0.062 +0.040 +0.117 +0.068 +0.024 +0.092 +0.022 +0.014 +0.073 +0.005
 +0.045 +0.001 +0.153 +0.077 +0.068 +0.123 +0.055 +0.094 +0.074 +0.146
 +0.004 +0.089 +0.011 +0.014 +0.132 +0.086 +0.119 +0.008 +0.141 +0.153
 +0.111 +0.050 +0.074 +0.079 +0.047 +0.042 +0.115 +0.107 +0.152 +0.107
 +0.123 +0.074 +0.088 +0.065 +0.120 +0.054 +0.082 +0.112 +0.141 +0.004
 +0.057 +0.073 +0.129 +0.071 +0.110 +0.112 +0.029 +0.027 +0.008 +0.059
 +0.121 +0.153 +0.012 +0.106 +0.037 +0.046 +0.021 +0.118 +0.001 +0.087
 +0.057 +0.052 +0.117 +0.046 +0.059 +0.021 +0.144 +0.130 +0.019 +0.027
 +0.148 +0.101 +0.002 +0.148 +0.110 +0.037 +0.124 +0.102 +0.104 +0.087
 +0.098 +0.121 +0.037 +0.043 +0.057 +0.076 +0.011 +0.099 +0.059 +0.096
 +0.021 +0.116 +0.095 +0.147 +0.071 +0.089 +0.076 +0.031 +0.083 +0.081
 +0.068 +0.045 +0.009 +0.023 +0.149 +0.129 +0.141 +0.004 +0.128 +0.114
 +0.044 +0.032 +0.052 +0.098 +0.012 +0.069 +0.088 +0.093 +0.146 +0.130
 +0.134 +0.068 +0.145 +0.031 +0.128 +0.004 +0.104 +0.069 +0.003 +0.087
 +0.147 +0.131 +0.017 +0.017 +0.072 +0.000 +0.021 +0.127 +0.088 +0.113
 +0.081 +0.045 +0.151 +0.123 +0.109 +0.032 +0.037 +0.035 +0.045 +0.046
 +0.123 +0.052 +0.112 +0.039 +0.002 +0.102 +0.033 +0.072 +0.104 +0.051
 +0.082 +0.086 +0.121 +0.120 +0.058 +0.102 +0.096 +0.143 +0.110 +0.111
 +0.032 +0.097 +0.036 +0.020 +0.130 +0.097 +0.141 +0.048 +0.125 +0.083
 +0.127 +0.066 +0.148 +0.131 +0.001 +0.003 +0.010 +0.009 +0.088 +0.122
 +0.102 +0.131 +0.034 +0.135 +0.032 +0.044 +0.127 +0.131 +0.080 +0.088
 +0.020 +0.037 +0.034 +0.029 +0.102 +0.041 +0.129 +0.030 +0.116 +0.029
 +0.039 +0.048 +0.132 +0.117 +0.078 +0.095 +0.098 +0.000 +0.077 +0.101
 +0.055 +0.111 +0.040 +0.106 +0.081 +0.134 +0.081 +0.008 +0.019 +0.080
 +0.042 +0.063 +0.123 +0.123 +0.073 +0.141 +0.142 +0.050 +0.079 +0.126
 +0.121 +0.068 +0.104 +0.105 +0.085 +0.079 +0.110 +0.043 +0.147 +0.033
 +0.082 +0.119 +0.123 +0.052 +0.071 +0.070 +0.024 +0.081 +0.075 +0.105
 +0.135 +0.045 +0.107 +0.102 +0.123 +0.141 +0.115 +0.053 +0.065 +0.104
 +0.052 +0.032 +0.133 +0.089 +0.115 +0.031 +0.048 +0.044 +0.008 +0.024
 +0.098 +0.139 +0.023 +0.137 +0.098 +0.079 +0.029 +0.046 +0.070 +0.103
 +0.023 +0.076 +0.047 +0.097 +0.116 +0.150 +0.018 +0.080 +0.105 +0.061
 +0.082 +0.059 +0.095 +0.003 +0.040 +0.010 +0.138 +0.042 +0.110 +0.148
 +0.115 +0.054 +0.144 +0.004 +0.009 +0.150 +0.015 +0.033 +0.131 +0.095
 +0.142 +0.019 +0.007 +0.054 +0.093 +0.146 +0.151 +0.106 +0.084 +0.094
 +0.110 +0.045 +0.060 +0.066 +0.121 +0.067 +0.059 +0.060 +0.011 +0.135
 +0.035 +0.031 +0.083 +0.027 +0.101 +0.046 +0.073 +0.094 +0.113 +0.059]
Dual slacks:              [+0.000 +0.000 +0.000 +0.000 +0.000 +0.000 +0.000 +0.000 +0.000 +0.000
 +0.000 +0.000 +0.000 +0.000 +0.000 +0.000 +0.000 +0.000 +0.000 +0.000
 +0.000 +0.000 +0.000 +0.000 +0.000 +0.000 +0.000 +0.000 +0.000 +0.000
 +0.000 +0.000 +0.000 +0.000 +0.000 +0.000 +0.000 +0.000 +0.000 +0.000
 +0.000 +0.000 +0.000 +0.000 +0.000 +0.000 +0.000 +0.000 +0.000 +0.000
 +0.000 +0.000 +0.000 +0.000 +0.000 +0.000 +0.000 +0.000 +0.000 +0.000
 +0.000 +0.000 +0.000 +0.000 +0.000 +0.000 +0.000 +0.000 +0.000 +0.000
 +0.000 +0.000 +0.000 +0.000 +0.000 +0.000 +0.000 +0.000 +0.000 +0.000
 +0.000 +0.000 +0.000 +0.000 +0.000 +0.000 +0.000 +0.000 +0.000 +0.000
 +0.000 +0.000 +0.000 +0.000 +0.000 +0.000 +0.000 +0.000 +0.000 +0.000
 +0.000 +0.000 +0.000 +0.000 +0.000 +0.000 +0.000 +0.000 +0.000 +0.000
 +0.000 +0.000 +0.000 +0.000 +0.000 +0.000 +0.000 +0.000 +0.000 +0.000
 +0.000 +0.000 +0.000 +0.000 +2.000 +0.000 +0.000 +0.000 +0.000 +0.000
 +0.000 +0.000 +0.000 +0.000 +0.000 +0.000 +0.000 +0.000 +0.000 +0.000
 +0.000 +0.000 +0.000 +0.000 +0.000 +0.000 +0.000 +0.000 +0.000 +0.000
 +0.000 +0.000 +0.000 +0.000 +0.000 +0.000 +0.000 +0.000 +0.000 +0.000
 +0.000 +0.000 +0.000 +0.000 +0.000 +0.000 +0.000 +0.000 +0.000 +0.000
 +0.000 +0.000 +0.000 +0.000 +0.000 +0.000 +0.000 +0.000 +0.000 +0.000
 +0.000 +0.000 +0.000 +0.000 +0.000 +0.000 +0.000 +0.000 +0.000 +0.000
 +0.000 +0.000 +0.000 +0.000 +0.000 +0.000 +0.000 +0.000 +0.000 +0.000
 +0.000 +0.000 +0.000 +0.000 +0.000 +0.000 +0.000 +0.000 +0.000 +0.000
 +0.000 +0.000 +0.000 +0.000 +0.000 +0.000 +0.000 +0.000 +0.000 +0.000
 +0.000 +0.000 +0.000 +0.000 +0.000 +0.000 +0.000 +0.000 +0.000 +0.000
 +0.000 +0.000 +0.000 +0.000 +0.000 +0.000 +0.000 +0.000 +0.000 +0.000
 +0.000 +0.000 +0.000 +0.000 +0.000 +0.000 +0.000 +0.000 +0.000 +0.000
 +0.000 +0.000 +0.000 +0.000 +0.000 +0.000 +0.000 +0.000 +0.000 +0.000
 +0.000 +0.000 +0.000 +0.000 +0.000 +0.000 +0.000 +0.000 +0.000 +0.000
 +0.000 +0.000 +0.000 +0.000 +0.000 +0.000 +0.000 +0.000 +0.000 +0.000
 +0.000 +0.000 +0.000 +0.000 +0.000 +0.004 +0.000 +0.000 +0.000 +0.000
 +0.000 +0.000 +0.000 +0.000 +0.000 +0.000 +0.000 +0.000 +0.000 +0.000
 +0.000 +0.000 +0.000 +0.000 +0.000 +0.000 +0.000 +0.000 +0.000 +0.000
 +0.000 +0.000 +0.000 +0.000 +0.000 +0.000 +0.000 +0.000 +0.000 +0.000
 +0.000 +0.000 +0.000 +0.000 +0.000 +0.000 +0.000 +0.000 +0.000 +0.000
 +0.000 +0.000 +0.000 +0.000 +0.000 +0.000 +0.000 +0.000 +0.000 +0.000
 +0.000 +0.000 +0.000 +0.000 +0.000 +0.000 +0.000 +0.000 +0.000 +0.000
 +0.000 +0.000 +0.000 +0.000 +0.000 +0.000 +0.000 +0.000 +0.000 +0.000
 +0.000 +0.000 +0.000 +0.000 +0.000 +0.000 +0.000 +0.000 +0.000 +0.000
 +0.000 +0.000 +0.000 +0.000 +0.000 +0.000 +0.000 +0.000 +0.000 +0.000
 +0.000 +0.000 +0.000 +0.000 +0.000 +0.000 +0.000 +0.000 +0.000 +0.000
 +0.000 +0.000 +0.000 +0.000 +0.000 +0.000 +0.000 +0.000 +0.000 +0.000
 +0.000 +0.000 +0.000 +0.000 +0.000 +0.000 +0.000 +0.000 +0.000 +0.000
 +0.000 +0.000 +0.000 +0.000 +0.000 +0.000 +0.000 +0.000 +0.000 +0.000
 +0.000 +0.000 +0.000 +0.000 +0.000 +0.000 +0.000 +0.000 +0.000 +0.000
 +0.000 +0.000 +0.000 +0.000 +0.000 +0.000 +0.000 +0.000 +0.000 +0.000
 +0.000 +0.000 +0.000 +0.000 +0.000 +0.000 +0.000 +0.000 +0.000 +0.000
 +0.000 +0.000 +0.000 +0.000 +0.000 +0.000 +0.000 +0.000 +0.000 +0.000
 +0.000 +0.000 +0.000 +0.000 +0.000 +0.000 +0.000 +0.000 +0.000 +0.000
 +0.000 +0.000 +0.000 +0.000 +0.000 +0.000 +0.000 +0.000 +0.000 +0.000
 +0.000 +0.000 +0.000 +0.000 +0.000 +0.000 +0.000 +0.000 +0.000 +0.000
 +0.000 +0.000 +0.000 +0.000 +0.000 +0.000 +0.000 +0.000 +0.000 +0.000]
Dual variables:           [-1.643 -1.140]

Optimal objective:       -1.90040191e-02
===========================================================================

Method:                  II-QIPM
LO_Precision:            1.00e-01
Stop_Precision:          1.00e-03
LO_Verbosity:            2
Omega:                   1.00e+01

The Quantum Inexact Infeasible Interior-Point Method starts running ...


                  Objective                Residual                                Linear system           Step-length
Iter      Primal           Dual         Primal    Dual     Compl    ||Resl||  Cond-Num  ||M||   ||RHS||    a-star   a-hat      Time
   0   1.79246732e+01  6.38285691e-02  4.24e-01 1.98e+01  4.84e+03 *1.11e-16  4.00e+00 1.00e+00 4.67e+00  9.52e-01 9.11e-01      0s
   1   6.73927414e+00 -2.12343893e-02  3.48e-01 8.96e-01  2.47e+02  3.64e-01  4.06e+00 1.40e+01 7.40e+01  9.72e-01 9.55e-01      1s
   2   1.17155556e+00 -1.89395270e-02  3.41e-01 4.76e-02  1.45e+01 *3.79e-01  4.16e+00 3.27e+02 7.51e+01  9.65e-01 9.47e-01      1s
   3   4.13342203e-01 -1.90053755e-02  1.97e-01 2.18e-03  7.44e-01  1.90e-01  4.36e+00 6.95e+03 7.93e+01  9.71e-01 9.54e-01      1s
   4  -5.85801096e-01 -1.90039646e-02  2.88e-01 3.89e-04  1.44e-01 *3.93e-01  4.19e+00 1.58e+05 7.41e+01  9.67e-01 8.21e-01      1s
   5  -5.27090311e-02 -1.90040169e-02  1.70e-02 1.51e-05  6.20e-03 *6.15e-03  4.00e+00 9.04e+05 3.47e+01  9.78e-01 9.61e-01      2s

The algorithm stopped after 6 iterations in 1.52 seconds.

Primal variables:   [+16.851 +16.844 +17.484 +17.840 +17.357 +17.300 +17.125 +17.107 +17.421
 +16.769 +17.298 +17.097 +17.899 +17.383 +17.426 +17.703 +17.625 +16.868
 +17.283 +17.874 +16.891 +17.384 +16.808 +16.934 +17.032 +17.223 +16.744
 +17.833 +16.806 +16.929 +17.644 +17.557 +17.205 +17.531 +17.612 +17.905
 +16.636 +16.782 +17.061 +17.469 +17.660 +17.944 +16.766 +17.942 +17.757
 +17.304 +16.801 +17.401 +17.824 +17.081 +17.133 +17.705 +17.228 +17.073
 +17.164 +17.473 +17.112 +16.765 +16.780 +17.873 +17.641 +17.124 +17.265
 +17.315 +17.681 +17.902 +17.135 +16.693 +16.730 +17.707 +16.999 +17.544
 +16.745 +17.883 +17.043 +16.796 +16.670 +17.540 +17.246 +17.440 +17.127
 +16.884 +17.657 +17.816 +17.645 +17.245 +16.720 +17.552 +17.521 +17.175
 +16.901 +16.982 +16.654 +17.012 +17.635 +18.008 +17.197 +16.637 +16.967
 +17.030 +17.096 +17.755 +17.485 +16.951 +16.758 +17.291 +17.589 +16.980
 +17.221 +16.870 +17.622 +17.635 +17.264 +17.296 +16.870 +16.960 +17.370
 +17.752 +17.185 +17.106 +17.020 +16.971 +17.406 +16.956 +0.000 +17.053
 +17.389 +16.948 +16.970 +17.307 +16.774 +17.040 +17.361 +17.199 +17.691
 +17.192 +17.250 +17.739 +17.887 +18.051 +17.338 +17.408 +17.309 +16.699
 +17.482 +17.188 +17.517 +16.948 +17.265 +17.892 +17.531 +17.438 +17.293
 +17.552 +16.756 +16.735 +17.134 +17.318 +16.686 +16.863 +17.084 +17.104
 +17.480 +16.689 +17.812 +17.164 +17.833 +17.716 +17.139 +16.712 +17.475
 +17.651 +17.158 +16.701 +17.884 +17.564 +16.969 +17.324 +17.000 +17.152
 +17.138 +17.879 +17.227 +16.830 +17.804 +17.264 +17.408 +17.619 +17.285
 +16.646 +17.593 +17.791 +17.840 +17.622 +17.722 +18.086 +17.536 +18.014
 +17.228 +17.418 +17.451 +17.145 +16.808 +17.025 +16.976 +16.925 +16.855
 +17.627 +16.692 +17.920 +17.697 +17.703 +17.003 +17.396 +17.846 +17.798
 +17.937 +17.713 +17.022 +16.772 +17.711 +17.627 +17.658 +17.263 +17.991
 +17.816 +17.613 +17.218 +16.954 +17.487 +17.526 +17.069 +16.737 +17.763
 +17.470 +17.178 +17.085 +16.713 +17.288 +17.402 +17.750 +16.744 +16.867
 +17.212 +17.517 +17.369 +17.166 +16.764 +17.376 +17.390 +17.715 +18.052
 +16.962 +17.821 +17.256 +17.759 +17.621 +17.113 +16.680 +17.345 +17.004
 +16.689 +17.874 +16.945 +17.818 +17.882 +18.023 +17.233 +17.556 +17.046
 +17.160 +17.511 +16.983 +17.107 +17.732 +17.283 +17.122 +17.772 +16.660
 +17.747 +17.181 +16.653 +17.103 +17.510 +17.011 +0.044 +17.472 +16.679
 +17.599 +17.331 +17.796 +17.032 +17.311 +16.997 +17.189 +16.797 +17.030
 +17.597 +16.985 +17.643 +17.760 +16.776 +18.104 +17.007 +17.379 +17.825
 +16.793 +17.275 +18.051 +17.831 +17.766 +17.025 +17.723 +17.498 +17.939
 +17.909 +16.706 +16.736 +17.276 +16.703 +16.979 +17.920 +16.832 +17.779
 +17.211 +17.001 +16.960 +16.976 +17.763 +17.573 +17.588 +16.718 +17.297
 +17.726 +16.919 +17.403 +16.896 +17.659 +17.241 +17.784 +17.118 +17.044
 +17.401 +17.165 +17.827 +17.157 +17.146 +16.785 +17.255 +16.783 +16.943
 +16.772 +17.117 +16.693 +16.908 +17.848 +17.741 +17.681 +17.405 +16.697
 +16.895 +17.476 +17.072 +17.737 +16.795 +16.995 +17.356 +16.848 +16.868
 +16.785 +16.844 +17.060 +17.576 +17.326 +17.329 +17.017 +17.313 +17.863
 +17.747 +16.805 +17.338 +16.731 +17.890 +17.744 +16.860 +16.701 +17.172
 +17.279 +16.729 +17.533 +17.121 +17.201 +17.880 +17.037 +17.839 +17.139
 +17.969 +17.733 +16.884 +16.914 +16.856 +16.776 +17.735 +17.656 +17.115
 +17.787 +17.064 +17.020 +17.779 +16.931 +16.664 +17.442 +16.879 +16.868
 +17.324 +17.669 +16.897 +17.280 +16.963 +16.802 +17.349 +16.715 +16.932
 +16.799 +17.917 +17.818 +17.265 +17.345 +16.739 +17.111 +16.723 +17.563
 +17.230 +17.821 +17.177 +16.642 +16.967 +17.026 +16.816 +17.247 +16.894
 +16.815 +17.772 +16.839 +16.869 +16.928 +17.797 +17.469 +17.702 +17.316
 +16.904 +17.836 +16.852 +17.036 +17.019 +17.527 +16.998 +17.513 +17.353
 +17.806 +17.515 +17.130 +18.029 +17.292 +17.726 +17.223 +16.988 +16.798
 +17.214 +17.730 +17.274 +17.236 +16.823 +16.680 +17.042 +16.883 +17.522
 +17.840 +17.129 +17.168 +17.147 +16.781 +16.881 +16.874 +16.788 +17.677
 +17.326 +17.171 +16.965 +17.082 +17.028 +17.067 +16.842 +17.673 +16.814
 +16.653 +16.986 +17.244 +17.590 +16.760]
Dual slacks:        [+0.000 +0.000 +0.000 +0.000 +0.000 +0.000 +0.000 +0.000 +0.000 +0.000
 +0.000 +0.000 +0.000 +0.000 +0.000 +0.000 +0.000 +0.000 +0.000 +0.000
 +0.000 +0.000 +0.000 +0.000 +0.000 +0.000 +0.000 +0.000 +0.000 +0.000
 +0.000 +0.000 +0.000 +0.000 +0.000 +0.000 +0.000 +0.000 +0.000 +0.000
 +0.000 +0.000 +0.000 +0.000 +0.000 +0.000 +0.000 +0.000 +0.000 +0.000
 +0.000 +0.000 +0.000 +0.000 +0.000 +0.000 +0.000 +0.000 +0.000 +0.000
 +0.000 +0.000 +0.000 +0.000 +0.000 +0.000 +0.000 +0.000 +0.000 +0.000
 +0.000 +0.000 +0.000 +0.000 +0.000 +0.000 +0.000 +0.000 +0.000 +0.000
 +0.000 +0.000 +0.000 +0.000 +0.000 +0.000 +0.000 +0.000 +0.000 +0.000
 +0.000 +0.000 +0.000 +0.000 +0.000 +0.000 +0.000 +0.000 +0.000 +0.000
 +0.000 +0.000 +0.000 +0.000 +0.000 +0.000 +0.000 +0.000 +0.000 +0.000
 +0.000 +0.000 +0.000 +0.000 +0.000 +0.000 +0.000 +0.000 +0.000 +0.000
 +0.000 +0.000 +0.000 +0.000 +2.000 +0.000 +0.000 +0.000 +0.000 +0.000
 +0.000 +0.000 +0.000 +0.000 +0.000 +0.000 +0.000 +0.000 +0.000 +0.000
 +0.000 +0.000 +0.000 +0.000 +0.000 +0.000 +0.000 +0.000 +0.000 +0.000
 +0.000 +0.000 +0.000 +0.000 +0.000 +0.000 +0.000 +0.000 +0.000 +0.000
 +0.000 +0.000 +0.000 +0.000 +0.000 +0.000 +0.000 +0.000 +0.000 +0.000
 +0.000 +0.000 +0.000 +0.000 +0.000 +0.000 +0.000 +0.000 +0.000 +0.000
 +0.000 +0.000 +0.000 +0.000 +0.000 +0.000 +0.000 +0.000 +0.000 +0.000
 +0.000 +0.000 +0.000 +0.000 +0.000 +0.000 +0.000 +0.000 +0.000 +0.000
 +0.000 +0.000 +0.000 +0.000 +0.000 +0.000 +0.000 +0.000 +0.000 +0.000
 +0.000 +0.000 +0.000 +0.000 +0.000 +0.000 +0.000 +0.000 +0.000 +0.000
 +0.000 +0.000 +0.000 +0.000 +0.000 +0.000 +0.000 +0.000 +0.000 +0.000
 +0.000 +0.000 +0.000 +0.000 +0.000 +0.000 +0.000 +0.000 +0.000 +0.000
 +0.000 +0.000 +0.000 +0.000 +0.000 +0.000 +0.000 +0.000 +0.000 +0.000
 +0.000 +0.000 +0.000 +0.000 +0.000 +0.000 +0.000 +0.000 +0.000 +0.000
 +0.000 +0.000 +0.000 +0.000 +0.000 +0.000 +0.000 +0.000 +0.000 +0.000
 +0.000 +0.000 +0.000 +0.000 +0.000 +0.000 +0.000 +0.000 +0.000 +0.000
 +0.000 +0.000 +0.000 +0.000 +0.000 +0.004 +0.000 +0.000 +0.000 +0.000
 +0.000 +0.000 +0.000 +0.000 +0.000 +0.000 +0.000 +0.000 +0.000 +0.000
 +0.000 +0.000 +0.000 +0.000 +0.000 +0.000 +0.000 +0.000 +0.000 +0.000
 +0.000 +0.000 +0.000 +0.000 +0.000 +0.000 +0.000 +0.000 +0.000 +0.000
 +0.000 +0.000 +0.000 +0.000 +0.000 +0.000 +0.000 +0.000 +0.000 +0.000
 +0.000 +0.000 +0.000 +0.000 +0.000 +0.000 +0.000 +0.000 +0.000 +0.000
 +0.000 +0.000 +0.000 +0.000 +0.000 +0.000 +0.000 +0.000 +0.000 +0.000
 +0.000 +0.000 +0.000 +0.000 +0.000 +0.000 +0.000 +0.000 +0.000 +0.000
 +0.000 +0.000 +0.000 +0.000 +0.000 +0.000 +0.000 +0.000 +0.000 +0.000
 +0.000 +0.000 +0.000 +0.000 +0.000 +0.000 +0.000 +0.000 +0.000 +0.000
 +0.000 +0.000 +0.000 +0.000 +0.000 +0.000 +0.000 +0.000 +0.000 +0.000
 +0.000 +0.000 +0.000 +0.000 +0.000 +0.000 +0.000 +0.000 +0.000 +0.000
 +0.000 +0.000 +0.000 +0.000 +0.000 +0.000 +0.000 +0.000 +0.000 +0.000
 +0.000 +0.000 +0.000 +0.000 +0.000 +0.000 +0.000 +0.000 +0.000 +0.000
 +0.000 +0.000 +0.000 +0.000 +0.000 +0.000 +0.000 +0.000 +0.000 +0.000
 +0.000 +0.000 +0.000 +0.000 +0.000 +0.000 +0.000 +0.000 +0.000 +0.000
 +0.000 +0.000 +0.000 +0.000 +0.000 +0.000 +0.000 +0.000 +0.000 +0.000
 +0.000 +0.000 +0.000 +0.000 +0.000 +0.000 +0.000 +0.000 +0.000 +0.000
 +0.000 +0.000 +0.000 +0.000 +0.000 +0.000 +0.000 +0.000 +0.000 +0.000
 +0.000 +0.000 +0.000 +0.000 +0.000 +0.000 +0.000 +0.000 +0.000 +0.000
 +0.000 +0.000 +0.000 +0.000 +0.000 +0.000 +0.000 +0.000 +0.000 +0.000
 +0.000 +0.000 +0.000 +0.000 +0.000 +0.000 +0.000 +0.000 +0.000 +0.000]
Dual variables:     [-1.643 -1.140]

Primal objective:   -5.27090311e-02
Dual objective:     -1.90040169e-02

Primal residual:    1.70e-02
Dual residual:      1.51e-05
Complementraty:     6.20e-03

Number of Iter:     6
Run time:           1.52
