
--------------- Linear optimization problem characteristics ---------------
Seed:                    74
Number of variables:     500
Number of constraints:   2

Norm of primal sol:      2.00e+00
Norm of dual sol:        2.00e+00
Norm of dual slacks:     2.00e+00

Norm of vector b:        6.47e-02
Norm of vector c:        2.24e+00

Norm of matrix A:        1.00e+00
Condition number:        2.00e+00

----------------------- Linear optimization problem -----------------------
Coeff matrix A:          [[+0.024 +0.059 +0.065 +0.023 +0.037 -0.069 +0.002 +0.053 -0.011 +0.056
 +0.020 -0.054 -0.017 -0.029 +0.014 -0.023 +0.048 -0.006 -0.063 +0.049
 -0.047 +0.009 +0.048 -0.020 -0.016 +0.003 +0.038 -0.028 +0.058 -0.047
 +0.012 +0.031 -0.018 +0.021 -0.034 -0.014 +0.059 +0.058 -0.041 -0.004
 +0.015 +0.057 +0.062 -0.033 +0.048 +0.021 +0.043 +0.023 +0.026 -0.075
 -0.026 +0.047 -0.045 +0.032 -0.068 +0.057 -0.002 -0.039 -0.059 +0.013
 +0.019 +0.032 +0.046 +0.030 +0.023 +0.061 +0.043 +0.025 -0.029 -0.038
 +0.039 +0.027 +0.024 +0.043 -0.041 -0.026 +0.011 -0.039 -0.006 -0.033
 +0.048 +0.048 -0.044 +0.049 -0.053 +0.022 +0.047 -0.038 +0.028 +0.019
 +0.006 -0.071 +0.049 +0.047 +0.028 +0.068 +0.040 -0.033 +0.017 +0.007
 +0.066 +0.016 +0.063 -0.001 -0.006 -0.061 +0.049 +0.069 -0.002 +0.058
 -0.042 +0.014 -0.014 -0.027 +0.068 +0.011 -0.020 +0.045 +0.011 -0.032
 -0.032 -0.030 +0.018 -0.072 +0.036 -0.017 -0.020 +0.027 -0.040 -0.060
 -0.001 -0.008 +0.026 +0.026 +0.010 +0.036 +0.008 +0.062 +0.045 -0.015
 -0.046 +0.003 +0.063 +0.024 +0.066 +0.009 +0.039 +0.015 +0.017 +0.024
 -0.032 +0.002 +0.033 -0.011 +0.058 -0.027 +0.033 +0.053 -0.062 -0.044
 -0.054 -0.028 -0.072 +0.030 -0.032 +0.059 -0.064 -0.042 -0.038 -0.051
 +0.040 +0.040 -0.068 -0.024 +0.023 -0.052 -0.030 +0.015 +0.060 +0.037
 +0.015 -0.024 -0.053 +0.022 -0.062 -0.016 +0.045 -0.020 -0.036 +0.018
 -0.001 -0.023 -0.034 +0.021 -0.024 +0.056 +0.018 -0.057 +0.059 +0.003
 +0.058 -0.042 +0.038 -0.019 +0.063 +0.012 +0.024 +0.010 +0.040 -0.037
 -0.046 +0.003 -0.035 +0.039 -0.033 +0.021 +0.035 -0.024 -0.063 -0.008
 -0.036 -0.047 +0.060 +0.036 -0.039 -0.059 -0.042 -0.060 -0.045 +0.003
 +0.059 +0.034 +0.063 +0.037 -0.057 -0.031 -0.031 -0.059 -0.068 -0.019
 +0.054 -0.023 +0.022 -0.023 -0.012 +0.031 -0.041 -0.041 -0.027 -0.014
 -0.029 +0.058 -0.046 -0.036 -0.007 +0.065 +0.021 -0.045 +0.011 -0.007
 -0.046 +0.010 -0.013 +0.005 +0.046 -0.044 -0.028 -0.061 -0.059 +0.013
 +0.043 +0.045 -0.045 -0.060 +0.020 +0.033 +0.030 -0.057 -0.046 -0.018
 +0.034 +0.015 -0.051 +0.025 +0.044 -0.021 +0.002 -0.030 -0.024 +0.009
 -0.041 +0.022 -0.055 +0.015 +0.012 +0.018 -0.037 +0.017 -0.019 +0.024
 +0.043 -0.067 +0.049 -0.047 +0.015 -0.003 +0.022 -0.022 +0.041 -0.062
 -0.017 -0.028 -0.049 +0.024 -0.017 -0.055 +0.057 +0.011 -0.017 -0.002
 -0.063 -0.034 -0.043 -0.009 -0.017 -0.011 +0.030 -0.058 -0.022 -0.017
 -0.025 -0.055 -0.052 +0.007 -0.022 +0.045 +0.059 -0.060 -0.044 +0.031
 -0.053 +0.036 -0.045 -0.015 -0.042 +0.005 -0.000 +0.015 +0.033 +0.033
 +0.006 +0.068 -0.055 -0.007 +0.053 +0.014 -0.066 -0.023 +0.021 +0.050
 -0.002 -0.033 -0.049 +0.043 -0.032 +0.049 -0.033 -0.008 -0.015 +0.070
 +0.001 +0.023 -0.028 -0.018 -0.047 +0.052 +0.050 -0.051 +0.015 -0.067
 +0.076 +0.047 +0.038 -0.012 -0.066 +0.023 -0.030 -0.000 +0.018 +0.025
 +0.003 +0.032 -0.027 -0.049 -0.019 +0.069 +0.009 +0.050 -0.060 +0.011
 +0.008 -0.018 +0.028 +0.055 -0.026 -0.045 +0.053 +0.015 +0.045 -0.041
 -0.049 +0.018 -0.031 +0.024 -0.055 +0.008 +0.029 +0.062 -0.017 -0.005
 +0.021 +0.053 +0.017 -0.054 +0.056 -0.022 -0.006 +0.054 +0.001 -0.017
 -0.058 -0.033 -0.035 -0.006 -0.034 +0.026 -0.044 +0.018 +0.060 +0.038
 +0.063 +0.059 -0.019 +0.052 +0.034 +0.035 +0.043 +0.039 -0.059 -0.000
 +0.033 +0.077 +0.023 +0.016 +0.044 +0.024 +0.005 -0.063 +0.022 +0.004
 +0.031 -0.025 -0.038 +0.010 +0.002 -0.013 -0.056 +0.027 +0.058 +0.026
 -0.014 -0.046 -0.064 +0.032 -0.020 +0.015 -0.024 -0.064 +0.022 -0.053
 +0.029 +0.033 -0.026 -0.027 -0.009 -0.029 -0.052 -0.008 +0.023 -0.006
 +0.059 -0.007 -0.063 -0.016 -0.011 -0.052 +0.022 +0.058 +0.033 +0.037]
                          [+0.042 -0.018 -0.027 -0.012 +0.009 +0.048 +0.029 -0.056 +0.032 -0.059
 -0.052 +0.014 -0.002 -0.023 +0.036 -0.014 -0.018 -0.026 +0.032 -0.034
 +0.053 +0.035 +0.004 +0.020 +0.049 -0.003 -0.033 +0.030 -0.026 +0.040
 -0.050 -0.005 +0.005 -0.046 +0.050 -0.010 -0.018 -0.031 -0.007 +0.005
 -0.010 -0.018 -0.059 +0.009 -0.047 +0.017 +0.021 -0.052 +0.002 +0.055
 +0.004 +0.035 +0.043 -0.046 +0.037 -0.005 -0.016 +0.045 +0.024 +0.010
 -0.013 -0.007 -0.048 +0.026 +0.030 -0.031 +0.013 +0.017 +0.017 +0.054
 +0.018 -0.038 -0.037 -0.011 +0.022 -0.003 -0.033 -0.001 -0.009 +0.023
 -0.017 +0.011 +0.045 -0.016 +0.031 -0.014 -0.008 -0.020 -0.003 -0.018
 -0.049 +0.065 -0.052 +0.035 -0.039 -0.041 +0.027 +0.010 +0.021 -0.007
 -0.058 -0.027 -0.043 -0.032 +0.007 +0.014 -0.016 -0.064 +0.002 -0.053
 +0.017 -0.015 -0.038 -0.001 -0.039 -0.004 +0.003 +0.007 +0.011 -0.007
 +0.044 -0.031 -0.035 +0.049 -0.005 +0.018 -0.016 +0.012 +0.044 +0.036
 -0.033 -0.039 -0.031 -0.055 -0.017 +0.004 -0.041 -0.018 +0.030 +0.027
 +0.042 -0.019 -0.062 -0.050 -0.041 -0.010 -0.007 -0.013 +0.037 +0.031
 +0.050 -0.007 -0.031 -0.028 -0.035 +0.027 -0.013 -0.034 +0.029 +0.041
 +0.060 +0.025 +0.052 +0.013 +0.016 -0.011 +0.026 +0.050 +0.005 +0.035
 -0.023 -0.046 +0.038 +0.004 +0.040 +0.059 +0.055 -0.010 -0.022 +0.024
 -0.016 +0.028 +0.010 +0.037 +0.052 -0.001 -0.055 -0.021 +0.025 -0.025
 -0.021 +0.004 +0.035 -0.042 +0.036 -0.026 +0.030 +0.028 -0.031 +0.003
 -0.045 +0.040 -0.009 +0.011 -0.064 -0.026 -0.027 -0.042 +0.019 +0.056
 +0.005 -0.015 +0.019 -0.010 -0.006 -0.020 +0.001 -0.036 +0.051 -0.006
 -0.031 +0.004 -0.023 +0.021 +0.038 +0.054 -0.006 +0.045 +0.048 -0.044
 -0.032 -0.045 -0.035 -0.051 +0.043 +0.043 -0.005 +0.044 +0.064 -0.023
 -0.003 +0.042 -0.021 +0.017 -0.034 -0.029 -0.038 -0.015 -0.020 +0.026
 +0.033 -0.024 +0.011 +0.017 +0.032 -0.060 +0.000 +0.050 +0.037 +0.008
 -0.011 +0.040 +0.019 -0.044 -0.004 -0.033 +0.049 +0.012 +0.057 -0.042
 +0.008 +0.014 -0.017 +0.031 +0.004 -0.030 +0.002 +0.036 -0.028 -0.036
 -0.050 +0.012 -0.011 +0.014 -0.015 +0.023 +0.019 -0.023 +0.048 +0.013
 +0.037 +0.006 +0.031 +0.026 -0.030 -0.019 +0.006 -0.019 -0.015 -0.052
 -0.008 +0.033 +0.020 -0.003 +0.045 +0.021 -0.039 +0.012 +0.000 +0.031
 -0.019 +0.023 -0.004 -0.004 +0.047 +0.008 -0.057 -0.040 +0.019 -0.039
 +0.048 -0.017 -0.003 +0.013 +0.048 -0.029 -0.023 +0.034 +0.009 -0.036
 +0.016 +0.029 +0.057 +0.028 -0.036 -0.022 -0.005 +0.031 +0.042 -0.028
 -0.018 +0.021 +0.046 +0.043 +0.038 +0.014 +0.029 -0.033 +0.039 +0.005
 -0.035 -0.050 +0.054 +0.049 -0.042 +0.029 +0.045 +0.017 -0.036 -0.026
 +0.022 +0.046 -0.011 -0.051 +0.003 -0.009 -0.022 +0.041 +0.032 -0.041
 -0.031 +0.012 -0.012 -0.009 +0.004 -0.046 -0.034 +0.009 -0.001 +0.035
 -0.062 +0.031 -0.042 -0.023 +0.055 -0.035 +0.008 +0.030 -0.048 -0.010
 +0.038 +0.007 -0.032 -0.022 +0.001 -0.058 +0.024 -0.019 +0.047 -0.029
 -0.005 +0.008 +0.023 -0.027 +0.049 +0.003 -0.044 -0.052 -0.026 +0.042
 +0.022 +0.024 +0.012 -0.038 +0.029 -0.005 -0.047 -0.034 +0.044 +0.043
 -0.047 +0.007 +0.014 +0.029 -0.003 -0.021 +0.005 +0.014 -0.004 -0.020
 +0.051 +0.056 +0.030 -0.013 -0.016 +0.004 -0.013 +0.024 -0.029 -0.040
 -0.053 -0.054 +0.000 +0.017 -0.003 -0.043 -0.024 +0.014 +0.039 +0.017
 +0.034 -0.062 +0.020 -0.015 +0.010 -0.028 -0.007 +0.031 +0.040 -0.045
 +0.002 -0.026 +0.044 -0.043 +0.004 -0.041 +0.030 -0.008 -0.007 -0.045
 +0.001 -0.010 +0.064 +0.013 +0.047 +0.030 +0.027 +0.048 -0.018 +0.016
 +0.029 -0.030 +0.000 +0.009 +0.041 -0.027 +0.042 +0.012 +0.034 +0.023
 -0.006 -0.035 +0.038 -0.011 -0.010 +0.036 -0.004 -0.004 -0.055 -0.030]]

RHS vector b:            [-0.041 +0.050]
Obj vector c:            [+0.097 +0.039 +0.031 +0.007 +0.057 +1.584 +0.049 -0.030 +0.039 -0.032
 -0.061 -0.040 -0.024 -0.070 +0.075 -0.050 +0.026 -0.049 -0.021 +0.002
 +0.031 +0.067 +0.063 +0.009 +0.061 -0.002 -0.010 +0.016 +0.026 +0.011
 -0.067 +0.027 -0.012 -0.049 +0.042 -0.032 +0.040 +0.017 -0.058 +0.004
 +0.001 +0.037 -0.024 -0.023 -0.021 +0.052 +0.084 -0.059 +0.034 +0.003
 -0.023 +0.111 +0.017 -0.038 -0.018 +0.058 -0.029 +0.027 -0.029 +0.032
 +0.000 +0.027 -0.025 +0.078 +0.075 +0.020 +0.070 +0.057 -0.006 +0.045
 +0.075 -0.029 -0.032 +0.031 -0.011 -0.036 -0.041 -0.047 -0.022 -0.002
 +0.029 +0.074 +0.022 +0.032 -0.011 +0.002 +0.042 -0.076 +0.028 -0.008
 -0.072 +0.024 -0.028 +0.112 -0.031 +0.012 +0.091 -0.022 +0.054 -0.003
 -0.016 -0.026 +0.003 -0.053 +0.004 -0.048 +0.031 -0.024 +0.000 -0.019
 -0.021 -0.009 -0.077 -0.033 +0.015 +0.007 -0.019 +0.063 +0.031 -0.047
 +0.035 -0.085 -0.036 -0.005 +0.035 +0.010 -0.050 +0.051 +0.025 -0.012
 -0.056 -0.073 -0.020 -0.059 -0.017 +0.049 -0.058 +0.042 +0.101 +0.028
 +0.015 -0.027 -0.027 -0.054 +0.010 -0.006 +0.034 -0.003 +0.080 +0.079
 +0.044 -0.009 -0.012 -0.059 +0.010 +0.012 +0.016 +0.006 -0.024 +0.016
 +0.035 +0.008 -0.000 +0.056 -0.011 +0.051 -0.032 +0.033 -0.037 -0.002
 +0.010 -0.030 -0.018 -0.022 +0.092 +0.035 +0.055 +0.000 +0.033 +0.082
 -0.009 +0.017 -0.046 +0.084 +0.012 -0.020 -0.037 -0.058 -0.001 -0.020
 -0.035 -0.020 +0.017 -0.044 +0.031 +0.022 +0.069 -0.021 +1.236 +0.010
 -0.007 +0.017 +0.029 -0.005 -0.031 -0.028 -0.016 -0.056 +0.078 +0.048
 -0.045 -0.021 -0.010 +0.029 -0.049 -0.007 +0.042 -0.086 +0.010 -0.019
 -0.093 -0.047 +0.033 +0.076 +0.017 +0.019 -0.059 +0.004 +0.025 -0.068
 +0.016 -0.033 +0.016 -0.040 +0.003 +0.034 -0.044 +0.002 +0.025 -0.060
 +0.057 +0.042 -0.008 +0.002 -0.069 -0.011 -0.109 -0.073 -0.065 +0.026
 +0.020 +0.027 -0.035 -0.014 +0.045 -0.023 +0.025 +0.029 +0.074 +0.004
 -0.070 +0.077 +0.016 -0.066 +0.047 -0.105 +0.048 -0.052 +0.025 -0.052
 +0.062 +0.076 -0.080 -0.019 +0.030 -0.011 +0.039 -0.007 -0.100 -0.080
 -0.041 +0.038 -0.077 +0.052 +0.027 +0.012 +0.033 -0.072 +0.051 +0.032
 +0.013 +0.035 -0.013 +0.060 -0.035 -0.010 -0.034 -0.011 -0.047 -0.056
 +0.038 -0.025 +0.089 -0.059 +0.090 +0.030 -0.038 -0.006 +0.049 -0.022
 -0.050 +0.005 -0.063 +0.023 +0.057 -0.051 -0.027 -0.052 +0.011 -0.066
 +0.004 -0.067 -0.055 +0.010 +0.058 -0.061 -0.003 -0.011 -0.011 -0.078
 -0.003 -0.016 +0.032 +0.054 -0.085 +0.017 +0.060 -0.020 +0.017 -0.011
 -0.090 +0.076 +0.023 +0.053 +0.013 +0.029 +0.047 -0.036 +0.102 +0.046
 -0.049 -0.003 +0.024 +0.072 -0.006 +0.063 -0.003 +0.000 -0.034 +0.015
 +0.034 +0.036 -0.074 -0.033 -0.033 +0.043 -0.074 +0.057 +0.035 +0.015
 -0.049 +0.047 -0.051 -0.036 -0.048 -0.014 +0.003 -0.046 +0.017 -0.021
 -0.013 +0.106 -0.024 -0.052 +0.012 -0.031 -0.021 +0.049 -0.056 +0.013
 +0.066 +0.048 -0.083 -0.093 -0.021 -0.014 +0.050 +0.027 +0.006 -0.035
 +0.002 -0.008 +0.069 +0.020 +0.049 -0.047 -0.010 -0.067 +0.010 +0.021
 -0.022 +0.060 -0.017 -0.034 -0.016 +0.001 -0.042 +0.016 +0.053 +0.064
 -0.052 +0.073 +0.043 -0.015 +0.060 -0.059 +0.001 +0.086 -0.005 -0.052
 +0.015 +0.053 +0.008 -0.028 -0.065 +0.036 -0.073 +0.059 +0.023 -0.022
 -0.013 -0.019 -0.022 +0.088 +0.035 -0.029 +0.011 +0.068 -0.005 +0.027
 +0.094 -0.012 +0.059 -0.006 +0.067 -0.018 -0.006 -0.024 +0.090 -0.069
 +0.040 -0.072 +0.028 -0.058 +0.008 -0.083 -0.016 +0.017 +0.055 -0.043
 -0.015 -0.070 +0.030 +0.058 +0.054 +0.067 +0.016 +0.003 -0.004 -0.035
 +0.080 -0.011 -0.030 -0.017 +0.056 -0.077 +0.009 +0.010 +0.082 +0.030
 +0.059 -0.065 -0.011 -0.037 -0.029 -0.003 +0.020 +0.061 -0.051 -0.007]

---------------------------- Optimal solution -----------------------------
Primal variables:         [+0.031 +0.122 +0.133 +0.051 +0.039 +0.000 +0.111 +0.103 +0.110 +0.018
 +0.135 +0.074 +0.012 +0.023 +0.050 +0.001 +0.111 +0.010 +0.066 +0.125
 +0.005 +0.082 +0.122 +0.126 +0.053 +0.062 +0.134 +0.000 +0.026 +0.059
 +0.093 +0.020 +0.005 +0.109 +0.082 +0.116 +0.024 +0.011 +0.076 +0.083
 +0.090 +0.103 +0.069 +0.021 +0.032 +0.034 +0.121 +0.110 +0.081 +0.152
 +0.041 +0.113 +0.058 +0.075 +0.120 +0.147 +0.103 +0.114 +0.100 +0.003
 +0.142 +0.060 +0.087 +0.009 +0.098 +0.013 +0.026 +0.031 +0.069 +0.145
 +0.000 +0.035 +0.091 +0.098 +0.018 +0.046 +0.105 +0.052 +0.108 +0.008
 +0.012 +0.145 +0.148 +0.084 +0.075 +0.016 +0.037 +0.093 +0.122 +0.080
 +0.020 +0.122 +0.065 +0.145 +0.019 +0.129 +0.064 +0.103 +0.006 +0.123
 +0.108 +0.079 +0.133 +0.137 +0.005 +0.132 +0.130 +0.076 +0.044 +0.074
 +0.063 +0.003 +0.091 +0.107 +0.056 +0.100 +0.036 +0.055 +0.109 +0.132
 +0.021 +0.044 +0.101 +0.125 +0.042 +0.110 +0.152 +0.153 +0.135 +0.054
 +0.099 +0.143 +0.114 +0.049 +0.031 +0.089 +0.079 +0.032 +0.093 +0.015
 +0.153 +0.090 +0.010 +0.020 +0.086 +0.154 +0.004 +0.092 +0.091 +0.006
 +0.099 +0.030 +0.108 +0.141 +0.128 +0.045 +0.103 +0.054 +0.042 +0.009
 +0.059 +0.104 +0.010 +0.108 +0.017 +0.039 +0.023 +0.047 +0.102 +0.092
 +0.139 +0.129 +0.113 +0.139 +0.059 +0.014 +0.011 +0.037 +0.033 +0.129
 +0.143 +0.095 +0.092 +0.106 +0.072 +0.135 +0.003 +0.034 +0.029 +0.081
 +0.130 +0.114 +0.114 +0.045 +0.033 +0.024 +0.021 +0.091 +0.000 +0.151
 +0.076 +0.119 +0.131 +0.134 +0.059 +0.062 +0.101 +0.005 +0.099 +0.110
 +0.128 +0.026 +0.107 +0.077 +0.049 +0.087 +0.145 +0.154 +0.004 +0.069
 +0.029 +0.142 +0.023 +0.128 +0.058 +0.024 +0.104 +0.058 +0.092 +0.025
 +0.023 +0.110 +0.060 +0.006 +0.048 +0.100 +0.064 +0.091 +0.129 +0.145
 +0.018 +0.006 +0.126 +0.054 +0.127 +0.070 +0.126 +0.110 +0.114 +0.083
 +0.135 +0.153 +0.092 +0.021 +0.019 +0.007 +0.136 +0.113 +0.118 +0.153
 +0.003 +0.009 +0.151 +0.057 +0.069 +0.124 +0.129 +0.112 +0.088 +0.086
 +0.019 +0.088 +0.016 +0.052 +0.071 +0.018 +0.121 +0.121 +0.008 +0.021
 +0.116 +0.142 +0.105 +0.005 +0.153 +0.124 +0.120 +0.133 +0.150 +0.080
 +0.101 +0.048 +0.135 +0.127 +0.003 +0.047 +0.139 +0.007 +0.113 +0.003
 +0.129 +0.111 +0.038 +0.027 +0.155 +0.015 +0.011 +0.102 +0.146 +0.097
 +0.146 +0.118 +0.110 +0.129 +0.106 +0.051 +0.085 +0.103 +0.088 +0.080
 +0.028 +0.142 +0.033 +0.078 +0.019 +0.150 +0.035 +0.050 +0.014 +0.065
 +0.025 +0.098 +0.022 +0.035 +0.077 +0.029 +0.090 +0.114 +0.107 +0.129
 +0.131 +0.145 +0.062 +0.086 +0.109 +0.114 +0.103 +0.077 +0.078 +0.074
 +0.026 +0.127 +0.030 +0.068 +0.077 +0.022 +0.117 +0.026 +0.083 +0.007
 +0.032 +0.004 +0.086 +0.114 +0.090 +0.041 +0.057 +0.146 +0.119 +0.081
 +0.013 +0.114 +0.144 +0.129 +0.071 +0.085 +0.065 +0.125 +0.047 +0.154
 +0.088 +0.013 +0.003 +0.046 +0.108 +0.154 +0.050 +0.048 +0.011 +0.087
 +0.049 +0.036 +0.139 +0.017 +0.068 +0.026 +0.038 +0.020 +0.092 +0.121
 +0.007 +0.089 +0.123 +0.119 +0.086 +0.078 +0.019 +0.089 +0.153 +0.047
 +0.063 +0.148 +0.070 +0.091 +0.089 +0.134 +0.129 +0.131 +0.138 +0.128
 +0.053 +0.012 +0.106 +0.058 +0.069 +0.013 +0.131 +0.141 +0.000 +0.123
 +0.116 +0.137 +0.132 +0.088 +0.044 +0.101 +0.091 +0.119 +0.144 +0.016
 +0.017 +0.033 +0.119 +0.101 +0.153 +0.100 +0.016 +0.089 +0.088 +0.057
 +0.005 +0.072 +0.049 +0.004 +0.089 +0.137 +0.052 +0.090 +0.095 +0.065
 +0.073 +0.089 +0.005 +0.043 +0.031 +0.093 +0.059 +0.076 +0.028 +0.024
 +0.009 +0.087 +0.074 +0.011 +0.066 +0.054 +0.117 +0.092 +0.064 +0.124
 +0.028 +0.097 +0.088 +0.132 +0.011 +0.070 +0.060 +0.036 +0.101 +0.006
 +0.015 +0.153 +0.001 +0.082 +0.129 +0.136 +0.062 +0.110 +0.087 +0.054]
Dual slacks:              [+0.000 +0.000 +0.000 +0.000 +0.000 +1.587 +0.000 +0.000 +0.000 +0.000
 +0.000 +0.000 +0.000 +0.000 +0.000 +0.000 +0.000 +0.000 +0.000 +0.000
 +0.000 +0.000 +0.000 +0.000 +0.000 +0.000 +0.000 +0.000 +0.000 +0.000
 +0.000 +0.000 +0.000 +0.000 +0.000 +0.000 +0.000 +0.000 +0.000 +0.000
 +0.000 +0.000 +0.000 +0.000 +0.000 +0.000 +0.000 +0.000 +0.000 +0.000
 +0.000 +0.000 +0.000 +0.000 +0.000 +0.000 +0.000 +0.000 +0.000 +0.000
 +0.000 +0.000 +0.000 +0.000 +0.000 +0.000 +0.000 +0.000 +0.000 +0.000
 +0.000 +0.000 +0.000 +0.000 +0.000 +0.000 +0.000 +0.000 +0.000 +0.000
 +0.000 +0.000 +0.000 +0.000 +0.000 +0.000 +0.000 +0.000 +0.000 +0.000
 +0.000 +0.000 +0.000 +0.000 +0.000 +0.000 +0.000 +0.000 +0.000 +0.000
 +0.000 +0.000 +0.000 +0.000 +0.000 +0.000 +0.000 +0.000 +0.000 +0.000
 +0.000 +0.000 +0.000 +0.000 +0.000 +0.000 +0.000 +0.000 +0.000 +0.000
 +0.000 +0.000 +0.000 +0.000 +0.000 +0.000 +0.000 +0.000 +0.000 +0.000
 +0.000 +0.000 +0.000 +0.000 +0.000 +0.000 +0.000 +0.000 +0.000 +0.000
 +0.000 +0.000 +0.000 +0.000 +0.000 +0.000 +0.000 +0.000 +0.000 +0.000
 +0.000 +0.000 +0.000 +0.000 +0.000 +0.000 +0.000 +0.000 +0.000 +0.000
 +0.000 +0.000 +0.000 +0.000 +0.000 +0.000 +0.000 +0.000 +0.000 +0.000
 +0.000 +0.000 +0.000 +0.000 +0.000 +0.000 +0.000 +0.000 +0.000 +0.000
 +0.000 +0.000 +0.000 +0.000 +0.000 +0.000 +0.000 +0.000 +0.000 +0.000
 +0.000 +0.000 +0.000 +0.000 +0.000 +0.000 +0.000 +0.000 +1.217 +0.000
 +0.000 +0.000 +0.000 +0.000 +0.000 +0.000 +0.000 +0.000 +0.000 +0.000
 +0.000 +0.000 +0.000 +0.000 +0.000 +0.000 +0.000 +0.000 +0.000 +0.000
 +0.000 +0.000 +0.000 +0.000 +0.000 +0.000 +0.000 +0.000 +0.000 +0.000
 +0.000 +0.000 +0.000 +0.000 +0.000 +0.000 +0.000 +0.000 +0.000 +0.000
 +0.000 +0.000 +0.000 +0.000 +0.000 +0.000 +0.000 +0.000 +0.000 +0.000
 +0.000 +0.000 +0.000 +0.000 +0.000 +0.000 +0.000 +0.000 +0.000 +0.000
 +0.000 +0.000 +0.000 +0.000 +0.000 +0.000 +0.000 +0.000 +0.000 +0.000
 +0.000 +0.000 +0.000 +0.000 +0.000 +0.000 +0.000 +0.000 +0.000 +0.000
 +0.000 +0.000 +0.000 +0.000 +0.000 +0.000 +0.000 +0.000 +0.000 +0.000
 +0.000 +0.000 +0.000 +0.000 +0.000 +0.000 +0.000 +0.000 +0.000 +0.000
 +0.000 +0.000 +0.000 +0.000 +0.000 +0.000 +0.000 +0.000 +0.000 +0.000
 +0.000 +0.000 +0.000 +0.000 +0.000 +0.000 +0.000 +0.000 +0.000 +0.000
 +0.000 +0.000 +0.000 +0.000 +0.000 +0.000 +0.000 +0.000 +0.000 +0.000
 +0.000 +0.000 +0.000 +0.000 +0.000 +0.000 +0.000 +0.000 +0.000 +0.000
 +0.000 +0.000 +0.000 +0.000 +0.000 +0.000 +0.000 +0.000 +0.000 +0.000
 +0.000 +0.000 +0.000 +0.000 +0.000 +0.000 +0.000 +0.000 +0.000 +0.000
 +0.000 +0.000 +0.000 +0.000 +0.000 +0.000 +0.000 +0.000 +0.000 +0.000
 +0.000 +0.000 +0.000 +0.000 +0.000 +0.000 +0.000 +0.000 +0.000 +0.000
 +0.000 +0.000 +0.000 +0.000 +0.000 +0.000 +0.000 +0.000 +0.000 +0.000
 +0.000 +0.000 +0.000 +0.000 +0.000 +0.000 +0.000 +0.000 +0.000 +0.000
 +0.000 +0.000 +0.000 +0.000 +0.000 +0.000 +0.000 +0.000 +0.000 +0.000
 +0.000 +0.000 +0.000 +0.000 +0.000 +0.000 +0.000 +0.000 +0.000 +0.000
 +0.000 +0.000 +0.000 +0.000 +0.000 +0.000 +0.000 +0.000 +0.000 +0.000
 +0.000 +0.000 +0.000 +0.000 +0.000 +0.000 +0.000 +0.000 +0.000 +0.000
 +0.000 +0.000 +0.000 +0.000 +0.000 +0.000 +0.000 +0.000 +0.000 +0.000
 +0.000 +0.000 +0.000 +0.000 +0.000 +0.000 +0.000 +0.000 +0.000 +0.000
 +0.000 +0.000 +0.000 +0.000 +0.000 +0.000 +0.000 +0.000 +0.000 +0.000
 +0.000 +0.000 +0.000 +0.000 +0.000 +0.000 +0.000 +0.000 +0.000 +0.000
 +0.000 +0.000 +0.000 +0.000 +0.000 +0.000 +0.000 +0.000 +0.000 +0.000
 +0.000 +0.000 +0.000 +0.000 +0.000 +0.000 +0.000 +0.000 +0.000 +0.000]
Dual variables:           [+1.162 +1.628]

Optimal objective:       +3.40444286e-02
===========================================================================

Method:                  II-QIPM
LO_Precision:            1.00e-01
Stop_Precision:          1.00e-03
LO_Verbosity:            2
Omega:                   1.00e+01

The Quantum Inexact Infeasible Interior-Point Method starts running ...


                  Objective                Residual                                Linear system           Step-length
Iter      Primal           Dual         Primal    Dual     Compl    ||Resl||  Cond-Num  ||M||   ||RHS||    a-star   a-hat      Time
   0   3.43418813e+01  0.00000000e+00  3.78e+00 5.05e+00  1.27e+03  3.78e+00  4.00e+00 1.00e+00 3.78e+00  9.89e-01 9.77e-01      0s
   1   2.20696572e+01  0.00000000e+00  9.16e-01 4.27e+00  1.09e+03  2.45e+01  3.77e+00 4.89e+01 2.45e+01  5.23e-01 1.54e-01      1s
   2   1.91580903e+01  0.00000000e+00  1.89e+00 4.14e+00  1.06e+03  3.71e+01  3.55e+00 5.96e+01 3.71e+01  4.36e-01 3.12e-02      1s
   3   1.64949108e+01  0.00000000e+00  2.90e+00 4.02e+00  1.03e+03  4.03e+01  3.49e+00 6.20e+01 4.03e+01  4.18e-01 2.75e-02      2s
   4   1.40018972e+01  0.00000000e+00  3.88e+00 3.92e+00  1.01e+03  4.33e+01  3.44e+00 6.42e+01 4.33e+01  4.01e-01 2.48e-02      2s
   5   1.16611331e+01  0.00000000e+00  4.83e+00 3.83e+00  9.91e+02  4.63e+01  3.38e+00 6.63e+01 4.63e+01  3.86e-01 2.25e-02      3s
   6   9.45451348e+00  0.00000000e+00  5.73e+00 3.76e+00  9.72e+02  4.92e+01  3.33e+00 6.82e+01 4.92e+01  3.72e-01 2.05e-02      3s
   7   7.37021684e+00  0.00000000e+00  6.59e+00 3.68e+00  9.56e+02  5.20e+01  3.27e+00 7.00e+01 5.20e+01  3.59e-01 1.88e-02      4s
   8   5.39557391e+00  0.00000000e+00  7.42e+00 3.62e+00  9.41e+02  5.48e+01  3.22e+00 7.18e+01 5.48e+01  3.47e-01 1.72e-02      5s
   9   3.52110013e+00  0.00000000e+00  8.21e+00 3.56e+00  9.28e+02  5.74e+01  3.17e+00 7.34e+01 5.74e+01  3.35e-01 1.59e-02      5s
  10   1.73817275e+00  0.00000000e+00  8.97e+00 3.51e+00  9.15e+02  6.00e+01  3.13e+00 7.50e+01 6.00e+01  3.24e-01 1.47e-02      6s
  11   3.72372257e-02  0.00000000e+00  9.69e+00 3.46e+00  9.04e+02  6.26e+01  3.08e+00 7.65e+01 6.26e+01  3.14e-01 1.36e-02      6s
  12  -1.58546324e+00  0.00000000e+00  1.04e+01 3.42e+00  8.94e+02  6.51e+01  3.03e+00 7.79e+01 6.51e+01  3.05e-01 1.27e-02      7s
  13   1.57115199e+00  3.76948899e-02  1.54e+00 5.07e-01  1.45e+02  3.77e-03  2.99e+00 7.92e+01 6.76e+01  8.96e-01 8.52e-01      7s
  14   8.29926478e+00  3.76948899e-02  2.24e+00 4.42e-01  1.28e+02  2.76e+01  3.72e+00 5.50e+02 2.76e+01  5.83e-01 1.28e-01      8s
  15   1.16015084e+01  3.76948899e-02  4.02e+00 4.20e-01  1.22e+02  3.77e+01  3.57e+00 6.47e+02 3.77e+01  5.22e-01 5.05e-02      8s
  16   1.47350648e+01  3.76948899e-02  5.70e+00 4.01e-01  1.17e+02  4.24e+01  3.49e+00 6.89e+02 4.24e+01  4.97e-01 4.38e-02      8s
  17   1.77148831e+01  3.76948899e-02  7.28e+00 3.86e-01  1.13e+02  4.70e+01  3.41e+00 7.28e+02 4.70e+01  4.74e-01 3.84e-02      9s
  18   2.05534199e+01  3.76948899e-02  8.79e+00 3.73e-01  1.10e+02  5.15e+01  3.34e+00 7.64e+02 5.15e+01  4.53e-01 3.40e-02      9s
  19   2.32569669e+01  3.76948899e-02  1.02e+01 3.62e-01  1.07e+02  5.58e+01  3.27e+00 7.98e+02 5.58e+01  4.33e-01 3.03e-02      9s
  20   2.58413116e+01  3.76948899e-02  1.16e+01 3.52e-01  1.04e+02  6.00e+01  3.20e+00 8.30e+02 6.00e+01  4.16e-01 2.73e-02     10s
  21   2.83099469e+01  3.76948899e-02  1.29e+01 3.43e-01  1.02e+02  6.41e+01  3.13e+00 8.61e+02 6.41e+01  3.99e-01 2.46e-02     10s
  22   3.06744799e+01  3.76948899e-02  1.41e+01 3.35e-01  9.99e+01  6.81e+01  3.07e+00 8.89e+02 6.81e+01  3.84e-01 2.23e-02     10s
  23   3.29395529e+01  3.76948899e-02  1.53e+01 3.29e-01  9.80e+01  7.20e+01  3.01e+00 9.16e+02 7.20e+01  3.70e-01 2.03e-02     11s
  24   5.98436641e+00  3.35385271e-02  2.76e+00 5.93e-02  1.92e+01 *1.48e-01  2.95e+00 9.41e+02 7.58e+01  8.75e-01 8.20e-01     11s
  25  -1.04263002e+00  3.35385271e-02  1.08e+00 5.30e-02  1.73e+01  3.28e+01  3.84e+00 5.33e+03 3.28e+01  5.64e-01 1.05e-01     11s
  26  -4.78325037e+00  3.35385271e-02  3.03e+00 5.05e-02  1.66e+01  4.28e+01  3.73e+00 6.09e+03 4.28e+01  5.13e-01 4.78e-02     12s
  27  -8.30692085e+00  3.35385271e-02  4.90e+00 4.84e-02  1.59e+01  4.80e+01  3.67e+00 6.47e+03 4.80e+01  4.88e-01 4.18e-02     12s
  28  -1.16370646e+01  3.35385271e-02  6.67e+00 4.66e-02  1.54e+01  5.31e+01  3.61e+00 6.82e+03 5.31e+01  4.66e-01 3.68e-02     13s
  29  -1.47881974e+01  3.35385271e-02  8.35e+00 4.51e-02  1.50e+01  5.80e+01  3.55e+00 7.15e+03 5.80e+01  4.46e-01 3.27e-02     14s
  30  -1.77727105e+01  3.35385271e-02  9.93e+00 4.38e-02  1.46e+01  6.27e+01  3.49e+00 7.46e+03 6.27e+01  4.27e-01 2.92e-02     14s
  31  -2.06063832e+01  3.35385271e-02  1.14e+01 4.26e-02  1.42e+01  6.73e+01  3.43e+00 7.76e+03 6.73e+01  4.10e-01 2.63e-02     15s
  32  -2.33019554e+01  3.35385271e-02  1.29e+01 4.16e-02  1.39e+01  7.17e+01  3.38e+00 8.03e+03 7.17e+01  3.94e-01 2.37e-02     15s
  33  -2.58719067e+01  3.35385271e-02  1.42e+01 4.07e-02  1.36e+01  7.60e+01  3.32e+00 8.29e+03 7.60e+01  3.79e-01 2.16e-02     16s
  34  -2.83208989e+01  3.35385271e-02  1.55e+01 3.99e-02  1.34e+01  8.01e+01  3.27e+00 8.54e+03 8.01e+01  3.65e-01 1.97e-02     16s
  35  -3.06656711e+01  3.35385271e-02  1.68e+01 3.92e-02  1.32e+01  8.41e+01  3.22e+00 8.78e+03 8.41e+01  3.53e-01 1.81e-02     17s
  36  -3.29059927e+01  3.35385271e-02  1.79e+01 3.85e-02  1.30e+01  8.81e+01  3.17e+00 9.00e+03 8.81e+01  3.41e-01 1.66e-02     17s
  37  -3.50552121e+01  3.35385271e-02  1.91e+01 3.79e-02  1.28e+01  9.19e+01  3.12e+00 9.21e+03 9.19e+01  3.30e-01 1.53e-02     18s
  38  -3.71174258e+01  3.35385271e-02  2.02e+01 3.74e-02  1.26e+01  9.56e+01  3.08e+00 9.42e+03 9.56e+01  3.19e-01 1.42e-02     19s
  39  -3.90967321e+01  3.35385271e-02  2.12e+01 3.69e-02  1.25e+01  9.93e+01  3.03e+00 9.61e+03 9.93e+01  3.09e-01 1.32e-02     19s
  40  -7.55036840e+00  3.40966643e-02  4.15e+00 7.22e-03  2.64e+00  1.27e-01  2.99e+00 9.80e+03 1.03e+02  8.72e-01 8.04e-01     19s
  41  -3.38127821e-01  3.40966643e-02  7.43e-01 6.25e-03  2.32e+00  2.79e+01  3.93e+00 4.95e+04 2.79e+01  6.87e-01 1.34e-01     20s
  42   5.71402950e+00  3.40966643e-02  3.84e+00 5.67e-03  2.12e+00  3.84e+01  3.85e+00 5.86e+04 3.84e+01  6.39e-01 9.37e-02     20s
  43   6.34610556e+00  3.40966643e-02  4.21e+00 5.62e-03  2.10e+00  4.72e+01  3.78e+00 6.58e+04 4.72e+01  6.02e-01 8.57e-03     21s
  44   6.34661622e+00  3.40966643e-02  4.21e+00 5.62e-03  2.10e+00  4.81e+01  3.77e+00 6.65e+04 4.81e+01  5.98e-01 6.84e-06     24s

The solution quality is limited by the precision of the linear system solver.

The algorithm stopped after 45 iterations in 23.54 seconds.

Primal variables:   [+15.408 +15.877 +15.863 +16.166 +15.996 +0.020 +16.191 +16.381 +16.268
 +16.378 +16.639 +17.034 +16.651 +17.066 +16.054 +16.998 +15.961 +16.887
 +16.827 +16.092 +16.489 +16.129 +15.933 +16.371 +16.289 +16.326 +16.252
 +16.386 +15.910 +16.508 +16.607 +16.039 +16.521 +16.697 +16.411 +16.736
 +15.873 +15.949 +17.178 +16.320 +16.249 +15.888 +16.280 +16.714 +16.319
 +16.085 +15.831 +16.647 +16.057 +16.705 +16.681 +14.287 +16.486 +16.561
 +16.827 +15.883 +16.639 +16.438 +16.910 +16.128 +16.236 +16.033 +16.368
 +15.958 +16.008 +15.918 +15.948 +16.059 +16.517 +16.438 +15.940 +16.504
 +16.555 +15.969 +16.618 +16.838 +16.712 +17.052 +16.572 +16.506 +15.948
 +15.904 +16.467 +15.936 +16.680 +16.204 +15.937 +17.066 +16.056 +16.311
 +16.520 +16.641 +16.383 +14.155 +16.521 +15.931 +15.667 +16.697 +16.107
 +16.323 +16.186 +16.512 +16.021 +16.874 +16.325 +17.183 +15.939 +16.244
 +16.335 +16.253 +16.727 +16.341 +16.657 +16.805 +15.915 +16.222 +16.601
 +15.950 +16.138 +17.018 +16.394 +16.505 +16.624 +16.733 +15.998 +16.348
 +16.974 +16.048 +16.446 +16.721 +16.882 +16.717 +16.405 +16.610 +16.442
 +15.995 +16.803 +15.858 +15.238 +16.289 +16.491 +16.595 +16.294 +16.671
 +15.953 +16.331 +15.984 +16.283 +15.973 +15.969 +16.399 +16.394 +16.292
 +16.966 +15.986 +16.396 +16.069 +16.045 +16.864 +16.477 +16.535 +16.419
 +16.706 +16.034 +16.575 +15.872 +16.976 +16.454 +16.912 +16.594 +16.070
 +16.445 +16.825 +16.649 +15.620 +16.525 +16.386 +16.254 +15.881 +15.874
 +16.337 +16.360 +17.120 +15.875 +16.598 +16.598 +16.482 +17.038 +16.517
 +16.446 +16.707 +16.621 +16.416 +16.681 +16.342 +15.935 +16.079 +16.802
 +0.024 +16.246 +16.129 +16.462 +15.998 +16.453 +16.337 +16.568 +16.372
 +16.787 +15.911 +16.434 +17.069 +16.519 +16.576 +15.992 +17.043 +16.289
 +16.002 +16.312 +16.608 +16.542 +15.878 +17.098 +15.879 +15.950 +16.447
 +16.564 +17.200 +16.610 +16.476 +16.724 +15.947 +16.513 +15.931 +16.552
 +16.602 +16.388 +16.967 +16.620 +16.625 +17.034 +15.904 +16.342 +16.298
 +16.428 +16.894 +16.283 +12.207 +17.171 +17.097 +16.287 +16.384 +15.908
 +16.930 +16.621 +16.243 +16.260 +16.096 +16.474 +16.069 +16.333 +17.239
 +16.042 +16.302 +16.748 +15.944 +13.763 +16.375 +17.237 +16.561 +16.764
 +15.963 +15.906 +17.063 +16.797 +16.090 +16.276 +16.027 +16.669 +15.131
 +16.597 +16.574 +16.113 +17.218 +16.059 +15.975 +16.364 +16.191 +17.057
 +16.350 +16.150 +16.473 +16.076 +16.709 +16.117 +16.648 +16.339 +16.862
 +16.353 +16.937 +16.659 +15.958 +16.896 +15.722 +17.229 +15.689 +16.219
 +16.625 +16.483 +15.968 +16.831 +16.962 +16.431 +17.270 +16.086 +16.307
 +17.195 +16.329 +16.779 +16.347 +16.831 +16.632 +17.147 +17.171 +16.306
 +16.306 +16.966 +16.211 +16.704 +16.520 +16.681 +16.474 +16.733 +16.519
 +16.166 +16.363 +16.009 +15.875 +16.807 +16.479 +16.284 +16.650 +15.947
 +16.475 +16.296 +16.474 +16.173 +16.205 +16.636 +15.057 +16.013 +16.808
 +16.054 +16.535 +16.175 +16.145 +16.119 +16.685 +16.435 +16.586 +15.995
 +16.209 +16.403 +17.238 +16.464 +16.838 +15.923 +17.053 +16.254 +16.290
 +15.908 +16.845 +16.068 +17.035 +16.799 +17.112 +16.221 +16.072 +17.100
 +16.152 +16.844 +16.108 +14.869 +16.402 +16.944 +16.624 +16.549 +16.672
 +16.207 +16.712 +16.123 +16.168 +16.020 +16.592 +16.284 +16.616 +16.150
 +16.150 +15.942 +16.604 +16.651 +16.277 +16.477 +16.025 +15.948 +16.366
 +17.094 +16.182 +16.580 +16.049 +16.451 +16.771 +16.099 +16.631 +16.568
 +16.742 +16.285 +16.613 +15.937 +16.308 +16.220 +16.700 +15.888 +16.099
 +16.717 +15.892 +17.052 +16.348 +15.762 +16.361 +16.973 +16.566 +16.409
 +16.452 +16.647 +17.153 +16.054 +17.197 +16.101 +15.909 +16.377 +16.171
 +16.244 +16.625 +15.736 +16.010 +16.459 +16.049 +15.975 +16.665 +16.207
 +15.575 +16.095 +16.069 +16.301 +15.952 +16.393 +16.354 +16.862 +15.713
 +16.666 +16.022 +17.006 +16.428 +16.784 +16.268 +16.307 +16.743 +16.093
 +15.881 +16.633 +16.526 +17.252 +16.599 +16.025 +16.326 +16.099 +16.368
 +16.645 +16.258 +16.963 +15.930 +16.280 +16.771 +16.612 +16.259 +16.912
 +16.544 +16.303 +15.914 +16.237 +15.873 +16.896 +16.726 +16.805 +16.678
 +16.609 +16.103 +15.879 +16.600 +16.221]
Dual slacks:        [+0.000 +0.000 +0.000 +0.000 +0.000 +1.587 +0.000 +0.000 +0.000 +0.000
 +0.000 +0.000 +0.000 +0.000 +0.000 +0.000 +0.000 +0.000 +0.000 +0.000
 +0.000 +0.000 +0.000 +0.000 +0.000 +0.000 +0.000 +0.000 +0.000 +0.000
 +0.000 +0.000 +0.000 +0.000 +0.000 +0.000 +0.000 +0.000 +0.000 +0.000
 +0.000 +0.000 +0.000 +0.000 +0.000 +0.000 +0.000 +0.000 +0.000 +0.000
 +0.000 +0.000 +0.000 +0.000 +0.000 +0.000 +0.000 +0.000 +0.000 +0.000
 +0.000 +0.000 +0.000 +0.000 +0.000 +0.000 +0.000 +0.000 +0.000 +0.000
 +0.000 +0.000 +0.000 +0.000 +0.000 +0.000 +0.000 +0.000 +0.000 +0.000
 +0.000 +0.000 +0.000 +0.000 +0.000 +0.000 +0.000 +0.000 +0.000 +0.000
 +0.000 +0.000 +0.000 +0.000 +0.000 +0.000 +0.000 +0.000 +0.000 +0.000
 +0.000 +0.000 +0.000 +0.000 +0.000 +0.000 +0.000 +0.000 +0.000 +0.000
 +0.000 +0.000 +0.000 +0.000 +0.000 +0.000 +0.000 +0.000 +0.000 +0.000
 +0.000 +0.000 +0.000 +0.000 +0.000 +0.000 +0.000 +0.000 +0.000 +0.000
 +0.000 +0.000 +0.000 +0.000 +0.000 +0.000 +0.000 +0.000 +0.000 +0.000
 +0.000 +0.000 +0.000 +0.000 +0.000 +0.000 +0.000 +0.000 +0.000 +0.000
 +0.000 +0.000 +0.000 +0.000 +0.000 +0.000 +0.000 +0.000 +0.000 +0.000
 +0.000 +0.000 +0.000 +0.000 +0.000 +0.000 +0.000 +0.000 +0.000 +0.000
 +0.000 +0.000 +0.000 +0.000 +0.000 +0.000 +0.000 +0.000 +0.000 +0.000
 +0.000 +0.000 +0.000 +0.000 +0.000 +0.000 +0.000 +0.000 +0.000 +0.000
 +0.000 +0.000 +0.000 +0.000 +0.000 +0.000 +0.000 +0.000 +1.218 +0.000
 +0.000 +0.000 +0.000 +0.000 +0.000 +0.000 +0.000 +0.000 +0.000 +0.000
 +0.000 +0.000 +0.000 +0.000 +0.000 +0.000 +0.000 +0.000 +0.000 +0.000
 +0.000 +0.000 +0.000 +0.000 +0.000 +0.000 +0.000 +0.000 +0.000 +0.000
 +0.000 +0.000 +0.000 +0.000 +0.000 +0.000 +0.000 +0.000 +0.000 +0.000
 +0.000 +0.000 +0.000 +0.000 +0.000 +0.000 +0.000 +0.000 +0.000 +0.000
 +0.000 +0.000 +0.000 +0.000 +0.000 +0.000 +0.000 +0.000 +0.000 +0.000
 +0.000 +0.000 +0.000 +0.000 +0.000 +0.000 +0.000 +0.000 +0.000 +0.000
 +0.000 +0.000 +0.000 +0.000 +0.000 +0.000 +0.000 +0.000 +0.000 +0.000
 +0.000 +0.000 +0.000 +0.000 +0.000 +0.000 +0.000 +0.000 +0.000 +0.000
 +0.000 +0.000 +0.000 +0.000 +0.000 +0.000 +0.000 +0.000 +0.000 +0.000
 +0.000 +0.000 +0.000 +0.000 +0.000 +0.000 +0.000 +0.000 +0.000 +0.000
 +0.000 +0.000 +0.000 +0.000 +0.000 +0.000 +0.000 +0.000 +0.000 +0.000
 +0.000 +0.000 +0.000 +0.000 +0.000 +0.000 +0.000 +0.000 +0.000 +0.000
 +0.000 +0.000 +0.000 +0.000 +0.000 +0.000 +0.000 +0.000 +0.000 +0.000
 +0.000 +0.000 +0.000 +0.000 +0.000 +0.000 +0.000 +0.000 +0.000 +0.000
 +0.000 +0.000 +0.000 +0.000 +0.000 +0.000 +0.000 +0.000 +0.000 +0.000
 +0.000 +0.000 +0.000 +0.000 +0.000 +0.000 +0.000 +0.000 +0.000 +0.000
 +0.000 +0.000 +0.000 +0.000 +0.000 +0.000 +0.000 +0.000 +0.000 +0.000
 +0.000 +0.000 +0.000 +0.000 +0.000 +0.000 +0.000 +0.000 +0.000 +0.000
 +0.000 +0.000 +0.000 +0.000 +0.000 +0.000 +0.000 +0.000 +0.000 +0.000
 +0.000 +0.000 +0.000 +0.000 +0.000 +0.000 +0.000 +0.000 +0.000 +0.000
 +0.000 +0.000 +0.000 +0.000 +0.000 +0.000 +0.000 +0.000 +0.000 +0.000
 +0.000 +0.000 +0.000 +0.000 +0.000 +0.000 +0.000 +0.000 +0.000 +0.000
 +0.000 +0.000 +0.000 +0.000 +0.000 +0.000 +0.000 +0.000 +0.000 +0.000
 +0.000 +0.000 +0.000 +0.000 +0.000 +0.000 +0.000 +0.000 +0.000 +0.000
 +0.000 +0.000 +0.000 +0.000 +0.000 +0.000 +0.000 +0.000 +0.000 +0.000
 +0.000 +0.000 +0.000 +0.000 +0.000 +0.000 +0.000 +0.000 +0.000 +0.000
 +0.000 +0.000 +0.000 +0.000 +0.000 +0.000 +0.000 +0.000 +0.000 +0.000
 +0.000 +0.000 +0.000 +0.000 +0.000 +0.000 +0.000 +0.000 +0.000 +0.000
 +0.000 +0.000 +0.000 +0.000 +0.000 +0.000 +0.000 +0.000 +0.000 +0.000]
Dual variables:     [+1.163 +1.630]

Primal objective:   6.34661622e+00 
Dual objective:     3.40966643e-02 

Primal residual:    4.21e+00
Dual residual:      5.62e-03
Complementraty:     2.10e+00

Number of Iter:     45
Run time:           23.54
