
--------------- Linear optimization problem characteristics ---------------
Seed:                    2
Number of variables:     200
Number of constraints:   2

Norm of primal sol:      2.00e+00
Norm of dual sol:        2.00e+00
Norm of dual slacks:     2.00e+00

Norm of vector b:        9.17e-02
Norm of vector c:        2.46e+00

Norm of matrix A:        1.00e+00
Condition number:        2.00e+00

----------------------- Linear optimization problem -----------------------
Coeff matrix A:          [[+0.018 +0.088 -0.034 +0.036 -0.016 +0.057 -0.007 -0.047 -0.108 +0.069
 +0.068 +0.083 -0.070 -0.064 +0.032 +0.045 -0.034 +0.030 -0.060 -0.055
 +0.096 +0.025 -0.028 +0.040 -0.076 -0.001 +0.024 +0.007 +0.063 -0.059
 -0.026 +0.011 +0.054 +0.022 +0.057 +0.084 +0.021 -0.094 -0.077 -0.030
 +0.064 -0.110 -0.005 +0.037 -0.029 -0.032 +0.006 +0.056 +0.086 -0.055
 -0.068 -0.055 +0.007 +0.079 +0.023 +0.001 -0.051 -0.098 -0.056 +0.000
 -0.107 +0.045 -0.078 -0.057 -0.063 +0.070 -0.059 -0.030 +0.027 +0.037
 +0.077 -0.004 +0.100 +0.006 +0.041 +0.092 -0.041 -0.048 -0.075 +0.093
 +0.086 +0.034 +0.062 -0.089 -0.031 +0.014 -0.083 +0.057 -0.071 -0.007
 -0.043 -0.034 -0.058 +0.096 +0.046 -0.062 +0.019 -0.084 +0.051 -0.042
 +0.109 +0.031 +0.039 +0.006 -0.004 +0.029 -0.040 +0.050 +0.077 -0.022
 -0.108 +0.034 -0.041 -0.101 -0.052 -0.016 +0.064 -0.049 -0.106 -0.001
 +0.082 -0.098 -0.110 -0.068 -0.035 +0.055 -0.010 -0.088 -0.101 -0.011
 -0.047 +0.055 -0.017 +0.086 -0.100 -0.024 +0.025 +0.012 +0.008 +0.007
 +0.040 -0.088 -0.006 +0.044 -0.050 +0.076 +0.068 +0.027 +0.058 -0.022
 +0.009 -0.109 +0.042 -0.044 +0.007 -0.013 -0.003 +0.025 +0.061 +0.055
 +0.112 +0.106 -0.091 -0.009 -0.051 -0.022 -0.073 +0.040 -0.043 -0.006
 +0.004 -0.017 +0.041 +0.045 -0.039 -0.085 -0.054 -0.057 -0.102 -0.039
 -0.062 -0.078 +0.085 -0.029 -0.079 -0.066 +0.067 -0.003 +0.018 -0.106
 -0.079 -0.020 -0.016 -0.041 +0.073 +0.049 -0.015 +0.031 +0.002 +0.070]
                          [-0.040 -0.061 -0.013 -0.044 +0.041 -0.091 +0.014 -0.042 +0.087 +0.030
 -0.070 -0.024 +0.079 -0.022 +0.023 -0.026 -0.036 -0.016 +0.024 +0.009
 -0.084 -0.038 +0.034 +0.032 +0.010 -0.003 +0.054 -0.049 +0.001 +0.043
 -0.033 -0.018 -0.013 +0.009 -0.033 -0.086 +0.028 +0.100 +0.091 +0.035
 -0.014 +0.098 +0.010 -0.051 -0.040 +0.083 +0.011 -0.043 -0.053 +0.011
 +0.014 +0.071 -0.034 +0.029 +0.047 +0.020 -0.016 +0.087 +0.054 -0.061
 +0.106 -0.079 -0.002 +0.078 +0.037 +0.049 +0.068 +0.009 -0.007 -0.027
 -0.076 -0.073 -0.042 -0.042 -0.074 -0.030 -0.036 -0.036 +0.055 -0.028
 -0.076 -0.045 +0.048 +0.097 +0.032 -0.036 +0.053 +0.018 +0.052 -0.037
 +0.061 -0.069 -0.028 -0.102 +0.029 +0.057 -0.049 +0.024 +0.006 -0.061
 -0.108 -0.088 -0.072 +0.074 -0.012 +0.016 +0.087 +0.024 +0.008 -0.008
 +0.091 -0.027 +0.065 +0.106 +0.060 -0.071 -0.035 +0.013 +0.092 -0.071
 -0.025 +0.051 +0.084 +0.006 -0.006 -0.058 -0.003 +0.081 +0.062 +0.043
 +0.013 +0.011 -0.052 -0.017 +0.058 -0.062 -0.007 -0.077 -0.048 -0.023
 +0.045 +0.084 -0.079 -0.026 +0.076 -0.007 +0.022 +0.007 -0.027 +0.011
 +0.071 +0.090 +0.015 +0.012 -0.067 +0.071 -0.056 -0.059 -0.081 -0.056
 -0.107 -0.093 +0.038 -0.046 +0.033 -0.057 +0.028 -0.083 -0.057 +0.068
 +0.027 -0.047 +0.058 +0.019 +0.000 +0.035 +0.056 +0.081 +0.058 -0.036
 -0.061 +0.010 -0.048 +0.087 +0.042 +0.053 -0.067 +0.040 -0.039 +0.075
 +0.054 -0.041 -0.045 -0.017 +0.016 +0.005 +0.008 -0.071 -0.042 +0.010]]

RHS vector b:            [-0.079 -0.047]
Obj vector c:            [-0.072 -0.084 -0.040 -0.073 +0.075 -0.157 +1.164 -0.101 +0.129 +0.085
 -0.110 -0.014 +0.127 -0.068 +0.058 -0.034 -0.085 -0.020 +0.023 -0.005
 -0.127 -0.065 +0.055 +0.078 -0.010 -0.006 +0.115 -0.092 +0.026 +0.062
 -0.075 -0.031 -0.004 +0.026 -0.042 -0.136 +0.064 +0.160 +0.148 +0.056
 -0.003 +0.148 +0.018 -0.085 -0.090 +0.151 +0.024 -0.063 -0.070 +0.000
 +0.000 +0.118 -0.064 +0.087 +0.101 +0.039 -0.051 +0.133 +0.085 -0.119
 +0.165 -0.138 -0.034 +0.130 +0.047 +0.124 +0.111 +0.005 -0.003 -0.038
 -0.120 -0.145 -0.043 -0.081 -0.129 -0.023 -0.087 -0.089 +0.078 -0.017
 -0.115 -0.076 +0.119 +0.155 +0.050 -0.065 +0.071 +0.059 +0.074 -0.075
 +0.103 -0.148 -0.078 -0.163 +0.076 +0.088 -0.089 +0.014 +0.032 -0.137
 -0.169 -0.161 -0.125 +0.147 -0.025 +0.042 +0.154 +0.067 +0.046 -0.023
 +0.137 -0.040 +0.111 +0.168 +0.097 -0.146 -0.043 +0.007 +0.140 -0.139
 -0.016 +0.061 +0.121 -0.015 -0.025 -0.093 -0.011 +0.125 +1.726 +0.080
 +0.007 +0.043 -0.109 -0.000 +0.074 -0.132 -0.003 -0.147 -0.092 -0.042
 +0.104 +0.130 -0.157 -0.034 +0.130 +0.017 +0.069 +0.024 -0.031 +0.013
 +0.143 +0.134 +0.045 +0.007 -0.128 +0.133 -0.111 -0.105 -0.135 -0.088
 -0.166 -0.140 +0.039 -0.094 +0.044 -0.121 +0.026 -0.147 -0.129 +0.131
 +0.055 -0.100 +0.129 +0.055 -0.015 +0.034 +0.089 +0.137 +0.073 -0.086
 -0.145 -0.012 -0.060 +0.160 +0.051 +0.078 -0.105 +0.078 -0.069 +0.106
 +0.075 -0.088 -0.094 -0.050 +0.059 +0.029 +0.010 -0.127 -0.081 +0.047]

---------------------------- Optimal solution -----------------------------
Primal variables:         [+0.114 +0.007 +0.144 +0.114 +0.110 +0.086 +0.000 +0.162 +0.078 +0.070
 +0.162 +0.138 +0.035 +0.134 +0.048 +0.205 +0.223 +0.129 +0.221 +0.021
 +0.132 +0.017 +0.112 +0.025 +0.033 +0.156 +0.059 +0.028 +0.058 +0.091
 +0.122 +0.053 +0.167 +0.126 +0.132 +0.101 +0.207 +0.151 +0.042 +0.183
 +0.252 +0.131 +0.232 +0.089 +0.148 +0.112 +0.114 +0.203 +0.140 +0.249
 +0.142 +0.021 +0.096 +0.222 +0.106 +0.007 +0.065 +0.018 +0.260 +0.254
 +0.209 +0.157 +0.200 +0.044 +0.077 +0.137 +0.093 +0.012 +0.257 +0.115
 +0.132 +0.085 +0.068 +0.101 +0.217 +0.192 +0.099 +0.003 +0.208 +0.070
 +0.152 +0.007 +0.173 +0.101 +0.130 +0.108 +0.092 +0.144 +0.254 +0.029
 +0.082 +0.011 +0.193 +0.172 +0.056 +0.109 +0.168 +0.173 +0.045 +0.230
 +0.203 +0.035 +0.227 +0.196 +0.209 +0.142 +0.058 +0.240 +0.155 +0.090
 +0.069 +0.239 +0.110 +0.141 +0.159 +0.216 +0.163 +0.046 +0.154 +0.128
 +0.143 +0.183 +0.064 +0.049 +0.029 +0.072 +0.003 +0.164 +0.000 +0.049
 +0.025 +0.074 +0.056 +0.075 +0.123 +0.144 +0.221 +0.258 +0.013 +0.061
 +0.168 +0.042 +0.227 +0.057 +0.194 +0.171 +0.209 +0.008 +0.060 +0.184
 +0.023 +0.008 +0.093 +0.154 +0.014 +0.017 +0.011 +0.103 +0.175 +0.052
 +0.229 +0.113 +0.162 +0.076 +0.161 +0.249 +0.117 +0.054 +0.111 +0.116
 +0.133 +0.137 +0.011 +0.043 +0.118 +0.185 +0.203 +0.203 +0.131 +0.250
 +0.087 +0.126 +0.195 +0.224 +0.108 +0.222 +0.116 +0.187 +0.002 +0.007
 +0.246 +0.027 +0.173 +0.074 +0.052 +0.101 +0.242 +0.149 +0.239 +0.183]
Dual slacks:              [+0.000 +0.000 +0.000 +0.000 +0.000 +0.000 +1.140 +0.000 +0.000 +0.000
 +0.000 +0.000 +0.000 +0.000 +0.000 +0.000 +0.000 +0.000 +0.000 +0.000
 +0.000 +0.000 +0.000 +0.000 +0.000 +0.000 +0.000 +0.000 +0.000 +0.000
 +0.000 +0.000 +0.000 +0.000 +0.000 +0.000 +0.000 +0.000 +0.000 +0.000
 +0.000 +0.000 +0.000 +0.000 +0.000 +0.000 +0.000 +0.000 +0.000 +0.000
 +0.000 +0.000 +0.000 +0.000 +0.000 +0.000 +0.000 +0.000 +0.000 +0.000
 +0.000 +0.000 +0.000 +0.000 +0.000 +0.000 +0.000 +0.000 +0.000 +0.000
 +0.000 +0.000 +0.000 +0.000 +0.000 +0.000 +0.000 +0.000 +0.000 +0.000
 +0.000 +0.000 +0.000 +0.000 +0.000 +0.000 +0.000 +0.000 +0.000 +0.000
 +0.000 +0.000 +0.000 +0.000 +0.000 +0.000 +0.000 +0.000 +0.000 +0.000
 +0.000 +0.000 +0.000 +0.000 +0.000 +0.000 +0.000 +0.000 +0.000 +0.000
 +0.000 +0.000 +0.000 +0.000 +0.000 +0.000 +0.000 +0.000 +0.000 +0.000
 +0.000 +0.000 +0.000 +0.000 +0.000 +0.000 +0.000 +0.000 +1.644 +0.000
 +0.000 +0.000 +0.000 +0.000 +0.000 +0.000 +0.000 +0.000 +0.000 +0.000
 +0.000 +0.000 +0.000 +0.000 +0.000 +0.000 +0.000 +0.000 +0.000 +0.000
 +0.000 +0.000 +0.000 +0.000 +0.000 +0.000 +0.000 +0.000 +0.000 +0.000
 +0.000 +0.000 +0.000 +0.000 +0.000 +0.000 +0.000 +0.000 +0.000 +0.000
 +0.000 +0.000 +0.000 +0.000 +0.000 +0.000 +0.000 +0.000 +0.000 +0.000
 +0.000 +0.000 +0.000 +0.000 +0.000 +0.000 +0.000 +0.000 +0.000 +0.000
 +0.000 +0.000 +0.000 +0.000 +0.000 +0.000 +0.000 +0.000 +0.000 +0.000]
Dual variables:           [+0.392 +1.961]

Optimal objective:       -1.23436519e-01
===========================================================================

Method:                  II-QIPM
LO_Precision:            1.00e-01
Stop_Precision:          1.00e-03
LO_Verbosity:            2
Omega:                   1.00e+01

The Quantum Inexact Infeasible Interior-Point Method starts running ...


                  Objective                Residual                                Linear system           Step-length
Iter      Primal           Dual         Primal    Dual     Compl    ||Resl||  Cond-Num  ||M||   ||RHS||    a-star   a-hat      Time
   0   2.45986111e+01 -1.81577246e+00  2.87e+00 4.03e+01  6.12e+03  4.78e-15  4.00e+00 1.00e+00 1.04e+01  8.17e-01 7.15e-01      0s
   1   2.45650876e+01 -1.81577246e+00  1.00e+00 3.83e+01  5.84e+03  3.48e+01  3.43e+00 3.85e+00 3.48e+01  4.43e-01 4.99e-02      1s
   2   2.45871303e+01 -1.81577246e+00  1.52e-01 3.72e+01  5.70e+03  4.04e+01  3.34e+00 4.15e+00 4.04e+01  4.13e-01 2.70e-02      1s
   3   2.46312721e+01 -1.81577246e+00  1.19e+00 3.63e+01  5.58e+03  4.39e+01  3.29e+00 4.32e+00 4.39e+01  3.97e-01 2.43e-02      1s
   4   2.46942988e+01 -1.81577246e+00  2.21e+00 3.55e+01  5.46e+03  4.73e+01  3.24e+00 4.48e+00 4.73e+01  3.82e-01 2.21e-02      2s
   5   2.47735129e+01 -1.81577246e+00  3.18e+00 3.48e+01  5.36e+03  5.06e+01  3.20e+00 4.65e+00 5.06e+01  3.68e-01 2.01e-02      2s
   6   2.48666642e+01 -1.81577246e+00  4.11e+00 3.42e+01  5.28e+03  5.38e+01  3.15e+00 4.80e+00 5.38e+01  3.55e-01 1.84e-02      2s
   7   2.49717852e+01 -1.81577246e+00  5.01e+00 3.36e+01  5.19e+03  5.70e+01  3.11e+00 4.95e+00 5.70e+01  3.43e-01 1.69e-02      2s
   8   2.50871964e+01 -1.81577246e+00  5.87e+00 3.31e+01  5.12e+03  6.02e+01  3.07e+00 5.10e+00 6.02e+01  3.32e-01 1.56e-02      3s
   9   2.52117208e+01 -1.81577246e+00  6.70e+00 3.26e+01  5.05e+03  6.32e+01  3.03e+00 5.24e+00 6.32e+01  3.21e-01 1.45e-02      3s
  10   1.79859525e+01 -2.02654188e-02  7.06e-01 3.42e+00  5.92e+02 *5.21e-02  2.99e+00 5.38e+00 6.63e+01  9.32e-01 8.95e-01      3s
  11   2.39441859e+00 -1.28884302e-01  2.87e-01 1.38e-01  2.85e+01  3.01e-01  4.08e+00 5.21e+01 3.06e+01  9.73e-01 9.60e-01      4s
  12   2.34496053e+00 -1.28884302e-01  5.61e+00 1.23e-01  2.55e+01  4.87e+01  3.46e+00 1.39e+03 4.87e+01  4.81e-01 1.15e-01      4s
  13   2.42131360e+00 -1.28884302e-01  7.28e+00 1.19e-01  2.49e+01  6.67e+01  3.32e+00 1.67e+03 6.67e+01  4.14e-01 2.75e-02      4s
  14   2.51651775e+00 -1.28884302e-01  8.87e+00 1.16e-01  2.43e+01  7.22e+01  3.28e+00 1.75e+03 7.22e+01  3.97e-01 2.45e-02      4s
  15   2.62827690e+00 -1.28884302e-01  1.04e+01 1.14e-01  2.38e+01  7.75e+01  3.25e+00 1.83e+03 7.75e+01  3.82e-01 2.22e-02      5s
  16   2.75446633e+00 -1.28884302e-01  1.19e+01 1.11e-01  2.34e+01  8.27e+01  3.21e+00 1.91e+03 8.27e+01  3.68e-01 2.03e-02      5s
  17   2.89281980e+00 -1.28884302e-01  1.33e+01 1.09e-01  2.30e+01  8.78e+01  3.18e+00 1.99e+03 8.78e+01  3.55e-01 1.85e-02      5s
  18   3.04202018e+00 -1.28884302e-01  1.46e+01 1.07e-01  2.27e+01  9.29e+01  3.15e+00 2.06e+03 9.29e+01  3.43e-01 1.70e-02      6s
  19   3.20036648e+00 -1.28884302e-01  1.59e+01 1.06e-01  2.23e+01  9.79e+01  3.12e+00 2.13e+03 9.79e+01  3.31e-01 1.57e-02      6s
  20   3.36696380e+00 -1.28884302e-01  1.72e+01 1.04e-01  2.20e+01  1.03e+02  3.09e+00 2.20e+03 1.03e+02  3.21e-01 1.45e-02      6s
  21   3.54084267e+00 -1.28884302e-01  1.84e+01 1.03e-01  2.18e+01  1.08e+02  3.06e+00 2.28e+03 1.08e+02  3.11e-01 1.34e-02      6s
  22   3.72083865e+00 -1.28884302e-01  1.96e+01 1.02e-01  2.15e+01  1.13e+02  3.03e+00 2.35e+03 1.13e+02  3.01e-01 1.25e-02      7s
  23   3.90643011e+00 -1.28884302e-01  2.07e+01 1.00e-01  2.13e+01  1.17e+02  3.01e+00 2.41e+03 1.17e+02  2.92e-01 1.17e-02      7s
  24   1.89889115e-01 -1.23071805e-01  3.28e+00 1.58e-02  3.66e+00 *2.09e-01  2.99e+00 2.48e+03 1.22e+02  9.02e-01 8.42e-01      7s
  25  -1.58634271e+00 -1.23400320e-01  7.63e-01 1.50e-03  3.82e-01  8.50e-01  4.28e+00 1.42e+04 4.10e+01  9.79e-01 9.05e-01      7s
  26  -1.58734651e+00 -1.23400320e-01  7.63e-01 1.50e-03  3.82e-01  2.17e+01  3.86e+00 1.53e+05 2.17e+01  6.75e-01 4.73e-05      9s

The solution quality is limited by the precision of the linear system solver.

The algorithm stopped after 27 iterations in 8.64 seconds.

Primal variables:   [+16.142 +18.295 +15.009 +16.709 +16.581 +16.483 +0.020 +14.311 +14.658
 +18.834 +17.413 +18.738 +15.440 +14.237 +18.215 +17.494 +14.664 +17.100
 +14.889 +14.800 +18.042 +16.428 +15.979 +18.814 +14.370 +16.203 +18.717
 +15.604 +18.878 +15.190 +14.927 +16.343 +18.229 +17.385 +17.829 +17.605
 +17.859 +15.122 +15.443 +15.918 +18.575 +14.733 +16.325 +16.594 +14.747
 +16.878 +16.776 +17.528 +18.393 +14.839 +14.575 +15.771 +15.879 +17.066
 +18.458 +16.754 +14.556 +14.863 +15.460 +15.201 +14.895 +16.287 +14.206
 +15.820 +14.995 +17.298 +15.583 +15.454 +17.203 +17.162 +17.597 +14.884
 +18.214 +15.669 +16.264 +18.518 +14.510 +14.365 +14.956 +18.369 +17.925
 +16.596 +18.883 +15.195 +15.847 +16.090 +14.746 +19.086 +15.005 +15.385
 +15.974 +14.255 +14.271 +17.679 +18.982 +15.333 +15.976 +14.386 +18.601
 +14.180 +17.897 +15.626 +16.231 +18.384 +15.919 +17.874 +16.611 +18.989
 +18.751 +15.417 +14.700 +17.004 +16.128 +15.030 +15.681 +14.609 +18.089
 +15.012 +14.756 +15.007 +18.738 +14.426 +14.577 +14.489 +15.099 +17.140
 +15.887 +15.006 +0.010 +16.809 +15.042 +18.852 +14.866 +18.635 +14.469
 +14.555 +17.134 +15.259 +15.627 +16.098 +19.173 +15.048 +14.738 +17.465
 +16.026 +18.899 +19.076 +17.552 +18.033 +15.769 +18.464 +14.665 +18.428
 +15.117 +15.294 +17.369 +15.175 +16.005 +16.863 +17.181 +17.962 +18.089
 +14.407 +15.169 +15.255 +14.665 +14.640 +16.044 +14.211 +17.623 +17.053
 +14.926 +19.462 +18.686 +15.064 +14.479 +15.546 +15.884 +14.438 +14.575
 +13.854 +14.331 +18.469 +17.077 +14.700 +15.147 +17.431 +17.088 +16.163
 +14.560 +14.840 +14.955 +14.996 +14.762 +18.876 +18.508 +15.930 +15.963
 +15.567 +19.051]
Dual slacks:        [+0.000 +0.000 +0.000 +0.000 +0.000 +0.000 +1.140 +0.000 +0.000 +0.000
 +0.000 +0.000 +0.000 +0.000 +0.000 +0.000 +0.000 +0.000 +0.000 +0.000
 +0.000 +0.000 +0.000 +0.000 +0.000 +0.000 +0.000 +0.000 +0.000 +0.000
 +0.000 +0.000 +0.000 +0.000 +0.000 +0.000 +0.000 +0.000 +0.000 +0.000
 +0.000 +0.000 +0.000 +0.000 +0.000 +0.000 +0.000 +0.000 +0.000 +0.000
 +0.000 +0.000 +0.000 +0.000 +0.000 +0.000 +0.000 +0.000 +0.000 +0.000
 +0.000 +0.000 +0.000 +0.000 +0.000 +0.000 +0.000 +0.000 +0.000 +0.000
 +0.000 +0.000 +0.000 +0.000 +0.000 +0.000 +0.000 +0.000 +0.000 +0.000
 +0.000 +0.000 +0.000 +0.000 +0.000 +0.000 +0.000 +0.000 +0.000 +0.000
 +0.000 +0.000 +0.000 +0.000 +0.000 +0.000 +0.000 +0.000 +0.000 +0.000
 +0.000 +0.000 +0.000 +0.000 +0.000 +0.000 +0.000 +0.000 +0.000 +0.000
 +0.000 +0.000 +0.000 +0.000 +0.000 +0.000 +0.000 +0.000 +0.000 +0.000
 +0.000 +0.000 +0.000 +0.000 +0.000 +0.000 +0.000 +0.000 +1.644 +0.000
 +0.000 +0.000 +0.000 +0.000 +0.000 +0.000 +0.000 +0.000 +0.000 +0.000
 +0.000 +0.000 +0.000 +0.000 +0.000 +0.000 +0.000 +0.000 +0.000 +0.000
 +0.000 +0.000 +0.000 +0.000 +0.000 +0.000 +0.000 +0.000 +0.000 +0.000
 +0.000 +0.000 +0.000 +0.000 +0.000 +0.000 +0.000 +0.000 +0.000 +0.000
 +0.000 +0.000 +0.000 +0.000 +0.000 +0.000 +0.000 +0.000 +0.000 +0.000
 +0.000 +0.000 +0.000 +0.000 +0.000 +0.000 +0.000 +0.000 +0.000 +0.000
 +0.000 +0.000 +0.000 +0.000 +0.000 +0.000 +0.000 +0.000 +0.000 +0.000]
Dual variables:     [+0.392 +1.961]

Primal objective:   -1.58734651e+00
Dual objective:     -1.23400320e-01

Primal residual:    7.63e-01
Dual residual:      1.50e-03
Complementraty:     3.82e-01

Number of Iter:     27
Run time:           8.64
