
--------------- Linear optimization problem characteristics ---------------
Seed:                    90
Number of variables:     50
Number of constraints:   2

Norm of primal sol:      2.00e+00
Norm of dual sol:        2.00e+00
Norm of dual slacks:     2.00e+00

Norm of vector b:        2.83e-01
Norm of vector c:        2.95e+00

Norm of matrix A:        1.00e+00
Condition number:        2.00e+00

----------------------- Linear optimization problem -----------------------
Coeff matrix A:          [[+0.132 -0.046 -0.149 +0.131 -0.117 +0.124 -0.129 +0.193 +0.020 +0.139
 +0.156 +0.058 +0.068 -0.074 -0.015 -0.043 +0.043 +0.103 +0.044 +0.166
 -0.129 +0.075 -0.067 -0.105 -0.037 +0.013 -0.012 -0.143 +0.015 -0.146
 +0.005 +0.013 +0.135 -0.040 -0.040 +0.115 +0.089 +0.102 -0.070 -0.085
 -0.100 -0.091 +0.072 -0.095 +0.020 -0.044 -0.093 -0.022 -0.057 +0.051]
                          [-0.039 -0.090 +0.106 -0.103 +0.190 -0.079 -0.074 -0.212 -0.072 +0.057
 -0.141 -0.111 -0.016 +0.033 -0.063 +0.034 -0.169 -0.164 -0.162 -0.127
 +0.156 -0.011 +0.217 -0.103 -0.158 -0.096 +0.134 -0.034 -0.120 +0.241
 +0.130 +0.042 -0.212 +0.152 +0.158 -0.192 -0.227 -0.033 +0.092 +0.090
 -0.006 -0.079 +0.074 +0.167 +0.146 -0.034 +0.142 -0.080 -0.162 +0.005]]

RHS vector b:            [+0.011 -0.283]
Obj vector c:            [-0.205 -0.105 +0.337 -0.313 +0.446 -0.264 +0.009 -0.563 +0.470 -0.048
 -0.404 -0.249 -0.099 +0.133 -0.092 +0.103 -0.333 -0.388 -0.323 -0.390
 +0.402 -0.096 +0.440 -0.067 -0.230 -0.176 +0.242 +0.091 -0.221 +0.565
 +0.216 +0.058 -0.503 +0.300 +0.311 -0.448 -0.480 -0.163 +0.231 +0.242
 +0.095 -0.038 +0.052 +0.384 +2.132 -0.012 +0.339 -0.113 -0.216 -0.044]

---------------------------- Optimal solution -----------------------------
Primal variables:         [+0.071 +0.073 +0.459 +0.421 +0.087 +0.125 +0.156 +0.300 +0.000 +0.296
 +0.270 +0.288 +0.171 +0.120 +0.091 +0.257 +0.385 +0.234 +0.320 +0.354
 +0.299 +0.179 +0.037 +0.376 +0.378 +0.024 +0.277 +0.451 +0.459 +0.382
 +0.321 +0.290 +0.279 +0.317 +0.391 +0.214 +0.255 +0.445 +0.132 +0.226
 +0.379 +0.283 +0.296 +0.194 +0.000 +0.142 +0.354 +0.186 +0.351 +0.281]
Dual slacks:              [+0.000 +0.000 +0.000 +0.000 +0.000 +0.000 +0.000 +0.000 +0.613 +0.000
 +0.000 +0.000 +0.000 +0.000 +0.000 +0.000 +0.000 +0.000 +0.000 +0.000
 +0.000 +0.000 +0.000 +0.000 +0.000 +0.000 +0.000 +0.000 +0.000 +0.000
 +0.000 +0.000 +0.000 +0.000 +0.000 +0.000 +0.000 +0.000 +0.000 +0.000
 +0.000 +0.000 +0.000 +0.000 +1.904 +0.000 +0.000 +0.000 +0.000 +0.000]
Dual variables:           [-1.044 +1.706]

Optimal objective:       -4.93327369e-01
===========================================================================

Method:                  II-QIPM
LO_Precision:            1.00e-01
Stop_Precision:          1.00e-03
LO_Verbosity:            2
Omega:                   1.00e+01

The Quantum Inexact Infeasible Interior-Point Method starts running ...


                  Objective                Residual                                Linear system           Step-length
Iter      Primal           Dual         Primal    Dual     Compl    ||Resl||  Cond-Num  ||M||   ||RHS||    a-star   a-hat      Time
   0   3.22253974e+00  0.00000000e+00  1.05e+01 6.90e+00  5.34e+02  1.08e+01  4.00e+00 1.00e+00 1.08e+01  9.47e-01 9.02e-01      0s
   1   9.00274997e+00 -6.76444314e-01  2.91e+00 1.89e+00  1.64e+02 *2.01e-01  4.63e+00 1.39e+01 4.16e+01  8.23e-01 7.26e-01      0s
   2   5.77464969e+00 -6.08356680e-01  1.70e+00 1.06e+00  9.66e+01 *2.12e-01  4.17e+00 4.39e+01 1.08e+01  8.98e-01 4.37e-01      1s
   3   1.61247708e+00 -5.27243972e-01  6.38e-01 2.84e-01  2.83e+01 *3.60e-01  4.16e+00 8.48e+01 1.55e+01  9.62e-01 7.34e-01      1s
   4  -1.08320882e+00 -4.93194850e-01  6.36e-01 8.40e-03  1.12e+00 *6.42e-01  4.19e+00 3.61e+02 2.23e+01  9.87e-01 9.70e-01      1s
   5  -5.37958556e-01 -4.93374509e-01  4.39e-02 7.32e-04  1.11e-01 *1.90e-02  4.11e+00 1.16e+04 8.01e+00  9.57e-01 9.13e-01      1s
   6  -4.90753620e-01 -4.93328829e-01  1.81e-02 4.22e-05  7.40e-03  2.07e-02  4.85e+00 1.71e+05 2.63e+01  9.76e-01 9.42e-01      1s

The algorithm stopped after 7 iterations in 1.30 seconds.

Primal variables:   [+19.877 +15.519 +18.355 +17.740 +21.057 +18.364 +15.012 +14.896 +0.002
 +24.547 +16.957 +16.314 +19.123 +17.876 +16.515 +18.390 +14.492 +15.348
 +14.690 +17.635 +19.843 +19.440 +23.650 +14.621 +13.985 +16.096 +22.046
 +15.669 +15.503 +21.990 +22.454 +19.663 +14.103 +21.847 +22.104 +14.575
 +13.029 +19.324 +19.353 +19.009 +16.714 +15.291 +22.432 +20.873 +0.000
 +16.808 +20.212 +16.050 +13.700 +19.405]
Dual slacks:        [+0.000 +0.000 +0.000 +0.000 +0.000 +0.000 +0.000 +0.000 +0.613 +0.000
 +0.000 +0.000 +0.000 +0.000 +0.000 +0.000 +0.000 +0.000 +0.000 +0.000
 +0.000 +0.000 +0.000 +0.000 +0.000 +0.000 +0.000 +0.000 +0.000 +0.000
 +0.000 +0.000 +0.000 +0.000 +0.000 +0.000 +0.000 +0.000 +0.000 +0.000
 +0.000 +0.000 +0.000 +0.000 +1.904 +0.000 +0.000 +0.000 +0.000 +0.000]
Dual variables:     [-1.044 +1.706]

Primal objective:   -4.90753620e-01
Dual objective:     -4.93328829e-01

Primal residual:    1.81e-02
Dual residual:      4.22e-05
Complementraty:     7.40e-03

Number of Iter:     7
Run time:           1.30
