
--------------- Linear optimization problem characteristics ---------------
Seed:                    74
Number of variables:     100
Number of constraints:   2

Norm of primal sol:      2.00e+00
Norm of dual sol:        2.00e+00
Norm of dual slacks:     2.00e+00

Norm of vector b:        2.00e-01
Norm of vector c:        2.66e+00

Norm of matrix A:        1.00e+00
Condition number:        2.00e+00

----------------------- Linear optimization problem -----------------------
Coeff matrix A:          [[-0.031 -0.127 -0.079 -0.040 -0.104 +0.050 +0.119 +0.059 +0.036 +0.007
 +0.030 +0.111 -0.092 -0.039 -0.038 +0.006 +0.091 +0.041 +0.085 -0.024
 -0.106 -0.096 -0.056 -0.015 +0.047 +0.074 +0.024 +0.081 +0.062 +0.060
 +0.011 -0.057 +0.001 -0.098 +0.069 +0.059 +0.112 -0.058 +0.061 +0.025
 -0.029 +0.001 +0.107 +0.130 -0.107 -0.012 -0.100 +0.131 -0.105 +0.078
 -0.060 -0.044 +0.018 -0.044 -0.010 -0.087 -0.110 +0.059 -0.054 -0.130
 -0.046 +0.010 -0.014 +0.039 +0.093 +0.129 -0.063 -0.075 +0.066 -0.031
 +0.092 +0.008 +0.087 +0.050 +0.056 +0.007 +0.061 +0.141 -0.002 -0.091
 -0.090 -0.136 +0.109 +0.027 +0.065 +0.079 -0.137 -0.142 +0.116 -0.013
 -0.007 +0.053 +0.068 +0.088 +0.037 +0.014 -0.122 +0.035 -0.061 -0.012]
                          [-0.020 -0.134 +0.040 +0.054 -0.141 -0.070 +0.100 +0.119 +0.054 -0.109
 +0.126 +0.108 +0.035 +0.073 +0.098 +0.007 +0.067 -0.031 +0.117 +0.068
 -0.150 -0.079 +0.075 -0.113 +0.070 -0.089 +0.087 +0.079 -0.040 -0.058
 +0.123 -0.116 -0.102 +0.005 +0.128 +0.049 +0.143 +0.043 +0.071 +0.087
 +0.034 -0.041 +0.047 +0.082 -0.020 -0.001 -0.109 +0.143 -0.103 +0.027
 -0.109 +0.096 -0.058 -0.057 -0.101 -0.048 -0.117 +0.052 -0.103 -0.109
 -0.016 -0.070 +0.015 +0.070 +0.076 +0.122 +0.060 +0.079 -0.002 +0.002
 +0.079 +0.059 +0.068 +0.016 +0.020 -0.003 -0.059 +0.124 -0.074 -0.045
 -0.031 -0.131 +0.098 -0.071 +0.030 -0.082 -0.116 -0.160 +0.051 +0.052
 +0.016 -0.039 -0.009 +0.135 +0.077 +0.010 -0.139 +0.068 +0.081 +0.075]]

RHS vector b:            [+0.099 +0.174]
Obj vector c:            [-0.064 -0.262 -0.155 -0.076 -0.217 +0.096 +0.245 +0.126 +0.076 +0.006
 +0.068 +0.229 -0.182 -0.072 -0.069 +0.013 +0.187 +0.080 +0.178 -0.044
 -0.222 -0.198 -0.106 -0.037 +0.098 +0.141 +0.053 +0.167 +0.121 +0.117
 +0.031 -0.121 -0.004 -0.196 +0.145 +0.122 +0.234 -0.113 +0.127 +0.056
 -0.056 -0.001 +0.217 +0.265 -0.215 -0.024 -0.206 +0.272 -0.217 +0.157
 -0.127 -0.082 +0.033 -0.092 -0.027 -0.177 -0.227 +0.122 -0.116 -0.268
 -0.093 +0.016 -0.026 +0.082 +0.190 +0.670 -0.123 -0.145 +0.132 -0.062
 +0.189 +0.019 +0.179 +0.100 +0.113 +0.013 +0.117 +0.289 -0.009 -0.185
 -0.182 -0.280 +0.225 +0.049 +0.132 +0.153 -0.282 -0.293 +0.235 -0.022
 -0.014 +0.103 +2.093 +0.184 +0.078 +0.029 -0.253 +0.074 -0.116 -0.020]

---------------------------- Optimal solution -----------------------------
Primal variables:         [+0.073 +0.285 +0.312 +0.119 +0.090 +0.294 +0.259 +0.240 +0.258 +0.041
 +0.316 +0.173 +0.029 +0.054 +0.118 +0.002 +0.260 +0.024 +0.154 +0.292
 +0.011 +0.191 +0.286 +0.295 +0.124 +0.145 +0.313 +0.001 +0.061 +0.139
 +0.218 +0.047 +0.013 +0.255 +0.193 +0.272 +0.055 +0.025 +0.177 +0.194
 +0.210 +0.241 +0.161 +0.050 +0.074 +0.080 +0.284 +0.257 +0.190 +0.355
 +0.097 +0.264 +0.135 +0.176 +0.282 +0.344 +0.242 +0.267 +0.234 +0.007
 +0.331 +0.140 +0.204 +0.021 +0.228 +0.000 +0.060 +0.073 +0.161 +0.339
 +0.001 +0.082 +0.213 +0.230 +0.042 +0.107 +0.246 +0.123 +0.254 +0.019
 +0.029 +0.340 +0.348 +0.198 +0.176 +0.037 +0.087 +0.217 +0.286 +0.187
 +0.046 +0.286 +0.000 +0.339 +0.045 +0.301 +0.150 +0.242 +0.014 +0.288]
Dual slacks:              [+0.000 +0.000 +0.000 +0.000 +0.000 +0.000 +0.000 +0.000 +0.000 +0.000
 +0.000 +0.000 +0.000 +0.000 +0.000 +0.000 +0.000 +0.000 +0.000 +0.000
 +0.000 +0.000 +0.000 +0.000 +0.000 +0.000 +0.000 +0.000 +0.000 +0.000
 +0.000 +0.000 +0.000 +0.000 +0.000 +0.000 +0.000 +0.000 +0.000 +0.000
 +0.000 +0.000 +0.000 +0.000 +0.000 +0.000 +0.000 +0.000 +0.000 +0.000
 +0.000 +0.000 +0.000 +0.000 +0.000 +0.000 +0.000 +0.000 +0.000 +0.000
 +0.000 +0.000 +0.000 +0.000 +0.000 +0.404 +0.000 +0.000 +0.000 +0.000
 +0.000 +0.000 +0.000 +0.000 +0.000 +0.000 +0.000 +0.000 +0.000 +0.000
 +0.000 +0.000 +0.000 +0.000 +0.000 +0.000 +0.000 +0.000 +0.000 +0.000
 +0.000 +0.000 +1.959 +0.000 +0.000 +0.000 +0.000 +0.000 +0.000 +0.000]
Dual variables:           [+1.999 +0.065]

Optimal objective:       +2.08505382e-01
===========================================================================

Method:                  II-QIPM
LO_Precision:            1.00e-01
Stop_Precision:          1.00e-03
LO_Verbosity:            2
Omega:                   1.00e+01

The Quantum Inexact Infeasible Interior-Point Method starts running ...


                  Objective                Residual                                Linear system           Step-length
Iter      Primal           Dual         Primal    Dual     Compl    ||Resl||  Cond-Num  ||M||   ||RHS||    a-star   a-hat      Time
   0   2.80234119e+01  0.00000000e+00  7.42e+00 5.61e+00  6.41e+02  7.39e+00  4.00e+00 1.00e+00 7.39e+00  9.71e-01 9.44e-01      0s
   1   1.98048887e+01  6.07840749e-02  4.75e+00 3.42e+00  4.06e+02  9.06e-01  4.43e+00 2.28e+01 2.92e+01  8.98e-01 3.92e-01      1s
   2   8.77362956e+00  1.56072216e-01  1.29e+00 9.21e-01  1.20e+02  2.07e-02  4.79e+00 4.10e+01 3.65e+01  9.09e-01 7.30e-01      1s
   3   1.85204762e+00  2.07263541e-01  8.64e-02 6.54e-02  1.02e+01  3.82e-02  5.10e+00 1.70e+02 4.63e+01  9.71e-01 9.29e-01      1s
   4   3.37955434e+00  2.07263541e-01  1.39e+00 5.98e-02  9.42e+00  1.64e+01  3.72e+00 2.09e+03 1.64e+01  5.34e-01 8.57e-02      1s
   5   4.27731499e+00  2.07263541e-01  2.20e+00 5.72e-02  9.06e+00  2.05e+01  3.56e+00 2.32e+03 2.05e+01  4.91e-01 4.26e-02      1s
   6   5.13700736e+00  2.07263541e-01  2.98e+00 5.51e-02  8.75e+00  2.29e+01  3.46e+00 2.45e+03 2.29e+01  4.68e-01 3.74e-02      2s
   7   5.96341606e+00  2.07263541e-01  3.72e+00 5.33e-02  8.49e+00  2.53e+01  3.36e+00 2.56e+03 2.53e+01  4.47e-01 3.32e-02      2s
   8   6.75870250e+00  2.07263541e-01  4.43e+00 5.17e-02  8.26e+00  2.77e+01  3.27e+00 2.67e+03 2.77e+01  4.28e-01 2.97e-02      2s
   9   7.52473866e+00  2.07263541e-01  5.11e+00 5.03e-02  8.06e+00  3.00e+01  3.18e+00 2.77e+03 3.00e+01  4.11e-01 2.67e-02      3s
  10   8.26445714e+00  2.07263541e-01  5.77e+00 4.91e-02  7.88e+00  3.23e+01  3.09e+00 2.87e+03 3.23e+01  3.95e-01 2.41e-02      3s
  11   1.51453512e+00  2.08562277e-01  9.24e-01 7.86e-03  1.39e+00 *3.03e-03  3.00e+00 2.96e+03 3.47e+01  9.02e-01 8.40e-01      3s
  12  -1.99541067e+00  2.08562277e-01  1.26e+00 6.69e-03  1.19e+00  1.31e+01  3.92e+00 1.94e+04 1.31e+01  6.72e-01 1.50e-01      3s
  13  -3.69797444e+00  2.08562277e-01  2.26e+00 6.30e-03  1.13e+00  1.87e+01  3.77e+00 2.34e+04 1.87e+01  6.15e-01 5.82e-02      4s
  14  -3.69931996e+00  2.08562277e-01  2.26e+00 6.30e-03  1.13e+00  2.13e+01  3.69e+00 2.51e+04 2.13e+01  5.91e-01 4.21e-05      4s

The solution quality is limited by the precision of the linear system solver.

The algorithm stopped after 15 iterations in 4.42 seconds.

Primal variables:   [+15.850 +17.899 +15.204 +15.048 +18.049 +16.451 +14.680 +14.478 +15.036
 +17.158 +14.456 +14.595 +15.267 +14.906 +14.761 +15.540 +14.972 +16.067
 +14.498 +14.920 +18.271 +16.721 +14.929 +17.325 +14.890 +15.629 +14.739
 +14.838 +16.128 +16.283 +14.512 +17.434 +17.098 +15.539 +14.408 +15.116
 +14.299 +15.157 +14.893 +14.736 +15.213 +16.179 +15.188 +14.856 +15.819
 +15.615 +17.311 +14.310 +17.186 +15.387 +17.306 +14.791 +16.440 +16.374
 +17.112 +16.214 +17.498 +15.086 +17.191 +17.319 +15.785 +16.618 +15.426
 +14.889 +14.880 +0.235 +15.038 +14.971 +15.711 +15.560 +14.846 +14.981
 +14.951 +15.478 +15.442 +15.664 +16.287 +14.486 +16.673 +16.158 +15.960
 +17.839 +14.685 +16.590 +15.335 +15.550 +17.497 +18.667 +15.152 +15.041
 +15.415 +16.144 +0.035 +14.357 +14.823 +15.512 +18.034 +14.899 +14.912
 +14.853]
Dual slacks:        [+0.001 +0.001 +0.000 +0.000 +0.001 +0.001 +0.001 +0.001 +0.001 +0.001
 +0.001 +0.001 +0.000 +0.000 +0.000 +0.001 +0.001 +0.001 +0.001 +0.000
 +0.001 +0.001 +0.000 +0.001 +0.001 +0.001 +0.001 +0.001 +0.001 +0.001
 +0.000 +0.001 +0.001 +0.000 +0.001 +0.001 +0.001 +0.000 +0.001 +0.001
 +0.001 +0.001 +0.001 +0.001 +0.000 +0.001 +0.001 +0.001 +0.001 +0.001
 +0.001 +0.000 +0.001 +0.001 +0.001 +0.001 +0.001 +0.001 +0.001 +0.001
 +0.001 +0.001 +0.001 +0.001 +0.001 +0.405 +0.000 +0.000 +0.001 +0.001
 +0.001 +0.001 +0.001 +0.001 +0.001 +0.001 +0.001 +0.001 +0.001 +0.001
 +0.001 +0.001 +0.001 +0.001 +0.001 +0.001 +0.001 +0.001 +0.001 +0.001
 +0.001 +0.001 +1.959 +0.001 +0.001 +0.001 +0.001 +0.001 +0.000 +0.001]
Dual variables:     [+1.997 +0.067]

Primal objective:   -3.69931996e+00
Dual objective:     2.08562277e-01 

Primal residual:    2.26e+00
Dual residual:      6.30e-03
Complementraty:     1.13e+00

Number of Iter:     15
Run time:           4.42
