
--------------- Linear optimization problem characteristics ---------------
Seed:                    95
Number of variables:     50
Number of constraints:   2

Norm of primal sol:      2.00e+00
Norm of dual sol:        2.00e+00
Norm of dual slacks:     2.00e+00

Norm of vector b:        3.36e-01
Norm of vector c:        2.41e+00

Norm of matrix A:        1.00e+00
Condition number:        2.00e+00

----------------------- Linear optimization problem -----------------------
Coeff matrix A:          [[-0.080 +0.015 +0.102 -0.127 -0.098 +0.164 +0.118 +0.165 -0.079 +0.128
 +0.178 +0.163 -0.145 -0.063 +0.112 +0.076 +0.014 +0.121 +0.164 -0.116
 -0.076 +0.132 -0.193 +0.022 -0.034 -0.165 -0.144 +0.141 -0.170 -0.013
 -0.030 -0.004 +0.064 +0.074 +0.100 -0.104 -0.162 +0.136 +0.152 +0.132
 +0.123 -0.038 -0.085 -0.031 -0.168 -0.201 -0.002 +0.146 -0.099 +0.172]
                          [-0.013 -0.146 -0.073 +0.112 +0.085 -0.181 +0.097 -0.140 +0.040 -0.023
 -0.161 -0.179 -0.076 -0.124 -0.003 -0.068 +0.016 -0.125 +0.006 +0.092
 +0.154 -0.063 +0.126 +0.018 +0.040 +0.025 +0.059 -0.105 +0.057 +0.041
 +0.015 -0.124 +0.041 +0.126 -0.155 +0.109 +0.035 -0.005 -0.026 +0.028
 +0.014 -0.112 +0.027 -0.100 +0.179 +0.184 +0.138 -0.170 -0.061 -0.181]]

RHS vector b:            [+0.239 -0.237]
Obj vector c:            [-0.007 +0.292 +0.184 -0.270 +1.532 +0.421 -0.143 +0.341 -0.110 +0.098
 +0.387 +0.417 +0.089 +0.217 +0.052 +0.164 -0.025 +0.295 +0.055 -0.228
 -0.333 +0.178 -0.326 -0.027 +0.897 -0.116 -0.174 +0.262 -0.181 -0.085
 -0.041 +0.241 -0.054 -0.216 +0.344 -0.255 -0.135 +0.066 +0.113 -0.001
 +0.022 +0.204 -0.087 +0.184 -0.419 -0.442 -0.271 +0.391 +0.078 +0.426]

---------------------------- Optimal solution -----------------------------
Primal variables:         [+0.115 +0.096 +0.447 +0.363 +0.000 +0.439 +0.365 +0.243 +0.381 +0.492
 +0.256 +0.484 +0.249 +0.261 +0.174 +0.489 +0.129 +0.203 +0.418 +0.194
 +0.117 +0.268 +0.158 +0.025 +0.000 +0.404 +0.133 +0.108 +0.222 +0.499
 +0.176 +0.457 +0.185 +0.179 +0.229 +0.003 +0.295 +0.033 +0.072 +0.158
 +0.464 +0.141 +0.120 +0.241 +0.321 +0.430 +0.196 +0.405 +0.158 +0.054]
Dual slacks:              [+0.000 +0.000 +0.000 +0.000 +1.739 +0.000 +0.000 +0.000 +0.000 +0.000
 +0.000 +0.000 +0.000 +0.000 +0.000 +0.000 +0.000 +0.000 +0.000 +0.000
 +0.000 +0.000 +0.000 +0.000 +0.989 +0.000 +0.000 +0.000 +0.000 +0.000
 +0.000 +0.000 +0.000 +0.000 +0.000 +0.000 +0.000 +0.000 +0.000 +0.000
 +0.000 +0.000 +0.000 +0.000 +0.000 +0.000 +0.000 +0.000 +0.000 +0.000]
Dual variables:           [+0.407 -1.958]

Optimal objective:       +5.60775580e-01
===========================================================================

Method:                  II-QIPM
LO_Precision:            1.00e-01
Stop_Precision:          1.00e-03
LO_Verbosity:            2
Omega:                   1.00e+01

The Quantum Inexact Infeasible Interior-Point Method starts running ...


                  Objective                Residual                                Linear system           Step-length
Iter      Primal           Dual         Primal    Dual     Compl    ||Resl||  Cond-Num  ||M||   ||RHS||    a-star   a-hat      Time
   0   3.20956927e+01 -1.64924951e+00  2.03e+00 2.03e+01  1.56e+03 *0.00e+00  4.00e+00 1.00e+00 6.48e+00  8.15e-01 7.11e-01      0s
   1   2.54520116e+01 -6.03986648e-01  1.02e+00 1.01e+01  8.25e+02  3.10e-01  4.51e+00 4.28e+00 2.49e+01  9.32e-01 5.01e-01      1s
   2   1.43459617e+01  3.23166921e-01  2.81e-01 2.02e+00  1.85e+02  2.08e-01  4.65e+00 9.46e+00 3.04e+01  9.91e-01 8.01e-01      1s
   3   3.38081058e+00  5.59164065e-01  1.18e-02 7.57e-02  9.80e+00  1.76e-03  4.80e+00 5.34e+01 3.64e+01  9.85e-01 9.63e-01      1s
   4   2.04151121e+00  5.59164065e-01  2.20e+00 5.98e-02  7.90e+00  1.05e+01  3.96e+00 1.27e+03 1.05e+01  7.16e-01 2.10e-01      1s
   5   1.27440748e+00  5.59164065e-01  3.59e+00 5.41e-02  7.22e+00  1.69e+01  3.89e+00 1.69e+03 1.69e+01  6.41e-01 9.45e-02      1s
   6   5.61919540e-01  5.59164065e-01  4.92e+00 4.99e-02  6.70e+00  2.07e+01  3.83e+00 1.92e+03 2.07e+01  6.03e-01 7.80e-02      1s
   7  -9.96400017e-02  5.59164065e-01  6.20e+00 4.66e-02  6.31e+00  2.44e+01  3.77e+00 2.14e+03 2.44e+01  5.69e-01 6.55e-02      1s
   8  -7.15705664e-01  5.59164065e-01  7.41e+00 4.40e-02  5.98e+00  2.79e+01  3.71e+00 2.34e+03 2.79e+01  5.39e-01 5.59e-02      2s
   9  -1.28943023e+00  5.59164065e-01  8.57e+00 4.19e-02  5.72e+00  3.14e+01  3.65e+00 2.54e+03 3.14e+01  5.12e-01 4.82e-02      2s
  10  -1.82354929e+00  5.59164065e-01  9.67e+00 4.01e-02  5.50e+00  3.48e+01  3.58e+00 2.73e+03 3.48e+01  4.87e-01 4.20e-02      2s
  11  -2.29181141e+00  5.59164065e-01  1.07e+01 3.87e-02  5.33e+00  3.81e+01  3.52e+00 2.92e+03 3.81e+01  4.65e-01 3.48e-02      2s
  12  -2.29197709e+00  5.59164065e-01  1.07e+01 3.87e-02  5.33e+00  4.12e+01  3.47e+00 3.08e+03 4.12e+01  4.46e-01 1.17e-05      3s

The solution quality is limited by the precision of the linear system solver.

The algorithm stopped after 13 iterations in 2.62 seconds.

Primal variables:   [+17.037 +14.493 +12.413 +18.700 +0.348 +11.242 +12.931 +11.289 +16.842
 +12.137 +11.067 +11.259 +21.876 +17.453 +12.448 +12.875 +14.278 +12.007
 +11.780 +18.192 +17.364 +11.947 +21.895 +14.122 +0.867 +20.903 +19.430
 +11.717 +20.858 +14.960 +15.343 +14.995 +13.410 +13.820 +12.385 +17.840
 +20.611 +12.101 +11.795 +12.309 +12.366 +16.144 +17.068 +15.751 +21.157
 +22.962 +15.339 +11.549 +18.345 +11.113]
Dual slacks:        [+0.004 +0.004 +0.006 +0.005 +1.742 +0.006 +0.008 +0.007 +0.005 +0.007
 +0.007 +0.006 +0.002 +0.003 +0.007 +0.006 +0.006 +0.006 +0.008 +0.005
 +0.006 +0.007 +0.004 +0.006 +0.993 +0.003 +0.004 +0.007 +0.003 +0.006
 +0.005 +0.004 +0.007 +0.008 +0.005 +0.005 +0.003 +0.008 +0.008 +0.008
 +0.008 +0.004 +0.004 +0.004 +0.005 +0.004 +0.007 +0.006 +0.003 +0.006]
Dual variables:     [+0.391 -1.967]

Primal objective:   -2.29197709e+00
Dual objective:     5.59164065e-01 

Primal residual:    1.07e+01
Dual residual:      3.87e-02
Complementraty:     5.33e+00

Number of Iter:     13
Run time:           2.62
