
--------------- Linear optimization problem characteristics ---------------
Seed:                    35
Number of variables:     500
Number of constraints:   2

Norm of primal sol:      2.00e+00
Norm of dual sol:        2.00e+00
Norm of dual slacks:     2.00e+00

Norm of vector b:        6.99e-02
Norm of vector c:        2.63e+00

Norm of matrix A:        1.00e+00
Condition number:        2.00e+00

----------------------- Linear optimization problem -----------------------
Coeff matrix A:          [[-0.029 +0.072 +0.011 +0.013 -0.038 -0.012 -0.050 +0.071 -0.008 -0.014
 -0.064 +0.002 -0.026 -0.009 +0.006 +0.024 -0.058 +0.054 -0.007 -0.012
 -0.016 +0.009 -0.059 +0.017 +0.037 -0.012 +0.012 -0.029 +0.018 -0.049
 -0.035 -0.034 -0.005 +0.026 -0.030 -0.062 +0.040 -0.021 -0.025 +0.045
 -0.068 -0.026 +0.041 -0.037 +0.044 -0.001 -0.055 -0.005 +0.006 -0.037
 -0.055 +0.004 +0.047 -0.015 +0.003 +0.040 -0.025 +0.028 -0.048 -0.008
 +0.007 +0.040 -0.025 +0.057 +0.048 +0.003 -0.062 -0.006 -0.019 -0.011
 -0.013 -0.021 +0.071 -0.042 -0.047 -0.055 +0.036 -0.014 +0.047 +0.013
 +0.044 +0.007 +0.011 -0.028 -0.035 +0.004 -0.022 +0.032 -0.038 +0.048
 +0.016 -0.015 +0.026 -0.007 -0.061 +0.009 +0.028 +0.052 -0.019 +0.052
 -0.032 +0.036 -0.057 +0.006 -0.020 +0.056 +0.029 +0.056 +0.044 -0.028
 +0.031 -0.033 -0.064 +0.009 +0.045 +0.028 -0.026 +0.007 +0.029 -0.020
 +0.010 +0.029 +0.004 +0.062 -0.017 +0.050 +0.039 +0.014 -0.061 -0.043
 -0.012 +0.005 -0.058 +0.040 +0.012 +0.037 -0.047 +0.013 -0.009 +0.036
 +0.032 +0.034 -0.003 -0.037 +0.042 +0.047 -0.017 +0.001 -0.023 +0.018
 +0.001 -0.032 +0.058 -0.045 +0.019 +0.003 +0.018 +0.000 +0.018 -0.026
 -0.025 -0.015 +0.045 -0.018 +0.036 +0.055 +0.037 +0.030 -0.039 -0.018
 -0.012 +0.052 +0.062 +0.037 -0.020 +0.024 +0.052 -0.009 -0.015 -0.050
 +0.012 -0.028 -0.031 -0.014 -0.047 +0.060 +0.017 +0.057 +0.028 +0.049
 -0.020 -0.047 +0.038 +0.038 +0.039 +0.030 +0.050 -0.032 +0.018 -0.011
 -0.042 -0.023 -0.006 -0.065 +0.031 -0.057 +0.014 +0.008 +0.015 -0.008
 -0.058 -0.058 -0.039 +0.054 -0.017 -0.027 -0.009 +0.006 +0.015 -0.063
 -0.020 -0.008 -0.018 +0.011 +0.014 -0.023 +0.039 +0.048 +0.060 -0.043
 -0.060 +0.012 +0.022 +0.005 -0.047 -0.041 +0.045 -0.027 -0.045 -0.033
 -0.021 +0.050 +0.028 +0.029 +0.032 -0.037 -0.050 +0.028 -0.060 +0.007
 +0.041 +0.057 -0.054 +0.040 +0.020 +0.061 -0.015 +0.038 +0.038 +0.028
 +0.043 -0.013 +0.017 -0.066 +0.036 -0.039 -0.036 +0.029 +0.024 -0.001
 +0.003 +0.044 -0.001 +0.012 -0.038 +0.013 +0.051 +0.067 -0.031 +0.000
 -0.000 -0.042 +0.031 +0.065 +0.034 +0.013 -0.042 +0.047 -0.039 +0.049
 -0.028 +0.003 -0.047 -0.020 -0.036 +0.045 -0.001 +0.016 -0.018 +0.025
 -0.033 +0.019 +0.034 -0.007 -0.004 +0.021 -0.033 -0.045 -0.009 +0.042
 -0.034 -0.010 +0.027 +0.007 +0.016 +0.012 +0.008 -0.015 -0.013 -0.059
 +0.058 -0.064 +0.028 -0.019 +0.047 +0.016 -0.004 +0.012 -0.055 +0.028
 +0.040 -0.028 +0.001 +0.019 +0.066 +0.044 +0.047 -0.011 -0.020 +0.023
 -0.025 -0.009 -0.009 +0.045 -0.040 -0.004 -0.064 +0.011 -0.025 -0.060
 +0.013 +0.043 -0.011 +0.014 -0.010 -0.014 -0.017 +0.040 -0.016 +0.036
 -0.003 +0.033 +0.048 +0.046 -0.012 -0.051 -0.036 -0.005 -0.014 -0.007
 +0.033 -0.052 +0.011 -0.020 -0.013 -0.032 +0.022 -0.048 +0.038 +0.031
 -0.037 -0.063 -0.039 +0.046 +0.034 +0.014 +0.036 +0.012 -0.012 -0.009
 -0.034 -0.025 -0.035 -0.031 -0.009 -0.015 -0.040 +0.051 +0.004 -0.051
 +0.035 -0.057 -0.002 +0.019 -0.021 -0.054 -0.033 -0.007 +0.016 -0.022
 +0.016 +0.017 -0.025 +0.058 +0.060 -0.063 -0.042 -0.038 +0.001 +0.056
 -0.034 -0.040 -0.007 +0.000 +0.048 +0.014 +0.015 +0.049 -0.054 -0.007
 +0.050 +0.006 +0.009 -0.023 -0.013 +0.029 -0.029 +0.034 +0.023 +0.030
 +0.041 -0.033 -0.055 -0.001 -0.020 +0.028 +0.032 +0.055 +0.018 +0.008
 -0.046 -0.007 -0.048 -0.032 +0.012 -0.052 -0.033 +0.020 +0.048 +0.044
 -0.043 -0.005 -0.014 +0.002 -0.015 -0.052 +0.024 +0.031 +0.034 +0.022
 -0.053 +0.050 -0.055 +0.012 -0.034 +0.042 +0.027 -0.057 -0.041 +0.054
 -0.025 -0.016 -0.030 -0.011 -0.022 -0.047 +0.058 +0.053 +0.038 -0.035
 +0.010 -0.039 -0.002 -0.057 -0.058 -0.032 +0.012 -0.064 -0.008 +0.053]
                          [-0.019 +0.074 +0.002 -0.037 +0.017 +0.042 -0.049 +0.069 -0.037 +0.012
 -0.061 -0.044 +0.021 -0.000 -0.040 +0.045 -0.068 +0.020 -0.030 +0.029
 -0.002 -0.042 -0.032 -0.029 +0.041 +0.038 +0.031 -0.030 +0.053 -0.065
 -0.023 +0.031 +0.039 -0.001 +0.002 -0.057 -0.012 -0.007 -0.014 +0.013
 -0.068 +0.015 +0.013 +0.014 +0.053 +0.044 -0.034 -0.038 -0.042 +0.009
 -0.030 +0.023 +0.023 +0.026 +0.032 +0.018 -0.053 +0.005 +0.007 +0.032
 -0.039 +0.063 +0.040 +0.044 +0.048 +0.039 -0.042 +0.010 +0.021 +0.039
 -0.041 +0.012 +0.067 +0.019 +0.006 -0.047 -0.039 +0.020 +0.026 +0.025
 +0.050 +0.051 +0.009 -0.000 -0.005 -0.004 -0.030 -0.033 -0.049 +0.037
 +0.005 -0.032 +0.040 -0.018 -0.039 -0.042 -0.029 +0.049 +0.026 +0.042
 +0.031 +0.060 -0.051 +0.038 -0.017 +0.020 +0.057 +0.041 -0.009 +0.015
 +0.039 +0.025 -0.053 +0.047 +0.035 -0.007 +0.003 -0.038 +0.005 -0.054
 +0.044 -0.001 +0.011 +0.048 -0.026 +0.047 -0.003 +0.044 -0.049 -0.054
 -0.024 +0.023 -0.049 +0.031 -0.037 +0.039 -0.058 -0.016 -0.053 +0.014
 +0.041 -0.038 +0.000 +0.015 -0.007 +0.007 +0.027 +0.049 +0.013 +0.005
 -0.010 +0.016 +0.067 +0.001 -0.047 -0.007 -0.005 -0.006 +0.056 +0.001
 -0.047 -0.002 +0.049 -0.041 +0.063 +0.057 -0.026 -0.001 -0.019 -0.016
 +0.009 +0.033 +0.067 -0.019 +0.022 -0.002 +0.008 -0.054 -0.050 -0.060
 +0.045 -0.019 -0.016 +0.016 +0.015 +0.069 -0.014 +0.029 +0.048 +0.023
 +0.015 -0.035 +0.050 +0.003 +0.032 -0.041 +0.058 -0.012 +0.030 -0.006
 +0.033 -0.046 +0.038 -0.067 +0.005 -0.042 -0.011 -0.024 -0.031 +0.024
 -0.022 -0.023 -0.003 +0.009 +0.026 -0.044 -0.032 -0.033 -0.012 -0.056
 +0.030 -0.012 -0.022 +0.048 -0.011 +0.000 +0.050 +0.002 +0.060 -0.033
 -0.028 +0.012 -0.026 +0.054 +0.015 -0.044 +0.065 -0.036 -0.029 +0.022
 -0.008 +0.002 +0.017 -0.001 -0.011 +0.006 -0.021 +0.038 -0.041 +0.012
 -0.027 +0.038 -0.008 +0.023 +0.022 +0.042 -0.049 -0.000 -0.028 +0.055
 +0.065 -0.047 +0.014 -0.061 +0.029 -0.046 +0.003 -0.013 +0.045 -0.029
 -0.003 +0.030 -0.019 +0.034 -0.043 +0.028 +0.002 +0.054 -0.028 +0.043
 +0.012 -0.023 +0.048 +0.050 -0.009 +0.018 -0.044 -0.007 -0.058 +0.065
 +0.001 +0.038 -0.049 +0.003 -0.013 +0.052 +0.029 -0.025 +0.015 +0.034
 -0.027 +0.033 +0.055 +0.020 +0.016 +0.049 +0.019 -0.052 +0.002 +0.018
 -0.042 -0.034 +0.020 +0.037 +0.041 -0.048 -0.013 -0.024 +0.024 -0.070
 +0.049 -0.069 +0.025 -0.032 +0.009 +0.055 +0.030 +0.047 -0.035 +0.056
 +0.013 -0.057 -0.030 -0.011 +0.054 -0.019 +0.066 -0.020 +0.006 +0.022
 +0.039 +0.003 +0.016 +0.022 -0.031 -0.011 -0.069 +0.051 +0.032 -0.064
 +0.018 -0.019 -0.006 -0.031 -0.032 +0.026 +0.020 -0.030 -0.011 +0.043
 +0.043 -0.023 +0.053 +0.026 -0.021 -0.033 -0.040 -0.044 +0.005 -0.020
 +0.050 -0.062 +0.026 -0.014 +0.011 -0.061 -0.019 -0.010 +0.025 -0.034
 -0.012 -0.045 -0.026 +0.039 -0.032 +0.047 -0.009 +0.054 +0.010 +0.010
 -0.015 -0.056 -0.005 +0.008 -0.047 +0.009 +0.005 +0.036 +0.036 -0.066
 -0.004 -0.020 -0.043 +0.055 -0.059 -0.045 +0.029 -0.031 +0.036 -0.037
 +0.029 +0.004 -0.018 +0.031 +0.053 -0.047 -0.041 -0.044 +0.011 +0.033
 -0.041 -0.058 +0.048 +0.052 -0.003 +0.032 +0.006 +0.045 -0.020 -0.051
 +0.048 +0.027 -0.031 -0.021 -0.036 +0.017 -0.003 -0.039 -0.025 -0.011
 -0.026 -0.035 -0.045 -0.017 +0.003 +0.008 -0.026 +0.052 +0.052 -0.005
 +0.002 +0.024 -0.051 +0.022 -0.016 -0.054 -0.055 +0.001 +0.033 +0.002
 -0.042 +0.037 +0.036 -0.047 -0.041 -0.018 -0.037 -0.032 +0.025 +0.044
 -0.017 +0.045 -0.058 -0.005 -0.045 +0.038 -0.030 -0.031 -0.018 +0.056
 -0.059 +0.002 -0.012 -0.039 -0.004 -0.048 +0.067 +0.015 +0.006 -0.061
 +0.010 +0.033 +0.045 -0.054 -0.063 +0.006 -0.016 -0.068 -0.041 +0.046]]

RHS vector b:            [+0.024 +0.066]
Obj vector c:            [+0.040 -0.152 -0.006 +0.073 -0.031 -0.082 +0.102 -0.143 +0.074 -0.023
 +0.127 +0.089 -0.040 +0.001 +0.079 -0.091 +0.140 -0.043 +0.060 -0.057
 +0.006 +0.083 +0.068 +0.057 -0.085 -0.074 -0.062 +0.062 -0.107 +0.133
 +0.048 -0.060 -0.078 +0.000 -0.003 +0.118 +0.022 +0.016 +0.030 -0.029
 +0.142 -0.029 -0.029 -0.026 -0.110 -0.087 +0.071 +0.075 +0.083 -0.014
 +0.064 -0.045 -0.050 -0.051 -0.064 -0.038 +0.107 +0.308 -0.010 -0.063
 +0.078 -0.128 -0.079 -0.091 -0.100 -0.079 +0.088 -0.020 -0.040 -0.077
 +0.082 -0.023 -0.140 -0.035 -0.009 +0.097 +0.076 -0.039 -0.056 -0.050
 -0.102 -0.102 -0.019 +0.003 +0.013 +0.008 +0.062 +0.064 +0.100 -0.078
 -0.012 +2.039 -0.081 +0.036 +0.081 +0.084 +0.055 -0.102 -0.052 -0.088
 -0.060 -0.122 +0.106 -0.076 +0.035 -0.045 -0.117 -0.087 +0.016 -0.029
 -0.080 -0.047 +0.111 -0.095 -0.072 +0.011 -0.004 +0.075 -0.012 +0.109
 -0.088 +0.000 -0.022 -0.101 +0.054 -0.098 +0.004 -0.090 +0.103 +0.110
 +0.048 -0.047 +0.103 -0.064 +0.073 -0.081 +0.120 +0.030 +0.106 -0.030
 -0.083 +0.074 -0.000 -0.028 +0.012 -0.017 -0.054 -0.098 -0.024 -0.012
 +0.020 -0.029 -0.138 +0.002 +0.093 +0.014 +0.009 +0.013 -0.114 -0.001
 +0.096 +0.005 -0.101 +0.083 -0.128 -0.117 +0.050 -0.000 +0.041 +0.034
 -0.018 -0.069 -0.138 +0.036 -0.043 +0.002 -0.020 +0.108 +0.101 +0.123
 -0.092 +0.040 +0.034 -0.031 -0.027 -0.142 +0.027 -0.061 -0.098 -0.050
 -0.029 +0.073 -0.102 -0.010 -0.066 +0.080 -0.119 +0.025 -0.061 +0.012
 -0.064 +0.093 -0.076 +0.139 -0.013 +0.088 +0.021 +0.047 +0.061 -0.047
 +0.049 +0.051 +0.009 -0.021 -0.050 +0.090 +0.064 +0.065 +0.022 +0.116
 -0.058 +0.025 +0.046 -0.097 +0.022 +0.001 -0.103 -0.007 -0.125 +0.070
 +0.061 -0.025 +0.050 -0.108 -0.026 +0.090 -0.132 +0.074 +0.060 -0.041
 +0.018 -0.008 -0.035 +0.000 +0.020 -0.009 +0.045 -0.078 +0.086 -0.024
 +0.051 -0.081 +0.020 -0.049 -0.046 -0.089 +0.098 -0.002 +0.054 -0.113
 -0.133 +0.094 -0.029 +0.127 -0.061 +0.095 -0.002 +0.023 -0.091 +0.057
 +0.007 -0.062 +0.039 -0.070 +0.089 -0.058 -0.008 -0.113 +0.058 -0.085
 -0.023 +0.048 -0.098 -0.105 +0.016 -0.037 +0.090 +0.010 +0.118 -0.134
 -0.000 -0.077 +0.102 -0.005 +0.028 -0.108 -0.059 +0.048 -0.029 -0.071
 +0.056 -0.068 -0.113 -0.040 -0.031 -0.099 -0.035 +0.107 -0.003 -0.039
 +0.086 +0.068 -0.042 -0.075 -0.083 +0.095 +0.026 +0.048 -0.047 +0.144
 -0.102 +0.143 -0.052 +0.066 -0.022 -0.111 -0.060 -0.094 +0.073 -0.113
 -0.028 +0.116 +0.061 +0.021 -0.112 +0.035 -0.135 +0.041 -0.011 -0.047
 -0.076 -0.006 -0.031 -0.047 +0.064 +0.022 +0.142 -0.102 -0.063 +0.133
 -0.038 +0.035 +0.012 +0.062 +0.065 -0.051 -0.040 +0.057 +0.023 -0.089
 -0.087 +0.044 -0.109 -0.054 +0.043 +0.070 +0.083 +0.089 -0.008 +0.041
 -0.101 +0.127 -0.054 +0.030 -0.021 +0.125 +0.037 +0.024 -0.053 +0.066
 +0.026 +0.095 +0.055 -0.081 +0.062 -0.095 +0.015 -0.108 -0.018 -0.018
 +0.032 +0.115 +0.013 -0.015 +0.094 -0.017 -0.007 -0.076 -0.072 +0.135
 +0.005 +0.043 +0.086 -0.111 +0.119 +0.094 -0.056 +0.062 -0.073 +0.076
 -0.059 -0.009 +0.038 -0.065 -0.111 +0.098 +0.085 +0.091 -0.023 -0.070
 +0.084 +0.119 -0.096 -0.104 +0.003 -0.065 -0.013 -0.094 +0.044 +0.102
 -0.100 -0.054 +0.061 +0.044 +0.073 -0.036 +0.009 +0.075 +0.048 +0.020
 +0.050 +0.072 +0.094 +0.034 -0.005 -0.019 +0.050 -0.107 -0.105 +0.009
 -0.000 -0.047 +0.106 -0.041 +0.031 +0.112 +0.112 -0.003 -0.069 -0.008
 +0.087 -0.073 -0.071 +0.093 +0.082 +0.040 +0.072 +0.061 -0.052 -0.090
 +0.038 -0.094 +0.120 +0.009 +0.093 -0.080 +0.057 +0.066 +0.039 -0.117
 +0.119 -0.003 +0.027 +0.079 +0.009 +0.100 -0.138 -0.035 -0.014 +0.125
 -0.020 -0.064 -0.090 +0.112 +0.130 -0.009 +0.030 +0.140 +0.082 -0.096]

---------------------------- Optimal solution -----------------------------
Primal variables:         [+0.070 +0.047 +0.036 +0.043 +0.126 +0.017 +0.096 +0.043 +0.105 +0.104
 +0.122 +0.007 +0.140 +0.033 +0.047 +0.152 +0.029 +0.152 +0.115 +0.034
 +0.023 +0.079 +0.061 +0.011 +0.052 +0.002 +0.118 +0.134 +0.082 +0.013
 +0.127 +0.078 +0.136 +0.027 +0.062 +0.128 +0.150 +0.095 +0.134 +0.038
 +0.099 +0.046 +0.038 +0.084 +0.018 +0.053 +0.097 +0.128 +0.055 +0.036
 +0.123 +0.093 +0.076 +0.143 +0.100 +0.104 +0.048 +0.000 +0.024 +0.118
 +0.079 +0.071 +0.116 +0.146 +0.021 +0.146 +0.018 +0.152 +0.068 +0.022
 +0.103 +0.041 +0.088 +0.017 +0.132 +0.000 +0.082 +0.070 +0.070 +0.108
 +0.006 +0.034 +0.053 +0.147 +0.073 +0.095 +0.058 +0.057 +0.084 +0.081
 +0.132 +0.000 +0.088 +0.100 +0.002 +0.011 +0.089 +0.138 +0.050 +0.044
 +0.057 +0.076 +0.059 +0.005 +0.069 +0.146 +0.062 +0.151 +0.089 +0.115
 +0.035 +0.135 +0.072 +0.081 +0.143 +0.003 +0.060 +0.002 +0.049 +0.133
 +0.147 +0.049 +0.103 +0.105 +0.106 +0.070 +0.138 +0.150 +0.116 +0.030
 +0.079 +0.145 +0.089 +0.098 +0.043 +0.115 +0.094 +0.056 +0.054 +0.025
 +0.030 +0.122 +0.068 +0.143 +0.144 +0.115 +0.023 +0.046 +0.034 +0.126
 +0.090 +0.084 +0.147 +0.141 +0.014 +0.079 +0.059 +0.104 +0.104 +0.068
 +0.108 +0.031 +0.116 +0.043 +0.110 +0.108 +0.149 +0.143 +0.092 +0.119
 +0.077 +0.057 +0.088 +0.142 +0.146 +0.035 +0.148 +0.094 +0.039 +0.093
 +0.098 +0.131 +0.030 +0.071 +0.064 +0.152 +0.052 +0.047 +0.023 +0.046
 +0.111 +0.055 +0.133 +0.102 +0.007 +0.122 +0.066 +0.077 +0.094 +0.138
 +0.060 +0.092 +0.144 +0.003 +0.043 +0.038 +0.056 +0.086 +0.074 +0.134
 +0.099 +0.078 +0.054 +0.122 +0.152 +0.152 +0.117 +0.133 +0.143 +0.121
 +0.033 +0.069 +0.060 +0.072 +0.113 +0.018 +0.098 +0.093 +0.136 +0.148
 +0.019 +0.020 +0.127 +0.101 +0.074 +0.082 +0.078 +0.041 +0.149 +0.032
 +0.126 +0.030 +0.064 +0.016 +0.114 +0.132 +0.005 +0.149 +0.131 +0.109
 +0.009 +0.042 +0.131 +0.139 +0.001 +0.085 +0.127 +0.110 +0.039 +0.091
 +0.045 +0.045 +0.057 +0.117 +0.035 +0.090 +0.124 +0.141 +0.102 +0.122
 +0.017 +0.078 +0.003 +0.136 +0.071 +0.095 +0.114 +0.022 +0.046 +0.100
 +0.097 +0.048 +0.020 +0.144 +0.121 +0.012 +0.063 +0.030 +0.145 +0.103
 +0.001 +0.003 +0.113 +0.043 +0.133 +0.031 +0.069 +0.069 +0.148 +0.138
 +0.053 +0.049 +0.050 +0.129 +0.125 +0.069 +0.002 +0.002 +0.082 +0.112
 +0.033 +0.054 +0.033 +0.132 +0.142 +0.066 +0.098 +0.021 +0.046 +0.097
 +0.046 +0.019 +0.036 +0.070 +0.117 +0.012 +0.127 +0.017 +0.043 +0.043
 +0.016 +0.045 +0.149 +0.034 +0.012 +0.037 +0.116 +0.040 +0.055 +0.040
 +0.081 +0.130 +0.110 +0.104 +0.037 +0.038 +0.108 +0.044 +0.095 +0.151
 +0.079 +0.124 +0.109 +0.021 +0.042 +0.135 +0.078 +0.092 +0.133 +0.089
 +0.108 +0.147 +0.028 +0.110 +0.075 +0.086 +0.024 +0.071 +0.035 +0.086
 +0.141 +0.042 +0.130 +0.112 +0.121 +0.081 +0.007 +0.107 +0.081 +0.050
 +0.106 +0.081 +0.118 +0.134 +0.116 +0.038 +0.086 +0.123 +0.142 +0.061
 +0.095 +0.075 +0.072 +0.093 +0.023 +0.059 +0.011 +0.048 +0.053 +0.007
 +0.026 +0.079 +0.028 +0.123 +0.013 +0.096 +0.067 +0.067 +0.055 +0.043
 +0.113 +0.119 +0.126 +0.019 +0.065 +0.117 +0.127 +0.002 +0.152 +0.090
 +0.112 +0.062 +0.060 +0.145 +0.111 +0.044 +0.007 +0.069 +0.027 +0.086
 +0.060 +0.117 +0.045 +0.047 +0.044 +0.069 +0.148 +0.141 +0.021 +0.079
 +0.073 +0.148 +0.004 +0.149 +0.031 +0.054 +0.037 +0.021 +0.025 +0.038
 +0.017 +0.041 +0.088 +0.007 +0.072 +0.078 +0.099 +0.060 +0.116 +0.024
 +0.122 +0.132 +0.148 +0.028 +0.089 +0.083 +0.154 +0.029 +0.044 +0.018
 +0.077 +0.141 +0.062 +0.077 +0.133 +0.038 +0.125 +0.004 +0.050 +0.087
 +0.042 +0.153 +0.044 +0.048 +0.054 +0.134 +0.069 +0.117 +0.114 +0.063
 +0.034 +0.051 +0.137 +0.058 +0.021 +0.107 +0.049 +0.019 +0.042 +0.064]
Dual slacks:              [+0.000 +0.000 +0.000 +0.000 +0.000 +0.000 +0.000 +0.000 +0.000 +0.000
 +0.000 +0.000 +0.000 +0.000 +0.000 +0.000 +0.000 +0.000 +0.000 +0.000
 +0.000 +0.000 +0.000 +0.000 +0.000 +0.000 +0.000 +0.000 +0.000 +0.000
 +0.000 +0.000 +0.000 +0.000 +0.000 +0.000 +0.000 +0.000 +0.000 +0.000
 +0.000 +0.000 +0.000 +0.000 +0.000 +0.000 +0.000 +0.000 +0.000 +0.000
 +0.000 +0.000 +0.000 +0.000 +0.000 +0.000 +0.000 +0.319 +0.000 +0.000
 +0.000 +0.000 +0.000 +0.000 +0.000 +0.000 +0.000 +0.000 +0.000 +0.000
 +0.000 +0.000 +0.000 +0.000 +0.000 +0.000 +0.000 +0.000 +0.000 +0.000
 +0.000 +0.000 +0.000 +0.000 +0.000 +0.000 +0.000 +0.000 +0.000 +0.000
 +0.000 +1.974 +0.000 +0.000 +0.000 +0.000 +0.000 +0.000 +0.000 +0.000
 +0.000 +0.000 +0.000 +0.000 +0.000 +0.000 +0.000 +0.000 +0.000 +0.000
 +0.000 +0.000 +0.000 +0.000 +0.000 +0.000 +0.000 +0.000 +0.000 +0.000
 +0.000 +0.000 +0.000 +0.000 +0.000 +0.000 +0.000 +0.000 +0.000 +0.000
 +0.000 +0.000 +0.000 +0.000 +0.000 +0.000 +0.000 +0.000 +0.000 +0.000
 +0.000 +0.000 +0.000 +0.000 +0.000 +0.000 +0.000 +0.000 +0.000 +0.000
 +0.000 +0.000 +0.000 +0.000 +0.000 +0.000 +0.000 +0.000 +0.000 +0.000
 +0.000 +0.000 +0.000 +0.000 +0.000 +0.000 +0.000 +0.000 +0.000 +0.000
 +0.000 +0.000 +0.000 +0.000 +0.000 +0.000 +0.000 +0.000 +0.000 +0.000
 +0.000 +0.000 +0.000 +0.000 +0.000 +0.000 +0.000 +0.000 +0.000 +0.000
 +0.000 +0.000 +0.000 +0.000 +0.000 +0.000 +0.000 +0.000 +0.000 +0.000
 +0.000 +0.000 +0.000 +0.000 +0.000 +0.000 +0.000 +0.000 +0.000 +0.000
 +0.000 +0.000 +0.000 +0.000 +0.000 +0.000 +0.000 +0.000 +0.000 +0.000
 +0.000 +0.000 +0.000 +0.000 +0.000 +0.000 +0.000 +0.000 +0.000 +0.000
 +0.000 +0.000 +0.000 +0.000 +0.000 +0.000 +0.000 +0.000 +0.000 +0.000
 +0.000 +0.000 +0.000 +0.000 +0.000 +0.000 +0.000 +0.000 +0.000 +0.000
 +0.000 +0.000 +0.000 +0.000 +0.000 +0.000 +0.000 +0.000 +0.000 +0.000
 +0.000 +0.000 +0.000 +0.000 +0.000 +0.000 +0.000 +0.000 +0.000 +0.000
 +0.000 +0.000 +0.000 +0.000 +0.000 +0.000 +0.000 +0.000 +0.000 +0.000
 +0.000 +0.000 +0.000 +0.000 +0.000 +0.000 +0.000 +0.000 +0.000 +0.000
 +0.000 +0.000 +0.000 +0.000 +0.000 +0.000 +0.000 +0.000 +0.000 +0.000
 +0.000 +0.000 +0.000 +0.000 +0.000 +0.000 +0.000 +0.000 +0.000 +0.000
 +0.000 +0.000 +0.000 +0.000 +0.000 +0.000 +0.000 +0.000 +0.000 +0.000
 +0.000 +0.000 +0.000 +0.000 +0.000 +0.000 +0.000 +0.000 +0.000 +0.000
 +0.000 +0.000 +0.000 +0.000 +0.000 +0.000 +0.000 +0.000 +0.000 +0.000
 +0.000 +0.000 +0.000 +0.000 +0.000 +0.000 +0.000 +0.000 +0.000 +0.000
 +0.000 +0.000 +0.000 +0.000 +0.000 +0.000 +0.000 +0.000 +0.000 +0.000
 +0.000 +0.000 +0.000 +0.000 +0.000 +0.000 +0.000 +0.000 +0.000 +0.000
 +0.000 +0.000 +0.000 +0.000 +0.000 +0.000 +0.000 +0.000 +0.000 +0.000
 +0.000 +0.000 +0.000 +0.000 +0.000 +0.000 +0.000 +0.000 +0.000 +0.000
 +0.000 +0.000 +0.000 +0.000 +0.000 +0.000 +0.000 +0.000 +0.000 +0.000
 +0.000 +0.000 +0.000 +0.000 +0.000 +0.000 +0.000 +0.000 +0.000 +0.000
 +0.000 +0.000 +0.000 +0.000 +0.000 +0.000 +0.000 +0.000 +0.000 +0.000
 +0.000 +0.000 +0.000 +0.000 +0.000 +0.000 +0.000 +0.000 +0.000 +0.000
 +0.000 +0.000 +0.000 +0.000 +0.000 +0.000 +0.000 +0.000 +0.000 +0.000
 +0.000 +0.000 +0.000 +0.000 +0.000 +0.000 +0.000 +0.000 +0.000 +0.000
 +0.000 +0.000 +0.000 +0.000 +0.000 +0.000 +0.000 +0.000 +0.000 +0.000
 +0.000 +0.000 +0.000 +0.000 +0.000 +0.000 +0.000 +0.000 +0.000 +0.000
 +0.000 +0.000 +0.000 +0.000 +0.000 +0.000 +0.000 +0.000 +0.000 +0.000
 +0.000 +0.000 +0.000 +0.000 +0.000 +0.000 +0.000 +0.000 +0.000 +0.000
 +0.000 +0.000 +0.000 +0.000 +0.000 +0.000 +0.000 +0.000 +0.000 +0.000]
Dual variables:           [-0.071 -1.999]

Optimal objective:       -1.32673786e-01
===========================================================================

Method:                  II-QIPM
LO_Precision:            1.00e-01
Stop_Precision:          1.00e-03
LO_Verbosity:            2
Omega:                   1.00e+01

The Quantum Inexact Infeasible Interior-Point Method starts running ...


                  Objective                Residual                                Linear system           Step-length
Iter      Primal           Dual         Primal    Dual     Compl    ||Resl||  Cond-Num  ||M||   ||RHS||    a-star   a-hat      Time
   0   2.12429635e+01 -3.04445158e-01  7.74e-02 1.29e+01  3.19e+03 *8.88e-16  4.00e+00 1.00e+00 2.62e+00  9.70e-01 9.42e-01      0s
   1   2.43768165e+01 -3.04445158e-01  2.63e+00 1.19e+01  2.95e+03  3.30e+01  3.50e+00 1.92e+01 3.30e+01  4.97e-01 8.18e-02      1s
   2   2.59877328e+01 -3.04445158e-01  3.94e+00 1.15e+01  2.86e+03  4.10e+01  3.33e+00 2.13e+01 4.10e+01  4.53e-01 3.42e-02      1s
   3   2.75475644e+01 -3.04445158e-01  5.18e+00 1.11e+01  2.78e+03  4.49e+01  3.25e+00 2.22e+01 4.49e+01  4.33e-01 3.04e-02      1s
   4   2.90598685e+01 -3.04445158e-01  6.36e+00 1.08e+01  2.71e+03  4.87e+01  3.17e+00 2.31e+01 4.87e+01  4.16e-01 2.72e-02      2s
   5   3.05257843e+01 -3.04445158e-01  7.50e+00 1.06e+01  2.65e+03  5.24e+01  3.10e+00 2.39e+01 5.24e+01  3.99e-01 2.46e-02      2s
   6   3.19450558e+01 -3.04445158e-01  8.58e+00 1.03e+01  2.60e+03  5.61e+01  3.02e+00 2.46e+01 5.61e+01  3.84e-01 2.23e-02      2s
   7   7.88105102e+00 -1.15513166e-01  1.14e+00 1.36e+00  3.76e+02 *1.52e-01  2.95e+00 2.53e+01 5.97e+01  9.08e-01 8.68e-01      3s
   8   1.52983697e+00 -1.15513166e-01  2.35e+00 1.22e+00  3.39e+02  3.13e+01  3.84e+00 2.03e+02 3.13e+01  5.39e-01 1.07e-01      3s
   9  -1.26060940e+00 -1.15513166e-01  3.91e+00 1.17e+00  3.26e+02  4.06e+01  3.71e+00 2.32e+02 4.06e+01  4.84e-01 4.09e-02      3s
  10  -3.85108749e+00 -1.15513166e-01  5.37e+00 1.12e+00  3.15e+02  4.48e+01  3.64e+00 2.44e+02 4.48e+01  4.62e-01 3.58e-02      4s
  11  -6.28147111e+00 -1.15513166e-01  6.76e+00 1.09e+00  3.06e+02  4.88e+01  3.58e+00 2.55e+02 4.88e+01  4.41e-01 3.19e-02      4s
  12  -8.56861784e+00 -1.15513166e-01  8.07e+00 1.06e+00  2.98e+02  5.27e+01  3.52e+00 2.66e+02 5.27e+01  4.23e-01 2.85e-02      5s
  13  -1.07239150e+01 -1.15513166e-01  9.31e+00 1.03e+00  2.91e+02  5.64e+01  3.46e+00 2.75e+02 5.64e+01  4.06e-01 2.57e-02      5s
  14  -1.27643732e+01 -1.15513166e-01  1.05e+01 1.01e+00  2.85e+02  6.00e+01  3.40e+00 2.84e+02 6.00e+01  3.91e-01 2.33e-02      6s
  15  -1.46958010e+01 -1.15513166e-01  1.16e+01 9.85e-01  2.80e+02  6.36e+01  3.34e+00 2.93e+02 6.36e+01  3.76e-01 2.11e-02      6s
  16  -1.65295313e+01 -1.15513166e-01  1.27e+01 9.66e-01  2.75e+02  6.70e+01  3.29e+00 3.01e+02 6.70e+01  3.63e-01 1.93e-02      7s
  17  -1.82742614e+01 -1.15513166e-01  1.37e+01 9.49e-01  2.71e+02  7.03e+01  3.23e+00 3.09e+02 7.03e+01  3.50e-01 1.77e-02      7s
  18  -1.99380921e+01 -1.15513166e-01  1.47e+01 9.33e-01  2.67e+02  7.36e+01  3.18e+00 3.16e+02 7.36e+01  3.38e-01 1.63e-02      8s
  19  -2.15237816e+01 -1.15513166e-01  1.56e+01 9.19e-01  2.63e+02  7.68e+01  3.13e+00 3.23e+02 7.68e+01  3.27e-01 1.50e-02      8s
  20  -2.30417605e+01 -1.15513166e-01  1.65e+01 9.07e-01  2.60e+02  7.99e+01  3.08e+00 3.30e+02 7.99e+01  3.17e-01 1.40e-02      9s
  21  -2.44927866e+01 -1.15513166e-01  1.74e+01 8.95e-01  2.57e+02  8.29e+01  3.04e+00 3.36e+02 8.29e+01  3.07e-01 1.30e-02      9s
  22  -4.43394032e+00 -1.34593891e-01  3.23e+00 1.66e-01  5.18e+01  6.16e-02  2.99e+00 3.42e+02 8.59e+01  8.67e-01 8.14e-01      9s
  23   1.49138196e+00 -1.34593891e-01  4.56e-01 1.48e-01  4.66e+01  3.06e+01  3.73e+00 1.86e+03 3.06e+01  5.65e-01 1.09e-01     10s
  24   4.59458956e+00 -1.34593891e-01  2.39e+00 1.41e-01  4.46e+01  4.08e+01  3.56e+00 2.13e+03 4.08e+01  5.12e-01 4.78e-02     10s
  25   7.52155936e+00 -1.34593891e-01  4.21e+00 1.35e-01  4.29e+01  4.62e+01  3.47e+00 2.26e+03 4.62e+01  4.88e-01 4.16e-02     10s
  26   1.02983678e+01 -1.34593891e-01  5.94e+00 1.30e-01  4.15e+01  5.15e+01  3.38e+00 2.38e+03 5.15e+01  4.65e-01 3.67e-02     11s
  27   1.29327070e+01 -1.34593891e-01  7.59e+00 1.26e-01  4.03e+01  5.66e+01  3.29e+00 2.49e+03 5.66e+01  4.45e-01 3.26e-02     11s
  28   1.54412655e+01 -1.34593891e-01  9.16e+00 1.22e-01  3.92e+01  6.16e+01  3.21e+00 2.59e+03 6.16e+01  4.26e-01 2.91e-02     11s
  29   1.78309530e+01 -1.34593891e-01  1.07e+01 1.19e-01  3.83e+01  6.64e+01  3.13e+00 2.68e+03 6.64e+01  4.09e-01 2.62e-02     12s
  30   2.01115355e+01 -1.34593891e-01  1.21e+01 1.16e-01  3.75e+01  7.12e+01  3.05e+00 2.77e+03 7.12e+01  3.93e-01 2.37e-02     12s
  31   3.38909104e+00 -1.32522968e-01  2.04e+00 1.96e-02  6.86e+00 *8.82e-02  2.98e+00 2.86e+03 7.60e+01  9.00e-01 8.31e-01     12s
  32  -2.21717626e-02 -1.32674903e-01  9.26e-02 1.06e-04  4.36e-02  9.36e-02  4.05e+00 1.76e+04 2.10e+01  9.98e-01 9.95e-01     13s

The algorithm stopped after 33 iterations in 12.53 seconds.

Primal variables:   [+16.930 +16.881 +17.014 +17.306 +16.339 +16.278 +17.009 +16.907 +17.236
 +16.842 +17.009 +17.321 +16.597 +16.918 +17.323 +16.836 +17.106 +17.206
 +17.171 +16.694 +16.901 +17.303 +16.880 +17.321 +16.904 +16.450 +16.857
 +17.000 +16.739 +17.156 +16.924 +15.309 +16.605 +17.169 +16.825 +16.994
 +17.304 +16.906 +16.920 +17.198 +17.033 +16.712 +17.162 +16.483 +16.869
 +16.596 +16.903 +17.266 +17.317 +16.656 +16.885 +16.863 +17.111 +16.709
 +16.807 +17.102 +17.247 +0.006 +16.359 +16.705 +17.323 +16.811 +15.145
 +17.004 +16.911 +16.735 +16.912 +16.882 +16.731 +16.441 +17.223 +16.805
 +16.911 +15.862 +16.470 +16.964 +15.947 +16.786 +17.081 +16.887 +16.888
 +16.599 +16.963 +16.850 +16.843 +17.014 +17.044 +16.945 +17.092 +16.987
 +17.022 +0.001 +16.865 +17.054 +16.902 +17.292 +17.246 +16.929 +16.607
 +16.978 +15.578 +16.808 +16.983 +16.781 +16.958 +17.224 +16.784 +17.017
 +17.296 +16.688 +16.887 +16.139 +16.957 +16.706 +16.990 +17.246 +16.840
 +17.323 +17.138 +17.291 +16.762 +17.201 +16.917 +16.994 +17.055 +16.929
 +17.292 +16.789 +16.949 +17.092 +17.066 +16.861 +16.964 +16.989 +17.313
 +16.911 +17.110 +17.208 +17.327 +17.106 +16.884 +16.388 +16.943 +16.437
 +17.313 +17.271 +16.632 +16.456 +16.785 +17.040 +17.043 +16.605 +16.858
 +16.677 +16.755 +17.034 +17.146 +17.009 +16.687 +16.847 +17.190 +16.902
 +16.898 +17.188 +16.790 +16.901 +17.039 +17.204 +16.893 +16.966 +16.865
 +17.065 +16.875 +17.266 +16.696 +17.169 +17.290 +17.327 +17.296 +17.100
 +16.765 +16.933 +16.907 +16.822 +15.847 +16.858 +17.230 +17.147 +16.834
 +17.126 +16.780 +16.934 +16.863 +17.234 +16.971 +16.379 +16.875 +16.887
 +16.881 +16.939 +12.728 +17.191 +16.619 +17.051 +17.154 +16.930 +17.167
 +17.245 +17.321 +16.800 +16.831 +16.837 +16.809 +17.298 +16.670 +17.144
 +17.170 +17.302 +17.180 +16.977 +16.488 +16.997 +17.010 +16.715 +17.168
 +16.865 +16.868 +17.308 +16.900 +16.943 +16.860 +16.949 +17.319 +16.421
 +15.922 +17.026 +16.820 +17.057 +16.915 +16.334 +16.908 +17.310 +17.014
 +17.201 +17.307 +16.709 +16.863 +16.881 +16.914 +16.926 +16.793 +17.048
 +16.690 +17.049 +16.929 +17.042 +17.286 +17.264 +16.903 +16.792 +16.812
 +17.282 +16.962 +16.995 +16.974 +17.063 +16.776 +17.301 +16.835 +17.211
 +17.004 +17.022 +17.117 +16.837 +17.038 +16.867 +17.312 +16.984 +16.975
 +16.640 +16.896 +16.901 +16.848 +17.008 +17.306 +16.919 +17.020 +17.298
 +17.174 +16.833 +16.838 +16.753 +17.025 +16.864 +16.878 +16.878 +16.804
 +17.305 +16.803 +16.886 +16.956 +16.868 +16.821 +16.830 +16.865 +16.796
 +16.467 +17.062 +16.907 +17.122 +17.059 +17.184 +16.980 +16.798 +16.818
 +17.093 +17.132 +17.043 +16.761 +17.114 +16.962 +17.073 +16.949 +17.091
 +17.249 +16.669 +16.777 +16.747 +16.904 +16.790 +17.160 +17.264 +17.251
 +17.212 +16.982 +17.094 +16.823 +17.039 +16.847 +16.944 +15.364 +16.901
 +16.844 +17.107 +16.946 +17.013 +17.066 +16.668 +16.124 +17.057 +16.916
 +17.136 +16.941 +17.321 +17.169 +16.720 +16.752 +16.596 +16.943 +16.887
 +16.534 +17.258 +16.887 +17.076 +17.049 +16.911 +17.030 +17.314 +16.879
 +17.075 +16.847 +17.095 +16.869 +16.949 +16.854 +17.264 +17.302 +16.803
 +17.021 +16.938 +16.871 +16.924 +16.925 +16.962 +16.911 +16.761 +17.308
 +16.620 +16.865 +16.873 +16.892 +17.275 +16.844 +16.757 +17.307 +16.855
 +16.678 +17.018 +16.788 +17.147 +17.270 +16.816 +17.318 +16.721 +17.315
 +16.959 +15.701 +17.186 +16.844 +17.111 +16.876 +17.045 +16.942 +17.130
 +16.944 +16.931 +16.995 +17.052 +16.904 +17.093 +17.052 +17.164 +16.135
 +16.292 +17.309 +16.858 +17.015 +16.941 +16.840 +17.326 +16.923 +16.850
 +17.302 +16.973 +17.179 +17.022 +16.862 +16.227 +17.318 +17.292 +16.867
 +17.007 +16.955 +17.091 +16.863 +17.098 +17.197 +16.930 +16.741 +17.052
 +16.629 +16.808 +17.036 +16.377 +17.205 +17.027 +17.195 +17.103 +17.027
 +17.286 +16.996 +16.676 +16.438 +17.312 +17.208 +16.835 +17.095 +17.056
 +16.996 +16.831 +16.824 +16.944 +17.043 +17.088 +17.087 +16.943 +17.233
 +16.884 +16.882 +16.897 +17.297 +16.881 +16.897 +17.232 +16.885 +17.023
 +16.858 +17.241 +17.214 +17.244 +16.951 +13.797 +16.507 +17.000 +17.063
 +16.781 +17.193 +17.058 +17.270 +16.956]
Dual slacks:        [+0.000 +0.000 +0.000 +0.000 +0.000 +0.000 +0.000 +0.000 +0.000 +0.000
 +0.000 +0.000 +0.000 +0.000 +0.000 +0.000 +0.000 +0.000 +0.000 +0.000
 +0.000 +0.000 +0.000 +0.000 +0.000 +0.000 +0.000 +0.000 +0.000 +0.000
 +0.000 +0.000 +0.000 +0.000 +0.000 +0.000 +0.000 +0.000 +0.000 +0.000
 +0.000 +0.000 +0.000 +0.000 +0.000 +0.000 +0.000 +0.000 +0.000 +0.000
 +0.000 +0.000 +0.000 +0.000 +0.000 +0.000 +0.000 +0.319 +0.000 +0.000
 +0.000 +0.000 +0.000 +0.000 +0.000 +0.000 +0.000 +0.000 +0.000 +0.000
 +0.000 +0.000 +0.000 +0.000 +0.000 +0.000 +0.000 +0.000 +0.000 +0.000
 +0.000 +0.000 +0.000 +0.000 +0.000 +0.000 +0.000 +0.000 +0.000 +0.000
 +0.000 +1.974 +0.000 +0.000 +0.000 +0.000 +0.000 +0.000 +0.000 +0.000
 +0.000 +0.000 +0.000 +0.000 +0.000 +0.000 +0.000 +0.000 +0.000 +0.000
 +0.000 +0.000 +0.000 +0.000 +0.000 +0.000 +0.000 +0.000 +0.000 +0.000
 +0.000 +0.000 +0.000 +0.000 +0.000 +0.000 +0.000 +0.000 +0.000 +0.000
 +0.000 +0.000 +0.000 +0.000 +0.000 +0.000 +0.000 +0.000 +0.000 +0.000
 +0.000 +0.000 +0.000 +0.000 +0.000 +0.000 +0.000 +0.000 +0.000 +0.000
 +0.000 +0.000 +0.000 +0.000 +0.000 +0.000 +0.000 +0.000 +0.000 +0.000
 +0.000 +0.000 +0.000 +0.000 +0.000 +0.000 +0.000 +0.000 +0.000 +0.000
 +0.000 +0.000 +0.000 +0.000 +0.000 +0.000 +0.000 +0.000 +0.000 +0.000
 +0.000 +0.000 +0.000 +0.000 +0.000 +0.000 +0.000 +0.000 +0.000 +0.000
 +0.000 +0.000 +0.000 +0.000 +0.000 +0.000 +0.000 +0.000 +0.000 +0.000
 +0.000 +0.000 +0.000 +0.000 +0.000 +0.000 +0.000 +0.000 +0.000 +0.000
 +0.000 +0.000 +0.000 +0.000 +0.000 +0.000 +0.000 +0.000 +0.000 +0.000
 +0.000 +0.000 +0.000 +0.000 +0.000 +0.000 +0.000 +0.000 +0.000 +0.000
 +0.000 +0.000 +0.000 +0.000 +0.000 +0.000 +0.000 +0.000 +0.000 +0.000
 +0.000 +0.000 +0.000 +0.000 +0.000 +0.000 +0.000 +0.000 +0.000 +0.000
 +0.000 +0.000 +0.000 +0.000 +0.000 +0.000 +0.000 +0.000 +0.000 +0.000
 +0.000 +0.000 +0.000 +0.000 +0.000 +0.000 +0.000 +0.000 +0.000 +0.000
 +0.000 +0.000 +0.000 +0.000 +0.000 +0.000 +0.000 +0.000 +0.000 +0.000
 +0.000 +0.000 +0.000 +0.000 +0.000 +0.000 +0.000 +0.000 +0.000 +0.000
 +0.000 +0.000 +0.000 +0.000 +0.000 +0.000 +0.000 +0.000 +0.000 +0.000
 +0.000 +0.000 +0.000 +0.000 +0.000 +0.000 +0.000 +0.000 +0.000 +0.000
 +0.000 +0.000 +0.000 +0.000 +0.000 +0.000 +0.000 +0.000 +0.000 +0.000
 +0.000 +0.000 +0.000 +0.000 +0.000 +0.000 +0.000 +0.000 +0.000 +0.000
 +0.000 +0.000 +0.000 +0.000 +0.000 +0.000 +0.000 +0.000 +0.000 +0.000
 +0.000 +0.000 +0.000 +0.000 +0.000 +0.000 +0.000 +0.000 +0.000 +0.000
 +0.000 +0.000 +0.000 +0.000 +0.000 +0.000 +0.000 +0.000 +0.000 +0.000
 +0.000 +0.000 +0.000 +0.000 +0.000 +0.000 +0.000 +0.000 +0.000 +0.000
 +0.000 +0.000 +0.000 +0.000 +0.000 +0.000 +0.000 +0.000 +0.000 +0.000
 +0.000 +0.000 +0.000 +0.000 +0.000 +0.000 +0.000 +0.000 +0.000 +0.000
 +0.000 +0.000 +0.000 +0.000 +0.000 +0.000 +0.000 +0.000 +0.000 +0.000
 +0.000 +0.000 +0.000 +0.000 +0.000 +0.000 +0.000 +0.000 +0.000 +0.000
 +0.000 +0.000 +0.000 +0.000 +0.000 +0.000 +0.000 +0.000 +0.000 +0.000
 +0.000 +0.000 +0.000 +0.000 +0.000 +0.000 +0.000 +0.000 +0.000 +0.000
 +0.000 +0.000 +0.000 +0.000 +0.000 +0.000 +0.000 +0.000 +0.000 +0.000
 +0.000 +0.000 +0.000 +0.000 +0.000 +0.000 +0.000 +0.000 +0.000 +0.000
 +0.000 +0.000 +0.000 +0.000 +0.000 +0.000 +0.000 +0.000 +0.000 +0.000
 +0.000 +0.000 +0.000 +0.000 +0.000 +0.000 +0.000 +0.000 +0.000 +0.000
 +0.000 +0.000 +0.000 +0.000 +0.000 +0.000 +0.000 +0.000 +0.000 +0.000
 +0.000 +0.000 +0.000 +0.000 +0.000 +0.000 +0.000 +0.000 +0.000 +0.000
 +0.000 +0.000 +0.000 +0.000 +0.000 +0.000 +0.000 +0.000 +0.000 +0.000]
Dual variables:     [-0.071 -1.999]

Primal objective:   -2.21717626e-02
Dual objective:     -1.32674903e-01

Primal residual:    9.26e-02
Dual residual:      1.06e-04
Complementraty:     4.36e-02

Number of Iter:     33
Run time:           12.53
