
--------------- Linear optimization problem characteristics ---------------
Seed:                    77
Number of variables:     500
Number of constraints:   2

Norm of primal sol:      2.00e+00
Norm of dual sol:        2.00e+00
Norm of dual slacks:     2.00e+00

Norm of vector b:        5.52e-02
Norm of vector c:        2.82e+00

Norm of matrix A:        1.00e+00
Condition number:        2.00e+00

----------------------- Linear optimization problem -----------------------
Coeff matrix A:          [[-0.023 -0.049 +0.050 -0.011 -0.024 -0.041 -0.036 +0.063 -0.039 +0.030
 -0.047 +0.037 -0.011 +0.051 +0.036 -0.047 -0.032 -0.045 +0.028 -0.039
 -0.042 +0.062 +0.039 -0.027 +0.059 -0.063 +0.004 -0.004 +0.014 +0.017
 -0.021 -0.029 +0.044 +0.020 +0.046 -0.018 +0.002 +0.013 -0.063 +0.028
 -0.023 +0.041 +0.016 +0.064 -0.037 -0.038 -0.062 +0.023 +0.018 +0.027
 +0.045 -0.025 +0.021 +0.048 -0.054 -0.016 +0.056 +0.017 -0.005 +0.007
 -0.020 +0.061 +0.008 -0.005 -0.013 +0.026 +0.020 +0.041 -0.040 +0.010
 -0.017 +0.018 +0.046 +0.024 +0.017 +0.014 +0.021 +0.017 +0.067 +0.008
 +0.001 +0.009 +0.040 +0.020 -0.077 +0.043 +0.005 +0.001 -0.074 -0.007
 -0.045 +0.028 +0.035 -0.038 -0.017 +0.022 -0.036 -0.058 +0.017 +0.044
 +0.023 -0.010 +0.078 +0.048 +0.018 +0.055 +0.012 -0.010 +0.004 +0.051
 +0.020 +0.041 -0.042 -0.006 -0.035 +0.031 +0.006 +0.038 -0.074 -0.012
 +0.026 -0.037 +0.024 -0.052 +0.048 +0.004 +0.044 -0.037 +0.057 -0.009
 +0.056 -0.001 +0.021 -0.053 -0.048 +0.056 -0.007 +0.049 -0.006 -0.008
 -0.055 +0.052 -0.045 +0.032 -0.040 +0.029 -0.052 +0.037 -0.034 -0.044
 -0.000 -0.041 -0.014 +0.016 -0.067 +0.044 +0.031 +0.035 +0.069 -0.014
 +0.008 +0.026 -0.035 -0.072 -0.017 +0.063 +0.014 -0.071 +0.046 -0.040
 -0.023 +0.023 +0.043 +0.052 -0.034 -0.009 -0.044 -0.050 +0.000 -0.048
 +0.012 +0.021 -0.050 -0.003 -0.028 -0.027 -0.011 -0.033 +0.036 +0.067
 +0.052 -0.049 -0.050 +0.001 +0.016 -0.043 -0.017 -0.043 -0.021 +0.001
 +0.020 -0.017 +0.035 -0.045 -0.003 -0.008 -0.005 -0.040 +0.055 -0.049
 +0.006 -0.059 +0.033 -0.016 +0.052 -0.057 +0.005 +0.071 +0.066 -0.056
 -0.029 -0.010 -0.014 +0.032 +0.036 -0.039 +0.043 +0.019 +0.006 +0.008
 -0.032 +0.032 +0.037 +0.030 -0.008 +0.028 -0.029 -0.046 -0.056 +0.061
 -0.003 -0.057 +0.003 -0.056 +0.004 +0.034 +0.038 +0.036 -0.028 +0.011
 +0.049 -0.008 -0.050 +0.044 +0.001 -0.046 -0.044 +0.043 -0.008 +0.042
 +0.024 +0.022 -0.048 -0.025 +0.030 +0.016 -0.029 -0.044 -0.059 +0.032
 +0.036 +0.007 +0.033 +0.030 -0.002 -0.060 +0.035 -0.077 +0.027 -0.037
 +0.009 -0.014 +0.017 -0.048 -0.058 -0.007 +0.016 -0.007 -0.011 -0.063
 -0.047 -0.071 +0.030 +0.001 +0.009 -0.065 +0.032 -0.033 -0.003 +0.072
 -0.065 -0.031 -0.066 -0.018 +0.069 +0.039 -0.063 -0.042 +0.045 -0.030
 +0.037 +0.039 +0.010 +0.073 -0.013 +0.041 -0.031 +0.002 -0.042 +0.065
 -0.053 +0.066 +0.009 +0.059 -0.041 -0.010 -0.029 +0.038 +0.057 +0.030
 +0.013 +0.015 -0.006 -0.076 +0.059 -0.053 +0.057 +0.021 +0.042 -0.035
 +0.058 -0.061 +0.007 -0.067 -0.011 -0.038 +0.073 +0.000 -0.009 +0.044
 -0.037 +0.057 -0.029 +0.015 +0.034 +0.002 -0.055 -0.038 -0.007 +0.063
 +0.037 -0.068 +0.015 +0.001 +0.060 +0.042 -0.028 -0.034 -0.041 -0.018
 -0.019 -0.072 -0.005 +0.064 -0.023 -0.046 -0.046 -0.036 +0.018 -0.040
 -0.038 +0.048 +0.007 +0.053 -0.035 +0.043 +0.035 -0.043 +0.045 +0.044
 +0.048 -0.014 +0.031 +0.024 -0.021 -0.041 -0.055 +0.047 +0.033 +0.003
 +0.073 +0.035 +0.060 -0.030 +0.033 +0.020 -0.032 -0.070 +0.042 +0.015
 -0.036 +0.075 +0.016 -0.073 -0.007 -0.018 -0.003 -0.006 -0.017 +0.026
 +0.024 -0.013 -0.019 +0.018 -0.011 +0.042 +0.014 -0.003 -0.050 -0.030
 +0.012 -0.034 -0.060 -0.020 +0.036 +0.023 +0.013 +0.034 -0.046 -0.035
 +0.074 -0.004 -0.032 -0.031 -0.054 -0.008 +0.048 +0.065 -0.051 +0.014
 +0.017 +0.023 +0.069 -0.069 +0.066 +0.068 -0.054 -0.004 -0.010 -0.016
 -0.037 +0.011 +0.034 +0.047 -0.010 +0.053 +0.016 +0.050 -0.024 +0.027
 -0.042 +0.057 +0.013 -0.040 +0.014 +0.060 -0.024 +0.055 -0.037 +0.071
 -0.019 +0.041 +0.044 -0.033 -0.050 -0.050 +0.050 +0.017 -0.061 +0.046
 +0.019 +0.059 +0.011 -0.029 -0.055 +0.038 -0.006 +0.031 +0.055 +0.025]
                          [+0.036 -0.002 -0.018 +0.023 +0.004 -0.050 +0.014 +0.056 +0.016 -0.036
 -0.031 +0.015 -0.018 +0.036 +0.050 +0.021 -0.001 -0.047 +0.050 -0.031
 +0.013 +0.051 +0.028 -0.017 +0.062 -0.061 +0.012 +0.032 -0.031 +0.012
 -0.045 -0.002 +0.028 +0.041 -0.001 +0.041 +0.012 -0.021 -0.050 +0.027
 +0.030 -0.009 +0.007 +0.045 -0.020 -0.050 -0.047 -0.003 -0.005 +0.003
 -0.031 +0.021 +0.043 +0.003 -0.055 +0.029 +0.044 +0.044 +0.045 +0.035
 -0.011 +0.022 +0.011 -0.009 +0.034 -0.015 -0.033 +0.028 -0.010 -0.021
 +0.022 +0.030 +0.040 +0.004 +0.047 +0.022 +0.019 -0.027 +0.052 -0.039
 -0.010 -0.010 +0.010 -0.033 -0.058 +0.044 -0.028 -0.033 -0.058 -0.016
 +0.027 +0.028 -0.004 +0.034 -0.014 +0.012 -0.018 -0.058 +0.003 +0.009
 -0.012 -0.029 +0.062 +0.012 +0.030 +0.035 -0.003 +0.024 -0.028 +0.048
 +0.017 +0.021 -0.001 -0.005 -0.015 +0.045 +0.044 +0.026 -0.048 -0.033
 +0.009 -0.012 -0.027 -0.001 +0.024 -0.012 +0.020 -0.021 +0.025 -0.004
 +0.031 +0.040 +0.005 -0.005 -0.040 -0.001 -0.041 -0.016 +0.025 +0.016
 +0.001 -0.013 +0.010 +0.047 -0.024 +0.045 -0.017 +0.013 -0.017 -0.044
 +0.016 +0.018 -0.032 +0.007 -0.049 +0.039 +0.033 -0.002 +0.037 +0.011
 +0.046 -0.036 -0.049 -0.063 -0.004 +0.014 +0.013 -0.047 +0.002 +0.030
 -0.033 -0.036 +0.044 -0.008 -0.009 -0.034 +0.010 -0.021 +0.031 -0.039
 -0.017 -0.024 -0.021 -0.044 +0.038 -0.050 +0.013 -0.027 -0.032 +0.050
 -0.001 +0.018 -0.029 +0.041 -0.031 -0.051 -0.028 -0.015 -0.015 -0.001
 -0.004 +0.034 -0.037 +0.014 +0.011 +0.011 -0.015 -0.005 +0.004 -0.010
 -0.017 -0.041 +0.043 +0.042 +0.017 -0.010 +0.014 +0.044 +0.051 -0.052
 -0.003 -0.025 -0.036 +0.006 +0.010 -0.019 +0.033 -0.015 +0.042 -0.014
 -0.025 -0.031 -0.016 +0.032 -0.017 +0.015 -0.046 -0.006 -0.005 +0.037
 -0.022 -0.014 -0.027 -0.015 -0.015 -0.003 +0.017 -0.010 +0.018 +0.048
 -0.010 +0.042 +0.002 +0.025 -0.043 +0.014 -0.014 -0.024 -0.029 +0.041
 +0.025 -0.024 -0.007 +0.027 +0.004 -0.006 +0.010 -0.047 -0.052 +0.037
 +0.020 +0.033 +0.041 +0.012 +0.008 -0.062 +0.028 -0.058 +0.020 -0.009
 +0.001 +0.008 +0.038 +0.021 -0.032 -0.046 +0.050 +0.002 +0.029 -0.016
 +0.009 -0.055 +0.026 -0.016 +0.015 -0.046 +0.035 +0.001 -0.001 +0.064
 -0.057 +0.013 -0.024 +0.007 +0.057 +0.013 -0.023 -0.045 -0.031 -0.023
 +0.003 -0.018 +0.023 +0.057 +0.025 +0.020 +0.020 -0.036 +0.024 +0.052
 -0.009 +0.036 +0.010 +0.048 -0.032 +0.002 -0.015 +0.032 +0.005 -0.027
 +0.044 +0.045 +0.026 -0.058 +0.003 -0.038 +0.037 +0.026 +0.024 -0.017
 +0.009 -0.029 +0.032 -0.037 -0.045 +0.021 +0.058 -0.027 +0.029 +0.008
 -0.004 +0.061 -0.019 -0.009 -0.020 +0.045 -0.005 +0.030 +0.013 +0.023
 +0.012 -0.058 -0.040 -0.020 +0.050 +0.019 -0.041 +0.028 -0.051 -0.002
 +0.017 -0.051 +0.017 +0.022 -0.043 +0.007 -0.024 -0.038 -0.014 -0.044
 -0.052 +0.049 +0.030 +0.009 -0.048 -0.030 -0.029 +0.027 -0.016 +0.048
 +0.036 -0.020 +0.015 +0.003 +0.010 +0.020 -0.056 +0.021 +0.056 -0.031
 +0.063 -0.032 +0.028 -0.019 -0.031 -0.007 -0.033 -0.039 -0.007 +0.024
 -0.002 +0.057 -0.008 -0.048 +0.005 -0.017 -0.023 +0.035 +0.042 -0.013
 -0.022 -0.008 -0.036 +0.045 -0.047 -0.020 -0.005 -0.014 -0.021 +0.011
 +0.036 +0.004 -0.039 +0.040 +0.037 -0.024 +0.030 +0.002 -0.033 -0.037
 +0.065 +0.019 +0.019 +0.031 -0.047 +0.016 +0.010 +0.052 -0.030 +0.031
 +0.016 +0.041 +0.064 -0.044 +0.044 +0.046 -0.031 -0.033 -0.030 +0.020
 -0.025 -0.037 -0.023 +0.000 -0.018 +0.043 +0.038 -0.017 -0.025 -0.001
 -0.014 +0.050 +0.022 -0.026 -0.025 +0.058 -0.028 +0.052 -0.033 +0.054
 +0.002 +0.025 +0.057 -0.006 +0.001 -0.036 +0.059 -0.012 -0.031 +0.056
 +0.007 +0.049 -0.041 +0.027 +0.012 +0.000 +0.008 +0.044 +0.061 -0.039]]

RHS vector b:            [-0.006 -0.055]
Obj vector c:            [+0.032 -0.059 +0.029 +0.025 -0.022 -0.129 -0.019 +0.164 -0.018 -0.024
 -0.105 +0.067 -0.042 +0.118 +0.124 -0.019 -0.038 -0.129 +0.115 -0.095
 -0.026 +0.155 +0.091 -0.059 +0.169 -0.172 +0.025 +0.048 -0.035 +0.039
 -0.097 -0.036 +0.096 +0.090 +0.051 +0.046 +0.021 -0.019 -0.154 +0.076
 +0.023 +0.033 +0.029 +0.147 -0.075 -0.125 -0.148 +0.022 +0.013 +0.036
 +0.001 +0.006 +0.095 +0.060 -0.151 +0.029 +0.136 +0.092 +0.068 +0.065
 -0.042 +0.105 +0.027 -0.021 +0.040 +0.006 -0.030 +0.092 -0.063 -0.023
 +0.017 +0.071 +0.118 +0.034 +1.745 +0.052 +0.055 -0.026 +0.161 -0.055
 -0.016 -0.006 +0.062 -0.032 -0.184 +0.122 -0.041 -0.053 -0.180 -0.034
 -0.009 +0.078 +0.034 +0.012 -0.043 +0.046 -0.071 -0.161 +0.024 +0.065
 +0.008 -0.058 +0.190 +0.074 +0.069 +0.122 +0.009 +0.028 -0.042 +0.138
 +0.051 +0.082 -0.051 -0.014 -0.064 +0.109 +0.080 +0.087 -0.164 -0.069
 +0.045 -0.061 -0.016 -0.061 +0.095 -0.015 +0.082 -0.076 +0.107 -0.017
 +0.116 +0.064 +0.032 -0.069 -0.121 +0.062 -0.076 +0.030 +0.033 +0.016
 -0.061 +0.039 -0.035 +0.114 -0.085 +0.107 -0.088 +0.064 -0.066 -0.122
 +0.026 -0.017 -0.068 +0.030 -0.157 +0.114 +0.090 +0.038 +0.140 +0.002
 +0.085 -0.028 -0.120 -0.186 -0.025 +0.095 +0.038 -0.159 +0.055 +0.003
 -0.080 -0.034 +0.122 +0.047 -0.053 -0.065 -0.033 -0.093 +0.050 -0.118
 -0.014 -0.015 -0.093 -0.075 +0.031 -0.113 +1.142 -0.082 -0.010 +0.160
 +0.058 -0.027 -0.106 +0.068 -0.033 -0.132 -0.065 -0.074 -0.049 -0.001
 +0.016 +0.036 -0.020 -0.029 +0.015 +0.008 -0.030 -0.053 +0.069 -0.073
 -0.021 -0.134 +0.109 +0.051 +0.088 -0.083 +0.029 +0.154 +0.159 -0.149
 -0.038 -0.052 -0.074 +0.046 +0.057 -0.077 +0.102 -0.003 +0.076 -0.014
 -0.078 -0.014 +0.016 +0.086 -0.037 +0.057 -0.109 -0.063 -0.072 +0.130
 -0.039 -0.088 -0.040 -0.090 -0.020 +0.033 +0.072 +0.025 -0.003 +0.092
 +0.039 +0.060 -0.054 +0.092 -0.069 -0.029 -0.073 +0.011 -0.056 +0.115
 +0.069 -0.014 -0.066 +0.015 +0.041 +0.008 -0.017 -0.127 -0.153 +0.098
 +0.074 +0.062 +0.106 +0.054 +0.011 -0.171 +0.086 -0.183 +0.063 -0.057
 +0.012 -0.002 +0.081 -0.022 -0.120 -0.083 +0.101 -0.004 +0.034 -0.099
 -0.039 -0.172 +0.076 -0.025 +0.034 -0.151 +0.094 -0.036 -0.005 +0.187
 -0.168 -0.014 -0.115 -0.008 +0.171 +0.066 -0.109 -0.121 +0.001 -0.071
 +0.047 +0.014 +0.050 +0.178 +0.026 +0.080 -0.004 -0.056 -0.009 +0.159
 -0.076 +0.134 +0.027 +0.147 -0.099 -0.008 -0.057 +0.096 +0.074 -0.010
 +0.086 +0.091 +0.036 -0.182 +0.073 -0.124 +0.125 +0.067 +0.088 -0.068
 +0.081 -0.117 +0.061 -0.138 -0.085 -0.009 +0.178 -0.045 +0.038 +0.064
 -0.050 +0.165 -0.065 +0.002 +0.007 +0.075 -0.072 +0.006 +0.013 +0.110
 +0.063 -0.174 -0.048 -0.032 +0.151 +0.080 -0.099 +0.007 -0.130 -0.025
 +0.007 -0.167 +0.022 +0.109 -0.096 -0.042 -0.091 -0.104 -0.003 -0.118
 -0.127 +0.136 +0.057 +0.075 -0.119 +0.000 -0.007 -0.006 +0.024 +0.129
 +0.114 -0.049 +0.059 +0.033 -0.007 -0.015 -0.155 +0.088 +0.128 -0.047
 +0.187 -0.012 +0.114 -0.066 -0.013 +0.012 -0.091 -0.144 +0.037 +0.056
 -0.046 +0.179 +0.005 -0.163 +0.000 -0.049 -0.041 +0.050 +0.049 +0.008
 -0.008 -0.029 -0.081 +0.093 -0.089 +0.015 +0.008 -0.026 -0.093 -0.017
 +0.073 -0.033 -0.133 +0.044 +0.103 -0.013 +0.064 +0.042 -0.107 -0.102
 +0.191 +0.027 -0.006 +0.015 -0.139 +0.018 +0.071 +0.159 -0.107 +0.067
 +0.045 +0.094 +0.184 -0.152 +0.148 +0.154 -0.112 -0.059 -0.061 +0.014
 -0.082 -0.048 +0.001 +0.055 -0.041 +0.132 +0.080 +0.029 -0.069 +0.029
 -0.072 +0.147 +0.050 -0.089 -0.024 +0.164 -0.074 +0.148 -0.096 +0.170
 -0.019 +0.088 +0.144 -0.047 -0.055 -0.116 +0.154 -0.000 -0.120 +0.145
 +0.034 +0.147 -0.054 +0.012 -0.044 +0.044 +0.006 +0.107 +0.164 -0.035]

---------------------------- Optimal solution -----------------------------
Primal variables:         [+0.147 +0.103 +0.121 +0.022 +0.014 +0.126 +0.052 +0.087 +0.038 +0.087
 +0.064 +0.114 +0.134 +0.094 +0.047 +0.045 +0.113 +0.068 +0.009 +0.119
 +0.072 +0.028 +0.008 +0.047 +0.011 +0.120 +0.010 +0.069 +0.058 +0.024
 +0.087 +0.071 +0.006 +0.132 +0.044 +0.027 +0.103 +0.017 +0.056 +0.062
 +0.071 +0.156 +0.117 +0.050 +0.143 +0.125 +0.042 +0.050 +0.021 +0.068
 +0.150 +0.059 +0.070 +0.147 +0.152 +0.041 +0.114 +0.008 +0.022 +0.081
 +0.094 +0.052 +0.023 +0.041 +0.137 +0.109 +0.160 +0.051 +0.073 +0.139
 +0.102 +0.053 +0.087 +0.018 +0.000 +0.035 +0.082 +0.084 +0.044 +0.145
 +0.067 +0.152 +0.126 +0.077 +0.002 +0.010 +0.132 +0.065 +0.009 +0.042
 +0.045 +0.151 +0.143 +0.032 +0.016 +0.092 +0.119 +0.096 +0.145 +0.150
 +0.090 +0.142 +0.050 +0.123 +0.034 +0.046 +0.044 +0.040 +0.002 +0.097
 +0.138 +0.041 +0.139 +0.068 +0.026 +0.009 +0.068 +0.118 +0.076 +0.112
 +0.148 +0.072 +0.063 +0.057 +0.147 +0.004 +0.038 +0.013 +0.090 +0.047
 +0.115 +0.016 +0.004 +0.112 +0.127 +0.061 +0.040 +0.042 +0.080 +0.049
 +0.115 +0.098 +0.010 +0.024 +0.155 +0.075 +0.117 +0.034 +0.103 +0.146
 +0.006 +0.028 +0.047 +0.050 +0.052 +0.092 +0.160 +0.057 +0.003 +0.016
 +0.063 +0.097 +0.141 +0.023 +0.057 +0.088 +0.134 +0.094 +0.159 +0.120
 +0.005 +0.148 +0.157 +0.054 +0.105 +0.093 +0.148 +0.133 +0.141 +0.140
 +0.074 +0.112 +0.154 +0.046 +0.073 +0.037 +0.000 +0.039 +0.055 +0.037
 +0.065 +0.024 +0.158 +0.073 +0.086 +0.123 +0.148 +0.117 +0.013 +0.130
 +0.090 +0.090 +0.145 +0.038 +0.147 +0.039 +0.141 +0.088 +0.107 +0.081
 +0.074 +0.136 +0.124 +0.033 +0.078 +0.093 +0.114 +0.093 +0.001 +0.111
 +0.017 +0.154 +0.028 +0.151 +0.086 +0.147 +0.104 +0.157 +0.003 +0.078
 +0.084 +0.038 +0.115 +0.016 +0.036 +0.089 +0.000 +0.129 +0.130 +0.037
 +0.040 +0.103 +0.132 +0.128 +0.083 +0.021 +0.020 +0.153 +0.024 +0.061
 +0.112 +0.002 +0.124 +0.036 +0.006 +0.038 +0.039 +0.070 +0.091 +0.149
 +0.061 +0.063 +0.017 +0.045 +0.130 +0.024 +0.028 +0.083 +0.150 +0.107
 +0.074 +0.125 +0.057 +0.119 +0.092 +0.050 +0.109 +0.041 +0.007 +0.125
 +0.110 +0.031 +0.143 +0.007 +0.105 +0.147 +0.035 +0.067 +0.023 +0.124
 +0.143 +0.053 +0.019 +0.013 +0.074 +0.055 +0.129 +0.134 +0.100 +0.047
 +0.158 +0.105 +0.107 +0.077 +0.123 +0.115 +0.049 +0.091 +0.097 +0.156
 +0.069 +0.056 +0.025 +0.038 +0.049 +0.029 +0.017 +0.007 +0.100 +0.065
 +0.013 +0.023 +0.137 +0.152 +0.040 +0.038 +0.004 +0.011 +0.022 +0.038
 +0.074 +0.047 +0.077 +0.048 +0.120 +0.024 +0.135 +0.087 +0.043 +0.027
 +0.087 +0.086 +0.068 +0.158 +0.031 +0.048 +0.040 +0.039 +0.034 +0.025
 +0.141 +0.043 +0.043 +0.060 +0.028 +0.158 +0.040 +0.144 +0.027 +0.096
 +0.061 +0.051 +0.023 +0.154 +0.024 +0.110 +0.139 +0.046 +0.009 +0.020
 +0.044 +0.029 +0.024 +0.009 +0.138 +0.096 +0.103 +0.009 +0.071 +0.096
 +0.132 +0.082 +0.016 +0.040 +0.106 +0.017 +0.092 +0.131 +0.088 +0.114
 +0.155 +0.154 +0.026 +0.146 +0.102 +0.091 +0.069 +0.062 +0.044 +0.047
 +0.142 +0.026 +0.080 +0.110 +0.093 +0.139 +0.061 +0.080 +0.008 +0.016
 +0.049 +0.045 +0.156 +0.119 +0.085 +0.076 +0.031 +0.059 +0.089 +0.156
 +0.052 +0.026 +0.105 +0.127 +0.153 +0.105 +0.143 +0.015 +0.055 +0.082
 +0.050 +0.130 +0.015 +0.120 +0.150 +0.041 +0.040 +0.089 +0.117 +0.124
 +0.091 +0.037 +0.056 +0.007 +0.077 +0.019 +0.067 +0.021 +0.154 +0.103
 +0.023 +0.066 +0.041 +0.018 +0.086 +0.073 +0.141 +0.111 +0.068 +0.100
 +0.108 +0.094 +0.071 +0.119 +0.032 +0.108 +0.035 +0.040 +0.159 +0.086
 +0.116 +0.113 +0.124 +0.085 +0.139 +0.018 +0.056 +0.008 +0.073 +0.037
 +0.063 +0.111 +0.019 +0.013 +0.142 +0.110 +0.037 +0.023 +0.110 +0.026
 +0.155 +0.121 +0.127 +0.107 +0.025 +0.034 +0.109 +0.045 +0.078 +0.136]
Dual slacks:              [+0.000 +0.000 +0.000 +0.000 +0.000 +0.000 +0.000 +0.000 +0.000 +0.000
 +0.000 +0.000 +0.000 +0.000 +0.000 +0.000 +0.000 +0.000 +0.000 +0.000
 +0.000 +0.000 +0.000 +0.000 +0.000 +0.000 +0.000 +0.000 +0.000 +0.000
 +0.000 +0.000 +0.000 +0.000 +0.000 +0.000 +0.000 +0.000 +0.000 +0.000
 +0.000 +0.000 +0.000 +0.000 +0.000 +0.000 +0.000 +0.000 +0.000 +0.000
 +0.000 +0.000 +0.000 +0.000 +0.000 +0.000 +0.000 +0.000 +0.000 +0.000
 +0.000 +0.000 +0.000 +0.000 +0.000 +0.000 +0.000 +0.000 +0.000 +0.000
 +0.000 +0.000 +0.000 +0.000 +1.648 +0.000 +0.000 +0.000 +0.000 +0.000
 +0.000 +0.000 +0.000 +0.000 +0.000 +0.000 +0.000 +0.000 +0.000 +0.000
 +0.000 +0.000 +0.000 +0.000 +0.000 +0.000 +0.000 +0.000 +0.000 +0.000
 +0.000 +0.000 +0.000 +0.000 +0.000 +0.000 +0.000 +0.000 +0.000 +0.000
 +0.000 +0.000 +0.000 +0.000 +0.000 +0.000 +0.000 +0.000 +0.000 +0.000
 +0.000 +0.000 +0.000 +0.000 +0.000 +0.000 +0.000 +0.000 +0.000 +0.000
 +0.000 +0.000 +0.000 +0.000 +0.000 +0.000 +0.000 +0.000 +0.000 +0.000
 +0.000 +0.000 +0.000 +0.000 +0.000 +0.000 +0.000 +0.000 +0.000 +0.000
 +0.000 +0.000 +0.000 +0.000 +0.000 +0.000 +0.000 +0.000 +0.000 +0.000
 +0.000 +0.000 +0.000 +0.000 +0.000 +0.000 +0.000 +0.000 +0.000 +0.000
 +0.000 +0.000 +0.000 +0.000 +0.000 +0.000 +0.000 +0.000 +0.000 +0.000
 +0.000 +0.000 +0.000 +0.000 +0.000 +0.000 +1.134 +0.000 +0.000 +0.000
 +0.000 +0.000 +0.000 +0.000 +0.000 +0.000 +0.000 +0.000 +0.000 +0.000
 +0.000 +0.000 +0.000 +0.000 +0.000 +0.000 +0.000 +0.000 +0.000 +0.000
 +0.000 +0.000 +0.000 +0.000 +0.000 +0.000 +0.000 +0.000 +0.000 +0.000
 +0.000 +0.000 +0.000 +0.000 +0.000 +0.000 +0.000 +0.000 +0.000 +0.000
 +0.000 +0.000 +0.000 +0.000 +0.000 +0.000 +0.000 +0.000 +0.000 +0.000
 +0.000 +0.000 +0.000 +0.000 +0.000 +0.000 +0.000 +0.000 +0.000 +0.000
 +0.000 +0.000 +0.000 +0.000 +0.000 +0.000 +0.000 +0.000 +0.000 +0.000
 +0.000 +0.000 +0.000 +0.000 +0.000 +0.000 +0.000 +0.000 +0.000 +0.000
 +0.000 +0.000 +0.000 +0.000 +0.000 +0.000 +0.000 +0.000 +0.000 +0.000
 +0.000 +0.000 +0.000 +0.000 +0.000 +0.000 +0.000 +0.000 +0.000 +0.000
 +0.000 +0.000 +0.000 +0.000 +0.000 +0.000 +0.000 +0.000 +0.000 +0.000
 +0.000 +0.000 +0.000 +0.000 +0.000 +0.000 +0.000 +0.000 +0.000 +0.000
 +0.000 +0.000 +0.000 +0.000 +0.000 +0.000 +0.000 +0.000 +0.000 +0.000
 +0.000 +0.000 +0.000 +0.000 +0.000 +0.000 +0.000 +0.000 +0.000 +0.000
 +0.000 +0.000 +0.000 +0.000 +0.000 +0.000 +0.000 +0.000 +0.000 +0.000
 +0.000 +0.000 +0.000 +0.000 +0.000 +0.000 +0.000 +0.000 +0.000 +0.000
 +0.000 +0.000 +0.000 +0.000 +0.000 +0.000 +0.000 +0.000 +0.000 +0.000
 +0.000 +0.000 +0.000 +0.000 +0.000 +0.000 +0.000 +0.000 +0.000 +0.000
 +0.000 +0.000 +0.000 +0.000 +0.000 +0.000 +0.000 +0.000 +0.000 +0.000
 +0.000 +0.000 +0.000 +0.000 +0.000 +0.000 +0.000 +0.000 +0.000 +0.000
 +0.000 +0.000 +0.000 +0.000 +0.000 +0.000 +0.000 +0.000 +0.000 +0.000
 +0.000 +0.000 +0.000 +0.000 +0.000 +0.000 +0.000 +0.000 +0.000 +0.000
 +0.000 +0.000 +0.000 +0.000 +0.000 +0.000 +0.000 +0.000 +0.000 +0.000
 +0.000 +0.000 +0.000 +0.000 +0.000 +0.000 +0.000 +0.000 +0.000 +0.000
 +0.000 +0.000 +0.000 +0.000 +0.000 +0.000 +0.000 +0.000 +0.000 +0.000
 +0.000 +0.000 +0.000 +0.000 +0.000 +0.000 +0.000 +0.000 +0.000 +0.000
 +0.000 +0.000 +0.000 +0.000 +0.000 +0.000 +0.000 +0.000 +0.000 +0.000
 +0.000 +0.000 +0.000 +0.000 +0.000 +0.000 +0.000 +0.000 +0.000 +0.000
 +0.000 +0.000 +0.000 +0.000 +0.000 +0.000 +0.000 +0.000 +0.000 +0.000
 +0.000 +0.000 +0.000 +0.000 +0.000 +0.000 +0.000 +0.000 +0.000 +0.000
 +0.000 +0.000 +0.000 +0.000 +0.000 +0.000 +0.000 +0.000 +0.000 +0.000]
Dual variables:           [+1.149 +1.637]

Optimal objective:       -9.71470191e-02
===========================================================================

Method:                  II-QIPM
LO_Precision:            1.00e-01
Stop_Precision:          1.00e-03
LO_Verbosity:            2
Omega:                   1.00e+01

The Quantum Inexact Infeasible Interior-Point Method starts running ...


                  Objective                Residual                                Linear system           Step-length
Iter      Primal           Dual         Primal    Dual     Compl    ||Resl||  Cond-Num  ||M||   ||RHS||    a-star   a-hat      Time
   0   2.92904291e+01  7.20733281e-01  1.96e+00 4.10e+01  9.94e+03 *3.55e-15  4.00e+00 1.00e+00 9.83e+00  8.92e-01 8.16e-01      0s
   1   1.69493841e+01 -6.54636195e-02  1.49e+00 1.93e+00  5.26e+02  1.56e+00  4.37e+00 6.79e+00 7.09e+01  9.81e-01 9.53e-01      1s
   2   1.58969768e+01 -6.54636195e-02  5.11e+00 1.75e+00  4.83e+02  4.16e+01  3.51e+00 1.39e+02 4.16e+01  4.85e-01 9.03e-02      1s
   3   1.55872217e+01 -6.54636195e-02  6.57e+00 1.70e+00  4.69e+02  5.25e+01  3.32e+00 1.56e+02 5.25e+01  4.34e-01 3.08e-02      1s
   4   1.53257957e+01 -6.54636195e-02  7.94e+00 1.65e+00  4.58e+02  5.70e+01  3.24e+00 1.62e+02 5.70e+01  4.16e-01 2.73e-02      2s
   5   1.51007795e+01 -6.54636195e-02  9.26e+00 1.61e+00  4.48e+02  6.13e+01  3.17e+00 1.68e+02 6.13e+01  4.00e-01 2.47e-02      2s
   6   1.49053004e+01 -6.54636195e-02  1.05e+01 1.58e+00  4.39e+02  6.55e+01  3.09e+00 1.73e+02 6.55e+01  3.84e-01 2.24e-02      3s
   7   1.47339832e+01 -6.54636195e-02  1.17e+01 1.54e+00  4.30e+02  6.97e+01  3.03e+00 1.79e+02 6.97e+01  3.70e-01 2.04e-02      3s
   8   3.46138633e+00 -1.00165585e-01  1.76e+00 2.29e-01  6.98e+01 *3.28e-01  2.96e+00 1.83e+02 7.38e+01  8.98e-01 8.52e-01      3s
   9   2.15383684e+00 -1.00165585e-01  9.87e-01 2.13e-01  6.54e+01  3.74e+01  3.82e+00 1.32e+03 3.74e+01  5.65e-01 7.01e-02      3s
  10   1.07010992e+00 -1.00165585e-01  3.33e+00 2.01e-01  6.22e+01  4.48e+01  3.73e+00 1.44e+03 4.48e+01  5.32e-01 5.34e-02      4s
  11   6.62832588e-02 -1.00165585e-01  5.54e+00 1.92e-01  5.96e+01  5.12e+01  3.65e+00 1.54e+03 5.12e+01  5.06e-01 4.62e-02      4s
  12  -8.68003093e-01 -1.00165585e-01  7.64e+00 1.84e-01  5.74e+01  5.75e+01  3.57e+00 1.63e+03 5.75e+01  4.82e-01 4.05e-02      4s
  13  -1.73892237e+00 -1.00165585e-01  9.64e+00 1.78e-01  5.55e+01  6.36e+01  3.49e+00 1.72e+03 6.36e+01  4.60e-01 3.57e-02      5s
  14  -2.55334064e+00 -1.00165585e-01  1.15e+01 1.72e-01  5.40e+01  6.95e+01  3.41e+00 1.80e+03 6.95e+01  4.40e-01 3.18e-02      5s
  15  -3.31618982e+00 -1.00165585e-01  1.34e+01 1.67e-01  5.26e+01  7.54e+01  3.33e+00 1.88e+03 7.54e+01  4.22e-01 2.84e-02      6s
  16  -4.03364726e+00 -1.00165585e-01  1.51e+01 1.63e-01  5.13e+01  8.11e+01  3.26e+00 1.96e+03 8.11e+01  4.05e-01 2.56e-02      6s
  17  -4.70935693e+00 -1.00165585e-01  1.68e+01 1.59e-01  5.03e+01  8.68e+01  3.19e+00 2.03e+03 8.68e+01  3.89e-01 2.32e-02      6s
  18  -5.34680688e+00 -1.00165585e-01  1.83e+01 1.56e-01  4.93e+01  9.23e+01  3.13e+00 2.09e+03 9.23e+01  3.74e-01 2.11e-02      7s
  19  -5.94929677e+00 -1.00165585e-01  1.99e+01 1.53e-01  4.84e+01  9.78e+01  3.06e+00 2.16e+03 9.78e+01  3.61e-01 1.92e-02      7s
  20  -6.51935017e+00 -1.00165585e-01  2.13e+01 1.50e-01  4.77e+01  1.03e+02  3.00e+00 2.22e+03 1.03e+02  3.48e-01 1.76e-02      7s
  21  -2.62798094e+00 -9.67641945e-02  4.01e+00 2.76e-02  9.52e+00  8.51e-01  2.94e+00 2.28e+03 1.09e+02  8.71e-01 8.16e-01      8s
  22  -2.95599123e+00 -9.67641945e-02  1.75e+00 2.53e-02  8.77e+00  3.17e+01  3.83e+00 1.21e+04 3.17e+01  5.87e-01 8.60e-02      8s
  23  -3.22286550e+00 -9.67641945e-02  2.37e+00 2.38e-02  8.31e+00  3.97e+01  3.72e+00 1.34e+04 3.97e+01  5.48e-01 5.80e-02      8s
  24  -3.48335269e+00 -9.67641945e-02  4.27e+00 2.26e-02  7.93e+00  4.61e+01  3.63e+00 1.44e+04 4.61e+01  5.21e-01 5.00e-02      9s
  25  -3.73537244e+00 -9.67641945e-02  6.26e+00 2.16e-02  7.62e+00  5.22e+01  3.53e+00 1.52e+04 5.22e+01  4.95e-01 4.35e-02      9s
  26  -3.97844521e+00 -9.67641945e-02  8.20e+00 2.08e-02  7.35e+00  5.82e+01  3.44e+00 1.61e+04 5.82e+01  4.72e-01 3.82e-02      9s
  27  -4.21256208e+00 -9.67641945e-02  1.01e+01 2.01e-02  7.13e+00  6.41e+01  3.36e+00 1.68e+04 6.41e+01  4.51e-01 3.39e-02     10s
  28  -4.43749209e+00 -9.67641945e-02  1.19e+01 1.95e-02  6.93e+00  6.99e+01  3.28e+00 1.76e+04 6.99e+01  4.32e-01 3.02e-02     10s
  29  -4.64759072e+00 -9.67641945e-02  1.35e+01 1.90e-02  6.77e+00  7.55e+01  3.20e+00 1.82e+04 7.55e+01  4.15e-01 2.64e-02     11s
  30  -4.64780175e+00 -9.67641945e-02  1.35e+01 1.90e-02  6.77e+00  8.09e+01  3.12e+00 1.89e+04 8.09e+01  3.99e-01 2.50e-05     13s

The solution quality is limited by the precision of the linear system solver.

The algorithm stopped after 31 iterations in 12.77 seconds.

Primal variables:   [+13.152 +14.710 +19.090 +14.262 +14.904 +17.703 +14.215 +13.842 +13.900
 +20.050 +16.275 +15.489 +16.295 +14.609 +13.736 +12.609 +14.999 +17.384
 +13.649 +16.410 +13.970 +14.074 +14.810 +15.877 +13.544 +17.914 +14.940
 +13.967 +18.528 +15.172 +18.146 +15.081 +14.936 +13.913 +17.123 +12.935
 +14.905 +17.386 +17.085 +14.621 +13.584 +17.675 +15.449 +14.435 +15.820
 +17.832 +16.886 +16.288 +16.264 +16.052 +19.985 +14.079 +13.838 +16.878
 +17.712 +13.899 +14.331 +13.761 +13.270 +14.016 +15.702 +15.870 +15.057
 +15.918 +13.717 +17.498 +19.114 +14.834 +15.318 +17.263 +14.205 +14.323
 +14.319 +15.880 +0.081 +14.627 +14.894 +18.259 +14.134 +19.145 +16.104
 +16.340 +15.988 +19.137 +17.300 +14.080 +17.701 +17.986 +17.327 +16.240
 +11.741 +14.594 +16.866 +11.271 +15.882 +15.283 +15.764 +17.805 +15.721
 +16.225 +17.055 +17.114 +13.860 +16.161 +14.326 +14.765 +15.936 +14.221
 +17.665 +14.006 +14.951 +15.251 +14.858 +15.630 +15.608 +13.881 +13.610
 +14.864 +16.729 +17.418 +15.559 +15.422 +18.612 +14.582 +15.253 +16.377
 +15.407 +15.872 +15.510 +15.513 +15.031 +13.682 +15.694 +14.783 +16.793
 +17.698 +18.471 +18.835 +14.254 +14.605 +14.286 +18.675 +14.081 +13.824
 +16.015 +13.861 +15.456 +15.680 +15.744 +17.128 +14.695 +13.636 +17.229
 +15.420 +16.904 +14.343 +14.372 +16.725 +15.020 +14.738 +13.549 +19.835
 +17.912 +17.819 +15.356 +16.615 +15.043 +16.704 +16.903 +11.993 +16.963
 +19.677 +14.052 +18.185 +15.334 +17.624 +14.115 +15.696 +14.093 +16.704
 +17.042 +18.218 +15.679 +18.990 +12.350 +18.373 +0.106 +16.339 +19.859
 +14.227 +17.451 +12.791 +16.109 +13.664 +18.665 +17.710 +16.799 +15.499
 +15.875 +15.557 +16.337 +13.548 +20.289 +13.784 +14.853 +14.804 +16.292
 +15.059 +17.141 +15.167 +16.818 +16.605 +13.971 +12.972 +15.896 +14.987
 +14.840 +14.639 +14.175 +17.431 +15.147 +16.819 +17.581 +15.974 +15.853
 +15.776 +14.628 +17.146 +13.715 +16.659 +16.238 +19.603 +18.242 +14.437
 +16.320 +15.261 +17.879 +14.996 +14.675 +14.850 +16.825 +15.212 +17.470
 +15.295 +16.595 +16.790 +15.419 +17.589 +14.206 +13.523 +18.246 +13.377
 +14.457 +15.111 +19.073 +13.685 +15.428 +19.419 +17.219 +14.218 +14.637
 +18.246 +15.005 +13.729 +16.062 +16.324 +14.527 +17.391 +17.301 +14.231
 +15.187 +14.078 +14.057 +15.554 +15.003 +18.145 +14.683 +17.285 +14.996
 +15.306 +15.664 +14.845 +14.004 +12.468 +16.102 +18.920 +13.493 +15.223
 +13.989 +15.154 +14.032 +17.255 +14.726 +16.496 +14.891 +16.798 +14.306
 +14.904 +15.458 +13.659 +17.491 +14.369 +15.531 +14.832 +13.930 +15.742
 +15.534 +17.290 +19.991 +16.123 +16.408 +18.557 +14.506 +13.986 +14.122
 +15.278 +13.980 +18.355 +12.840 +14.088 +15.048 +15.048 +15.103 +14.147
 +16.428 +15.178 +15.695 +14.557 +17.136 +19.057 +13.724 +13.696 +14.208
 +17.339 +17.417 +16.544 +14.718 +14.537 +15.096 +15.736 +16.873 +15.910
 +14.100 +16.229 +18.630 +13.484 +13.948 +17.450 +14.006 +16.270 +15.080
 +13.540 +15.943 +16.486 +18.473 +13.510 +14.770 +12.326 +14.747 +15.888
 +15.721 +17.565 +19.669 +16.833 +14.103 +15.404 +17.440 +13.046 +17.794
 +15.269 +14.378 +16.966 +14.581 +15.977 +17.804 +14.284 +15.889 +16.960
 +17.081 +17.297 +18.022 +13.920 +14.195 +16.652 +17.789 +19.910 +19.545
 +12.149 +18.697 +13.939 +14.574 +16.362 +15.385 +15.931 +14.671 +13.480
 +17.740 +15.472 +13.493 +17.946 +13.696 +19.819 +15.425 +15.927 +19.732
 +16.541 +16.732 +16.261 +17.534 +14.571 +14.995 +14.029 +16.447 +16.715
 +15.082 +16.058 +16.943 +13.831 +12.955 +17.351 +18.072 +15.678 +17.404
 +13.736 +18.805 +18.964 +16.142 +16.268 +15.685 +14.481 +14.006 +14.770
 +16.441 +12.879 +14.271 +18.224 +14.290 +16.335 +16.406 +16.932 +13.657
 +14.501 +14.011 +12.968 +17.126 +14.578 +16.272 +14.091 +16.113 +14.223
 +14.997 +13.944 +13.607 +16.573 +14.553 +14.484 +16.107 +17.785 +17.276
 +14.326 +16.089 +18.980 +18.759 +17.131 +16.341 +14.315 +13.993 +19.056
 +16.404 +16.370 +15.476 +14.049 +14.627 +16.114 +17.889 +13.731 +16.614
 +13.928 +16.561 +14.120 +15.053 +15.037 +13.547 +15.191 +14.512 +16.468
 +13.555 +16.866 +15.986 +13.608 +15.528 +14.125 +19.450 +13.514 +13.136
 +16.654 +14.995 +13.920 +13.520 +20.085]
Dual slacks:        [+0.001 +0.001 +0.000 +0.001 +0.001 +0.001 +0.001 +0.001 +0.001 +0.000
 +0.001 +0.001 +0.001 +0.001 +0.001 +0.001 +0.001 +0.001 +0.001 +0.001
 +0.001 +0.001 +0.001 +0.001 +0.001 +0.001 +0.001 +0.001 +0.001 +0.001
 +0.001 +0.001 +0.001 +0.001 +0.001 +0.001 +0.001 +0.001 +0.001 +0.001
 +0.001 +0.001 +0.001 +0.001 +0.001 +0.001 +0.001 +0.001 +0.001 +0.001
 +0.000 +0.001 +0.001 +0.001 +0.001 +0.001 +0.001 +0.001 +0.001 +0.001
 +0.001 +0.001 +0.001 +0.001 +0.001 +0.001 +0.000 +0.001 +0.001 +0.001
 +0.001 +0.001 +0.001 +0.001 +1.649 +0.001 +0.001 +0.001 +0.001 +0.001
 +0.001 +0.001 +0.001 +0.000 +0.001 +0.001 +0.001 +0.001 +0.001 +0.001
 +0.001 +0.001 +0.001 +0.001 +0.001 +0.001 +0.001 +0.001 +0.001 +0.001
 +0.001 +0.001 +0.001 +0.001 +0.001 +0.001 +0.001 +0.001 +0.001 +0.001
 +0.001 +0.001 +0.001 +0.001 +0.001 +0.001 +0.001 +0.001 +0.001 +0.001
 +0.001 +0.001 +0.001 +0.001 +0.001 +0.001 +0.001 +0.001 +0.001 +0.001
 +0.001 +0.001 +0.001 +0.001 +0.001 +0.000 +0.001 +0.000 +0.001 +0.001
 +0.001 +0.000 +0.001 +0.001 +0.001 +0.001 +0.001 +0.001 +0.001 +0.001
 +0.001 +0.001 +0.001 +0.001 +0.001 +0.001 +0.001 +0.001 +0.001 +0.001
 +0.001 +0.000 +0.001 +0.001 +0.001 +0.001 +0.001 +0.001 +0.001 +0.001
 +0.001 +0.000 +0.001 +0.000 +0.001 +0.001 +0.001 +0.001 +0.001 +0.001
 +0.001 +0.001 +0.001 +0.001 +0.001 +0.001 +1.134 +0.001 +0.000 +0.001
 +0.001 +0.001 +0.001 +0.001 +0.001 +0.001 +0.001 +0.001 +0.001 +0.001
 +0.001 +0.001 +0.000 +0.001 +0.001 +0.001 +0.001 +0.001 +0.001 +0.001
 +0.001 +0.001 +0.001 +0.001 +0.001 +0.001 +0.001 +0.001 +0.001 +0.001
 +0.001 +0.001 +0.001 +0.001 +0.001 +0.001 +0.001 +0.001 +0.001 +0.001
 +0.001 +0.000 +0.000 +0.001 +0.001 +0.001 +0.001 +0.001 +0.001 +0.001
 +0.001 +0.001 +0.001 +0.001 +0.001 +0.001 +0.001 +0.001 +0.001 +0.001
 +0.000 +0.001 +0.001 +0.001 +0.001 +0.001 +0.001 +0.000 +0.001 +0.001
 +0.001 +0.001 +0.001 +0.001 +0.001 +0.001 +0.001 +0.001 +0.001 +0.001
 +0.001 +0.001 +0.001 +0.001 +0.001 +0.001 +0.001 +0.001 +0.001 +0.001
 +0.001 +0.001 +0.001 +0.001 +0.001 +0.001 +0.001 +0.001 +0.001 +0.001
 +0.001 +0.001 +0.001 +0.001 +0.001 +0.001 +0.001 +0.001 +0.001 +0.001
 +0.001 +0.001 +0.001 +0.001 +0.001 +0.001 +0.001 +0.001 +0.000 +0.001
 +0.001 +0.000 +0.001 +0.001 +0.001 +0.001 +0.001 +0.001 +0.001 +0.001
 +0.001 +0.001 +0.001 +0.001 +0.001 +0.001 +0.001 +0.001 +0.001 +0.000
 +0.001 +0.001 +0.001 +0.001 +0.001 +0.001 +0.001 +0.001 +0.001 +0.001
 +0.001 +0.001 +0.001 +0.001 +0.001 +0.001 +0.001 +0.001 +0.001 +0.001
 +0.001 +0.001 +0.001 +0.001 +0.000 +0.001 +0.001 +0.001 +0.001 +0.001
 +0.001 +0.001 +0.000 +0.001 +0.001 +0.001 +0.001 +0.001 +0.001 +0.001
 +0.001 +0.001 +0.001 +0.001 +0.001 +0.001 +0.001 +0.001 +0.001 +0.001
 +0.001 +0.001 +0.001 +0.001 +0.001 +0.000 +0.000 +0.001 +0.000 +0.001
 +0.001 +0.001 +0.001 +0.001 +0.001 +0.001 +0.001 +0.001 +0.001 +0.001
 +0.001 +0.000 +0.001 +0.001 +0.000 +0.001 +0.001 +0.001 +0.001 +0.001
 +0.001 +0.001 +0.001 +0.001 +0.001 +0.001 +0.001 +0.001 +0.001 +0.001
 +0.001 +0.001 +0.001 +0.001 +0.001 +0.000 +0.001 +0.001 +0.001 +0.001
 +0.001 +0.001 +0.001 +0.001 +0.001 +0.001 +0.001 +0.001 +0.001 +0.001
 +0.001 +0.001 +0.001 +0.001 +0.001 +0.001 +0.001 +0.001 +0.001 +0.001
 +0.001 +0.001 +0.001 +0.001 +0.001 +0.001 +0.001 +0.001 +0.001 +0.001
 +0.001 +0.001 +0.000 +0.001 +0.001 +0.001 +0.001 +0.000 +0.001 +0.001
 +0.001 +0.001 +0.001 +0.001 +0.001 +0.001 +0.001 +0.001 +0.001 +0.001
 +0.001 +0.001 +0.001 +0.001 +0.001 +0.001 +0.001 +0.001 +0.001 +0.001
 +0.001 +0.001 +0.000 +0.001 +0.001 +0.001 +0.001 +0.001 +0.001 +0.000]
Dual variables:     [+1.155 +1.629]

Primal objective:   -4.64780175e+00
Dual objective:     -9.67641945e-02

Primal residual:    1.35e+01
Dual residual:      1.90e-02
Complementraty:     6.77e+00

Number of Iter:     31
Run time:           12.77
