
--------------- Linear optimization problem characteristics ---------------
Seed:                    58
Number of variables:     50
Number of constraints:   2

Norm of primal sol:      2.00e+00
Norm of dual sol:        2.00e+00
Norm of dual slacks:     2.00e+00

Norm of vector b:        8.69e-02
Norm of vector c:        2.42e+00

Norm of matrix A:        1.00e+00
Condition number:        2.00e+00

----------------------- Linear optimization problem -----------------------
Coeff matrix A:          [[+0.085 -0.006 -0.135 -0.121 -0.167 -0.120 -0.191 -0.005 +0.051 -0.181
 +0.186 -0.103 +0.111 +0.134 +0.144 -0.081 +0.043 -0.150 +0.000 -0.058
 -0.140 -0.143 -0.094 +0.004 -0.006 -0.078 +0.070 +0.051 +0.152 -0.041
 +0.010 +0.032 +0.211 -0.159 -0.045 +0.022 +0.113 -0.109 -0.146 +0.162
 +0.159 -0.052 -0.008 +0.124 -0.050 -0.056 +0.139 -0.162 -0.084 +0.065]
                          [-0.079 -0.053 +0.066 +0.087 +0.085 -0.014 +0.143 +0.152 -0.149 +0.073
 -0.153 +0.175 +0.022 -0.076 -0.175 -0.108 +0.098 +0.058 -0.044 +0.123
 +0.057 +0.165 +0.167 +0.050 -0.074 +0.086 -0.151 -0.106 -0.097 +0.104
 -0.119 +0.053 -0.216 +0.140 +0.073 -0.069 +0.067 -0.108 +0.039 -0.204
 -0.093 -0.031 -0.147 +0.122 +0.174 -0.068 +0.036 +0.131 +0.119 +0.028]]

RHS vector b:            [-0.061 +0.062]
Obj vector c:            [+0.142 +1.288 -0.245 -0.210 -0.303 -0.242 -0.330 +0.040 +0.052 -0.333
 +0.317 -0.147 +0.225 +0.239 +0.227 -0.195 +0.118 -0.278 -0.014 -0.074
 -0.259 -0.229 -0.131 +0.025 -0.036 -0.127 +0.089 +0.066 +0.268 -0.047
 +1.487 +0.080 +0.345 -0.268 -0.066 +0.022 +0.245 -0.251 -0.275 +0.254
 +0.283 -0.113 -0.065 +0.284 -0.042 -0.133 +0.285 -0.276 -0.128 +0.137]

---------------------------- Optimal solution -----------------------------
Primal variables:         [+0.197 +0.000 +0.267 +0.041 +0.308 +0.156 +0.166 +0.202 +0.439 +0.522
 +0.425 +0.205 +0.088 +0.295 +0.420 +0.162 +0.351 +0.160 +0.018 +0.511
 +0.082 +0.150 +0.309 +0.298 +0.043 +0.089 +0.392 +0.066 +0.198 +0.008
 +0.000 +0.129 +0.272 +0.200 +0.200 +0.229 +0.311 +0.323 +0.292 +0.454
 +0.153 +0.045 +0.354 +0.119 +0.444 +0.214 +0.364 +0.489 +0.368 +0.507]
Dual slacks:              [+0.000 +1.316 +0.000 +0.000 +0.000 +0.000 +0.000 +0.000 +0.000 +0.000
 +0.000 +0.000 +0.000 +0.000 +0.000 +0.000 +0.000 +0.000 +0.000 +0.000
 +0.000 +0.000 +0.000 +0.000 +0.000 +0.000 +0.000 +0.000 +0.000 +0.000
 +1.506 +0.000 +0.000 +0.000 +0.000 +0.000 +0.000 +0.000 +0.000 +0.000
 +0.000 +0.000 +0.000 +0.000 +0.000 +0.000 +0.000 +0.000 +0.000 +0.000]
Dual variables:           [+1.973 +0.326]

Optimal objective:       -9.97446418e-02
===========================================================================

Method:                  II-QIPM
LO_Precision:            1.00e-01
Stop_Precision:          1.00e-03
LO_Verbosity:            2
Omega:                   1.00e+01

The Quantum Inexact Infeasible Interior-Point Method starts running ...


                  Objective                Residual                                Linear system           Step-length
Iter      Primal           Dual         Primal    Dual     Compl    ||Resl||  Cond-Num  ||M||   ||RHS||    a-star   a-hat      Time
   0   2.41301451e+01 -5.43141955e-01  2.08e+00 2.06e+01  1.58e+03  3.97e-15  4.00e+00 1.00e+00 9.20e+00  8.12e-01 7.08e-01      0s
   1   2.15911952e+01 -2.70490697e-01  7.76e-01 7.51e+00  6.20e+02 *3.24e-01  4.56e+00 4.58e+00 2.34e+01  9.63e-01 6.35e-01      1s
   2   1.12209905e+01 -1.09719635e-01  5.68e-02 5.55e-01  5.90e+01 *2.80e-03  4.80e+00 1.41e+01 2.94e+01  9.62e-01 9.26e-01      1s
   3   1.13190041e+00 -9.98111819e-02  7.41e-02 2.48e-02  3.45e+00 *7.85e-02  4.90e+00 1.97e+02 2.53e+01  9.77e-01 9.55e-01      1s
   4   3.65191770e+00 -9.98111819e-02  1.49e+00 2.01e-02  2.84e+00  7.51e+00  3.98e+00 4.11e+03 7.51e+00  6.97e-01 1.91e-01      1s
   5   5.25961229e+00 -9.98111819e-02  2.36e+00 1.83e-02  2.62e+00  1.16e+01  3.78e+00 5.26e+03 1.16e+01  6.25e-01 8.66e-02      1s
   6   6.81090294e+00 -9.98111819e-02  3.20e+00 1.70e-02  2.45e+00  1.40e+01  3.65e+00 5.86e+03 1.40e+01  5.90e-01 7.18e-02      1s
   7   8.30717928e+00 -9.98111819e-02  3.99e+00 1.60e-02  2.31e+00  1.63e+01  3.53e+00 6.42e+03 1.63e+01  5.58e-01 6.08e-02      2s
   8   9.22880401e+00 -9.98111819e-02  4.48e+00 1.54e-02  2.24e+00  1.86e+01  3.41e+00 6.93e+03 1.86e+01  5.29e-01 3.34e-02      2s
   9   9.22881698e+00 -9.98111819e-02  4.48e+00 1.54e-02  2.24e+00  2.00e+01  3.33e+00 7.23e+03 2.00e+01  5.13e-01 4.42e-07      2s

The solution quality is limited by the precision of the linear system solver.

The algorithm stopped after 10 iterations in 2.43 seconds.

Primal variables:   [+16.526 +0.277 +12.433 +12.742 +11.959 +12.487 +11.762 +15.796 +15.492
 +11.723 +19.592 +13.513 +18.177 +18.073 +17.943 +13.029 +16.709 +12.159
 +14.611 +14.180 +12.315 +12.663 +13.662 +15.173 +14.404 +13.536 +15.924
 +15.559 +18.587 +14.438 +0.212 +15.918 +20.510 +12.274 +14.158 +15.015
 +18.914 +12.595 +12.189 +18.540 +18.875 +13.613 +14.278 +20.548 +14.761
 +13.464 +19.549 +12.198 +13.576 +16.682]
Dual slacks:        [+0.002 +1.318 +0.003 +0.003 +0.003 +0.003 +0.003 +0.002 +0.002 +0.003
 +0.002 +0.002 +0.002 +0.002 +0.002 +0.003 +0.002 +0.003 +0.002 +0.002
 +0.003 +0.002 +0.002 +0.002 +0.002 +0.002 +0.002 +0.002 +0.002 +0.002
 +1.508 +0.002 +0.002 +0.003 +0.002 +0.002 +0.001 +0.003 +0.003 +0.002
 +0.002 +0.003 +0.003 +0.001 +0.002 +0.003 +0.001 +0.003 +0.002 +0.002]
Dual variables:     [+1.978 +0.329]

Primal objective:   9.22881698e+00 
Dual objective:     -9.98111819e-02

Primal residual:    4.48e+00
Dual residual:      1.54e-02
Complementraty:     2.24e+00

Number of Iter:     10
Run time:           2.43
