
--------------- Linear optimization problem characteristics ---------------
Seed:                    98
Number of variables:     100
Number of constraints:   2

Norm of primal sol:      2.00e+00
Norm of dual sol:        2.00e+00
Norm of dual slacks:     2.00e+00

Norm of vector b:        4.75e-01
Norm of vector c:        2.84e+00

Norm of matrix A:        1.00e+00
Condition number:        2.00e+00

----------------------- Linear optimization problem -----------------------
Coeff matrix A:          [[-0.161 -0.044 +0.019 +0.028 -0.117 -0.120 -0.124 -0.119 -0.127 +0.057
 -0.113 -0.078 +0.053 +0.097 -0.072 -0.012 +0.026 +0.113 -0.027 +0.097
 +0.000 +0.138 -0.128 +0.040 -0.095 -0.116 -0.137 -0.040 -0.014 +0.070
 +0.035 -0.045 -0.084 +0.033 +0.048 -0.079 -0.097 +0.126 +0.137 +0.039
 -0.163 -0.036 +0.007 +0.011 +0.006 +0.108 -0.149 -0.157 +0.129 +0.008
 -0.101 +0.053 +0.103 +0.010 -0.158 +0.017 +0.012 +0.074 -0.131 -0.066
 -0.009 -0.130 +0.081 -0.090 -0.075 +0.075 +0.159 -0.095 +0.142 -0.141
 +0.109 +0.116 -0.071 +0.163 -0.073 +0.010 +0.073 -0.144 -0.129 -0.037
 +0.006 +0.078 -0.004 +0.099 -0.105 -0.034 +0.001 -0.088 +0.178 +0.123
 +0.135 -0.050 +0.048 -0.087 -0.139 +0.113 +0.002 +0.019 -0.099 -0.092]
                          [+0.082 +0.072 -0.086 -0.052 +0.008 -0.049 +0.028 +0.033 +0.109 -0.026
 +0.067 +0.085 -0.045 -0.046 -0.027 +0.007 -0.005 +0.057 +0.093 +0.050
 +0.054 -0.006 +0.090 -0.059 -0.074 -0.019 +0.098 +0.088 +0.085 -0.092
 +0.079 +0.094 +0.024 -0.098 -0.066 -0.060 +0.077 +0.030 +0.029 +0.002
 +0.092 -0.003 -0.004 +0.091 -0.058 -0.057 +0.046 +0.081 -0.051 +0.054
 -0.025 -0.009 -0.079 +0.088 +0.111 -0.093 -0.067 +0.039 -0.028 +0.023
 -0.002 +0.077 -0.040 -0.073 -0.026 +0.022 -0.055 +0.026 -0.030 +0.055
 -0.066 +0.023 +0.051 -0.076 -0.043 +0.030 -0.014 +0.099 +0.094 +0.009
 -0.014 -0.028 -0.013 +0.042 -0.071 +0.097 +0.048 +0.006 -0.125 -0.042
 -0.064 +0.069 +0.031 +0.106 +0.045 -0.014 +0.027 -0.030 +0.042 -0.031]]

RHS vector b:            [-0.348 +0.323]
Obj vector c:            [-0.332 -0.167 +0.156 +0.116 -0.162 -0.079 -0.203 -0.204 -0.331 +0.113
 -0.249 -0.229 +0.136 +0.195 -0.052 -0.026 +0.041 +0.058 -0.177 +0.049
 -0.082 +0.187 -0.304 +0.142 -0.009 -0.120 -0.326 -0.187 -0.149 +0.232
 -0.076 -0.201 -0.145 +0.193 +0.162 -0.010 -0.244 +0.116 +0.131 +0.046
 -0.350 -0.042 +0.016 -0.126 +0.866 +0.226 -0.262 -0.326 +0.244 -0.073
 -0.092 +0.082 +0.254 -0.122 -0.374 +0.164 +0.118 +0.036 -0.125 -0.120
 -0.009 -0.285 +0.166 -0.004 -0.056 +0.062 +0.289 -0.162 +0.229 -0.266
 +0.241 +0.115 -0.170 +0.325 -0.028 -0.034 +0.116 -0.336 -0.311 -0.061
 +0.029 +1.990 +0.016 +0.064 -0.027 -0.192 -0.072 -0.122 +0.420 +0.223
 +0.272 -0.171 +0.015 -0.275 -0.248 +0.166 -0.038 +0.071 -0.191 -0.071]

---------------------------- Optimal solution -----------------------------
Primal variables:         [+0.268 +0.208 +0.110 +0.286 +0.182 +0.044 +0.142 +0.144 +0.124 +0.030
 +0.134 +0.150 +0.342 +0.107 +0.307 +0.362 +0.152 +0.255 +0.351 +0.161
 +0.251 +0.109 +0.358 +0.254 +0.012 +0.048 +0.097 +0.325 +0.314 +0.238
 +0.299 +0.201 +0.191 +0.221 +0.065 +0.355 +0.061 +0.172 +0.191 +0.293
 +0.361 +0.263 +0.156 +0.024 +0.000 +0.006 +0.161 +0.061 +0.074 +0.002
 +0.306 +0.223 +0.180 +0.122 +0.267 +0.012 +0.102 +0.070 +0.035 +0.132
 +0.093 +0.014 +0.075 +0.130 +0.179 +0.136 +0.243 +0.165 +0.159 +0.109
 +0.120 +0.135 +0.135 +0.117 +0.004 +0.253 +0.063 +0.210 +0.267 +0.055
 +0.294 +0.000 +0.268 +0.264 +0.200 +0.147 +0.247 +0.363 +0.105 +0.054
 +0.106 +0.099 +0.243 +0.325 +0.351 +0.120 +0.344 +0.037 +0.233 +0.148]
Dual slacks:              [+0.000 +0.000 +0.000 +0.000 +0.000 +0.000 +0.000 +0.000 +0.000 +0.000
 +0.000 +0.000 +0.000 +0.000 +0.000 +0.000 +0.000 +0.000 +0.000 +0.000
 +0.000 +0.000 +0.000 +0.000 +0.000 +0.000 +0.000 +0.000 +0.000 +0.000
 +0.000 +0.000 +0.000 +0.000 +0.000 +0.000 +0.000 +0.000 +0.000 +0.000
 +0.000 +0.000 +0.000 +0.000 +0.769 +0.000 +0.000 +0.000 +0.000 +0.000
 +0.000 +0.000 +0.000 +0.000 +0.000 +0.000 +0.000 +0.000 +0.000 +0.000
 +0.000 +0.000 +0.000 +0.000 +0.000 +0.000 +0.000 +0.000 +0.000 +0.000
 +0.000 +0.000 +0.000 +0.000 +0.000 +0.000 +0.000 +0.000 +0.000 +0.000
 +0.000 +1.846 +0.000 +0.000 +0.000 +0.000 +0.000 +0.000 +0.000 +0.000
 +0.000 +0.000 +0.000 +0.000 +0.000 +0.000 +0.000 +0.000 +0.000 +0.000]
Dual variables:           [+1.287 -1.531]

Optimal objective:       -9.43017078e-01
===========================================================================

Method:                  II-QIPM
LO_Precision:            1.00e-01
Stop_Precision:          1.00e-03
LO_Verbosity:            2
Omega:                   1.00e+01

The Quantum Inexact Infeasible Interior-Point Method starts running ...


                  Objective                Residual                                Linear system           Step-length
Iter      Primal           Dual         Primal    Dual     Compl    ||Resl||  Cond-Num  ||M||   ||RHS||    a-star   a-hat      Time
   0   1.47367948e+01 -6.26915607e+00  5.92e+00 4.08e+01  4.33e+03  1.78e-15  4.00e+00 1.00e+00 1.80e+01  7.11e-01 5.93e-01      0s
   1   1.57857176e+01 -5.53023425e+00  4.85e+00 3.34e+01  3.61e+03 *2.62e-01  4.19e+00 2.77e+00 1.91e+01  7.68e-01 1.80e-01      1s
   2   1.63392464e+01 -4.69814141e+00  3.80e+00 2.61e+01  2.89e+03 *4.17e-01  4.27e+00 3.55e+00 2.28e+01  8.04e-01 2.18e-01      1s
   3   1.61309085e+01 -3.76599319e+00  2.74e+00 1.88e+01  2.14e+03 *5.60e-01  4.36e+00 4.78e+00 2.69e+01  8.46e-01 2.80e-01      1s
   4   1.45529269e+01 -2.72104261e+00  1.70e+00 1.14e+01  1.35e+03 *6.27e-01  4.46e+00 7.08e+00 3.15e+01  8.99e-01 3.96e-01      2s
   5   9.80943327e+00 -1.52039843e+00  7.12e-01 3.56e+00  4.54e+02 *5.25e-01  4.58e+00 1.27e+01 3.70e+01  9.69e-01 6.87e-01      2s
   6   1.93613190e+00 -9.39932047e-01  2.05e-01 7.54e-02  1.31e+01 *1.99e-01  4.72e+00 4.53e+01 4.43e+01  9.91e-01 9.79e-01      2s
   7  -6.66315116e-01 -9.43919331e-01  1.50e-02 5.97e-03  1.17e+00 *3.79e-03  4.01e+00 1.86e+03 1.14e+01  9.45e-01 9.21e-01      2s
   8  -6.49815849e-01 -9.43289217e-01  8.06e-01 1.92e-03  4.03e-01 *1.18e+00  4.46e+00 3.14e+04 4.63e+01  9.83e-01 6.78e-01      2s
   9  -6.50013438e-01 -9.43288921e-01  8.06e-01 1.92e-03  4.03e-01 *1.22e+00  4.27e+00 1.02e+05 4.34e+01  9.87e-01 1.04e-03      3s
  10  -6.50013621e-01 -9.43288921e-01  8.06e-01 1.92e-03  4.03e-01 *1.22e+00  4.27e+00 1.02e+05 4.34e+01  9.87e-01 9.68e-07      4s

The solution quality is limited by the precision of the linear system solver.

The algorithm stopped after 11 iterations in 4.23 seconds.

Primal variables:   [+12.924 +14.059 +21.450 +19.499 +15.364 +17.461 +14.667 +14.557 +12.511
 +18.523 +13.644 +13.468 +19.436 +20.189 +17.058 +16.386 +17.257 +15.868
 +13.626 +15.965 +14.946 +18.644 +12.948 +20.037 +18.947 +16.306 +12.705
 +13.658 +13.932 +22.969 +14.503 +13.480 +15.128 +22.654 +20.595 +18.448
 +13.505 +16.952 +17.112 +17.095 +12.672 +16.509 +17.011 +13.967 +0.067
 +21.043 +13.956 +12.976 +21.028 +15.009 +16.687 +17.724 +22.600 +14.044
 +12.254 +21.927 +20.101 +16.115 +16.503 +15.343 +16.757 +13.264 +19.607
 +18.979 +17.002 +16.708 +21.856 +14.972 +19.948 +13.772 +21.697 +17.138
 +14.434 +23.662 +17.734 +15.782 +18.193 +12.633 +12.846 +16.079 +17.397
 +0.020 +17.262 +16.249 +18.645 +13.487 +15.134 +15.699 +30.930 +20.343
 +22.071 +14.087 +16.142 +12.858 +14.055 +18.682 +15.829 +18.256 +14.468
 +17.014]
Dual slacks:        [+0.000 +0.000 +0.000 +0.000 +0.000 +0.000 +0.000 +0.000 +0.000 +0.000
 +0.000 +0.000 +0.000 +0.000 +0.000 +0.000 +0.000 +0.000 +0.000 +0.000
 +0.000 +0.000 +0.000 +0.000 +0.000 +0.000 +0.000 +0.000 +0.000 +0.000
 +0.000 +0.000 +0.000 +0.000 +0.000 +0.000 +0.000 +0.000 +0.000 +0.000
 +0.000 +0.000 +0.000 +0.000 +0.769 +0.000 +0.000 +0.000 +0.000 +0.000
 +0.000 +0.000 +0.000 +0.000 +0.000 +0.000 +0.000 +0.000 +0.000 +0.000
 +0.000 +0.000 +0.000 +0.000 +0.000 +0.000 +0.000 +0.000 +0.000 +0.000
 +0.000 +0.000 +0.000 +0.000 +0.000 +0.000 +0.000 +0.000 +0.000 +0.000
 +0.000 +1.846 +0.000 +0.000 +0.000 +0.000 +0.000 +0.000 +0.000 +0.000
 +0.000 +0.000 +0.000 +0.000 +0.000 +0.000 +0.000 +0.000 +0.000 +0.000]
Dual variables:     [+1.287 -1.532]

Primal objective:   -6.50013621e-01
Dual objective:     -9.43288921e-01

Primal residual:    8.06e-01
Dual residual:      1.92e-03
Complementraty:     4.03e-01

Number of Iter:     11
Run time:           4.23
