
--------------- Linear optimization problem characteristics ---------------
Seed:                    51
Number of variables:     100
Number of constraints:   2

Norm of primal sol:      2.00e+00
Norm of dual sol:        2.00e+00
Norm of dual slacks:     2.00e+00

Norm of vector b:        3.69e-01
Norm of vector c:        2.60e+00

Norm of matrix A:        1.00e+00
Condition number:        2.00e+00

----------------------- Linear optimization problem -----------------------
Coeff matrix A:          [[+0.096 -0.001 -0.033 +0.084 +0.152 -0.008 -0.105 +0.119 -0.008 +0.101
 +0.010 +0.059 +0.106 +0.017 -0.112 -0.048 -0.152 -0.001 -0.023 -0.076
 +0.147 -0.030 +0.053 -0.133 +0.047 +0.105 -0.062 +0.151 +0.014 -0.030
 -0.072 +0.098 +0.115 +0.121 +0.007 -0.021 +0.130 +0.063 +0.162 -0.172
 -0.116 +0.111 +0.130 -0.096 +0.123 +0.093 -0.112 +0.115 +0.130 +0.101
 +0.135 +0.120 -0.072 -0.060 +0.130 -0.148 -0.114 -0.099 +0.002 +0.102
 -0.084 +0.118 -0.150 -0.157 +0.057 +0.066 -0.111 -0.014 -0.176 +0.017
 +0.005 +0.122 +0.062 -0.126 +0.003 -0.129 -0.152 -0.043 -0.081 -0.138
 +0.026 +0.007 -0.024 +0.144 +0.102 -0.034 +0.108 +0.027 +0.102 -0.155
 +0.151 +0.123 +0.123 +0.041 +0.092 +0.116 +0.040 -0.046 +0.011 +0.068]
                          [-0.084 -0.069 -0.010 +0.032 -0.083 +0.055 +0.052 +0.061 +0.078 +0.009
 +0.051 +0.059 +0.033 -0.043 +0.072 -0.080 +0.011 +0.046 +0.037 -0.071
 +0.029 -0.045 -0.048 +0.051 -0.058 -0.026 -0.081 -0.023 -0.005 +0.018
 -0.074 -0.010 -0.002 -0.099 -0.033 -0.050 +0.005 +0.025 -0.091 +0.093
 +0.007 -0.098 -0.042 +0.084 +0.059 +0.004 -0.001 -0.067 -0.005 -0.035
 -0.000 -0.021 -0.052 +0.065 +0.015 -0.061 -0.065 -0.013 -0.046 +0.007
 +0.051 +0.066 -0.029 +0.012 -0.036 -0.041 +0.071 +0.039 +0.102 -0.021
 -0.086 -0.043 +0.082 +0.046 +0.057 +0.016 +0.080 -0.042 +0.041 -0.059
 +0.071 -0.041 +0.088 -0.078 -0.059 -0.058 +0.028 -0.028 -0.091 +0.087
 +0.002 -0.002 -0.029 -0.051 -0.044 +0.027 +0.003 +0.034 +0.007 -0.011]]

RHS vector b:            [+0.355 -0.103]
Obj vector c:            [+0.251 +0.104 -0.027 +0.059 +0.321 -0.096 -0.214 +0.059 -0.130 +0.115
 -0.065 -0.015 +1.874 +0.089 -0.254 +0.061 +0.684 -0.073 -0.087 +0.012
 +0.143 +0.030 +0.142 -0.249 +0.150 +0.174 +0.045 +0.229 +0.026 -0.066
 +0.022 +0.142 +0.151 +0.306 +0.060 +0.049 +0.158 +0.041 +0.348 -0.362
 -0.160 +0.293 +0.231 -0.252 +0.067 +0.112 -0.142 +0.249 +0.174 +0.184
 +0.173 +0.186 -0.012 -0.176 +0.143 -0.095 -0.046 -0.107 +0.073 +0.120
 -0.186 +0.050 -0.147 -0.219 +0.128 +0.148 -0.251 -0.077 -0.382 +0.054
 +0.138 +0.222 -0.046 -0.232 -0.084 -0.191 -0.318 +0.010 -0.168 -0.085
 -0.075 +0.072 -0.167 +0.305 +0.222 +0.045 +0.095 +0.077 +0.271 -0.333
 +0.189 +0.161 +0.201 +0.131 +0.185 +0.106 +0.047 -0.112 +0.003 +0.105]

---------------------------- Optimal solution -----------------------------
Primal variables:         [+0.260 +0.017 +0.132 +0.247 +0.109 +0.365 +0.061 +0.149 +0.227 +0.187
 +0.067 +0.084 +0.000 +0.096 +0.158 +0.018 +0.000 +0.112 +0.171 +0.023
 +0.290 +0.280 +0.217 +0.274 +0.224 +0.246 +0.306 +0.334 +0.134 +0.118
 +0.232 +0.143 +0.332 +0.273 +0.163 +0.337 +0.007 +0.176 +0.065 +0.324
 +0.048 +0.285 +0.326 +0.067 +0.104 +0.354 +0.250 +0.122 +0.159 +0.063
 +0.075 +0.076 +0.328 +0.265 +0.039 +0.126 +0.223 +0.005 +0.084 +0.268
 +0.105 +0.145 +0.016 +0.029 +0.097 +0.011 +0.067 +0.178 +0.309 +0.251
 +0.347 +0.245 +0.206 +0.121 +0.043 +0.259 +0.192 +0.186 +0.231 +0.198
 +0.341 +0.049 +0.080 +0.342 +0.002 +0.135 +0.002 +0.266 +0.205 +0.052
 +0.250 +0.262 +0.072 +0.154 +0.233 +0.203 +0.268 +0.080 +0.170 +0.342]
Dual slacks:              [+0.000 +0.000 +0.000 +0.000 +0.000 +0.000 +0.000 +0.000 +0.000 +0.000
 +0.000 +0.000 +1.789 +0.000 +0.000 +0.000 +0.895 +0.000 +0.000 +0.000
 +0.000 +0.000 +0.000 +0.000 +0.000 +0.000 +0.000 +0.000 +0.000 +0.000
 +0.000 +0.000 +0.000 +0.000 +0.000 +0.000 +0.000 +0.000 +0.000 +0.000
 +0.000 +0.000 +0.000 +0.000 +0.000 +0.000 +0.000 +0.000 +0.000 +0.000
 +0.000 +0.000 +0.000 +0.000 +0.000 +0.000 +0.000 +0.000 +0.000 +0.000
 +0.000 +0.000 +0.000 +0.000 +0.000 +0.000 +0.000 +0.000 +0.000 +0.000
 +0.000 +0.000 +0.000 +0.000 +0.000 +0.000 +0.000 +0.000 +0.000 +0.000
 +0.000 +0.000 +0.000 +0.000 +0.000 +0.000 +0.000 +0.000 +0.000 +0.000
 +0.000 +0.000 +0.000 +0.000 +0.000 +0.000 +0.000 +0.000 +0.000 +0.000]
Dual variables:           [+1.279 -1.538]

Optimal objective:       +6.12160383e-01
===========================================================================

Method:                  II-QIPM
LO_Precision:            1.00e-01
Stop_Precision:          1.00e-03
LO_Verbosity:            2
Omega:                   1.00e+01

The Quantum Inexact Infeasible Interior-Point Method starts running ...


                  Objective                Residual                                Linear system           Step-length
Iter      Primal           Dual         Primal    Dual     Compl    ||Resl||  Cond-Num  ||M||   ||RHS||    a-star   a-hat      Time
   0   4.96155286e+01  0.00000000e+00  1.45e+01 7.23e+00  8.37e+02  1.45e+01  4.00e+00 1.00e+00 1.45e+01  9.63e-01 9.27e-01      0s
   1   4.35339879e+01  4.38333292e-02  1.23e+01 6.13e+00  7.21e+02  2.45e-01  4.18e+00 1.60e+01 1.28e+01  6.87e-01 1.52e-01      1s
   2   3.85506010e+01  9.32542778e-02  1.06e+01 5.28e+00  6.29e+02  3.86e-01  4.29e+00 2.00e+01 1.94e+01  7.23e-01 1.39e-01      1s
   3   3.31440889e+01  1.55927693e-01  8.87e+00 4.39e+00  5.32e+02  4.46e-01  4.39e+00 2.44e+01 2.49e+01  7.58e-01 1.68e-01      1s
   4   2.70995590e+01  2.34508011e-01  6.99e+00 3.45e+00  4.27e+02  4.06e-01  4.50e+00 3.11e+01 3.12e+01  8.02e-01 2.15e-01      1s
   5   1.99852967e+01  3.35242493e-01  4.87e+00 2.40e+00  3.07e+02  2.24e-01  4.64e+00 4.24e+01 3.86e+01  8.61e-01 3.05e-01      2s
   6   1.08659980e+01  4.71962374e-01  2.32e+00 1.14e+00  1.54e+02  7.09e-03  4.81e+00 6.64e+01 4.77e+01  9.38e-01 5.24e-01      2s
   7   1.77051697e+00  6.06239916e-01  1.09e-01 5.45e-02  8.67e+00  1.07e-02  4.99e+00 1.57e+02 6.09e+01  9.83e-01 9.52e-01      2s
   8   1.24065316e+00  6.12222384e-01  4.08e-01 1.75e-03  3.25e-01  4.20e-01  4.18e+00 3.27e+03 5.67e+01  9.82e-01 9.68e-01      2s
   9   3.55785987e-01  6.12156028e-01  1.44e-01 3.57e-04  7.20e-02 *2.79e-01  4.10e+00 9.37e+04 2.55e+01  9.48e-01 7.96e-01      3s

The algorithm stopped after 10 iterations in 2.63 seconds.

Primal variables:   [+14.875 +16.597 +17.763 +15.631 +14.142 +17.729 +21.040 +15.254 +17.956
 +15.232 +17.222 +16.255 +0.003 +16.389 +21.822 +17.578 +0.005 +17.465
 +17.944 +18.401 +14.688 +17.415 +15.700 +22.505 +15.754 +15.000 +17.932
 +14.384 +16.709 +17.945 +18.260 +15.171 +14.964 +14.475 +16.662 +17.166
 +14.801 +15.964 +13.990 +26.935 +20.777 +14.601 +14.582 +21.253 +15.181
 +15.336 +20.462 +14.678 +14.750 +15.012 +14.700 +14.807 +18.468 +19.404
 +14.845 +21.105 +19.690 +19.782 +16.686 +15.211 +20.139 +15.303 +21.731
 +22.944 +15.699 +15.522 +21.745 +17.704 +27.905 +16.528 +16.380 +14.684
 +16.368 +21.989 +17.451 +21.539 +24.620 +17.747 +19.872 +20.683 +17.030
 +16.601 +18.532 +14.251 +14.882 +17.407 +15.234 +16.290 +14.760 +25.153
 +14.507 +14.850 +14.734 +15.893 +15.108 +15.111 +16.231 +18.567 +16.862
 +15.644]
Dual slacks:        [+0.000 +0.000 +0.000 +0.000 +0.000 +0.000 +0.000 +0.000 +0.000 +0.000
 +0.000 +0.000 +1.789 +0.000 +0.000 +0.000 +0.895 +0.000 +0.000 +0.000
 +0.000 +0.000 +0.000 +0.000 +0.000 +0.000 +0.000 +0.000 +0.000 +0.000
 +0.000 +0.000 +0.000 +0.000 +0.000 +0.000 +0.000 +0.000 +0.000 +0.000
 +0.000 +0.000 +0.000 +0.000 +0.000 +0.000 +0.000 +0.000 +0.000 +0.000
 +0.000 +0.000 +0.000 +0.000 +0.000 +0.000 +0.000 +0.000 +0.000 +0.000
 +0.000 +0.000 +0.000 +0.000 +0.000 +0.000 +0.000 +0.000 +0.000 +0.000
 +0.000 +0.000 +0.000 +0.000 +0.000 +0.000 +0.000 +0.000 +0.000 +0.000
 +0.000 +0.000 +0.000 +0.000 +0.000 +0.000 +0.000 +0.000 +0.000 +0.000
 +0.000 +0.000 +0.000 +0.000 +0.000 +0.000 +0.000 +0.000 +0.000 +0.000]
Dual variables:     [+1.279 -1.538]

Primal objective:   3.55785987e-01 
Dual objective:     6.12156028e-01 

Primal residual:    1.44e-01
Dual residual:      3.57e-04
Complementraty:     7.20e-02

Number of Iter:     10
Run time:           2.63
