
--------------- Linear optimization problem characteristics ---------------
Seed:                    43
Number of variables:     100
Number of constraints:   2

Norm of primal sol:      2.00e+00
Norm of dual sol:        2.00e+00
Norm of dual slacks:     2.00e+00

Norm of vector b:        4.67e-02
Norm of vector c:        2.71e+00

Norm of matrix A:        1.00e+00
Condition number:        2.00e+00

----------------------- Linear optimization problem -----------------------
Coeff matrix A:          [[+0.098 +0.066 +0.016 -0.064 -0.082 -0.098 +0.006 -0.061 +0.106 -0.040
 -0.039 +0.101 -0.066 -0.138 -0.017 +0.081 +0.063 +0.002 +0.080 -0.132
 +0.040 -0.036 +0.116 -0.026 +0.033 -0.077 -0.096 +0.001 -0.008 -0.143
 -0.048 +0.063 +0.027 -0.127 -0.005 +0.010 -0.052 +0.031 +0.075 -0.124
 +0.064 +0.082 +0.015 -0.098 +0.074 -0.036 +0.002 -0.117 -0.087 +0.049
 +0.068 +0.091 -0.138 -0.113 -0.093 -0.048 +0.015 -0.001 -0.075 +0.094
 +0.118 -0.090 +0.129 +0.025 +0.054 +0.063 +0.107 +0.038 -0.039 +0.028
 +0.101 -0.082 -0.111 -0.081 +0.069 +0.070 +0.015 +0.031 +0.050 +0.033
 +0.110 -0.096 -0.046 +0.065 -0.059 +0.021 -0.079 +0.022 -0.018 -0.018
 -0.019 +0.073 +0.045 +0.089 -0.014 -0.014 -0.100 -0.098 -0.091 +0.088]
                          [+0.072 -0.000 -0.016 -0.053 +0.061 -0.096 +0.111 +0.100 -0.011 -0.070
 +0.020 -0.058 -0.123 -0.154 -0.084 +0.115 +0.054 -0.096 -0.024 -0.123
 -0.014 +0.075 +0.005 +0.043 +0.122 -0.142 -0.065 -0.010 -0.022 -0.150
 +0.089 +0.039 -0.109 -0.118 +0.011 -0.043 +0.002 +0.122 -0.050 -0.074
 -0.055 +0.132 +0.036 -0.109 +0.129 -0.070 +0.013 -0.134 -0.118 +0.130
 +0.120 +0.009 -0.137 -0.060 -0.104 -0.087 +0.054 -0.068 -0.074 +0.001
 +0.122 -0.122 +0.092 +0.101 +0.011 -0.073 +0.126 +0.072 -0.068 -0.046
 +0.134 -0.106 -0.034 -0.007 +0.137 +0.064 +0.105 -0.075 +0.049 -0.053
 +0.127 -0.030 +0.056 +0.025 +0.109 -0.079 -0.100 +0.069 -0.105 -0.105
 -0.093 +0.107 +0.013 +0.004 +0.073 +0.022 +0.010 -0.029 +0.016 +0.046]]

RHS vector b:            [-0.016 +0.044]
Obj vector c:            [-0.199 -0.131 -0.032 +0.130 +0.160 +0.202 -0.018 +0.117 -0.212 +0.083
 +0.077 -0.200 +0.138 +0.283 +0.038 -0.168 -0.129 +0.000 -0.160 +0.269
 -0.079 +0.068 -0.232 +0.049 -0.073 +0.162 +0.195 -0.002 +0.018 +0.293
 +0.091 -0.128 -0.048 +1.855 +0.009 -0.018 +0.103 -0.068 -0.147 +0.251
 -0.126 -0.170 -0.031 +0.202 -0.155 +0.076 -0.005 +0.240 +0.179 -0.104
 -0.142 -0.182 +0.283 +0.228 +0.191 +0.100 -0.034 +0.006 +0.153 -0.188
 -0.243 +0.187 -0.262 -0.055 -0.109 -0.121 -0.219 -0.079 +0.081 -0.054
 -0.208 +0.169 +0.224 +0.163 -0.146 -0.143 -0.035 -0.058 -0.102 -0.063
 -0.226 +0.194 +0.089 -0.130 +1.318 -0.038 +0.163 -0.048 +0.041 +0.041
 +0.043 -0.150 -0.091 -0.179 +0.024 +0.027 +0.200 +0.198 +0.181 -0.179]

---------------------------- Optimal solution -----------------------------
Primal variables:         [+0.039 +0.207 +0.045 +0.082 +0.111 +0.292 +0.226 +0.184 +0.010 +0.249
 +0.134 +0.273 +0.086 +0.019 +0.295 +0.075 +0.138 +0.107 +0.026 +0.287
 +0.289 +0.330 +0.131 +0.324 +0.151 +0.228 +0.028 +0.305 +0.101 +0.089
 +0.002 +0.185 +0.162 +0.000 +0.332 +0.309 +0.309 +0.179 +0.035 +0.061
 +0.324 +0.140 +0.294 +0.228 +0.214 +0.094 +0.305 +0.070 +0.137 +0.338
 +0.250 +0.151 +0.191 +0.140 +0.247 +0.136 +0.228 +0.239 +0.207 +0.184
 +0.070 +0.068 +0.270 +0.099 +0.223 +0.102 +0.049 +0.137 +0.105 +0.083
 +0.200 +0.083 +0.254 +0.245 +0.236 +0.035 +0.321 +0.171 +0.306 +0.067
 +0.202 +0.328 +0.339 +0.008 +0.000 +0.099 +0.022 +0.194 +0.002 +0.208
 +0.296 +0.300 +0.324 +0.251 +0.063 +0.148 +0.301 +0.087 +0.151 +0.210]
Dual slacks:              [+0.000 +0.000 +0.000 +0.000 +0.000 +0.000 +0.000 +0.000 +0.000 +0.000
 +0.000 +0.000 +0.000 +0.000 +0.000 +0.000 +0.000 +0.000 +0.000 +0.000
 +0.000 +0.000 +0.000 +0.000 +0.000 +0.000 +0.000 +0.000 +0.000 +0.000
 +0.000 +0.000 +0.000 +1.595 +0.000 +0.000 +0.000 +0.000 +0.000 +0.000
 +0.000 +0.000 +0.000 +0.000 +0.000 +0.000 +0.000 +0.000 +0.000 +0.000
 +0.000 +0.000 +0.000 +0.000 +0.000 +0.000 +0.000 +0.000 +0.000 +0.000
 +0.000 +0.000 +0.000 +0.000 +0.000 +0.000 +0.000 +0.000 +0.000 +0.000
 +0.000 +0.000 +0.000 +0.000 +0.000 +0.000 +0.000 +0.000 +0.000 +0.000
 +0.000 +0.000 +0.000 +0.000 +1.206 +0.000 +0.000 +0.000 +0.000 +0.000
 +0.000 +0.000 +0.000 +0.000 +0.000 +0.000 +0.000 +0.000 +0.000 +0.000]
Dual variables:           [-1.999 -0.050]

Optimal objective:       +3.06715336e-02
===========================================================================

Method:                  II-QIPM
LO_Precision:            1.00e-01
Stop_Precision:          1.00e-03
LO_Verbosity:            2
Omega:                   1.00e+01

The Quantum Inexact Infeasible Interior-Point Method starts running ...


                  Objective                Residual                                Linear system           Step-length
Iter      Primal           Dual         Primal    Dual     Compl    ||Resl||  Cond-Num  ||M||   ||RHS||    a-star   a-hat      Time
   0   2.75432219e+01  2.62137972e-01  1.00e+00 1.68e+01  1.84e+03  2.22e-15  4.00e+00 1.00e+00 5.14e+00  9.03e-01 8.32e-01      0s
   1   1.73031276e+01  6.04137945e-02  2.70e-01 1.54e+00  1.98e+02 *2.79e-01  4.46e+00 7.57e+00 4.48e+01  9.67e-01 9.08e-01      1s
   2   1.65841262e+01  6.04137945e-02  1.24e+00 1.46e+00  1.88e+02  2.05e+01  3.82e+00 7.78e+01 2.05e+01  4.94e-01 5.58e-02      1s
   3   1.61622786e+01  6.04137945e-02  2.05e+00 1.40e+00  1.81e+02  2.37e+01  3.74e+00 8.39e+01 2.37e+01  4.64e-01 3.64e-02      1s
   4   1.58174787e+01  6.04137945e-02  2.82e+00 1.36e+00  1.76e+02  2.61e+01  3.68e+00 8.83e+01 2.61e+01  4.44e-01 3.23e-02      1s
   5   1.55348081e+01  6.04137945e-02  3.56e+00 1.32e+00  1.72e+02  2.84e+01  3.62e+00 9.24e+01 2.84e+01  4.26e-01 2.89e-02      1s
   6   1.53025585e+01  6.04137945e-02  4.27e+00 1.29e+00  1.67e+02  3.06e+01  3.56e+00 9.63e+01 3.06e+01  4.08e-01 2.61e-02      2s
   7   1.51125065e+01  6.04137945e-02  4.94e+00 1.26e+00  1.64e+02  3.28e+01  3.51e+00 1.00e+02 3.28e+01  3.93e-01 2.36e-02      2s
   8   1.49576403e+01  6.04137945e-02  5.58e+00 1.23e+00  1.61e+02  3.50e+01  3.45e+00 1.04e+02 3.50e+01  3.78e-01 2.14e-02      2s
   9   1.48325034e+01  6.04137945e-02  6.20e+00 1.20e+00  1.58e+02  3.71e+01  3.39e+00 1.07e+02 3.71e+01  3.64e-01 1.96e-02      2s
  10   1.47326596e+01  6.04137945e-02  6.79e+00 1.18e+00  1.55e+02  3.92e+01  3.34e+00 1.10e+02 3.92e+01  3.52e-01 1.79e-02      3s
  11   1.46545651e+01  6.04137945e-02  7.36e+00 1.16e+00  1.53e+02  4.12e+01  3.29e+00 1.13e+02 4.12e+01  3.40e-01 1.65e-02      3s
  12   1.45952585e+01  6.04137945e-02  7.91e+00 1.15e+00  1.51e+02  4.32e+01  3.24e+00 1.16e+02 4.32e+01  3.29e-01 1.52e-02      3s
  13   1.45522570e+01  6.04137945e-02  8.43e+00 1.13e+00  1.49e+02  4.51e+01  3.19e+00 1.19e+02 4.51e+01  3.18e-01 1.41e-02      3s
  14   1.45234447e+01  6.04137945e-02  8.94e+00 1.11e+00  1.47e+02  4.71e+01  3.14e+00 1.22e+02 4.71e+01  3.09e-01 1.31e-02      4s
  15   1.45071321e+01  6.04137945e-02  9.43e+00 1.10e+00  1.46e+02  4.90e+01  3.09e+00 1.25e+02 4.90e+01  2.99e-01 1.22e-02      4s
  16   1.45017946e+01  6.04137945e-02  9.90e+00 1.09e+00  1.44e+02  5.09e+01  3.04e+00 1.27e+02 5.09e+01  2.91e-01 1.14e-02      4s
  17   2.87012192e+00  2.78971122e-02  1.57e+00 1.72e-01  2.52e+01  3.57e-03  3.00e+00 1.30e+02 5.27e+01  8.97e-01 8.42e-01      4s
  18   2.26737649e-02  3.07130975e-02  8.19e-02 4.63e-03  8.18e-01  8.31e-02  4.03e+00 7.78e+02 2.07e+01  9.85e-01 9.73e-01      4s
  19   2.40812156e-01  3.06728058e-02  1.28e-01 3.25e-04  6.41e-02 *1.40e-01  4.45e+00 3.49e+04 4.98e+01  9.65e-01 9.30e-01      5s

The algorithm stopped after 20 iterations in 4.51 seconds.

Primal variables:   [+16.815 +15.942 +16.055 +16.055 +17.809 +15.608 +18.395 +15.751 +15.600
 +15.628 +17.202 +15.217 +15.085 +15.015 +15.330 +17.861 +16.823 +15.143
 +15.581 +15.406 +15.914 +18.159 +15.720 +17.533 +18.451 +14.929 +16.114
 +16.250 +16.129 +15.082 +17.900 +16.564 +14.995 +0.004 +16.675 +15.703
 +16.967 +18.462 +15.346 +16.181 +15.329 +18.219 +16.964 +15.408 +18.247
 +15.604 +16.659 +15.169 +15.227 +18.495 +18.108 +15.916 +15.237 +16.346
 +15.451 +15.445 +17.313 +15.454 +15.794 +15.786 +17.556 +15.193 +16.851
 +18.166 +16.182 +15.187 +17.782 +17.434 +15.643 +15.571 +18.040 +15.362
 +16.868 +17.102 +18.463 +16.940 +18.310 +15.253 +16.862 +15.474 +17.772
 +16.789 +17.976 +16.316 +0.004 +15.249 +15.435 +17.563 +15.117 +15.117
 +15.243 +17.790 +16.288 +15.857 +18.001 +16.979 +17.643 +16.829 +17.663
 +16.458]
Dual slacks:        [+0.000 +0.000 +0.000 +0.000 +0.000 +0.000 +0.000 +0.000 +0.000 +0.000
 +0.000 +0.000 +0.000 +0.000 +0.000 +0.000 +0.000 +0.000 +0.000 +0.000
 +0.000 +0.000 +0.000 +0.000 +0.000 +0.000 +0.000 +0.000 +0.000 +0.000
 +0.000 +0.000 +0.000 +1.595 +0.000 +0.000 +0.000 +0.000 +0.000 +0.000
 +0.000 +0.000 +0.000 +0.000 +0.000 +0.000 +0.000 +0.000 +0.000 +0.000
 +0.000 +0.000 +0.000 +0.000 +0.000 +0.000 +0.000 +0.000 +0.000 +0.000
 +0.000 +0.000 +0.000 +0.000 +0.000 +0.000 +0.000 +0.000 +0.000 +0.000
 +0.000 +0.000 +0.000 +0.000 +0.000 +0.000 +0.000 +0.000 +0.000 +0.000
 +0.000 +0.000 +0.000 +0.000 +1.206 +0.000 +0.000 +0.000 +0.000 +0.000
 +0.000 +0.000 +0.000 +0.000 +0.000 +0.000 +0.000 +0.000 +0.000 +0.000]
Dual variables:     [-1.999 -0.050]

Primal objective:   2.40812156e-01 
Dual objective:     3.06728058e-02 

Primal residual:    1.28e-01
Dual residual:      3.25e-04
Complementraty:     6.41e-02

Number of Iter:     20
Run time:           4.51
