
--------------- Linear optimization problem characteristics ---------------
Seed:                    36
Number of variables:     100
Number of constraints:   2

Norm of primal sol:      2.00e+00
Norm of dual sol:        2.00e+00
Norm of dual slacks:     2.00e+00

Norm of vector b:        1.94e-01
Norm of vector c:        2.16e+00

Norm of matrix A:        1.00e+00
Condition number:        2.00e+00

----------------------- Linear optimization problem -----------------------
Coeff matrix A:          [[+0.018 -0.014 -0.040 +0.076 -0.070 +0.000 +0.099 +0.075 +0.105 -0.041
 -0.070 -0.092 +0.154 +0.119 +0.042 -0.033 +0.056 +0.012 -0.088 +0.103
 +0.055 +0.042 -0.076 -0.056 +0.064 -0.051 +0.091 -0.028 -0.057 -0.001
 +0.035 -0.097 -0.069 +0.045 -0.077 -0.131 +0.022 -0.043 +0.110 -0.062
 -0.079 +0.108 +0.076 +0.032 -0.048 +0.103 +0.058 -0.111 -0.074 -0.066
 -0.065 +0.127 -0.074 -0.014 +0.010 -0.064 -0.024 -0.080 +0.043 +0.045
 -0.080 +0.024 +0.065 -0.079 -0.051 -0.035 +0.154 +0.101 -0.036 +0.124
 -0.085 +0.133 +0.023 -0.013 +0.097 +0.142 -0.015 -0.025 +0.040 -0.060
 -0.021 -0.058 +0.112 +0.140 +0.122 +0.125 +0.042 +0.032 -0.043 -0.028
 +0.086 -0.098 +0.066 +0.066 -0.080 +0.015 +0.035 +0.029 +0.042 -0.034]
                          [-0.011 -0.031 +0.002 +0.056 -0.061 -0.028 -0.106 -0.109 -0.011 +0.032
 +0.020 +0.046 -0.172 -0.033 +0.038 +0.075 -0.085 +0.043 -0.052 -0.114
 +0.006 -0.071 -0.010 +0.113 -0.143 +0.015 -0.097 -0.036 +0.115 +0.058
 -0.105 -0.033 +0.062 -0.079 +0.070 +0.132 -0.035 +0.034 -0.090 -0.076
 -0.068 -0.083 -0.052 -0.045 +0.139 -0.073 -0.019 +0.069 +0.104 -0.066
 +0.006 -0.086 +0.023 +0.113 +0.034 -0.059 +0.001 +0.027 -0.104 +0.053
 +0.142 -0.096 -0.118 -0.086 -0.086 -0.033 -0.171 -0.028 -0.026 -0.085
 +0.036 -0.123 +0.042 -0.088 -0.153 -0.170 -0.071 +0.041 +0.094 +0.075
 -0.093 +0.078 -0.107 -0.137 -0.119 -0.130 +0.066 +0.091 +0.102 +0.029
 -0.067 +0.088 +0.064 +0.026 +0.102 +0.111 -0.111 -0.115 +0.052 -0.069]]

RHS vector b:            [+0.026 -0.193]
Obj vector c:            [-0.005 -0.068 -0.027 +0.163 -0.167 -0.052 -0.115 -0.140 +0.062 +0.026
 -0.019 +0.011 -0.193 +0.034 +0.103 +0.111 -0.112 +0.088 -0.166 -0.127
 +0.054 -0.098 -0.080 +0.162 -0.211 -0.013 -0.104 -0.087 +0.165 +0.106
 -0.165 -0.137 +0.059 -0.110 +0.068 +0.137 -0.047 +0.027 -0.077 -0.189
 -0.188 -0.067 -0.036 -0.057 +0.217 -0.053 +0.012 +0.039 +0.131 -0.174
 -0.040 -0.057 -0.017 +0.195 +0.070 -0.159 -0.018 -0.015 +1.493 +0.134
 +0.198 -0.156 -0.165 -0.221 -0.199 -0.088 -0.191 +0.028 -0.076 -0.057
 -0.002 -0.120 +0.096 -0.172 -0.203 -0.198 -0.142 +0.055 +0.205 +0.091
 -0.187 +0.097 -0.107 -0.140 -0.121 -0.139 +0.155 +0.193 +0.154 +0.032
 -0.055 +0.083 +0.170 +0.101 +0.124 +0.216 -0.176 +0.942 +0.129 -0.155]

---------------------------- Optimal solution -----------------------------
Primal variables:         [+0.266 +0.220 +0.348 +0.052 +0.295 +0.133 +0.068 +0.095 +0.230 +0.012
 +0.346 +0.331 +0.201 +0.072 +0.085 +0.001 +0.083 +0.137 +0.165 +0.090
 +0.168 +0.077 +0.245 +0.165 +0.217 +0.120 +0.082 +0.079 +0.063 +0.008
 +0.230 +0.194 +0.089 +0.192 +0.064 +0.125 +0.365 +0.085 +0.009 +0.055
 +0.177 +0.129 +0.234 +0.153 +0.068 +0.129 +0.176 +0.293 +0.147 +0.160
 +0.319 +0.072 +0.264 +0.249 +0.075 +0.030 +0.076 +0.318 +0.000 +0.244
 +0.146 +0.028 +0.084 +0.074 +0.059 +0.346 +0.092 +0.330 +0.282 +0.054
 +0.323 +0.027 +0.243 +0.231 +0.116 +0.165 +0.288 +0.318 +0.260 +0.183
 +0.354 +0.122 +0.099 +0.205 +0.363 +0.325 +0.046 +0.141 +0.155 +0.065
 +0.004 +0.282 +0.348 +0.093 +0.351 +0.283 +0.305 +0.000 +0.343 +0.134]
Dual slacks:              [+0.000 +0.000 +0.000 +0.000 +0.000 +0.000 +0.000 +0.000 +0.000 +0.000
 +0.000 +0.000 +0.000 +0.000 +0.000 +0.000 +0.000 +0.000 +0.000 +0.000
 +0.000 +0.000 +0.000 +0.000 +0.000 +0.000 +0.000 +0.000 +0.000 +0.000
 +0.000 +0.000 +0.000 +0.000 +0.000 +0.000 +0.000 +0.000 +0.000 +0.000
 +0.000 +0.000 +0.000 +0.000 +0.000 +0.000 +0.000 +0.000 +0.000 +0.000
 +0.000 +0.000 +0.000 +0.000 +0.000 +0.000 +0.000 +0.000 +1.651 +0.000
 +0.000 +0.000 +0.000 +0.000 +0.000 +0.000 +0.000 +0.000 +0.000 +0.000
 +0.000 +0.000 +0.000 +0.000 +0.000 +0.000 +0.000 +0.000 +0.000 +0.000
 +0.000 +0.000 +0.000 +0.000 +0.000 +0.000 +0.000 +0.000 +0.000 +0.000
 +0.000 +0.000 +0.000 +0.000 +0.000 +0.000 +0.000 +1.129 +0.000 +0.000]
Dual variables:           [+0.797 +1.834]

Optimal objective:       -3.32555567e-01
===========================================================================

Method:                  II-QIPM
LO_Precision:            1.00e-01
Stop_Precision:          1.00e-03
LO_Verbosity:            2
Omega:                   1.00e+01

The Quantum Inexact Infeasible Interior-Point Method starts running ...


                  Objective                Residual                                Linear system           Step-length
Iter      Primal           Dual         Primal    Dual     Compl    ||Resl||  Cond-Num  ||M||   ||RHS||    a-star   a-hat      Time
   0   1.18780258e+01 -3.30972671e+00  8.20e+00 4.02e+01  4.27e+03 *7.11e-15  4.00e+00 1.00e+00 2.31e+01  7.16e-01 5.98e-01      0s
   1   1.34398797e+01 -3.30972671e+00  6.68e+00 3.85e+01  4.11e+03  2.86e+01  3.85e+00 2.63e+00 2.86e+01  4.19e-01 4.11e-02      1s
   2   1.44430192e+01 -3.30972671e+00  5.73e+00 3.76e+01  4.02e+03  3.35e+01  3.94e+00 2.85e+00 3.35e+01  3.94e-01 2.38e-02      1s
   3   1.54150963e+01 -3.30972671e+00  4.81e+00 3.68e+01  3.94e+03  3.67e+01  4.00e+00 3.00e+00 3.67e+01  3.79e-01 2.16e-02      1s
   4   1.64350668e+01 -2.10119076e+00  2.76e+00 2.11e+01  2.36e+03  1.07e-01  4.06e+00 3.16e+00 3.98e+01  9.08e-01 4.27e-01      1s
   5   1.52398709e+01 -4.20489911e-01  4.41e-01 1.01e+00  1.37e+02  4.32e-01  4.23e+00 6.07e+00 4.89e+01  9.96e-01 9.52e-01      2s
   6   2.92041971e+00 -3.31309503e-01  5.40e-01 5.94e-02  1.03e+01  5.47e-01  4.18e+00 1.41e+02 5.71e+01  9.72e-01 9.41e-01      2s
   7  -6.97721805e+00 -3.31309503e-01  4.55e+00 3.03e-02  5.50e+00  9.45e+00  3.66e+00 2.08e+03 9.45e+00  8.23e-01 4.91e-01      2s
   8  -1.06959722e+01 -3.31309503e-01  6.39e+00 2.72e-02  5.00e+00  2.31e+01  3.43e+00 4.44e+03 2.31e+01  6.52e-01 1.00e-01      2s
   9  -1.41684331e+01 -3.31309503e-01  8.11e+00 2.50e-02  4.62e+00  2.76e+01  3.33e+00 5.05e+03 2.76e+01  6.13e-01 8.23e-02      3s
  10  -1.58432889e+01 -3.31309503e-01  8.95e+00 2.41e-02  4.47e+00  3.18e+01  3.23e+00 5.61e+03 3.18e+01  5.78e-01 3.54e-02      3s
  11  -1.58437117e+01 -3.31309503e-01  8.95e+00 2.41e-02  4.47e+00  3.39e+01  3.18e+00 5.87e+03 3.39e+01  5.63e-01 8.50e-06      4s

The solution quality is limited by the precision of the linear system solver.

The algorithm stopped after 12 iterations in 3.76 seconds.

Primal variables:   [+14.316 +14.702 +15.498 +14.473 +15.820 +14.457 +12.285 +12.653 +13.059
 +15.918 +16.311 +17.186 +11.103 +12.633 +14.617 +16.631 +13.089 +15.167
 +16.314 +12.173 +13.952 +13.415 +16.143 +18.372 +12.731 +15.868 +12.461
 +14.933 +18.475 +15.692 +13.387 +16.554 +17.021 +13.324 +17.383 +21.283
 +14.018 +15.969 +12.240 +15.633 +16.091 +12.322 +13.024 +13.769 +19.604
 +12.464 +13.618 +18.101 +18.353 +15.717 +16.039 +12.040 +16.444 +17.528
 +15.050 +15.672 +15.176 +16.624 +0.300 +14.859 +20.661 +13.615 +12.775
 +16.166 +15.336 +15.100 +11.114 +12.916 +15.169 +12.083 +16.848 +11.689
 +14.978 +14.422 +12.105 +11.299 +14.492 +15.758 +15.933 +17.159 +14.594
 +17.195 +12.092 +11.495 +11.867 +11.762 +15.183 +15.977 +17.671 +15.625
 +12.751 +18.338 +14.779 +14.086 +18.439 +16.941 +13.358 +0.458 +14.889
 +14.931]
Dual slacks:        [+0.002 +0.002 +0.002 +0.003 +0.002 +0.002 +0.002 +0.002 +0.003 +0.002
 +0.002 +0.002 +0.002 +0.003 +0.003 +0.003 +0.002 +0.003 +0.002 +0.002
 +0.003 +0.002 +0.002 +0.003 +0.002 +0.002 +0.002 +0.002 +0.003 +0.003
 +0.002 +0.002 +0.002 +0.002 +0.002 +0.003 +0.002 +0.002 +0.002 +0.002
 +0.002 +0.002 +0.002 +0.002 +0.003 +0.002 +0.003 +0.002 +0.003 +0.002
 +0.002 +0.003 +0.002 +0.003 +0.003 +0.002 +0.002 +0.002 +1.652 +0.003
 +0.003 +0.002 +0.002 +0.001 +0.002 +0.002 +0.002 +0.003 +0.002 +0.003
 +0.002 +0.002 +0.003 +0.002 +0.002 +0.002 +0.002 +0.003 +0.003 +0.003
 +0.002 +0.003 +0.002 +0.002 +0.002 +0.002 +0.003 +0.003 +0.003 +0.002
 +0.002 +0.002 +0.003 +0.003 +0.003 +0.003 +0.002 +1.131 +0.003 +0.002]
Dual variables:     [+0.791 +1.827]

Primal objective:   -1.58437117e+01
Dual objective:     -3.31309503e-01

Primal residual:    8.95e+00
Dual residual:      2.41e-02
Complementraty:     4.47e+00

Number of Iter:     12
Run time:           3.76
