
--------------- Linear optimization problem characteristics ---------------
Seed:                    10
Number of variables:     100
Number of constraints:   2

Norm of primal sol:      2.00e+00
Norm of dual sol:        2.00e+00
Norm of dual slacks:     2.00e+00

Norm of vector b:        1.22e-01
Norm of vector c:        2.43e+00

Norm of matrix A:        1.00e+00
Condition number:        2.00e+00

----------------------- Linear optimization problem -----------------------
Coeff matrix A:          [[+0.030 -0.076 -0.025 -0.001 +0.145 +0.134 -0.123 -0.110 -0.132 -0.104
 +0.131 +0.090 +0.061 -0.077 -0.001 +0.017 -0.156 +0.103 +0.088 -0.033
 -0.033 +0.084 +0.095 -0.106 +0.095 +0.040 +0.156 -0.041 -0.128 +0.144
 +0.050 +0.001 -0.092 -0.115 +0.101 -0.085 -0.016 +0.058 -0.023 -0.024
 -0.154 -0.078 -0.001 +0.103 -0.089 -0.033 -0.072 +0.064 -0.103 -0.038
 -0.057 -0.074 +0.017 -0.059 -0.065 -0.130 +0.071 -0.033 -0.004 -0.010
 +0.055 +0.010 -0.104 +0.146 -0.054 -0.056 -0.005 -0.153 -0.155 -0.102
 -0.081 -0.127 -0.011 -0.011 +0.066 +0.092 -0.112 -0.016 +0.118 -0.068
 +0.120 -0.050 -0.161 +0.064 -0.011 -0.058 -0.068 -0.043 +0.073 -0.060
 -0.057 +0.128 +0.147 -0.042 +0.126 +0.137 +0.074 -0.135 -0.062 -0.069]
                          [-0.027 +0.005 +0.071 +0.050 -0.143 -0.016 +0.100 -0.085 -0.011 +0.070
 -0.068 -0.038 -0.032 +0.099 -0.086 +0.012 +0.058 -0.118 -0.063 +0.001
 -0.008 +0.039 -0.079 +0.045 -0.084 -0.047 -0.131 +0.059 +0.054 -0.117
 +0.030 -0.079 +0.123 +0.087 +0.066 +0.082 +0.006 -0.094 -0.054 +0.031
 +0.094 +0.026 -0.029 +0.014 -0.000 -0.024 +0.063 -0.002 +0.133 -0.019
 +0.057 +0.026 -0.016 -0.031 +0.039 +0.062 +0.066 +0.028 -0.076 +0.073
 -0.088 +0.033 -0.048 -0.037 +0.060 +0.008 -0.078 +0.086 +0.104 +0.072
 +0.056 -0.023 -0.047 +0.078 -0.011 +0.052 +0.054 +0.013 +0.045 +0.055
 +0.016 -0.051 +0.125 -0.096 -0.080 -0.064 -0.019 -0.099 -0.098 +0.064
 +0.086 -0.137 -0.129 -0.076 -0.074 -0.112 +0.020 -0.010 -0.024 -0.059]]

RHS vector b:            [-0.118 -0.027]
Obj vector c:            [-0.039 -0.022 +0.127 +0.096 -0.217 +0.026 +0.143 -0.214 -0.078 +0.092
 -0.076 -0.034 -0.036 +0.160 -0.169 +0.032 +0.046 -0.186 -0.085 -0.012
 -0.030 +0.113 -0.114 +0.041 -0.124 -0.074 -0.188 +0.098 +0.050 -0.167
 +0.080 -0.153 +0.201 +0.121 +0.758 +0.124 +0.004 -0.159 -0.116 +0.051
 +0.118 +0.017 -0.057 +0.072 -0.039 -0.061 +2.004 +0.024 +0.216 -0.054
 +0.087 +0.020 -0.024 -0.085 +0.048 +0.065 +0.159 +0.041 -0.150 +0.138
 -0.147 +0.069 -0.138 -0.008 +0.093 -0.008 -0.155 +0.101 +0.136 +0.098
 +0.075 -0.100 -0.097 +0.148 +0.006 +0.141 +0.057 +0.018 +0.139 +0.077
 +0.083 -0.121 +0.175 -0.160 -0.161 -0.149 -0.067 -0.212 -0.160 +0.098
 +0.143 -0.211 -0.188 -0.167 -0.090 -0.159 +0.070 -0.078 -0.074 -0.145]

---------------------------- Optimal solution -----------------------------
Primal variables:         [+0.277 +0.007 +0.228 +0.269 +0.179 +0.081 +0.071 +0.273 +0.061 +0.032
 +0.246 +0.342 +0.001 +0.184 +0.292 +0.220 +0.259 +0.105 +0.330 +0.257
 +0.195 +0.051 +0.134 +0.242 +0.159 +0.156 +0.222 +0.184 +0.234 +0.216
 +0.289 +0.187 +0.326 +0.115 +0.000 +0.108 +0.041 +0.298 +0.017 +0.225
 +0.197 +0.294 +0.071 +0.308 +0.126 +0.271 +0.000 +0.317 +0.117 +0.059
 +0.141 +0.034 +0.295 +0.054 +0.138 +0.339 +0.355 +0.164 +0.297 +0.090
 +0.215 +0.324 +0.192 +0.212 +0.014 +0.128 +0.029 +0.110 +0.119 +0.278
 +0.014 +0.154 +0.113 +0.229 +0.124 +0.015 +0.316 +0.274 +0.315 +0.150
 +0.217 +0.184 +0.215 +0.094 +0.108 +0.009 +0.109 +0.087 +0.200 +0.203
 +0.171 +0.105 +0.023 +0.351 +0.122 +0.178 +0.351 +0.158 +0.114 +0.187]
Dual slacks:              [+0.000 +0.000 +0.000 +0.000 +0.000 +0.000 +0.000 +0.000 +0.000 +0.000
 +0.000 +0.000 +0.000 +0.000 +0.000 +0.000 +0.000 +0.000 +0.000 +0.000
 +0.000 +0.000 +0.000 +0.000 +0.000 +0.000 +0.000 +0.000 +0.000 +0.000
 +0.000 +0.000 +0.000 +0.000 +0.585 +0.000 +0.000 +0.000 +0.000 +0.000
 +0.000 +0.000 +0.000 +0.000 +0.000 +0.000 +1.913 +0.000 +0.000 +0.000
 +0.000 +0.000 +0.000 +0.000 +0.000 +0.000 +0.000 +0.000 +0.000 +0.000
 +0.000 +0.000 +0.000 +0.000 +0.000 +0.000 +0.000 +0.000 +0.000 +0.000
 +0.000 +0.000 +0.000 +0.000 +0.000 +0.000 +0.000 +0.000 +0.000 +0.000
 +0.000 +0.000 +0.000 +0.000 +0.000 +0.000 +0.000 +0.000 +0.000 +0.000
 +0.000 +0.000 +0.000 +0.000 +0.000 +0.000 +0.000 +0.000 +0.000 +0.000]
Dual variables:           [+0.431 +1.953]

Optimal objective:       -1.03947781e-01
===========================================================================

Method:                  II-QIPM
LO_Precision:            1.00e-01
Stop_Precision:          1.00e-03
LO_Verbosity:            2
Omega:                   1.00e+01

The Quantum Inexact Infeasible Interior-Point Method starts running ...


                  Objective                Residual                                Linear system           Step-length
Iter      Primal           Dual         Primal    Dual     Compl    ||Resl||  Cond-Num  ||M||   ||RHS||    a-star   a-hat      Time
   0   2.11119460e+01 -2.30018109e+00  4.83e+00 4.20e+01  4.46e+03  6.22e-15  4.00e+00 1.00e+00 1.25e+01  6.99e-01 5.79e-01      0s
   1   2.17993510e+01 -2.30018109e+00  4.06e+00 4.06e+01  4.32e+03  1.81e+01  3.55e+00 2.60e+00 1.81e+01  4.11e-01 3.37e-02      1s
   2   2.23266852e+01 -2.30018109e+00  3.48e+00 3.96e+01  4.23e+03  2.07e+01  3.47e+00 2.73e+00 2.07e+01  3.91e-01 2.32e-02      1s
   3   2.28442057e+01 -2.30018109e+00  2.93e+00 3.88e+01  4.15e+03  2.26e+01  3.41e+00 2.82e+00 2.26e+01  3.77e-01 2.11e-02      1s
   4   2.33529458e+01 -2.30018109e+00  2.40e+00 3.81e+01  4.08e+03  2.45e+01  3.35e+00 2.91e+00 2.45e+01  3.63e-01 1.93e-02      2s
   5   2.38526238e+01 -2.30018109e+00  1.89e+00 3.74e+01  4.01e+03  2.64e+01  3.30e+00 3.00e+00 2.64e+01  3.51e-01 1.77e-02      2s
   6   2.43441110e+01 -2.30018109e+00  1.40e+00 3.68e+01  3.95e+03  2.83e+01  3.25e+00 3.08e+00 2.83e+01  3.39e-01 1.63e-02      2s
   7   2.48269475e+01 -2.30018109e+00  9.29e-01 3.62e+01  3.90e+03  3.02e+01  3.20e+00 3.16e+00 3.02e+01  3.28e-01 1.51e-02      3s
   8   2.53012732e+01 -2.30018109e+00  4.74e-01 3.57e+01  3.85e+03  3.20e+01  3.16e+00 3.25e+00 3.20e+01  3.18e-01 1.40e-02      3s
   9   2.57668567e+01 -2.30018109e+00  1.07e-01 3.53e+01  3.81e+03  3.39e+01  3.12e+00 3.32e+00 3.39e+01  3.08e-01 1.30e-02      3s
  10   2.62244735e+01 -2.30018109e+00  4.28e-01 3.48e+01  3.77e+03  3.57e+01  3.08e+00 3.40e+00 3.57e+01  2.99e-01 1.21e-02      4s
  11   2.66740484e+01 -2.30018109e+00  8.40e-01 3.44e+01  3.73e+03  3.75e+01  3.04e+00 3.48e+00 3.75e+01  2.90e-01 1.13e-02      4s
  12   2.71160124e+01 -2.30018109e+00  1.25e+00 3.41e+01  3.69e+03  3.93e+01  3.00e+00 3.55e+00 3.93e+01  2.82e-01 1.06e-02      4s
  13   1.76947957e+01 -8.10211098e-02  1.76e-01 1.34e+00  1.75e+02 *1.71e-01  2.97e+00 3.62e+00 4.11e+01  9.79e-01 9.61e-01      5s
  14   3.18980428e+00 -1.11895411e-01  2.35e-01 1.39e-01  2.15e+01  2.49e-01  4.37e+00 9.25e+01 2.56e+01  9.24e-01 8.97e-01      5s
  15   4.94548147e+00 -1.11895411e-01  1.17e+00 1.32e-01  2.06e+01  3.01e+01  3.29e+00 9.96e+02 3.01e+01  3.31e-01 4.49e-02      5s
  16   5.50476381e+00 -1.11895411e-01  1.61e+00 1.31e-01  2.04e+01  3.63e+01  3.13e+00 1.07e+03 3.63e+01  3.00e-01 1.23e-02      5s
  17   6.04315722e+00 -1.11895411e-01  2.02e+00 1.29e-01  2.02e+01  3.83e+01  3.09e+00 1.09e+03 3.83e+01  2.91e-01 1.14e-02      6s
  18   6.56875341e+00 -1.11895411e-01  2.43e+00 1.28e-01  2.00e+01  4.03e+01  3.04e+00 1.12e+03 4.03e+01  2.83e-01 1.06e-02      6s
  19   4.99116016e-01 -1.03932782e-01  2.04e-01 1.07e-02  1.87e+00 *3.38e-03  3.00e+00 1.14e+03 4.23e+01  9.56e-01 9.16e-01      6s
  20  -2.29921955e-01 -1.03988143e-01  1.20e-01 6.93e-04  1.36e-01 *1.42e-01  4.14e+00 1.36e+04 7.59e+00  9.55e-01 9.35e-01      6s
  21   2.09826605e-01 -1.03988143e-01  2.69e-01 6.86e-04  1.35e-01  4.13e+01  3.31e+00 2.50e+05 4.13e+01  3.31e-01 9.38e-03      7s
  22   2.09889991e-01 -1.03988143e-01  2.70e-01 6.86e-04  1.35e-01  4.29e+01  3.28e+00 2.54e+05 4.29e+01  3.25e-01 1.31e-06      8s

The solution quality is limited by the precision of the linear system solver.

The algorithm stopped after 23 iterations in 7.66 seconds.

Primal variables:   [+16.323 +13.631 +18.632 +18.723 +16.080 +23.805 +15.513 +10.237 +11.531
 +15.006 +19.237 +18.729 +17.485 +17.493 +13.044 +17.596 +12.835 +15.463
 +17.221 +14.957 +14.597 +24.704 +16.777 +13.978 +16.541 +15.856 +17.155
 +17.184 +13.573 +17.228 +20.683 +13.336 +18.035 +15.291 +0.022 +16.265
 +15.783 +14.671 +13.349 +16.585 +14.124 +14.272 +14.968 +23.848 +13.033
 +14.029 +0.007 +19.355 +18.056 +14.045 +16.344 +14.437 +16.205 +12.994
 +15.229 +13.799 +26.493 +16.068 +13.273 +19.673 +14.834 +18.360 +11.288
 +22.906 +16.567 +14.408 +13.165 +13.842 +14.469 +15.184 +15.320 +11.321
 +13.976 +19.974 +18.871 +27.449 +14.117 +16.119 +30.815 +15.787 +26.078
 +12.669 +15.054 +14.846 +12.924 +12.080 +13.095 +11.534 +15.109 +16.489
 +17.792 +15.700 +16.811 +12.171 +18.599 +17.180 +21.712 +11.466 +13.110
 +11.907]
Dual slacks:        [+0.000 +0.000 +0.000 +0.000 +0.000 +0.000 +0.000 +0.000 +0.000 +0.000
 +0.000 +0.000 +0.000 +0.000 +0.000 +0.000 +0.000 +0.000 +0.000 +0.000
 +0.000 +0.000 +0.000 +0.000 +0.000 +0.000 +0.000 +0.000 +0.000 +0.000
 +0.000 +0.000 +0.000 +0.000 +0.585 +0.000 +0.000 +0.000 +0.000 +0.000
 +0.000 +0.000 +0.000 +0.000 +0.000 +0.000 +1.913 +0.000 +0.000 +0.000
 +0.000 +0.000 +0.000 +0.000 +0.000 +0.000 +0.000 +0.000 +0.000 +0.000
 +0.000 +0.000 +0.000 +0.000 +0.000 +0.000 +0.000 +0.000 +0.000 +0.000
 +0.000 +0.000 +0.000 +0.000 +0.000 +0.000 +0.000 +0.000 +0.000 +0.000
 +0.000 +0.000 +0.000 +0.000 +0.000 +0.000 +0.000 +0.000 +0.000 +0.000
 +0.000 +0.000 +0.000 +0.000 +0.000 +0.000 +0.000 +0.000 +0.000 +0.000]
Dual variables:     [+0.431 +1.953]

Primal objective:   2.09889991e-01 
Dual objective:     -1.03988143e-01

Primal residual:    2.70e-01
Dual residual:      6.86e-04
Complementraty:     1.35e-01

Number of Iter:     23
Run time:           7.66
