
--------------- Linear optimization problem characteristics ---------------
Seed:                    41
Number of variables:     100
Number of constraints:   2

Norm of primal sol:      2.00e+00
Norm of dual sol:        2.00e+00
Norm of dual slacks:     2.00e+00

Norm of vector b:        3.13e-01
Norm of vector c:        2.78e+00

Norm of matrix A:        1.00e+00
Condition number:        2.00e+00

----------------------- Linear optimization problem -----------------------
Coeff matrix A:          [[+0.079 -0.054 +0.102 +0.096 -0.045 +0.113 -0.131 -0.157 +0.157 +0.137
 -0.057 +0.052 -0.067 +0.040 -0.009 -0.142 -0.128 -0.023 +0.002 -0.077
 +0.075 -0.146 +0.143 -0.137 +0.120 +0.090 +0.152 +0.139 -0.122 +0.066
 -0.103 +0.168 +0.104 +0.004 +0.110 +0.001 +0.148 +0.099 +0.059 -0.120
 -0.068 -0.144 +0.116 -0.029 +0.005 +0.130 +0.000 -0.107 -0.148 +0.157
 +0.044 -0.090 +0.102 -0.075 +0.031 +0.026 -0.122 +0.152 +0.155 -0.055
 -0.102 -0.116 +0.089 +0.078 +0.103 -0.018 -0.079 +0.162 +0.032 -0.116
 +0.067 +0.056 +0.110 +0.031 +0.064 +0.154 -0.119 +0.058 +0.031 -0.055
 +0.074 +0.071 -0.054 -0.090 +0.064 -0.116 +0.004 +0.076 +0.121 -0.071
 +0.050 +0.000 -0.072 -0.025 +0.167 +0.104 -0.125 -0.042 -0.084 +0.138]
                          [-0.020 +0.090 +0.027 -0.003 -0.073 -0.099 +0.088 +0.032 -0.046 +0.043
 -0.034 +0.001 -0.037 -0.054 -0.080 +0.024 -0.060 -0.040 -0.008 -0.040
 +0.083 -0.046 +0.034 +0.059 +0.005 +0.000 +0.038 -0.084 +0.079 -0.046
 +0.011 -0.053 -0.052 -0.048 -0.018 -0.056 -0.036 -0.046 -0.093 -0.037
 +0.042 -0.037 -0.010 +0.029 +0.091 -0.077 -0.035 -0.014 +0.041 -0.002
 +0.037 +0.055 -0.092 +0.005 -0.095 +0.038 +0.101 -0.059 -0.025 -0.066
 +0.032 +0.008 -0.024 -0.008 +0.003 -0.049 +0.016 -0.061 -0.081 +0.028
 +0.028 +0.083 -0.035 +0.016 +0.049 -0.015 +0.013 -0.040 +0.075 -0.081
 -0.011 +0.034 +0.071 +0.012 +0.028 -0.080 +0.030 +0.080 -0.051 -0.054
 -0.010 +0.077 +0.065 +0.086 -0.094 +0.040 +0.043 +0.020 +0.055 +0.013]]

RHS vector b:            [+0.279 -0.143]
Obj vector c:            [+0.139 -0.204 +0.104 +0.138 +0.041 +0.299 -0.309 -0.266 +0.286 +0.131
 -0.032 +0.072 -0.041 +0.132 +0.102 -0.233 -0.095 +0.025 +0.015 -0.051
 -0.013 -0.139 +0.152 -0.276 +0.161 +0.127 +0.160 +0.314 -0.283 +0.159
 -0.161 +0.312 +0.220 +0.074 +0.179 +0.082 +0.258 +0.205 +0.215 +0.650
 -0.155 -0.150 +0.177 -0.082 -0.124 +0.292 +0.051 -0.131 -0.266 +0.223
 +0.009 -0.205 +0.274 -0.112 +0.180 -0.017 -0.315 +0.298 +0.254 +0.017
 -0.189 -0.174 +0.160 +0.121 +0.141 +0.044 -0.134 +0.314 +0.161 -0.202
 +0.054 -0.040 +0.205 +0.022 +0.019 +0.237 -0.186 +0.138 -0.062 +0.038
 +0.120 +0.052 -0.178 -0.143 +0.050 -0.049 -0.037 -0.007 +2.091 -0.022
 +0.085 -0.110 -0.192 -0.157 +0.368 +0.090 -0.237 -0.088 -0.197 +0.176]

---------------------------- Optimal solution -----------------------------
Primal variables:         [+0.094 +0.017 +0.254 +0.016 +0.044 +0.226 +0.072 +0.251 +0.344 +0.157
 +0.125 +0.106 +0.070 +0.119 +0.180 +0.026 +0.264 +0.118 +0.280 +0.149
 +0.228 +0.273 +0.158 +0.148 +0.087 +0.166 +0.140 +0.219 +0.038 +0.278
 +0.031 +0.047 +0.121 +0.241 +0.375 +0.105 +0.218 +0.327 +0.296 +0.000
 +0.130 +0.271 +0.133 +0.173 +0.092 +0.106 +0.310 +0.328 +0.054 +0.105
 +0.197 +0.338 +0.226 +0.259 +0.106 +0.104 +0.059 +0.249 +0.354 +0.256
 +0.324 +0.342 +0.306 +0.311 +0.010 +0.090 +0.100 +0.143 +0.180 +0.121
 +0.164 +0.209 +0.148 +0.217 +0.142 +0.076 +0.137 +0.264 +0.276 +0.256
 +0.038 +0.071 +0.193 +0.321 +0.012 +0.072 +0.311 +0.288 +0.000 +0.341
 +0.163 +0.185 +0.181 +0.056 +0.211 +0.199 +0.332 +0.047 +0.022 +0.126]
Dual slacks:              [+0.000 +0.000 +0.000 +0.000 +0.000 +0.000 +0.000 +0.000 +0.000 +0.000
 +0.000 +0.000 +0.000 +0.000 +0.000 +0.000 +0.000 +0.000 +0.000 +0.000
 +0.000 +0.000 +0.000 +0.000 +0.000 +0.000 +0.000 +0.000 +0.000 +0.000
 +0.000 +0.000 +0.000 +0.000 +0.000 +0.000 +0.000 +0.000 +0.000 +0.765
 +0.000 +0.000 +0.000 +0.000 +0.000 +0.000 +0.000 +0.000 +0.000 +0.000
 +0.000 +0.000 +0.000 +0.000 +0.000 +0.000 +0.000 +0.000 +0.000 +0.000
 +0.000 +0.000 +0.000 +0.000 +0.000 +0.000 +0.000 +0.000 +0.000 +0.000
 +0.000 +0.000 +0.000 +0.000 +0.000 +0.000 +0.000 +0.000 +0.000 +0.000
 +0.000 +0.000 +0.000 +0.000 +0.000 +0.000 +0.000 +0.000 +1.848 +0.000
 +0.000 +0.000 +0.000 +0.000 +0.000 +0.000 +0.000 +0.000 +0.000 +0.000]
Dual variables:           [+1.404 -1.424]

Optimal objective:       +5.94778654e-01
===========================================================================

Method:                  II-QIPM
LO_Precision:            1.00e-01
Stop_Precision:          1.00e-03
LO_Verbosity:            2
Omega:                   1.00e+01

The Quantum Inexact Infeasible Interior-Point Method starts running ...


                  Objective                Residual                                Linear system           Step-length
Iter      Primal           Dual         Primal    Dual     Compl    ||Resl||  Cond-Num  ||M||   ||RHS||    a-star   a-hat      Time
   0   3.15406559e+01 -3.06463213e+00  4.49e+00 3.07e+01  3.31e+03 *1.99e-15  4.00e+00 1.00e+00 1.42e+01  7.97e-01 6.91e-01      0s
   1   2.40800358e+01 -1.02383557e+00  1.90e+00 1.30e+01  1.49e+03  1.14e-01  4.16e+00 4.01e+00 4.43e+01  9.48e-01 5.78e-01      1s
   2   1.20701660e+01  5.98322940e-01  2.09e-01 3.30e-01  5.23e+01  2.06e-01  4.29e+00 1.06e+01 5.57e+01  9.87e-01 9.75e-01      1s
   3   1.01575977e+01  5.98322940e-01  3.18e+00 2.53e-01  4.09e+01  1.43e+01  3.66e+00 3.71e+02 1.43e+01  5.91e-01 2.34e-01      1s
   4   9.91517974e+00  5.98322940e-01  4.06e+00 2.43e-01  3.95e+01  2.62e+01  3.43e+00 5.20e+02 2.62e+01  4.67e-01 3.81e-02      1s
   5   9.71085902e+00  5.98322940e-01  4.87e+00 2.35e-01  3.83e+01  2.90e+01  3.37e+00 5.50e+02 2.90e+01  4.45e-01 3.26e-02      2s
   6   9.52880854e+00  5.98322940e-01  5.65e+00 2.28e-01  3.73e+01  3.17e+01  3.33e+00 5.78e+02 3.17e+01  4.27e-01 2.91e-02      2s
   7   9.36404761e+00  5.98322940e-01  6.41e+00 2.22e-01  3.64e+01  3.44e+01  3.28e+00 6.05e+02 3.44e+01  4.10e-01 2.62e-02      2s
   8   9.21310129e+00  5.98322940e-01  7.13e+00 2.17e-01  3.57e+01  3.71e+01  3.24e+00 6.31e+02 3.71e+01  3.94e-01 2.37e-02      2s
   9   9.07314531e+00  5.98322940e-01  7.83e+00 2.13e-01  3.50e+01  3.97e+01  3.20e+00 6.57e+02 3.97e+01  3.79e-01 2.16e-02      3s
  10   8.94210061e+00  5.98322940e-01  8.51e+00 2.08e-01  3.43e+01  4.23e+01  3.17e+00 6.81e+02 4.23e+01  3.65e-01 1.97e-02      3s
  11   8.81856596e+00  5.98322940e-01  9.17e+00 2.05e-01  3.38e+01  4.49e+01  3.14e+00 7.06e+02 4.49e+01  3.52e-01 1.80e-02      4s
  12   8.70095753e+00  5.98322940e-01  9.80e+00 2.01e-01  3.33e+01  4.75e+01  3.11e+00 7.30e+02 4.75e+01  3.41e-01 1.66e-02      4s
  13   8.58842577e+00  5.98322940e-01  1.04e+01 1.98e-01  3.28e+01  5.01e+01  3.08e+00 7.53e+02 5.01e+01  3.29e-01 1.53e-02      4s
  14   8.48006715e+00  5.98322940e-01  1.10e+01 1.95e-01  3.24e+01  5.26e+01  3.06e+00 7.76e+02 5.26e+01  3.19e-01 1.42e-02      4s
  15   8.37544102e+00  5.98322940e-01  1.16e+01 1.93e-01  3.20e+01  5.52e+01  3.03e+00 7.99e+02 5.52e+01  3.09e-01 1.32e-02      5s
  16   8.27389179e+00  5.98322940e-01  1.22e+01 1.90e-01  3.17e+01  5.77e+01  3.01e+00 8.21e+02 5.77e+01  3.00e-01 1.23e-02      5s
  17   2.17049487e+00  5.92950955e-01  2.44e+00 3.82e-02  6.93e+00  3.48e-02  3.00e+00 8.43e+02 6.02e+01  8.78e-01 7.99e-01      5s
  18  -2.88067039e+00  5.92950955e-01  2.68e+00 3.17e-02  5.85e+00  1.47e+01  3.85e+00 3.70e+03 1.47e+01  6.76e-01 1.70e-01      5s
  19  -7.37915931e+00  5.92950955e-01  4.54e+00 2.80e-02  5.23e+00  2.23e+01  3.76e+00 4.65e+03 2.23e+01  6.10e-01 1.15e-01      6s
  20  -1.18215142e+01  5.92950955e-01  6.72e+00 2.54e-02  4.78e+00  2.92e+01  3.68e+00 5.46e+03 2.92e+01  5.59e-01 9.34e-02      6s
  21  -1.61065627e+01  5.92950955e-01  8.90e+00 2.35e-02  4.45e+00  3.64e+01  3.59e+00 6.26e+03 3.64e+01  5.13e-01 7.56e-02      6s
  22  -1.61098164e+01  5.92950955e-01  8.90e+00 2.35e-02  4.45e+00  4.36e+01  3.50e+00 7.04e+03 4.36e+01  4.73e-01 4.92e-05      6s

The solution quality is limited by the precision of the linear system solver.

The algorithm stopped after 23 iterations in 6.49 seconds.

Primal variables:   [+13.250 +20.952 +13.772 +13.198 +14.998 +11.687 +24.314 +22.358 +11.420
 +13.585 +16.375 +14.185 +16.598 +13.638 +14.130 +21.113 +16.895 +15.325
 +15.188 +16.829 +16.759 +18.484 +13.191 +22.511 +12.885 +13.363 +13.131
 +11.390 +22.998 +13.159 +18.918 +11.146 +12.338 +14.527 +12.663 +14.476
 +11.702 +12.491 +12.690 +0.476 +18.613 +19.067 +12.669 +16.938 +19.180
 +11.610 +14.804 +18.459 +22.202 +12.070 +15.312 +20.042 +11.967 +17.721
 +13.031 +15.773 +25.134 +11.369 +11.711 +15.465 +19.530 +19.365 +12.971
 +13.458 +13.159 +15.058 +18.140 +11.182 +13.392 +19.969 +14.531 +17.215
 +12.406 +14.994 +15.319 +11.892 +19.665 +13.415 +17.304 +14.597 +13.492
 +14.602 +19.594 +18.429 +14.581 +13.101 +16.058 +16.563 +0.291 +16.247
 +14.025 +18.299 +19.816 +19.603 +10.827 +14.117 +21.032 +17.066 +19.791
 +12.717]
Dual slacks:        [+0.003 +0.001 +0.002 +0.002 +0.003 +0.004 +0.001 +0.002 +0.003 +0.002
 +0.003 +0.002 +0.003 +0.003 +0.003 +0.002 +0.003 +0.003 +0.002 +0.003
 +0.001 +0.003 +0.002 +0.002 +0.002 +0.002 +0.002 +0.003 +0.001 +0.003
 +0.002 +0.003 +0.003 +0.003 +0.003 +0.003 +0.003 +0.003 +0.003 +0.768
 +0.002 +0.003 +0.002 +0.002 +0.001 +0.003 +0.003 +0.003 +0.002 +0.002
 +0.002 +0.002 +0.003 +0.002 +0.004 +0.002 +0.001 +0.003 +0.003 +0.003
 +0.002 +0.002 +0.003 +0.002 +0.002 +0.003 +0.002 +0.003 +0.003 +0.002
 +0.002 +0.001 +0.003 +0.002 +0.002 +0.003 +0.002 +0.003 +0.001 +0.003
 +0.002 +0.002 +0.001 +0.002 +0.002 +0.003 +0.002 +0.001 +1.850 +0.003
 +0.002 +0.001 +0.002 +0.001 +0.003 +0.002 +0.002 +0.002 +0.002 +0.002]
Dual variables:     [+1.404 -1.412]

Primal objective:   -1.61098164e+01
Dual objective:     5.92950955e-01 

Primal residual:    8.90e+00
Dual residual:      2.35e-02
Complementraty:     4.45e+00

Number of Iter:     23
Run time:           6.49
