
--------------- Linear optimization problem characteristics ---------------
Seed:                    26
Number of variables:     200
Number of constraints:   2

Norm of primal sol:      2.00e+00
Norm of dual sol:        2.00e+00
Norm of dual slacks:     2.00e+00

Norm of vector b:        1.40e-01
Norm of vector c:        2.69e+00

Norm of matrix A:        1.00e+00
Condition number:        2.00e+00

----------------------- Linear optimization problem -----------------------
Coeff matrix A:          [[-0.075 -0.055 -0.032 +0.101 -0.056 +0.027 -0.082 +0.071 -0.082 -0.006
 +0.088 -0.095 -0.110 -0.035 +0.032 -0.013 +0.007 +0.019 -0.013 +0.083
 -0.037 +0.077 -0.093 -0.021 -0.051 -0.037 +0.074 +0.076 -0.020 -0.087
 -0.023 -0.111 +0.031 -0.001 +0.082 +0.078 -0.019 -0.061 +0.068 -0.116
 -0.037 -0.114 +0.100 -0.067 -0.115 -0.099 -0.024 -0.072 +0.046 -0.002
 -0.081 -0.092 -0.012 -0.119 -0.008 +0.113 +0.062 +0.018 -0.055 +0.061
 -0.094 +0.050 -0.077 +0.073 +0.069 +0.044 +0.061 +0.032 -0.013 +0.096
 +0.079 +0.122 +0.099 -0.031 -0.041 +0.077 -0.065 +0.017 +0.085 -0.053
 +0.002 +0.054 -0.058 +0.103 +0.113 -0.037 +0.117 -0.013 -0.080 -0.058
 +0.107 -0.106 +0.089 -0.044 -0.037 +0.019 +0.026 -0.084 -0.007 -0.087
 +0.101 -0.065 -0.071 +0.095 +0.100 -0.024 +0.094 -0.035 +0.092 +0.025
 +0.018 -0.070 -0.082 -0.034 +0.098 -0.094 -0.106 -0.045 -0.011 -0.054
 +0.119 -0.050 -0.005 -0.004 -0.120 +0.027 +0.047 -0.076 +0.115 -0.096
 +0.025 +0.040 +0.071 +0.110 -0.013 -0.090 +0.108 +0.080 -0.015 -0.040
 +0.090 -0.098 +0.014 -0.099 +0.012 -0.006 -0.079 -0.076 +0.099 +0.013
 +0.116 +0.060 +0.019 +0.055 -0.043 -0.019 +0.026 -0.078 -0.037 -0.109
 +0.003 -0.077 +0.012 +0.008 +0.040 +0.102 -0.056 -0.084 +0.114 -0.010
 -0.002 -0.046 +0.047 -0.033 -0.122 +0.100 -0.031 -0.020 -0.005 +0.093
 +0.085 +0.071 +0.118 +0.026 -0.123 -0.098 -0.032 +0.053 -0.059 +0.018
 +0.092 -0.017 +0.043 -0.026 +0.078 -0.043 +0.109 +0.047 +0.013 -0.060]
                          [+0.052 +0.023 +0.009 -0.010 +0.019 +0.036 -0.017 -0.051 +0.004 -0.011
 +0.072 -0.036 -0.020 -0.054 -0.016 +0.002 +0.033 +0.026 -0.007 -0.007
 +0.022 -0.052 -0.068 -0.030 +0.001 -0.049 -0.057 +0.009 -0.060 -0.028
 -0.037 -0.022 +0.051 -0.004 +0.040 -0.035 -0.023 +0.051 -0.041 -0.054
 -0.007 -0.023 -0.022 -0.023 +0.001 -0.014 -0.043 -0.042 +0.022 -0.002
 +0.040 -0.074 +0.061 -0.055 -0.056 -0.018 -0.042 -0.052 -0.013 -0.046
 +0.014 +0.058 -0.039 -0.025 +0.047 +0.042 +0.047 -0.003 -0.024 +0.012
 -0.023 +0.062 +0.025 +0.051 -0.013 -0.043 +0.034 +0.053 +0.048 -0.034
 +0.027 -0.040 -0.016 +0.053 +0.011 +0.014 +0.015 +0.038 +0.020 -0.049
 -0.018 -0.043 +0.071 -0.013 -0.053 +0.044 +0.058 +0.037 -0.004 -0.029
 +0.075 -0.020 -0.009 -0.029 +0.047 -0.002 +0.001 +0.027 -0.044 +0.048
 +0.024 +0.013 -0.002 +0.037 +0.029 -0.074 +0.053 -0.013 +0.006 +0.016
 +0.056 -0.005 -0.034 +0.035 -0.029 -0.047 +0.008 -0.052 -0.002 -0.035
 +0.018 -0.016 -0.009 -0.021 +0.012 +0.055 +0.031 -0.022 -0.022 -0.011
 +0.070 -0.044 +0.029 -0.019 -0.013 -0.062 -0.016 +0.036 +0.040 +0.019
 +0.062 +0.004 +0.027 -0.011 +0.040 +0.051 +0.010 -0.038 -0.039 -0.017
 +0.014 -0.051 +0.022 +0.065 -0.060 -0.018 +0.055 +0.043 +0.038 +0.034
 -0.060 +0.018 +0.056 +0.016 -0.058 +0.002 +0.053 +0.053 -0.023 +0.029
 -0.013 +0.041 +0.020 -0.030 -0.074 +0.015 -0.058 +0.034 -0.054 -0.018
 +0.042 +0.013 -0.044 -0.036 +0.062 -0.010 +0.011 -0.040 +0.014 +0.031]]

RHS vector b:            [-0.127 -0.060]
Obj vector c:            [+0.154 +0.112 +0.064 -0.202 +0.113 -0.052 +0.163 -0.146 +0.164 +0.011
 -0.171 +0.188 +0.218 +0.066 -0.065 +0.027 -0.011 -0.037 +0.026 -0.166
 +0.075 -0.159 +0.180 +0.039 +0.102 +0.070 -0.153 -0.151 +0.035 +0.172
 +0.042 +0.221 -0.057 +0.002 -0.161 -0.159 +0.037 +0.127 -0.140 +0.228
 +0.074 +0.227 -0.201 +0.132 +0.229 +0.197 +0.045 +0.141 -0.090 +0.003
 +0.164 +0.177 +0.029 +0.234 +0.012 -0.228 -0.126 -0.040 +0.110 -0.125
 +0.189 -0.096 +0.152 -0.147 -0.134 -0.084 -0.119 -0.064 +0.023 -0.191
 -0.159 -0.239 -0.196 +0.066 +0.081 -0.158 +0.133 -0.029 -0.166 +0.103
 -0.002 -0.111 +0.114 -0.202 -0.224 +0.075 -0.232 +0.028 +0.162 +0.111
 -0.215 +0.209 -0.173 +0.087 +0.070 -0.034 -0.048 +0.171 +0.013 +0.172
 -0.197 +0.129 +0.142 -0.192 -0.197 +0.047 -0.188 +0.073 -0.188 -0.046
 -0.035 +0.142 +0.163 +0.071 -0.193 +0.182 +0.216 +0.089 +0.022 +0.109
 -0.234 +0.099 +0.007 +0.011 +0.237 -0.057 -0.093 +0.147 -0.102 +0.188
 -0.049 -0.081 -0.144 -0.222 +0.028 +0.183 -0.214 -0.161 +0.029 +0.080
 -0.174 +0.193 -0.025 +0.196 -0.025 +0.007 +0.157 +0.155 -0.194 -0.025
 -0.226 -0.120 -0.036 -0.110 +0.089 +0.042 -0.051 +0.153 +0.072 +0.216
 -0.004 +0.149 -0.022 -0.011 -0.084 -0.205 +0.116 +0.172 -0.226 +0.022
 -0.000 +0.093 -0.089 +0.067 +0.239 -0.200 +0.066 +0.044 +0.007 -0.184
 -0.172 +1.858 -0.233 -0.054 +0.240 +0.197 +0.059 -0.103 +0.113 -0.036
 -0.182 +0.035 -0.090 +0.049 -0.150 +0.085 -0.217 -0.098 -0.025 +0.123]

---------------------------- Optimal solution -----------------------------
Primal variables:         [+0.075 +0.126 +0.187 +0.192 +0.211 +0.046 +0.065 +0.120 +0.179 +0.047
 +0.044 +0.131 +0.069 +0.185 +0.065 +0.071 +0.234 +0.222 +0.138 +0.118
 +0.159 +0.130 +0.242 +0.034 +0.237 +0.150 +0.175 +0.072 +0.146 +0.182
 +0.156 +0.224 +0.216 +0.156 +0.072 +0.166 +0.067 +0.031 +0.138 +0.099
 +0.136 +0.207 +0.023 +0.086 +0.236 +0.224 +0.235 +0.012 +0.214 +0.187
 +0.058 +0.025 +0.045 +0.183 +0.231 +0.192 +0.045 +0.124 +0.020 +0.127
 +0.032 +0.048 +0.026 +0.154 +0.231 +0.128 +0.082 +0.123 +0.240 +0.154
 +0.089 +0.237 +0.190 +0.009 +0.239 +0.085 +0.067 +0.076 +0.155 +0.118
 +0.066 +0.230 +0.099 +0.065 +0.210 +0.112 +0.170 +0.110 +0.181 +0.015
 +0.016 +0.072 +0.149 +0.003 +0.093 +0.165 +0.222 +0.062 +0.025 +0.202
 +0.135 +0.001 +0.089 +0.187 +0.067 +0.071 +0.021 +0.046 +0.064 +0.157
 +0.055 +0.125 +0.169 +0.213 +0.196 +0.219 +0.208 +0.106 +0.143 +0.191
 +0.134 +0.151 +0.139 +0.179 +0.240 +0.032 +0.028 +0.170 +0.000 +0.136
 +0.118 +0.023 +0.194 +0.015 +0.136 +0.104 +0.064 +0.120 +0.017 +0.021
 +0.059 +0.228 +0.090 +0.046 +0.195 +0.035 +0.211 +0.071 +0.013 +0.138
 +0.052 +0.042 +0.071 +0.235 +0.044 +0.020 +0.209 +0.227 +0.217 +0.229
 +0.218 +0.197 +0.121 +0.242 +0.219 +0.026 +0.114 +0.083 +0.147 +0.104
 +0.163 +0.234 +0.099 +0.098 +0.185 +0.207 +0.239 +0.157 +0.074 +0.044
 +0.102 +0.000 +0.080 +0.067 +0.067 +0.024 +0.035 +0.112 +0.219 +0.144
 +0.029 +0.032 +0.049 +0.183 +0.029 +0.140 +0.112 +0.191 +0.036 +0.001]
Dual slacks:              [+0.000 +0.000 +0.000 +0.000 +0.000 +0.000 +0.000 +0.000 +0.000 +0.000
 +0.000 +0.000 +0.000 +0.000 +0.000 +0.000 +0.000 +0.000 +0.000 +0.000
 +0.000 +0.000 +0.000 +0.000 +0.000 +0.000 +0.000 +0.000 +0.000 +0.000
 +0.000 +0.000 +0.000 +0.000 +0.000 +0.000 +0.000 +0.000 +0.000 +0.000
 +0.000 +0.000 +0.000 +0.000 +0.000 +0.000 +0.000 +0.000 +0.000 +0.000
 +0.000 +0.000 +0.000 +0.000 +0.000 +0.000 +0.000 +0.000 +0.000 +0.000
 +0.000 +0.000 +0.000 +0.000 +0.000 +0.000 +0.000 +0.000 +0.000 +0.000
 +0.000 +0.000 +0.000 +0.000 +0.000 +0.000 +0.000 +0.000 +0.000 +0.000
 +0.000 +0.000 +0.000 +0.000 +0.000 +0.000 +0.000 +0.000 +0.000 +0.000
 +0.000 +0.000 +0.000 +0.000 +0.000 +0.000 +0.000 +0.000 +0.000 +0.000
 +0.000 +0.000 +0.000 +0.000 +0.000 +0.000 +0.000 +0.000 +0.000 +0.000
 +0.000 +0.000 +0.000 +0.000 +0.000 +0.000 +0.000 +0.000 +0.000 +0.000
 +0.000 +0.000 +0.000 +0.000 +0.000 +0.000 +0.000 +0.000 +0.129 +0.000
 +0.000 +0.000 +0.000 +0.000 +0.000 +0.000 +0.000 +0.000 +0.000 +0.000
 +0.000 +0.000 +0.000 +0.000 +0.000 +0.000 +0.000 +0.000 +0.000 +0.000
 +0.000 +0.000 +0.000 +0.000 +0.000 +0.000 +0.000 +0.000 +0.000 +0.000
 +0.000 +0.000 +0.000 +0.000 +0.000 +0.000 +0.000 +0.000 +0.000 +0.000
 +0.000 +0.000 +0.000 +0.000 +0.000 +0.000 +0.000 +0.000 +0.000 +0.000
 +0.000 +1.996 +0.000 +0.000 +0.000 +0.000 +0.000 +0.000 +0.000 +0.000
 +0.000 +0.000 +0.000 +0.000 +0.000 +0.000 +0.000 +0.000 +0.000 +0.000]
Dual variables:           [-1.998 +0.078]

Optimal objective:       +2.48827734e-01
===========================================================================

Method:                  II-QIPM
LO_Precision:            1.00e-01
Stop_Precision:          1.00e-03
LO_Verbosity:            2
Omega:                   1.00e+01

The Quantum Inexact Infeasible Interior-Point Method starts running ...


                  Objective                Residual                                Linear system           Step-length
Iter      Primal           Dual         Primal    Dual     Compl    ||Resl||  Cond-Num  ||M||   ||RHS||    a-star   a-hat      Time
   0   1.96283316e+01  2.56294302e-01  3.79e-03 2.11e+00  3.47e+02 *2.22e-16  4.00e+00 1.00e+00 1.81e+00  9.93e-01 9.85e-01      0s
   1   1.36047951e+01  2.56294302e-01  2.74e+00 1.88e+00  3.12e+02  2.46e+01  3.80e+00 7.71e+01 2.46e+01  5.25e-01 1.11e-01      1s
   2   1.13020322e+01  2.56294302e-01  3.87e+00 1.81e+00  3.01e+02  3.32e+01  3.70e+00 9.05e+01 3.32e+01  4.66e-01 3.71e-02      1s
   3   9.15990603e+00  2.56294302e-01  4.94e+00 1.75e+00  2.92e+02  3.67e+01  3.65e+00 9.57e+01 3.67e+01  4.45e-01 3.27e-02      1s
   4   7.14094682e+00  2.56294302e-01  5.97e+00 1.70e+00  2.85e+02  4.02e+01  3.61e+00 1.01e+02 4.02e+01  4.26e-01 2.92e-02      1s
   5   5.23053741e+00  2.56294302e-01  6.96e+00 1.65e+00  2.78e+02  4.36e+01  3.58e+00 1.05e+02 4.36e+01  4.09e-01 2.63e-02      2s
   6   3.41411303e+00  2.56294302e-01  7.91e+00 1.61e+00  2.72e+02  4.70e+01  3.54e+00 1.10e+02 4.70e+01  3.93e-01 2.38e-02      2s
   7   1.68403813e+00  2.56294302e-01  8.83e+00 1.58e+00  2.67e+02  5.04e+01  3.51e+00 1.14e+02 5.04e+01  3.78e-01 2.16e-02      2s
   8   3.17858544e-02  2.56294302e-01  9.71e+00 1.55e+00  2.62e+02  5.37e+01  3.48e+00 1.19e+02 5.37e+01  3.65e-01 1.97e-02      3s
   9  -1.55191795e+00  2.56294302e-01  1.06e+01 1.52e+00  2.58e+02  5.70e+01  3.45e+00 1.23e+02 5.70e+01  3.52e-01 1.81e-02      3s
  10  -3.07090173e+00  2.56294302e-01  1.14e+01 1.49e+00  2.54e+02  6.02e+01  3.42e+00 1.27e+02 6.02e+01  3.40e-01 1.66e-02      3s
  11  -4.53165478e+00  2.56294302e-01  1.22e+01 1.47e+00  2.50e+02  6.35e+01  3.40e+00 1.31e+02 6.35e+01  3.29e-01 1.53e-02      3s
  12  -5.94013103e+00  2.56294302e-01  1.30e+01 1.45e+00  2.47e+02  6.67e+01  3.38e+00 1.35e+02 6.67e+01  3.18e-01 1.42e-02      4s
  13  -7.29773963e+00  2.56294302e-01  1.37e+01 1.43e+00  2.44e+02  6.98e+01  3.36e+00 1.39e+02 6.98e+01  3.08e-01 1.32e-02      4s
  14  -8.60849173e+00  2.56294302e-01  1.44e+01 1.41e+00  2.41e+02  7.30e+01  3.34e+00 1.43e+02 7.30e+01  2.99e-01 1.22e-02      4s
  15  -9.87866661e+00  2.56294302e-01  1.51e+01 1.40e+00  2.39e+02  7.61e+01  3.32e+00 1.47e+02 7.61e+01  2.91e-01 1.14e-02      5s
  16  -1.11066973e+01  2.56294302e-01  1.58e+01 1.38e+00  2.37e+02  7.93e+01  3.31e+00 1.51e+02 7.93e+01  2.82e-01 1.07e-02      5s
  17  -1.22983846e+01  2.56294302e-01  1.65e+01 1.37e+00  2.34e+02  8.23e+01  3.29e+00 1.54e+02 8.23e+01  2.75e-01 1.00e-02      5s
  18  -1.34544913e+01  2.56294302e-01  1.71e+01 1.36e+00  2.32e+02  8.54e+01  3.28e+00 1.58e+02 8.54e+01  2.67e-01 9.41e-03      6s
  19  -1.45780312e+01  2.56294302e-01  1.78e+01 1.34e+00  2.31e+02  8.85e+01  3.27e+00 1.62e+02 8.85e+01  2.60e-01 8.86e-03      6s
  20  -1.56707482e+01  2.56294302e-01  1.84e+01 1.33e+00  2.29e+02  9.15e+01  3.26e+00 1.65e+02 9.15e+01  2.54e-01 8.35e-03      6s
  21  -1.67332427e+01  2.56294302e-01  1.90e+01 1.32e+00  2.27e+02  9.46e+01  3.25e+00 1.69e+02 9.46e+01  2.47e-01 7.88e-03      7s
  22  -1.77681899e+01  2.56294302e-01  1.96e+01 1.31e+00  2.26e+02  9.76e+01  3.24e+00 1.72e+02 9.76e+01  2.41e-01 7.45e-03      7s
  23  -1.87771066e+01  2.56294302e-01  2.01e+01 1.30e+00  2.24e+02  1.01e+02  3.23e+00 1.76e+02 1.01e+02  2.36e-01 7.06e-03      7s
  24  -1.97604581e+01  2.56294302e-01  2.07e+01 1.29e+00  2.23e+02  1.04e+02  3.23e+00 1.79e+02 1.04e+02  2.30e-01 6.70e-03      7s
  25  -2.07206344e+01  2.56294302e-01  2.12e+01 1.29e+00  2.22e+02  1.07e+02  3.22e+00 1.83e+02 1.07e+02  2.25e-01 6.36e-03      8s
  26  -2.16580229e+01  2.56294302e-01  2.18e+01 1.28e+00  2.20e+02  1.09e+02  3.22e+00 1.86e+02 1.09e+02  2.20e-01 6.05e-03      8s
  27  -2.25739317e+01  2.56294302e-01  2.23e+01 1.27e+00  2.19e+02  1.12e+02  3.22e+00 1.89e+02 1.12e+02  2.15e-01 5.76e-03      8s
  28  -2.34687170e+01  2.56294302e-01  2.28e+01 1.26e+00  2.18e+02  1.15e+02  3.21e+00 1.93e+02 1.15e+02  2.11e-01 5.49e-03      9s
  29  -2.43444894e+01  2.56294302e-01  2.33e+01 1.26e+00  2.17e+02  1.18e+02  3.21e+00 1.96e+02 1.18e+02  2.06e-01 5.25e-03      9s
  30  -2.52015393e+01  2.56294302e-01  2.38e+01 1.25e+00  2.16e+02  1.21e+02  3.21e+00 1.99e+02 1.21e+02  2.02e-01 5.01e-03      9s
  31  -2.60409997e+01  2.56294302e-01  2.43e+01 1.25e+00  2.15e+02  1.24e+02  3.21e+00 2.03e+02 1.24e+02  1.98e-01 4.80e-03      9s
  32  -2.68623122e+01  2.56294302e-01  2.47e+01 1.24e+00  2.14e+02  1.27e+02  3.21e+00 2.06e+02 1.27e+02  1.94e-01 4.59e-03     10s
  33  -2.76673850e+01  2.56294302e-01  2.52e+01 1.23e+00  2.13e+02  1.30e+02  3.21e+00 2.09e+02 1.30e+02  1.91e-01 4.40e-03     10s
  34  -2.84572456e+01  2.56294302e-01  2.57e+01 1.23e+00  2.13e+02  1.33e+02  3.22e+00 2.13e+02 1.33e+02  1.87e-01 4.22e-03     10s
  35  -2.92313305e+01  2.56294302e-01  2.61e+01 1.22e+00  2.12e+02  1.36e+02  3.22e+00 2.16e+02 1.36e+02  1.84e-01 4.05e-03     11s
  36  -2.99914009e+01  2.56294302e-01  2.65e+01 1.22e+00  2.11e+02  1.38e+02  3.22e+00 2.19e+02 1.38e+02  1.80e-01 3.89e-03     11s
  37  -3.07368990e+01  2.56294302e-01  2.70e+01 1.21e+00  2.10e+02  1.41e+02  3.23e+00 2.22e+02 1.41e+02  1.77e-01 3.74e-03     11s
  38  -3.14687730e+01  2.56294302e-01  2.74e+01 1.21e+00  2.10e+02  1.44e+02  3.23e+00 2.26e+02 1.44e+02  1.74e-01 3.60e-03     12s
  39  -3.21879336e+01  2.56294302e-01  2.78e+01 1.21e+00  2.09e+02  1.47e+02  3.23e+00 2.29e+02 1.47e+02  1.71e-01 3.47e-03     12s
  40  -3.28938426e+01  2.56294302e-01  2.82e+01 1.20e+00  2.08e+02  1.50e+02  3.24e+00 2.32e+02 1.50e+02  1.68e-01 3.34e-03     12s
  41  -3.35887760e+01  2.56294302e-01  2.86e+01 1.20e+00  2.08e+02  1.53e+02  3.24e+00 2.35e+02 1.53e+02  1.65e-01 3.22e-03     13s
  42  -3.42708108e+01  2.56294302e-01  2.90e+01 1.19e+00  2.07e+02  1.56e+02  3.25e+00 2.38e+02 1.56e+02  1.63e-01 3.11e-03     13s
  43  -3.49421533e+01  2.56294302e-01  2.94e+01 1.19e+00  2.07e+02  1.58e+02  3.26e+00 2.42e+02 1.58e+02  1.60e-01 3.00e-03     13s
  44  -3.56022719e+01  2.56294302e-01  2.98e+01 1.19e+00  2.06e+02  1.61e+02  3.26e+00 2.45e+02 1.61e+02  1.58e-01 2.90e-03     13s
  45  -3.62526167e+01  2.56294302e-01  3.02e+01 1.18e+00  2.06e+02  1.64e+02  3.27e+00 2.48e+02 1.64e+02  1.55e-01 2.80e-03     14s
  46  -3.68920186e+01  2.56294302e-01  3.05e+01 1.18e+00  2.05e+02  1.67e+02  3.28e+00 2.51e+02 1.67e+02  1.53e-01 2.71e-03     14s
  47  -3.75212577e+01  2.56294302e-01  3.09e+01 1.18e+00  2.05e+02  1.70e+02  3.29e+00 2.54e+02 1.70e+02  1.50e-01 2.62e-03     14s
  48  -3.81417054e+01  2.56294302e-01  3.13e+01 1.17e+00  2.04e+02  1.72e+02  3.29e+00 2.58e+02 1.72e+02  1.48e-01 2.54e-03     15s
  49  -3.87522350e+01  2.56294302e-01  3.16e+01 1.17e+00  2.04e+02  1.75e+02  3.30e+00 2.61e+02 1.75e+02  1.46e-01 2.46e-03     15s
  50  -3.93541812e+01  2.56294302e-01  3.20e+01 1.17e+00  2.03e+02  1.78e+02  3.31e+00 2.64e+02 1.78e+02  1.44e-01 2.39e-03     15s
  51  -3.99470477e+01  2.56294302e-01  3.23e+01 1.17e+00  2.03e+02  1.81e+02  3.32e+00 2.67e+02 1.81e+02  1.42e-01 2.31e-03     16s
  52  -4.05315325e+01  2.56294302e-01  3.26e+01 1.16e+00  2.02e+02  1.84e+02  3.33e+00 2.70e+02 1.84e+02  1.40e-01 2.24e-03     16s
  53  -4.11077330e+01  2.56294302e-01  3.30e+01 1.16e+00  2.02e+02  1.86e+02  3.34e+00 2.73e+02 1.86e+02  1.38e-01 2.18e-03     16s
  54  -4.16757468e+01  2.56294302e-01  3.33e+01 1.16e+00  2.02e+02  1.89e+02  3.35e+00 2.77e+02 1.89e+02  1.36e-01 2.11e-03     17s
  55  -4.22362317e+01  2.56294302e-01  3.36e+01 1.16e+00  2.01e+02  1.92e+02  3.36e+00 2.80e+02 1.92e+02  1.34e-01 2.05e-03     17s
  56  -4.27892706e+01  2.56294302e-01  3.39e+01 1.15e+00  2.01e+02  1.95e+02  3.37e+00 2.83e+02 1.95e+02  1.32e-01 2.00e-03     17s
  57  -4.33349462e+01  2.56294302e-01  3.43e+01 1.15e+00  2.01e+02  1.97e+02  3.38e+00 2.86e+02 1.97e+02  1.31e-01 1.94e-03     17s
  58  -4.38733413e+01  2.56294302e-01  3.46e+01 1.15e+00  2.00e+02  2.00e+02  3.39e+00 2.89e+02 2.00e+02  1.29e-01 1.89e-03     18s
  59  -4.44050703e+01  2.56294302e-01  3.49e+01 1.15e+00  2.00e+02  2.03e+02  3.40e+00 2.93e+02 2.03e+02  1.27e-01 1.84e-03     18s
  60  -4.49296777e+01  2.56294302e-01  3.52e+01 1.15e+00  2.00e+02  2.06e+02  3.42e+00 2.96e+02 2.06e+02  1.26e-01 1.79e-03     18s
  61  -4.54477639e+01  2.56294302e-01  3.55e+01 1.14e+00  1.99e+02  2.09e+02  3.43e+00 2.99e+02 2.09e+02  1.24e-01 1.74e-03     19s
  62  -4.59599106e+01  2.56294302e-01  3.58e+01 1.14e+00  1.99e+02  2.11e+02  3.44e+00 3.02e+02 2.11e+02  1.23e-01 1.70e-03     19s
  63  -4.64651633e+01  2.56294302e-01  3.61e+01 1.14e+00  1.99e+02  2.14e+02  3.45e+00 3.05e+02 2.14e+02  1.21e-01 1.65e-03     19s
  64  -4.69646022e+01  2.56294302e-01  3.64e+01 1.14e+00  1.98e+02  2.17e+02  3.46e+00 3.08e+02 2.17e+02  1.20e-01 1.61e-03     20s
  65  -4.74582849e+01  2.56294302e-01  3.67e+01 1.14e+00  1.98e+02  2.20e+02  3.48e+00 3.12e+02 2.20e+02  1.18e-01 1.57e-03     20s
  66  -4.79457810e+01  2.56294302e-01  3.69e+01 1.13e+00  1.98e+02  2.22e+02  3.49e+00 3.15e+02 2.22e+02  1.17e-01 1.53e-03     20s
  67  -4.84281231e+01  2.56294302e-01  3.72e+01 1.13e+00  1.98e+02  2.25e+02  3.50e+00 3.18e+02 2.25e+02  1.16e-01 1.49e-03     21s
  68  -4.89044044e+01  2.56294302e-01  3.75e+01 1.13e+00  1.97e+02  2.28e+02  3.52e+00 3.21e+02 2.28e+02  1.14e-01 1.46e-03     21s
  69  -4.93756350e+01  2.56294302e-01  3.78e+01 1.13e+00  1.97e+02  2.31e+02  3.53e+00 3.25e+02 2.31e+02  1.13e-01 1.42e-03     21s
  70  -4.98413956e+01  2.56294302e-01  3.81e+01 1.13e+00  1.97e+02  2.33e+02  3.54e+00 3.28e+02 2.33e+02  1.12e-01 1.39e-03     22s
  71  -5.03022037e+01  2.56294302e-01  3.83e+01 1.13e+00  1.97e+02  2.36e+02  3.56e+00 3.31e+02 2.36e+02  1.10e-01 1.36e-03     22s
  72  -5.07581061e+01  2.56294302e-01  3.86e+01 1.12e+00  1.96e+02  2.39e+02  3.57e+00 3.34e+02 2.39e+02  1.09e-01 1.33e-03     22s
  73  -5.12091493e+01  2.56294302e-01  3.89e+01 1.12e+00  1.96e+02  2.42e+02  3.58e+00 3.37e+02 2.42e+02  1.08e-01 1.30e-03     23s
  74  -5.16553797e+01  2.56294302e-01  3.91e+01 1.12e+00  1.96e+02  2.45e+02  3.60e+00 3.41e+02 2.45e+02  1.07e-01 1.27e-03     23s
  75  -5.20968437e+01  2.56294302e-01  3.94e+01 1.12e+00  1.96e+02  2.47e+02  3.61e+00 3.44e+02 2.47e+02  1.06e-01 1.24e-03     23s
  76  -5.25335873e+01  2.56294302e-01  3.96e+01 1.12e+00  1.95e+02  2.50e+02  3.63e+00 3.47e+02 2.50e+02  1.05e-01 1.21e-03     24s
  77  -5.29660889e+01  2.56294302e-01  3.99e+01 1.12e+00  1.95e+02  2.53e+02  3.64e+00 3.50e+02 2.53e+02  1.04e-01 1.19e-03     24s
  78  -5.33943858e+01  2.56294302e-01  4.01e+01 1.12e+00  1.95e+02  2.56e+02  3.66e+00 3.54e+02 2.56e+02  1.03e-01 1.16e-03     24s
  79  -5.38180910e+01  2.56294302e-01  4.04e+01 1.12e+00  1.95e+02  2.58e+02  3.67e+00 3.57e+02 2.58e+02  1.02e-01 1.14e-03     25s
  80  -5.42376694e+01  2.56294302e-01  4.06e+01 1.11e+00  1.95e+02  2.61e+02  3.69e+00 3.60e+02 2.61e+02  1.00e-01 1.11e-03     25s
  81  -5.46531578e+01  2.56294302e-01  4.09e+01 1.11e+00  1.94e+02  2.64e+02  3.70e+00 3.63e+02 2.64e+02  9.95e-02 1.09e-03     25s
  82  -5.50645929e+01  2.56294302e-01  4.11e+01 1.11e+00  1.94e+02  2.67e+02  3.72e+00 3.67e+02 2.67e+02  9.85e-02 1.07e-03     26s
  83  -5.54724190e+01  2.56294302e-01  4.13e+01 1.11e+00  1.94e+02  2.70e+02  3.73e+00 3.70e+02 2.70e+02  9.75e-02 1.05e-03     26s
  84  -5.58758574e+01  2.56294302e-01  4.16e+01 1.11e+00  1.94e+02  2.72e+02  3.75e+00 3.73e+02 2.72e+02  9.66e-02 1.02e-03     26s
  85  -5.62761517e+01  2.56294302e-01  4.18e+01 1.11e+00  1.94e+02  2.75e+02  3.76e+00 3.76e+02 2.75e+02  9.57e-02 1.00e-03     27s
  86  -5.66721344e+01  2.56294302e-01  4.20e+01 1.11e+00  1.94e+02  2.78e+02  3.78e+00 3.80e+02 2.78e+02  9.48e-02 9.82e-04     27s

The solution quality is limited by the precision of the linear system solver.

The algorithm stopped after 87 iterations in 26.82 seconds.

Primal variables:   [+8.940 +9.801 +10.643 +18.048 +9.914 +10.482 +10.877 +39.636 +10.046
 +12.349 +10.087 +11.627 +10.545 +16.017 +14.269 +11.324 +10.312 +10.794
 +11.858 +15.942 +10.079 +48.445 +14.737 +13.454 +10.654 +15.041 +64.770
 +13.453 +18.884 +11.368 +14.186 +10.608 +10.010 +11.995 +11.326 +24.501
 +12.927 +9.056 +25.744 +12.245 +11.303 +10.578 +22.264 +11.532 +9.737
 +10.461 +15.009 +12.701 +11.509 +11.853 +9.126 +15.692 +9.290 +12.241
 +19.174 +22.868 +24.706 +21.292 +11.228 +27.784 +9.629 +10.055 +12.314
 +19.271 +10.727 +10.517 +10.595 +12.927 +13.209 +13.933 +19.436 +11.010
 +12.791 +9.342 +11.510 +31.403 +9.410 +9.786 +10.962 +12.704 +10.441
 +22.329 +11.320 +11.109 +14.923 +10.341 +14.616 +9.865 +9.594 +14.022
 +21.424 +11.792 +10.147 +11.450 +15.674 +10.089 +9.735 +9.171 +11.862
 +11.412 +10.167 +11.362 +10.705 +24.931 +11.359 +11.339 +15.393 +9.945
 +41.285 +10.023 +10.850 +9.930 +10.276 +9.653 +12.403 +15.460 +8.696
 +11.442 +11.138 +10.051 +11.278 +10.920 +14.784 +10.091 +10.731 +20.782
 +12.483 +13.543 +8.559 +11.580 +11.283 +14.710 +15.438 +23.627 +10.842
 +8.785 +12.579 +19.054 +12.968 +11.435 +10.182 +12.061 +10.568 +10.682
 +13.104 +21.764 +10.916 +9.262 +11.717 +10.988 +10.908 +13.343 +10.717
 +14.752 +9.491 +9.439 +11.766 +12.188 +13.805 +10.420 +11.049 +13.409
 +10.828 +9.379 +34.095 +20.884 +9.036 +9.045 +12.267 +10.025 +21.316
 +10.071 +10.064 +10.330 +12.398 +15.501 +9.297 +9.390 +13.461 +12.281
 +17.232 +4.887 +14.018 +16.000 +13.961 +9.545 +17.192 +11.034 +14.578
 +13.820 +11.446 +10.724 +22.012 +13.886 +10.285 +11.339 +14.668 +21.130
 +11.226 +9.535]
Dual slacks:        [+0.145 +0.115 +0.096 +0.038 +0.112 +0.100 +0.091 +0.013 +0.108 +0.071
 +0.110 +0.079 +0.096 +0.045 +0.055 +0.084 +0.103 +0.094 +0.077 +0.046
 +0.108 +0.010 +0.051 +0.060 +0.095 +0.050 +0.007 +0.061 +0.035 +0.082
 +0.055 +0.095 +0.111 +0.075 +0.085 +0.025 +0.065 +0.141 +0.023 +0.071
 +0.084 +0.096 +0.028 +0.080 +0.116 +0.098 +0.050 +0.067 +0.082 +0.077
 +0.137 +0.046 +0.133 +0.071 +0.034 +0.027 +0.024 +0.030 +0.085 +0.021
 +0.119 +0.110 +0.071 +0.034 +0.096 +0.099 +0.098 +0.066 +0.063 +0.058
 +0.034 +0.091 +0.068 +0.130 +0.081 +0.018 +0.127 +0.117 +0.092 +0.067
 +0.100 +0.028 +0.084 +0.089 +0.052 +0.102 +0.054 +0.114 +0.121 +0.056
 +0.030 +0.076 +0.109 +0.082 +0.047 +0.109 +0.119 +0.135 +0.077 +0.082
 +0.108 +0.083 +0.094 +0.024 +0.085 +0.084 +0.049 +0.112 +0.013 +0.111
 +0.093 +0.111 +0.103 +0.120 +0.072 +0.047 +0.156 +0.082 +0.087 +0.109
 +0.087 +0.090 +0.052 +0.108 +0.093 +0.031 +0.070 +0.059 +0.168 +0.079
 +0.085 +0.052 +0.049 +0.026 +0.092 +0.152 +0.070 +0.035 +0.065 +0.082
 +0.108 +0.073 +0.098 +0.094 +0.064 +0.029 +0.090 +0.132 +0.080 +0.090
 +0.093 +0.062 +0.095 +0.052 +0.125 +0.127 +0.078 +0.072 +0.058 +0.099
 +0.089 +0.060 +0.093 +0.130 +0.016 +0.031 +0.142 +0.141 +0.073 +0.110
 +0.029 +0.108 +0.110 +0.102 +0.069 +0.048 +0.132 +0.129 +0.061 +0.073
 +0.041 +2.070 +0.058 +0.045 +0.056 +0.122 +0.040 +0.090 +0.052 +0.058
 +0.084 +0.094 +0.028 +0.057 +0.105 +0.084 +0.053 +0.030 +0.086 +0.123]
Dual variables:     [-1.665 -0.752]

Primal objective:   -5.66721344e+01
Dual objective:     2.56294302e-01 

Primal residual:    4.20e+01
Dual residual:      1.11e+00
Complementraty:     1.94e+02

Number of Iter:     87
Run time:           26.82
