
--------------- Linear optimization problem characteristics ---------------
Seed:                    66
Number of variables:     10
Number of constraints:   2

Norm of primal sol:      2.00e+00
Norm of dual sol:        2.00e+00
Norm of dual slacks:     2.00e+00

Norm of vector b:        6.03e-01
Norm of vector c:        2.72e+00

Norm of matrix A:        1.00e+00
Condition number:        2.00e+00

----------------------- Linear optimization problem -----------------------
Coeff matrix A:          [[+0.062 +0.135 +0.117 -0.039 -0.300 -0.150 +0.222 -0.292 -0.048 -0.209]
                          [-0.336 -0.358 -0.353 -0.379 +0.269 -0.339 -0.065 +0.405 -0.221 -0.077]]

RHS vector b:            [-0.118 -0.591]
Obj vector c:            [+0.111 -0.658 -0.624 -0.412 +0.804 -0.188 -0.429 +0.962 -0.200 +2.130]

---------------------------- Optimal solution -----------------------------
Primal variables:         [+0.000 +0.196 +0.531 +0.995 +0.285 +0.368 +1.111 +0.817 +0.754 +0.000]
Dual slacks:              [+0.626 +0.000 +0.000 +0.000 +0.000 +0.000 +0.000 +0.000 +0.000 +1.899]
Dual variables:           [-1.564 +1.247]

Optimal objective:       -5.52710328e-01
===========================================================================

Method:                  II-QIPM
LO_Precision:            1.00e-01
Stop_Precision:          1.00e-03
LO_Verbosity:            2
Omega:                   1.00e+01

The Quantum Inexact Infeasible Interior-Point Method starts running ...


                  Objective                Residual                                Linear system           Step-length
Iter      Primal           Dual         Primal    Dual     Compl    ||Resl||  Cond-Num  ||M||   ||RHS||    a-star   a-hat      Time
   0   8.68602528e+00 -9.78868012e+00  7.13e+00 1.51e+01  5.13e+02  4.44e-15  4.00e+00 1.00e+00 1.71e+01  6.40e-01 5.18e-01      0s
   1   8.60686331e+00 -9.83268922e+00  6.84e+00 1.45e+01  4.94e+02 *3.42e-03  4.88e+00 1.48e+00 6.08e+00  4.66e-01 4.03e-02      0s
   2   8.54559730e+00 -9.84038821e+00  6.59e+00 1.39e+01  4.78e+02 *8.92e-03  4.88e+00 1.58e+00 6.43e+00  4.75e-01 3.73e-02      1s
   3   8.49104623e+00 -9.81900826e+00  6.33e+00 1.34e+01  4.61e+02 *1.45e-02  4.89e+00 1.68e+00 6.86e+00  4.85e-01 3.95e-02      1s
   4   8.44295355e+00 -9.76617077e+00  6.06e+00 1.28e+01  4.43e+02 *2.01e-02  4.91e+00 1.80e+00 7.42e+00  4.96e-01 4.19e-02      1s
   5   8.40091020e+00 -9.67926402e+00  5.79e+00 1.22e+01  4.25e+02 *2.05e-02  4.95e+00 1.94e+00 8.12e+00  5.09e-01 4.48e-02      1s
   6   8.36464110e+00 -9.55622615e+00  5.51e+00 1.17e+01  4.07e+02 *1.35e-03  5.00e+00 2.11e+00 8.96e+00  5.22e-01 4.82e-02      1s
   7   8.33438376e+00 -9.39710924e+00  5.23e+00 1.11e+01  3.88e+02 *6.26e-02  5.07e+00 2.31e+00 9.96e+00  5.34e-01 5.16e-02      1s
   8   8.31137357e+00 -9.20509879e+00  4.93e+00 1.04e+01  3.69e+02 *1.99e-01  5.15e+00 2.56e+00 1.11e+01  5.46e-01 5.49e-02      2s
   9   8.29769046e+00 -8.98357207e+00  4.62e+00 9.84e+00  3.49e+02 *4.06e-01  5.26e+00 2.86e+00 1.25e+01  5.56e-01 5.81e-02      2s
  10   8.29492161e+00 -8.72952563e+00  4.29e+00 9.23e+00  3.30e+02 *6.16e-01  5.38e+00 3.22e+00 1.41e+01  5.68e-01 6.19e-02      2s
  11   8.30088707e+00 -8.41995768e+00  3.95e+00 8.59e+00  3.09e+02 *6.77e-01  5.52e+00 3.67e+00 1.59e+01  5.90e-01 6.93e-02      2s
  12   8.30292676e+00 -7.99679005e+00  3.58e+00 7.86e+00  2.85e+02 *4.25e-01  5.69e+00 4.25e+00 1.80e+01  6.31e-01 8.52e-02      2s
  13   8.27378150e+00 -7.38466979e+00  3.17e+00 6.97e+00  2.56e+02 *1.65e-03  5.87e+00 5.05e+00 2.05e+01  6.89e-01 1.13e-01      2s
  14   8.24682950e+00 -6.69919811e+00  2.73e+00 6.05e+00  2.25e+02 *2.35e-01  6.09e+00 6.27e+00 2.37e+01  7.17e-01 1.31e-01      2s
  15   8.30259833e+00 -6.15604304e+00  2.24e+00 5.34e+00  2.01e+02 *1.41e+00  6.32e+00 8.03e+00 2.73e+01  6.94e-01 1.18e-01      2s
  16   8.38885954e+00 -5.59096797e+00  1.71e+00 4.65e+00  1.78e+02 *1.93e+00  6.55e+00 1.02e+01 3.14e+01  7.01e-01 1.29e-01      2s
  17   8.23180039e+00 -4.43850593e+00  1.09e+00 3.46e+00  1.36e+02 *7.51e-01  6.78e+00 1.32e+01 3.61e+01  8.12e-01 2.55e-01      3s
  18   8.01351865e+00 -4.43850593e+00  1.05e+00 3.45e+00  1.36e+02  4.22e+01  7.04e+00 2.05e+01 4.22e+01  1.56e-01 2.92e-03      3s
  19   7.79470926e+00 -4.43850593e+00  1.02e+00 3.44e+00  1.35e+02  4.40e+01  7.07e+00 2.09e+01 4.40e+01  1.53e-01 2.81e-03      3s
  20   7.57464043e+00 -4.43850593e+00  1.01e+00 3.43e+00  1.35e+02  4.58e+01  7.09e+00 2.13e+01 4.58e+01  1.51e-01 2.72e-03      3s
  21   7.35342902e+00 -4.43850593e+00  1.01e+00 3.43e+00  1.35e+02  4.77e+01  7.12e+00 2.18e+01 4.77e+01  1.48e-01 2.63e-03      3s
  22   7.13074470e+00 -4.43850593e+00  1.03e+00 3.42e+00  1.34e+02  4.95e+01  7.15e+00 2.22e+01 4.95e+01  1.46e-01 2.55e-03      3s
  23   6.90713360e+00 -4.43850593e+00  1.07e+00 3.41e+00  1.34e+02  5.14e+01  7.19e+00 2.27e+01 5.14e+01  1.44e-01 2.46e-03      3s
  24   6.68248195e+00 -4.43850593e+00  1.12e+00 3.40e+00  1.34e+02  5.34e+01  7.23e+00 2.31e+01 5.34e+01  1.42e-01 2.39e-03      3s
  25   6.45644013e+00 -4.43850593e+00  1.18e+00 3.39e+00  1.34e+02  5.53e+01  7.26e+00 2.36e+01 5.53e+01  1.40e-01 2.32e-03      4s
  26   6.22954936e+00 -4.43850593e+00  1.25e+00 3.38e+00  1.33e+02  5.74e+01  7.31e+00 2.41e+01 5.74e+01  1.38e-01 2.24e-03      4s
  27   6.00168067e+00 -4.43850593e+00  1.33e+00 3.38e+00  1.33e+02  5.94e+01  7.35e+00 2.45e+01 5.94e+01  1.36e-01 2.18e-03      4s
  28   5.77292499e+00 -4.43850593e+00  1.42e+00 3.37e+00  1.33e+02  6.15e+01  7.39e+00 2.50e+01 6.15e+01  1.34e-01 2.11e-03      4s
  29   5.54314192e+00 -4.43850593e+00  1.52e+00 3.36e+00  1.33e+02  6.36e+01  7.44e+00 2.55e+01 6.36e+01  1.32e-01 2.05e-03      4s
  30   5.31241328e+00 -4.43850593e+00  1.62e+00 3.36e+00  1.32e+02  6.57e+01  7.49e+00 2.60e+01 6.57e+01  1.30e-01 2.00e-03      4s
  31   5.08081966e+00 -4.43850593e+00  1.73e+00 3.35e+00  1.32e+02  6.79e+01  7.54e+00 2.65e+01 6.79e+01  1.29e-01 1.94e-03      4s
  32   4.84844044e+00 -4.43850593e+00  1.83e+00 3.34e+00  1.32e+02  7.01e+01  7.60e+00 2.70e+01 7.01e+01  1.27e-01 1.89e-03      4s
  33   4.61512039e+00 -4.43850593e+00  1.95e+00 3.34e+00  1.32e+02  7.23e+01  7.65e+00 2.76e+01 7.23e+01  1.25e-01 1.83e-03      5s
  34   4.38116489e+00 -4.43850593e+00  2.06e+00 3.33e+00  1.31e+02  7.46e+01  7.71e+00 2.81e+01 7.46e+01  1.24e-01 1.78e-03      5s
  35   4.14617983e+00 -4.43850593e+00  2.18e+00 3.33e+00  1.31e+02  7.68e+01  7.77e+00 2.86e+01 7.68e+01  1.22e-01 1.74e-03      5s
  36   3.91070025e+00 -4.43850593e+00  2.30e+00 3.32e+00  1.31e+02  7.92e+01  7.83e+00 2.92e+01 7.92e+01  1.21e-01 1.69e-03      5s
  37   3.67456323e+00 -4.43850593e+00  2.42e+00 3.31e+00  1.31e+02  8.15e+01  7.90e+00 2.97e+01 8.15e+01  1.19e-01 1.65e-03      5s
  38   3.43759880e+00 -4.43850593e+00  2.54e+00 3.31e+00  1.31e+02  8.39e+01  7.96e+00 3.02e+01 8.39e+01  1.18e-01 1.61e-03      5s
  39   5.96632753e+00 -9.10105194e-01  2.64e-01 3.68e-01  2.11e+01 *1.07e-01  8.03e+00 3.08e+01 8.63e+01  9.68e-01 8.89e-01      6s
  40   2.29956220e+00 -6.42351547e-01  2.26e-01 1.11e-01  7.60e+00 *2.10e-01  1.01e+01 2.08e+02 1.81e+01  9.55e-01 6.98e-01      6s
  41   7.38723649e-01 -5.88542270e-01  1.52e-01 4.68e-02  3.51e+00 *1.02e-01  8.63e+00 5.42e+02 1.19e+01  9.77e-01 5.78e-01      6s
  42  -1.70389435e-01 -5.61008868e-01  3.64e-02 1.08e-02  9.40e-01 *1.85e-03  8.08e+00 1.27e+03 1.13e+01  9.79e-01 7.69e-01      6s
  43  -1.61671864e+00 -5.61008868e-01  1.67e+00 9.52e-03  8.33e-01  1.36e+01  7.48e+00 5.80e+03 1.36e+01  4.31e-01 1.21e-01      6s
  44  -1.61816385e+00 -5.61008868e-01  1.67e+00 9.51e-03  8.33e-01  2.35e+01  7.36e+00 7.80e+03 2.35e+01  3.52e-01 5.22e-05      6s

The solution quality is limited by the precision of the linear system solver.

The algorithm stopped after 45 iterations in 6.41 seconds.

Primal variables:   [+0.324 +9.518 +9.245 +5.962 +15.515 +4.786 +63.479 +31.152 +8.367 +0.104]
Dual slacks:        [+0.633 +0.006 +0.006 +0.008 +0.003 +0.009 +0.001 +0.002 +0.006 +1.905]
Dual variables:     [-1.551 +1.258]

Primal objective:   -1.61816385e+00
Dual objective:     -5.61008868e-01

Primal residual:    1.67e+00
Dual residual:      9.51e-03
Complementraty:     8.33e-01

Number of Iter:     45
Run time:           6.41
