
--------------- Linear optimization problem characteristics ---------------
Seed:                    48
Number of variables:     100
Number of constraints:   2

Norm of primal sol:      2.00e+00
Norm of dual sol:        2.00e+00
Norm of dual slacks:     2.00e+00

Norm of vector b:        7.13e-02
Norm of vector c:        2.87e+00

Norm of matrix A:        1.00e+00
Condition number:        2.00e+00

----------------------- Linear optimization problem -----------------------
Coeff matrix A:          [[+0.044 -0.083 -0.001 +0.034 -0.024 +0.046 -0.079 +0.106 +0.133 -0.032
 +0.100 -0.140 -0.133 -0.080 +0.017 -0.125 -0.078 +0.104 +0.041 +0.095
 +0.052 +0.008 +0.082 +0.021 -0.071 +0.116 +0.085 -0.059 +0.052 -0.012
 -0.066 -0.099 +0.143 +0.067 -0.022 +0.015 -0.127 -0.055 -0.049 -0.099
 -0.057 +0.130 -0.067 -0.055 -0.093 +0.025 +0.083 -0.090 -0.136 +0.118
 -0.101 +0.013 +0.109 +0.071 +0.088 +0.104 -0.114 -0.088 -0.002 +0.045
 -0.099 -0.121 +0.107 -0.127 +0.011 -0.119 -0.098 +0.023 +0.111 -0.048
 +0.132 +0.088 +0.084 -0.041 -0.028 -0.100 -0.084 +0.116 -0.106 +0.093
 +0.078 -0.035 -0.043 +0.040 -0.119 +0.026 -0.102 +0.075 -0.063 +0.087
 -0.028 -0.010 +0.007 +0.092 +0.061 +0.092 -0.114 +0.121 -0.045 +0.112]
                          [+0.050 +0.082 -0.055 +0.066 -0.039 +0.057 +0.093 -0.119 -0.075 -0.017
 -0.023 +0.111 +0.126 +0.003 -0.111 +0.083 +0.077 +0.058 +0.088 -0.007
 -0.024 -0.092 -0.070 -0.032 -0.062 -0.072 +0.063 +0.018 -0.111 -0.003
 +0.119 +0.016 -0.139 -0.082 +0.011 -0.090 +0.087 -0.068 +0.093 -0.022
 +0.100 -0.127 -0.002 -0.002 +0.043 -0.077 +0.003 +0.050 +0.091 -0.013
 +0.018 -0.103 -0.128 -0.124 -0.107 -0.059 -0.041 -0.036 -0.094 -0.109
 +0.123 +0.076 +0.052 +0.094 -0.072 +0.085 +0.124 -0.024 +0.024 +0.064
 -0.108 -0.073 +0.084 +0.055 +0.076 +0.056 +0.035 -0.036 +0.099 -0.085
 +0.079 -0.009 +0.008 -0.074 +0.104 -0.107 +0.096 -0.022 +0.092 +0.039
 -0.027 -0.027 +0.047 -0.026 -0.056 -0.094 +0.029 -0.027 -0.004 -0.038]]

RHS vector b:            [-0.070 +0.014]
Obj vector c:            [+0.061 -0.201 +0.024 +0.033 -0.028 +0.061 -0.197 +0.263 +0.293 -0.054
 +0.205 -0.325 -0.320 -0.156 +0.087 -0.283 -0.188 +0.175 +0.038 +0.187
 +0.112 +0.061 +0.192 +0.056 -0.108 +0.259 +0.134 -0.123 +0.154 -0.021
 -0.184 -0.199 +0.345 +0.170 -0.047 +0.072 -0.288 -0.075 -0.139 -0.182
 -0.159 +1.577 -0.129 -0.106 -0.202 +0.086 +0.160 -0.198 -0.307 +0.236
 -0.205 +0.074 +0.272 +0.197 +0.222 +0.230 -0.201 -0.153 +0.041 +0.140
 -0.252 -0.272 +0.182 -0.292 +0.056 -0.272 -0.250 +0.056 +0.203 -0.125
 +0.308 +0.206 +0.122 -0.107 -0.091 -0.221 -0.180 +0.242 -0.254 +0.221
 +0.114 -0.063 -0.087 +0.114 -0.280 +0.102 -0.244 +0.155 -0.167 +0.149
 -0.040 -0.006 +1.541 +0.192 +0.145 +0.223 -0.236 +0.248 -0.086 +0.236]

---------------------------- Optimal solution -----------------------------
Primal variables:         [+0.007 +0.336 +0.107 +0.113 +0.298 +0.122 +0.325 +0.168 +0.206 +0.134
 +0.042 +0.053 +0.167 +0.275 +0.173 +0.223 +0.127 +0.171 +0.070 +0.154
 +0.050 +0.014 +0.031 +0.080 +0.205 +0.247 +0.222 +0.216 +0.126 +0.143
 +0.151 +0.256 +0.055 +0.297 +0.014 +0.231 +0.057 +0.290 +0.099 +0.291
 +0.108 +0.000 +0.358 +0.346 +0.062 +0.127 +0.034 +0.261 +0.256 +0.342
 +0.115 +0.069 +0.013 +0.139 +0.362 +0.218 +0.335 +0.195 +0.274 +0.144
 +0.373 +0.148 +0.054 +0.341 +0.023 +0.034 +0.176 +0.000 +0.259 +0.143
 +0.268 +0.228 +0.349 +0.030 +0.232 +0.226 +0.133 +0.127 +0.006 +0.313
 +0.280 +0.132 +0.182 +0.216 +0.105 +0.105 +0.370 +0.168 +0.025 +0.136
 +0.015 +0.009 +0.000 +0.304 +0.101 +0.091 +0.097 +0.372 +0.269 +0.229]
Dual slacks:              [+0.000 +0.000 +0.000 +0.000 +0.000 +0.000 +0.000 +0.000 +0.000 +0.000
 +0.000 +0.000 +0.000 +0.000 +0.000 +0.000 +0.000 +0.000 +0.000 +0.000
 +0.000 +0.000 +0.000 +0.000 +0.000 +0.000 +0.000 +0.000 +0.000 +0.000
 +0.000 +0.000 +0.000 +0.000 +0.000 +0.000 +0.000 +0.000 +0.000 +0.000
 +0.000 +1.264 +0.000 +0.000 +0.000 +0.000 +0.000 +0.000 +0.000 +0.000
 +0.000 +0.000 +0.000 +0.000 +0.000 +0.000 +0.000 +0.000 +0.000 +0.000
 +0.000 +0.000 +0.000 +0.000 +0.000 +0.000 +0.000 +0.000 +0.000 +0.000
 +0.000 +0.000 +0.000 +0.000 +0.000 +0.000 +0.000 +0.000 +0.000 +0.000
 +0.000 +0.000 +0.000 +0.000 +0.000 +0.000 +0.000 +0.000 +0.000 +0.000
 +0.000 +0.000 +1.550 +0.000 +0.000 +0.000 +0.000 +0.000 +0.000 +0.000]
Dual variables:           [+1.941 -0.481]

Optimal objective:       -1.42503401e-01
===========================================================================

Method:                  II-QIPM
LO_Precision:            1.00e-01
Stop_Precision:          1.00e-03
LO_Verbosity:            2
Omega:                   1.00e+01

The Quantum Inexact Infeasible Interior-Point Method starts running ...


                  Objective                Residual                                Linear system           Step-length
Iter      Primal           Dual         Primal    Dual     Compl    ||Resl||  Cond-Num  ||M||   ||RHS||    a-star   a-hat      Time
   0   2.70618427e+01 -2.81627979e-01  1.22e-01 1.06e+01  1.18e+03  4.97e-16  4.00e+00 1.00e+00 2.38e+00  9.43e-01 8.94e-01      0s
   1   2.68688048e+01 -2.81627979e-01  8.40e-01 9.95e+00  1.11e+03  1.58e+01  3.15e+00 1.02e+01 1.58e+01  4.92e-01 6.03e-02      1s
   2   1.16893476e+01 -1.38498719e-01  5.47e-02 6.48e-01  8.87e+01 *5.37e-04  3.00e+00 1.10e+01 1.89e+01  9.62e-01 9.35e-01      1s
   3   1.22614701e+01 -1.38498719e-01  2.33e+00 5.78e-01  7.99e+01  2.18e+01  3.87e+00 1.88e+02 2.18e+01  5.97e-01 1.08e-01      1s
   4   1.28819717e+01 -1.38498719e-01  3.89e+00 5.44e-01  7.56e+01  2.87e+01  3.84e+00 2.21e+02 2.87e+01  5.48e-01 5.93e-02      1s
   5   1.35821168e+01 -1.38498719e-01  5.39e+00 5.16e-01  7.21e+01  3.34e+01  3.82e+00 2.42e+02 3.34e+01  5.20e-01 5.09e-02      1s
   6   1.43321399e+01 -1.38498719e-01  6.83e+00 4.93e-01  6.92e+01  3.80e+01  3.79e+00 2.62e+02 3.80e+01  4.94e-01 4.42e-02      2s
   7   1.51110321e+01 -1.38498719e-01  8.22e+00 4.74e-01  6.67e+01  4.26e+01  3.77e+00 2.82e+02 4.26e+01  4.71e-01 3.88e-02      2s
   8   1.59058145e+01 -1.38498719e-01  9.55e+00 4.58e-01  6.47e+01  4.71e+01  3.74e+00 3.02e+02 4.71e+01  4.49e-01 3.43e-02      2s
   9   1.67061774e+01 -1.38498719e-01  1.08e+01 4.44e-01  6.29e+01  5.17e+01  3.72e+00 3.22e+02 5.17e+01  4.30e-01 3.05e-02      2s
  10   1.75051444e+01 -1.38498719e-01  1.21e+01 4.32e-01  6.13e+01  5.62e+01  3.70e+00 3.41e+02 5.62e+01  4.12e-01 2.73e-02      3s
  11   1.82997451e+01 -1.38498719e-01  1.33e+01 4.21e-01  5.99e+01  6.07e+01  3.68e+00 3.61e+02 6.07e+01  3.95e-01 2.47e-02      3s
  12   1.90864361e+01 -1.38498719e-01  1.44e+01 4.12e-01  5.87e+01  6.52e+01  3.66e+00 3.80e+02 6.52e+01  3.80e-01 2.24e-02      3s
  13   1.98621434e+01 -1.38498719e-01  1.56e+01 4.03e-01  5.76e+01  6.97e+01  3.64e+00 3.99e+02 6.97e+01  3.66e-01 2.03e-02      3s
  14   2.06262673e+01 -1.38498719e-01  1.67e+01 3.96e-01  5.67e+01  7.42e+01  3.62e+00 4.18e+02 7.42e+01  3.53e-01 1.86e-02      4s
  15   2.13774091e+01 -1.38498719e-01  1.77e+01 3.89e-01  5.58e+01  7.87e+01  3.61e+00 4.36e+02 7.87e+01  3.40e-01 1.70e-02      4s
  16   2.21154555e+01 -1.38498719e-01  1.87e+01 3.83e-01  5.50e+01  8.31e+01  3.59e+00 4.55e+02 8.31e+01  3.29e-01 1.57e-02      4s
  17   2.28392479e+01 -1.38498719e-01  1.97e+01 3.77e-01  5.43e+01  8.76e+01  3.58e+00 4.73e+02 8.76e+01  3.18e-01 1.45e-02      5s
  18   2.35493974e+01 -1.38498719e-01  2.07e+01 3.72e-01  5.36e+01  9.20e+01  3.57e+00 4.92e+02 9.20e+01  3.08e-01 1.34e-02      5s
  19   2.42453515e+01 -1.38498719e-01  2.17e+01 3.68e-01  5.30e+01  9.64e+01  3.56e+00 5.10e+02 9.64e+01  2.99e-01 1.25e-02      5s
  20   2.49281437e+01 -1.38498719e-01  2.26e+01 3.63e-01  5.24e+01  1.01e+02  3.55e+00 5.28e+02 1.01e+02  2.90e-01 1.16e-02      5s
  21   2.55975916e+01 -1.38498719e-01  2.35e+01 3.59e-01  5.19e+01  1.05e+02  3.54e+00 5.47e+02 1.05e+02  2.82e-01 1.09e-02      6s
  22   2.62529963e+01 -1.38498719e-01  2.43e+01 3.56e-01  5.15e+01  1.10e+02  3.54e+00 5.65e+02 1.10e+02  2.74e-01 1.02e-02      6s
  23   2.68957304e+01 -1.38498719e-01  2.52e+01 3.52e-01  5.10e+01  1.14e+02  3.53e+00 5.83e+02 1.14e+02  2.66e-01 9.53e-03      6s
  24   2.75259416e+01 -1.38498719e-01  2.60e+01 3.49e-01  5.06e+01  1.18e+02  3.52e+00 6.01e+02 1.18e+02  2.59e-01 8.96e-03      6s
  25   2.81438501e+01 -1.38498719e-01  2.68e+01 3.46e-01  5.02e+01  1.23e+02  3.52e+00 6.19e+02 1.23e+02  2.53e-01 8.43e-03      7s
  26   2.87497338e+01 -1.38498719e-01  2.76e+01 3.43e-01  4.98e+01  1.27e+02  3.52e+00 6.37e+02 1.27e+02  2.46e-01 7.95e-03      7s
  27   2.93439165e+01 -1.38498719e-01  2.84e+01 3.41e-01  4.95e+01  1.31e+02  3.51e+00 6.54e+02 1.31e+02  2.40e-01 7.51e-03      7s
  28   2.99267584e+01 -1.38498719e-01  2.92e+01 3.38e-01  4.92e+01  1.36e+02  3.51e+00 6.72e+02 1.36e+02  2.34e-01 7.11e-03      7s
  29   3.04992198e+01 -1.38498719e-01  2.99e+01 3.36e-01  4.89e+01  1.40e+02  3.51e+00 6.90e+02 1.40e+02  2.29e-01 6.74e-03      8s
  30   3.10600090e+01 -1.38498719e-01  3.07e+01 3.34e-01  4.86e+01  1.44e+02  3.51e+00 7.08e+02 1.44e+02  2.24e-01 6.39e-03      8s
  31   3.16112344e+01 -1.38498719e-01  3.14e+01 3.32e-01  4.83e+01  1.49e+02  3.51e+00 7.25e+02 1.49e+02  2.19e-01 6.08e-03      8s
  32   3.21522338e+01 -1.38498719e-01  3.21e+01 3.30e-01  4.81e+01  1.53e+02  3.51e+00 7.43e+02 1.53e+02  2.14e-01 5.78e-03      8s
  33   3.26834640e+01 -1.38498719e-01  3.28e+01 3.28e-01  4.78e+01  1.57e+02  3.51e+00 7.60e+02 1.57e+02  2.09e-01 5.51e-03      9s
  34   3.32053855e+01 -1.38498719e-01  3.35e+01 3.27e-01  4.76e+01  1.62e+02  3.51e+00 7.78e+02 1.62e+02  2.05e-01 5.25e-03      9s
  35   3.37184595e+01 -1.38498719e-01  3.41e+01 3.25e-01  4.74e+01  1.66e+02  3.51e+00 7.95e+02 1.66e+02  2.01e-01 5.02e-03      9s
  36   3.42221375e+01 -1.38498719e-01  3.48e+01 3.23e-01  4.72e+01  1.70e+02  3.52e+00 8.13e+02 1.70e+02  1.97e-01 4.79e-03     10s
  37   3.47178947e+01 -1.38498719e-01  3.54e+01 3.22e-01  4.70e+01  1.74e+02  3.52e+00 8.30e+02 1.74e+02  1.93e-01 4.59e-03     10s
  38   3.52047215e+01 -1.38498719e-01  3.60e+01 3.20e-01  4.68e+01  1.79e+02  3.52e+00 8.47e+02 1.79e+02  1.89e-01 4.39e-03     10s
  39   3.56840620e+01 -1.38498719e-01  3.67e+01 3.19e-01  4.66e+01  1.83e+02  3.53e+00 8.65e+02 1.83e+02  1.86e-01 4.22e-03     10s
  40   3.61554258e+01 -1.38498719e-01  3.73e+01 3.18e-01  4.65e+01  1.87e+02  3.53e+00 8.82e+02 1.87e+02  1.82e-01 4.04e-03     11s
  41   3.66192827e+01 -1.38498719e-01  3.79e+01 3.17e-01  4.63e+01  1.91e+02  3.53e+00 8.99e+02 1.91e+02  1.79e-01 3.88e-03     11s
  42   3.70756367e+01 -1.38498719e-01  3.85e+01 3.15e-01  4.61e+01  1.96e+02  3.54e+00 9.17e+02 1.96e+02  1.76e-01 3.73e-03     11s
  43   3.75245019e+01 -1.38498719e-01  3.90e+01 3.14e-01  4.60e+01  2.00e+02  3.54e+00 9.34e+02 2.00e+02  1.73e-01 3.58e-03     11s
  44   3.79672281e+01 -1.38498719e-01  3.96e+01 3.13e-01  4.59e+01  2.04e+02  3.55e+00 9.51e+02 2.04e+02  1.70e-01 3.46e-03     12s
  45   3.84025036e+01 -1.38498719e-01  4.02e+01 3.12e-01  4.57e+01  2.08e+02  3.55e+00 9.68e+02 2.08e+02  1.67e-01 3.32e-03     12s
  46   3.88316528e+01 -1.38498719e-01  4.07e+01 3.11e-01  4.56e+01  2.12e+02  3.56e+00 9.85e+02 2.12e+02  1.64e-01 3.21e-03     12s
  47   3.92546858e+01 -1.38498719e-01  4.13e+01 3.10e-01  4.55e+01  2.17e+02  3.57e+00 1.00e+03 2.17e+02  1.61e-01 3.09e-03     12s
  48   3.96712016e+01 -1.38498719e-01  4.18e+01 3.09e-01  4.53e+01  2.21e+02  3.57e+00 1.02e+03 2.21e+02  1.59e-01 2.98e-03     13s
  49   4.00816427e+01 -1.38498719e-01  4.23e+01 3.08e-01  4.52e+01  2.25e+02  3.58e+00 1.04e+03 2.25e+02  1.56e-01 2.88e-03     13s
  50   4.04864400e+01 -1.38498719e-01  4.28e+01 3.07e-01  4.51e+01  2.29e+02  3.58e+00 1.05e+03 2.29e+02  1.54e-01 2.79e-03     13s
  51   4.08852147e+01 -1.38498719e-01  4.34e+01 3.07e-01  4.50e+01  2.33e+02  3.59e+00 1.07e+03 2.33e+02  1.51e-01 2.69e-03     14s
  52   4.12787880e+01 -1.38498719e-01  4.39e+01 3.06e-01  4.49e+01  2.38e+02  3.60e+00 1.09e+03 2.38e+02  1.49e-01 2.61e-03     14s
  53   4.16671788e+01 -1.38498719e-01  4.44e+01 3.05e-01  4.48e+01  2.42e+02  3.61e+00 1.10e+03 2.42e+02  1.47e-01 2.52e-03     14s
  54   4.20500256e+01 -1.38498719e-01  4.49e+01 3.04e-01  4.47e+01  2.46e+02  3.61e+00 1.12e+03 2.46e+02  1.45e-01 2.44e-03     14s
  55   4.24277405e+01 -1.38498719e-01  4.53e+01 3.04e-01  4.46e+01  2.50e+02  3.62e+00 1.14e+03 2.50e+02  1.43e-01 2.37e-03     15s
  56   4.28007244e+01 -1.38498719e-01  4.58e+01 3.03e-01  4.45e+01  2.54e+02  3.63e+00 1.16e+03 2.54e+02  1.40e-01 2.30e-03     15s
  57   4.31686306e+01 -1.38498719e-01  4.63e+01 3.02e-01  4.44e+01  2.58e+02  3.64e+00 1.17e+03 2.58e+02  1.39e-01 2.23e-03     15s
  58   4.35318550e+01 -1.38498719e-01  4.68e+01 3.02e-01  4.43e+01  2.63e+02  3.65e+00 1.19e+03 2.63e+02  1.37e-01 2.16e-03     15s
  59   4.38907825e+01 -1.38498719e-01  4.72e+01 3.01e-01  4.42e+01  2.67e+02  3.65e+00 1.21e+03 2.67e+02  1.35e-01 2.10e-03     16s
  60   4.42447246e+01 -1.38498719e-01  4.77e+01 3.00e-01  4.42e+01  2.71e+02  3.66e+00 1.22e+03 2.71e+02  1.33e-01 2.04e-03     16s
  61   4.45947685e+01 -1.38498719e-01  4.81e+01 3.00e-01  4.41e+01  2.75e+02  3.67e+00 1.24e+03 2.75e+02  1.31e-01 1.98e-03     16s
  62   4.49402389e+01 -1.38498719e-01  4.86e+01 2.99e-01  4.40e+01  2.79e+02  3.68e+00 1.26e+03 2.79e+02  1.29e-01 1.92e-03     17s
  63   4.52815099e+01 -1.38498719e-01  4.90e+01 2.99e-01  4.39e+01  2.83e+02  3.69e+00 1.27e+03 2.83e+02  1.28e-01 1.87e-03     17s
  64   4.56189455e+01 -1.38498719e-01  4.94e+01 2.98e-01  4.39e+01  2.87e+02  3.70e+00 1.29e+03 2.87e+02  1.26e-01 1.82e-03     17s
  65   4.59522328e+01 -1.38498719e-01  4.99e+01 2.98e-01  4.38e+01  2.92e+02  3.71e+00 1.31e+03 2.92e+02  1.25e-01 1.77e-03     17s
  66   4.62817302e+01 -1.38498719e-01  5.03e+01 2.97e-01  4.37e+01  2.96e+02  3.72e+00 1.32e+03 2.96e+02  1.23e-01 1.72e-03     18s
  67   4.66074607e+01 -1.38498719e-01  5.07e+01 2.97e-01  4.36e+01  3.00e+02  3.73e+00 1.34e+03 3.00e+02  1.21e-01 1.68e-03     18s
  68   4.69297704e+01 -1.38498719e-01  5.11e+01 2.96e-01  4.36e+01  3.04e+02  3.74e+00 1.36e+03 3.04e+02  1.20e-01 1.64e-03     18s
  69   4.72480403e+01 -1.38498719e-01  5.15e+01 2.96e-01  4.35e+01  3.08e+02  3.75e+00 1.37e+03 3.08e+02  1.19e-01 1.59e-03     18s
  70   4.75629327e+01 -1.38498719e-01  5.19e+01 2.95e-01  4.35e+01  3.12e+02  3.76e+00 1.39e+03 3.12e+02  1.17e-01 1.55e-03     19s
  71   4.78741559e+01 -1.38498719e-01  5.23e+01 2.95e-01  4.34e+01  3.16e+02  3.77e+00 1.41e+03 3.16e+02  1.16e-01 1.51e-03     19s
  72   4.81823534e+01 -1.38498719e-01  5.27e+01 2.94e-01  4.33e+01  3.20e+02  3.78e+00 1.42e+03 3.20e+02  1.14e-01 1.48e-03     19s
  73   4.84872357e+01 -1.38498719e-01  5.31e+01 2.94e-01  4.33e+01  3.25e+02  3.79e+00 1.44e+03 3.25e+02  1.13e-01 1.44e-03     20s
  74   4.87885233e+01 -1.38498719e-01  5.35e+01 2.93e-01  4.32e+01  3.29e+02  3.80e+00 1.46e+03 3.29e+02  1.12e-01 1.41e-03     20s
  75   4.90868416e+01 -1.38498719e-01  5.39e+01 2.93e-01  4.32e+01  3.33e+02  3.81e+00 1.47e+03 3.33e+02  1.11e-01 1.37e-03     20s
  76   4.93822080e+01 -1.38498719e-01  5.43e+01 2.93e-01  4.31e+01  3.37e+02  3.82e+00 1.49e+03 3.37e+02  1.09e-01 1.34e-03     20s
  77   4.96743483e+01 -1.38498719e-01  5.47e+01 2.92e-01  4.31e+01  3.41e+02  3.83e+00 1.51e+03 3.41e+02  1.08e-01 1.31e-03     21s
  78   4.99638653e+01 -1.38498719e-01  5.50e+01 2.92e-01  4.30e+01  3.45e+02  3.84e+00 1.53e+03 3.45e+02  1.07e-01 1.28e-03     21s
  79   5.02501994e+01 -1.38498719e-01  5.54e+01 2.91e-01  4.30e+01  3.49e+02  3.85e+00 1.54e+03 3.49e+02  1.06e-01 1.25e-03     21s
  80   5.05336590e+01 -1.38498719e-01  5.58e+01 2.91e-01  4.29e+01  3.53e+02  3.86e+00 1.56e+03 3.53e+02  1.05e-01 1.22e-03     21s
  81   5.08142636e+01 -1.38498719e-01  5.61e+01 2.91e-01  4.29e+01  3.57e+02  3.87e+00 1.58e+03 3.57e+02  1.04e-01 1.20e-03     22s
  82   5.10923115e+01 -1.38498719e-01  5.65e+01 2.90e-01  4.28e+01  3.62e+02  3.89e+00 1.59e+03 3.62e+02  1.03e-01 1.17e-03     22s
  83   5.13678179e+01 -1.38498719e-01  5.68e+01 2.90e-01  4.28e+01  3.66e+02  3.90e+00 1.61e+03 3.66e+02  1.01e-01 1.15e-03     22s
  84   5.16405256e+01 -1.38498719e-01  5.72e+01 2.90e-01  4.28e+01  3.70e+02  3.91e+00 1.63e+03 3.70e+02  1.00e-01 1.12e-03     23s
  85   5.19107257e+01 -1.38498719e-01  5.75e+01 2.89e-01  4.27e+01  3.74e+02  3.92e+00 1.64e+03 3.74e+02  9.94e-02 1.10e-03     23s
  86   5.21784343e+01 -1.38498719e-01  5.79e+01 2.89e-01  4.27e+01  3.78e+02  3.93e+00 1.66e+03 3.78e+02  9.84e-02 1.08e-03     23s
  87   5.24436678e+01 -1.38498719e-01  5.82e+01 2.89e-01  4.26e+01  3.82e+02  3.94e+00 1.68e+03 3.82e+02  9.75e-02 1.05e-03     23s
  88   5.27064429e+01 -1.38498719e-01  5.86e+01 2.89e-01  4.26e+01  3.86e+02  3.96e+00 1.69e+03 3.86e+02  9.65e-02 1.03e-03     23s
  89   5.29667765e+01 -1.38498719e-01  5.89e+01 2.88e-01  4.25e+01  3.90e+02  3.97e+00 1.71e+03 3.90e+02  9.56e-02 1.01e-03     24s
  90   5.32249436e+01 -1.38498719e-01  5.92e+01 2.88e-01  4.25e+01  3.94e+02  3.98e+00 1.73e+03 3.94e+02  9.47e-02 9.91e-04     24s

The solution quality is limited by the precision of the linear system solver.

The algorithm stopped after 91 iterations in 23.91 seconds.

Primal variables:   [+10.633 +10.933 +19.738 +10.348 +18.341 +10.452 +10.595 +27.367 +14.956
 +15.586 +12.357 +10.700 +10.254 +15.458 +79.232 +11.410 +11.031 +10.126
 +9.912 +11.797 +13.400 +37.259 +16.668 +14.957 +39.326 +15.283 +10.121
 +13.464 +37.829 +13.640 +9.937 +14.849 +30.002 +19.710 +12.941 +32.013
 +11.309 +38.267 +10.354 +21.257 +10.251 +2.277 +15.446 +14.932 +12.685
 +23.116 +11.602 +12.247 +11.284 +11.736 +14.706 +51.816 +32.518 +46.522
 +24.870 +14.522 +35.339 +24.485 +46.411 +39.838 +10.058 +11.639 +10.212
 +11.047 +23.012 +11.274 +10.033 +14.201 +10.751 +11.121 +19.619 +16.662
 +9.807 +11.304 +10.590 +12.140 +12.983 +12.704 +10.701 +18.247 +9.894
 +14.856 +13.713 +20.232 +10.686 +48.668 +10.742 +12.777 +10.486 +10.569
 +16.644 +15.790 +1.643 +12.646 +15.851 +20.211 +14.237 +12.225 +14.745
 +12.890]
Dual slacks:        [+0.046 +0.041 +0.015 +0.049 +0.017 +0.048 +0.044 +0.010 +0.024 +0.021
 +0.033 +0.042 +0.047 +0.021 +0.003 +0.037 +0.040 +0.054 +0.055 +0.037
 +0.028 +0.006 +0.019 +0.023 +0.006 +0.023 +0.053 +0.027 +0.006 +0.027
 +0.052 +0.023 +0.009 +0.015 +0.030 +0.008 +0.038 +0.006 +0.047 +0.013
 +0.048 +1.270 +0.022 +0.023 +0.030 +0.012 +0.038 +0.032 +0.038 +0.038
 +0.023 +0.004 +0.008 +0.005 +0.011 +0.025 +0.007 +0.011 +0.005 +0.006
 +0.050 +0.036 +0.053 +0.040 +0.012 +0.038 +0.050 +0.025 +0.046 +0.040
 +0.015 +0.019 +0.058 +0.039 +0.045 +0.033 +0.029 +0.032 +0.043 +0.017
 +0.057 +0.023 +0.026 +0.014 +0.043 +0.005 +0.042 +0.031 +0.046 +0.048
 +0.019 +0.021 +1.587 +0.032 +0.021 +0.015 +0.024 +0.034 +0.023 +0.031]
Dual variables:     [+1.834 -0.732]

Primal objective:   5.32249436e+01 
Dual objective:     -1.38498719e-01

Primal residual:    5.92e+01
Dual residual:      2.88e-01
Complementraty:     4.25e+01

Number of Iter:     91
Run time:           23.91
