
--------------- Linear optimization problem characteristics ---------------
Seed:                    38
Number of variables:     200
Number of constraints:   2

Norm of primal sol:      2.00e+00
Norm of dual sol:        2.00e+00
Norm of dual slacks:     2.00e+00

Norm of vector b:        8.50e-02
Norm of vector c:        2.22e+00

Norm of matrix A:        1.00e+00
Condition number:        2.00e+00

----------------------- Linear optimization problem -----------------------
Coeff matrix A:          [[-0.085 +0.037 +0.023 +0.052 +0.039 -0.075 +0.041 +0.049 -0.012 -0.091
 +0.058 -0.076 +0.073 +0.001 +0.010 -0.014 +0.064 +0.032 -0.058 +0.093
 -0.066 -0.055 -0.057 +0.023 -0.004 -0.023 +0.029 +0.077 -0.058 +0.052
 -0.018 +0.011 -0.021 +0.027 +0.079 -0.020 +0.025 +0.008 +0.045 -0.072
 -0.020 +0.036 -0.042 -0.075 +0.036 +0.015 -0.069 +0.069 -0.063 -0.021
 -0.016 -0.095 -0.051 -0.077 -0.025 +0.049 -0.003 -0.060 +0.058 +0.021
 -0.068 -0.028 +0.069 -0.103 +0.038 +0.000 +0.012 +0.033 +0.057 +0.070
 -0.043 +0.094 -0.029 +0.013 +0.037 +0.025 -0.065 +0.100 +0.060 -0.074
 +0.020 +0.075 +0.094 +0.019 -0.018 +0.006 +0.014 +0.058 +0.029 -0.013
 +0.052 -0.065 -0.051 +0.009 -0.034 -0.069 -0.091 +0.033 +0.052 -0.064
 -0.052 -0.014 +0.015 -0.060 +0.069 -0.039 -0.007 -0.088 +0.036 +0.043
 +0.081 +0.007 -0.074 +0.043 +0.033 +0.045 -0.007 +0.025 -0.002 +0.044
 -0.051 +0.008 +0.063 -0.006 -0.029 +0.036 +0.025 +0.021 +0.090 +0.023
 -0.063 +0.062 -0.010 -0.006 -0.070 +0.009 -0.049 -0.040 -0.054 -0.078
 -0.002 -0.049 -0.044 +0.004 +0.016 -0.073 -0.070 +0.015 +0.029 +0.052
 -0.003 +0.058 +0.072 -0.069 +0.027 -0.033 +0.012 +0.017 -0.006 +0.078
 +0.017 -0.051 -0.015 +0.006 -0.009 +0.034 +0.008 -0.063 +0.017 -0.025
 +0.017 +0.021 +0.014 -0.022 -0.077 +0.005 +0.035 +0.055 +0.056 -0.011
 -0.003 -0.042 +0.060 -0.012 +0.021 +0.081 +0.058 -0.009 +0.086 -0.069
 -0.059 +0.079 -0.049 -0.000 -0.004 -0.018 +0.044 -0.065 +0.018 -0.007]
                          [-0.103 +0.050 -0.020 -0.030 -0.006 -0.088 -0.002 +0.062 -0.058 -0.095
 +0.079 -0.036 +0.091 -0.050 +0.075 +0.085 +0.094 -0.063 +0.040 +0.119
 -0.111 +0.028 -0.051 +0.052 -0.011 -0.097 -0.052 +0.062 -0.099 -0.046
 +0.076 -0.029 +0.071 +0.028 +0.099 -0.008 -0.038 +0.004 -0.075 -0.104
 -0.092 +0.090 +0.058 -0.034 +0.095 -0.028 +0.011 +0.091 -0.104 -0.063
 +0.046 -0.109 +0.042 -0.023 +0.026 -0.041 +0.066 -0.056 +0.101 +0.028
 -0.003 -0.037 +0.088 -0.125 -0.054 -0.040 -0.073 -0.055 -0.021 +0.078
 +0.007 +0.101 +0.038 -0.068 -0.073 +0.088 -0.054 +0.119 +0.064 -0.101
 -0.019 +0.036 +0.117 +0.075 +0.031 -0.061 +0.025 +0.000 -0.007 +0.032
 +0.098 +0.005 -0.085 -0.027 -0.025 -0.086 -0.088 +0.076 +0.029 -0.075
 +0.000 +0.031 +0.055 +0.040 +0.079 +0.079 -0.071 -0.081 +0.056 +0.032
 +0.099 +0.015 -0.017 +0.033 -0.019 -0.001 -0.010 +0.092 +0.088 -0.046
 +0.073 +0.006 +0.077 -0.077 +0.063 +0.075 +0.008 +0.035 +0.112 +0.056
 -0.023 +0.037 +0.061 +0.008 -0.083 -0.073 -0.084 +0.076 -0.075 -0.109
 +0.072 +0.046 -0.021 -0.014 +0.056 -0.056 -0.060 +0.071 -0.079 +0.048
 -0.052 +0.049 +0.010 -0.104 +0.020 -0.048 -0.083 +0.084 -0.026 +0.065
 +0.053 -0.027 +0.048 +0.036 +0.046 +0.057 +0.016 -0.061 -0.007 +0.043
 -0.007 -0.050 -0.043 +0.060 -0.068 -0.070 +0.054 +0.024 +0.006 -0.013
 +0.072 -0.022 +0.029 -0.036 +0.055 +0.067 +0.019 -0.056 +0.062 -0.013
 -0.064 +0.066 -0.056 -0.039 -0.067 +0.064 +0.064 +0.027 -0.044 -0.066]]

RHS vector b:            [+0.052 +0.067]
Obj vector c:            [+0.002 +0.006 -0.062 -0.119 -0.068 +0.004 -0.066 +0.002 -0.055 +0.021
 +0.011 +0.072 +0.002 -0.065 +0.079 +0.129 +0.020 -0.129 +0.140 +0.006
 -0.039 +0.121 +0.024 +0.030 -0.008 -0.088 -0.110 -0.041 -0.036 -0.140
 +0.123 -0.055 +0.122 -0.006 +0.003 +0.021 -0.086 -0.008 -0.164 -0.020
 -0.086 +0.057 +0.138 +0.073 +0.064 -0.058 +0.120 +0.007 -0.035 -0.048
 +1.303 +0.009 +0.131 +0.090 +0.072 -0.127 +0.089 +0.022 +0.038 +0.003
 +0.101 -0.004 +0.005 +0.001 -0.127 -0.051 -0.111 -0.121 -0.114 -0.010
 +0.074 -0.018 +0.093 -0.106 -0.150 +0.073 +0.033 -0.004 -0.012 -0.013
 -0.055 -0.070 +0.003 +0.065 +0.068 -0.086 +0.010 -0.089 -0.054 +0.061
 +0.042 +0.106 -0.029 -0.047 +0.021 -0.002 +0.029 +0.045 -0.043 +0.003
 +0.080 +0.061 +0.047 +0.144 -0.007 +0.160 -0.080 +0.034 +0.016 -0.026
 -0.001 +0.009 +0.094 -0.025 -0.075 -0.070 -0.002 +0.077 +0.114 -0.126
 +0.170 -0.006 -0.001 -0.088 +0.125 +0.039 -0.028 +0.012 +0.002 +0.035
 +0.070 -0.050 +0.092 +0.019 +0.003 -0.106 -0.030 +0.159 -0.012 -0.017
 +0.093 +0.134 +0.041 -0.025 +0.046 +0.042 +0.032 +0.067 -0.145 -0.019
 -0.062 -0.027 +1.486 -0.025 -0.017 -0.011 -0.125 +0.079 -0.024 -0.038
 +0.040 +0.045 +0.083 +0.036 +0.072 +0.020 +0.007 +0.020 -0.035 +0.094
 -0.036 -0.095 -0.077 +0.110 +0.033 -0.096 +0.015 -0.055 -0.079 -0.001
 +0.096 +0.037 -0.056 -0.027 +0.036 -0.040 -0.065 -0.058 -0.056 +0.089
 +0.011 -0.038 +0.006 -0.049 -0.080 +0.109 +0.012 +0.134 -0.083 -0.074]

---------------------------- Optimal solution -----------------------------
Primal variables:         [+0.095 +0.213 +0.234 +0.174 +0.157 +0.150 +0.050 +0.096 +0.064 +0.018
 +0.070 +0.109 +0.120 +0.215 +0.131 +0.139 +0.117 +0.171 +0.125 +0.204
 +0.238 +0.212 +0.077 +0.136 +0.162 +0.235 +0.241 +0.111 +0.198 +0.180
 +0.022 +0.196 +0.229 +0.152 +0.052 +0.060 +0.102 +0.180 +0.004 +0.046
 +0.110 +0.148 +0.031 +0.201 +0.054 +0.022 +0.030 +0.246 +0.080 +0.099
 +0.000 +0.103 +0.073 +0.141 +0.090 +0.062 +0.109 +0.149 +0.082 +0.160
 +0.103 +0.072 +0.171 +0.228 +0.143 +0.166 +0.159 +0.164 +0.097 +0.180
 +0.157 +0.113 +0.007 +0.130 +0.113 +0.159 +0.135 +0.239 +0.195 +0.152
 +0.103 +0.185 +0.008 +0.005 +0.182 +0.128 +0.074 +0.134 +0.210 +0.089
 +0.216 +0.212 +0.055 +0.161 +0.235 +0.168 +0.126 +0.062 +0.036 +0.101
 +0.221 +0.058 +0.052 +0.088 +0.129 +0.145 +0.152 +0.073 +0.026 +0.247
 +0.009 +0.129 +0.081 +0.162 +0.037 +0.236 +0.022 +0.201 +0.131 +0.127
 +0.243 +0.109 +0.111 +0.190 +0.197 +0.221 +0.192 +0.011 +0.120 +0.172
 +0.077 +0.247 +0.137 +0.124 +0.178 +0.174 +0.075 +0.075 +0.176 +0.165
 +0.180 +0.121 +0.104 +0.241 +0.154 +0.132 +0.133 +0.087 +0.053 +0.017
 +0.075 +0.078 +0.000 +0.059 +0.070 +0.144 +0.105 +0.211 +0.069 +0.225
 +0.177 +0.055 +0.199 +0.057 +0.214 +0.091 +0.018 +0.019 +0.164 +0.110
 +0.048 +0.170 +0.048 +0.149 +0.024 +0.223 +0.002 +0.129 +0.218 +0.082
 +0.096 +0.087 +0.047 +0.047 +0.098 +0.240 +0.007 +0.017 +0.048 +0.137
 +0.163 +0.012 +0.041 +0.239 +0.138 +0.124 +0.209 +0.055 +0.165 +0.210]
Dual slacks:              [+0.000 +0.000 +0.000 +0.000 +0.000 +0.000 +0.000 +0.000 +0.000 +0.000
 +0.000 +0.000 +0.000 +0.000 +0.000 +0.000 +0.000 +0.000 +0.000 +0.000
 +0.000 +0.000 +0.000 +0.000 +0.000 +0.000 +0.000 +0.000 +0.000 +0.000
 +0.000 +0.000 +0.000 +0.000 +0.000 +0.000 +0.000 +0.000 +0.000 +0.000
 +0.000 +0.000 +0.000 +0.000 +0.000 +0.000 +0.000 +0.000 +0.000 +0.000
 +1.221 +0.000 +0.000 +0.000 +0.000 +0.000 +0.000 +0.000 +0.000 +0.000
 +0.000 +0.000 +0.000 +0.000 +0.000 +0.000 +0.000 +0.000 +0.000 +0.000
 +0.000 +0.000 +0.000 +0.000 +0.000 +0.000 +0.000 +0.000 +0.000 +0.000
 +0.000 +0.000 +0.000 +0.000 +0.000 +0.000 +0.000 +0.000 +0.000 +0.000
 +0.000 +0.000 +0.000 +0.000 +0.000 +0.000 +0.000 +0.000 +0.000 +0.000
 +0.000 +0.000 +0.000 +0.000 +0.000 +0.000 +0.000 +0.000 +0.000 +0.000
 +0.000 +0.000 +0.000 +0.000 +0.000 +0.000 +0.000 +0.000 +0.000 +0.000
 +0.000 +0.000 +0.000 +0.000 +0.000 +0.000 +0.000 +0.000 +0.000 +0.000
 +0.000 +0.000 +0.000 +0.000 +0.000 +0.000 +0.000 +0.000 +0.000 +0.000
 +0.000 +0.000 +0.000 +0.000 +0.000 +0.000 +0.000 +0.000 +0.000 +0.000
 +0.000 +0.000 +1.584 +0.000 +0.000 +0.000 +0.000 +0.000 +0.000 +0.000
 +0.000 +0.000 +0.000 +0.000 +0.000 +0.000 +0.000 +0.000 +0.000 +0.000
 +0.000 +0.000 +0.000 +0.000 +0.000 +0.000 +0.000 +0.000 +0.000 +0.000
 +0.000 +0.000 +0.000 +0.000 +0.000 +0.000 +0.000 +0.000 +0.000 +0.000
 +0.000 +0.000 +0.000 +0.000 +0.000 +0.000 +0.000 +0.000 +0.000 +0.000]
Dual variables:           [-1.548 +1.267]

Optimal objective:       +4.82293484e-03
===========================================================================

Method:                  II-QIPM
LO_Precision:            1.00e-01
Stop_Precision:          1.00e-03
LO_Verbosity:            2
Omega:                   1.00e+01

The Quantum Inexact Infeasible Interior-Point Method starts running ...


                  Objective                Residual                                Linear system           Step-length
Iter      Primal           Dual         Primal    Dual     Compl    ||Resl||  Cond-Num  ||M||   ||RHS||    a-star   a-hat      Time
   0   2.73678092e+01 -4.39468829e-01  9.83e-01 2.15e+01  3.32e+03 *1.99e-15  4.00e+00 1.00e+00 6.70e+00  9.13e-01 8.48e-01      0s
   1   1.38334510e+01  2.05525467e-02  1.03e+00 1.09e+00  1.98e+02  1.09e+00  4.30e+00 8.47e+00 5.51e+01  9.68e-01 9.49e-01      1s
   2   6.49316812e+00  2.05525467e-02  5.59e+00 9.53e-01  1.75e+02  3.73e+01  3.98e+00 1.66e+02 3.73e+01  5.42e-01 1.29e-01      1s
   3   3.59676530e+00  2.05525467e-02  7.58e+00 9.11e-01  1.68e+02  5.14e+01  3.91e+00 2.06e+02 5.14e+01  4.74e-01 4.35e-02      1s
   4   9.08526600e-01  2.05525467e-02  9.46e+00 8.77e-01  1.62e+02  5.74e+01  3.88e+00 2.22e+02 5.74e+01  4.50e-01 3.79e-02      1s
   5  -1.61955768e+00  2.05525467e-02  1.13e+01 8.47e-01  1.57e+02  6.34e+01  3.85e+00 2.39e+02 6.34e+01  4.29e-01 3.35e-02      2s
   6  -4.01132719e+00  2.05525467e-02  1.30e+01 8.22e-01  1.53e+02  6.93e+01  3.81e+00 2.55e+02 6.93e+01  4.09e-01 2.98e-02      2s
   7  -6.28514818e+00  2.05525467e-02  1.47e+01 8.00e-01  1.49e+02  7.52e+01  3.78e+00 2.71e+02 7.52e+01  3.91e-01 2.68e-02      2s
   8  -8.45499868e+00  2.05525467e-02  1.63e+01 7.81e-01  1.46e+02  8.10e+01  3.75e+00 2.87e+02 8.10e+01  3.74e-01 2.41e-02      3s
   9  -1.05312535e+01  2.05525467e-02  1.78e+01 7.64e-01  1.43e+02  8.68e+01  3.71e+00 3.03e+02 8.68e+01  3.59e-01 2.19e-02      3s
  10  -1.25212721e+01  2.05525467e-02  1.93e+01 7.48e-01  1.40e+02  9.26e+01  3.68e+00 3.19e+02 9.26e+01  3.44e-01 1.99e-02      3s
  11  -1.44375125e+01  2.05525467e-02  2.07e+01 7.35e-01  1.38e+02  9.84e+01  3.65e+00 3.35e+02 9.84e+01  3.31e-01 1.82e-02      4s
  12  -1.62857724e+01  2.05525467e-02  2.21e+01 7.22e-01  1.36e+02  1.04e+02  3.62e+00 3.51e+02 1.04e+02  3.19e-01 1.67e-02      4s
  13  -1.80696277e+01  2.05525467e-02  2.35e+01 7.11e-01  1.34e+02  1.10e+02  3.59e+00 3.67e+02 1.10e+02  3.07e-01 1.54e-02      5s
  14  -1.97958852e+01  2.05525467e-02  2.48e+01 7.01e-01  1.32e+02  1.16e+02  3.56e+00 3.82e+02 1.16e+02  2.96e-01 1.42e-02      5s
  15  -2.14708620e+01  2.05525467e-02  2.61e+01 6.92e-01  1.31e+02  1.21e+02  3.53e+00 3.98e+02 1.21e+02  2.86e-01 1.32e-02      6s
  16  -2.30955682e+01  2.05525467e-02  2.73e+01 6.83e-01  1.29e+02  1.27e+02  3.50e+00 4.14e+02 1.27e+02  2.76e-01 1.23e-02      6s
  17  -2.46757447e+01  2.05525467e-02  2.85e+01 6.76e-01  1.28e+02  1.33e+02  3.47e+00 4.29e+02 1.33e+02  2.67e-01 1.14e-02      6s
  18  -2.62136971e+01  2.05525467e-02  2.97e+01 6.68e-01  1.27e+02  1.38e+02  3.44e+00 4.45e+02 1.38e+02  2.59e-01 1.07e-02      7s
  19  -2.77116241e+01  2.05525467e-02  3.08e+01 6.62e-01  1.26e+02  1.44e+02  3.41e+00 4.61e+02 1.44e+02  2.51e-01 9.99e-03      7s
  20  -2.91730865e+01  2.05525467e-02  3.19e+01 6.56e-01  1.24e+02  1.49e+02  3.39e+00 4.76e+02 1.49e+02  2.43e-01 9.38e-03      8s
  21  -3.06000325e+01  2.05525467e-02  3.30e+01 6.50e-01  1.23e+02  1.55e+02  3.36e+00 4.92e+02 1.55e+02  2.36e-01 8.81e-03      8s
  22  -3.19957245e+01  2.05525467e-02  3.41e+01 6.44e-01  1.23e+02  1.61e+02  3.33e+00 5.07e+02 1.61e+02  2.29e-01 8.31e-03      8s
  23  -3.33591718e+01  2.05525467e-02  3.51e+01 6.39e-01  1.22e+02  1.66e+02  3.31e+00 5.23e+02 1.66e+02  2.23e-01 7.83e-03      9s
  24  -3.46961520e+01  2.05525467e-02  3.61e+01 6.35e-01  1.21e+02  1.72e+02  3.28e+00 5.38e+02 1.72e+02  2.17e-01 7.41e-03      9s
  25  -3.60042990e+01  2.05525467e-02  3.71e+01 6.30e-01  1.20e+02  1.78e+02  3.25e+00 5.53e+02 1.78e+02  2.11e-01 7.00e-03     10s
  26  -3.72878152e+01  2.05525467e-02  3.81e+01 6.26e-01  1.19e+02  1.83e+02  3.23e+00 5.68e+02 1.83e+02  2.05e-01 6.64e-03     10s
  27  -3.85469339e+01  2.05525467e-02  3.90e+01 6.22e-01  1.19e+02  1.89e+02  3.20e+00 5.84e+02 1.89e+02  2.00e-01 6.30e-03     10s
  28  -3.97831337e+01  2.05525467e-02  4.00e+01 6.18e-01  1.18e+02  1.94e+02  3.18e+00 5.99e+02 1.94e+02  1.95e-01 5.99e-03     11s
  29  -4.09978419e+01  2.05525467e-02  4.09e+01 6.15e-01  1.17e+02  2.00e+02  3.15e+00 6.14e+02 2.00e+02  1.90e-01 5.71e-03     11s
  30  -4.21912434e+01  2.05525467e-02  4.18e+01 6.11e-01  1.17e+02  2.06e+02  3.13e+00 6.29e+02 2.06e+02  1.86e-01 5.43e-03     12s
  31  -4.33647044e+01  2.05525467e-02  4.26e+01 6.08e-01  1.16e+02  2.11e+02  3.11e+00 6.44e+02 2.11e+02  1.81e-01 5.18e-03     12s
  32  -4.45207023e+01  2.05525467e-02  4.35e+01 6.05e-01  1.16e+02  2.17e+02  3.08e+00 6.59e+02 2.17e+02  1.77e-01 4.96e-03     13s
  33  -4.56570737e+01  2.05525467e-02  4.44e+01 6.02e-01  1.15e+02  2.22e+02  3.06e+00 6.75e+02 2.22e+02  1.73e-01 4.73e-03     13s
  34  -4.67773561e+01  2.05525467e-02  4.52e+01 6.00e-01  1.15e+02  2.28e+02  3.04e+00 6.90e+02 2.28e+02  1.69e-01 4.53e-03     14s
  35  -4.78805440e+01  2.05525467e-02  4.60e+01 5.97e-01  1.14e+02  2.34e+02  3.01e+00 7.05e+02 2.34e+02  1.65e-01 4.34e-03     14s
  36  -3.37919520e+01  1.45118153e-02  3.27e+01 4.25e-01  8.37e+01 *4.26e-01  2.99e+00 7.19e+02 2.39e+02  7.82e-01 2.89e-01     14s
  37  -3.55499104e+01  1.45118153e-02  3.41e+01 4.20e-01  8.28e+01  1.46e+02  3.38e+00 7.41e+02 1.46e+02  2.57e-01 1.18e-02     15s
  38  -3.72194054e+01  1.45118153e-02  3.53e+01 4.15e-01  8.20e+01  1.53e+02  3.34e+00 7.69e+02 1.53e+02  2.48e-01 1.07e-02     15s
  39  -3.88504177e+01  1.45118153e-02  3.66e+01 4.11e-01  8.13e+01  1.59e+02  3.31e+00 7.96e+02 1.59e+02  2.40e-01 9.99e-03     16s
  40  -4.04463893e+01  1.45118153e-02  3.78e+01 4.07e-01  8.06e+01  1.65e+02  3.28e+00 8.23e+02 1.65e+02  2.32e-01 9.38e-03     16s
  41  -4.20075019e+01  1.45118153e-02  3.89e+01 4.04e-01  8.00e+01  1.71e+02  3.25e+00 8.50e+02 1.71e+02  2.25e-01 8.80e-03     16s
  42  -4.35385693e+01  1.45118153e-02  4.01e+01 4.00e-01  7.94e+01  1.78e+02  3.22e+00 8.76e+02 1.78e+02  2.18e-01 8.30e-03     17s
  43  -4.50397000e+01  1.45118153e-02  4.12e+01 3.97e-01  7.88e+01  1.84e+02  3.18e+00 9.03e+02 1.84e+02  2.12e-01 7.83e-03     17s
  44  -4.65125096e+01  1.45118153e-02  4.23e+01 3.94e-01  7.83e+01  1.90e+02  3.15e+00 9.30e+02 1.90e+02  2.05e-01 7.40e-03     18s
  45  -4.79585725e+01  1.45118153e-02  4.34e+01 3.91e-01  7.78e+01  1.96e+02  3.12e+00 9.56e+02 1.96e+02  1.99e-01 7.00e-03     18s
  46  -4.93808451e+01  1.45118153e-02  4.45e+01 3.89e-01  7.73e+01  2.02e+02  3.09e+00 9.83e+02 2.02e+02  1.94e-01 6.64e-03     19s
  47  -5.07779876e+01  1.45118153e-02  4.55e+01 3.86e-01  7.69e+01  2.09e+02  3.06e+00 1.01e+03 2.09e+02  1.88e-01 6.29e-03     19s
  48  -5.21528698e+01  1.45118153e-02  4.65e+01 3.84e-01  7.65e+01  2.15e+02  3.03e+00 1.04e+03 2.15e+02  1.83e-01 5.98e-03     19s
  49  -5.35069132e+01  1.45118153e-02  4.75e+01 3.82e-01  7.61e+01  2.21e+02  3.01e+00 1.06e+03 2.21e+02  1.78e-01 5.70e-03     20s
  50  -3.13369199e+01  9.18023697e-03  2.83e+01 2.28e-01  4.72e+01 *8.43e-01  2.98e+00 1.09e+03 2.27e+02  7.77e-01 4.04e-01     20s
  51  -3.33029541e+01  9.18023697e-03  2.98e+01 2.24e-01  4.64e+01  1.08e+02  3.60e+00 1.21e+03 1.08e+02  3.47e-01 1.87e-02     20s
  52  -3.51104166e+01  9.18023697e-03  3.12e+01 2.20e-01  4.57e+01  1.14e+02  3.56e+00 1.26e+03 1.14e+02  3.34e-01 1.63e-02     21s
  53  -3.68562071e+01  9.18023697e-03  3.25e+01 2.17e-01  4.51e+01  1.19e+02  3.53e+00 1.31e+03 1.19e+02  3.23e-01 1.50e-02     21s
  54  -3.85443685e+01  9.18023697e-03  3.38e+01 2.14e-01  4.45e+01  1.24e+02  3.49e+00 1.36e+03 1.24e+02  3.13e-01 1.39e-02     21s
  55  -4.01804455e+01  9.18023697e-03  3.50e+01 2.11e-01  4.40e+01  1.29e+02  3.46e+00 1.40e+03 1.29e+02  3.03e-01 1.29e-02     21s
  56  -4.17649500e+01  9.18023697e-03  3.62e+01 2.08e-01  4.35e+01  1.34e+02  3.43e+00 1.45e+03 1.34e+02  2.94e-01 1.20e-02     22s
  57  -4.33031236e+01  9.18023697e-03  3.74e+01 2.06e-01  4.31e+01  1.39e+02  3.40e+00 1.50e+03 1.39e+02  2.85e-01 1.12e-02     22s
  58  -4.47984457e+01  9.18023697e-03  3.85e+01 2.04e-01  4.27e+01  1.44e+02  3.37e+00 1.54e+03 1.44e+02  2.77e-01 1.05e-02     22s
  59  -4.62513446e+01  9.18023697e-03  3.96e+01 2.02e-01  4.23e+01  1.49e+02  3.34e+00 1.59e+03 1.49e+02  2.70e-01 9.80e-03     23s
  60  -4.76651496e+01  9.18023697e-03  4.06e+01 2.00e-01  4.19e+01  1.54e+02  3.31e+00 1.63e+03 1.54e+02  2.62e-01 9.20e-03     23s
  61  -4.90416681e+01  9.18023697e-03  4.17e+01 1.98e-01  4.16e+01  1.59e+02  3.28e+00 1.68e+03 1.59e+02  2.56e-01 8.65e-03     23s
  62  -5.03840060e+01  9.18023697e-03  4.26e+01 1.97e-01  4.13e+01  1.63e+02  3.25e+00 1.72e+03 1.63e+02  2.49e-01 8.16e-03     24s
  63  -5.16925135e+01  9.18023697e-03  4.36e+01 1.95e-01  4.10e+01  1.68e+02  3.22e+00 1.76e+03 1.68e+02  2.43e-01 7.70e-03     24s
  64  -5.29688597e+01  9.18023697e-03  4.45e+01 1.94e-01  4.08e+01  1.72e+02  3.19e+00 1.80e+03 1.72e+02  2.37e-01 7.27e-03     24s
  65  -5.42171597e+01  9.18023697e-03  4.55e+01 1.92e-01  4.05e+01  1.77e+02  3.17e+00 1.84e+03 1.77e+02  2.31e-01 6.90e-03     24s
  66  -5.54352259e+01  9.18023697e-03  4.63e+01 1.91e-01  4.03e+01  1.81e+02  3.14e+00 1.88e+03 1.81e+02  2.26e-01 6.53e-03     25s
  67  -5.66258192e+01  9.18023697e-03  4.72e+01 1.90e-01  4.00e+01  1.86e+02  3.12e+00 1.92e+03 1.86e+02  2.21e-01 6.20e-03     25s
  68  -5.77915771e+01  9.18023697e-03  4.81e+01 1.89e-01  3.98e+01  1.90e+02  3.09e+00 1.96e+03 1.90e+02  2.16e-01 5.91e-03     25s
  69  -5.89315975e+01  9.18023697e-03  4.89e+01 1.88e-01  3.96e+01  1.95e+02  3.07e+00 2.00e+03 1.95e+02  2.11e-01 5.62e-03     26s
  70  -6.00484160e+01  9.18023697e-03  4.97e+01 1.87e-01  3.94e+01  1.99e+02  3.04e+00 2.04e+03 1.99e+02  2.07e-01 5.36e-03     26s
  71  -6.11422681e+01  9.18023697e-03  5.05e+01 1.86e-01  3.92e+01  2.03e+02  3.02e+00 2.08e+03 2.03e+02  2.03e-01 5.11e-03     26s
  72  -4.77029113e+01  7.80694712e-03  3.94e+01 1.45e-01  3.13e+01 *1.92e-01  2.99e+00 2.12e+03 2.07e+02  8.03e-01 2.19e-01     26s
  73  -4.92770938e+01  7.80694712e-03  4.06e+01 1.44e-01  3.10e+01  1.46e+02  3.31e+00 2.23e+03 1.46e+02  2.79e-01 1.08e-02     27s
  74  -5.07812441e+01  7.80694712e-03  4.17e+01 1.42e-01  3.08e+01  1.51e+02  3.28e+00 2.29e+03 1.51e+02  2.71e-01 9.92e-03     27s
  75  -5.22450493e+01  7.80694712e-03  4.27e+01 1.41e-01  3.05e+01  1.56e+02  3.24e+00 2.35e+03 1.56e+02  2.64e-01 9.31e-03     27s
  76  -5.36703299e+01  7.80694712e-03  4.38e+01 1.40e-01  3.03e+01  1.61e+02  3.21e+00 2.41e+03 1.61e+02  2.57e-01 8.76e-03     28s
  77  -5.50588698e+01  7.80694712e-03  4.48e+01 1.38e-01  3.00e+01  1.65e+02  3.18e+00 2.47e+03 1.65e+02  2.50e-01 8.25e-03     28s
  78  -5.64124122e+01  7.80694712e-03  4.57e+01 1.37e-01  2.98e+01  1.70e+02  3.15e+00 2.53e+03 1.70e+02  2.44e-01 7.78e-03     28s
  79  -5.77326564e+01  7.80694712e-03  4.67e+01 1.36e-01  2.96e+01  1.74e+02  3.13e+00 2.59e+03 1.74e+02  2.38e-01 7.35e-03     29s
  80  -5.90212556e+01  7.80694712e-03  4.76e+01 1.35e-01  2.94e+01  1.79e+02  3.10e+00 2.65e+03 1.79e+02  2.32e-01 6.96e-03     29s
  81  -6.02810755e+01  7.80694712e-03  4.85e+01 1.34e-01  2.93e+01  1.83e+02  3.07e+00 2.71e+03 1.83e+02  2.27e-01 6.60e-03     29s
  82  -6.15123929e+01  7.80694712e-03  4.94e+01 1.34e-01  2.91e+01  1.88e+02  3.04e+00 2.76e+03 1.88e+02  2.22e-01 6.27e-03     29s
  83  -6.27155138e+01  7.80694712e-03  5.02e+01 1.33e-01  2.89e+01  1.92e+02  3.02e+00 2.82e+03 1.92e+02  2.17e-01 5.96e-03     30s
  84  -4.72884641e+01  6.73423560e-03  3.80e+01 1.00e-01  2.24e+01 *3.18e-01  2.99e+00 2.87e+03 1.96e+02  8.21e-01 2.44e-01     30s
  85  -4.90868400e+01  6.73423560e-03  3.93e+01 9.91e-02  2.21e+01  1.33e+02  3.36e+00 3.10e+03 1.33e+02  3.10e-01 1.37e-02     30s
  86  -5.08124839e+01  6.73423560e-03  4.05e+01 9.78e-02  2.19e+01  1.38e+02  3.32e+00 3.20e+03 1.38e+02  3.00e-01 1.26e-02     31s
  87  -5.24885367e+01  6.73423560e-03  4.17e+01 9.67e-02  2.16e+01  1.43e+02  3.28e+00 3.30e+03 1.43e+02  2.91e-01 1.17e-02     31s
  88  -5.41136884e+01  6.73423560e-03  4.28e+01 9.56e-02  2.14e+01  1.47e+02  3.25e+00 3.39e+03 1.47e+02  2.83e-01 1.09e-02     31s
  89  -5.41243792e+01  6.73423560e-03  4.29e+01 9.56e-02  2.14e+01  1.52e+02  3.21e+00 3.49e+03 1.52e+02  2.75e-01 6.92e-05     32s

The solution quality is limited by the precision of the linear system solver.

The algorithm stopped after 90 iterations in 31.98 seconds.

Primal variables:   [+12.395 +16.951 +20.086 +30.125 +22.620 +12.533 +22.710 +18.150 +16.744
 +11.893 +18.465 +11.151 +20.782 +18.247 +12.766 +11.076 +18.476 +28.794
 +10.280 +22.924 +13.917 +10.616 +12.449 +14.957 +15.124 +17.830 +25.619
 +25.312 +14.024 +28.914 +11.109 +18.421 +11.086 +16.842 +21.525 +13.511
 +22.353 +15.742 +28.345 +13.215 +17.918 +14.525 +10.502 +11.152 +14.247
 +18.997 +10.476 +19.980 +13.860 +15.919 +0.614 +12.078 +10.505 +10.838
 +12.043 +30.715 +12.156 +12.421 +16.835 +16.018 +10.780 +13.975 +20.094
 +12.110 +29.716 +17.366 +23.100 +27.892 +29.548 +21.576 +11.637 +24.328
 +11.505 +22.600 +32.566 +13.483 +12.081 +23.650 +20.466 +12.988 +19.293
 +26.822 +23.284 +13.480 +12.288 +20.113 +15.250 +27.928 +20.202 +12.611
 +16.155 +10.738 +14.021 +17.769 +13.066 +12.809 +11.725 +14.811 +22.080
 +12.791 +11.364 +12.568 +13.936 +10.202 +21.188 +10.193 +18.487 +11.666
 +16.330 +19.585 +22.136 +14.954 +10.824 +19.474 +22.414 +23.761 +14.756
 +13.341 +11.608 +30.463 +9.915 +15.663 +19.865 +19.092 +10.883 +15.238
 +17.947 +15.571 +22.896 +14.760 +11.382 +24.309 +11.923 +14.062 +12.650
 +22.160 +14.118 +10.194 +13.446 +12.977 +12.092 +10.479 +12.320 +16.292
 +14.029 +11.772 +12.032 +13.269 +30.774 +19.978 +17.719 +21.400 +0.469
 +13.395 +17.416 +14.034 +24.663 +12.999 +15.657 +25.234 +14.280 +12.102
 +12.017 +13.913 +12.414 +16.031 +15.109 +12.401 +17.720 +11.567 +17.772
 +22.703 +20.215 +11.286 +11.867 +20.837 +16.276 +23.667 +26.625 +14.530
 +11.970 +12.461 +24.603 +15.455 +14.590 +25.493 +25.323 +17.118 +24.081
 +10.964 +12.704 +25.201 +13.082 +17.184 +18.746 +11.379 +17.161 +10.301
 +21.222 +18.147]
Dual slacks:        [+0.010 +0.005 +0.005 +0.002 +0.004 +0.010 +0.004 +0.005 +0.006 +0.011
 +0.005 +0.011 +0.004 +0.005 +0.008 +0.010 +0.005 +0.003 +0.012 +0.003
 +0.009 +0.011 +0.009 +0.006 +0.007 +0.006 +0.004 +0.003 +0.008 +0.002
 +0.010 +0.005 +0.010 +0.006 +0.004 +0.008 +0.004 +0.006 +0.002 +0.009
 +0.006 +0.006 +0.011 +0.011 +0.007 +0.005 +0.012 +0.004 +0.009 +0.007
 +1.229 +0.011 +0.011 +0.011 +0.009 +0.002 +0.009 +0.010 +0.005 +0.006
 +0.011 +0.008 +0.004 +0.011 +0.003 +0.006 +0.004 +0.003 +0.002 +0.004
 +0.010 +0.003 +0.010 +0.004 +0.002 +0.007 +0.010 +0.003 +0.004 +0.009
 +0.005 +0.003 +0.003 +0.007 +0.009 +0.005 +0.006 +0.003 +0.005 +0.008
 +0.006 +0.011 +0.008 +0.006 +0.008 +0.009 +0.011 +0.006 +0.004 +0.009
 +0.010 +0.008 +0.007 +0.012 +0.004 +0.011 +0.006 +0.011 +0.006 +0.005
 +0.004 +0.007 +0.011 +0.005 +0.004 +0.004 +0.007 +0.007 +0.009 +0.003
 +0.012 +0.006 +0.004 +0.005 +0.010 +0.006 +0.005 +0.006 +0.003 +0.007
 +0.011 +0.003 +0.009 +0.007 +0.010 +0.004 +0.008 +0.011 +0.009 +0.009
 +0.009 +0.011 +0.009 +0.006 +0.007 +0.010 +0.010 +0.007 +0.003 +0.004
 +0.006 +0.004 +1.585 +0.009 +0.005 +0.008 +0.004 +0.008 +0.007 +0.003
 +0.007 +0.010 +0.009 +0.007 +0.009 +0.006 +0.007 +0.010 +0.005 +0.010
 +0.005 +0.004 +0.005 +0.010 +0.010 +0.005 +0.006 +0.004 +0.003 +0.007
 +0.009 +0.009 +0.003 +0.007 +0.007 +0.003 +0.003 +0.006 +0.002 +0.011
 +0.009 +0.003 +0.009 +0.006 +0.005 +0.010 +0.005 +0.012 +0.004 +0.006]
Dual variables:     [-1.478 +1.242]

Primal objective:   -5.41243792e+01
Dual objective:     6.73423560e-03 

Primal residual:    4.29e+01
Dual residual:      9.56e-02
Complementraty:     2.14e+01

Number of Iter:     90
Run time:           31.98
