
--------------- Linear optimization problem characteristics ---------------
Seed:                    50
Number of variables:     50
Number of constraints:   2

Norm of primal sol:      2.00e+00
Norm of dual sol:        2.00e+00
Norm of dual slacks:     2.00e+00

Norm of vector b:        1.34e-01
Norm of vector c:        2.58e+00

Norm of matrix A:        1.00e+00
Condition number:        2.00e+00

----------------------- Linear optimization problem -----------------------
Coeff matrix A:          [[+0.048 -0.055 +0.021 -0.044 +0.045 -0.021 -0.020 +0.145 -0.107 -0.149
 -0.040 -0.009 +0.028 -0.146 -0.008 +0.182 -0.118 -0.104 +0.107 +0.079
 +0.052 -0.023 +0.058 +0.001 -0.098 -0.079 +0.126 -0.104 +0.121 +0.046
 -0.145 -0.037 -0.161 -0.079 -0.113 -0.083 +0.105 +0.114 -0.049 -0.044
 +0.003 +0.097 -0.081 -0.076 +0.005 +0.149 +0.054 -0.058 -0.063 -0.033]
                          [-0.085 -0.021 +0.051 +0.130 -0.198 +0.100 +0.115 -0.138 +0.221 +0.106
 +0.168 -0.102 -0.188 +0.119 +0.187 -0.236 +0.195 +0.117 +0.159 -0.110
 -0.145 -0.066 -0.104 -0.004 -0.126 +0.115 -0.175 +0.053 -0.015 -0.119
 +0.025 -0.005 +0.162 -0.176 +0.113 -0.081 +0.040 +0.028 -0.167 +0.099
 -0.065 -0.003 +0.118 -0.112 -0.102 -0.183 -0.154 +0.191 +0.205 -0.137]]

RHS vector b:            [-0.129 +0.035]
Obj vector c:            [-0.167 +0.075 +0.013 +0.204 -0.274 +0.135 +0.148 -0.389 +0.405 +0.365
 +0.235 -0.084 +0.300 +0.371 +0.198 -0.550 +0.398 +0.296 -0.030 -0.247
 -0.234 +1.903 -0.204 -0.007 +0.046 +0.251 -0.391 +0.233 -0.224 -0.197
 +0.277 +0.059 +0.440 -0.037 +0.308 +0.065 -0.143 -0.169 -0.081 +0.174
 -0.069 -0.171 +0.257 +0.021 -0.110 -0.440 -0.246 +0.290 +0.312 -0.079]

---------------------------- Optimal solution -----------------------------
Primal variables:         [+0.225 +0.104 +0.116 +0.180 +0.172 +0.453 +0.186 +0.351 +0.346 +0.141
 +0.158 +0.160 +0.000 +0.443 +0.414 +0.255 +0.143 +0.404 +0.307 +0.178
 +0.231 +0.000 +0.422 +0.260 +0.304 +0.024 +0.149 +0.026 +0.082 +0.421
 +0.427 +0.325 +0.333 +0.210 +0.424 +0.185 +0.311 +0.296 +0.272 +0.101
 +0.310 +0.399 +0.362 +0.197 +0.418 +0.356 +0.330 +0.057 +0.417 +0.176]
Dual slacks:              [+0.000 +0.000 +0.000 +0.000 +0.000 +0.000 +0.000 +0.000 +0.000 +0.000
 +0.000 +0.000 +0.535 +0.000 +0.000 +0.000 +0.000 +0.000 +0.000 +0.000
 +0.000 +1.927 +0.000 +0.000 +0.000 +0.000 +0.000 +0.000 +0.000 +0.000
 +0.000 +0.000 +0.000 +0.000 +0.000 +0.000 +0.000 +0.000 +0.000 +0.000
 +0.000 +0.000 +0.000 +0.000 +0.000 +0.000 +0.000 +0.000 +0.000 +0.000]
Dual variables:           [-1.738 +0.989]

Optimal objective:       +2.58992741e-01
===========================================================================

Method:                  II-QIPM
LO_Precision:            1.00e-01
Stop_Precision:          1.00e-03
LO_Verbosity:            2
Omega:                   1.00e+01

The Quantum Inexact Infeasible Interior-Point Method starts running ...


                  Objective                Residual                                Linear system           Step-length
Iter      Primal           Dual         Primal    Dual     Compl    ||Resl||  Cond-Num  ||M||   ||RHS||    a-star   a-hat      Time
   0   2.52499121e+01 -1.39625073e+00  2.39e+00 2.87e+01  2.17e+03  2.66e-15  4.00e+00 1.00e+00 6.06e+00  7.10e-01 5.91e-01      0s
   1   2.42601953e+01 -1.39625073e+00  1.90e+00 2.76e+01  2.10e+03  1.04e+01  3.54e+00 2.71e+00 1.04e+01  4.08e-01 3.85e-02      0s
   2   2.36545954e+01 -1.39625073e+00  1.60e+00 2.70e+01  2.05e+03  1.20e+01  3.42e+00 2.86e+00 1.20e+01  3.85e-01 2.22e-02      1s
   3   2.30823204e+01 -1.39625073e+00  1.31e+00 2.65e+01  2.02e+03  1.31e+01  3.34e+00 2.96e+00 1.31e+01  3.71e-01 2.03e-02      1s
   4   2.25409386e+01 -1.39625073e+00  1.03e+00 2.60e+01  1.98e+03  1.41e+01  3.27e+00 3.05e+00 1.41e+01  3.58e-01 1.86e-02      1s
   5   2.20276183e+01 -1.39625073e+00  7.65e-01 2.55e+01  1.95e+03  1.52e+01  3.19e+00 3.13e+00 1.52e+01  3.45e-01 1.71e-02      1s
   6   2.15402243e+01 -1.39625073e+00  5.23e-01 2.51e+01  1.92e+03  1.62e+01  3.12e+00 3.21e+00 1.62e+01  3.34e-01 1.58e-02      1s
   7   2.10772129e+01 -1.39625073e+00  3.25e-01 2.47e+01  1.90e+03  1.72e+01  3.05e+00 3.29e+00 1.72e+01  3.23e-01 1.46e-02      2s
   8   1.70398519e+01  2.66501196e-01  2.38e-02 8.65e-01  8.82e+01 *1.42e-02  2.98e+00 3.37e+00 1.83e+01  9.83e-01 9.65e-01      2s
   9   1.20375408e+01  2.66501196e-01  1.31e+00 5.89e-01  6.21e+01  4.06e+00  3.88e+00 9.38e+01 4.06e+00  8.16e-01 3.19e-01      2s
  10   9.93575204e+00  2.66501196e-01  2.41e+00 5.02e-01  5.38e+01  8.85e+00  3.78e+00 1.44e+02 8.85e+00  7.29e-01 1.46e-01      2s
  11   8.26122817e+00  2.66501196e-01  3.53e+00 4.44e-01  4.81e+01  1.20e+01  3.70e+00 1.72e+02 1.20e+01  6.83e-01 1.16e-01      2s
  12   6.86547427e+00  2.66501196e-01  4.63e+00 4.02e-01  4.39e+01  1.52e+01  3.62e+00 1.99e+02 1.52e+01  6.41e-01 9.42e-02      2s
  13   5.66822934e+00  2.66501196e-01  5.69e+00 3.71e-01  4.08e+01  1.83e+01  3.53e+00 2.25e+02 1.83e+01  6.04e-01 7.80e-02      2s
  14   4.61942852e+00  2.66501196e-01  6.72e+00 3.47e-01  3.84e+01  2.14e+01  3.45e+00 2.49e+02 2.14e+01  5.71e-01 6.57e-02      3s
  15   3.68779009e+00  2.66501196e-01  7.71e+00 3.27e-01  3.64e+01  2.44e+01  3.37e+00 2.72e+02 2.44e+01  5.40e-01 5.60e-02      3s
  16   2.84922125e+00  2.66501196e-01  8.66e+00 3.11e-01  3.48e+01  2.73e+01  3.29e+00 2.93e+02 2.73e+01  5.13e-01 4.84e-02      3s
  17   2.08819452e+00  2.66501196e-01  9.57e+00 2.98e-01  3.35e+01  3.02e+01  3.22e+00 3.14e+02 3.02e+01  4.88e-01 4.22e-02      3s
  18   1.39290709e+00  2.66501196e-01  1.04e+01 2.87e-01  3.24e+01  3.31e+01  3.15e+00 3.34e+02 3.31e+01  4.66e-01 3.71e-02      3s
  19   7.53610699e-01  2.66501196e-01  1.13e+01 2.78e-01  3.14e+01  3.59e+01  3.09e+00 3.53e+02 3.59e+01  4.45e-01 3.29e-02      4s
  20   1.62131703e-01  2.66501196e-01  1.21e+01 2.69e-01  3.06e+01  3.87e+01  3.03e+00 3.72e+02 3.87e+01  4.26e-01 2.94e-02      4s
  21   1.93415096e-01  2.56575510e-01  2.87e+00 6.41e-02  7.94e+00  1.35e-01  2.98e+00 3.90e+02 4.15e+01  8.18e-01 7.62e-01      4s
  22   2.62909772e-02  2.56575510e-01  2.09e+00 6.04e-02  7.53e+00  1.22e+01  3.63e+00 1.61e+03 1.22e+01  4.65e-01 5.72e-02      4s
  23  -7.19142006e-02  2.56575510e-01  1.66e+00 5.86e-02  7.32e+00  1.48e+01  3.50e+00 1.73e+03 1.48e+01  4.33e-01 2.99e-02      4s
  24  -1.66413684e-01  2.56575510e-01  1.30e+00 5.70e-02  7.15e+00  1.64e+01  3.42e+00 1.80e+03 1.64e+01  4.15e-01 2.68e-02      4s
  25  -2.57681013e-01  2.56575510e-01  1.05e+00 5.56e-02  6.99e+00  1.80e+01  3.34e+00 1.87e+03 1.80e+01  3.99e-01 2.43e-02      5s
  26  -3.45800778e-01  2.56575510e-01  9.61e-01 5.44e-02  6.85e+00  1.96e+01  3.26e+00 1.94e+03 1.96e+01  3.84e-01 2.20e-02      5s
  27  -4.31283020e-01  2.56575510e-01  1.06e+00 5.33e-02  6.73e+00  2.12e+01  3.18e+00 2.00e+03 2.12e+01  3.70e-01 2.02e-02      5s
  28  -5.14194075e-01  2.56575510e-01  1.29e+00 5.23e-02  6.61e+00  2.28e+01  3.11e+00 2.06e+03 2.28e+01  3.57e-01 1.85e-02      5s
  29  -5.94683276e-01  2.56575510e-01  1.58e+00 5.15e-02  6.51e+00  2.44e+01  3.04e+00 2.11e+03 2.44e+01  3.45e-01 1.70e-02      5s
  30   3.85020950e-01  2.59007691e-01  1.39e-01 5.49e-03  7.86e-01 *1.04e-01  2.97e+00 2.17e+03 2.60e+01  9.50e-01 8.93e-01      5s
  31  -3.95032492e-01  2.59007691e-01  1.16e+00 3.93e-03  5.79e-01  4.39e+00  3.97e+00 2.06e+04 4.39e+00  9.09e-01 2.84e-01      6s
  32  -3.95776298e-01  2.59007691e-01  1.16e+00 3.93e-03  5.79e-01  7.77e+00  3.95e+00 2.98e+04 7.77e+00  8.73e-01 1.49e-04      6s

The solution quality is limited by the precision of the linear system solver.

The algorithm stopped after 33 iterations in 6.08 seconds.

Primal variables:   [+17.999 +15.920 +17.946 +16.662 +17.380 +17.082 +17.212 +20.694 +15.643
 +14.472 +17.040 +16.616 +0.086 +14.562 +18.296 +21.343 +15.270 +15.306
 +24.818 +18.728 +17.893 +0.038 +18.200 +17.165 +13.359 +15.798 +19.777
 +15.172 +21.038 +17.847 +14.307 +16.328 +14.376 +12.023 +15.130 +14.932
 +21.167 +21.417 +14.458 +16.504 +17.014 +20.114 +15.766 +14.703 +16.950
 +20.483 +17.907 +16.693 +16.680 +15.737]
Dual slacks:        [+0.001 +0.001 +0.001 +0.001 +0.001 +0.001 +0.001 +0.001 +0.001 +0.001
 +0.001 +0.001 +0.535 +0.001 +0.001 +0.001 +0.001 +0.001 +0.001 +0.001
 +0.001 +1.928 +0.001 +0.001 +0.000 +0.001 +0.001 +0.001 +0.001 +0.001
 +0.001 +0.001 +0.001 +0.000 +0.001 +0.001 +0.001 +0.001 +0.001 +0.001
 +0.001 +0.001 +0.001 +0.001 +0.001 +0.001 +0.001 +0.001 +0.001 +0.001]
Dual variables:     [-1.738 +0.989]

Primal objective:   -3.95776298e-01
Dual objective:     2.59007691e-01 

Primal residual:    1.16e+00
Dual residual:      3.93e-03
Complementraty:     5.79e-01

Number of Iter:     33
Run time:           6.08
