
--------------- Linear optimization problem characteristics ---------------
Seed:                    46
Number of variables:     100
Number of constraints:   2

Norm of primal sol:      2.00e+00
Norm of dual sol:        2.00e+00
Norm of dual slacks:     2.00e+00

Norm of vector b:        2.23e-01
Norm of vector c:        2.16e+00

Norm of matrix A:        1.00e+00
Condition number:        2.00e+00

----------------------- Linear optimization problem -----------------------
Coeff matrix A:          [[-0.035 +0.068 +0.017 -0.094 -0.084 -0.045 +0.085 +0.067 +0.064 +0.039
 -0.004 -0.047 -0.085 +0.010 +0.032 +0.055 -0.060 -0.065 +0.034 +0.032
 -0.069 +0.002 +0.077 -0.095 -0.017 -0.001 +0.060 -0.046 +0.050 -0.056
 -0.069 +0.053 +0.013 +0.015 -0.092 +0.066 +0.040 +0.013 -0.033 +0.021
 -0.026 +0.050 -0.052 -0.006 +0.012 -0.078 +0.024 +0.021 -0.057 +0.045
 -0.089 +0.066 -0.007 +0.051 +0.021 -0.027 +0.048 -0.070 -0.013 -0.069
 -0.045 +0.036 -0.073 +0.065 +0.084 +0.035 +0.059 +0.012 -0.005 +0.009
 +0.048 -0.079 -0.011 +0.042 +0.070 +0.077 +0.027 -0.014 +0.026 +0.039
 -0.022 -0.051 -0.090 +0.049 -0.030 +0.088 -0.078 +0.002 +0.083 -0.062
 -0.028 +0.002 -0.036 +0.011 -0.012 -0.083 -0.001 -0.071 +0.046 +0.038]
                          [-0.145 +0.117 +0.012 -0.097 -0.063 +0.007 +0.090 -0.121 +0.141 -0.109
 +0.077 -0.151 +0.002 -0.133 +0.136 +0.070 -0.097 -0.031 -0.090 +0.121
 +0.088 -0.022 +0.106 -0.066 +0.147 -0.153 +0.155 -0.159 +0.022 -0.154
 +0.021 -0.068 -0.083 +0.014 -0.095 -0.125 -0.088 -0.083 +0.038 -0.118
 -0.157 -0.148 -0.128 +0.111 +0.039 -0.135 +0.096 +0.038 +0.093 -0.088
 -0.050 +0.085 -0.039 +0.144 -0.115 -0.103 +0.083 -0.100 -0.100 +0.139
 +0.097 +0.003 +0.014 -0.074 +0.051 -0.093 -0.045 +0.077 -0.142 -0.069
 -0.073 +0.024 -0.017 -0.091 +0.066 -0.061 -0.119 -0.087 +0.105 -0.034
 -0.140 +0.136 -0.167 +0.120 -0.118 +0.115 +0.136 -0.151 +0.145 -0.141
 +0.033 +0.034 -0.106 -0.065 -0.016 -0.025 +0.094 -0.000 +0.057 +0.043]]

RHS vector b:            [+0.060 -0.214]
Obj vector c:            [-0.069 -0.015 -0.019 +0.080 +0.091 +0.087 -0.069 -0.230 +0.015 -0.168
 +0.077 -0.052 +0.152 -0.139 +0.067 -0.035 +0.019 +0.087 -0.142 +0.053
 +0.202 -0.024 -0.041 +0.109 +0.164 -0.138 +0.034 -0.061 -0.070 -0.040
 +0.143 -0.157 -0.098 -0.015 +0.078 -0.231 -0.151 -0.100 +0.093 +1.853
 -0.097 -0.223 -0.023 +0.111 +0.014 +0.017 +0.044 -0.004 +0.186 -0.160
 +0.114 -0.040 -0.022 +0.041 -0.143 -0.045 -0.010 +0.034 -0.068 +0.249
 +0.169 -0.061 +0.142 -0.183 -0.104 -0.148 -0.146 +0.049 -0.119 -0.078
 -0.151 +0.162 +0.004 -0.157 -0.064 -0.192 -0.156 -0.054 +0.049 -0.101
 -0.087 +0.214 +0.009 +0.022 -0.054 -0.052 +0.263 -0.142 -0.016 -0.018
 +0.080 +0.027 -0.032 +0.026 +0.007 +0.126 +0.087 +0.127 -0.029 -0.029]

---------------------------- Optimal solution -----------------------------
Primal variables:         [+0.303 +0.246 +0.096 +0.293 +0.121 +0.363 +0.017 +0.171 +0.353 +0.176
 +0.197 +0.033 +0.165 +0.289 +0.336 +0.125 +0.040 +0.310 +0.153 +0.243
 +0.014 +0.116 +0.018 +0.144 +0.102 +0.383 +0.153 +0.119 +0.086 +0.191
 +0.022 +0.112 +0.091 +0.373 +0.238 +0.334 +0.035 +0.058 +0.260 +0.000
 +0.009 +0.351 +0.022 +0.292 +0.025 +0.099 +0.066 +0.076 +0.041 +0.202
 +0.002 +0.306 +0.054 +0.041 +0.166 +0.085 +0.324 +0.002 +0.057 +0.270
 +0.057 +0.337 +0.199 +0.164 +0.007 +0.191 +0.366 +0.134 +0.158 +0.321
 +0.276 +0.188 +0.090 +0.260 +0.224 +0.174 +0.223 +0.120 +0.252 +0.035
 +0.142 +0.221 +0.314 +0.181 +0.242 +0.216 +0.129 +0.053 +0.350 +0.089
 +0.082 +0.069 +0.254 +0.000 +0.035 +0.272 +0.281 +0.200 +0.255 +0.120]
Dual slacks:              [+0.000 +0.000 +0.000 +0.000 +0.000 +0.000 +0.000 +0.000 +0.000 +0.000
 +0.000 +0.000 +0.000 +0.000 +0.000 +0.000 +0.000 +0.000 +0.000 +0.000
 +0.000 +0.000 +0.000 +0.000 +0.000 +0.000 +0.000 +0.000 +0.000 +0.000
 +0.000 +0.000 +0.000 +0.000 +0.000 +0.000 +0.000 +0.000 +0.000 +1.997
 +0.000 +0.000 +0.000 +0.000 +0.000 +0.000 +0.000 +0.000 +0.000 +0.000
 +0.000 +0.000 +0.000 +0.000 +0.000 +0.000 +0.000 +0.000 +0.000 +0.000
 +0.000 +0.000 +0.000 +0.000 +0.000 +0.000 +0.000 +0.000 +0.000 +0.000
 +0.000 +0.000 +0.000 +0.000 +0.000 +0.000 +0.000 +0.000 +0.000 +0.000
 +0.000 +0.000 +0.000 +0.000 +0.000 +0.000 +0.000 +0.000 +0.000 +0.000
 +0.000 +0.000 +0.000 +0.104 +0.000 +0.000 +0.000 +0.000 +0.000 +0.000]
Dual variables:           [-1.782 +0.909]

Optimal objective:       -3.01209988e-01
===========================================================================

Method:                  II-QIPM
LO_Precision:            1.00e-01
Stop_Precision:          1.00e-03
LO_Verbosity:            2
Omega:                   1.00e+01

The Quantum Inexact Infeasible Interior-Point Method starts running ...


                  Objective                Residual                                Linear system           Step-length
Iter      Primal           Dual         Primal    Dual     Compl    ||Resl||  Cond-Num  ||M||   ||RHS||    a-star   a-hat      Time
   0   1.14961066e+01 -3.12786442e+00  5.86e+00 3.47e+01  3.71e+03  3.72e-15  4.00e+00 1.00e+00 1.90e+01  7.65e-01 6.53e-01      0s
   1   1.29509984e+01 -3.12786442e+00  3.59e+00 3.29e+01  3.53e+03  3.80e+01  3.85e+00 3.50e+00 3.80e+01  4.34e-01 5.17e-02      1s
   2   1.37944940e+01 -3.12786442e+00  2.33e+00 3.21e+01  3.45e+03  4.56e+01  3.87e+00 3.90e+00 4.56e+01  4.03e-01 2.56e-02      1s
   3   1.46223160e+01 -3.12786442e+00  1.12e+00 3.13e+01  3.38e+03  4.99e+01  3.88e+00 4.14e+00 4.99e+01  3.88e-01 2.31e-02      1s
   4   1.54378547e+01 -3.12786442e+00  6.21e-02 3.07e+01  3.32e+03  5.42e+01  3.89e+00 4.37e+00 5.42e+01  3.73e-01 2.11e-02      1s
   5   1.62400005e+01 -3.12786442e+00  1.17e+00 3.01e+01  3.26e+03  5.85e+01  3.90e+00 4.61e+00 5.85e+01  3.60e-01 1.92e-02      1s
   6   1.70295009e+01 -3.12786442e+00  2.26e+00 2.96e+01  3.21e+03  6.28e+01  3.91e+00 4.85e+00 6.28e+01  3.47e-01 1.77e-02      2s
   7   1.78065312e+01 -3.12786442e+00  3.31e+00 2.91e+01  3.16e+03  6.70e+01  3.92e+00 5.09e+00 6.70e+01  3.35e-01 1.62e-02      2s
   8   1.85722036e+01 -3.12786442e+00  4.33e+00 2.86e+01  3.12e+03  7.13e+01  3.93e+00 5.33e+00 7.13e+01  3.24e-01 1.50e-02      2s
   9   1.93262461e+01 -3.12786442e+00  5.32e+00 2.82e+01  3.08e+03  7.55e+01  3.95e+00 5.58e+00 7.55e+01  3.14e-01 1.39e-02      2s
  10   2.00699938e+01 -3.12786442e+00  6.28e+00 2.79e+01  3.04e+03  7.97e+01  3.96e+00 5.82e+00 7.97e+01  3.04e-01 1.29e-02      3s
  11   2.08033918e+01 -3.12786442e+00  7.21e+00 2.75e+01  3.01e+03  8.40e+01  3.97e+00 6.07e+00 8.40e+01  2.95e-01 1.20e-02      3s
  12   2.15264658e+01 -3.12786442e+00  8.12e+00 2.72e+01  2.98e+03  8.82e+01  3.98e+00 6.32e+00 8.82e+01  2.87e-01 1.12e-02      3s
  13   2.22407379e+01 -3.12786442e+00  9.00e+00 2.70e+01  2.95e+03  9.24e+01  3.99e+00 6.57e+00 9.24e+01  2.79e-01 1.05e-02      3s
  14   1.24177572e+01 -1.71939753e-01  9.16e-01 2.74e+00  3.36e+02 *7.13e-03  4.00e+00 6.83e+00 9.67e+01  9.36e-01 8.98e-01      4s
  15   2.00673719e+00 -3.07196180e-01  4.89e-02 1.25e-01  1.84e+01  3.20e-02  4.07e+00 4.55e+01 2.89e+01  9.70e-01 9.55e-01      4s
  16  -7.16605433e-01 -3.01042277e-01  3.39e-01 6.04e-03  1.11e+00 *3.55e-01  4.29e+00 1.23e+03 5.09e+01  9.75e-01 9.52e-01      4s
  17  -2.08651219e+00 -3.01042277e-01  2.05e+00 5.52e-03  1.03e+00  2.30e+01  3.97e+00 2.41e+04 2.30e+01  7.95e-01 8.54e-02      4s
  18  -2.08756833e+00 -3.01042277e-01  2.05e+00 5.52e-03  1.03e+00  2.74e+01  4.00e+00 2.69e+04 2.74e+01  7.76e-01 5.97e-05      5s

The solution quality is limited by the precision of the linear system solver.

The algorithm stopped after 19 iterations in 5.01 seconds.

Primal variables:   [+12.225 +17.481 +14.833 +13.119 +13.684 +14.989 +16.540 +12.309 +18.295
 +12.552 +16.641 +12.169 +15.044 +12.271 +18.321 +16.105 +13.014 +14.243
 +12.864 +17.823 +17.435 +14.176 +17.056 +13.670 +18.810 +12.023 +18.705
 +12.060 +14.923 +12.144 +15.448 +13.169 +13.034 +14.876 +13.157 +12.250
 +12.879 +13.026 +15.691 +0.046 +12.036 +11.974 +12.513 +17.755 +15.501
 +12.482 +17.041 +15.423 +17.538 +12.859 +13.963 +16.471 +13.881 +18.462
 +12.506 +12.828 +16.513 +12.999 +12.830 +18.819 +17.580 +14.559 +15.285
 +13.036 +15.481 +12.806 +13.559 +16.531 +12.192 +13.281 +13.103 +15.578
 +14.321 +12.822 +15.942 +13.225 +12.433 +13.045 +17.315 +13.815 +12.260
 +18.794 +12.052 +17.693 +12.594 +17.304 +18.831 +12.038 +18.320 +12.348
 +15.533 +15.424 +12.798 +1.352 +14.344 +14.453 +17.152 +14.938 +15.810
 +15.473]
Dual slacks:        [+0.000 +0.001 +0.001 +0.000 +0.001 +0.001 +0.001 +0.000 +0.001 +0.000
 +0.001 +0.000 +0.001 +0.000 +0.001 +0.001 +0.000 +0.001 +0.000 +0.001
 +0.001 +0.001 +0.001 +0.001 +0.001 +0.000 +0.001 +0.000 +0.001 +0.000
 +0.001 +0.001 +0.000 +0.001 +0.000 +0.000 +0.000 +0.000 +0.001 +1.998
 +0.000 +0.000 +0.000 +0.001 +0.001 +0.000 +0.001 +0.001 +0.001 +0.000
 +0.001 +0.001 +0.001 +0.001 +0.000 +0.000 +0.001 +0.000 +0.000 +0.001
 +0.001 +0.001 +0.001 +0.001 +0.001 +0.000 +0.001 +0.001 +0.000 +0.001
 +0.001 +0.001 +0.001 +0.000 +0.001 +0.001 +0.000 +0.000 +0.001 +0.001
 +0.000 +0.001 +0.000 +0.001 +0.000 +0.001 +0.001 +0.000 +0.001 +0.000
 +0.001 +0.001 +0.000 +0.105 +0.001 +0.001 +0.001 +0.001 +0.001 +0.001]
Dual variables:     [-1.782 +0.908]

Primal objective:   -2.08756833e+00
Dual objective:     -3.01042277e-01

Primal residual:    2.05e+00
Dual residual:      5.52e-03
Complementraty:     1.03e+00

Number of Iter:     19
Run time:           5.01
