
--------------- Linear optimization problem characteristics ---------------
Seed:                    86
Number of variables:     500
Number of constraints:   2

Norm of primal sol:      2.00e+00
Norm of dual sol:        2.00e+00
Norm of dual slacks:     2.00e+00

Norm of vector b:        9.65e-02
Norm of vector c:        2.59e+00

Norm of matrix A:        1.00e+00
Condition number:        2.00e+00

----------------------- Linear optimization problem -----------------------
Coeff matrix A:          [[-0.055 -0.002 +0.041 -0.004 -0.002 +0.042 +0.056 +0.014 -0.054 +0.048
 -0.042 -0.040 -0.048 +0.039 -0.015 -0.004 +0.043 -0.052 +0.027 +0.048
 +0.025 +0.025 -0.056 -0.061 -0.046 -0.025 -0.051 -0.061 +0.009 +0.038
 -0.017 +0.031 -0.025 +0.050 -0.013 -0.046 -0.059 -0.005 +0.008 -0.031
 -0.003 +0.013 -0.054 +0.058 -0.035 +0.031 -0.001 -0.066 +0.058 -0.008
 +0.040 +0.041 -0.009 +0.016 -0.008 +0.071 -0.016 -0.048 +0.015 -0.027
 +0.003 +0.026 +0.064 +0.024 +0.048 -0.036 -0.024 +0.011 +0.014 +0.004
 -0.044 -0.060 +0.053 -0.005 +0.021 -0.032 +0.001 +0.043 -0.046 -0.024
 +0.044 -0.003 +0.003 -0.024 +0.031 +0.022 -0.005 -0.030 +0.065 -0.013
 -0.030 +0.032 -0.022 -0.004 -0.024 +0.042 -0.060 +0.013 -0.032 -0.034
 +0.011 -0.072 -0.035 -0.043 +0.039 +0.004 -0.038 +0.040 -0.041 -0.051
 +0.021 +0.046 -0.054 +0.024 +0.018 -0.047 +0.049 -0.018 -0.007 -0.031
 -0.036 +0.041 -0.043 -0.040 -0.017 +0.040 -0.039 +0.007 -0.070 +0.029
 +0.045 +0.033 -0.056 +0.045 -0.045 +0.050 +0.041 -0.035 -0.010 -0.034
 -0.041 -0.010 +0.047 +0.006 -0.063 +0.044 -0.028 +0.073 +0.028 +0.054
 -0.014 +0.004 +0.066 -0.022 +0.001 -0.060 +0.042 -0.047 +0.034 +0.020
 +0.027 -0.053 +0.059 +0.031 +0.012 +0.005 +0.014 -0.033 -0.067 +0.051
 -0.027 -0.036 +0.009 +0.018 -0.057 +0.044 -0.011 +0.013 +0.013 -0.031
 -0.039 -0.028 -0.007 -0.003 -0.042 +0.044 -0.001 +0.027 -0.045 -0.015
 +0.042 +0.003 -0.001 -0.019 -0.014 +0.029 -0.050 +0.006 -0.047 +0.023
 +0.005 -0.045 +0.062 +0.036 -0.001 -0.006 -0.040 +0.015 +0.032 +0.031
 -0.020 +0.000 +0.027 +0.031 -0.053 -0.037 +0.030 -0.014 +0.010 +0.057
 -0.030 +0.021 -0.007 +0.051 -0.033 +0.055 +0.037 -0.024 -0.004 +0.016
 +0.034 -0.018 -0.026 +0.005 +0.011 +0.019 +0.040 -0.057 -0.039 -0.064
 +0.031 +0.004 +0.058 +0.000 -0.035 -0.025 +0.024 +0.023 -0.041 -0.030
 -0.024 +0.057 +0.070 +0.028 -0.020 +0.007 -0.013 +0.006 +0.023 +0.036
 +0.049 -0.028 +0.026 +0.024 +0.003 +0.030 -0.014 +0.036 +0.049 +0.020
 -0.059 -0.018 +0.068 -0.049 -0.059 +0.030 +0.007 -0.009 -0.019 +0.061
 -0.038 +0.012 +0.003 -0.022 +0.022 -0.017 +0.070 +0.001 +0.040 -0.004
 -0.031 -0.003 -0.052 -0.047 -0.030 -0.072 -0.012 -0.030 +0.065 -0.074
 -0.052 +0.017 +0.025 -0.003 -0.055 +0.025 -0.043 +0.060 +0.008 +0.057
 -0.018 -0.046 -0.016 -0.015 +0.022 -0.057 +0.012 +0.056 -0.013 +0.052
 +0.041 +0.030 -0.019 -0.017 -0.045 -0.064 -0.059 -0.041 +0.034 +0.040
 -0.044 +0.005 +0.049 -0.042 +0.017 +0.048 +0.043 -0.021 +0.004 -0.003
 -0.042 +0.013 -0.033 -0.077 +0.009 -0.050 -0.015 +0.001 +0.048 +0.056
 -0.059 -0.005 -0.009 -0.026 -0.013 +0.005 +0.016 +0.037 -0.041 +0.045
 +0.031 +0.021 -0.015 +0.041 +0.035 -0.022 +0.004 +0.032 -0.008 -0.006
 +0.039 +0.033 -0.017 -0.017 -0.042 +0.001 -0.028 +0.002 -0.035 -0.013
 -0.045 -0.057 -0.048 +0.061 -0.062 +0.003 +0.053 +0.017 -0.028 +0.026
 +0.051 -0.006 +0.056 +0.039 -0.051 +0.007 -0.060 -0.067 -0.037 +0.025
 +0.041 -0.052 -0.000 +0.005 +0.012 -0.064 +0.051 +0.041 +0.010 +0.010
 -0.037 -0.035 +0.035 -0.029 -0.022 +0.044 -0.026 +0.036 +0.027 -0.052
 -0.052 -0.055 +0.009 -0.041 +0.028 -0.058 +0.023 -0.039 +0.034 +0.050
 -0.057 +0.046 -0.009 -0.040 -0.040 -0.006 +0.027 +0.001 +0.031 -0.005
 +0.067 -0.002 +0.019 +0.034 -0.048 -0.049 -0.001 +0.022 +0.032 +0.010
 -0.057 +0.040 -0.030 +0.011 -0.014 +0.011 +0.072 +0.009 +0.038 +0.004
 +0.017 -0.021 -0.073 -0.024 -0.004 +0.014 +0.031 +0.057 -0.032 +0.062
 -0.011 -0.019 -0.020 +0.010 -0.020 +0.065 -0.003 -0.003 -0.052 +0.034
 +0.045 -0.035 +0.013 +0.010 +0.041 +0.066 -0.064 +0.037 +0.009 -0.033
 -0.003 -0.025 +0.024 -0.041 -0.002 +0.011 +0.040 -0.024 -0.010 +0.044]
                          [-0.012 -0.025 +0.006 +0.023 -0.041 +0.035 +0.058 +0.033 -0.007 +0.058
 -0.048 +0.010 -0.009 +0.029 -0.035 +0.000 +0.040 -0.065 -0.018 +0.012
 +0.033 +0.013 -0.010 -0.036 -0.053 -0.042 -0.060 -0.048 -0.024 +0.014
 +0.025 -0.009 +0.020 +0.041 -0.000 -0.058 -0.021 +0.031 -0.025 -0.050
 +0.031 +0.023 -0.029 +0.030 -0.060 +0.016 +0.014 -0.055 +0.022 +0.021
 -0.035 +0.062 -0.009 +0.031 -0.052 +0.057 -0.030 -0.062 -0.039 -0.005
 -0.042 -0.017 +0.060 +0.041 +0.006 -0.045 -0.050 -0.037 -0.008 -0.002
 -0.006 -0.042 +0.058 +0.030 -0.033 +0.031 +0.036 +0.052 -0.045 +0.012
 -0.021 +0.020 -0.013 +0.038 -0.005 -0.006 -0.032 +0.014 +0.066 +0.038
 -0.037 +0.041 +0.030 +0.006 +0.013 -0.003 -0.040 +0.025 +0.002 +0.036
 -0.022 -0.071 +0.037 +0.029 +0.011 -0.043 -0.055 -0.019 -0.013 -0.054
 +0.005 +0.052 -0.048 +0.023 -0.030 -0.026 -0.013 +0.025 -0.018 -0.022
 -0.056 -0.024 -0.036 -0.036 -0.021 +0.006 +0.001 +0.022 -0.056 +0.001
 +0.014 +0.036 -0.057 +0.004 -0.062 +0.012 -0.015 -0.006 +0.028 -0.016
 +0.002 +0.039 +0.008 -0.017 -0.049 +0.004 -0.002 +0.069 +0.004 +0.022
 -0.012 +0.009 +0.057 +0.032 +0.034 -0.056 -0.028 -0.058 -0.034 -0.027
 +0.046 -0.057 +0.068 +0.035 -0.045 +0.003 +0.049 -0.055 -0.060 +0.051
 -0.030 +0.028 +0.010 -0.004 -0.046 +0.043 -0.024 -0.024 +0.041 -0.033
 -0.028 +0.010 -0.007 -0.038 -0.004 +0.004 +0.034 -0.014 -0.020 +0.032
 +0.060 -0.019 -0.003 -0.041 +0.013 +0.058 -0.013 -0.032 -0.052 -0.027
 -0.030 +0.022 +0.029 -0.022 +0.041 +0.018 -0.008 -0.033 +0.042 +0.017
 +0.014 -0.005 +0.021 +0.059 -0.032 +0.034 -0.028 -0.035 +0.011 +0.012
 -0.056 +0.055 -0.015 +0.050 -0.043 +0.026 -0.015 -0.040 -0.018 -0.034
 +0.003 -0.020 +0.024 +0.051 -0.017 -0.013 -0.009 -0.061 -0.021 -0.050
 +0.020 +0.003 +0.044 -0.006 -0.014 -0.030 -0.040 -0.032 +0.001 -0.035
 +0.009 +0.049 +0.059 -0.024 -0.030 +0.043 +0.025 -0.019 +0.016 -0.005
 +0.031 -0.007 +0.037 +0.007 -0.039 +0.024 -0.008 +0.060 -0.006 +0.018
 -0.037 -0.025 +0.061 -0.015 -0.050 +0.021 +0.022 -0.040 +0.024 +0.037
 -0.054 +0.001 +0.026 -0.032 -0.034 +0.011 +0.051 +0.006 -0.013 +0.045
 -0.018 +0.029 -0.062 -0.018 -0.056 -0.057 -0.013 +0.010 +0.045 -0.073
 -0.011 +0.034 +0.052 -0.038 -0.006 +0.014 -0.010 +0.021 +0.012 +0.053
 -0.041 -0.022 -0.029 -0.002 +0.029 -0.066 -0.023 +0.017 -0.006 +0.066
 +0.047 +0.000 +0.026 +0.012 -0.026 -0.057 -0.022 -0.043 +0.005 +0.029
 +0.025 +0.021 +0.000 -0.025 +0.047 +0.026 +0.024 -0.056 -0.010 -0.019
 -0.011 -0.026 +0.030 -0.073 -0.025 +0.010 +0.000 +0.029 +0.004 +0.066
 -0.067 -0.018 +0.041 -0.051 +0.028 -0.014 -0.038 -0.019 -0.023 +0.009
 -0.024 -0.004 -0.006 -0.013 -0.024 -0.041 -0.028 +0.014 +0.026 +0.025
 +0.013 +0.058 +0.037 +0.035 +0.028 -0.028 -0.018 +0.039 -0.009 +0.021
 -0.026 -0.065 -0.060 +0.036 -0.055 -0.004 +0.020 +0.035 +0.026 -0.001
 -0.006 -0.046 +0.037 +0.000 -0.041 -0.035 -0.060 -0.042 -0.059 +0.035
 +0.063 -0.016 +0.010 +0.014 -0.044 -0.057 +0.055 +0.046 -0.029 +0.026
 -0.032 +0.022 -0.013 +0.037 -0.031 +0.048 -0.021 +0.016 -0.033 -0.014
 -0.010 -0.062 -0.044 -0.002 +0.005 -0.063 +0.017 +0.022 -0.002 +0.012
 -0.041 +0.035 -0.017 -0.002 +0.016 -0.027 -0.019 -0.032 +0.059 -0.020
 +0.052 +0.045 +0.032 +0.017 -0.031 -0.024 +0.031 +0.045 -0.001 +0.002
 -0.024 -0.013 -0.044 +0.032 -0.035 -0.031 +0.058 +0.004 -0.003 +0.034
 -0.021 -0.014 -0.066 -0.052 -0.017 +0.030 +0.060 +0.016 -0.037 +0.030
 -0.052 -0.034 +0.010 +0.048 +0.021 +0.042 -0.030 +0.042 -0.049 -0.005
 -0.008 -0.008 -0.001 -0.009 +0.037 +0.039 -0.060 +0.051 +0.004 -0.052
 -0.039 +0.027 +0.057 -0.001 +0.018 -0.015 -0.001 -0.032 +0.042 -0.002]]

RHS vector b:            [-0.036 -0.090]
Obj vector c:            [+0.112 +0.005 -0.083 +0.006 +0.007 -0.086 -0.115 -0.030 +0.109 -0.100
 +0.088 +0.080 +0.096 -0.080 +0.033 +0.008 -0.088 +0.108 -0.052 -0.096
 -0.053 -0.051 +0.112 +0.124 +0.096 +0.054 +0.106 +0.125 -0.016 -0.076
 +0.031 -0.062 +0.048 -0.103 +0.027 +0.096 +0.119 +0.007 -0.014 +0.065
 +0.005 -0.028 +0.110 -0.117 +0.074 -0.062 +0.002 +0.135 -0.117 +0.014
 -0.077 -0.086 +0.018 -0.035 +0.020 -0.146 +0.034 +0.100 -0.028 +0.054
 -0.004 -0.051 -0.131 -0.050 -0.095 +0.074 +0.052 -0.020 -0.027 -0.009
 +0.088 +0.122 -0.109 +0.008 -0.039 +0.061 -0.005 -0.091 +0.095 +0.048
 -0.087 +0.005 -0.005 +0.046 -0.062 -0.043 +0.012 +0.058 -0.134 +0.024
 +0.063 -0.068 +0.042 +0.008 +0.047 -0.083 +0.122 -0.027 +0.063 +0.065
 -0.021 +0.148 +0.068 +0.084 -0.079 -0.006 +0.080 -0.079 +0.082 +0.106
 -0.043 -0.096 +0.110 -0.050 -0.034 +0.095 -0.096 +0.034 +0.016 +0.064
 +0.075 -0.079 +0.088 +0.083 +0.035 -0.081 +0.077 -0.016 +0.144 -0.058
 -0.091 -0.069 +0.116 -0.091 +0.094 -0.101 -0.081 +0.071 +0.018 +0.069
 +0.081 +0.016 -0.094 -0.011 +0.128 -0.089 +0.057 -0.150 -0.056 -0.109
 +0.029 -0.008 -0.135 +0.042 -0.005 +0.124 -0.083 +0.098 -0.065 -0.039
 -0.057 +0.109 -0.122 -0.064 -0.020 -0.010 -0.030 +0.070 +0.138 -0.106
 +0.057 +0.070 -0.019 -0.036 +0.117 -0.091 +0.024 -0.025 -0.029 +0.064
 +0.080 +0.055 +0.015 +0.009 +0.085 -0.088 -0.001 -0.053 +0.090 +0.029
 -0.088 -0.004 +0.003 +0.041 +0.026 -0.063 +0.101 -0.009 +0.097 -0.044
 -0.009 +0.088 -0.126 -0.071 -0.000 +0.010 +0.081 +1.258 -0.067 -0.063
 +0.040 +0.000 -0.055 -0.067 +0.108 +0.071 -0.057 +0.030 -0.021 -0.114
 +0.063 -0.047 +0.015 -0.106 +0.068 -0.112 -0.072 +0.052 +0.009 -0.029
 -0.068 +0.037 +0.051 -0.014 -0.022 -0.036 -0.079 +0.119 +0.079 +0.131
 -0.064 -0.009 -0.118 +0.000 +0.072 +0.051 -0.045 -0.044 +0.082 +0.062
 +0.047 -0.118 -0.144 -0.055 +0.042 -0.016 +0.023 -0.012 -0.047 -0.072
 -0.099 +0.057 -0.055 -0.048 -0.003 -0.061 +0.029 -0.077 -0.097 -0.041
 +0.121 +0.039 -0.140 +0.099 +0.121 -0.061 -0.015 +0.020 +0.037 -0.124
 +0.079 -0.024 -0.008 +0.045 -0.042 +0.033 -0.143 -0.003 -0.079 +0.005
 +0.063 +0.004 +0.109 +0.095 +0.063 +0.148 +0.026 +0.059 -0.134 +0.154
 +0.105 -0.037 -0.053 +0.008 +0.110 -0.050 +0.087 -0.121 -0.017 -0.118
 +0.039 +0.094 +0.034 +0.030 -0.046 +0.119 -0.022 -0.114 +0.027 -0.109
 -0.086 -0.060 +0.037 +0.033 +0.092 +0.131 +0.120 +0.085 -0.068 -0.083
 +0.087 -0.011 -0.098 +0.085 -0.037 -0.097 -0.087 +0.046 -0.007 +0.008
 +0.086 -0.025 +0.064 +0.159 -0.015 +0.098 +0.029 -0.003 -0.096 -0.117
 +0.123 +0.012 +0.015 +0.056 +0.023 -0.009 -0.029 -0.073 +0.083 -0.090
 -0.060 -0.042 +0.030 -0.080 -0.069 +0.047 -0.007 -0.066 +0.015 +0.009
 -0.079 -0.070 +0.032 +0.031 +0.083 +0.001 +0.057 -0.008 +0.071 +0.024
 +0.091 +0.119 +0.101 -0.124 +0.128 -0.006 -0.107 -0.036 +0.054 -0.052
 -0.101 +0.015 -0.114 -0.078 +0.105 -0.012 +0.123 +0.137 +0.079 -0.052
 -0.086 +0.106 -0.000 -0.011 -0.020 +0.133 -0.106 -0.085 -0.019 -0.023
 +0.077 +0.069 -0.069 +0.055 +0.046 -0.092 +0.053 -0.073 -0.052 +0.106
 +0.105 +0.115 -0.016 +0.082 -0.056 +0.120 -0.047 +0.077 -0.068 -0.101
 +0.116 -0.095 +0.020 +0.080 +0.078 +0.014 -0.054 +0.000 -0.066 +0.011
 -0.136 +0.001 -0.041 -0.069 +0.099 +0.100 +0.001 -0.047 -0.064 -0.019
 +0.115 -0.080 +0.063 -0.025 +0.030 -0.019 -0.148 -0.019 -0.076 -0.010
 -0.033 +0.043 +0.150 +0.052 +1.541 -0.030 -0.067 -0.115 +0.066 -0.125
 +0.025 +0.041 +0.039 -0.022 +0.039 -0.132 +0.008 +0.003 +0.108 -0.067
 -0.090 +0.071 -0.025 -0.020 -0.084 -0.135 +0.133 -0.078 -0.018 +0.069
 +0.009 +0.049 -0.053 +0.081 +0.002 -0.021 -0.080 +0.049 +0.016 -0.088]

---------------------------- Optimal solution -----------------------------
Primal variables:         [+0.031 +0.032 +0.024 +0.117 +0.035 +0.103 +0.091 +0.065 +0.132 +0.075
 +0.039 +0.130 +0.124 +0.119 +0.127 +0.009 +0.047 +0.028 +0.061 +0.137
 +0.044 +0.105 +0.132 +0.043 +0.080 +0.089 +0.025 +0.114 +0.093 +0.008
 +0.053 +0.104 +0.031 +0.021 +0.068 +0.046 +0.154 +0.139 +0.118 +0.033
 +0.087 +0.113 +0.147 +0.076 +0.128 +0.047 +0.038 +0.074 +0.118 +0.122
 +0.100 +0.046 +0.131 +0.011 +0.051 +0.102 +0.034 +0.043 +0.098 +0.153
 +0.017 +0.024 +0.132 +0.010 +0.095 +0.052 +0.063 +0.127 +0.125 +0.078
 +0.154 +0.034 +0.138 +0.030 +0.032 +0.044 +0.119 +0.048 +0.042 +0.066
 +0.020 +0.067 +0.021 +0.011 +0.082 +0.056 +0.103 +0.061 +0.023 +0.059
 +0.113 +0.077 +0.135 +0.048 +0.099 +0.090 +0.153 +0.020 +0.006 +0.019
 +0.140 +0.010 +0.017 +0.015 +0.090 +0.110 +0.122 +0.101 +0.015 +0.105
 +0.148 +0.096 +0.076 +0.125 +0.053 +0.101 +0.138 +0.045 +0.139 +0.096
 +0.008 +0.007 +0.119 +0.079 +0.098 +0.136 +0.011 +0.059 +0.000 +0.142
 +0.107 +0.097 +0.126 +0.041 +0.057 +0.055 +0.131 +0.009 +0.148 +0.080
 +0.024 +0.109 +0.027 +0.118 +0.134 +0.112 +0.026 +0.121 +0.034 +0.035
 +0.094 +0.079 +0.065 +0.081 +0.146 +0.140 +0.044 +0.133 +0.064 +0.148
 +0.077 +0.078 +0.085 +0.115 +0.098 +0.032 +0.046 +0.125 +0.049 +0.097
 +0.103 +0.082 +0.065 +0.009 +0.038 +0.141 +0.029 +0.011 +0.135 +0.030
 +0.090 +0.061 +0.104 +0.139 +0.135 +0.075 +0.035 +0.055 +0.152 +0.076
 +0.124 +0.016 +0.050 +0.021 +0.137 +0.049 +0.153 +0.054 +0.054 +0.106
 +0.142 +0.004 +0.005 +0.013 +0.133 +0.008 +0.027 +0.000 +0.048 +0.046
 +0.047 +0.067 +0.151 +0.042 +0.118 +0.051 +0.079 +0.049 +0.000 +0.128
 +0.110 +0.099 +0.114 +0.050 +0.050 +0.104 +0.133 +0.047 +0.041 +0.064
 +0.150 +0.068 +0.093 +0.119 +0.125 +0.062 +0.052 +0.078 +0.097 +0.120
 +0.099 +0.047 +0.139 +0.106 +0.052 +0.005 +0.109 +0.076 +0.068 +0.117
 +0.032 +0.154 +0.013 +0.103 +0.044 +0.099 +0.101 +0.086 +0.136 +0.040
 +0.045 +0.094 +0.005 +0.091 +0.080 +0.076 +0.141 +0.017 +0.012 +0.010
 +0.095 +0.126 +0.057 +0.007 +0.149 +0.006 +0.074 +0.099 +0.024 +0.068
 +0.079 +0.118 +0.103 +0.007 +0.018 +0.068 +0.119 +0.147 +0.122 +0.023
 +0.137 +0.045 +0.035 +0.154 +0.031 +0.103 +0.142 +0.149 +0.132 +0.136
 +0.076 +0.115 +0.041 +0.051 +0.005 +0.152 +0.001 +0.145 +0.026 +0.047
 +0.087 +0.062 +0.089 +0.144 +0.113 +0.084 +0.025 +0.004 +0.014 +0.046
 +0.145 +0.080 +0.002 +0.146 +0.046 +0.052 +0.135 +0.154 +0.109 +0.018
 +0.110 +0.028 +0.032 +0.025 +0.098 +0.073 +0.147 +0.148 +0.083 +0.099
 +0.063 +0.040 +0.114 +0.024 +0.113 +0.066 +0.001 +0.077 +0.143 +0.141
 +0.052 +0.003 +0.008 +0.114 +0.006 +0.139 +0.096 +0.039 +0.055 +0.075
 +0.044 +0.007 +0.001 +0.023 +0.020 +0.079 +0.136 +0.135 +0.024 +0.094
 +0.017 +0.068 +0.144 +0.069 +0.138 +0.084 +0.127 +0.092 +0.057 +0.087
 +0.112 +0.146 +0.099 +0.108 +0.137 +0.034 +0.126 +0.037 +0.047 +0.123
 +0.141 +0.009 +0.032 +0.136 +0.079 +0.111 +0.085 +0.050 +0.095 +0.056
 +0.086 +0.036 +0.074 +0.146 +0.083 +0.066 +0.057 +0.124 +0.044 +0.146
 +0.146 +0.087 +0.001 +0.154 +0.024 +0.084 +0.068 +0.124 +0.078 +0.042
 +0.070 +0.013 +0.041 +0.037 +0.049 +0.010 +0.119 +0.096 +0.031 +0.110
 +0.098 +0.060 +0.135 +0.102 +0.041 +0.039 +0.069 +0.139 +0.061 +0.142
 +0.068 +0.131 +0.066 +0.095 +0.028 +0.041 +0.110 +0.023 +0.078 +0.053
 +0.013 +0.044 +0.084 +0.088 +0.068 +0.116 +0.019 +0.135 +0.040 +0.152
 +0.064 +0.006 +0.119 +0.135 +0.000 +0.014 +0.111 +0.141 +0.088 +0.088
 +0.090 +0.121 +0.039 +0.112 +0.068 +0.019 +0.109 +0.119 +0.078 +0.055
 +0.060 +0.027 +0.110 +0.064 +0.012 +0.007 +0.141 +0.078 +0.085 +0.073
 +0.060 +0.139 +0.121 +0.134 +0.026 +0.053 +0.146 +0.144 +0.135 +0.003]
Dual slacks:              [+0.000 +0.000 +0.000 +0.000 +0.000 +0.000 +0.000 +0.000 +0.000 +0.000
 +0.000 +0.000 +0.000 +0.000 +0.000 +0.000 +0.000 +0.000 +0.000 +0.000
 +0.000 +0.000 +0.000 +0.000 +0.000 +0.000 +0.000 +0.000 +0.000 +0.000
 +0.000 +0.000 +0.000 +0.000 +0.000 +0.000 +0.000 +0.000 +0.000 +0.000
 +0.000 +0.000 +0.000 +0.000 +0.000 +0.000 +0.000 +0.000 +0.000 +0.000
 +0.000 +0.000 +0.000 +0.000 +0.000 +0.000 +0.000 +0.000 +0.000 +0.000
 +0.000 +0.000 +0.000 +0.000 +0.000 +0.000 +0.000 +0.000 +0.000 +0.000
 +0.000 +0.000 +0.000 +0.000 +0.000 +0.000 +0.000 +0.000 +0.000 +0.000
 +0.000 +0.000 +0.000 +0.000 +0.000 +0.000 +0.000 +0.000 +0.000 +0.000
 +0.000 +0.000 +0.000 +0.000 +0.000 +0.000 +0.000 +0.000 +0.000 +0.000
 +0.000 +0.000 +0.000 +0.000 +0.000 +0.000 +0.000 +0.000 +0.000 +0.000
 +0.000 +0.000 +0.000 +0.000 +0.000 +0.000 +0.000 +0.000 +0.000 +0.000
 +0.000 +0.000 +0.000 +0.000 +0.000 +0.000 +0.000 +0.000 +0.000 +0.000
 +0.000 +0.000 +0.000 +0.000 +0.000 +0.000 +0.000 +0.000 +0.000 +0.000
 +0.000 +0.000 +0.000 +0.000 +0.000 +0.000 +0.000 +0.000 +0.000 +0.000
 +0.000 +0.000 +0.000 +0.000 +0.000 +0.000 +0.000 +0.000 +0.000 +0.000
 +0.000 +0.000 +0.000 +0.000 +0.000 +0.000 +0.000 +0.000 +0.000 +0.000
 +0.000 +0.000 +0.000 +0.000 +0.000 +0.000 +0.000 +0.000 +0.000 +0.000
 +0.000 +0.000 +0.000 +0.000 +0.000 +0.000 +0.000 +0.000 +0.000 +0.000
 +0.000 +0.000 +0.000 +0.000 +0.000 +0.000 +0.000 +0.000 +0.000 +0.000
 +0.000 +0.000 +0.000 +0.000 +0.000 +0.000 +0.000 +1.287 +0.000 +0.000
 +0.000 +0.000 +0.000 +0.000 +0.000 +0.000 +0.000 +0.000 +0.000 +0.000
 +0.000 +0.000 +0.000 +0.000 +0.000 +0.000 +0.000 +0.000 +0.000 +0.000
 +0.000 +0.000 +0.000 +0.000 +0.000 +0.000 +0.000 +0.000 +0.000 +0.000
 +0.000 +0.000 +0.000 +0.000 +0.000 +0.000 +0.000 +0.000 +0.000 +0.000
 +0.000 +0.000 +0.000 +0.000 +0.000 +0.000 +0.000 +0.000 +0.000 +0.000
 +0.000 +0.000 +0.000 +0.000 +0.000 +0.000 +0.000 +0.000 +0.000 +0.000
 +0.000 +0.000 +0.000 +0.000 +0.000 +0.000 +0.000 +0.000 +0.000 +0.000
 +0.000 +0.000 +0.000 +0.000 +0.000 +0.000 +0.000 +0.000 +0.000 +0.000
 +0.000 +0.000 +0.000 +0.000 +0.000 +0.000 +0.000 +0.000 +0.000 +0.000
 +0.000 +0.000 +0.000 +0.000 +0.000 +0.000 +0.000 +0.000 +0.000 +0.000
 +0.000 +0.000 +0.000 +0.000 +0.000 +0.000 +0.000 +0.000 +0.000 +0.000
 +0.000 +0.000 +0.000 +0.000 +0.000 +0.000 +0.000 +0.000 +0.000 +0.000
 +0.000 +0.000 +0.000 +0.000 +0.000 +0.000 +0.000 +0.000 +0.000 +0.000
 +0.000 +0.000 +0.000 +0.000 +0.000 +0.000 +0.000 +0.000 +0.000 +0.000
 +0.000 +0.000 +0.000 +0.000 +0.000 +0.000 +0.000 +0.000 +0.000 +0.000
 +0.000 +0.000 +0.000 +0.000 +0.000 +0.000 +0.000 +0.000 +0.000 +0.000
 +0.000 +0.000 +0.000 +0.000 +0.000 +0.000 +0.000 +0.000 +0.000 +0.000
 +0.000 +0.000 +0.000 +0.000 +0.000 +0.000 +0.000 +0.000 +0.000 +0.000
 +0.000 +0.000 +0.000 +0.000 +0.000 +0.000 +0.000 +0.000 +0.000 +0.000
 +0.000 +0.000 +0.000 +0.000 +0.000 +0.000 +0.000 +0.000 +0.000 +0.000
 +0.000 +0.000 +0.000 +0.000 +0.000 +0.000 +0.000 +0.000 +0.000 +0.000
 +0.000 +0.000 +0.000 +0.000 +0.000 +0.000 +0.000 +0.000 +0.000 +0.000
 +0.000 +0.000 +0.000 +0.000 +0.000 +0.000 +0.000 +0.000 +0.000 +0.000
 +0.000 +0.000 +0.000 +0.000 +0.000 +0.000 +0.000 +0.000 +0.000 +0.000
 +0.000 +0.000 +0.000 +0.000 +0.000 +0.000 +0.000 +0.000 +0.000 +0.000
 +0.000 +0.000 +0.000 +0.000 +1.531 +0.000 +0.000 +0.000 +0.000 +0.000
 +0.000 +0.000 +0.000 +0.000 +0.000 +0.000 +0.000 +0.000 +0.000 +0.000
 +0.000 +0.000 +0.000 +0.000 +0.000 +0.000 +0.000 +0.000 +0.000 +0.000
 +0.000 +0.000 +0.000 +0.000 +0.000 +0.000 +0.000 +0.000 +0.000 +0.000]
Dual variables:           [-1.999 -0.069]

Optimal objective:       +7.80900049e-02
===========================================================================

Method:                  II-QIPM
LO_Precision:            1.00e-01
Stop_Precision:          1.00e-03
LO_Verbosity:            2
Omega:                   1.00e+01

The Quantum Inexact Infeasible Interior-Point Method starts running ...


                  Objective                Residual                                Linear system           Step-length
Iter      Primal           Dual         Primal    Dual     Compl    ||Resl||  Cond-Num  ||M||   ||RHS||    a-star   a-hat      Time
   0   3.41619222e+01  0.00000000e+00  1.24e+01 6.58e+00  1.65e+03  1.24e+01  4.00e+00 1.00e+00 1.24e+01  9.85e-01 9.71e-01      0s
   1   2.02890218e+01  1.54553628e-02  7.10e+00 3.58e+00  9.39e+02 *9.28e-01  4.16e+00 4.09e+01 6.25e+01  8.97e-01 4.55e-01      1s
   2   3.26655138e+00  6.19921082e-02  1.60e+00 4.42e-01  1.27e+02 *9.85e-01  4.39e+00 8.12e+01 7.39e+01  9.38e-01 8.77e-01      1s
   3   3.31750799e+00  7.71855451e-02  1.59e+00 3.82e-02  1.21e+01 *1.84e+00  4.23e+00 7.49e+02 9.46e+01  9.72e-01 9.14e-01      1s
   4   5.28085209e+00  7.71855451e-02  3.77e+00 3.63e-02  1.16e+01  5.04e+01  3.48e+00 8.31e+03 5.04e+01  4.54e-01 4.84e-02      1s
   5   6.59064905e+00  7.71855451e-02  5.30e+00 3.53e-02  1.13e+01  5.76e+01  3.36e+00 8.84e+03 5.76e+01  4.26e-01 2.91e-02      2s
   6   7.85270646e+00  7.71855451e-02  6.78e+00 3.44e-02  1.10e+01  6.24e+01  3.28e+00 9.17e+03 6.24e+01  4.09e-01 2.62e-02      2s
   7   9.06750558e+00  7.71855451e-02  8.20e+00 3.36e-02  1.08e+01  6.72e+01  3.21e+00 9.48e+03 6.72e+01  3.93e-01 2.37e-02      3s
   8   1.02405461e+01  7.71855451e-02  9.56e+00 3.28e-02  1.06e+01  7.18e+01  3.14e+00 9.78e+03 7.18e+01  3.78e-01 2.15e-02      3s
   9   1.13749084e+01  7.71855451e-02  1.09e+01 3.22e-02  1.04e+01  7.64e+01  3.07e+00 1.01e+04 7.64e+01  3.65e-01 1.96e-02      3s
  10   1.24725673e+01  7.71855451e-02  1.21e+01 3.16e-02  1.02e+01  8.09e+01  3.00e+00 1.03e+04 8.09e+01  3.52e-01 1.80e-02      4s
  11   1.25838026e+00  7.81441681e-02  1.71e+00 4.44e-03  1.56e+00  3.67e-01  2.94e+00 1.06e+04 8.53e+01  9.06e-01 8.60e-01      4s
  12  -4.82042506e+00  7.81441681e-02  2.54e+00 3.97e-03  1.41e+00  3.39e+01  3.93e+00 7.83e+04 3.39e+01  6.01e-01 1.06e-01      4s
  13  -5.27802856e+00  7.81441681e-02  2.80e+00 3.94e-03  1.40e+00  4.36e+01  3.82e+00 8.91e+04 4.36e+01  5.54e-01 6.79e-03      5s
  14  -5.27829546e+00  7.81441681e-02  2.80e+00 3.94e-03  1.40e+00  4.43e+01  3.82e+00 8.98e+04 4.43e+01  5.51e-01 3.92e-06      8s

The solution quality is limited by the precision of the linear system solver.

The algorithm stopped after 15 iterations in 7.76 seconds.

Primal variables:   [+15.279 +14.652 +15.272 +16.212 +14.308 +16.452 +17.656 +16.574 +15.391
 +17.698 +14.338 +15.806 +15.347 +16.210 +14.488 +15.399 +16.715 +14.045
 +14.676 +15.451 +16.488 +15.652 +15.327 +14.700 +14.256 +14.388 +14.142
 +14.435 +14.631 +15.583 +16.314 +14.875 +16.154 +16.664 +15.451 +14.161
 +15.073 +16.560 +14.602 +14.253 +16.527 +16.112 +14.836 +16.095 +14.076
 +15.705 +15.864 +14.291 +15.738 +16.187 +14.305 +17.958 +15.152 +16.430
 +14.136 +17.514 +14.622 +14.091 +14.289 +15.389 +14.280 +14.698 +17.717
 +16.858 +15.251 +14.365 +14.232 +14.343 +15.020 +15.288 +15.429 +14.567
 +17.638 +16.504 +14.378 +16.083 +16.748 +17.338 +14.416 +15.894 +14.531
 +16.102 +14.943 +16.270 +15.000 +15.018 +14.508 +15.976 +18.159 +16.685
 +14.533 +16.822 +16.406 +15.604 +15.943 +14.996 +14.619 +16.204 +15.629
 +15.651 +14.661 +14.015 +15.386 +15.329 +15.458 +14.244 +14.177 +14.601
 +15.221 +14.247 +15.369 +17.316 +14.395 +16.039 +14.453 +14.886 +14.689
 +16.307 +14.871 +14.917 +14.147 +14.492 +14.628 +14.593 +14.847 +15.279
 +15.606 +16.124 +14.300 +15.193 +15.525 +16.572 +14.229 +15.202 +14.084
 +15.420 +14.688 +15.380 +16.429 +15.088 +15.615 +16.775 +15.302 +14.827
 +14.422 +15.190 +15.495 +18.355 +15.306 +15.767 +15.102 +15.641 +17.559
 +16.424 +16.650 +14.258 +14.407 +14.161 +14.322 +14.506 +17.134 +14.204
 +18.305 +16.515 +14.201 +15.434 +17.304 +14.154 +14.197 +17.236 +14.681
 +15.948 +15.662 +15.114 +14.449 +16.821 +14.746 +14.611 +16.906 +14.615
 +14.783 +15.853 +15.200 +14.369 +15.480 +15.188 +16.666 +14.790 +15.048
 +16.524 +17.825 +14.780 +15.280 +14.380 +15.905 +17.749 +15.254 +14.459
 +14.286 +14.498 +14.512 +15.651 +16.003 +14.547 +16.917 +16.036 +15.339
 +0.017 +16.852 +15.754 +15.977 +15.219 +15.940 +17.827 +14.775 +15.580
 +14.452 +14.499 +15.670 +15.369 +14.127 +17.619 +14.958 +17.201 +14.413
 +15.940 +14.697 +14.431 +14.850 +14.390 +15.246 +14.871 +16.231 +17.323
 +14.798 +14.864 +14.834 +14.135 +14.981 +14.395 +15.873 +15.437 +16.793
 +15.171 +15.146 +14.677 +14.247 +14.388 +15.597 +14.572 +15.816 +17.069
 +17.656 +14.529 +14.641 +17.010 +16.331 +14.770 +15.782 +14.975 +16.199
 +15.335 +16.656 +15.440 +14.331 +16.029 +15.194 +17.860 +14.854 +15.864
 +14.685 +14.753 +17.771 +15.181 +14.373 +15.923 +16.132 +14.366 +16.296
 +16.418 +14.204 +15.330 +16.321 +14.596 +14.364 +15.846 +17.130 +15.563
 +14.724 +17.013 +15.007 +16.465 +14.102 +15.114 +14.124 +14.297 +15.049
 +15.838 +16.828 +13.993 +15.303 +16.589 +17.473 +14.365 +15.400 +15.679
 +15.301 +15.691 +15.744 +17.327 +14.372 +14.980 +14.640 +15.391 +16.315
 +14.058 +14.645 +15.565 +15.267 +18.202 +17.087 +15.174 +16.338 +15.875
 +14.876 +14.262 +15.052 +14.455 +15.284 +16.176 +15.569 +16.087 +15.049
 +14.882 +17.219 +15.980 +15.930 +14.103 +15.026 +14.818 +15.263 +14.558
 +16.050 +13.990 +14.617 +15.673 +15.474 +16.437 +15.162 +18.194 +14.031
 +14.855 +16.828 +14.217 +16.425 +14.904 +14.305 +14.611 +14.929 +15.361
 +14.515 +15.088 +15.290 +14.729 +14.509 +14.402 +14.556 +15.637 +16.356
 +16.327 +15.554 +17.752 +16.585 +16.576 +15.482 +14.580 +15.007 +16.858
 +15.312 +16.188 +14.870 +14.072 +14.132 +16.378 +14.294 +15.232 +15.689
 +16.628 +16.232 +15.151 +14.844 +14.237 +16.437 +15.107 +14.542 +14.393
 +14.174 +14.605 +14.112 +16.587 +18.030 +15.186 +15.719 +15.835 +14.213
 +14.262 +17.491 +17.019 +14.503 +16.268 +14.686 +16.041 +14.758 +16.037
 +14.614 +17.132 +14.897 +15.666 +14.358 +15.232 +15.312 +14.113 +14.212
 +15.534 +15.321 +14.098 +15.829 +15.922 +15.068 +15.418 +14.567 +16.429
 +14.904 +15.520 +15.908 +14.624 +14.643 +14.483 +17.825 +14.794 +17.185
 +17.041 +16.475 +15.743 +14.773 +14.953 +16.518 +17.105 +15.104 +15.379
 +14.984 +14.727 +14.375 +16.543 +14.492 +14.465 +17.576 +15.447 +15.031
 +16.640 +14.661 +15.065 +14.105 +14.182 +0.015 +16.400 +17.870 +15.537
 +14.545 +16.085 +14.136 +14.536 +15.835 +17.230 +16.175 +16.665 +14.553
 +16.948 +14.367 +14.987 +14.833 +15.320 +15.252 +15.018 +16.531 +16.458
 +14.191 +17.332 +15.445 +14.226 +14.360 +16.296 +17.726 +15.561 +16.033
 +14.856 +15.056 +14.609 +16.841 +15.015]
Dual slacks:        [+0.000 +0.000 +0.000 +0.000 +0.000 +0.000 +0.000 +0.000 +0.000 +0.000
 +0.000 +0.000 +0.000 +0.000 +0.000 +0.000 +0.000 +0.000 +0.000 +0.000
 +0.000 +0.000 +0.000 +0.000 +0.000 +0.000 +0.000 +0.000 +0.000 +0.000
 +0.000 +0.000 +0.000 +0.000 +0.000 +0.000 +0.000 +0.000 +0.000 +0.000
 +0.000 +0.000 +0.000 +0.000 +0.000 +0.000 +0.000 +0.000 +0.000 +0.000
 +0.000 +0.000 +0.000 +0.000 +0.000 +0.000 +0.000 +0.000 +0.000 +0.000
 +0.000 +0.000 +0.000 +0.000 +0.000 +0.000 +0.000 +0.000 +0.000 +0.000
 +0.000 +0.000 +0.000 +0.000 +0.000 +0.000 +0.000 +0.000 +0.000 +0.000
 +0.000 +0.000 +0.000 +0.000 +0.000 +0.000 +0.000 +0.000 +0.000 +0.000
 +0.000 +0.000 +0.000 +0.000 +0.000 +0.000 +0.000 +0.000 +0.000 +0.000
 +0.000 +0.000 +0.000 +0.000 +0.000 +0.000 +0.000 +0.000 +0.000 +0.000
 +0.000 +0.000 +0.000 +0.000 +0.000 +0.000 +0.000 +0.000 +0.000 +0.000
 +0.000 +0.000 +0.000 +0.000 +0.000 +0.000 +0.000 +0.000 +0.000 +0.000
 +0.000 +0.000 +0.000 +0.000 +0.000 +0.000 +0.000 +0.000 +0.000 +0.000
 +0.000 +0.000 +0.000 +0.000 +0.000 +0.000 +0.000 +0.000 +0.000 +0.000
 +0.000 +0.000 +0.000 +0.000 +0.000 +0.000 +0.000 +0.000 +0.000 +0.000
 +0.000 +0.000 +0.000 +0.000 +0.000 +0.000 +0.000 +0.000 +0.000 +0.000
 +0.000 +0.000 +0.000 +0.000 +0.000 +0.000 +0.000 +0.000 +0.000 +0.000
 +0.000 +0.000 +0.000 +0.000 +0.000 +0.000 +0.000 +0.000 +0.000 +0.000
 +0.000 +0.000 +0.000 +0.000 +0.000 +0.000 +0.000 +0.000 +0.000 +0.000
 +0.000 +0.000 +0.000 +0.000 +0.000 +0.000 +0.000 +1.287 +0.000 +0.000
 +0.000 +0.000 +0.000 +0.000 +0.000 +0.000 +0.000 +0.000 +0.000 +0.000
 +0.000 +0.000 +0.000 +0.000 +0.000 +0.000 +0.000 +0.000 +0.000 +0.000
 +0.000 +0.000 +0.000 +0.000 +0.000 +0.000 +0.000 +0.000 +0.000 +0.000
 +0.000 +0.000 +0.000 +0.000 +0.000 +0.000 +0.000 +0.000 +0.000 +0.000
 +0.000 +0.000 +0.000 +0.000 +0.000 +0.000 +0.000 +0.000 +0.000 +0.000
 +0.000 +0.000 +0.000 +0.000 +0.000 +0.000 +0.000 +0.000 +0.000 +0.000
 +0.000 +0.000 +0.000 +0.000 +0.000 +0.000 +0.000 +0.000 +0.000 +0.000
 +0.000 +0.000 +0.000 +0.000 +0.000 +0.000 +0.000 +0.000 +0.000 +0.000
 +0.000 +0.000 +0.000 +0.000 +0.000 +0.000 +0.000 +0.000 +0.000 +0.000
 +0.000 +0.000 +0.000 +0.000 +0.000 +0.000 +0.000 +0.000 +0.000 +0.000
 +0.000 +0.000 +0.000 +0.000 +0.000 +0.000 +0.000 +0.000 +0.000 +0.000
 +0.000 +0.000 +0.000 +0.000 +0.000 +0.000 +0.000 +0.000 +0.000 +0.000
 +0.000 +0.000 +0.000 +0.000 +0.000 +0.000 +0.000 +0.000 +0.000 +0.000
 +0.000 +0.000 +0.000 +0.000 +0.000 +0.000 +0.000 +0.000 +0.000 +0.000
 +0.000 +0.000 +0.000 +0.000 +0.000 +0.000 +0.000 +0.000 +0.000 +0.000
 +0.000 +0.000 +0.000 +0.000 +0.000 +0.000 +0.000 +0.000 +0.000 +0.000
 +0.000 +0.000 +0.000 +0.000 +0.000 +0.000 +0.000 +0.000 +0.000 +0.000
 +0.000 +0.000 +0.000 +0.000 +0.000 +0.000 +0.000 +0.000 +0.000 +0.000
 +0.000 +0.000 +0.000 +0.000 +0.000 +0.000 +0.000 +0.000 +0.000 +0.000
 +0.000 +0.000 +0.000 +0.000 +0.000 +0.000 +0.000 +0.000 +0.000 +0.000
 +0.000 +0.000 +0.000 +0.000 +0.000 +0.000 +0.000 +0.000 +0.000 +0.000
 +0.000 +0.000 +0.000 +0.000 +0.000 +0.000 +0.000 +0.000 +0.000 +0.000
 +0.000 +0.000 +0.000 +0.000 +0.000 +0.000 +0.000 +0.000 +0.000 +0.000
 +0.000 +0.000 +0.000 +0.000 +0.000 +0.000 +0.000 +0.000 +0.000 +0.000
 +0.000 +0.000 +0.000 +0.000 +0.000 +0.000 +0.000 +0.000 +0.000 +0.000
 +0.000 +0.000 +0.000 +0.000 +1.531 +0.000 +0.000 +0.000 +0.000 +0.000
 +0.000 +0.000 +0.000 +0.000 +0.000 +0.000 +0.000 +0.000 +0.000 +0.000
 +0.000 +0.000 +0.000 +0.000 +0.000 +0.000 +0.000 +0.000 +0.000 +0.000
 +0.000 +0.000 +0.000 +0.000 +0.000 +0.000 +0.000 +0.000 +0.000 +0.000]
Dual variables:     [-1.998 -0.070]

Primal objective:   -5.27829546e+00
Dual objective:     7.81441681e-02 

Primal residual:    2.80e+00
Dual residual:      3.94e-03
Complementraty:     1.40e+00

Number of Iter:     15
Run time:           7.76
