
--------------- Linear optimization problem characteristics ---------------
Seed:                    86
Number of variables:     100
Number of constraints:   2

Norm of primal sol:      2.00e+00
Norm of dual sol:        2.00e+00
Norm of dual slacks:     2.00e+00

Norm of vector b:        2.28e-01
Norm of vector c:        2.28e+00

Norm of matrix A:        1.00e+00
Condition number:        2.00e+00

----------------------- Linear optimization problem -----------------------
Coeff matrix A:          [[-0.082 -0.117 -0.077 +0.003 +0.051 -0.053 -0.036 +0.067 -0.057 +0.098
 +0.008 +0.077 -0.065 -0.122 -0.113 +0.037 +0.079 -0.075 -0.015 +0.011
 -0.013 +0.077 -0.098 -0.033 +0.139 -0.020 -0.028 -0.023 +0.056 +0.018
 +0.113 +0.099 -0.037 -0.093 +0.077 -0.120 -0.126 -0.021 -0.031 -0.133
 -0.070 +0.020 -0.083 +0.012 +0.061 +0.089 +0.083 -0.106 +0.001 -0.065
 -0.016 -0.058 -0.120 +0.111 +0.062 +0.111 +0.055 +0.030 +0.052 -0.052
 -0.032 -0.071 -0.012 +0.079 -0.017 -0.109 -0.041 +0.122 +0.067 +0.047
 -0.003 -0.115 -0.089 -0.085 +0.104 +0.105 +0.049 -0.047 -0.031 +0.004
 -0.095 -0.086 -0.142 +0.012 -0.043 +0.085 +0.057 -0.119 +0.022 -0.068
 +0.009 -0.106 +0.127 -0.074 -0.070 +0.038 +0.094 -0.057 +0.075 +0.058]
                          [-0.047 -0.050 -0.105 -0.047 +0.088 -0.017 -0.116 -0.072 -0.127 +0.058
 -0.094 +0.098 +0.051 -0.110 -0.129 +0.050 -0.067 +0.092 +0.004 -0.077
 +0.107 -0.025 -0.031 -0.104 +0.118 +0.026 -0.096 -0.095 -0.080 -0.041
 +0.042 +0.117 -0.107 -0.096 -0.069 -0.054 -0.122 +0.031 +0.044 -0.128
 -0.033 +0.070 -0.061 +0.096 +0.106 +0.076 +0.023 -0.017 +0.077 -0.003
 -0.072 -0.081 -0.134 +0.128 -0.041 +0.104 +0.080 +0.104 +0.047 -0.131
 -0.018 +0.093 +0.018 +0.080 -0.090 -0.141 +0.081 +0.082 +0.038 -0.096
 +0.067 -0.106 -0.030 -0.037 +0.066 +0.143 -0.047 +0.032 +0.081 -0.022
 -0.095 +0.063 -0.148 -0.023 -0.068 -0.021 +0.123 -0.150 +0.097 -0.016
 +0.045 -0.104 +0.131 +0.071 -0.039 +0.067 +0.025 +0.038 +0.026 +0.130]]

RHS vector b:            [-0.171 -0.150]
Obj vector c:            [-0.042 -0.086 +0.049 +0.073 -0.059 -0.048 +0.120 +0.196 +0.108 +0.049
 +0.148 -0.038 -0.163 -0.004 +0.035 -0.022 +0.205 -0.237 -0.025 +0.127
 -0.174 +0.141 -0.088 +0.107 +0.016 -0.066 +0.102 +0.108 +0.194 +0.085
 +0.092 +1.719 +0.106 +0.014 +0.207 -0.085 +0.007 -0.074 -0.107 +0.007
 -0.047 -0.075 -0.023 -0.124 -0.072 +0.010 +0.079 -0.120 -0.113 -0.085
 +0.084 +0.040 +0.034 -0.036 +0.144 -0.001 -0.042 -0.112 +0.002 +0.122
 -0.017 -0.233 -0.042 -0.010 +0.110 +0.059 -0.174 +0.046 +0.034 +0.203
 -0.103 -0.001 -0.078 -0.060 +0.046 -0.067 +0.136 -0.111 -0.160 +0.037
 +0.010 -0.209 +0.023 +0.049 +0.041 +1.103 -0.104 +0.058 -0.113 -0.070
 -0.054 +0.008 -0.020 -0.205 -0.037 -0.046 +0.091 -0.133 +0.064 -0.112]

---------------------------- Optimal solution -----------------------------
Primal variables:         [+0.073 +0.075 +0.055 +0.274 +0.082 +0.241 +0.214 +0.153 +0.310 +0.177
 +0.091 +0.306 +0.290 +0.280 +0.297 +0.021 +0.111 +0.065 +0.144 +0.323
 +0.104 +0.246 +0.311 +0.100 +0.188 +0.210 +0.058 +0.268 +0.218 +0.018
 +0.125 +0.000 +0.074 +0.050 +0.159 +0.108 +0.362 +0.326 +0.277 +0.076
 +0.205 +0.266 +0.344 +0.178 +0.301 +0.111 +0.090 +0.173 +0.278 +0.286
 +0.234 +0.109 +0.308 +0.025 +0.119 +0.239 +0.079 +0.101 +0.230 +0.359
 +0.040 +0.055 +0.309 +0.024 +0.223 +0.122 +0.149 +0.299 +0.293 +0.183
 +0.361 +0.079 +0.325 +0.071 +0.075 +0.103 +0.279 +0.112 +0.099 +0.155
 +0.048 +0.157 +0.048 +0.026 +0.192 +0.000 +0.243 +0.144 +0.054 +0.138
 +0.266 +0.181 +0.316 +0.112 +0.232 +0.212 +0.359 +0.046 +0.014 +0.044]
Dual slacks:              [+0.000 +0.000 +0.000 +0.000 +0.000 +0.000 +0.000 +0.000 +0.000 +0.000
 +0.000 +0.000 +0.000 +0.000 +0.000 +0.000 +0.000 +0.000 +0.000 +0.000
 +0.000 +0.000 +0.000 +0.000 +0.000 +0.000 +0.000 +0.000 +0.000 +0.000
 +0.000 +1.757 +0.000 +0.000 +0.000 +0.000 +0.000 +0.000 +0.000 +0.000
 +0.000 +0.000 +0.000 +0.000 +0.000 +0.000 +0.000 +0.000 +0.000 +0.000
 +0.000 +0.000 +0.000 +0.000 +0.000 +0.000 +0.000 +0.000 +0.000 +0.000
 +0.000 +0.000 +0.000 +0.000 +0.000 +0.000 +0.000 +0.000 +0.000 +0.000
 +0.000 +0.000 +0.000 +0.000 +0.000 +0.000 +0.000 +0.000 +0.000 +0.000
 +0.000 +0.000 +0.000 +0.000 +0.000 +0.956 +0.000 +0.000 +0.000 +0.000
 +0.000 +0.000 +0.000 +0.000 +0.000 +0.000 +0.000 +0.000 +0.000 +0.000]
Dual variables:           [+1.361 -1.466]

Optimal objective:       -1.36115304e-02
===========================================================================

Method:                  II-QIPM
LO_Precision:            1.00e-01
Stop_Precision:          1.00e-03
LO_Verbosity:            2
Omega:                   1.00e+01

The Quantum Inexact Infeasible Interior-Point Method starts running ...


                  Objective                Residual                                Linear system           Step-length
Iter      Primal           Dual         Primal    Dual     Compl    ||Resl||  Cond-Num  ||M||   ||RHS||    a-star   a-hat      Time
   0   2.04623915e+01  0.00000000e+00  1.05e+01 4.62e+00  5.26e+02  1.06e+01  4.00e+00 1.00e+00 1.06e+01  9.77e-01 9.54e-01      0s
   1   1.59236704e+01  0.00000000e+00  1.08e+01 4.22e+00  4.84e+02  2.07e+01  3.40e+00 2.34e+01 2.07e+01  5.01e-01 8.71e-02      1s
   2   1.39665197e+01  0.00000000e+00  1.10e+01 4.07e+00  4.69e+02  2.44e+01  3.18e+00 2.60e+01 2.44e+01  4.53e-01 3.44e-02      1s
   3   1.21573822e+01  0.00000000e+00  1.12e+01 3.95e+00  4.56e+02  2.63e+01  3.09e+00 2.71e+01 2.63e+01  4.33e-01 3.05e-02      1s
   4   8.31401410e+00 -9.52833773e-02  3.44e+00 1.21e+00  1.53e+02  8.54e-03  2.99e+00 2.82e+01 2.81e+01  8.02e-01 6.93e-01      1s
   5   4.76838087e+00 -5.92197355e-02  1.82e+00 6.37e-01  8.43e+01 *4.67e-02  4.61e+00 1.09e+02 3.73e+01  9.09e-01 4.74e-01      1s
   6   9.31203169e-01 -1.86688823e-02  1.83e-01 7.14e-02  1.06e+01 *5.75e-02  4.72e+00 2.26e+02 4.41e+01  9.49e-01 8.88e-01      2s
   7   3.26774064e-01 -1.35564190e-02  1.48e-01 3.04e-03  5.14e-01 *1.54e-01  4.03e+00 2.20e+03 4.72e+01  9.78e-01 9.57e-01      2s
   8  -1.23922924e-01 -1.36242219e-02  7.99e-02 1.79e-04  3.41e-02  9.36e-02  4.05e+00 4.88e+04 1.39e+01  9.62e-01 9.41e-01      2s

The algorithm stopped after 9 iterations in 1.92 seconds.

Primal variables:   [+14.524 +13.448 +14.882 +16.807 +18.364 +15.208 +15.869 +18.680 +15.395
 +20.086 +16.955 +19.330 +14.347 +13.763 +14.083 +17.838 +19.132 +12.977
 +16.278 +17.016 +16.052 +19.092 +13.902 +15.925 +22.468 +16.066 +16.046
 +16.164 +18.314 +17.225 +20.694 +0.001 +15.833 +14.442 +19.055 +13.370
 +13.725 +16.040 +15.658 +13.567 +14.803 +17.303 +14.569 +17.004 +18.740
 +19.734 +19.385 +13.479 +16.646 +14.775 +16.313 +15.290 +13.948 +20.952
 +18.544 +20.831 +18.483 +17.654 +18.302 +15.524 +15.824 +13.199 +16.332
 +19.351 +16.319 +14.246 +15.080 +21.309 +18.797 +18.028 +16.547 +13.925
 +14.187 +14.380 +20.377 +20.710 +18.110 +15.176 +15.493 +16.817 +14.386
 +13.083 +13.455 +17.045 +15.620 +0.003 +18.634 +14.037 +17.354 +14.754
 +16.936 +14.153 +21.835 +13.591 +14.834 +17.877 +19.801 +14.787 +19.084
 +18.703]
Dual slacks:        [+0.000 +0.000 +0.000 +0.000 +0.000 +0.000 +0.000 +0.000 +0.000 +0.000
 +0.000 +0.000 +0.000 +0.000 +0.000 +0.000 +0.000 +0.000 +0.000 +0.000
 +0.000 +0.000 +0.000 +0.000 +0.000 +0.000 +0.000 +0.000 +0.000 +0.000
 +0.000 +1.757 +0.000 +0.000 +0.000 +0.000 +0.000 +0.000 +0.000 +0.000
 +0.000 +0.000 +0.000 +0.000 +0.000 +0.000 +0.000 +0.000 +0.000 +0.000
 +0.000 +0.000 +0.000 +0.000 +0.000 +0.000 +0.000 +0.000 +0.000 +0.000
 +0.000 +0.000 +0.000 +0.000 +0.000 +0.000 +0.000 +0.000 +0.000 +0.000
 +0.000 +0.000 +0.000 +0.000 +0.000 +0.000 +0.000 +0.000 +0.000 +0.000
 +0.000 +0.000 +0.000 +0.000 +0.000 +0.956 +0.000 +0.000 +0.000 +0.000
 +0.000 +0.000 +0.000 +0.000 +0.000 +0.000 +0.000 +0.000 +0.000 +0.000]
Dual variables:     [+1.361 -1.466]

Primal objective:   -1.23922924e-01
Dual objective:     -1.36242219e-02

Primal residual:    7.99e-02
Dual residual:      1.79e-04
Complementraty:     3.41e-02

Number of Iter:     9
Run time:           1.92
