
--------------- Linear optimization problem characteristics ---------------
Seed:                    61
Number of variables:     50
Number of constraints:   2

Norm of primal sol:      2.00e+00
Norm of dual sol:        2.00e+00
Norm of dual slacks:     2.00e+00

Norm of vector b:        2.83e-01
Norm of vector c:        2.58e+00

Norm of matrix A:        1.00e+00
Condition number:        2.00e+00

----------------------- Linear optimization problem -----------------------
Coeff matrix A:          [[+0.008 -0.033 +0.082 -0.023 +0.116 +0.058 +0.038 +0.108 +0.021 -0.094
 +0.123 +0.032 +0.114 +0.130 -0.111 -0.121 +0.116 -0.056 -0.007 -0.101
 +0.060 -0.003 -0.078 +0.009 +0.115 -0.038 -0.033 +0.085 -0.062 -0.037
 +0.090 +0.098 -0.030 +0.026 +0.114 -0.060 +0.001 +0.056 +0.115 -0.035
 +0.041 +0.029 -0.012 -0.011 +0.042 -0.082 -0.115 +0.076 +0.096 +0.049]
                          [+0.223 +0.018 -0.004 -0.156 -0.128 -0.108 -0.081 +0.004 +0.114 -0.020
 -0.176 -0.175 -0.181 -0.241 -0.043 +0.248 +0.167 -0.176 +0.121 +0.145
 -0.092 -0.134 +0.057 -0.185 -0.165 +0.152 -0.179 +0.141 -0.163 -0.083
 -0.106 -0.240 +0.076 -0.199 +0.119 +0.208 +0.118 -0.031 +0.102 +0.081
 +0.157 -0.184 -0.022 +0.078 +0.032 +0.067 +0.179 +0.141 +0.030 +0.102]]

RHS vector b:            [+0.282 -0.019]
Obj vector c:            [+0.201 +0.075 -0.147 -0.109 -0.327 +0.047 -0.145 -0.186 +0.072 +0.144
 -0.386 -0.225 -0.374 -0.459 +0.153 +0.451 -0.043 -0.071 +2.112 +0.316
 -0.193 -0.124 +0.193 -0.193 -0.360 +0.213 -0.115 -0.013 -0.049 -0.016
 -0.261 -0.402 +0.126 -0.237 -0.086 +0.306 +0.112 -0.127 -0.104 +0.139
 +0.080 -0.229 -0.001 +0.094 -0.044 +0.207 +0.373 +0.002 -0.140 +0.013]

---------------------------- Optimal solution -----------------------------
Primal variables:         [+0.412 +0.091 +0.439 +0.250 +0.482 +0.000 +0.462 +0.315 +0.152 +0.170
 +0.070 +0.243 +0.440 +0.226 +0.237 +0.441 +0.334 +0.041 +0.000 +0.360
 +0.356 +0.020 +0.233 +0.184 +0.300 +0.362 +0.096 +0.264 +0.146 +0.070
 +0.478 +0.303 +0.455 +0.229 +0.022 +0.063 +0.167 +0.224 +0.213 +0.274
 +0.385 +0.461 +0.375 +0.146 +0.097 +0.130 +0.363 +0.227 +0.086 +0.321]
Dual slacks:              [+0.000 +0.000 +0.000 +0.000 +0.000 +0.253 +0.000 +0.000 +0.000 +0.000
 +0.000 +0.000 +0.000 +0.000 +0.000 +0.000 +0.000 +0.000 +1.984 +0.000
 +0.000 +0.000 +0.000 +0.000 +0.000 +0.000 +0.000 +0.000 +0.000 +0.000
 +0.000 +0.000 +0.000 +0.000 +0.000 +0.000 +0.000 +0.000 +0.000 +0.000
 +0.000 +0.000 +0.000 +0.000 +0.000 +0.000 +0.000 +0.000 +0.000 +0.000]
Dual variables:           [-1.754 +0.962]

Optimal objective:       -5.13040595e-01
===========================================================================

Method:                  II-QIPM
LO_Precision:            1.00e-01
Stop_Precision:          1.00e-03
LO_Verbosity:            2
Omega:                   1.00e+01

The Quantum Inexact Infeasible Interior-Point Method starts running ...


                  Objective                Residual                                Linear system           Step-length
Iter      Primal           Dual         Primal    Dual     Compl    ||Resl||  Cond-Num  ||M||   ||RHS||    a-star   a-hat      Time
   0  -3.21037837e+00  0.00000000e+00  1.16e+01 5.75e+00  4.41e+02  1.18e+01  4.00e+00 1.00e+00 1.18e+01  9.56e-01 9.19e-01      0s
   1   3.28815860e+00 -8.16912214e-01  3.89e+00 1.73e+00  1.47e+02 *1.19e+00  4.36e+00 1.65e+01 3.72e+01  7.91e-01 7.00e-01      0s
   2   2.95722554e+00 -7.61280613e-01  2.96e+00 1.31e+00  1.14e+02  4.67e-02  4.06e+00 4.62e+01 1.03e+01  8.00e-01 2.38e-01      1s
   3   3.42082807e+00 -7.61280613e-01  2.58e+00 1.28e+00  1.11e+02  1.28e+01  3.99e+00 6.43e+01 1.28e+01  4.21e-01 2.83e-02      1s
   4   3.87848143e+00 -7.61280613e-01  2.23e+00 1.24e+00  1.09e+02  1.42e+01  3.95e+00 6.73e+01 1.42e+01  4.04e-01 2.54e-02      1s
   5   4.33088924e+00 -7.61280613e-01  1.93e+00 1.22e+00  1.07e+02  1.55e+01  3.90e+00 7.03e+01 1.55e+01  3.89e-01 2.30e-02      1s
   6   4.77656112e+00 -7.61280613e-01  1.67e+00 1.19e+00  1.05e+02  1.68e+01  3.86e+00 7.31e+01 1.68e+01  3.74e-01 2.09e-02      1s
   7   5.21463491e+00 -7.61280613e-01  1.48e+00 1.17e+00  1.03e+02  1.81e+01  3.81e+00 7.59e+01 1.81e+01  3.61e-01 1.91e-02      1s
   8   5.64514340e+00 -7.61280613e-01  1.36e+00 1.15e+00  1.01e+02  1.94e+01  3.76e+00 7.86e+01 1.94e+01  3.48e-01 1.76e-02      2s
   9   6.06676008e+00 -7.61280613e-01  1.33e+00 1.13e+00  9.97e+01  2.07e+01  3.71e+00 8.12e+01 2.07e+01  3.37e-01 1.62e-02      2s
  10   6.47969327e+00 -7.61280613e-01  1.38e+00 1.11e+00  9.83e+01  2.20e+01  3.66e+00 8.37e+01 2.20e+01  3.26e-01 1.50e-02      2s
  11   6.88393667e+00 -7.61280613e-01  1.49e+00 1.10e+00  9.71e+01  2.32e+01  3.61e+00 8.61e+01 2.32e+01  3.16e-01 1.39e-02      2s
  12   7.27963788e+00 -7.61280613e-01  1.65e+00 1.08e+00  9.60e+01  2.45e+01  3.57e+00 8.85e+01 2.45e+01  3.06e-01 1.29e-02      2s
  13   7.66667289e+00 -7.61280613e-01  1.85e+00 1.07e+00  9.49e+01  2.58e+01  3.52e+00 9.08e+01 2.58e+01  2.97e-01 1.20e-02      3s
  14   8.04540129e+00 -7.61280613e-01  2.06e+00 1.06e+00  9.40e+01  2.70e+01  3.47e+00 9.31e+01 2.70e+01  2.88e-01 1.12e-02      3s
  15   8.41624674e+00 -7.61280613e-01  2.28e+00 1.05e+00  9.31e+01  2.83e+01  3.42e+00 9.53e+01 2.83e+01  2.80e-01 1.05e-02      3s
  16   8.77895256e+00 -7.61280613e-01  2.51e+00 1.04e+00  9.22e+01  2.95e+01  3.37e+00 9.74e+01 2.95e+01  2.73e-01 9.85e-03      3s
  17   9.13439607e+00 -7.61280613e-01  2.74e+00 1.03e+00  9.15e+01  3.08e+01  3.33e+00 9.95e+01 3.08e+01  2.65e-01 9.27e-03      3s
  18   9.48206584e+00 -7.61280613e-01  2.97e+00 1.02e+00  9.07e+01  3.20e+01  3.28e+00 1.02e+02 3.20e+01  2.58e-01 8.72e-03      3s
  19   9.82287824e+00 -7.61280613e-01  3.19e+00 1.01e+00  9.01e+01  3.33e+01  3.23e+00 1.03e+02 3.33e+01  2.52e-01 8.23e-03      4s
  20   1.01564025e+01 -7.61280613e-01  3.42e+00 1.00e+00  8.94e+01  3.45e+01  3.19e+00 1.05e+02 3.45e+01  2.46e-01 7.77e-03      4s
  21   1.04835664e+01 -7.61280613e-01  3.64e+00 9.93e-01  8.88e+01  3.58e+01  3.14e+00 1.07e+02 3.58e+01  2.40e-01 7.35e-03      4s
  22   1.08043150e+01 -7.61280613e-01  3.86e+00 9.86e-01  8.83e+01  3.70e+01  3.10e+00 1.09e+02 3.70e+01  2.34e-01 6.97e-03      4s
  23   1.11189318e+01 -7.61280613e-01  4.08e+00 9.80e-01  8.78e+01  3.83e+01  3.06e+00 1.11e+02 3.83e+01  2.29e-01 6.61e-03      4s
  24   1.14277051e+01 -7.61280613e-01  4.29e+00 9.74e-01  8.73e+01  3.95e+01  3.01e+00 1.13e+02 3.95e+01  2.24e-01 6.29e-03      4s
  25   2.10300563e+00 -5.09613513e-01  5.58e-01 1.26e-01  1.32e+01  1.09e-02  2.97e+00 1.14e+02 4.08e+01  9.18e-01 8.71e-01      5s
  26   2.85853551e+00 -5.09613513e-01  1.89e+00 9.83e-02  1.05e+01  9.73e+00  3.96e+00 7.06e+02 9.73e+00  7.76e-01 2.20e-01      5s
  27   3.68718512e+00 -5.09613513e-01  3.75e+00 8.47e-02  9.18e+00  1.55e+01  3.89e+00 9.46e+02 1.55e+01  7.13e-01 1.38e-01      5s
  28   4.55494151e+00 -5.09613513e-01  5.54e+00 7.54e-02  8.26e+00  2.02e+01  3.83e+00 1.14e+03 2.02e+01  6.68e-01 1.09e-01      5s
  29   5.41957230e+00 -5.09613513e-01  7.26e+00 6.87e-02  7.59e+00  2.49e+01  3.77e+00 1.32e+03 2.49e+01  6.27e-01 8.90e-02      5s
  30   6.25972825e+00 -5.09613513e-01  8.90e+00 6.37e-02  7.08e+00  2.94e+01  3.73e+00 1.50e+03 2.94e+01  5.90e-01 7.38e-02      5s
  31   7.06698237e+00 -5.09613513e-01  1.05e+01 5.97e-02  6.68e+00  3.39e+01  3.68e+00 1.68e+03 3.39e+01  5.58e-01 6.23e-02      5s
  32   7.83661412e+00 -5.09613513e-01  1.19e+01 5.65e-02  6.35e+00  3.83e+01  3.64e+00 1.85e+03 3.83e+01  5.28e-01 5.33e-02      6s
  33   8.12375009e+00 -5.09613513e-01  1.25e+01 5.55e-02  6.25e+00  4.26e+01  3.61e+00 2.02e+03 4.26e+01  5.02e-01 1.81e-02      6s
  34   8.12391007e+00 -5.09613513e-01  1.25e+01 5.55e-02  6.25e+00  4.43e+01  3.60e+00 2.09e+03 4.43e+01  4.92e-01 9.78e-06      6s

The solution quality is limited by the precision of the linear system solver.

The algorithm stopped after 35 iterations in 6.31 seconds.

Primal variables:   [+19.230 +15.834 +12.469 +14.139 +9.536 +1.576 +12.642 +11.874 +15.925
 +18.427 +8.543 +11.988 +8.899 +7.257 +17.801 +23.954 +16.125 +15.498
 +0.267 +20.569 +11.891 +13.492 +18.208 +12.745 +9.069 +18.007 +14.427
 +15.628 +15.825 +15.107 +10.763 +8.883 +16.460 +12.033 +14.455 +19.916
 +16.413 +12.752 +13.940 +16.681 +16.686 +12.021 +14.714 +15.956 +13.985
 +18.474 +22.100 +15.738 +12.688 +15.180]
Dual slacks:        [+0.004 +0.008 +0.007 +0.011 +0.008 +0.261 +0.009 +0.007 +0.006 +0.009
 +0.009 +0.010 +0.009 +0.010 +0.010 +0.005 +0.004 +0.011 +1.988 +0.007
 +0.009 +0.010 +0.008 +0.011 +0.009 +0.006 +0.011 +0.005 +0.011 +0.010
 +0.008 +0.010 +0.007 +0.011 +0.005 +0.005 +0.006 +0.008 +0.005 +0.007
 +0.005 +0.010 +0.008 +0.007 +0.007 +0.008 +0.006 +0.005 +0.006 +0.006]
Dual variables:     [-1.740 +0.976]

Primal objective:   8.12391007e+00 
Dual objective:     -5.09613513e-01

Primal residual:    1.25e+01
Dual residual:      5.55e-02
Complementraty:     6.25e+00

Number of Iter:     35
Run time:           6.31
