
--------------- Linear optimization problem characteristics ---------------
Seed:                    96
Number of variables:     500
Number of constraints:   2

Norm of primal sol:      2.00e+00
Norm of dual sol:        2.00e+00
Norm of dual slacks:     2.00e+00

Norm of vector b:        3.96e-02
Norm of vector c:        2.56e+00

Norm of matrix A:        1.00e+00
Condition number:        2.00e+00

----------------------- Linear optimization problem -----------------------
Coeff matrix A:          [[+0.024 +0.005 -0.003 -0.014 -0.020 -0.027 -0.052 +0.023 +0.045 +0.049
 -0.042 +0.026 +0.054 +0.010 +0.037 -0.003 -0.048 +0.032 +0.032 -0.065
 -0.045 +0.048 +0.055 -0.027 -0.055 -0.008 +0.003 +0.026 +0.034 -0.057
 -0.059 -0.021 +0.048 +0.009 -0.013 +0.037 +0.066 +0.040 -0.070 -0.017
 -0.041 +0.046 +0.032 +0.058 -0.010 -0.066 -0.024 -0.053 +0.054 +0.054
 +0.024 +0.008 +0.051 +0.049 -0.053 +0.015 +0.029 -0.032 +0.031 +0.066
 +0.069 -0.037 -0.064 -0.021 +0.064 +0.034 +0.066 +0.023 +0.045 +0.020
 -0.022 -0.054 +0.020 -0.074 +0.043 -0.052 +0.059 -0.057 +0.004 +0.014
 +0.066 +0.015 -0.027 -0.042 +0.042 +0.020 -0.004 -0.029 +0.043 -0.071
 +0.024 -0.006 +0.021 +0.019 -0.065 -0.012 +0.000 -0.002 +0.063 +0.035
 +0.035 -0.047 +0.034 +0.066 -0.045 -0.043 -0.016 -0.008 +0.050 +0.041
 +0.041 -0.057 -0.052 +0.050 -0.033 +0.043 +0.049 +0.023 -0.042 +0.019
 +0.023 -0.027 +0.034 -0.068 +0.015 +0.060 -0.011 +0.023 +0.027 +0.045
 +0.050 +0.006 +0.071 -0.030 +0.058 +0.014 -0.042 -0.041 -0.056 -0.037
 +0.012 -0.066 +0.053 -0.036 -0.004 -0.047 -0.072 +0.069 +0.041 -0.022
 +0.055 +0.006 -0.021 -0.034 +0.019 +0.021 -0.044 -0.003 +0.048 -0.037
 +0.031 -0.024 +0.064 -0.026 +0.038 +0.047 +0.065 -0.013 -0.032 -0.044
 +0.046 +0.027 -0.022 +0.041 -0.031 +0.035 -0.021 -0.044 -0.003 +0.020
 -0.037 -0.065 +0.069 +0.053 -0.004 +0.053 +0.007 -0.022 +0.003 -0.014
 -0.008 +0.022 -0.049 -0.063 -0.031 +0.021 +0.044 -0.031 +0.018 -0.048
 +0.038 +0.038 +0.063 -0.002 +0.028 -0.014 +0.054 -0.061 +0.026 -0.062
 +0.057 -0.067 -0.018 +0.005 -0.047 +0.046 +0.008 -0.041 -0.043 +0.044
 -0.002 -0.010 +0.029 -0.040 -0.015 +0.013 -0.013 +0.054 +0.026 +0.044
 -0.005 -0.021 +0.022 +0.049 +0.030 +0.062 -0.070 -0.025 +0.025 -0.001
 -0.034 -0.004 -0.053 -0.021 -0.040 +0.028 -0.028 +0.061 +0.067 -0.045
 -0.037 -0.021 +0.047 -0.028 +0.066 -0.034 -0.018 +0.049 -0.022 +0.037
 +0.030 +0.036 +0.004 +0.069 +0.053 -0.007 +0.038 +0.025 -0.068 -0.018
 +0.020 -0.040 -0.042 -0.043 -0.031 +0.003 -0.050 +0.003 +0.003 +0.017
 +0.051 -0.022 +0.046 +0.038 -0.026 +0.025 +0.052 +0.050 +0.040 -0.027
 +0.011 -0.048 -0.013 -0.038 -0.033 -0.005 -0.042 +0.012 -0.028 +0.066
 +0.060 -0.017 +0.001 -0.036 +0.033 -0.022 -0.017 -0.068 -0.062 +0.037
 -0.001 -0.022 -0.025 +0.048 +0.035 -0.020 +0.021 -0.036 -0.004 -0.044
 +0.047 -0.017 -0.061 +0.065 +0.010 +0.036 +0.028 +0.014 -0.053 -0.003
 -0.042 -0.012 +0.018 -0.050 +0.041 +0.042 -0.001 -0.005 +0.035 -0.043
 -0.012 -0.059 -0.028 +0.011 +0.002 -0.031 +0.047 +0.011 +0.005 +0.032
 -0.032 +0.018 -0.037 -0.015 -0.017 +0.030 -0.065 +0.034 -0.003 +0.036
 -0.066 -0.067 -0.029 -0.052 +0.028 -0.009 +0.005 +0.017 -0.065 +0.014
 -0.014 +0.032 +0.040 +0.001 -0.014 -0.048 +0.048 +0.007 +0.043 -0.012
 -0.024 -0.014 -0.008 +0.015 +0.034 -0.055 -0.023 -0.019 +0.017 +0.047
 +0.049 +0.013 +0.010 +0.012 +0.033 +0.036 +0.009 -0.019 -0.041 +0.011
 -0.047 -0.067 +0.037 -0.072 -0.064 -0.007 -0.067 +0.010 -0.044 +0.019
 +0.060 +0.072 +0.050 +0.013 +0.016 +0.022 -0.008 -0.007 +0.039 +0.019
 +0.074 -0.047 -0.030 +0.004 -0.026 -0.066 -0.057 -0.007 -0.034 +0.041
 +0.009 +0.042 +0.049 -0.017 +0.001 +0.017 +0.012 +0.052 +0.026 -0.033
 +0.004 +0.040 +0.033 +0.025 -0.044 +0.069 +0.012 +0.042 +0.016 -0.032
 +0.029 +0.009 -0.014 +0.020 -0.001 +0.037 -0.005 -0.045 +0.022 -0.061
 -0.039 -0.001 -0.036 -0.014 -0.036 +0.005 -0.018 +0.002 +0.002 -0.028
 -0.037 +0.062 +0.011 -0.021 -0.072 +0.040 +0.039 -0.054 -0.050 +0.036
 -0.015 -0.025 +0.000 +0.022 +0.023 +0.008 -0.050 +0.009 +0.027 -0.002
 -0.065 +0.048 +0.009 +0.057 +0.025 +0.028 +0.032 +0.068 -0.002 +0.050]
                          [-0.008 -0.022 +0.015 -0.041 -0.039 +0.034 +0.022 +0.040 -0.020 +0.001
 +0.029 -0.051 -0.030 -0.013 +0.015 +0.047 +0.029 +0.026 -0.028 +0.060
 +0.042 +0.016 -0.015 +0.005 +0.031 -0.002 -0.026 -0.006 +0.001 +0.026
 +0.011 +0.025 +0.023 +0.029 -0.021 -0.053 -0.029 +0.001 +0.051 +0.033
 +0.019 -0.025 -0.050 -0.052 +0.027 +0.053 -0.022 +0.014 -0.018 -0.047
 -0.042 -0.013 +0.004 +0.002 +0.038 -0.008 -0.051 -0.017 -0.037 -0.038
 -0.042 +0.046 +0.038 -0.015 -0.036 +0.026 -0.051 -0.028 +0.036 +0.009
 +0.028 +0.055 -0.040 +0.054 +0.023 +0.004 -0.058 +0.043 -0.009 -0.029
 -0.048 -0.021 -0.000 -0.033 -0.046 +0.020 -0.045 +0.044 -0.059 +0.054
 +0.018 -0.031 -0.051 -0.048 +0.056 -0.004 +0.003 -0.029 -0.035 +0.037
 +0.021 +0.031 -0.003 -0.035 +0.048 +0.057 -0.022 +0.045 -0.024 -0.006
 -0.005 +0.006 +0.004 -0.050 +0.055 -0.055 -0.043 +0.008 +0.049 +0.018
 -0.035 +0.047 -0.040 +0.048 -0.001 -0.046 -0.036 +0.030 -0.051 -0.029
 -0.026 -0.001 -0.056 +0.027 -0.005 +0.006 -0.017 +0.039 +0.054 -0.008
 -0.030 +0.061 -0.038 -0.002 -0.046 +0.033 +0.061 -0.056 +0.019 +0.003
 +0.003 +0.010 -0.015 +0.010 -0.032 +0.027 +0.009 -0.036 -0.027 +0.037
 +0.031 -0.008 -0.033 -0.015 +0.002 +0.006 -0.049 -0.034 -0.016 -0.006
 -0.005 +0.023 +0.043 -0.036 +0.044 -0.019 -0.025 +0.034 +0.025 +0.010
 +0.036 +0.030 -0.053 -0.033 +0.049 -0.033 -0.025 -0.029 +0.008 -0.001
 -0.039 +0.037 +0.012 +0.045 -0.009 +0.032 -0.027 -0.005 +0.033 +0.001
 -0.009 -0.045 -0.045 +0.048 +0.037 +0.037 -0.019 +0.020 -0.030 +0.039
 -0.013 +0.031 +0.021 -0.002 +0.005 +0.010 +0.028 -0.004 -0.017 -0.042
 -0.020 -0.023 -0.042 +0.053 +0.021 +0.020 +0.048 -0.051 -0.043 +0.007
 +0.024 +0.038 -0.045 -0.060 +0.007 -0.017 +0.047 -0.027 -0.028 -0.038
 +0.005 -0.006 +0.061 +0.005 -0.027 +0.001 -0.011 -0.029 -0.059 +0.037
 -0.022 -0.003 -0.042 +0.030 -0.045 +0.040 +0.027 -0.017 +0.009 +0.006
 +0.004 +0.027 +0.016 -0.038 -0.018 +0.014 +0.023 -0.006 +0.054 -0.038
 +0.013 +0.057 -0.017 -0.022 -0.017 -0.021 +0.060 -0.018 -0.046 -0.009
 -0.045 -0.003 -0.038 -0.003 -0.004 +0.010 -0.043 -0.041 +0.036 +0.036
 -0.020 -0.016 -0.025 -0.017 +0.047 -0.011 +0.000 +0.027 +0.026 -0.045
 -0.061 -0.013 +0.024 -0.020 -0.052 -0.010 -0.026 +0.041 +0.033 -0.002
 +0.038 +0.025 -0.007 -0.054 -0.044 +0.045 -0.030 -0.034 +0.041 +0.036
 -0.056 +0.023 +0.030 -0.030 -0.007 -0.040 +0.016 -0.042 +0.005 -0.018
 +0.040 -0.023 -0.033 +0.038 +0.012 -0.049 -0.022 -0.029 +0.032 +0.009
 -0.027 +0.009 +0.045 +0.024 -0.009 +0.008 -0.012 -0.039 +0.046 -0.025
 +0.033 +0.008 +0.036 -0.024 -0.022 -0.009 +0.039 +0.003 -0.047 -0.037
 +0.049 +0.053 +0.020 +0.030 -0.002 +0.025 -0.008 -0.051 +0.054 +0.002
 -0.033 +0.003 -0.041 -0.008 +0.043 -0.027 +0.024 -0.011 -0.049 +0.009
 +0.009 +0.050 +0.050 +0.025 -0.052 +0.062 -0.007 +0.031 +0.023 -0.024
 -0.015 +0.027 -0.011 -0.001 +0.001 -0.002 +0.026 +0.032 +0.025 -0.021
 +0.037 +0.042 +0.025 +0.062 +0.037 +0.038 +0.049 -0.002 +0.032 -0.018
 -0.015 -0.048 +0.019 +0.007 +0.008 -0.028 +0.028 +0.018 -0.008 -0.001
 -0.063 -0.012 +0.022 -0.004 +0.037 +0.052 +0.057 -0.030 -0.019 -0.011
 -0.011 -0.010 -0.027 +0.011 -0.046 -0.024 -0.006 -0.058 +0.003 -0.007
 -0.010 +0.000 -0.033 +0.035 -0.011 -0.044 +0.039 -0.002 +0.010 +0.019
 -0.047 -0.045 +0.011 -0.035 -0.030 -0.015 +0.043 +0.039 -0.000 +0.051
 +0.006 -0.043 -0.025 +0.038 -0.006 -0.013 -0.036 +0.015 +0.033 +0.022
 -0.033 -0.025 +0.037 +0.019 +0.056 +0.000 +0.001 +0.011 +0.039 +0.035
 +0.025 +0.019 -0.023 -0.021 -0.034 -0.013 +0.056 -0.049 +0.029 +0.040
 +0.059 +0.019 +0.016 +0.001 +0.011 +0.024 -0.044 -0.055 +0.028 -0.038]]

RHS vector b:            [+0.039 +0.009]
Obj vector c:            [-0.029 -0.046 +0.031 -0.072 -0.064 +0.081 +0.070 +0.064 -0.062 -0.025
 +0.079 -0.111 -0.086 -0.030 +0.009 +0.093 +0.082 +0.034 -0.071 +0.150
 +0.105 +0.006 -0.059 +0.024 +0.089 -0.000 -0.052 -0.026 -0.015 +0.079
 +0.052 +0.060 +0.659 +0.051 -0.034 -0.122 -0.090 -0.020 +0.135 +0.072
 +0.058 -0.073 -0.113 -0.131 +0.058 +0.136 -0.031 +0.055 -0.064 -0.120
 -0.094 -0.030 -0.019 -0.021 +0.101 -0.023 -0.114 -0.016 -0.088 -0.108
 -0.118 +0.109 +0.108 -0.018 -0.102 +0.032 -0.133 -0.066 +0.046 +0.007
 +0.066 +0.134 -0.087 +0.143 +0.023 +0.035 -0.143 +0.114 -0.019 -0.063
 -0.127 -0.049 +0.014 -0.042 -0.112 +0.029 -0.085 +0.101 -0.136 +0.141
 +0.023 -0.057 -0.110 -0.104 +0.142 -0.002 +0.005 -0.055 -0.101 +0.054
 +0.022 +0.085 -0.024 -0.103 +0.117 +0.132 -0.035 +0.091 -0.072 -0.032
 -0.031 +0.041 +0.035 -0.122 +0.124 -0.128 -0.109 +0.004 +0.117 +0.025
 -0.079 +0.105 -0.095 +0.128 -0.010 -0.120 -0.065 +0.046 -0.112 -0.079
 -0.076 -0.005 -0.145 +0.068 -0.041 +0.005 -0.011 +0.097 +0.134 +0.004
 -0.064 +0.152 -0.102 +0.015 -0.086 +0.089 +0.155 -0.145 +0.015 +0.017
 -0.022 +0.017 -0.019 +0.037 -0.071 +0.041 +0.041 -0.068 -0.078 +0.091
 +0.043 -0.003 -0.097 -0.015 -0.017 -0.012 -0.128 -0.059 -0.014 +0.012
 -0.033 +0.030 +0.095 -0.091 +0.101 -0.054 -0.037 +0.088 +0.049 +0.008
 +0.089 +0.092 -0.138 -0.092 +0.096 -0.091 -0.053 -0.044 +0.013 +0.006
 -0.070 +0.061 +0.050 +0.120 -0.000 +0.050 -0.076 +0.007 +0.055 +0.027
 -0.037 -0.106 -0.120 +0.094 +0.056 +0.079 -0.065 +0.071 -0.071 +0.107
 -0.055 +0.095 +0.051 -0.006 +0.034 -0.006 +0.049 +0.014 -0.011 -0.104
 -0.037 -0.039 -0.097 +0.124 +0.048 +0.033 +0.100 -0.128 -0.097 -0.009
 +0.049 +0.084 -0.099 -0.142 -0.002 -0.066 +0.126 -0.038 -0.067 -0.072
 +0.028 -0.008 +0.146 +0.021 -0.031 -0.012 -0.006 -0.088 -0.150 +0.095
 -0.023 +0.006 -0.105 +0.072 -0.122 +0.096 +0.062 -0.058 +0.029 -0.009
 -0.007 +0.033 +0.030 -0.109 -0.062 +0.031 +0.025 -0.025 +0.140 -0.063
 +0.015 +0.132 -0.010 -0.019 -0.016 -0.041 +0.141 -0.037 -0.090 -0.026
 -0.114 +0.006 -0.098 -0.026 +0.005 +0.006 -0.109 -0.105 +0.050 +0.082
 -0.044 -0.005 -0.041 -0.013 +0.108 -0.019 +0.023 +0.046 +0.064 -0.122
 -0.149 -0.016 +0.045 -0.019 -0.117 -0.009 -0.042 +0.114 +0.096 -0.023
 +0.073 +0.060 -0.001 -0.130 -0.103 +0.098 -0.068 -0.046 +0.082 +0.093
 -0.133 +0.053 +0.091 -0.092 -0.018 -0.096 +0.016 -0.088 +0.039 -0.033
 +0.100 -0.038 -0.074 +0.100 +0.001 -0.116 -0.042 -0.054 +0.044 +0.039
 -0.045 +0.049 +0.102 +0.041 -0.018 +0.032 -0.047 -0.081 +0.086 -0.065
 +0.080 +0.005 +0.090 -0.039 -0.034 -0.034 +0.110 -0.012 -0.089 -0.090
 +0.129 +0.138 +0.053 +0.085 -0.018 +0.053 -0.019 -0.107 +0.139 -0.003
 -0.057 -0.011 -0.101 -0.017 +0.090 -0.028 +0.020 -0.025 -0.117 +0.024
 +0.031 +0.103 +0.100 +0.040 -0.118 +0.147 -0.001 +0.070 +0.035 -0.070
 -0.054 +0.045 -0.026 -0.009 -0.015 -0.024 +0.046 +0.073 +0.070 -0.047
 +0.097 +0.117 +0.029 +0.156 +0.104 +0.076 +0.129 -0.010 +0.086 -0.044
 -0.060 -0.129 +0.011 +0.007 +0.007 -0.066 +0.059 +0.039 -0.036 -0.012
 -0.160 +0.001 +0.059 -0.010 +0.085 +0.136 +0.139 -0.054 -0.018 -0.042
 -0.025 -0.042 -0.078 +0.031 -0.089 -0.055 -0.018 -0.140 -0.007 +0.005
 -0.022 -0.021 -0.081 +0.054 +0.002 -0.122 +0.069 -0.026 +0.011 +0.054
 -0.106 -0.091 +0.028 -0.078 -0.058 -0.049 +0.087 +0.098 -0.013 +0.131
 +0.033 -0.083 -0.030 +0.080 +0.006 -0.028 -0.060 +0.028 +0.062 +0.056
 -0.043 -0.081 +0.065 +0.048 +0.146 -0.020 -0.019 +0.050 +0.101 +0.049
 +0.056 +0.049 -0.046 -0.052 +1.817 -0.029 +0.134 -0.099 +0.042 +0.078
 +0.147 +0.012 +0.027 -0.027 +0.008 +0.031 -0.101 -0.142 +0.055 -0.099]

---------------------------- Optimal solution -----------------------------
Primal variables:         [+0.033 +0.141 +0.126 +0.140 +0.109 +0.018 +0.014 +0.087 +0.088 +0.006
 +0.051 +0.045 +0.079 +0.047 +0.047 +0.022 +0.006 +0.062 +0.116 +0.132
 +0.101 +0.150 +0.100 +0.115 +0.129 +0.001 +0.083 +0.143 +0.028 +0.153
 +0.073 +0.086 +0.000 +0.067 +0.128 +0.099 +0.127 +0.044 +0.070 +0.027
 +0.007 +0.103 +0.051 +0.040 +0.116 +0.108 +0.149 +0.052 +0.138 +0.066
 +0.144 +0.119 +0.033 +0.133 +0.133 +0.155 +0.047 +0.043 +0.052 +0.035
 +0.047 +0.110 +0.097 +0.038 +0.030 +0.153 +0.057 +0.028 +0.039 +0.131
 +0.066 +0.114 +0.022 +0.117 +0.126 +0.048 +0.007 +0.004 +0.055 +0.141
 +0.017 +0.116 +0.104 +0.085 +0.038 +0.040 +0.147 +0.011 +0.041 +0.016
 +0.051 +0.056 +0.041 +0.135 +0.128 +0.152 +0.085 +0.085 +0.017 +0.109
 +0.133 +0.004 +0.144 +0.129 +0.060 +0.037 +0.061 +0.020 +0.149 +0.030
 +0.032 +0.107 +0.069 +0.062 +0.091 +0.009 +0.042 +0.040 +0.063 +0.118
 +0.062 +0.055 +0.060 +0.017 +0.113 +0.152 +0.102 +0.049 +0.086 +0.134
 +0.024 +0.123 +0.011 +0.100 +0.138 +0.062 +0.056 +0.118 +0.003 +0.021
 +0.053 +0.107 +0.141 +0.033 +0.054 +0.092 +0.049 +0.042 +0.073 +0.071
 +0.096 +0.142 +0.025 +0.124 +0.154 +0.111 +0.079 +0.007 +0.126 +0.088
 +0.118 +0.114 +0.072 +0.122 +0.115 +0.064 +0.143 +0.046 +0.139 +0.089
 +0.101 +0.117 +0.086 +0.088 +0.032 +0.076 +0.138 +0.036 +0.021 +0.090
 +0.141 +0.049 +0.106 +0.093 +0.049 +0.015 +0.118 +0.014 +0.094 +0.149
 +0.068 +0.122 +0.007 +0.137 +0.139 +0.071 +0.108 +0.131 +0.091 +0.068
 +0.153 +0.091 +0.087 +0.080 +0.057 +0.040 +0.123 +0.105 +0.004 +0.057
 +0.040 +0.069 +0.014 +0.024 +0.135 +0.102 +0.138 +0.124 +0.011 +0.000
 +0.086 +0.150 +0.031 +0.112 +0.056 +0.145 +0.083 +0.011 +0.078 +0.028
 +0.109 +0.093 +0.092 +0.025 +0.024 +0.009 +0.069 +0.119 +0.144 +0.136
 +0.046 +0.012 +0.133 +0.073 +0.066 +0.076 +0.144 +0.126 +0.097 +0.035
 +0.061 +0.059 +0.014 +0.092 +0.034 +0.083 +0.152 +0.028 +0.121 +0.119
 +0.095 +0.064 +0.072 +0.091 +0.125 +0.044 +0.145 +0.087 +0.036 +0.052
 +0.110 +0.093 +0.074 +0.140 +0.101 +0.032 +0.076 +0.128 +0.120 +0.086
 +0.081 +0.003 +0.112 +0.105 +0.042 +0.133 +0.080 +0.008 +0.059 +0.050
 +0.154 +0.044 +0.117 +0.108 +0.135 +0.070 +0.080 +0.090 +0.143 +0.049
 +0.083 +0.135 +0.118 +0.128 +0.127 +0.041 +0.140 +0.023 +0.112 +0.012
 +0.074 +0.096 +0.087 +0.125 +0.044 +0.083 +0.021 +0.091 +0.068 +0.151
 +0.088 +0.058 +0.046 +0.070 +0.107 +0.154 +0.127 +0.002 +0.077 +0.118
 +0.151 +0.072 +0.071 +0.033 +0.012 +0.062 +0.055 +0.023 +0.051 +0.121
 +0.047 +0.038 +0.142 +0.002 +0.112 +0.053 +0.020 +0.071 +0.142 +0.022
 +0.153 +0.042 +0.135 +0.140 +0.139 +0.047 +0.074 +0.105 +0.089 +0.113
 +0.102 +0.118 +0.119 +0.029 +0.006 +0.070 +0.003 +0.100 +0.067 +0.152
 +0.119 +0.143 +0.131 +0.031 +0.131 +0.112 +0.009 +0.060 +0.121 +0.061
 +0.002 +0.057 +0.088 +0.052 +0.140 +0.072 +0.130 +0.068 +0.009 +0.083
 +0.020 +0.005 +0.006 +0.063 +0.013 +0.118 +0.118 +0.001 +0.132 +0.117
 +0.025 +0.109 +0.100 +0.143 +0.056 +0.096 +0.082 +0.113 +0.036 +0.129
 +0.153 +0.098 +0.041 +0.011 +0.035 +0.121 +0.106 +0.017 +0.042 +0.061
 +0.151 +0.032 +0.031 +0.001 +0.146 +0.023 +0.142 +0.153 +0.081 +0.037
 +0.102 +0.010 +0.139 +0.113 +0.003 +0.048 +0.048 +0.064 +0.105 +0.086
 +0.042 +0.011 +0.028 +0.154 +0.144 +0.019 +0.059 +0.074 +0.020 +0.045
 +0.048 +0.017 +0.085 +0.010 +0.020 +0.007 +0.006 +0.137 +0.149 +0.029
 +0.008 +0.118 +0.095 +0.032 +0.063 +0.084 +0.047 +0.040 +0.055 +0.135
 +0.004 +0.024 +0.035 +0.084 +0.009 +0.056 +0.102 +0.108 +0.048 +0.109
 +0.075 +0.064 +0.098 +0.138 +0.000 +0.006 +0.073 +0.019 +0.033 +0.027
 +0.036 +0.108 +0.123 +0.022 +0.096 +0.092 +0.066 +0.049 +0.129 +0.084]
Dual slacks:              [+0.000 +0.000 +0.000 +0.000 +0.000 +0.000 +0.000 +0.000 +0.000 +0.000
 +0.000 +0.000 +0.000 +0.000 +0.000 +0.000 +0.000 +0.000 +0.000 +0.000
 +0.000 +0.000 +0.000 +0.000 +0.000 +0.000 +0.000 +0.000 +0.000 +0.000
 +0.000 +0.000 +0.639 +0.000 +0.000 +0.000 +0.000 +0.000 +0.000 +0.000
 +0.000 +0.000 +0.000 +0.000 +0.000 +0.000 +0.000 +0.000 +0.000 +0.000
 +0.000 +0.000 +0.000 +0.000 +0.000 +0.000 +0.000 +0.000 +0.000 +0.000
 +0.000 +0.000 +0.000 +0.000 +0.000 +0.000 +0.000 +0.000 +0.000 +0.000
 +0.000 +0.000 +0.000 +0.000 +0.000 +0.000 +0.000 +0.000 +0.000 +0.000
 +0.000 +0.000 +0.000 +0.000 +0.000 +0.000 +0.000 +0.000 +0.000 +0.000
 +0.000 +0.000 +0.000 +0.000 +0.000 +0.000 +0.000 +0.000 +0.000 +0.000
 +0.000 +0.000 +0.000 +0.000 +0.000 +0.000 +0.000 +0.000 +0.000 +0.000
 +0.000 +0.000 +0.000 +0.000 +0.000 +0.000 +0.000 +0.000 +0.000 +0.000
 +0.000 +0.000 +0.000 +0.000 +0.000 +0.000 +0.000 +0.000 +0.000 +0.000
 +0.000 +0.000 +0.000 +0.000 +0.000 +0.000 +0.000 +0.000 +0.000 +0.000
 +0.000 +0.000 +0.000 +0.000 +0.000 +0.000 +0.000 +0.000 +0.000 +0.000
 +0.000 +0.000 +0.000 +0.000 +0.000 +0.000 +0.000 +0.000 +0.000 +0.000
 +0.000 +0.000 +0.000 +0.000 +0.000 +0.000 +0.000 +0.000 +0.000 +0.000
 +0.000 +0.000 +0.000 +0.000 +0.000 +0.000 +0.000 +0.000 +0.000 +0.000
 +0.000 +0.000 +0.000 +0.000 +0.000 +0.000 +0.000 +0.000 +0.000 +0.000
 +0.000 +0.000 +0.000 +0.000 +0.000 +0.000 +0.000 +0.000 +0.000 +0.000
 +0.000 +0.000 +0.000 +0.000 +0.000 +0.000 +0.000 +0.000 +0.000 +0.000
 +0.000 +0.000 +0.000 +0.000 +0.000 +0.000 +0.000 +0.000 +0.000 +0.000
 +0.000 +0.000 +0.000 +0.000 +0.000 +0.000 +0.000 +0.000 +0.000 +0.000
 +0.000 +0.000 +0.000 +0.000 +0.000 +0.000 +0.000 +0.000 +0.000 +0.000
 +0.000 +0.000 +0.000 +0.000 +0.000 +0.000 +0.000 +0.000 +0.000 +0.000
 +0.000 +0.000 +0.000 +0.000 +0.000 +0.000 +0.000 +0.000 +0.000 +0.000
 +0.000 +0.000 +0.000 +0.000 +0.000 +0.000 +0.000 +0.000 +0.000 +0.000
 +0.000 +0.000 +0.000 +0.000 +0.000 +0.000 +0.000 +0.000 +0.000 +0.000
 +0.000 +0.000 +0.000 +0.000 +0.000 +0.000 +0.000 +0.000 +0.000 +0.000
 +0.000 +0.000 +0.000 +0.000 +0.000 +0.000 +0.000 +0.000 +0.000 +0.000
 +0.000 +0.000 +0.000 +0.000 +0.000 +0.000 +0.000 +0.000 +0.000 +0.000
 +0.000 +0.000 +0.000 +0.000 +0.000 +0.000 +0.000 +0.000 +0.000 +0.000
 +0.000 +0.000 +0.000 +0.000 +0.000 +0.000 +0.000 +0.000 +0.000 +0.000
 +0.000 +0.000 +0.000 +0.000 +0.000 +0.000 +0.000 +0.000 +0.000 +0.000
 +0.000 +0.000 +0.000 +0.000 +0.000 +0.000 +0.000 +0.000 +0.000 +0.000
 +0.000 +0.000 +0.000 +0.000 +0.000 +0.000 +0.000 +0.000 +0.000 +0.000
 +0.000 +0.000 +0.000 +0.000 +0.000 +0.000 +0.000 +0.000 +0.000 +0.000
 +0.000 +0.000 +0.000 +0.000 +0.000 +0.000 +0.000 +0.000 +0.000 +0.000
 +0.000 +0.000 +0.000 +0.000 +0.000 +0.000 +0.000 +0.000 +0.000 +0.000
 +0.000 +0.000 +0.000 +0.000 +0.000 +0.000 +0.000 +0.000 +0.000 +0.000
 +0.000 +0.000 +0.000 +0.000 +0.000 +0.000 +0.000 +0.000 +0.000 +0.000
 +0.000 +0.000 +0.000 +0.000 +0.000 +0.000 +0.000 +0.000 +0.000 +0.000
 +0.000 +0.000 +0.000 +0.000 +0.000 +0.000 +0.000 +0.000 +0.000 +0.000
 +0.000 +0.000 +0.000 +0.000 +0.000 +0.000 +0.000 +0.000 +0.000 +0.000
 +0.000 +0.000 +0.000 +0.000 +0.000 +0.000 +0.000 +0.000 +0.000 +0.000
 +0.000 +0.000 +0.000 +0.000 +0.000 +0.000 +0.000 +0.000 +0.000 +0.000
 +0.000 +0.000 +0.000 +0.000 +0.000 +0.000 +0.000 +0.000 +0.000 +0.000
 +0.000 +0.000 +0.000 +0.000 +0.000 +0.000 +0.000 +0.000 +0.000 +0.000
 +0.000 +0.000 +0.000 +0.000 +1.895 +0.000 +0.000 +0.000 +0.000 +0.000
 +0.000 +0.000 +0.000 +0.000 +0.000 +0.000 +0.000 +0.000 +0.000 +0.000]
Dual variables:           [-0.525 +1.930]

Optimal objective:       -3.26009502e-03
===========================================================================

Method:                  II-QIPM
LO_Precision:            1.00e-01
Stop_Precision:          1.00e-03
LO_Verbosity:            2
Omega:                   1.00e+01

The Quantum Inexact Infeasible Interior-Point Method starts running ...


                  Objective                Residual                                Linear system           Step-length
Iter      Primal           Dual         Primal    Dual     Compl    ||Resl||  Cond-Num  ||M||   ||RHS||    a-star   a-hat      Time
   0   2.23009381e+01 -7.16425522e-01  1.81e+00 4.34e+01  1.05e+04 *3.58e-15  4.00e+00 1.00e+00 1.14e+01  8.85e-01 8.06e-01      0s
   1   2.35051950e+01 -7.16425522e-01  1.28e+00 4.09e+01  9.95e+03  5.23e+01  3.90e+00 6.04e+00 5.23e+01  4.57e-01 5.70e-02      1s
   2   2.41923282e+01 -7.16425522e-01  3.00e+00 3.97e+01  9.69e+03  6.10e+01  3.84e+00 6.58e+00 6.10e+01  4.24e-01 2.88e-02      1s
   3   2.48481120e+01 -7.16425522e-01  4.62e+00 3.87e+01  9.46e+03  6.59e+01  3.81e+00 6.87e+00 6.59e+01  4.07e-01 2.59e-02      2s
   4   2.54741842e+01 -7.16425522e-01  6.17e+00 3.78e+01  9.26e+03  7.07e+01  3.77e+00 7.15e+00 7.07e+01  3.91e-01 2.34e-02      3s
   5   2.60719778e+01 -7.16425522e-01  7.64e+00 3.70e+01  9.08e+03  7.53e+01  3.74e+00 7.43e+00 7.53e+01  3.77e-01 2.13e-02      3s
   6   2.66432117e+01 -7.16425522e-01  9.05e+00 3.63e+01  8.93e+03  7.98e+01  3.70e+00 7.69e+00 7.98e+01  3.63e-01 1.95e-02      4s
   7   2.71875774e+01 -7.16425522e-01  1.04e+01 3.56e+01  8.78e+03  8.42e+01  3.67e+00 7.94e+00 8.42e+01  3.50e-01 1.78e-02      4s
   8   2.77077219e+01 -7.16425522e-01  1.17e+01 3.50e+01  8.65e+03  8.84e+01  3.63e+00 8.18e+00 8.84e+01  3.39e-01 1.64e-02      5s
   9   2.82042251e+01 -7.16425522e-01  1.29e+01 3.45e+01  8.53e+03  9.26e+01  3.60e+00 8.41e+00 9.26e+01  3.28e-01 1.51e-02      6s
  10   2.86782888e+01 -7.16425522e-01  1.41e+01 3.40e+01  8.42e+03  9.66e+01  3.57e+00 8.64e+00 9.66e+01  3.17e-01 1.40e-02      6s
  11   2.91316050e+01 -7.16425522e-01  1.52e+01 3.36e+01  8.33e+03  1.01e+02  3.53e+00 8.86e+00 1.01e+02  3.08e-01 1.30e-02      7s
  12   2.95645101e+01 -7.16425522e-01  1.63e+01 3.32e+01  8.23e+03  1.04e+02  3.50e+00 9.07e+00 1.04e+02  2.98e-01 1.21e-02      8s
  13   2.99786885e+01 -7.16425522e-01  1.73e+01 3.28e+01  8.15e+03  1.08e+02  3.47e+00 9.27e+00 1.08e+02  2.90e-01 1.13e-02      8s
  14   3.03749417e+01 -7.16425522e-01  1.83e+01 3.24e+01  8.07e+03  1.12e+02  3.44e+00 9.47e+00 1.12e+02  2.82e-01 1.06e-02      9s
  15   3.07540820e+01 -7.16425522e-01  1.93e+01 3.21e+01  8.00e+03  1.15e+02  3.41e+00 9.66e+00 1.15e+02  2.74e-01 9.93e-03     10s
  16   3.11172840e+01 -7.16425522e-01  2.02e+01 3.18e+01  7.93e+03  1.19e+02  3.38e+00 9.85e+00 1.19e+02  2.67e-01 9.33e-03     11s
  17   3.14649670e+01 -7.16425522e-01  2.11e+01 3.15e+01  7.87e+03  1.22e+02  3.36e+00 1.00e+01 1.22e+02  2.60e-01 8.78e-03     12s
  18   3.17982489e+01 -7.16425522e-01  2.20e+01 3.13e+01  7.81e+03  1.26e+02  3.33e+00 1.02e+01 1.26e+02  2.53e-01 8.28e-03     12s
  19   3.21181808e+01 -7.16425522e-01  2.28e+01 3.10e+01  7.76e+03  1.29e+02  3.30e+00 1.04e+01 1.29e+02  2.47e-01 7.83e-03     13s
  20   3.24248271e+01 -7.16425522e-01  2.36e+01 3.08e+01  7.70e+03  1.32e+02  3.28e+00 1.05e+01 1.32e+02  2.41e-01 7.40e-03     14s
  21   3.27191918e+01 -7.16425522e-01  2.44e+01 3.06e+01  7.65e+03  1.36e+02  3.25e+00 1.07e+01 1.36e+02  2.35e-01 7.01e-03     14s
  22   3.30019279e+01 -7.16425522e-01  2.52e+01 3.04e+01  7.61e+03  1.39e+02  3.23e+00 1.09e+01 1.39e+02  2.30e-01 6.66e-03     15s
  23   3.32736595e+01 -7.16425522e-01  2.59e+01 3.02e+01  7.57e+03  1.42e+02  3.20e+00 1.10e+01 1.42e+02  2.25e-01 6.33e-03     16s
  24   3.35347199e+01 -7.16425522e-01  2.66e+01 3.00e+01  7.52e+03  1.45e+02  3.18e+00 1.12e+01 1.45e+02  2.20e-01 6.02e-03     17s
  25   3.37856978e+01 -7.16425522e-01  2.73e+01 2.98e+01  7.49e+03  1.48e+02  3.15e+00 1.13e+01 1.48e+02  2.15e-01 5.73e-03     17s
  26   3.40269098e+01 -7.16425522e-01  2.80e+01 2.97e+01  7.45e+03  1.51e+02  3.13e+00 1.15e+01 1.51e+02  2.11e-01 5.46e-03     18s
  27   3.42593704e+01 -7.16425522e-01  2.87e+01 2.95e+01  7.41e+03  1.54e+02  3.11e+00 1.16e+01 1.54e+02  2.06e-01 5.22e-03     19s
  28   3.44828867e+01 -7.16425522e-01  2.93e+01 2.94e+01  7.38e+03  1.57e+02  3.09e+00 1.17e+01 1.57e+02  2.02e-01 4.98e-03     20s
  29   3.46981847e+01 -7.16425522e-01  2.99e+01 2.92e+01  7.35e+03  1.60e+02  3.07e+00 1.19e+01 1.60e+02  1.98e-01 4.77e-03     20s
  30   3.49055192e+01 -7.16425522e-01  3.05e+01 2.91e+01  7.32e+03  1.63e+02  3.04e+00 1.20e+01 1.63e+02  1.94e-01 4.57e-03     21s
  31   3.51053432e+01 -7.16425522e-01  3.11e+01 2.90e+01  7.29e+03  1.65e+02  3.02e+00 1.21e+01 1.65e+02  1.91e-01 4.38e-03     22s
  32   3.52978902e+01 -7.16425522e-01  3.17e+01 2.88e+01  7.26e+03  1.68e+02  3.00e+00 1.23e+01 1.68e+02  1.87e-01 4.20e-03     23s
  33   2.47434601e+01 -3.06513112e-01  1.76e+01 1.61e+01  4.22e+03  3.93e-01  2.98e+00 1.24e+01 1.71e+02  8.83e-01 4.43e-01     23s
  34   2.53395944e+01 -3.06513112e-01  1.93e+01 1.57e+01  4.14e+03  9.41e+01  3.63e+00 1.93e+01 9.41e+01  3.73e-01 2.10e-02     24s
  35   2.59046879e+01 -3.06513112e-01  2.08e+01 1.54e+01  4.07e+03  9.91e+01  3.59e+00 2.00e+01 9.91e+01  3.60e-01 1.91e-02     24s
  36   2.64435638e+01 -3.06513112e-01  2.22e+01 1.51e+01  4.01e+03  1.04e+02  3.55e+00 2.06e+01 1.04e+02  3.47e-01 1.75e-02     25s
  37   2.69571699e+01 -3.06513112e-01  2.36e+01 1.49e+01  3.95e+03  1.09e+02  3.52e+00 2.12e+01 1.09e+02  3.36e-01 1.61e-02     26s
  38   2.74471086e+01 -3.06513112e-01  2.50e+01 1.47e+01  3.89e+03  1.13e+02  3.48e+00 2.18e+01 1.13e+02  3.25e-01 1.49e-02     27s
  39   2.79140751e+01 -3.06513112e-01  2.62e+01 1.45e+01  3.85e+03  1.18e+02  3.45e+00 2.24e+01 1.18e+02  3.15e-01 1.38e-02     27s
  40   2.83597737e+01 -3.06513112e-01  2.75e+01 1.43e+01  3.80e+03  1.22e+02  3.42e+00 2.30e+01 1.22e+02  3.05e-01 1.28e-02     28s
  41   2.87845818e+01 -3.06513112e-01  2.86e+01 1.41e+01  3.76e+03  1.26e+02  3.38e+00 2.35e+01 1.26e+02  2.96e-01 1.19e-02     29s
  42   2.91902063e+01 -3.06513112e-01  2.98e+01 1.40e+01  3.72e+03  1.31e+02  3.35e+00 2.40e+01 1.31e+02  2.88e-01 1.11e-02     29s
  43   2.95778747e+01 -3.06513112e-01  3.09e+01 1.38e+01  3.69e+03  1.35e+02  3.32e+00 2.45e+01 1.35e+02  2.79e-01 1.04e-02     30s
  44   2.99476592e+01 -3.06513112e-01  3.19e+01 1.37e+01  3.66e+03  1.39e+02  3.29e+00 2.50e+01 1.39e+02  2.72e-01 9.77e-03     31s
  45   3.03015079e+01 -3.06513112e-01  3.30e+01 1.36e+01  3.62e+03  1.43e+02  3.26e+00 2.55e+01 1.43e+02  2.65e-01 9.20e-03     32s
  46   3.06395117e+01 -3.06513112e-01  3.39e+01 1.34e+01  3.60e+03  1.47e+02  3.23e+00 2.60e+01 1.47e+02  2.58e-01 8.65e-03     33s
  47   3.09631370e+01 -3.06513112e-01  3.49e+01 1.33e+01  3.57e+03  1.50e+02  3.20e+00 2.64e+01 1.50e+02  2.51e-01 8.17e-03     33s
  48   3.12724953e+01 -3.06513112e-01  3.58e+01 1.32e+01  3.55e+03  1.54e+02  3.18e+00 2.69e+01 1.54e+02  2.45e-01 7.71e-03     34s
  49   3.15689465e+01 -3.06513112e-01  3.67e+01 1.31e+01  3.52e+03  1.58e+02  3.15e+00 2.73e+01 1.58e+02  2.39e-01 7.30e-03     35s
  50   3.18528850e+01 -3.06513112e-01  3.76e+01 1.30e+01  3.50e+03  1.61e+02  3.13e+00 2.77e+01 1.61e+02  2.34e-01 6.92e-03     36s
  51   3.21247156e+01 -3.06513112e-01  3.84e+01 1.30e+01  3.48e+03  1.65e+02  3.10e+00 2.81e+01 1.65e+02  2.28e-01 6.56e-03     36s
  52   3.23853710e+01 -3.06513112e-01  3.92e+01 1.29e+01  3.46e+03  1.69e+02  3.08e+00 2.85e+01 1.69e+02  2.23e-01 6.24e-03     37s
  53   3.26354644e+01 -3.06513112e-01  4.00e+01 1.28e+01  3.44e+03  1.72e+02  3.05e+00 2.89e+01 1.72e+02  2.18e-01 5.94e-03     38s
  54   3.28750975e+01 -3.06513112e-01  4.08e+01 1.27e+01  3.42e+03  1.75e+02  3.03e+00 2.93e+01 1.75e+02  2.14e-01 5.65e-03     39s
  55   3.31053268e+01 -3.06513112e-01  4.15e+01 1.27e+01  3.41e+03  1.79e+02  3.01e+00 2.97e+01 1.79e+02  2.09e-01 5.40e-03     40s
  56   2.56222575e+01 -1.91196005e-01  2.99e+01 9.13e+00  2.53e+03  4.00e-01  2.99e+00 3.00e+01 1.82e+02  8.44e-01 2.79e-01     40s
  57   2.61053677e+01 -1.91196005e-01  3.13e+01 9.00e+00  2.49e+03  1.27e+02  3.40e+00 3.78e+01 1.27e+02  3.15e-01 1.41e-02     41s
  58   2.65572098e+01 -1.91196005e-01  3.26e+01 8.88e+00  2.46e+03  1.32e+02  3.37e+00 3.88e+01 1.32e+02  3.05e-01 1.28e-02     42s
  59   2.69873972e+01 -1.91196005e-01  3.38e+01 8.78e+00  2.44e+03  1.36e+02  3.33e+00 3.97e+01 1.36e+02  2.96e-01 1.20e-02     42s
  60   2.73969065e+01 -1.91196005e-01  3.50e+01 8.68e+00  2.41e+03  1.41e+02  3.30e+00 4.06e+01 1.41e+02  2.88e-01 1.12e-02     43s
  61   2.77875103e+01 -1.91196005e-01  3.62e+01 8.59e+00  2.39e+03  1.45e+02  3.27e+00 4.14e+01 1.45e+02  2.80e-01 1.05e-02     44s
  62   2.81597442e+01 -1.91196005e-01  3.73e+01 8.50e+00  2.37e+03  1.49e+02  3.24e+00 4.23e+01 1.49e+02  2.72e-01 9.80e-03     44s
  63   2.85149010e+01 -1.91196005e-01  3.83e+01 8.43e+00  2.35e+03  1.53e+02  3.21e+00 4.31e+01 1.53e+02  2.65e-01 9.21e-03     45s
  64   2.88535214e+01 -1.91196005e-01  3.94e+01 8.35e+00  2.33e+03  1.57e+02  3.18e+00 4.39e+01 1.57e+02  2.58e-01 8.66e-03     46s
  65   2.91771423e+01 -1.91196005e-01  4.04e+01 8.28e+00  2.31e+03  1.61e+02  3.15e+00 4.46e+01 1.61e+02  2.51e-01 8.18e-03     47s
  66   2.94859360e+01 -1.91196005e-01  4.13e+01 8.22e+00  2.30e+03  1.65e+02  3.13e+00 4.54e+01 1.65e+02  2.45e-01 7.72e-03     47s
  67   2.97813167e+01 -1.91196005e-01  4.23e+01 8.16e+00  2.28e+03  1.69e+02  3.10e+00 4.61e+01 1.69e+02  2.39e-01 7.31e-03     48s
  68   3.00637278e+01 -1.91196005e-01  4.32e+01 8.10e+00  2.27e+03  1.73e+02  3.07e+00 4.68e+01 1.73e+02  2.34e-01 6.93e-03     49s
  69   3.03336200e+01 -1.91196005e-01  4.40e+01 8.05e+00  2.25e+03  1.77e+02  3.05e+00 4.75e+01 1.77e+02  2.28e-01 6.57e-03     50s
  70   3.05919637e+01 -1.91196005e-01  4.49e+01 8.00e+00  2.24e+03  1.80e+02  3.02e+00 4.81e+01 1.80e+02  2.23e-01 6.25e-03     51s
  71   3.08391591e+01 -1.91196005e-01  4.57e+01 7.95e+00  2.23e+03  1.84e+02  3.00e+00 4.88e+01 1.84e+02  2.18e-01 5.94e-03     51s
  72   2.44912762e+01 -1.27710638e-01  3.46e+01 6.02e+00  1.73e+03  6.14e-01  2.98e+00 4.94e+01 1.88e+02  8.20e-01 2.43e-01     52s
  73   2.49676791e+01 -1.27710638e-01  3.60e+01 5.94e+00  1.71e+03  1.37e+02  3.35e+00 6.00e+01 1.37e+02  3.11e-01 1.35e-02     53s
  74   2.54183914e+01 -1.27710638e-01  3.73e+01 5.87e+00  1.69e+03  1.42e+02  3.32e+00 6.15e+01 1.42e+02  3.02e-01 1.25e-02     53s
  75   2.58464550e+01 -1.27710638e-01  3.86e+01 5.80e+00  1.67e+03  1.46e+02  3.29e+00 6.29e+01 1.46e+02  2.93e-01 1.16e-02     54s
  76   2.62538174e+01 -1.27710638e-01  3.98e+01 5.73e+00  1.65e+03  1.51e+02  3.25e+00 6.43e+01 1.51e+02  2.84e-01 1.09e-02     55s
  77   2.66411265e+01 -1.27710638e-01  4.10e+01 5.68e+00  1.64e+03  1.55e+02  3.22e+00 6.56e+01 1.55e+02  2.77e-01 1.02e-02     56s
  78   2.70098143e+01 -1.27710638e-01  4.21e+01 5.62e+00  1.63e+03  1.60e+02  3.19e+00 6.69e+01 1.60e+02  2.69e-01 9.57e-03     56s
  79   2.73608754e+01 -1.27710638e-01  4.32e+01 5.57e+00  1.61e+03  1.64e+02  3.16e+00 6.81e+01 1.64e+02  2.62e-01 9.00e-03     57s
  80   2.76952725e+01 -1.27710638e-01  4.43e+01 5.52e+00  1.60e+03  1.68e+02  3.13e+00 6.93e+01 1.68e+02  2.55e-01 8.47e-03     58s
  81   2.80142505e+01 -1.27710638e-01  4.53e+01 5.48e+00  1.59e+03  1.72e+02  3.11e+00 7.05e+01 1.72e+02  2.49e-01 8.00e-03     59s
  82   2.83183565e+01 -1.27710638e-01  4.63e+01 5.44e+00  1.58e+03  1.77e+02  3.08e+00 7.16e+01 1.77e+02  2.43e-01 7.56e-03     60s
  83   2.86084360e+01 -1.27710638e-01  4.73e+01 5.40e+00  1.57e+03  1.81e+02  3.05e+00 7.28e+01 1.81e+02  2.37e-01 7.16e-03     60s
  84   2.88852916e+01 -1.27710638e-01  4.82e+01 5.36e+00  1.56e+03  1.85e+02  3.03e+00 7.38e+01 1.85e+02  2.32e-01 6.78e-03     61s
  85   2.91499484e+01 -1.27710638e-01  4.91e+01 5.33e+00  1.55e+03  1.88e+02  3.00e+00 7.49e+01 1.88e+02  2.26e-01 6.45e-03     62s
  86   2.32604145e+01 -8.72753860e-02  3.78e+01 4.10e+00  1.22e+03  6.53e-01  2.98e+00 7.59e+01 1.92e+02  8.11e-01 2.30e-01     62s
  87   2.37616883e+01 -8.72753860e-02  3.93e+01 4.04e+00  1.20e+03  1.42e+02  3.34e+00 9.11e+01 1.42e+02  3.16e-01 1.42e-02     63s
  88   2.42290786e+01 -8.72753860e-02  4.07e+01 3.99e+00  1.19e+03  1.47e+02  3.30e+00 9.34e+01 1.47e+02  3.06e-01 1.30e-02     64s
  89   2.46728011e+01 -8.72753860e-02  4.20e+01 3.94e+00  1.18e+03  1.52e+02  3.27e+00 9.56e+01 1.52e+02  2.97e-01 1.21e-02     65s
  90   2.50936214e+01 -8.72753860e-02  4.33e+01 3.90e+00  1.17e+03  1.57e+02  3.24e+00 9.77e+01 1.57e+02  2.89e-01 1.13e-02     65s
  91   2.54927650e+01 -8.72753860e-02  4.46e+01 3.86e+00  1.15e+03  1.61e+02  3.21e+00 9.98e+01 1.61e+02  2.81e-01 1.05e-02     66s
  92   2.58721891e+01 -8.72753860e-02  4.58e+01 3.82e+00  1.14e+03  1.66e+02  3.17e+00 1.02e+02 1.66e+02  2.73e-01 9.89e-03     67s
  93   2.62326065e+01 -8.72753860e-02  4.69e+01 3.78e+00  1.13e+03  1.71e+02  3.14e+00 1.04e+02 1.71e+02  2.66e-01 9.28e-03     68s
  94   2.65750950e+01 -8.72753860e-02  4.80e+01 3.75e+00  1.13e+03  1.75e+02  3.11e+00 1.06e+02 1.75e+02  2.59e-01 8.73e-03     68s
  95   2.69010128e+01 -8.72753860e-02  4.91e+01 3.72e+00  1.12e+03  1.79e+02  3.09e+00 1.07e+02 1.79e+02  2.52e-01 8.23e-03     69s
  96   2.72116177e+01 -8.72753860e-02  5.02e+01 3.69e+00  1.11e+03  1.84e+02  3.06e+00 1.09e+02 1.84e+02  2.46e-01 7.79e-03     70s
  97   2.75071838e+01 -8.72753860e-02  5.12e+01 3.66e+00  1.10e+03  1.88e+02  3.03e+00 1.11e+02 1.88e+02  2.40e-01 7.36e-03     71s
  98   2.77885991e+01 -8.72753860e-02  5.22e+01 3.64e+00  1.09e+03  1.92e+02  3.01e+00 1.13e+02 1.92e+02  2.34e-01 6.97e-03     72s
  99   2.20883797e+01 -6.00227195e-02  4.04e+01 2.82e+00  8.66e+02  6.01e-01  2.98e+00 1.14e+02 1.96e+02  8.09e-01 2.26e-01     72s
 100   2.26147982e+01 -6.00227195e-02  4.19e+01 2.77e+00  8.54e+02  1.45e+02  3.34e+00 1.37e+02 1.45e+02  3.25e-01 1.51e-02     73s
 101   2.31076270e+01 -6.00227195e-02  4.34e+01 2.73e+00  8.43e+02  1.50e+02  3.31e+00 1.40e+02 1.50e+02  3.15e-01 1.39e-02     73s
 102   2.35731295e+01 -6.00227195e-02  4.49e+01 2.70e+00  8.34e+02  1.55e+02  3.27e+00 1.44e+02 1.55e+02  3.05e-01 1.29e-02     74s
 103   2.40136799e+01 -6.00227195e-02  4.63e+01 2.67e+00  8.25e+02  1.60e+02  3.24e+00 1.47e+02 1.60e+02  2.96e-01 1.20e-02     75s
 104   2.44306404e+01 -6.00227195e-02  4.76e+01 2.64e+00  8.16e+02  1.65e+02  3.20e+00 1.50e+02 1.65e+02  2.88e-01 1.12e-02     76s
 105   2.48257374e+01 -6.00227195e-02  4.89e+01 2.61e+00  8.09e+02  1.70e+02  3.17e+00 1.53e+02 1.70e+02  2.80e-01 1.05e-02     77s
 106   2.52002122e+01 -6.00227195e-02  5.01e+01 2.58e+00  8.01e+02  1.75e+02  3.14e+00 1.56e+02 1.75e+02  2.72e-01 9.82e-03     78s
 107   2.55556152e+01 -6.00227195e-02  5.13e+01 2.56e+00  7.95e+02  1.80e+02  3.11e+00 1.59e+02 1.80e+02  2.65e-01 9.23e-03     78s
 108   2.58930471e+01 -6.00227195e-02  5.25e+01 2.54e+00  7.88e+02  1.84e+02  3.08e+00 1.62e+02 1.84e+02  2.58e-01 8.69e-03     79s
 109   2.62132373e+01 -6.00227195e-02  5.36e+01 2.52e+00  7.83e+02  1.89e+02  3.05e+00 1.65e+02 1.89e+02  2.51e-01 8.19e-03     80s
 110   2.65175250e+01 -6.00227195e-02  5.47e+01 2.50e+00  7.77e+02  1.93e+02  3.02e+00 1.68e+02 1.93e+02  2.45e-01 7.74e-03     81s
 111   2.02074302e+01 -3.95154972e-02  4.11e+01 1.88e+00  5.98e+02  1.45e-01  3.00e+00 1.70e+02 1.98e+02  8.25e-01 2.49e-01     81s
 112   2.08017889e+01 -3.95154972e-02  4.29e+01 1.84e+00  5.88e+02  1.40e+02  3.40e+00 2.08e+02 1.40e+02  3.52e-01 1.84e-02     82s
 113   2.13524159e+01 -3.95154972e-02  4.46e+01 1.81e+00  5.79e+02  1.46e+02  3.36e+00 2.15e+02 1.46e+02  3.39e-01 1.66e-02     83s
 114   2.18710628e+01 -3.95154972e-02  4.62e+01 1.78e+00  5.71e+02  1.52e+02  3.32e+00 2.21e+02 1.52e+02  3.28e-01 1.53e-02     83s
 115   2.23594055e+01 -3.95154972e-02  4.78e+01 1.76e+00  5.64e+02  1.57e+02  3.28e+00 2.27e+02 1.57e+02  3.18e-01 1.42e-02     84s
 116   2.28200513e+01 -3.95154972e-02  4.93e+01 1.73e+00  5.57e+02  1.63e+02  3.24e+00 2.33e+02 1.63e+02  3.08e-01 1.32e-02     85s
 117   2.32545468e+01 -3.95154972e-02  5.08e+01 1.71e+00  5.51e+02  1.68e+02  3.21e+00 2.38e+02 1.68e+02  2.99e-01 1.22e-02     87s
 118   2.36644070e+01 -3.95154972e-02  5.22e+01 1.69e+00  5.45e+02  1.74e+02  3.17e+00 2.43e+02 1.74e+02  2.90e-01 1.14e-02     88s
 119   2.40518755e+01 -3.95154972e-02  5.35e+01 1.68e+00  5.40e+02  1.79e+02  3.14e+00 2.48e+02 1.79e+02  2.82e-01 1.07e-02     91s
 120   2.44182642e+01 -3.95154972e-02  5.48e+01 1.66e+00  5.35e+02  1.84e+02  3.11e+00 2.53e+02 1.84e+02  2.74e-01 1.00e-02     94s
 121   2.47648304e+01 -3.95154972e-02  5.61e+01 1.64e+00  5.31e+02  1.89e+02  3.08e+00 2.58e+02 1.89e+02  2.67e-01 9.39e-03     95s
 122   2.50931002e+01 -3.95154972e-02  5.73e+01 1.63e+00  5.27e+02  1.94e+02  3.05e+00 2.63e+02 1.94e+02  2.60e-01 8.84e-03     96s
 123   2.54035467e+01 -3.95154972e-02  5.85e+01 1.61e+00  5.23e+02  1.98e+02  3.02e+00 2.67e+02 1.98e+02  2.53e-01 8.32e-03     97s
 124   1.97994667e+01 -2.71097920e-02  4.49e+01 1.24e+00  4.11e+02  3.75e-01  2.99e+00 2.72e+02 2.03e+02  8.13e-01 2.32e-01     97s
 125   2.03842004e+01 -2.71097920e-02  4.68e+01 1.22e+00  4.04e+02  1.47e+02  3.37e+00 3.27e+02 1.47e+02  3.54e-01 1.85e-02     98s
 126   2.09284463e+01 -2.71097920e-02  4.86e+01 1.20e+00  3.98e+02  1.53e+02  3.33e+00 3.37e+02 1.53e+02  3.41e-01 1.69e-02     99s
 127   2.14393613e+01 -2.71097920e-02  5.03e+01 1.18e+00  3.92e+02  1.59e+02  3.29e+00 3.47e+02 1.59e+02  3.30e-01 1.56e-02    100s
 128   2.19188217e+01 -2.71097920e-02  5.20e+01 1.16e+00  3.87e+02  1.65e+02  3.25e+00 3.56e+02 1.65e+02  3.20e-01 1.44e-02    100s
 129   2.23700454e+01 -2.71097920e-02  5.35e+01 1.15e+00  3.82e+02  1.70e+02  3.21e+00 3.65e+02 1.70e+02  3.10e-01 1.33e-02    101s
 130   2.27946703e+01 -2.71097920e-02  5.51e+01 1.13e+00  3.78e+02  1.76e+02  3.18e+00 3.74e+02 1.76e+02  3.00e-01 1.24e-02    102s
 131   2.31942905e+01 -2.71097920e-02  5.65e+01 1.12e+00  3.74e+02  1.82e+02  3.14e+00 3.82e+02 1.82e+02  2.92e-01 1.16e-02    103s
 132   2.35708200e+01 -2.71097920e-02  5.79e+01 1.11e+00  3.70e+02  1.87e+02  3.11e+00 3.90e+02 1.87e+02  2.83e-01 1.08e-02    103s
 133   2.39256782e+01 -2.71097920e-02  5.93e+01 1.10e+00  3.67e+02  1.92e+02  3.08e+00 3.98e+02 1.92e+02  2.75e-01 1.01e-02    104s
 134   2.42608877e+01 -2.71097920e-02  6.06e+01 1.08e+00  3.64e+02  1.97e+02  3.05e+00 4.06e+02 1.97e+02  2.68e-01 9.50e-03    105s
 135   2.45770076e+01 -2.71097920e-02  6.19e+01 1.08e+00  3.61e+02  2.02e+02  3.02e+00 4.13e+02 2.02e+02  2.61e-01 8.92e-03    106s
 136   1.92658288e+01 -1.90221972e-02  4.78e+01 8.31e-01  2.85e+02  4.31e-01  2.99e+00 4.20e+02 2.07e+02  8.08e-01 2.27e-01    106s
 137   1.98518222e+01 -1.90221972e-02  4.98e+01 8.15e-01  2.80e+02  1.50e+02  3.37e+00 5.04e+02 1.50e+02  3.61e-01 1.94e-02    107s
 138   2.03990922e+01 -1.90221972e-02  5.17e+01 8.01e-01  2.76e+02  1.57e+02  3.33e+00 5.20e+02 1.57e+02  3.49e-01 1.78e-02    107s
 139   2.09108997e+01 -1.90221972e-02  5.36e+01 7.88e-01  2.72e+02  1.63e+02  3.29e+00 5.35e+02 1.63e+02  3.37e-01 1.64e-02    108s
 140   2.13902995e+01 -1.90221972e-02  5.53e+01 7.76e-01  2.68e+02  1.69e+02  3.25e+00 5.50e+02 1.69e+02  3.26e-01 1.51e-02    109s
 141   2.18396748e+01 -1.90221972e-02  5.70e+01 7.65e-01  2.65e+02  1.75e+02  3.21e+00 5.65e+02 1.75e+02  3.16e-01 1.40e-02    109s
 142   2.22612762e+01 -1.90221972e-02  5.86e+01 7.55e-01  2.62e+02  1.81e+02  3.17e+00 5.79e+02 1.81e+02  3.06e-01 1.30e-02    110s
 143   2.26568163e+01 -1.90221972e-02  6.01e+01 7.46e-01  2.59e+02  1.87e+02  3.13e+00 5.92e+02 1.87e+02  2.97e-01 1.21e-02    111s
 144   2.30283150e+01 -1.90221972e-02  6.16e+01 7.37e-01  2.56e+02  1.93e+02  3.10e+00 6.05e+02 1.93e+02  2.88e-01 1.13e-02    112s
 145   2.33772932e+01 -1.90221972e-02  6.31e+01 7.30e-01  2.54e+02  1.98e+02  3.07e+00 6.17e+02 1.98e+02  2.80e-01 1.05e-02    112s
 146   2.37058539e+01 -1.90221972e-02  6.45e+01 7.22e-01  2.51e+02  2.04e+02  3.03e+00 6.29e+02 2.04e+02  2.72e-01 9.87e-03    113s
 147   2.40149622e+01 -1.90221972e-02  6.58e+01 7.16e-01  2.49e+02  2.09e+02  3.00e+00 6.41e+02 2.09e+02  2.65e-01 9.27e-03    114s
 148   1.95296405e+01 -1.41578246e-02  5.24e+01 5.70e-01  2.03e+02  9.12e-01  2.97e+00 6.52e+02 2.14e+02  7.90e-01 2.04e-01    114s
 149   2.00843538e+01 -1.41578246e-02  5.44e+01 5.59e-01  1.99e+02  1.60e+02  3.33e+00 7.65e+02 1.60e+02  3.55e-01 1.87e-02    115s
 150   2.05976145e+01 -1.41578246e-02  5.64e+01 5.50e-01  1.96e+02  1.67e+02  3.29e+00 7.89e+02 1.67e+02  3.43e-01 1.71e-02    116s
 151   2.10771149e+01 -1.41578246e-02  5.82e+01 5.41e-01  1.93e+02  1.74e+02  3.24e+00 8.12e+02 1.74e+02  3.31e-01 1.57e-02    117s
 152   2.15253662e+01 -1.41578246e-02  6.00e+01 5.33e-01  1.91e+02  1.80e+02  3.20e+00 8.33e+02 1.80e+02  3.21e-01 1.45e-02    117s
 153   2.19443193e+01 -1.41578246e-02  6.17e+01 5.26e-01  1.88e+02  1.86e+02  3.17e+00 8.54e+02 1.86e+02  3.11e-01 1.35e-02    118s
 154   2.23370414e+01 -1.41578246e-02  6.33e+01 5.20e-01  1.86e+02  1.92e+02  3.13e+00 8.75e+02 1.92e+02  3.01e-01 1.25e-02    119s
 155   2.27044316e+01 -1.41578246e-02  6.49e+01 5.14e-01  1.84e+02  1.98e+02  3.09e+00 8.94e+02 1.98e+02  2.92e-01 1.17e-02    119s
 156   2.30488549e+01 -1.41578246e-02  6.64e+01 5.08e-01  1.83e+02  2.04e+02  3.06e+00 9.13e+02 2.04e+02  2.84e-01 1.09e-02    120s
 157   2.33717959e+01 -1.41578246e-02  6.78e+01 5.03e-01  1.81e+02  2.10e+02  3.03e+00 9.31e+02 2.10e+02  2.76e-01 1.02e-02    121s
 158   1.80553697e+01 -1.02708035e-02  5.20e+01 3.86e-01  1.42e+02  2.15e-01  2.99e+00 9.49e+02 2.15e+02  8.13e-01 2.33e-01    121s
 159   1.86639698e+01 -1.02708035e-02  5.44e+01 3.77e-01  1.39e+02  1.53e+02  3.40e+00 1.15e+03 1.53e+02  3.85e-01 2.30e-02    122s
 160   1.92245795e+01 -1.02708035e-02  5.66e+01 3.69e-01  1.36e+02  1.60e+02  3.35e+00 1.19e+03 1.60e+02  3.71e-01 2.08e-02    123s
 161   1.97440922e+01 -1.02708035e-02  5.87e+01 3.62e-01  1.34e+02  1.67e+02  3.31e+00 1.23e+03 1.67e+02  3.58e-01 1.89e-02    123s
 162   2.02275491e+01 -1.02708035e-02  6.07e+01 3.56e-01  1.32e+02  1.74e+02  3.26e+00 1.27e+03 1.74e+02  3.45e-01 1.74e-02    124s
 163   2.06767093e+01 -1.02708035e-02  6.26e+01 3.50e-01  1.30e+02  1.81e+02  3.22e+00 1.30e+03 1.81e+02  3.34e-01 1.60e-02    125s
 164   2.10946645e+01 -1.02708035e-02  6.44e+01 3.45e-01  1.28e+02  1.88e+02  3.18e+00 1.34e+03 1.88e+02  3.23e-01 1.48e-02    126s
 165   2.14838547e+01 -1.02708035e-02  6.62e+01 3.40e-01  1.27e+02  1.94e+02  3.14e+00 1.37e+03 1.94e+02  3.13e-01 1.37e-02    126s
 166   2.18469168e+01 -1.02708035e-02  6.79e+01 3.36e-01  1.25e+02  2.00e+02  3.10e+00 1.40e+03 2.00e+02  3.03e-01 1.27e-02    127s
 167   2.21855592e+01 -1.02708035e-02  6.96e+01 3.32e-01  1.24e+02  2.07e+02  3.07e+00 1.44e+03 2.07e+02  2.94e-01 1.18e-02    128s
 168   2.25014094e+01 -1.02708035e-02  7.11e+01 3.28e-01  1.23e+02  2.13e+02  3.03e+00 1.47e+03 2.13e+02  2.86e-01 1.10e-02    128s
 169   1.71644880e+01 -7.66343817e-03  5.41e+01 2.50e-01  9.56e+01  6.95e-02  3.00e+00 1.50e+03 2.19e+02  8.10e-01 2.39e-01    129s
 170   1.77691268e+01 -7.66343817e-03  5.67e+01 2.43e-01  9.33e+01  1.53e+02  3.42e+00 1.82e+03 1.53e+02  4.02e-01 2.57e-02    130s
 171   1.83204050e+01 -7.66343817e-03  5.91e+01 2.38e-01  9.14e+01  1.61e+02  3.37e+00 1.89e+03 1.61e+02  3.86e-01 2.30e-02    130s
 172   1.88289127e+01 -7.66343817e-03  6.13e+01 2.33e-01  8.97e+01  1.68e+02  3.32e+00 1.96e+03 1.68e+02  3.72e-01 2.09e-02    131s
 173   1.92987966e+01 -7.66343817e-03  6.35e+01 2.28e-01  8.81e+01  1.76e+02  3.28e+00 2.03e+03 1.76e+02  3.58e-01 1.91e-02    132s
 174   1.97329887e+01 -7.66343817e-03  6.56e+01 2.24e-01  8.67e+01  1.83e+02  3.23e+00 2.09e+03 1.83e+02  3.46e-01 1.75e-02    132s
 175   2.01346885e+01 -7.66343817e-03  6.76e+01 2.21e-01  8.55e+01  1.90e+02  3.19e+00 2.15e+03 1.90e+02  3.34e-01 1.61e-02    133s
 176   2.05064600e+01 -7.66343817e-03  6.95e+01 2.17e-01  8.43e+01  1.97e+02  3.15e+00 2.21e+03 1.97e+02  3.23e-01 1.48e-02    134s
 177   2.08503555e+01 -7.66343817e-03  7.14e+01 2.14e-01  8.33e+01  2.04e+02  3.11e+00 2.27e+03 2.04e+02  3.13e-01 1.37e-02    134s
 178   2.11692973e+01 -7.66343817e-03  7.31e+01 2.12e-01  8.23e+01  2.10e+02  3.07e+00 2.32e+03 2.10e+02  3.04e-01 1.28e-02    135s
 179   2.14649797e+01 -7.66343817e-03  7.48e+01 2.09e-01  8.14e+01  2.17e+02  3.03e+00 2.37e+03 2.17e+02  2.95e-01 1.19e-02    136s
 180   1.63687083e+01 -5.99922250e-03  5.69e+01 1.59e-01  6.34e+01  7.87e-02  3.00e+00 2.42e+03 2.23e+02  8.04e-01 2.40e-01    136s
 181   1.69344004e+01 -5.99922250e-03  5.96e+01 1.55e-01  6.18e+01  1.55e+02  3.43e+00 2.95e+03 1.55e+02  4.14e-01 2.76e-02    137s
 182   1.74507039e+01 -5.99922250e-03  6.22e+01 1.51e-01  6.04e+01  1.63e+02  3.38e+00 3.08e+03 1.63e+02  3.98e-01 2.48e-02    138s
 183   1.79237964e+01 -5.99922250e-03  6.47e+01 1.47e-01  5.92e+01  1.71e+02  3.33e+00 3.20e+03 1.71e+02  3.83e-01 2.25e-02    138s
 184   1.83573996e+01 -5.99922250e-03  6.70e+01 1.44e-01  5.81e+01  1.79e+02  3.28e+00 3.31e+03 1.79e+02  3.68e-01 2.04e-02    139s
 185   1.87550207e+01 -5.99922250e-03  6.92e+01 1.42e-01  5.71e+01  1.87e+02  3.23e+00 3.42e+03 1.87e+02  3.55e-01 1.87e-02    140s
 186   1.91199158e+01 -5.99922250e-03  7.14e+01 1.39e-01  5.62e+01  1.94e+02  3.19e+00 3.52e+03 1.94e+02  3.43e-01 1.71e-02    140s
 187   1.94547388e+01 -5.99922250e-03  7.34e+01 1.37e-01  5.54e+01  2.02e+02  3.15e+00 3.62e+03 2.02e+02  3.31e-01 1.58e-02    141s
 188   1.97622771e+01 -5.99922250e-03  7.54e+01 1.35e-01  5.47e+01  2.09e+02  3.10e+00 3.72e+03 2.09e+02  3.21e-01 1.46e-02    142s
 189   2.00444836e+01 -5.99922250e-03  7.73e+01 1.33e-01  5.40e+01  2.16e+02  3.06e+00 3.81e+03 2.16e+02  3.11e-01 1.35e-02    143s
 190   2.03034758e+01 -5.99922250e-03  7.91e+01 1.32e-01  5.34e+01  2.23e+02  3.03e+00 3.90e+03 2.23e+02  3.01e-01 1.25e-02    143s
 191   1.59008450e+01 -5.00615329e-03  6.12e+01 1.02e-01  4.23e+01  4.22e-01  2.99e+00 3.98e+03 2.29e+02  7.98e-01 2.26e-01    144s
 192   1.64002650e+01 -5.00615329e-03  6.40e+01 9.90e-02  4.12e+01  1.62e+02  3.41e+00 4.80e+03 1.62e+02  4.16e-01 2.80e-02    144s
 193   1.68498475e+01 -5.00615329e-03  6.67e+01 9.65e-02  4.02e+01  1.71e+02  3.36e+00 5.01e+03 1.71e+02  3.99e-01 2.49e-02    145s
 194   1.72585027e+01 -5.00615329e-03  6.92e+01 9.43e-02  3.94e+01  1.79e+02  3.31e+00 5.20e+03 1.79e+02  3.83e-01 2.26e-02    146s
 195   1.76294824e+01 -5.00615329e-03  7.17e+01 9.24e-02  3.87e+01  1.88e+02  3.26e+00 5.38e+03 1.88e+02  3.69e-01 2.05e-02    146s
 196   1.79669360e+01 -5.00615329e-03  7.40e+01 9.06e-02  3.80e+01  1.95e+02  3.21e+00 5.56e+03 1.95e+02  3.56e-01 1.88e-02    147s
 197   1.81549527e+01 -5.00615329e-03  7.53e+01 8.97e-02  3.77e+01  2.03e+02  3.16e+00 5.73e+03 2.03e+02  3.44e-01 1.06e-02    148s
 198   1.81549996e+01 -5.00615329e-03  7.53e+01 8.97e-02  3.77e+01  2.08e+02  3.14e+00 5.82e+03 2.08e+02  3.37e-01 2.66e-06    151s

The solution quality is limited by the precision of the linear system solver.

The algorithm stopped after 199 iterations in 150.90 seconds.

Primal variables:   [+15.974 +21.716 +17.309 +34.390 +36.198 +18.890 +28.786 +12.146 +14.523
 +12.572 +23.392 +22.107 +14.408 +18.883 +12.619 +13.954 +25.160 +12.330
 +17.099 +22.726 +21.483 +11.713 +13.117 +24.427 +26.894 +20.932 +22.990
 +15.500 +13.964 +29.253 +34.314 +19.173 +0.181 +14.264 +27.160 +19.967
 +13.140 +13.418 +26.679 +17.224 +25.535 +14.890 +20.504 +16.044 +16.794
 +24.898 +32.010 +31.481 +13.510 +16.071 +20.735 +19.226 +12.201 +12.492
 +24.735 +17.286 +21.418 +33.615 +18.638 +13.847 +13.866 +18.907 +28.072
 +28.397 +13.887 +12.165 +14.985 +18.737 +10.927 +14.851 +18.748 +21.195
 +21.302 +27.193 +11.676 +34.435 +16.636 +24.479 +19.518 +20.644 +14.657
 +19.307 +26.074 +30.361 +17.908 +13.758 +30.969 +17.749 +19.600 +26.454
 +13.580 +27.603 +23.576 +23.416 +23.703 +22.275 +18.392 +25.504 +13.847
 +11.447 +12.369 +24.284 +14.209 +13.576 +20.205 +18.559 +28.335 +14.797
 +14.333 +13.723 +13.771 +35.062 +34.367 +16.921 +16.989 +18.808 +16.444
 +14.481 +19.518 +14.073 +19.820 +17.147 +18.291 +26.897 +16.509 +15.179
 +30.937 +12.780 +21.859 +15.342 +14.477 +17.872 +14.764 +20.548 +12.228
 +15.753 +36.785 +21.119 +21.710 +32.365 +21.285 +22.987 +15.242 +30.159
 +31.700 +23.805 +24.657 +15.129 +12.036 +23.765 +11.905 +16.454 +28.228
 +25.448 +20.175 +13.176 +29.461 +27.763 +14.823 +20.332 +12.121 +27.142
 +13.629 +30.046 +13.491 +12.361 +14.808 +31.323 +32.982 +34.435 +13.177
 +12.990 +16.729 +16.745 +18.124 +15.557 +31.338 +22.943 +16.187 +14.759
 +20.577 +30.965 +14.725 +14.876 +13.911 +14.784 +21.640 +33.287 +17.319
 +22.140 +30.587 +12.433 +30.750 +25.811 +30.258 +12.879 +15.418 +28.883
 +13.037 +33.962 +14.367 +18.275 +14.668 +13.829 +11.987 +16.209 +13.486
 +32.608 +18.387 +27.218 +12.844 +31.291 +19.165 +18.205 +32.236 +12.230
 +14.448 +32.791 +36.876 +16.968 +23.112 +26.448 +19.779 +18.566 +18.563
 +14.593 +14.958 +16.587 +20.689 +12.532 +16.544 +17.301 +21.980 +18.558
 +13.874 +12.698 +27.833 +34.154 +18.352 +27.632 +26.985 +20.681 +19.830
 +22.652 +37.079 +14.599 +29.398 +13.565 +15.625 +22.357 +36.891 +24.891
 +16.555 +19.805 +14.466 +19.236 +18.196 +13.818 +22.352 +13.323 +14.054
 +11.984 +16.104 +13.511 +13.580 +18.143 +12.028 +15.614 +25.035 +34.875
 +14.467 +17.845 +36.644 +36.742 +33.136 +21.937 +19.359 +21.329 +28.398
 +17.141 +16.373 +25.250 +16.208 +13.880 +26.899 +14.199 +15.942 +16.013
 +11.186 +18.563 +19.915 +36.058 +28.072 +35.762 +18.040 +22.092 +31.582
 +14.109 +20.461 +14.430 +16.809 +25.946 +15.681 +35.864 +20.605 +27.122
 +30.254 +29.122 +29.336 +13.826 +14.548 +19.186 +27.494 +17.943 +18.871
 +16.216 +19.369 +37.029 +14.541 +22.372 +18.392 +18.587 +29.723 +13.253
 +18.107 +17.972 +13.309 +23.408 +34.321 +23.023 +21.150 +27.046 +20.625
 +23.701 +12.543 +18.275 +23.162 +26.550 +11.705 +29.394 +28.094 +34.627
 +17.433 +14.405 +19.887 +25.241 +13.674 +23.714 +13.249 +16.830 +20.168
 +15.095 +20.623 +28.890 +28.593 +15.279 +28.147 +13.707 +31.202 +17.548
 +25.795 +25.235 +21.791 +26.341 +14.762 +16.884 +19.249 +24.753 +24.194
 +16.306 +31.529 +13.966 +17.540 +19.947 +15.603 +27.833 +11.334 +19.099
 +18.008 +19.837 +22.876 +14.952 +14.336 +13.934 +20.234 +20.077 +26.608
 +17.857 +13.903 +14.648 +13.703 +14.013 +18.590 +16.952 +14.087 +13.966
 +14.448 +17.726 +23.892 +20.045 +23.101 +27.964 +11.988 +24.591 +28.804
 +15.246 +26.202 +17.326 +23.264 +17.983 +12.670 +14.017 +11.414 +15.840
 +15.346 +18.868 +16.521 +17.461 +14.169 +15.923 +15.136 +36.476 +21.666
 +18.797 +18.206 +25.176 +21.411 +27.334 +34.769 +14.140 +18.787 +14.028
 +14.800 +20.666 +29.243 +19.139 +17.531 +17.752 +14.638 +30.240 +19.697
 +13.363 +17.556 +12.366 +35.961 +14.074 +13.173 +13.330 +15.181 +22.719
 +20.489 +25.800 +19.943 +20.595 +25.326 +15.049 +14.564 +22.178 +15.433
 +23.747 +28.671 +29.178 +37.426 +16.238 +31.352 +19.917 +34.492 +16.426
 +14.614 +21.247 +36.854 +13.186 +13.393 +20.157 +26.076 +13.422 +13.447
 +32.938 +23.435 +11.546 +18.018 +21.016 +23.163 +17.938 +0.060 +19.355
 +20.092 +26.941 +12.495 +14.456 +23.261 +11.581 +15.425 +11.951 +14.045
 +12.792 +19.388 +15.139 +15.718 +15.589]
Dual slacks:        [+0.005 +0.004 +0.004 +0.002 +0.002 +0.004 +0.003 +0.006 +0.005 +0.006
 +0.003 +0.003 +0.005 +0.004 +0.006 +0.005 +0.003 +0.006 +0.004 +0.003
 +0.004 +0.006 +0.006 +0.003 +0.003 +0.004 +0.003 +0.005 +0.005 +0.003
 +0.002 +0.004 +0.646 +0.005 +0.003 +0.004 +0.006 +0.006 +0.003 +0.004
 +0.003 +0.005 +0.004 +0.005 +0.004 +0.003 +0.002 +0.002 +0.006 +0.005
 +0.004 +0.004 +0.006 +0.006 +0.003 +0.004 +0.004 +0.002 +0.004 +0.005
 +0.005 +0.004 +0.003 +0.003 +0.005 +0.006 +0.005 +0.004 +0.007 +0.005
 +0.004 +0.004 +0.004 +0.003 +0.006 +0.002 +0.005 +0.003 +0.004 +0.004
 +0.005 +0.004 +0.003 +0.001 +0.004 +0.005 +0.003 +0.004 +0.004 +0.003
 +0.005 +0.003 +0.003 +0.003 +0.003 +0.003 +0.004 +0.003 +0.005 +0.006
 +0.006 +0.003 +0.005 +0.005 +0.004 +0.004 +0.003 +0.005 +0.005 +0.005
 +0.005 +0.002 +0.002 +0.004 +0.004 +0.004 +0.005 +0.005 +0.004 +0.005
 +0.004 +0.004 +0.004 +0.003 +0.005 +0.005 +0.003 +0.006 +0.004 +0.005
 +0.005 +0.004 +0.005 +0.004 +0.006 +0.005 +0.002 +0.004 +0.004 +0.002
 +0.004 +0.003 +0.005 +0.003 +0.002 +0.003 +0.003 +0.005 +0.006 +0.003
 +0.006 +0.005 +0.003 +0.003 +0.004 +0.006 +0.003 +0.003 +0.005 +0.004
 +0.006 +0.003 +0.005 +0.003 +0.006 +0.006 +0.005 +0.002 +0.002 +0.002
 +0.006 +0.006 +0.004 +0.004 +0.004 +0.005 +0.002 +0.003 +0.005 +0.005
 +0.004 +0.002 +0.005 +0.005 +0.005 +0.005 +0.004 +0.002 +0.004 +0.003
 +0.003 +0.006 +0.002 +0.003 +0.003 +0.006 +0.005 +0.003 +0.006 +0.002
 +0.005 +0.004 +0.005 +0.005 +0.006 +0.005 +0.006 +0.002 +0.004 +0.003
 +0.006 +0.002 +0.004 +0.004 +0.002 +0.006 +0.005 +0.002 +0.002 +0.004
 +0.003 +0.003 +0.004 +0.004 +0.004 +0.005 +0.005 +0.005 +0.004 +0.006
 +0.005 +0.004 +0.003 +0.004 +0.005 +0.006 +0.003 +0.002 +0.004 +0.003
 +0.003 +0.004 +0.004 +0.003 +0.002 +0.005 +0.003 +0.005 +0.005 +0.003
 +0.002 +0.003 +0.005 +0.004 +0.005 +0.004 +0.004 +0.005 +0.003 +0.006
 +0.005 +0.006 +0.005 +0.006 +0.005 +0.004 +0.006 +0.005 +0.003 +0.002
 +0.005 +0.004 +0.002 +0.002 +0.002 +0.003 +0.004 +0.004 +0.003 +0.004
 +0.005 +0.003 +0.005 +0.005 +0.003 +0.005 +0.005 +0.005 +0.007 +0.004
 +0.004 +0.002 +0.003 +0.002 +0.004 +0.003 +0.002 +0.005 +0.004 +0.005
 +0.004 +0.003 +0.005 +0.002 +0.004 +0.003 +0.003 +0.003 +0.003 +0.005
 +0.005 +0.004 +0.003 +0.004 +0.004 +0.005 +0.004 +0.002 +0.005 +0.003
 +0.004 +0.004 +0.003 +0.006 +0.004 +0.004 +0.006 +0.003 +0.002 +0.003
 +0.004 +0.003 +0.004 +0.003 +0.006 +0.004 +0.003 +0.003 +0.006 +0.003
 +0.003 +0.002 +0.004 +0.005 +0.004 +0.003 +0.005 +0.003 +0.006 +0.004
 +0.004 +0.005 +0.004 +0.003 +0.003 +0.005 +0.003 +0.005 +0.002 +0.004
 +0.003 +0.003 +0.004 +0.003 +0.005 +0.004 +0.004 +0.003 +0.003 +0.005
 +0.002 +0.005 +0.004 +0.004 +0.005 +0.001 +0.007 +0.004 +0.004 +0.004
 +0.003 +0.005 +0.005 +0.005 +0.004 +0.004 +0.003 +0.004 +0.005 +0.005
 +0.005 +0.005 +0.004 +0.004 +0.005 +0.005 +0.005 +0.004 +0.003 +0.004
 +0.003 +0.003 +0.006 +0.003 +0.003 +0.005 +0.003 +0.004 +0.003 +0.004
 +0.006 +0.005 +0.007 +0.005 +0.005 +0.004 +0.005 +0.004 +0.005 +0.005
 +0.005 +0.002 +0.004 +0.004 +0.004 +0.003 +0.004 +0.003 +0.002 +0.005
 +0.004 +0.005 +0.005 +0.004 +0.003 +0.004 +0.004 +0.004 +0.005 +0.003
 +0.004 +0.006 +0.004 +0.006 +0.002 +0.005 +0.006 +0.006 +0.005 +0.003
 +0.004 +0.003 +0.004 +0.004 +0.003 +0.005 +0.005 +0.003 +0.005 +0.003
 +0.003 +0.003 +0.002 +0.005 +0.002 +0.004 +0.002 +0.005 +0.005 +0.004
 +0.002 +0.006 +0.006 +0.004 +0.003 +0.006 +0.006 +0.002 +0.003 +0.006
 +0.004 +0.004 +0.003 +0.004 +1.898 +0.004 +0.004 +0.003 +0.006 +0.005
 +0.003 +0.006 +0.005 +0.006 +0.005 +0.006 +0.004 +0.005 +0.005 +0.005]
Dual variables:     [-0.563 +1.899]

Primal objective:   1.81549996e+01 
Dual objective:     -5.00615329e-03

Primal residual:    7.53e+01
Dual residual:      8.97e-02
Complementraty:     3.77e+01

Number of Iter:     199
Run time:           150.90
