
--------------- Linear optimization problem characteristics ---------------
Seed:                    1
Number of variables:     100
Number of constraints:   2

Norm of primal sol:      2.00e+00
Norm of dual sol:        2.00e+00
Norm of dual slacks:     2.00e+00

Norm of vector b:        3.66e-01
Norm of vector c:        2.53e+00

Norm of matrix A:        1.00e+00
Condition number:        2.00e+00

----------------------- Linear optimization problem -----------------------
Coeff matrix A:          [[+0.033 -0.042 +0.044 +0.089 +0.036 -0.079 -0.147 -0.024 +0.064 -0.069
 +0.090 -0.152 -0.091 +0.118 -0.096 +0.062 +0.012 +0.149 -0.074 -0.122
 +0.079 +0.085 +0.121 +0.112 -0.162 -0.109 +0.066 +0.124 +0.162 +0.040
 +0.144 +0.049 -0.055 -0.006 +0.024 -0.000 +0.141 +0.122 -0.009 +0.172
 -0.118 -0.142 -0.134 +0.002 -0.139 +0.126 +0.090 -0.134 -0.108 -0.047
 -0.133 +0.075 -0.049 +0.139 +0.006 +0.128 +0.112 +0.138 -0.034 +0.030
 +0.079 -0.067 +0.014 +0.004 -0.165 +0.052 -0.001 +0.100 -0.037 +0.152
 +0.044 -0.080 +0.068 +0.045 -0.130 -0.019 +0.075 +0.106 -0.143 +0.166
 -0.053 +0.137 +0.041 +0.096 +0.041 +0.038 -0.052 +0.056 +0.068 +0.093
 +0.105 +0.066 +0.144 -0.049 +0.083 -0.013 -0.036 -0.050 -0.040 -0.086]
                          [+0.030 -0.021 +0.100 +0.051 -0.052 -0.029 -0.058 +0.053 +0.085 +0.066
 +0.048 -0.073 -0.065 +0.091 -0.012 +0.070 +0.016 +0.073 -0.010 +0.030
 +0.028 +0.009 -0.008 -0.063 -0.054 -0.102 +0.106 -0.039 +0.090 +0.080
 +0.063 +0.023 -0.076 -0.008 -0.026 -0.053 +0.044 -0.014 +0.079 +0.111
 -0.069 -0.102 -0.084 +0.000 +0.019 -0.034 -0.032 +0.044 -0.036 +0.014
 -0.076 -0.063 -0.006 +0.021 -0.066 +0.047 +0.029 +0.055 -0.075 +0.054
 -0.039 -0.009 +0.058 -0.092 -0.064 +0.082 +0.067 +0.026 +0.064 +0.115
 +0.071 +0.054 -0.065 +0.038 +0.016 +0.018 +0.072 -0.071 +0.026 +0.075
 -0.056 -0.022 +0.033 -0.012 +0.065 -0.004 +0.045 +0.106 -0.026 -0.052
 +0.097 +0.020 +0.119 +0.018 +0.111 +0.007 -0.002 -0.080 -0.035 -0.108]]

RHS vector b:            [+0.338 +0.142]
Obj vector c:            [-0.055 +0.077 -0.056 -0.159 -0.088 +0.465 +0.274 +0.064 -0.099 +0.156
 -0.163 +0.277 +0.160 -0.205 +0.186 -0.101 -0.019 -0.272 +0.144 +0.251
 -0.147 -0.165 -0.241 -0.242 +0.304 +0.185 -0.097 -0.258 -0.292 -0.054
 -0.264 -0.090 +0.085 +0.010 -0.056 -0.016 -0.266 -0.246 +0.042 -0.305
 +0.212 +0.249 +0.239 -0.003 +0.281 -0.259 -0.187 +0.278 +0.203 +0.097
 +0.240 -0.168 +0.094 -0.268 -0.032 -0.238 +1.761 -0.256 +0.043 -0.042
 -0.168 +0.130 -0.009 -0.035 +0.306 -0.077 +0.022 -0.190 +0.094 -0.264
 -0.065 +0.175 -0.155 -0.077 +0.262 +0.043 -0.125 -0.232 +0.291 -0.304
 +0.088 -0.277 -0.071 -0.193 -0.061 -0.076 +0.116 -0.079 -0.142 -0.200
 -0.177 -0.123 -0.248 +0.101 -0.131 +0.028 +0.071 +0.074 +0.068 +0.137]

---------------------------- Optimal solution -----------------------------
Primal variables:         [+0.148 +0.255 +0.000 +0.107 +0.052 +0.000 +0.066 +0.122 +0.140 +0.191
 +0.148 +0.243 +0.072 +0.311 +0.010 +0.237 +0.148 +0.198 +0.050 +0.070
 +0.283 +0.343 +0.111 +0.245 +0.310 +0.317 +0.030 +0.014 +0.060 +0.311
 +0.035 +0.149 +0.339 +0.189 +0.245 +0.112 +0.243 +0.295 +0.006 +0.265
 +0.350 +0.265 +0.099 +0.279 +0.037 +0.159 +0.322 +0.104 +0.102 +0.046
 +0.007 +0.240 +0.075 +0.094 +0.174 +0.019 +0.000 +0.052 +0.209 +0.248
 +0.036 +0.147 +0.246 +0.147 +0.018 +0.190 +0.235 +0.182 +0.334 +0.208
 +0.320 +0.049 +0.049 +0.286 +0.141 +0.059 +0.328 +0.123 +0.266 +0.257
 +0.313 +0.221 +0.266 +0.123 +0.096 +0.317 +0.152 +0.341 +0.235 +0.220
 +0.041 +0.336 +0.159 +0.205 +0.144 +0.084 +0.320 +0.203 +0.001 +0.218]
Dual slacks:              [+0.000 +0.000 +0.000 +0.000 +0.000 +0.318 +0.000 +0.000 +0.000 +0.000
 +0.000 +0.000 +0.000 +0.000 +0.000 +0.000 +0.000 +0.000 +0.000 +0.000
 +0.000 +0.000 +0.000 +0.000 +0.000 +0.000 +0.000 +0.000 +0.000 +0.000
 +0.000 +0.000 +0.000 +0.000 +0.000 +0.000 +0.000 +0.000 +0.000 +0.000
 +0.000 +0.000 +0.000 +0.000 +0.000 +0.000 +0.000 +0.000 +0.000 +0.000
 +0.000 +0.000 +0.000 +0.000 +0.000 +0.000 +1.975 +0.000 +0.000 +0.000
 +0.000 +0.000 +0.000 +0.000 +0.000 +0.000 +0.000 +0.000 +0.000 +0.000
 +0.000 +0.000 +0.000 +0.000 +0.000 +0.000 +0.000 +0.000 +0.000 +0.000
 +0.000 +0.000 +0.000 +0.000 +0.000 +0.000 +0.000 +0.000 +0.000 +0.000
 +0.000 +0.000 +0.000 +0.000 +0.000 +0.000 +0.000 +0.000 +0.000 +0.000]
Dual variables:           [-1.976 +0.308]

Optimal objective:       -6.23344626e-01
===========================================================================

Method:                  II-QIPM
LO_Precision:            1.00e-01
Stop_Precision:          1.00e-03
LO_Verbosity:            2
Omega:                   1.00e+01

The Quantum Inexact Infeasible Interior-Point Method starts running ...


                  Objective                Residual                                Linear system           Step-length
Iter      Primal           Dual         Primal    Dual     Compl    ||Resl||  Cond-Num  ||M||   ||RHS||    a-star   a-hat      Time
   0   8.64334078e+00 -4.68583692e+00  6.69e+00 3.81e+01  4.06e+03 *0.00e+00  4.00e+00 1.00e+00 2.08e+01  7.35e-01 6.19e-01      0s
   1   1.05568563e+01 -3.60823500e+00  4.66e+00 2.66e+01  2.91e+03  1.20e-01  4.68e+00 3.30e+00 3.25e+01  8.52e-01 3.03e-01      1s
   2   1.17671651e+01 -2.24249247e+00  2.41e+00 1.38e+01  1.58e+03  4.48e-02  4.88e+00 5.17e+00 4.06e+01  9.26e-01 4.83e-01      1s
   3   8.85187330e+00 -6.51795818e-01  1.78e-01 3.71e-01  5.59e+01  1.71e-01  5.12e+00 1.12e+01 5.08e+01  9.91e-01 9.73e-01      1s
   4  -1.91876445e+00 -6.23295410e-01  1.22e+00 1.21e-02  2.47e+00  1.26e+00  4.31e+00 4.06e+02 3.80e+01  9.88e-01 9.67e-01      1s
   5  -6.43215009e+00 -6.23295410e-01  3.17e+00 7.51e-03  1.59e+00  6.58e+00  3.98e+00 1.15e+04 6.58e+00  9.20e-01 3.81e-01      1s
   6  -6.43562639e+00 -6.23295410e-01  3.17e+00 7.51e-03  1.59e+00  1.09e+01  3.92e+00 1.96e+04 1.09e+01  8.71e-01 2.17e-04      2s

The solution quality is limited by the precision of the linear system solver.

The algorithm stopped after 7 iterations in 2.13 seconds.

Primal variables:   [+13.709 +16.019 +12.108 +12.668 +15.921 +0.798 +19.671 +13.770 +12.206
 +13.981 +12.710 +20.762 +18.594 +11.604 +16.548 +12.527 +14.259 +11.660
 +16.127 +15.604 +13.264 +13.646 +13.688 +15.322 +19.889 +21.356 +11.800
 +14.453 +11.214 +12.537 +11.899 +13.699 +18.359 +15.120 +15.255 +16.492
 +12.305 +13.810 +13.045 +10.753 +19.483 +22.696 +20.965 +14.800 +16.211
 +14.290 +14.668 +15.375 +17.674 +15.026 +20.375 +15.794 +15.625 +12.815
 +16.879 +12.365 +0.122 +12.100 +17.911 +13.185 +14.994 +15.976 +13.269
 +18.012 +20.683 +12.390 +13.226 +13.094 +13.667 +10.858 +12.676 +14.395
 +15.953 +13.400 +16.173 +14.581 +12.370 +15.654 +16.045 +11.457 +17.472
 +13.864 +13.534 +14.058 +12.834 +14.477 +14.275 +11.888 +14.743 +15.205
 +11.601 +13.582 +10.864 +14.953 +11.537 +14.809 +15.327 +18.448 +16.452
 +21.027]
Dual slacks:        [+0.001 +0.001 +0.001 +0.001 +0.001 +0.318 +0.001 +0.001 +0.001 +0.001
 +0.001 +0.001 +0.001 +0.001 +0.001 +0.001 +0.001 +0.001 +0.001 +0.001
 +0.001 +0.001 +0.001 +0.001 +0.001 +0.001 +0.001 +0.001 +0.001 +0.001
 +0.001 +0.001 +0.001 +0.001 +0.001 +0.001 +0.001 +0.001 +0.001 +0.001
 +0.001 +0.001 +0.001 +0.001 +0.001 +0.001 +0.001 +0.001 +0.001 +0.001
 +0.001 +0.001 +0.001 +0.001 +0.001 +0.001 +1.975 +0.001 +0.001 +0.001
 +0.001 +0.001 +0.001 +0.001 +0.001 +0.001 +0.001 +0.001 +0.001 +0.001
 +0.001 +0.001 +0.001 +0.001 +0.001 +0.001 +0.001 +0.001 +0.001 +0.001
 +0.001 +0.001 +0.001 +0.001 +0.001 +0.001 +0.001 +0.001 +0.001 +0.001
 +0.001 +0.001 +0.001 +0.001 +0.001 +0.001 +0.001 +0.001 +0.001 +0.001]
Dual variables:     [-1.976 +0.308]

Primal objective:   -6.43562639e+00
Dual objective:     -6.23295410e-01

Primal residual:    3.17e+00
Dual residual:      7.51e-03
Complementraty:     1.59e+00

Number of Iter:     7
Run time:           2.13
