
--------------- Linear optimization problem characteristics ---------------
Seed:                    6
Number of variables:     50
Number of constraints:   2

Norm of primal sol:      2.00e+00
Norm of dual sol:        2.00e+00
Norm of dual slacks:     2.00e+00

Norm of vector b:        1.04e-01
Norm of vector c:        2.53e+00

Norm of matrix A:        1.00e+00
Condition number:        2.00e+00

----------------------- Linear optimization problem -----------------------
Coeff matrix A:          [[-0.058 -0.206 -0.085 +0.070 -0.110 -0.019 -0.168 +0.171 +0.220 -0.182
 +0.126 -0.081 -0.032 +0.072 -0.080 -0.213 +0.093 +0.134 -0.171 +0.158
 +0.185 -0.137 -0.189 +0.166 +0.140 -0.087 -0.216 +0.118 +0.062 +0.028
 +0.183 +0.082 -0.099 -0.025 +0.224 -0.109 +0.175 -0.070 -0.095 +0.089
 -0.065 -0.206 -0.054 +0.131 +0.185 -0.193 +0.200 -0.098 +0.144 -0.213]
                          [+0.090 +0.061 +0.098 -0.127 +0.003 -0.081 +0.066 +0.038 +0.076 -0.017
 +0.034 -0.040 +0.126 +0.031 -0.002 -0.065 -0.074 +0.004 +0.049 +0.012
 -0.035 +0.042 +0.113 +0.003 +0.104 -0.084 +0.093 -0.050 +0.053 +0.056
 +0.078 -0.081 +0.045 +0.115 -0.078 -0.121 -0.060 -0.015 -0.135 +0.074
 -0.074 +0.057 +0.092 +0.011 -0.002 -0.096 +0.051 -0.069 -0.022 +0.041]]

RHS vector b:            [+0.005 +0.104]
Obj vector c:            [-0.204 -0.396 -0.256 +0.270 -0.175 +0.072 +1.254 +0.217 +0.245 -0.261
 +0.152 -0.076 -0.209 +0.073 -0.122 -0.249 +0.238 +0.202 -0.328 +0.230
 +0.331 -0.266 -0.435 +0.254 +0.086 -0.029 -0.452 +0.247 +0.029 -0.027
 +0.185 +0.229 -0.210 -0.184 +0.445 -0.015 +0.348 -0.090 +0.023 +0.045
 -0.007 -0.392 -0.199 +0.189 +0.288 -0.178 +0.246 -0.064 +1.454 -0.381]

---------------------------- Optimal solution -----------------------------
Primal variables:         [+0.409 +0.152 +0.376 +0.019 +0.049 +0.272 +0.000 +0.192 +0.154 +0.285
 +0.201 +0.337 +0.237 +0.265 +0.295 +0.453 +0.375 +0.189 +0.401 +0.377
 +0.025 +0.329 +0.367 +0.337 +0.325 +0.248 +0.057 +0.438 +0.185 +0.099
 +0.328 +0.455 +0.117 +0.307 +0.274 +0.328 +0.429 +0.161 +0.116 +0.184
 +0.342 +0.331 +0.186 +0.453 +0.206 +0.171 +0.325 +0.038 +0.000 +0.353]
Dual slacks:              [+0.000 +0.000 +0.000 +0.000 +0.000 +0.000 +1.599 +0.000 +0.000 +0.000
 +0.000 +0.000 +0.000 +0.000 +0.000 +0.000 +0.000 +0.000 +0.000 +0.000
 +0.000 +0.000 +0.000 +0.000 +0.000 +0.000 +0.000 +0.000 +0.000 +0.000
 +0.000 +0.000 +0.000 +0.000 +0.000 +0.000 +0.000 +0.000 +0.000 +0.000
 +0.000 +0.000 +0.000 +0.000 +0.000 +0.000 +0.000 +0.000 +1.202 +0.000]
Dual variables:           [+1.549 -1.265]

Optimal objective:       -1.22781674e-01
===========================================================================

Method:                  II-QIPM
LO_Precision:            1.00e-01
Stop_Precision:          1.00e-03
LO_Verbosity:            2
Omega:                   1.00e+01

The Quantum Inexact Infeasible Interior-Point Method starts running ...


                  Objective                Residual                                Linear system           Step-length
Iter      Primal           Dual         Primal    Dual     Compl    ||Resl||  Cond-Num  ||M||   ||RHS||    a-star   a-hat      Time
   0   2.42719148e+01 -1.30136013e+00  1.08e+00 1.94e+01  1.49e+03  9.93e-16  4.00e+00 1.00e+00 5.17e+00  8.25e-01 7.24e-01      0s
   1   2.46794851e+01 -1.30136013e+00  5.07e-01 1.86e+01  1.43e+03  1.40e+01  3.27e+00 3.98e+00 1.40e+01  4.43e-01 4.37e-02      0s
   2   2.49749139e+01 -1.30136013e+00  3.69e-01 1.81e+01  1.40e+03  1.62e+01  3.16e+00 4.24e+00 1.62e+01  4.18e-01 2.78e-02      1s
   3   2.52662448e+01 -1.30136013e+00  6.51e-01 1.76e+01  1.37e+03  1.78e+01  3.08e+00 4.42e+00 1.78e+01  4.01e-01 2.51e-02      1s
   4   2.55528503e+01 -1.30136013e+00  1.04e+00 1.72e+01  1.34e+03  1.94e+01  3.01e+00 4.60e+00 1.94e+01  3.86e-01 2.27e-02      1s
   5   1.82376111e+01 -7.27402568e-02  1.11e-01 1.26e+00  1.23e+02  6.52e-02  2.94e+00 4.77e+00 2.11e+01  9.57e-01 9.27e-01      1s
   6   1.49139342e+01 -7.27402568e-02  1.32e+00 1.08e+00  1.06e+02  9.67e+00  3.87e+00 6.56e+01 9.67e+00  6.77e-01 1.44e-01      1s
   7   1.29256574e+01 -7.27402568e-02  2.36e+00 9.87e-01  9.79e+01  1.33e+01  3.83e+00 8.02e+01 1.33e+01  6.22e-01 8.67e-02      1s
   8   1.12453149e+01 -7.27402568e-02  3.35e+00 9.16e-01  9.14e+01  1.60e+01  3.79e+00 9.08e+01 1.60e+01  5.86e-01 7.23e-02      2s
   9   9.79144462e+00 -7.27402568e-02  4.29e+00 8.60e-01  8.63e+01  1.87e+01  3.74e+00 1.01e+02 1.87e+01  5.54e-01 6.12e-02      2s
  10   8.50745666e+00 -7.27402568e-02  5.19e+00 8.15e-01  8.22e+01  2.14e+01  3.69e+00 1.11e+02 2.14e+01  5.25e-01 5.26e-02      2s
  11   7.35827196e+00 -7.27402568e-02  6.05e+00 7.77e-01  7.88e+01  2.40e+01  3.63e+00 1.21e+02 2.40e+01  4.98e-01 4.56e-02      2s
  12   6.31850849e+00 -7.27402568e-02  6.87e+00 7.47e-01  7.59e+01  2.67e+01  3.57e+00 1.30e+02 2.67e+01  4.75e-01 3.98e-02      2s
  13   5.36661684e+00 -7.27402568e-02  7.66e+00 7.20e-01  7.35e+01  2.93e+01  3.51e+00 1.40e+02 2.93e+01  4.53e-01 3.52e-02      2s
  14   4.49000115e+00 -7.27402568e-02  8.42e+00 6.98e-01  7.14e+01  3.19e+01  3.45e+00 1.49e+02 3.19e+01  4.33e-01 3.12e-02      3s
  15   3.67596059e+00 -7.27402568e-02  9.14e+00 6.78e-01  6.96e+01  3.45e+01  3.39e+00 1.58e+02 3.45e+01  4.14e-01 2.80e-02      3s
  16   2.91483544e+00 -7.27402568e-02  9.85e+00 6.61e-01  6.80e+01  3.71e+01  3.33e+00 1.67e+02 3.71e+01  3.98e-01 2.52e-02      3s
  17   2.20069982e+00 -7.27402568e-02  1.05e+01 6.46e-01  6.66e+01  3.97e+01  3.28e+00 1.75e+02 3.97e+01  3.82e-01 2.28e-02      3s
  18   1.52781932e+00 -7.27402568e-02  1.12e+01 6.33e-01  6.54e+01  4.23e+01  3.22e+00 1.84e+02 4.23e+01  3.68e-01 2.07e-02      3s
  19   8.89992418e-01 -7.27402568e-02  1.18e+01 6.21e-01  6.42e+01  4.49e+01  3.17e+00 1.92e+02 4.49e+01  3.54e-01 1.89e-02      3s
  20   2.84284876e-01 -7.27402568e-02  1.24e+01 6.10e-01  6.32e+01  4.75e+01  3.12e+00 2.00e+02 4.75e+01  3.42e-01 1.73e-02      4s
  21  -2.93052335e-01 -7.27402568e-02  1.30e+01 6.00e-01  6.23e+01  5.01e+01  3.07e+00 2.08e+02 5.01e+01  3.30e-01 1.59e-02      4s
  22  -8.44775326e-01 -7.27402568e-02  1.36e+01 5.92e-01  6.15e+01  5.27e+01  3.02e+00 2.16e+02 5.27e+01  3.19e-01 1.47e-02      4s
  23   4.01635178e-01 -1.28743318e-01  3.10e+00 1.35e-01  1.54e+01 *1.49e-01  2.97e+00 2.24e+02 5.53e+01  8.32e-01 7.72e-01      4s
  24   1.03229448e+00 -1.28743318e-01  1.91e+00 1.22e-01  1.41e+01  9.45e+00  3.62e+00 6.97e+02 9.45e+00  5.72e-01 9.53e-02      4s
  25   1.45868636e+00 -1.28743318e-01  1.13e+00 1.15e-01  1.34e+01  1.30e+01  3.48e+00 7.90e+02 1.30e+01  5.27e-01 5.18e-02      4s
  26   1.87332704e+00 -1.28743318e-01  3.93e-01 1.10e-01  1.29e+01  1.54e+01  3.39e+00 8.47e+02 1.54e+01  5.02e-01 4.50e-02      5s
  27   2.27486220e+00 -1.28743318e-01  3.33e-01 1.06e-01  1.24e+01  1.77e+01  3.31e+00 9.01e+02 1.77e+01  4.78e-01 3.95e-02      5s
  28   2.66238007e+00 -1.28743318e-01  1.02e+00 1.02e-01  1.20e+01  2.01e+01  3.23e+00 9.54e+02 2.01e+01  4.57e-01 3.50e-02      5s
  29   3.03561576e+00 -1.28743318e-01  1.69e+00 9.90e-02  1.17e+01  2.24e+01  3.15e+00 1.00e+03 2.24e+01  4.37e-01 3.12e-02      5s
  30   3.39460394e+00 -1.28743318e-01  2.33e+00 9.63e-02  1.14e+01  2.48e+01  3.08e+00 1.05e+03 2.48e+01  4.19e-01 2.79e-02      5s
  31   3.73981999e+00 -1.28743318e-01  2.96e+00 9.38e-02  1.11e+01  2.71e+01  3.01e+00 1.10e+03 2.71e+01  4.02e-01 2.52e-02      5s
  32   2.45646206e-01 -1.22683726e-01  4.74e-01 1.45e-02  1.90e+00  1.73e-01  2.95e+00 1.15e+03 2.95e+01  9.35e-01 8.46e-01      6s
  33  -2.73139527e+00 -1.22683726e-01  1.40e+00 6.45e-03  8.99e-01  2.63e+00  3.93e+00 7.39e+03 2.63e+00  9.37e-01 5.53e-01      6s
  34  -3.33430852e+00 -1.22683726e-01  1.71e+00 6.13e-03  8.57e-01  7.63e+00  3.96e+00 1.78e+04 7.63e+00  8.58e-01 5.11e-02      6s
  35  -3.33455146e+00 -1.22683726e-01  1.71e+00 6.12e-03  8.57e-01  8.32e+00  3.96e+00 1.89e+04 8.32e+00  8.51e-01 1.94e-05      6s

The solution quality is limited by the precision of the linear system solver.

The algorithm stopped after 36 iterations in 6.48 seconds.

Primal variables:   [+16.257 +16.547 +15.986 +19.834 +16.971 +18.354 +0.046 +17.256 +15.991
 +17.082 +17.205 +17.477 +11.293 +17.128 +17.048 +17.873 +18.267 +17.346
 +16.648 +17.358 +17.722 +16.733 +15.608 +17.410 +12.602 +18.397 +16.267
 +17.839 +16.986 +16.918 +16.063 +18.428 +16.784 +13.891 +18.465 +19.534
 +18.067 +17.176 +19.946 +16.594 +18.168 +16.561 +16.194 +17.312 +17.463
 +18.700 +17.132 +18.037 +0.060 +16.616]
Dual slacks:        [+0.001 +0.001 +0.001 +0.001 +0.001 +0.001 +1.599 +0.001 +0.001 +0.001
 +0.001 +0.001 +0.001 +0.001 +0.001 +0.001 +0.001 +0.001 +0.001 +0.001
 +0.001 +0.001 +0.001 +0.001 +0.001 +0.001 +0.001 +0.001 +0.001 +0.001
 +0.001 +0.001 +0.001 +0.001 +0.001 +0.001 +0.001 +0.001 +0.001 +0.001
 +0.001 +0.001 +0.001 +0.001 +0.001 +0.001 +0.001 +0.001 +1.203 +0.001]
Dual variables:     [+1.549 -1.264]

Primal objective:   -3.33455146e+00
Dual objective:     -1.22683726e-01

Primal residual:    1.71e+00
Dual residual:      6.12e-03
Complementraty:     8.57e-01

Number of Iter:     36
Run time:           6.48
