
--------------- Linear optimization problem characteristics ---------------
Seed:                    54
Number of variables:     100
Number of constraints:   2

Norm of primal sol:      2.00e+00
Norm of dual sol:        2.00e+00
Norm of dual slacks:     2.00e+00

Norm of vector b:        1.17e-01
Norm of vector c:        2.60e+00

Norm of matrix A:        1.00e+00
Condition number:        2.00e+00

----------------------- Linear optimization problem -----------------------
Coeff matrix A:          [[+0.005 +0.032 -0.011 +0.007 +0.048 -0.066 -0.052 +0.025 +0.006 -0.073
 +0.023 +0.047 -0.081 -0.022 +0.047 +0.042 +0.009 +0.070 -0.051 +0.064
 +0.023 -0.021 +0.016 -0.076 -0.078 -0.014 -0.071 -0.009 -0.078 -0.081
 +0.005 -0.006 +0.035 +0.102 -0.067 -0.058 -0.026 -0.047 -0.097 +0.044
 -0.039 +0.080 +0.062 +0.104 +0.010 +0.035 -0.051 -0.032 -0.009 +0.050
 +0.072 +0.014 +0.024 +0.045 +0.037 -0.023 -0.047 -0.007 -0.037 -0.015
 -0.003 -0.092 +0.008 -0.029 +0.025 +0.007 +0.082 +0.016 +0.082 -0.083
 -0.009 -0.029 +0.033 +0.081 +0.075 -0.017 +0.049 +0.014 -0.006 +0.055
 -0.081 +0.086 +0.030 -0.021 +0.107 +0.042 +0.051 +0.083 -0.013 -0.098
 -0.093 -0.019 +0.074 +0.099 +0.039 -0.090 +0.052 +0.001 +0.017 +0.091]
                          [-0.146 -0.074 +0.094 -0.074 -0.096 +0.143 +0.044 +0.089 +0.096 -0.109
 -0.048 +0.113 -0.091 -0.004 -0.142 -0.045 -0.101 +0.046 -0.074 -0.143
 +0.116 -0.071 -0.019 +0.062 -0.027 -0.144 +0.129 -0.080 +0.109 +0.137
 +0.072 -0.031 -0.109 -0.129 +0.107 -0.135 +0.137 +0.057 +0.130 +0.028
 +0.151 +0.121 -0.112 -0.132 +0.115 +0.093 -0.049 +0.131 +0.126 +0.006
 +0.055 -0.025 +0.085 -0.148 -0.027 +0.135 +0.074 +0.143 -0.088 -0.141
 -0.106 +0.056 +0.047 +0.148 -0.017 +0.098 +0.119 +0.040 -0.017 +0.040
 -0.045 -0.037 +0.070 +0.011 -0.010 +0.086 +0.013 +0.116 -0.130 -0.147
 -0.128 -0.093 -0.020 -0.123 -0.131 -0.084 -0.150 +0.013 +0.097 +0.105
 +0.074 -0.066 +0.022 -0.158 -0.118 +0.108 -0.107 +0.021 -0.070 -0.135]]

RHS vector b:            [-0.031 +0.113]
Obj vector c:            [-0.291 -0.142 +0.184 -0.146 -0.182 +0.273 +0.079 +0.182 +0.192 -0.229
 -0.091 +0.233 -0.195 -0.013 -0.275 -0.081 -0.199 +0.104 -0.157 -0.273
 +0.236 -0.145 -0.035 +0.110 -0.067 -0.290 +0.245 -0.160 +0.204 +0.259
 +0.144 -0.063 -0.210 -0.239 +0.201 -0.280 +0.269 +0.105 +0.242 +0.064
 +0.294 +0.255 -0.213 -0.244 +0.231 +0.192 -0.107 +0.255 +0.248 +0.021
 +0.123 -0.047 +0.174 -0.286 -0.047 +0.265 +0.139 +0.284 -0.181 -0.283
 -0.212 +0.096 +0.095 +0.290 -0.030 +0.197 +0.252 +0.084 -0.019 +0.065
 -0.090 -0.079 +0.146 +0.036 -0.007 +0.650 +0.035 +0.234 -0.260 +1.659
 -0.269 -0.171 -0.035 -0.249 -0.242 -0.159 -0.289 +0.041 +0.191 +0.192
 +0.131 -0.134 +0.056 -0.296 -0.229 +0.198 -0.204 +0.042 -0.137 -0.253]

---------------------------- Optimal solution -----------------------------
Primal variables:         [+0.153 +0.133 +0.068 +0.189 +0.003 +0.354 +0.293 +0.277 +0.245 +0.011
 +0.143 +0.148 +0.069 +0.280 +0.225 +0.338 +0.119 +0.092 +0.263 +0.364
 +0.112 +0.063 +0.064 +0.060 +0.214 +0.173 +0.168 +0.086 +0.313 +0.172
 +0.020 +0.363 +0.071 +0.260 +0.298 +0.172 +0.095 +0.161 +0.076 +0.173
 +0.085 +0.059 +0.079 +0.059 +0.346 +0.227 +0.266 +0.320 +0.344 +0.044
 +0.322 +0.035 +0.286 +0.240 +0.322 +0.239 +0.015 +0.230 +0.260 +0.166
 +0.245 +0.291 +0.071 +0.062 +0.003 +0.274 +0.296 +0.017 +0.027 +0.295
 +0.278 +0.283 +0.134 +0.156 +0.245 +0.000 +0.221 +0.145 +0.302 +0.000
 +0.014 +0.149 +0.172 +0.103 +0.074 +0.047 +0.080 +0.001 +0.074 +0.254
 +0.214 +0.362 +0.098 +0.144 +0.287 +0.261 +0.085 +0.104 +0.100 +0.048]
Dual slacks:              [+0.000 +0.000 +0.000 +0.000 +0.000 +0.000 +0.000 +0.000 +0.000 +0.000
 +0.000 +0.000 +0.000 +0.000 +0.000 +0.000 +0.000 +0.000 +0.000 +0.000
 +0.000 +0.000 +0.000 +0.000 +0.000 +0.000 +0.000 +0.000 +0.000 +0.000
 +0.000 +0.000 +0.000 +0.000 +0.000 +0.000 +0.000 +0.000 +0.000 +0.000
 +0.000 +0.000 +0.000 +0.000 +0.000 +0.000 +0.000 +0.000 +0.000 +0.000
 +0.000 +0.000 +0.000 +0.000 +0.000 +0.000 +0.000 +0.000 +0.000 +0.000
 +0.000 +0.000 +0.000 +0.000 +0.000 +0.000 +0.000 +0.000 +0.000 +0.000
 +0.000 +0.000 +0.000 +0.000 +0.000 +0.482 +0.000 +0.000 +0.000 +1.941
 +0.000 +0.000 +0.000 +0.000 +0.000 +0.000 +0.000 +0.000 +0.000 +0.000
 +0.000 +0.000 +0.000 +0.000 +0.000 +0.000 +0.000 +0.000 +0.000 +0.000]
Dual variables:           [+0.180 +1.992]

Optimal objective:       +2.20317208e-01
===========================================================================

Method:                  II-QIPM
LO_Precision:            1.00e-01
Stop_Precision:          1.00e-03
LO_Verbosity:            2
Omega:                   1.00e+01

The Quantum Inexact Infeasible Interior-Point Method starts running ...


                  Objective                Residual                                Linear system           Step-length
Iter      Primal           Dual         Primal    Dual     Compl    ||Resl||  Cond-Num  ||M||   ||RHS||    a-star   a-hat      Time
   0   1.50974673e+01  0.00000000e+00  6.94e+00 5.65e+00  6.32e+02  7.04e+00  4.00e+00 1.00e+00 7.04e+00  9.71e-01 9.43e-01      0s
   1   8.82917931e+00  1.68814254e-01  2.58e+00 2.10e+00  2.51e+02 *8.17e-03  4.22e+00 2.35e+01 5.37e+01  8.85e-01 6.29e-01      0s
   2   6.37593808e+00  1.68814254e-01  3.30e+00 2.03e+00  2.44e+02  3.52e+01  3.68e+00 5.84e+01 3.52e+01  4.41e-01 3.19e-02      1s
   3   4.07158352e+00  1.68814254e-01  4.12e+00 1.97e+00  2.38e+02  3.84e+01  3.66e+00 6.15e+01 3.84e+01  4.23e-01 2.85e-02      1s
   4   1.89178089e+00  1.68814254e-01  4.97e+00 1.92e+00  2.32e+02  4.15e+01  3.64e+00 6.46e+01 4.15e+01  4.06e-01 2.57e-02      1s
   5  -1.76836818e-01  1.68814254e-01  5.82e+00 1.88e+00  2.27e+02  4.46e+01  3.62e+00 6.76e+01 4.46e+01  3.90e-01 2.33e-02      2s
   6  -2.14255065e+00  1.68814254e-01  6.66e+00 1.84e+00  2.23e+02  4.76e+01  3.61e+00 7.05e+01 4.76e+01  3.76e-01 2.12e-02      2s
   7  -4.01500184e+00  1.68814254e-01  7.46e+00 1.80e+00  2.19e+02  5.05e+01  3.59e+00 7.34e+01 5.05e+01  3.62e-01 1.93e-02      2s
   8  -5.80307900e+00  1.68814254e-01  8.25e+00 1.77e+00  2.16e+02  5.35e+01  3.58e+00 7.62e+01 5.35e+01  3.50e-01 1.77e-02      2s
   9  -7.51497648e+00  1.68814254e-01  9.01e+00 1.74e+00  2.13e+02  5.63e+01  3.57e+00 7.90e+01 5.63e+01  3.38e-01 1.63e-02      3s
  10  -9.15496883e+00  1.68814254e-01  9.75e+00 1.71e+00  2.10e+02  5.92e+01  3.56e+00 8.18e+01 5.92e+01  3.27e-01 1.51e-02      3s
  11  -1.07302813e+01  1.68814254e-01  1.05e+01 1.69e+00  2.07e+02  6.20e+01  3.55e+00 8.45e+01 6.20e+01  3.17e-01 1.40e-02      3s
  12  -1.22445505e+01  1.68814254e-01  1.11e+01 1.67e+00  2.05e+02  6.48e+01  3.54e+00 8.72e+01 6.48e+01  3.07e-01 1.30e-02      4s
  13  -1.37026925e+01  1.68814254e-01  1.18e+01 1.65e+00  2.02e+02  6.75e+01  3.53e+00 8.99e+01 6.75e+01  2.98e-01 1.21e-02      4s
  14  -1.51092931e+01  1.68814254e-01  1.25e+01 1.63e+00  2.00e+02  7.03e+01  3.53e+00 9.25e+01 7.03e+01  2.89e-01 1.13e-02      4s
  15  -1.64672741e+01  1.68814254e-01  1.31e+01 1.61e+00  1.98e+02  7.30e+01  3.53e+00 9.52e+01 7.30e+01  2.81e-01 1.06e-02      4s
  16  -1.77807210e+01  1.68814254e-01  1.37e+01 1.60e+00  1.97e+02  7.57e+01  3.52e+00 9.78e+01 7.57e+01  2.73e-01 9.91e-03      5s
  17  -1.90509084e+01  1.68814254e-01  1.43e+01 1.58e+00  1.95e+02  7.83e+01  3.52e+00 1.00e+02 7.83e+01  2.66e-01 9.30e-03      5s
  18  -2.02827917e+01  1.68814254e-01  1.49e+01 1.57e+00  1.93e+02  8.10e+01  3.52e+00 1.03e+02 8.10e+01  2.59e-01 8.77e-03      5s
  19  -2.14761979e+01  1.68814254e-01  1.54e+01 1.56e+00  1.92e+02  8.36e+01  3.52e+00 1.06e+02 8.36e+01  2.53e-01 8.26e-03      5s
  20  -2.26345258e+01  1.68814254e-01  1.60e+01 1.54e+00  1.91e+02  8.63e+01  3.52e+00 1.08e+02 8.63e+01  2.46e-01 7.80e-03      6s
  21  -2.37609592e+01  1.68814254e-01  1.65e+01 1.53e+00  1.89e+02  8.89e+01  3.52e+00 1.11e+02 8.89e+01  2.41e-01 7.39e-03      6s
  22  -2.48551979e+01  1.68814254e-01  1.70e+01 1.52e+00  1.88e+02  9.15e+01  3.53e+00 1.13e+02 9.15e+01  2.35e-01 7.00e-03      6s
  23  -2.59202174e+01  1.68814254e-01  1.75e+01 1.51e+00  1.87e+02  9.41e+01  3.53e+00 1.16e+02 9.41e+01  2.29e-01 6.64e-03      7s
  24  -2.69577740e+01  1.68814254e-01  1.80e+01 1.50e+00  1.86e+02  9.67e+01  3.54e+00 1.18e+02 9.67e+01  2.24e-01 6.31e-03      7s
  25  -2.79685244e+01  1.68814254e-01  1.85e+01 1.49e+00  1.85e+02  9.93e+01  3.54e+00 1.21e+02 9.93e+01  2.19e-01 6.00e-03      7s
  26  -2.89541014e+01  1.68814254e-01  1.90e+01 1.48e+00  1.84e+02  1.02e+02  3.55e+00 1.24e+02 1.02e+02  2.15e-01 5.72e-03      7s
  27  -2.99160563e+01  1.68814254e-01  1.94e+01 1.48e+00  1.83e+02  1.04e+02  3.56e+00 1.26e+02 1.04e+02  2.10e-01 5.45e-03      8s
  28  -3.08558637e+01  1.68814254e-01  1.99e+01 1.47e+00  1.82e+02  1.07e+02  3.57e+00 1.29e+02 1.07e+02  2.06e-01 5.21e-03      8s
  29  -3.17740076e+01  1.68814254e-01  2.03e+01 1.46e+00  1.81e+02  1.10e+02  3.57e+00 1.31e+02 1.10e+02  2.02e-01 4.98e-03      8s
  30  -3.26709651e+01  1.68814254e-01  2.08e+01 1.45e+00  1.81e+02  1.12e+02  3.58e+00 1.34e+02 1.12e+02  1.98e-01 4.76e-03      9s
  31  -3.35489611e+01  1.68814254e-01  2.12e+01 1.45e+00  1.80e+02  1.15e+02  3.59e+00 1.36e+02 1.15e+02  1.94e-01 4.56e-03      9s
  32  -3.44083824e+01  1.68814254e-01  2.16e+01 1.44e+00  1.79e+02  1.17e+02  3.61e+00 1.39e+02 1.17e+02  1.90e-01 4.37e-03      9s
  33  -3.52496105e+01  1.68814254e-01  2.20e+01 1.43e+00  1.78e+02  1.20e+02  3.62e+00 1.41e+02 1.20e+02  1.87e-01 4.19e-03      9s
  34  -3.60730206e+01  1.68814254e-01  2.24e+01 1.43e+00  1.78e+02  1.22e+02  3.63e+00 1.44e+02 1.22e+02  1.83e-01 4.02e-03     10s
  35  -3.68805962e+01  1.68814254e-01  2.28e+01 1.42e+00  1.77e+02  1.25e+02  3.64e+00 1.47e+02 1.25e+02  1.80e-01 3.87e-03     10s
  36  -3.76726376e+01  1.68814254e-01  2.32e+01 1.42e+00  1.77e+02  1.27e+02  3.66e+00 1.49e+02 1.27e+02  1.77e-01 3.72e-03     10s
  37  -3.84502178e+01  1.68814254e-01  2.35e+01 1.41e+00  1.76e+02  1.30e+02  3.67e+00 1.52e+02 1.30e+02  1.74e-01 3.58e-03     11s
  38  -3.92120736e+01  1.68814254e-01  2.39e+01 1.41e+00  1.75e+02  1.32e+02  3.68e+00 1.54e+02 1.32e+02  1.71e-01 3.44e-03     11s
  39  -3.99607642e+01  1.68814254e-01  2.43e+01 1.40e+00  1.75e+02  1.35e+02  3.70e+00 1.57e+02 1.35e+02  1.68e-01 3.32e-03     11s
  40  -4.06957828e+01  1.68814254e-01  2.46e+01 1.40e+00  1.74e+02  1.38e+02  3.72e+00 1.60e+02 1.38e+02  1.65e-01 3.20e-03     12s
  41  -4.14188251e+01  1.68814254e-01  2.50e+01 1.39e+00  1.74e+02  1.40e+02  3.73e+00 1.62e+02 1.40e+02  1.62e-01 3.09e-03     12s
  42  -4.21286679e+01  1.68814254e-01  2.53e+01 1.39e+00  1.73e+02  1.43e+02  3.75e+00 1.65e+02 1.43e+02  1.60e-01 2.99e-03     12s
  43  -4.28269496e+01  1.68814254e-01  2.57e+01 1.39e+00  1.73e+02  1.45e+02  3.77e+00 1.68e+02 1.45e+02  1.57e-01 2.89e-03     13s
  44  -4.35131755e+01  1.68814254e-01  2.60e+01 1.38e+00  1.73e+02  1.48e+02  3.78e+00 1.70e+02 1.48e+02  1.55e-01 2.79e-03     13s
  45  -4.41889075e+01  1.68814254e-01  2.64e+01 1.38e+00  1.72e+02  1.50e+02  3.80e+00 1.73e+02 1.50e+02  1.52e-01 2.70e-03     13s
  46  -4.48536460e+01  1.68814254e-01  2.67e+01 1.38e+00  1.72e+02  1.53e+02  3.82e+00 1.76e+02 1.53e+02  1.50e-01 2.61e-03     13s
  47  -4.55082288e+01  1.68814254e-01  2.70e+01 1.37e+00  1.71e+02  1.56e+02  3.84e+00 1.78e+02 1.56e+02  1.48e-01 2.53e-03     14s
  48  -4.61534614e+01  1.68814254e-01  2.73e+01 1.37e+00  1.71e+02  1.58e+02  3.86e+00 1.81e+02 1.58e+02  1.46e-01 2.45e-03     14s
  49  -4.67882123e+01  1.68814254e-01  2.76e+01 1.37e+00  1.71e+02  1.61e+02  3.88e+00 1.84e+02 1.61e+02  1.44e-01 2.37e-03     14s
  50  -4.74139069e+01  1.68814254e-01  2.79e+01 1.36e+00  1.70e+02  1.63e+02  3.90e+00 1.87e+02 1.63e+02  1.42e-01 2.30e-03     15s
  51  -4.80306803e+01  1.68814254e-01  2.82e+01 1.36e+00  1.70e+02  1.66e+02  3.92e+00 1.89e+02 1.66e+02  1.40e-01 2.23e-03     15s
  52  -4.86386660e+01  1.68814254e-01  2.85e+01 1.36e+00  1.70e+02  1.68e+02  3.94e+00 1.92e+02 1.68e+02  1.38e-01 2.17e-03     15s
  53  -4.92385947e+01  1.68814254e-01  2.88e+01 1.35e+00  1.69e+02  1.71e+02  3.96e+00 1.95e+02 1.71e+02  1.36e-01 2.11e-03     16s
  54  -4.98299880e+01  1.68814254e-01  2.91e+01 1.35e+00  1.69e+02  1.74e+02  3.98e+00 1.98e+02 1.74e+02  1.34e-01 2.05e-03     16s
  55  -2.96231537e+01  1.97210948e-01  1.76e+01 8.18e-01  1.07e+02  3.09e-02  4.01e+00 2.01e+02 1.76e+02  8.73e-01 3.94e-01     16s
  56  -3.07959665e+01  1.97210948e-01  1.82e+01 8.11e-01  1.06e+02  8.80e+01  3.40e+00 2.14e+02 8.80e+01  2.45e-01 8.23e-03     16s
  57  -3.18627106e+01  1.97210948e-01  1.87e+01 8.05e-01  1.05e+02  9.08e+01  3.41e+00 2.19e+02 9.08e+01  2.39e-01 7.27e-03     17s
  58  -3.29020026e+01  1.97210948e-01  1.92e+01 8.00e-01  1.04e+02  9.35e+01  3.41e+00 2.24e+02 9.35e+01  2.33e-01 6.89e-03     17s
  59  -3.39134368e+01  1.97210948e-01  1.97e+01 7.94e-01  1.04e+02  9.61e+01  3.42e+00 2.29e+02 9.61e+01  2.28e-01 6.54e-03     17s
  60  -3.48996400e+01  1.97210948e-01  2.02e+01 7.90e-01  1.03e+02  9.87e+01  3.42e+00 2.34e+02 9.87e+01  2.23e-01 6.22e-03     18s
  61  -3.58621271e+01  1.97210948e-01  2.07e+01 7.85e-01  1.03e+02  1.01e+02  3.43e+00 2.39e+02 1.01e+02  2.18e-01 5.92e-03     18s
  62  -3.68014019e+01  1.97210948e-01  2.12e+01 7.80e-01  1.02e+02  1.04e+02  3.44e+00 2.43e+02 1.04e+02  2.13e-01 5.64e-03     18s
  63  -3.77198005e+01  1.97210948e-01  2.16e+01 7.76e-01  1.02e+02  1.06e+02  3.44e+00 2.48e+02 1.06e+02  2.09e-01 5.38e-03     18s
  64  -3.86168395e+01  1.97210948e-01  2.21e+01 7.72e-01  1.01e+02  1.09e+02  3.45e+00 2.53e+02 1.09e+02  2.05e-01 5.14e-03     19s
  65  -3.94938466e+01  1.97210948e-01  2.25e+01 7.68e-01  1.01e+02  1.12e+02  3.46e+00 2.58e+02 1.12e+02  2.01e-01 4.91e-03     19s
  66  -4.03520876e+01  1.97210948e-01  2.29e+01 7.65e-01  1.00e+02  1.14e+02  3.47e+00 2.63e+02 1.14e+02  1.97e-01 4.70e-03     19s
  67  -4.11927709e+01  1.97210948e-01  2.34e+01 7.61e-01  9.99e+01  1.17e+02  3.49e+00 2.68e+02 1.17e+02  1.93e-01 4.50e-03     20s
  68  -4.20154037e+01  1.97210948e-01  2.38e+01 7.58e-01  9.95e+01  1.19e+02  3.50e+00 2.73e+02 1.19e+02  1.89e-01 4.31e-03     20s
  69  -4.28219583e+01  1.97210948e-01  2.42e+01 7.55e-01  9.91e+01  1.22e+02  3.51e+00 2.78e+02 1.22e+02  1.86e-01 4.14e-03     20s
  70  -4.36135192e+01  1.97210948e-01  2.46e+01 7.52e-01  9.88e+01  1.24e+02  3.53e+00 2.83e+02 1.24e+02  1.82e-01 3.98e-03     21s
  71  -4.43887945e+01  1.97210948e-01  2.50e+01 7.49e-01  9.84e+01  1.27e+02  3.54e+00 2.88e+02 1.27e+02  1.79e-01 3.82e-03     21s
  72  -4.51503830e+01  1.97210948e-01  2.53e+01 7.46e-01  9.81e+01  1.30e+02  3.56e+00 2.93e+02 1.30e+02  1.76e-01 3.68e-03     21s
  73  -4.58977655e+01  1.97210948e-01  2.57e+01 7.44e-01  9.78e+01  1.32e+02  3.57e+00 2.98e+02 1.32e+02  1.73e-01 3.54e-03     22s
  74  -4.66319285e+01  1.97210948e-01  2.61e+01 7.41e-01  9.75e+01  1.35e+02  3.59e+00 3.03e+02 1.35e+02  1.70e-01 3.41e-03     22s
  75  -4.73523748e+01  1.97210948e-01  2.64e+01 7.39e-01  9.72e+01  1.37e+02  3.60e+00 3.08e+02 1.37e+02  1.67e-01 3.28e-03     22s
  76  -4.80614757e+01  1.97210948e-01  2.68e+01 7.36e-01  9.69e+01  1.40e+02  3.62e+00 3.13e+02 1.40e+02  1.64e-01 3.17e-03     22s
  77  -4.87580094e+01  1.97210948e-01  2.71e+01 7.34e-01  9.66e+01  1.43e+02  3.64e+00 3.18e+02 1.43e+02  1.62e-01 3.06e-03     23s
  78  -4.94435619e+01  1.97210948e-01  2.75e+01 7.32e-01  9.64e+01  1.45e+02  3.66e+00 3.23e+02 1.45e+02  1.59e-01 2.96e-03     23s
  79  -5.01176281e+01  1.97210948e-01  2.78e+01 7.30e-01  9.61e+01  1.48e+02  3.68e+00 3.28e+02 1.48e+02  1.57e-01 2.86e-03     23s
  80  -5.07810591e+01  1.97210948e-01  2.82e+01 7.28e-01  9.59e+01  1.50e+02  3.70e+00 3.34e+02 1.50e+02  1.54e-01 2.76e-03     24s
  81  -5.14346738e+01  1.97210948e-01  2.85e+01 7.26e-01  9.57e+01  1.53e+02  3.72e+00 3.39e+02 1.53e+02  1.52e-01 2.67e-03     24s
  82  -5.20779724e+01  1.97210948e-01  2.88e+01 7.24e-01  9.54e+01  1.56e+02  3.74e+00 3.44e+02 1.56e+02  1.50e-01 2.59e-03     24s
  83  -5.27117494e+01  1.97210948e-01  2.91e+01 7.22e-01  9.52e+01  1.58e+02  3.76e+00 3.49e+02 1.58e+02  1.47e-01 2.51e-03     25s
  84  -5.33361454e+01  1.97210948e-01  2.95e+01 7.20e-01  9.50e+01  1.61e+02  3.78e+00 3.55e+02 1.61e+02  1.45e-01 2.43e-03     25s
  85  -5.39519147e+01  1.97210948e-01  2.98e+01 7.19e-01  9.48e+01  1.63e+02  3.80e+00 3.60e+02 1.63e+02  1.43e-01 2.36e-03     25s
  86  -5.45585702e+01  1.97210948e-01  3.01e+01 7.17e-01  9.46e+01  1.66e+02  3.83e+00 3.65e+02 1.66e+02  1.41e-01 2.28e-03     26s
  87  -5.51568451e+01  1.97210948e-01  3.04e+01 7.16e-01  9.44e+01  1.69e+02  3.85e+00 3.71e+02 1.69e+02  1.39e-01 2.22e-03     26s
  88  -5.57474471e+01  1.97210948e-01  3.07e+01 7.14e-01  9.43e+01  1.71e+02  3.87e+00 3.76e+02 1.71e+02  1.37e-01 2.15e-03     26s
  89  -5.63298940e+01  1.97210948e-01  3.10e+01 7.12e-01  9.41e+01  1.74e+02  3.90e+00 3.81e+02 1.74e+02  1.35e-01 2.09e-03     27s
  90  -5.69048746e+01  1.97210948e-01  3.13e+01 7.11e-01  9.39e+01  1.77e+02  3.92e+00 3.87e+02 1.77e+02  1.34e-01 2.03e-03     27s
  91  -5.74719196e+01  1.97210948e-01  3.16e+01 7.10e-01  9.37e+01  1.79e+02  3.95e+00 3.92e+02 1.79e+02  1.32e-01 1.97e-03     27s
  92  -5.80322598e+01  1.97210948e-01  3.19e+01 7.08e-01  9.36e+01  1.82e+02  3.97e+00 3.98e+02 1.82e+02  1.30e-01 1.92e-03     28s
  93  -5.85854242e+01  1.97210948e-01  3.21e+01 7.07e-01  9.34e+01  1.85e+02  4.00e+00 4.03e+02 1.85e+02  1.28e-01 1.87e-03     28s
  94  -4.77872872e+01  2.03199798e-01  2.63e+01 5.78e-01  7.78e+01  1.39e-01  4.02e+00 4.09e+02 1.87e+02  7.71e-01 1.82e-01     28s
  95  -4.85208322e+01  2.03199798e-01  2.67e+01 5.76e-01  7.76e+01  1.37e+02  3.56e+00 3.98e+02 1.37e+02  1.69e-01 3.39e-03     28s
  96  -4.92365333e+01  2.03199798e-01  2.70e+01 5.75e-01  7.74e+01  1.40e+02  3.58e+00 4.04e+02 1.40e+02  1.66e-01 3.25e-03     29s
  97  -4.99397086e+01  2.03199798e-01  2.74e+01 5.73e-01  7.72e+01  1.42e+02  3.59e+00 4.11e+02 1.42e+02  1.63e-01 3.13e-03     29s
  98  -5.06319500e+01  2.03199798e-01  2.77e+01 5.71e-01  7.69e+01  1.45e+02  3.61e+00 4.18e+02 1.45e+02  1.61e-01 3.02e-03     30s
  99  -5.13127385e+01  2.03199798e-01  2.81e+01 5.69e-01  7.67e+01  1.48e+02  3.63e+00 4.24e+02 1.48e+02  1.58e-01 2.92e-03     30s
 100  -5.19829258e+01  2.03199798e-01  2.84e+01 5.68e-01  7.65e+01  1.50e+02  3.65e+00 4.31e+02 1.50e+02  1.56e-01 2.82e-03     30s
 101  -5.26426708e+01  2.03199798e-01  2.88e+01 5.66e-01  7.64e+01  1.53e+02  3.67e+00 4.38e+02 1.53e+02  1.53e-01 2.73e-03     30s
 102  -5.32927811e+01  2.03199798e-01  2.91e+01 5.65e-01  7.62e+01  1.55e+02  3.69e+00 4.45e+02 1.55e+02  1.51e-01 2.64e-03     31s
 103  -5.39327531e+01  2.03199798e-01  2.94e+01 5.63e-01  7.60e+01  1.58e+02  3.71e+00 4.51e+02 1.58e+02  1.49e-01 2.56e-03     31s
 104  -5.45633710e+01  2.03199798e-01  2.98e+01 5.62e-01  7.58e+01  1.61e+02  3.74e+00 4.58e+02 1.61e+02  1.47e-01 2.48e-03     31s
 105  -5.51853908e+01  2.03199798e-01  3.01e+01 5.61e-01  7.57e+01  1.63e+02  3.76e+00 4.65e+02 1.63e+02  1.44e-01 2.40e-03     32s
 106  -5.57977020e+01  2.03199798e-01  3.04e+01 5.59e-01  7.55e+01  1.66e+02  3.78e+00 4.72e+02 1.66e+02  1.42e-01 2.33e-03     32s
 107  -5.64022644e+01  2.03199798e-01  3.07e+01 5.58e-01  7.54e+01  1.69e+02  3.80e+00 4.79e+02 1.69e+02  1.40e-01 2.26e-03     32s
 108  -5.69985796e+01  2.03199798e-01  3.10e+01 5.57e-01  7.52e+01  1.71e+02  3.83e+00 4.86e+02 1.71e+02  1.38e-01 2.19e-03     33s
 109  -5.75867594e+01  2.03199798e-01  3.13e+01 5.56e-01  7.51e+01  1.74e+02  3.85e+00 4.93e+02 1.74e+02  1.37e-01 2.13e-03     33s
 110  -5.81674950e+01  2.03199798e-01  3.16e+01 5.54e-01  7.49e+01  1.77e+02  3.88e+00 5.00e+02 1.77e+02  1.35e-01 2.07e-03     33s
 111  -5.87403078e+01  2.03199798e-01  3.19e+01 5.53e-01  7.48e+01  1.80e+02  3.90e+00 5.07e+02 1.80e+02  1.33e-01 2.01e-03     34s
 112  -5.93064373e+01  2.03199798e-01  3.22e+01 5.52e-01  7.47e+01  1.82e+02  3.93e+00 5.14e+02 1.82e+02  1.31e-01 1.96e-03     34s
 113  -5.98648448e+01  2.03199798e-01  3.25e+01 5.51e-01  7.45e+01  1.85e+02  3.95e+00 5.21e+02 1.85e+02  1.29e-01 1.90e-03     34s
 114  -6.04172910e+01  2.03199798e-01  3.28e+01 5.50e-01  7.44e+01  1.88e+02  3.98e+00 5.29e+02 1.88e+02  1.28e-01 1.85e-03     35s
 115  -5.08669576e+01  2.07002419e-01  2.76e+01 4.64e-01  6.37e+01  2.22e-02  4.00e+00 5.36e+02 1.91e+02  7.43e-01 1.57e-01     35s
 116  -5.15855905e+01  2.07002419e-01  2.80e+01 4.63e-01  6.36e+01  1.45e+02  3.57e+00 5.19e+02 1.45e+02  1.62e-01 3.17e-03     35s
 117  -5.22750392e+01  2.07002419e-01  2.84e+01 4.61e-01  6.34e+01  1.48e+02  3.59e+00 5.28e+02 1.48e+02  1.60e-01 2.98e-03     36s
 118  -5.29538682e+01  2.07002419e-01  2.87e+01 4.60e-01  6.32e+01  1.50e+02  3.61e+00 5.36e+02 1.50e+02  1.57e-01 2.88e-03     36s
 119  -5.36222321e+01  2.07002419e-01  2.91e+01 4.59e-01  6.31e+01  1.53e+02  3.63e+00 5.45e+02 1.53e+02  1.55e-01 2.79e-03     36s
 120  -5.42802841e+01  2.07002419e-01  2.94e+01 4.57e-01  6.29e+01  1.56e+02  3.65e+00 5.53e+02 1.56e+02  1.52e-01 2.70e-03     37s
 121  -5.49288241e+01  2.07002419e-01  2.97e+01 4.56e-01  6.28e+01  1.58e+02  3.68e+00 5.62e+02 1.58e+02  1.50e-01 2.61e-03     37s
 122  -5.55673449e+01  2.07002419e-01  3.01e+01 4.55e-01  6.26e+01  1.61e+02  3.70e+00 5.70e+02 1.61e+02  1.48e-01 2.53e-03     37s
 123  -5.61972538e+01  2.07002419e-01  3.04e+01 4.54e-01  6.25e+01  1.64e+02  3.72e+00 5.79e+02 1.64e+02  1.46e-01 2.45e-03     38s
 124  -5.68180424e+01  2.07002419e-01  3.07e+01 4.53e-01  6.24e+01  1.66e+02  3.74e+00 5.88e+02 1.66e+02  1.44e-01 2.37e-03     38s
 125  -5.74298383e+01  2.07002419e-01  3.10e+01 4.52e-01  6.22e+01  1.69e+02  3.77e+00 5.96e+02 1.69e+02  1.42e-01 2.30e-03     38s
 126  -5.80339753e+01  2.07002419e-01  3.13e+01 4.51e-01  6.21e+01  1.72e+02  3.79e+00 6.05e+02 1.72e+02  1.40e-01 2.23e-03     38s
 127  -5.86293557e+01  2.07002419e-01  3.16e+01 4.50e-01  6.20e+01  1.75e+02  3.81e+00 6.14e+02 1.75e+02  1.38e-01 2.17e-03     39s
 128  -5.92172779e+01  2.07002419e-01  3.19e+01 4.49e-01  6.19e+01  1.77e+02  3.84e+00 6.23e+02 1.77e+02  1.36e-01 2.11e-03     39s
 129  -5.97978346e+01  2.07002419e-01  3.22e+01 4.48e-01  6.17e+01  1.80e+02  3.86e+00 6.32e+02 1.80e+02  1.34e-01 2.05e-03     39s
 130  -6.03711174e+01  2.07002419e-01  3.25e+01 4.47e-01  6.16e+01  1.83e+02  3.89e+00 6.41e+02 1.83e+02  1.32e-01 1.99e-03     40s
 131  -6.09366506e+01  2.07002419e-01  3.28e+01 4.46e-01  6.15e+01  1.86e+02  3.91e+00 6.50e+02 1.86e+02  1.31e-01 1.93e-03     40s
 132  -6.14956546e+01  2.07002419e-01  3.31e+01 4.45e-01  6.14e+01  1.88e+02  3.94e+00 6.59e+02 1.88e+02  1.29e-01 1.88e-03     40s
 133  -6.20482055e+01  2.07002419e-01  3.34e+01 4.45e-01  6.13e+01  1.91e+02  3.97e+00 6.68e+02 1.91e+02  1.27e-01 1.83e-03     41s
 134  -6.25938324e+01  2.07002419e-01  3.37e+01 4.44e-01  6.12e+01  1.94e+02  3.99e+00 6.77e+02 1.94e+02  1.26e-01 1.78e-03     41s
 135  -5.37273631e+01  2.09651606e-01  2.90e+01 3.81e-01  5.34e+01  1.48e-01  4.02e+00 6.86e+02 1.97e+02  7.23e-01 1.40e-01     41s
 136  -5.44273170e+01  2.09651606e-01  2.93e+01 3.80e-01  5.32e+01  1.53e+02  3.60e+00 6.62e+02 1.53e+02  1.56e-01 2.93e-03     42s
 137  -5.50935756e+01  2.09651606e-01  2.97e+01 3.79e-01  5.31e+01  1.56e+02  3.62e+00 6.73e+02 1.56e+02  1.54e-01 2.74e-03     42s
 138  -5.57496383e+01  2.09651606e-01  3.00e+01 3.78e-01  5.30e+01  1.59e+02  3.64e+00 6.83e+02 1.59e+02  1.51e-01 2.65e-03     42s
 139  -5.63962984e+01  2.09651606e-01  3.04e+01 3.77e-01  5.29e+01  1.62e+02  3.66e+00 6.94e+02 1.62e+02  1.49e-01 2.57e-03     43s
 140  -5.70336835e+01  2.09651606e-01  3.07e+01 3.76e-01  5.27e+01  1.64e+02  3.69e+00 7.04e+02 1.64e+02  1.47e-01 2.49e-03     43s
 141  -5.76619197e+01  2.09651606e-01  3.10e+01 3.75e-01  5.26e+01  1.67e+02  3.71e+00 7.15e+02 1.67e+02  1.45e-01 2.41e-03     43s
 142  -5.82817520e+01  2.09651606e-01  3.13e+01 3.75e-01  5.25e+01  1.70e+02  3.73e+00 7.25e+02 1.70e+02  1.43e-01 2.34e-03     44s
 143  -5.88932883e+01  2.09651606e-01  3.17e+01 3.74e-01  5.24e+01  1.73e+02  3.76e+00 7.36e+02 1.73e+02  1.41e-01 2.27e-03     44s
 144  -5.94960321e+01  2.09651606e-01  3.20e+01 3.73e-01  5.23e+01  1.75e+02  3.78e+00 7.47e+02 1.75e+02  1.39e-01 2.20e-03     44s
 145  -6.00912946e+01  2.09651606e-01  3.23e+01 3.72e-01  5.22e+01  1.78e+02  3.80e+00 7.58e+02 1.78e+02  1.37e-01 2.14e-03     45s
 146  -6.06791662e+01  2.09651606e-01  3.26e+01 3.71e-01  5.21e+01  1.81e+02  3.83e+00 7.69e+02 1.81e+02  1.35e-01 2.08e-03     45s
 147  -6.12591562e+01  2.09651606e-01  3.29e+01 3.71e-01  5.20e+01  1.84e+02  3.85e+00 7.79e+02 1.84e+02  1.33e-01 2.02e-03     45s
 148  -6.18319398e+01  2.09651606e-01  3.32e+01 3.70e-01  5.19e+01  1.86e+02  3.88e+00 7.90e+02 1.86e+02  1.31e-01 1.96e-03     46s
 149  -6.23976045e+01  2.09651606e-01  3.35e+01 3.69e-01  5.18e+01  1.89e+02  3.91e+00 8.01e+02 1.89e+02  1.30e-01 1.91e-03     46s
 150  -6.29567964e+01  2.09651606e-01  3.38e+01 3.68e-01  5.17e+01  1.92e+02  3.93e+00 8.13e+02 1.92e+02  1.28e-01 1.86e-03     46s
 151  -6.35095891e+01  2.09651606e-01  3.41e+01 3.68e-01  5.17e+01  1.95e+02  3.96e+00 8.24e+02 1.95e+02  1.26e-01 1.81e-03     47s
 152  -6.40555092e+01  2.09651606e-01  3.44e+01 3.67e-01  5.16e+01  1.98e+02  3.99e+00 8.35e+02 1.98e+02  1.25e-01 1.76e-03     47s
 153  -5.57080091e+01  2.11598639e-01  2.99e+01 3.20e-01  4.55e+01  1.12e-01  4.01e+00 8.46e+02 2.01e+02  7.07e-01 1.29e-01     47s
 154  -5.63923652e+01  2.11598639e-01  3.03e+01 3.19e-01  4.54e+01  1.59e+02  3.61e+00 8.15e+02 1.59e+02  1.53e-01 2.78e-03     48s
 155  -5.70490618e+01  2.11598639e-01  3.06e+01 3.18e-01  4.53e+01  1.62e+02  3.63e+00 8.28e+02 1.62e+02  1.50e-01 2.62e-03     48s
 156  -5.76964161e+01  2.11598639e-01  3.09e+01 3.17e-01  4.52e+01  1.64e+02  3.65e+00 8.41e+02 1.64e+02  1.48e-01 2.54e-03     48s
 157  -5.83345523e+01  2.11598639e-01  3.13e+01 3.16e-01  4.51e+01  1.67e+02  3.68e+00 8.54e+02 1.67e+02  1.46e-01 2.46e-03     48s
 158  -5.89642231e+01  2.11598639e-01  3.16e+01 3.16e-01  4.50e+01  1.70e+02  3.70e+00 8.67e+02 1.70e+02  1.44e-01 2.39e-03     49s
 159  -5.95842927e+01  2.11598639e-01  3.19e+01 3.15e-01  4.49e+01  1.73e+02  3.72e+00 8.79e+02 1.73e+02  1.42e-01 2.31e-03     49s
 160  -6.01967340e+01  2.11598639e-01  3.23e+01 3.14e-01  4.48e+01  1.76e+02  3.75e+00 8.92e+02 1.76e+02  1.40e-01 2.24e-03     49s
 161  -6.08010322e+01  2.11598639e-01  3.26e+01 3.13e-01  4.47e+01  1.78e+02  3.77e+00 9.05e+02 1.78e+02  1.38e-01 2.18e-03     50s
 162  -6.13972904e+01  2.11598639e-01  3.29e+01 3.13e-01  4.46e+01  1.81e+02  3.80e+00 9.18e+02 1.81e+02  1.36e-01 2.11e-03     50s
 163  -6.19861996e+01  2.11598639e-01  3.32e+01 3.12e-01  4.45e+01  1.84e+02  3.82e+00 9.31e+02 1.84e+02  1.34e-01 2.05e-03     50s
 164  -6.25678473e+01  2.11598639e-01  3.35e+01 3.12e-01  4.44e+01  1.87e+02  3.85e+00 9.45e+02 1.87e+02  1.33e-01 2.00e-03     51s
 165  -6.31423199e+01  2.11598639e-01  3.38e+01 3.11e-01  4.44e+01  1.90e+02  3.87e+00 9.58e+02 1.90e+02  1.31e-01 1.94e-03     51s
 166  -6.37097031e+01  2.11598639e-01  3.41e+01 3.10e-01  4.43e+01  1.93e+02  3.90e+00 9.71e+02 1.93e+02  1.29e-01 1.89e-03     51s
 167  -6.42706426e+01  2.11598639e-01  3.44e+01 3.10e-01  4.42e+01  1.96e+02  3.92e+00 9.85e+02 1.96e+02  1.27e-01 1.84e-03     52s
 168  -6.48246557e+01  2.11598639e-01  3.47e+01 3.09e-01  4.41e+01  1.98e+02  3.95e+00 9.98e+02 1.98e+02  1.26e-01 1.79e-03     52s
 169  -6.53723730e+01  2.11598639e-01  3.50e+01 3.09e-01  4.41e+01  2.01e+02  3.98e+00 1.01e+03 2.01e+02  1.24e-01 1.74e-03     52s
 170  -5.74093867e+01  2.13081755e-01  3.07e+01 2.71e-01  3.92e+01  6.12e-02  4.01e+00 1.03e+03 2.04e+02  6.94e-01 1.21e-01     53s
 171  -5.80813226e+01  2.13081755e-01  3.11e+01 2.71e-01  3.91e+01  1.64e+02  3.62e+00 9.87e+02 1.64e+02  1.50e-01 2.66e-03     53s
 172  -5.87326201e+01  2.13081755e-01  3.14e+01 2.70e-01  3.90e+01  1.67e+02  3.64e+00 1.00e+03 1.67e+02  1.48e-01 2.54e-03     53s
 173  -5.93753455e+01  2.13081755e-01  3.18e+01 2.69e-01  3.89e+01  1.69e+02  3.66e+00 1.02e+03 1.69e+02  1.46e-01 2.46e-03     54s
 174  -6.00089693e+01  2.13081755e-01  3.21e+01 2.69e-01  3.89e+01  1.72e+02  3.68e+00 1.03e+03 1.72e+02  1.44e-01 2.38e-03     54s
 175  -6.06336111e+01  2.13081755e-01  3.24e+01 2.68e-01  3.88e+01  1.75e+02  3.71e+00 1.05e+03 1.75e+02  1.42e-01 2.31e-03     54s
 176  -6.12500061e+01  2.13081755e-01  3.28e+01 2.67e-01  3.87e+01  1.78e+02  3.73e+00 1.06e+03 1.78e+02  1.40e-01 2.24e-03     55s
 177  -6.18588653e+01  2.13081755e-01  3.31e+01 2.67e-01  3.86e+01  1.81e+02  3.76e+00 1.08e+03 1.81e+02  1.38e-01 2.18e-03     55s
 178  -6.24596747e+01  2.13081755e-01  3.34e+01 2.66e-01  3.85e+01  1.84e+02  3.78e+00 1.09e+03 1.84e+02  1.36e-01 2.11e-03     55s
 179  -6.30525347e+01  2.13081755e-01  3.37e+01 2.66e-01  3.85e+01  1.86e+02  3.81e+00 1.11e+03 1.86e+02  1.34e-01 2.05e-03     56s
 180  -6.36387165e+01  2.13081755e-01  3.40e+01 2.65e-01  3.84e+01  1.89e+02  3.83e+00 1.13e+03 1.89e+02  1.32e-01 2.00e-03     56s
 181  -6.42171342e+01  2.13081755e-01  3.43e+01 2.65e-01  3.83e+01  1.92e+02  3.86e+00 1.14e+03 1.92e+02  1.31e-01 1.94e-03     56s
 182  -6.47890286e+01  2.13081755e-01  3.46e+01 2.64e-01  3.83e+01  1.95e+02  3.88e+00 1.16e+03 1.95e+02  1.29e-01 1.89e-03     57s
 183  -6.53539056e+01  2.13081755e-01  3.49e+01 2.64e-01  3.82e+01  1.98e+02  3.91e+00 1.17e+03 1.98e+02  1.27e-01 1.84e-03     57s
 184  -6.59124062e+01  2.13081755e-01  3.52e+01 2.63e-01  3.82e+01  2.01e+02  3.94e+00 1.19e+03 2.01e+02  1.26e-01 1.79e-03     57s
 185  -6.64646002e+01  2.13081755e-01  3.55e+01 2.63e-01  3.81e+01  2.04e+02  3.97e+00 1.21e+03 2.04e+02  1.24e-01 1.74e-03     58s
 186  -6.70105570e+01  2.13081755e-01  3.58e+01 2.62e-01  3.80e+01  2.07e+02  3.99e+00 1.22e+03 2.07e+02  1.23e-01 1.69e-03     58s
 187  -5.92925553e+01  2.14243562e-01  3.17e+01 2.32e-01  3.41e+01  1.94e-01  4.02e+00 1.24e+03 2.10e+02  6.83e-01 1.14e-01     58s
 188  -5.99720681e+01  2.14243562e-01  3.21e+01 2.32e-01  3.40e+01  1.70e+02  3.63e+00 1.19e+03 1.70e+02  1.47e-01 2.61e-03     59s
 189  -6.06151688e+01  2.14243562e-01  3.24e+01 2.31e-01  3.39e+01  1.73e+02  3.66e+00 1.21e+03 1.73e+02  1.45e-01 2.42e-03     59s
 190  -6.12492108e+01  2.14243562e-01  3.27e+01 2.31e-01  3.38e+01  1.76e+02  3.68e+00 1.23e+03 1.76e+02  1.43e-01 2.35e-03     59s
 191  -6.18749373e+01  2.14243562e-01  3.31e+01 2.30e-01  3.38e+01  1.78e+02  3.70e+00 1.24e+03 1.78e+02  1.41e-01 2.28e-03     60s
 192  -6.24918317e+01  2.14243562e-01  3.34e+01 2.30e-01  3.37e+01  1.81e+02  3.73e+00 1.26e+03 1.81e+02  1.39e-01 2.21e-03     60s
 193  -6.31012276e+01  2.14243562e-01  3.37e+01 2.29e-01  3.36e+01  1.84e+02  3.75e+00 1.28e+03 1.84e+02  1.37e-01 2.15e-03     60s
 194  -6.37032105e+01  2.14243562e-01  3.40e+01 2.29e-01  3.36e+01  1.87e+02  3.78e+00 1.30e+03 1.87e+02  1.35e-01 2.08e-03     61s
 195  -6.42972704e+01  2.14243562e-01  3.44e+01 2.28e-01  3.35e+01  1.90e+02  3.80e+00 1.32e+03 1.90e+02  1.33e-01 2.02e-03     61s
 196  -6.48840920e+01  2.14243562e-01  3.47e+01 2.28e-01  3.35e+01  1.93e+02  3.83e+00 1.34e+03 1.93e+02  1.32e-01 1.97e-03     61s
 197  -6.54643386e+01  2.14243562e-01  3.50e+01 2.27e-01  3.34e+01  1.96e+02  3.85e+00 1.36e+03 1.96e+02  1.30e-01 1.92e-03     62s
 198  -6.60375072e+01  2.14243562e-01  3.53e+01 2.27e-01  3.33e+01  1.99e+02  3.88e+00 1.37e+03 1.99e+02  1.28e-01 1.86e-03     62s
 199  -6.66036795e+01  2.14243562e-01  3.56e+01 2.26e-01  3.33e+01  2.02e+02  3.91e+00 1.39e+03 2.02e+02  1.27e-01 1.81e-03     63s
 200  -6.71634963e+01  2.14243562e-01  3.59e+01 2.26e-01  3.32e+01  2.05e+02  3.94e+00 1.41e+03 2.05e+02  1.25e-01 1.76e-03     63s
 201  -6.77175803e+01  2.14243562e-01  3.62e+01 2.26e-01  3.32e+01  2.08e+02  3.96e+00 1.43e+03 2.08e+02  1.23e-01 1.72e-03     63s
 202  -6.82648927e+01  2.14243562e-01  3.65e+01 2.25e-01  3.31e+01  2.11e+02  3.99e+00 1.45e+03 2.11e+02  1.22e-01 1.67e-03     64s
 203  -6.07725006e+01  2.15170178e-01  3.25e+01 2.01e-01  2.98e+01  1.98e-01  4.02e+00 1.47e+03 2.14e+02  6.74e-01 1.09e-01     64s
 204  -6.14254545e+01  2.15170178e-01  3.28e+01 2.00e-01  2.98e+01  1.74e+02  3.64e+00 1.41e+03 1.74e+02  1.45e-01 2.45e-03     64s
 205  -6.20654174e+01  2.15170178e-01  3.32e+01 2.00e-01  2.97e+01  1.77e+02  3.66e+00 1.43e+03 1.77e+02  1.43e-01 2.36e-03     64s
 206  -6.26970337e+01  2.15170178e-01  3.35e+01 1.99e-01  2.97e+01  1.80e+02  3.69e+00 1.45e+03 1.80e+02  1.41e-01 2.29e-03     65s
 207  -6.33204031e+01  2.15170178e-01  3.38e+01 1.99e-01  2.96e+01  1.83e+02  3.71e+00 1.47e+03 1.83e+02  1.39e-01 2.22e-03     65s
 208  -6.39362402e+01  2.15170178e-01  3.42e+01 1.98e-01  2.95e+01  1.86e+02  3.73e+00 1.50e+03 1.86e+02  1.37e-01 2.16e-03     65s
 209  -6.45440210e+01  2.15170178e-01  3.45e+01 1.98e-01  2.95e+01  1.89e+02  3.76e+00 1.52e+03 1.89e+02  1.35e-01 2.09e-03     66s
 210  -6.51438428e+01  2.15170178e-01  3.48e+01 1.98e-01  2.94e+01  1.92e+02  3.79e+00 1.54e+03 1.92e+02  1.34e-01 2.03e-03     66s
 211  -6.57363948e+01  2.15170178e-01  3.51e+01 1.97e-01  2.94e+01  1.95e+02  3.81e+00 1.56e+03 1.95e+02  1.32e-01 1.98e-03     66s
 212  -6.63223452e+01  2.15170178e-01  3.54e+01 1.97e-01  2.93e+01  1.98e+02  3.84e+00 1.58e+03 1.98e+02  1.30e-01 1.92e-03     67s
 213  -6.69011842e+01  2.15170178e-01  3.57e+01 1.96e-01  2.93e+01  2.01e+02  3.86e+00 1.61e+03 2.01e+02  1.28e-01 1.87e-03     67s
 214  -6.74729928e+01  2.15170178e-01  3.60e+01 1.96e-01  2.92e+01  2.04e+02  3.89e+00 1.63e+03 2.04e+02  1.27e-01 1.82e-03     67s
 215  -6.80389824e+01  2.15170178e-01  3.63e+01 1.96e-01  2.92e+01  2.07e+02  3.92e+00 1.65e+03 2.07e+02  1.25e-01 1.77e-03     68s
 216  -6.85980905e+01  2.15170178e-01  3.66e+01 1.95e-01  2.91e+01  2.10e+02  3.95e+00 1.67e+03 2.10e+02  1.24e-01 1.72e-03     68s
 217  -6.91515020e+01  2.15170178e-01  3.69e+01 1.95e-01  2.91e+01  2.13e+02  3.98e+00 1.69e+03 2.13e+02  1.22e-01 1.68e-03     68s
 218  -6.18981271e+01  2.15917422e-01  3.31e+01 1.75e-01  2.63e+01  3.77e-02  4.00e+00 1.72e+03 2.16e+02  6.66e-01 1.04e-01     69s
 219  -6.25690635e+01  2.15917422e-01  3.34e+01 1.74e-01  2.63e+01  1.77e+02  3.63e+00 1.65e+03 1.77e+02  1.45e-01 2.48e-03     69s
 220  -6.32124173e+01  2.15917422e-01  3.38e+01 1.74e-01  2.62e+01  1.80e+02  3.66e+00 1.67e+03 1.80e+02  1.43e-01 2.34e-03     69s
 221  -6.38461502e+01  2.15917422e-01  3.41e+01 1.73e-01  2.62e+01  1.83e+02  3.68e+00 1.70e+03 1.83e+02  1.41e-01 2.26e-03     70s
 222  -6.44722689e+01  2.15917422e-01  3.45e+01 1.73e-01  2.61e+01  1.86e+02  3.71e+00 1.72e+03 1.86e+02  1.39e-01 2.20e-03     70s
 223  -6.50902384e+01  2.15917422e-01  3.48e+01 1.73e-01  2.61e+01  1.89e+02  3.73e+00 1.75e+03 1.89e+02  1.37e-01 2.13e-03     70s
 224  -6.57007660e+01  2.15917422e-01  3.51e+01 1.72e-01  2.60e+01  1.92e+02  3.76e+00 1.77e+03 1.92e+02  1.35e-01 2.07e-03     71s
 225  -6.63033312e+01  2.15917422e-01  3.54e+01 1.72e-01  2.60e+01  1.95e+02  3.78e+00 1.80e+03 1.95e+02  1.33e-01 2.01e-03     71s
 226  -6.68986246e+01  2.15917422e-01  3.57e+01 1.72e-01  2.59e+01  1.98e+02  3.81e+00 1.82e+03 1.98e+02  1.31e-01 1.96e-03     71s
 227  -6.74873161e+01  2.15917422e-01  3.61e+01 1.71e-01  2.59e+01  2.01e+02  3.84e+00 1.85e+03 2.01e+02  1.30e-01 1.90e-03     72s
 228  -6.80688921e+01  2.15917422e-01  3.64e+01 1.71e-01  2.58e+01  2.04e+02  3.86e+00 1.88e+03 2.04e+02  1.28e-01 1.85e-03     72s
 229  -6.86440077e+01  2.15917422e-01  3.67e+01 1.71e-01  2.58e+01  2.07e+02  3.89e+00 1.90e+03 2.07e+02  1.26e-01 1.80e-03     72s
 230  -6.92121616e+01  2.15917422e-01  3.70e+01 1.70e-01  2.57e+01  2.10e+02  3.92e+00 1.93e+03 2.10e+02  1.25e-01 1.75e-03     73s
 231  -6.97745566e+01  2.15917422e-01  3.73e+01 1.70e-01  2.57e+01  2.13e+02  3.95e+00 1.95e+03 2.13e+02  1.23e-01 1.71e-03     73s
 232  -7.03306920e+01  2.15917422e-01  3.76e+01 1.70e-01  2.57e+01  2.16e+02  3.97e+00 1.98e+03 2.16e+02  1.22e-01 1.67e-03     73s
 233  -6.32237937e+01  2.16531099e-01  3.38e+01 1.53e-01  2.33e+01  2.40e-02  4.00e+00 2.01e+03 2.19e+02  6.59e-01 1.01e-01     74s
 234  -6.38843110e+01  2.16531099e-01  3.42e+01 1.52e-01  2.33e+01  1.81e+02  3.64e+00 1.93e+03 1.81e+02  1.43e-01 2.39e-03     74s
 235  -6.45266085e+01  2.16531099e-01  3.45e+01 1.52e-01  2.32e+01  1.84e+02  3.66e+00 1.95e+03 1.84e+02  1.41e-01 2.29e-03     74s
 236  -6.51612284e+01  2.16531099e-01  3.48e+01 1.52e-01  2.32e+01  1.87e+02  3.69e+00 1.98e+03 1.87e+02  1.39e-01 2.22e-03     75s
 237  -6.57876262e+01  2.16531099e-01  3.52e+01 1.51e-01  2.31e+01  1.90e+02  3.71e+00 2.01e+03 1.90e+02  1.37e-01 2.16e-03     75s
 238  -6.64065173e+01  2.16531099e-01  3.55e+01 1.51e-01  2.31e+01  1.93e+02  3.74e+00 2.04e+03 1.93e+02  1.36e-01 2.10e-03     75s
 239  -6.70173719e+01  2.16531099e-01  3.58e+01 1.51e-01  2.30e+01  1.96e+02  3.76e+00 2.07e+03 1.96e+02  1.34e-01 2.04e-03     76s
 240  -6.76208886e+01  2.16531099e-01  3.61e+01 1.50e-01  2.30e+01  1.99e+02  3.79e+00 2.10e+03 1.99e+02  1.32e-01 1.98e-03     76s
 241  -6.82171480e+01  2.16531099e-01  3.65e+01 1.50e-01  2.30e+01  2.02e+02  3.81e+00 2.13e+03 2.02e+02  1.30e-01 1.92e-03     76s
 242  -6.88068201e+01  2.16531099e-01  3.68e+01 1.50e-01  2.29e+01  2.06e+02  3.84e+00 2.16e+03 2.06e+02  1.29e-01 1.87e-03     77s
 243  -6.93893892e+01  2.16531099e-01  3.71e+01 1.50e-01  2.29e+01  2.09e+02  3.87e+00 2.19e+03 2.09e+02  1.27e-01 1.82e-03     77s
 244  -6.99649342e+01  2.16531099e-01  3.74e+01 1.49e-01  2.28e+01  2.12e+02  3.90e+00 2.22e+03 2.12e+02  1.25e-01 1.77e-03     77s
 245  -7.05346724e+01  2.16531099e-01  3.77e+01 1.49e-01  2.28e+01  2.15e+02  3.92e+00 2.25e+03 2.15e+02  1.24e-01 1.73e-03     78s
 246  -7.10980952e+01  2.16531099e-01  3.80e+01 1.49e-01  2.28e+01  2.18e+02  3.95e+00 2.28e+03 2.18e+02  1.22e-01 1.68e-03     78s
 247  -7.16558257e+01  2.16531099e-01  3.83e+01 1.49e-01  2.27e+01  2.21e+02  3.98e+00 2.31e+03 2.21e+02  1.21e-01 1.64e-03     78s
 248  -6.46521098e+01  2.17040940e-01  3.46e+01 1.34e-01  2.07e+01  1.03e-01  4.01e+00 2.34e+03 2.24e+02  6.52e-01 9.73e-02     79s
 249  -6.53239688e+01  2.17040940e-01  3.49e+01 1.34e-01  2.07e+01  1.86e+02  3.65e+00 2.24e+03 1.86e+02  1.42e-01 2.38e-03     79s
 250  -6.59650557e+01  2.17040940e-01  3.53e+01 1.34e-01  2.06e+01  1.89e+02  3.67e+00 2.28e+03 1.89e+02  1.40e-01 2.23e-03     79s
 251  -6.65985039e+01  2.17040940e-01  3.56e+01 1.33e-01  2.06e+01  1.92e+02  3.70e+00 2.31e+03 1.92e+02  1.38e-01 2.17e-03     80s
 252  -6.72231439e+01  2.17040940e-01  3.60e+01 1.33e-01  2.06e+01  1.95e+02  3.72e+00 2.34e+03 1.95e+02  1.36e-01 2.10e-03     80s
 253  -6.78403195e+01  2.17040940e-01  3.63e+01 1.33e-01  2.05e+01  1.98e+02  3.75e+00 2.38e+03 1.98e+02  1.34e-01 2.04e-03     80s
 254  -6.84501113e+01  2.17040940e-01  3.66e+01 1.32e-01  2.05e+01  2.01e+02  3.77e+00 2.41e+03 2.01e+02  1.32e-01 1.99e-03     81s
 255  -6.90525994e+01  2.17040940e-01  3.69e+01 1.32e-01  2.05e+01  2.04e+02  3.80e+00 2.44e+03 2.04e+02  1.30e-01 1.93e-03     81s
 256  -6.96484592e+01  2.17040940e-01  3.73e+01 1.32e-01  2.04e+01  2.08e+02  3.83e+00 2.48e+03 2.08e+02  1.29e-01 1.88e-03     81s
 257  -7.02371686e+01  2.17040940e-01  3.76e+01 1.32e-01  2.04e+01  2.11e+02  3.85e+00 2.51e+03 2.11e+02  1.27e-01 1.83e-03     82s
 258  -7.08193883e+01  2.17040940e-01  3.79e+01 1.31e-01  2.04e+01  2.14e+02  3.88e+00 2.55e+03 2.14e+02  1.26e-01 1.78e-03     82s
 259  -7.13946084e+01  2.17040940e-01  3.82e+01 1.31e-01  2.03e+01  2.17e+02  3.91e+00 2.58e+03 2.17e+02  1.24e-01 1.73e-03     82s
 260  -7.19640446e+01  2.17040940e-01  3.85e+01 1.31e-01  2.03e+01  2.20e+02  3.94e+00 2.62e+03 2.20e+02  1.22e-01 1.69e-03     83s
 261  -7.25271878e+01  2.17040940e-01  3.88e+01 1.31e-01  2.03e+01  2.23e+02  3.97e+00 2.65e+03 2.23e+02  1.21e-01 1.64e-03     83s
 262  -7.30846599e+01  2.17040940e-01  3.91e+01 1.31e-01  2.02e+01  2.26e+02  4.00e+00 2.69e+03 2.26e+02  1.20e-01 1.60e-03     83s
 263  -6.61334147e+01  2.17469818e-01  3.54e+01 1.18e-01  1.85e+01  2.76e-01  4.03e+00 2.72e+03 2.29e+02  6.46e-01 9.45e-02     84s
 264  -6.67811013e+01  2.17469818e-01  3.58e+01 1.18e-01  1.85e+01  1.91e+02  3.66e+00 2.61e+03 1.91e+02  1.40e-01 2.24e-03     84s
 265  -6.74198260e+01  2.17469818e-01  3.61e+01 1.18e-01  1.84e+01  1.94e+02  3.69e+00 2.65e+03 1.94e+02  1.38e-01 2.17e-03     84s
 266  -6.80503294e+01  2.17469818e-01  3.64e+01 1.17e-01  1.84e+01  1.97e+02  3.71e+00 2.68e+03 1.97e+02  1.36e-01 2.11e-03     85s
 267  -6.85654754e+01  2.17469818e-01  3.67e+01 1.17e-01  1.84e+01  2.00e+02  3.74e+00 2.72e+03 2.00e+02  1.34e-01 1.69e-03     85s
 268  -6.85658895e+01  2.17469818e-01  3.67e+01 1.17e-01  1.84e+01  2.03e+02  3.76e+00 2.75e+03 2.03e+02  1.33e-01 1.34e-06     86s

The solution quality is limited by the precision of the linear system solver.

The algorithm stopped after 269 iterations in 85.76 seconds.

Primal variables:   [+22.593 +15.478 +13.573 +17.594 +14.963 +14.937 +17.401 +12.338 +12.901
 +46.621 +15.221 +11.417 +45.167 +17.013 +16.524 +14.016 +18.755 +11.501
 +26.888 +15.013 +12.042 +20.637 +14.885 +18.690 +26.728 +26.769 +15.577
 +19.694 +16.685 +15.957 +13.330 +16.849 +16.431 +12.337 +16.055 +44.461
 +13.362 +16.516 +17.242 +12.588 +13.568 +10.594 +14.399 +12.274 +12.468
 +11.962 +23.741 +13.714 +12.941 +12.675 +11.333 +15.135 +12.444 +16.977
 +13.869 +13.288 +15.908 +12.586 +25.282 +26.642 +20.690 +20.727 +13.721
 +13.276 +14.292 +12.828 +10.554 +13.467 +11.808 +20.834 +17.673 +19.451
 +12.349 +11.553 +11.989 +0.813 +12.618 +12.325 +23.347 +0.263 +57.411
 +12.674 +14.119 +25.945 +12.087 +15.033 +16.385 +11.455 +13.588 +18.461
 +19.693 +20.021 +11.628 +12.834 +16.390 +17.691 +14.941 +14.638 +16.521
 +13.044]
Dual slacks:        [+0.006 +0.011 +0.015 +0.009 +0.011 +0.013 +0.010 +0.017 +0.016 +0.003
 +0.011 +0.019 +0.003 +0.010 +0.009 +0.013 +0.008 +0.018 +0.006 +0.010
 +0.018 +0.008 +0.012 +0.009 +0.006 +0.005 +0.012 +0.008 +0.011 +0.012
 +0.015 +0.010 +0.010 +0.013 +0.012 +0.003 +0.016 +0.011 +0.011 +0.016
 +0.015 +0.022 +0.011 +0.013 +0.017 +0.018 +0.007 +0.015 +0.016 +0.015
 +0.018 +0.012 +0.017 +0.009 +0.013 +0.016 +0.012 +0.017 +0.006 +0.005
 +0.007 +0.008 +0.014 +0.016 +0.013 +0.016 +0.022 +0.014 +0.016 +0.008
 +0.009 +0.008 +0.017 +0.017 +0.016 +0.496 +0.015 +0.017 +0.006 +1.948
 +0.002 +0.013 +0.013 +0.006 +0.013 +0.011 +0.009 +0.017 +0.015 +0.010
 +0.009 +0.008 +0.017 +0.012 +0.010 +0.010 +0.011 +0.013 +0.010 +0.012]
Dual variables:     [+0.117 +1.950]

Primal objective:   -6.85658895e+01
Dual objective:     2.17469818e-01 

Primal residual:    3.67e+01
Dual residual:      1.17e-01
Complementraty:     1.84e+01

Number of Iter:     269
Run time:           85.76
