
--------------- Linear optimization problem characteristics ---------------
Seed:                    40
Number of variables:     500
Number of constraints:   2

Norm of primal sol:      2.00e+00
Norm of dual sol:        2.00e+00
Norm of dual slacks:     2.00e+00

Norm of vector b:        1.76e-01
Norm of vector c:        2.75e+00

Norm of matrix A:        1.00e+00
Condition number:        2.00e+00

----------------------- Linear optimization problem -----------------------
Coeff matrix A:          [[-0.019 +0.027 -0.038 -0.046 -0.031 +0.020 +0.064 -0.030 +0.059 -0.007
 -0.013 -0.038 -0.039 +0.044 +0.044 -0.007 +0.019 -0.043 +0.015 +0.028
 -0.023 -0.029 -0.002 +0.017 +0.047 +0.038 +0.069 +0.037 +0.008 +0.044
 +0.053 +0.040 +0.046 +0.031 -0.052 +0.038 +0.023 +0.040 -0.036 +0.004
 +0.015 +0.031 +0.017 -0.036 -0.017 +0.065 -0.020 -0.031 -0.023 +0.014
 +0.038 +0.028 +0.038 -0.038 -0.053 +0.010 +0.035 -0.013 +0.054 -0.007
 -0.040 -0.053 -0.007 -0.048 +0.035 +0.033 +0.063 +0.050 +0.014 -0.006
 +0.053 +0.068 -0.050 +0.026 +0.047 +0.047 -0.019 -0.002 -0.040 +0.012
 +0.036 +0.006 -0.032 -0.023 -0.024 -0.057 +0.045 +0.022 -0.045 +0.074
 +0.044 -0.004 -0.016 -0.047 -0.033 -0.016 -0.022 +0.047 +0.009 -0.051
 -0.050 +0.053 +0.025 -0.006 +0.057 -0.032 +0.034 +0.024 -0.054 +0.059
 +0.030 +0.034 +0.041 +0.032 +0.018 +0.038 +0.033 +0.054 +0.055 -0.025
 +0.024 +0.015 +0.030 +0.017 -0.043 -0.071 -0.042 +0.023 -0.067 +0.014
 +0.034 -0.003 -0.046 +0.035 -0.029 +0.020 +0.062 -0.059 -0.002 +0.026
 -0.013 -0.055 -0.070 -0.049 -0.010 -0.008 -0.055 -0.058 -0.044 -0.004
 -0.066 -0.003 -0.041 -0.015 -0.031 +0.051 +0.069 +0.019 +0.020 -0.013
 +0.072 -0.004 +0.019 +0.038 -0.018 -0.004 -0.038 -0.016 -0.064 +0.054
 +0.061 -0.053 +0.029 +0.058 +0.030 -0.020 +0.060 +0.020 -0.053 -0.052
 -0.065 +0.021 +0.028 -0.054 +0.019 -0.010 -0.015 +0.027 -0.013 -0.049
 -0.018 -0.014 +0.018 -0.021 +0.037 -0.059 -0.001 -0.020 -0.008 -0.005
 +0.031 +0.007 -0.003 +0.009 -0.047 +0.016 +0.057 -0.059 +0.002 +0.052
 -0.036 -0.039 +0.040 -0.014 -0.025 -0.019 -0.012 -0.009 +0.032 -0.016
 -0.032 +0.025 +0.030 -0.036 -0.006 +0.022 +0.027 +0.049 +0.009 -0.044
 -0.007 +0.016 +0.031 +0.043 -0.050 +0.001 +0.025 -0.019 -0.020 -0.035
 +0.039 -0.000 +0.021 -0.023 +0.023 +0.021 -0.036 +0.047 -0.047 +0.039
 +0.012 +0.043 -0.065 +0.034 +0.037 -0.059 +0.023 +0.057 -0.018 +0.041
 -0.041 +0.011 -0.056 +0.010 +0.057 +0.031 +0.054 -0.024 +0.015 +0.061
 +0.041 +0.015 +0.017 -0.007 -0.045 +0.015 +0.011 +0.064 +0.042 -0.051
 +0.040 -0.049 -0.053 +0.061 -0.060 -0.015 -0.041 +0.027 -0.057 -0.006
 -0.008 +0.014 -0.001 +0.066 -0.069 -0.005 +0.035 +0.017 -0.031 +0.021
 +0.034 +0.036 +0.056 +0.030 +0.033 +0.032 +0.059 +0.041 -0.011 +0.059
 -0.061 +0.013 -0.067 -0.024 +0.064 +0.030 +0.003 +0.038 -0.059 -0.019
 +0.069 +0.042 +0.052 +0.043 -0.026 -0.012 +0.061 -0.003 +0.028 -0.017
 -0.049 +0.049 -0.015 +0.028 +0.004 -0.023 +0.051 -0.047 -0.022 -0.009
 +0.009 -0.017 +0.053 +0.006 +0.045 -0.034 -0.008 +0.021 -0.060 -0.063
 +0.046 +0.034 -0.001 -0.043 +0.070 +0.016 +0.010 -0.050 -0.031 +0.058
 +0.026 +0.006 -0.009 -0.026 -0.031 -0.026 +0.072 -0.001 +0.017 -0.057
 +0.032 +0.047 +0.036 -0.002 +0.017 +0.023 -0.057 +0.015 +0.057 -0.023
 -0.012 -0.060 -0.021 -0.025 -0.028 -0.050 -0.024 -0.024 +0.042 +0.021
 +0.015 -0.041 +0.024 +0.031 +0.018 +0.069 +0.054 -0.067 +0.038 -0.005
 +0.040 -0.033 +0.025 -0.020 +0.019 -0.034 +0.029 -0.001 -0.046 -0.018
 +0.033 +0.042 -0.026 +0.019 -0.063 +0.047 -0.024 -0.037 +0.014 +0.049
 +0.052 -0.074 -0.028 +0.047 -0.042 -0.029 +0.045 +0.014 +0.018 -0.049
 +0.039 -0.008 -0.057 +0.033 +0.016 +0.011 -0.053 -0.027 +0.011 -0.036
 -0.025 +0.012 +0.043 -0.017 +0.046 -0.019 +0.035 -0.012 +0.037 +0.007
 -0.049 -0.052 +0.037 +0.073 +0.042 +0.063 +0.068 -0.010 +0.024 +0.064
 +0.011 -0.018 -0.033 +0.019 +0.035 -0.041 -0.050 -0.028 +0.000 +0.040
 -0.024 -0.007 -0.048 +0.063 -0.003 +0.013 +0.042 +0.009 +0.039 -0.014
 +0.047 -0.034 -0.031 +0.001 +0.045 +0.012 -0.048 +0.035 -0.044 +0.042
 -0.014 +0.052 -0.028 -0.003 -0.029 -0.002 +0.010 -0.033 -0.033 -0.041]
                          [-0.047 +0.041 +0.011 +0.006 -0.043 +0.024 +0.050 -0.004 +0.065 -0.001
 -0.017 +0.001 -0.041 -0.014 +0.050 +0.024 -0.028 -0.050 -0.001 -0.011
 +0.014 -0.017 -0.008 -0.016 +0.008 -0.007 +0.054 -0.020 +0.034 +0.014
 +0.034 +0.060 +0.048 +0.055 -0.003 -0.002 +0.012 +0.053 +0.005 -0.019
 -0.043 +0.033 +0.002 +0.033 -0.038 +0.053 -0.012 -0.043 -0.031 +0.046
 +0.053 -0.020 +0.018 -0.047 -0.010 +0.046 +0.005 +0.001 +0.002 -0.050
 +0.017 -0.005 +0.008 +0.006 +0.022 +0.050 +0.057 -0.011 +0.002 -0.044
 +0.000 +0.050 -0.061 -0.039 +0.031 +0.037 +0.042 -0.045 -0.043 +0.044
 -0.023 -0.002 -0.018 +0.039 +0.031 -0.041 -0.014 -0.041 -0.036 +0.065
 +0.042 -0.024 +0.028 -0.025 +0.014 +0.010 -0.010 -0.015 -0.020 -0.017
 +0.001 +0.039 +0.011 +0.014 +0.045 -0.054 +0.028 +0.020 -0.036 +0.040
 +0.013 +0.013 -0.013 +0.021 -0.008 -0.007 +0.033 +0.030 +0.007 +0.038
 -0.014 +0.033 +0.008 +0.033 -0.039 -0.064 +0.023 +0.053 -0.042 +0.027
 -0.020 +0.017 +0.005 +0.014 -0.011 +0.011 +0.055 -0.035 -0.018 -0.040
 -0.034 -0.011 -0.061 -0.027 +0.012 +0.017 -0.034 -0.054 -0.007 +0.017
 -0.058 +0.024 +0.023 +0.036 +0.005 +0.046 +0.049 -0.004 +0.038 -0.047
 +0.059 +0.027 +0.027 -0.037 +0.039 +0.032 +0.039 +0.010 -0.036 +0.044
 +0.054 -0.045 -0.018 +0.050 -0.029 -0.028 +0.035 +0.044 -0.001 -0.022
 -0.058 -0.037 -0.032 -0.049 +0.000 +0.010 -0.011 +0.045 -0.041 +0.016
 -0.000 -0.043 +0.010 +0.003 +0.015 -0.030 +0.046 +0.038 +0.007 +0.042
 +0.017 +0.019 -0.007 +0.035 -0.036 -0.028 +0.060 -0.035 +0.040 +0.012
 +0.017 +0.038 -0.037 -0.035 -0.039 -0.049 -0.041 -0.004 +0.056 -0.036
 -0.048 +0.033 +0.034 -0.048 +0.027 -0.015 -0.026 +0.059 +0.003 +0.015
 -0.051 +0.028 -0.012 -0.033 -0.018 -0.043 -0.009 -0.013 +0.031 -0.051
 +0.004 +0.026 -0.003 +0.017 +0.023 +0.047 +0.006 +0.042 +0.005 -0.029
 +0.017 +0.054 -0.060 +0.013 +0.042 -0.031 -0.012 +0.062 -0.042 +0.016
 -0.011 +0.041 -0.019 +0.012 +0.050 -0.036 +0.044 -0.043 +0.014 +0.063
 +0.050 -0.013 +0.030 +0.045 -0.038 +0.004 +0.026 +0.029 -0.035 -0.025
 +0.033 -0.057 +0.008 +0.059 -0.032 +0.009 -0.055 -0.008 -0.021 +0.030
 +0.036 -0.019 -0.047 +0.063 -0.059 +0.020 -0.003 -0.014 -0.010 +0.024
 +0.052 -0.004 +0.022 +0.042 +0.020 +0.034 +0.059 +0.040 +0.014 +0.015
 -0.030 -0.020 -0.060 -0.054 +0.047 -0.007 +0.044 +0.008 -0.051 +0.010
 +0.061 +0.012 +0.017 +0.031 -0.017 +0.037 +0.054 -0.003 +0.026 -0.006
 -0.003 +0.027 -0.006 -0.004 +0.013 +0.006 +0.050 +0.005 -0.017 -0.009
 +0.034 -0.011 +0.029 -0.000 -0.022 -0.018 +0.043 +0.018 -0.053 -0.045
 +0.006 +0.006 -0.041 -0.001 +0.068 +0.023 +0.008 -0.040 +0.018 +0.063
 -0.033 +0.039 +0.012 +0.008 +0.001 -0.019 +0.063 +0.007 +0.028 -0.057
 +0.049 +0.053 +0.034 -0.029 +0.035 +0.041 -0.020 -0.019 +0.049 +0.025
 -0.046 -0.036 +0.033 -0.016 -0.004 -0.057 +0.010 +0.022 -0.008 +0.027
 -0.013 -0.010 +0.044 +0.031 +0.015 +0.054 -0.000 -0.056 +0.034 +0.012
 +0.002 -0.038 -0.042 +0.007 +0.041 +0.011 -0.019 +0.005 -0.009 -0.005
 +0.047 +0.014 +0.001 +0.037 -0.031 +0.051 +0.018 +0.021 +0.003 +0.032
 +0.027 -0.066 -0.053 +0.004 -0.050 -0.005 +0.015 -0.008 -0.005 -0.010
 -0.018 -0.017 -0.033 +0.012 -0.020 -0.040 -0.028 +0.037 +0.044 -0.051
 -0.002 +0.028 -0.037 -0.045 +0.027 +0.013 +0.046 -0.028 -0.021 -0.040
 -0.017 -0.030 -0.022 +0.067 -0.025 +0.052 +0.046 -0.008 +0.035 +0.061
 +0.031 +0.009 -0.015 +0.019 +0.002 -0.054 -0.028 +0.006 -0.043 -0.031
 -0.035 +0.032 -0.049 +0.034 -0.021 -0.039 +0.004 +0.024 +0.039 +0.009
 +0.027 -0.029 +0.015 -0.017 +0.033 -0.025 +0.021 +0.037 -0.017 +0.013
 +0.033 +0.061 -0.050 -0.026 -0.055 +0.040 +0.034 -0.013 -0.014 -0.059]]

RHS vector b:            [+0.130 +0.118]
Obj vector c:            [-0.092 +0.095 -0.041 -0.059 -0.104 +0.062 +0.162 -0.049 +0.175 -0.011
 -0.042 -0.055 -0.114 +0.046 +0.132 +0.022 -0.011 -0.131 +0.021 +0.027
 -0.015 -0.066 -0.015 +0.002 +0.080 +0.046 +0.175 +0.027 +0.057 +0.084
 +0.124 +0.141 +0.133 +0.121 -0.079 +0.053 +0.050 +0.130 -0.046 -0.020
 -0.037 +0.091 +0.027 -0.009 -0.076 +0.167 -0.045 -0.103 -0.076 +0.082
 +0.128 +0.014 +0.081 -0.119 -0.091 +0.077 +0.058 -0.018 +0.082 -0.078
 -0.035 -0.085 -0.001 -0.062 +0.080 +0.116 +0.169 +0.058 +0.023 -0.068
 +0.078 +0.168 -0.157 -0.015 +0.111 +0.119 +0.030 -0.065 -0.117 +0.076
 +0.022 +0.006 -0.072 +0.020 +0.007 -0.140 +0.047 -0.024 -0.114 +0.196
 +0.121 -0.040 +0.014 -0.103 -0.029 -0.010 -0.046 +0.049 -0.015 -0.097
 -0.073 +0.130 +0.051 +0.010 +0.144 -0.120 +0.088 +0.063 -0.127 +0.141
 +0.061 +0.597 +0.042 +0.075 +0.016 +0.046 +0.094 +0.120 +0.089 +0.015
 +0.017 +0.066 +0.055 +0.070 -0.116 -0.191 -0.031 +0.105 -0.156 +0.056
 +0.024 +0.019 -0.061 +0.071 -0.058 +0.043 +0.165 -0.135 -0.027 -0.016
 -0.065 -0.097 -0.186 -0.108 +0.002 +0.010 -0.127 -0.158 -0.075 +0.018
 -0.176 +0.027 -0.029 +0.028 -0.039 +0.137 +0.169 +0.023 +0.080 -0.083
 +0.185 +0.031 +0.064 +0.004 +0.028 +0.037 -0.003 -0.010 -0.142 +0.139
 +0.163 -0.139 +0.018 +0.152 +0.004 -0.068 +0.136 +0.090 -0.078 -0.106
 -0.174 -0.020 -0.002 -0.146 +0.027 -0.001 -0.038 +0.100 -0.074 -0.051
 -0.027 -0.079 +0.040 -0.026 +0.075 -0.127 +0.062 +0.022 -0.002 +0.050
 +0.068 +0.036 -0.014 +0.061 -0.118 -0.015 +0.165 -0.135 +0.058 +0.092
 -0.030 -0.006 +0.007 -0.069 -0.090 -0.094 -0.073 -0.017 +0.124 -0.073
 -0.113 +0.081 +0.090 -0.119 +0.029 +0.012 +0.004 +0.152 +0.016 -0.045
 -0.080 +0.061 +0.029 +0.019 -0.097 -0.057 +0.023 -0.045 +0.013 -0.121
 +0.063 +0.035 +0.026 -0.011 +0.065 +0.094 -0.045 +0.127 -0.062 +0.017
 +0.041 +0.136 -0.177 +0.068 +0.112 -0.127 +0.017 +0.168 -0.084 +0.082
 -0.076 +0.072 -0.108 +0.030 +0.151 -0.004 +0.139 -0.094 +0.041 +0.174
 +0.127 +0.003 +0.067 +0.052 -0.118 +0.027 +0.052 +0.133 +0.014 -0.109
 +0.104 -0.150 -0.067 +0.170 -0.132 -0.010 -0.135 +0.029 -0.112 +0.031
 +0.037 -0.005 -0.065 +0.183 -0.182 +0.020 +0.046 +0.006 -0.059 +0.063
 +0.120 +0.048 +0.112 +0.101 +0.075 +0.093 +0.166 +0.115 +0.002 +0.106
 -0.130 -0.008 -0.180 -0.108 +0.159 +0.034 +0.065 +0.066 -0.156 -0.013
 +0.183 +0.078 +0.099 +0.106 -0.061 +0.033 +0.163 -0.009 +0.076 -0.033
 -0.075 +0.108 -0.031 +0.037 +0.024 -0.024 +0.142 -0.062 -0.055 -0.026
 +0.060 -0.040 +0.117 +0.008 +0.036 -0.075 +0.046 +0.056 -0.161 -0.154
 +0.077 +0.058 -0.057 -0.064 +0.196 +0.053 +0.025 +1.801 -0.021 +0.172
 -0.007 +0.062 +0.003 -0.027 -0.043 -0.064 +0.191 +0.008 +0.062 -0.162
 +0.114 +0.140 +0.099 -0.041 +0.073 +0.090 -0.111 -0.004 +0.151 +0.000
 -0.081 -0.136 +0.014 -0.059 -0.046 -0.152 -0.022 -0.006 +0.052 +0.068
 +0.005 -0.073 +0.096 +0.089 +0.048 +0.175 +0.079 -0.174 +0.102 +0.009
 +0.062 -0.100 -0.020 -0.020 +0.084 -0.035 +0.017 +0.006 -0.080 -0.034
 +0.112 +0.081 -0.036 +0.079 -0.134 +0.138 -0.011 -0.026 +0.024 +0.116
 +0.112 -0.199 -0.113 +0.074 -0.130 -0.049 +0.087 +0.010 +0.019 -0.085
 +0.032 -0.035 -0.128 +0.065 -0.003 -0.038 -0.117 +0.011 +0.076 -0.122
 -0.039 +0.055 +0.013 -0.086 +0.105 -0.010 +0.113 -0.056 +0.025 -0.044
 -0.096 -0.118 +0.024 +0.198 +0.028 +0.163 +0.162 -0.025 +0.082 +0.176
 +0.059 -0.014 -0.068 +0.053 +0.054 -0.134 -0.111 -0.033 -0.059 +0.017
 -0.083 +0.033 -0.138 +0.139 -0.033 -0.034 +0.066 +0.047 +0.110 -0.008
 +0.106 -0.090 -0.025 -0.021 +0.110 -0.016 -0.042 +0.101 -0.088 +0.078
 +0.024 +0.159 -0.109 -0.040 -0.118 +0.051 +0.061 -0.066 -0.067 -0.141]

---------------------------- Optimal solution -----------------------------
Primal variables:         [+0.065 +0.009 +0.126 +0.046 +0.072 +0.048 +0.084 +0.099 +0.124 +0.109
 +0.156 +0.096 +0.130 +0.113 +0.004 +0.144 +0.072 +0.019 +0.133 +0.032
 +0.028 +0.072 +0.107 +0.153 +0.133 +0.081 +0.100 +0.133 +0.071 +0.122
 +0.102 +0.058 +0.002 +0.086 +0.051 +0.023 +0.088 +0.030 +0.064 +0.038
 +0.006 +0.091 +0.147 +0.029 +0.112 +0.115 +0.005 +0.093 +0.111 +0.145
 +0.154 +0.133 +0.152 +0.081 +0.031 +0.011 +0.148 +0.062 +0.065 +0.027
 +0.021 +0.081 +0.054 +0.073 +0.008 +0.041 +0.147 +0.014 +0.098 +0.120
 +0.075 +0.101 +0.068 +0.153 +0.140 +0.019 +0.012 +0.143 +0.002 +0.119
 +0.021 +0.024 +0.073 +0.131 +0.064 +0.105 +0.061 +0.149 +0.023 +0.138
 +0.079 +0.021 +0.140 +0.018 +0.084 +0.045 +0.029 +0.106 +0.083 +0.046
 +0.113 +0.154 +0.001 +0.035 +0.074 +0.148 +0.064 +0.144 +0.145 +0.073
 +0.119 +0.000 +0.122 +0.129 +0.155 +0.126 +0.099 +0.008 +0.096 +0.041
 +0.061 +0.095 +0.041 +0.000 +0.033 +0.060 +0.080 +0.070 +0.068 +0.046
 +0.108 +0.094 +0.136 +0.001 +0.013 +0.082 +0.043 +0.085 +0.019 +0.130
 +0.147 +0.158 +0.039 +0.117 +0.008 +0.046 +0.130 +0.073 +0.066 +0.043
 +0.023 +0.113 +0.066 +0.075 +0.062 +0.050 +0.054 +0.012 +0.110 +0.020
 +0.097 +0.137 +0.002 +0.105 +0.034 +0.101 +0.041 +0.009 +0.046 +0.156
 +0.052 +0.019 +0.080 +0.084 +0.142 +0.124 +0.016 +0.037 +0.084 +0.120
 +0.128 +0.143 +0.021 +0.127 +0.118 +0.042 +0.118 +0.122 +0.108 +0.146
 +0.071 +0.053 +0.117 +0.014 +0.113 +0.065 +0.092 +0.039 +0.041 +0.048
 +0.002 +0.036 +0.063 +0.013 +0.005 +0.129 +0.056 +0.000 +0.141 +0.055
 +0.065 +0.157 +0.049 +0.131 +0.090 +0.091 +0.034 +0.064 +0.110 +0.098
 +0.145 +0.005 +0.032 +0.071 +0.159 +0.002 +0.005 +0.103 +0.135 +0.108
 +0.073 +0.028 +0.075 +0.042 +0.132 +0.114 +0.116 +0.073 +0.117 +0.121
 +0.027 +0.061 +0.094 +0.105 +0.087 +0.072 +0.084 +0.020 +0.051 +0.131
 +0.032 +0.080 +0.059 +0.135 +0.013 +0.003 +0.133 +0.093 +0.134 +0.111
 +0.101 +0.095 +0.026 +0.070 +0.036 +0.102 +0.153 +0.084 +0.046 +0.153
 +0.098 +0.102 +0.096 +0.076 +0.089 +0.044 +0.001 +0.064 +0.051 +0.059
 +0.077 +0.005 +0.085 +0.109 +0.100 +0.022 +0.054 +0.014 +0.040 +0.019
 +0.079 +0.033 +0.078 +0.071 +0.050 +0.090 +0.082 +0.071 +0.009 +0.031
 +0.104 +0.123 +0.066 +0.009 +0.027 +0.156 +0.028 +0.098 +0.156 +0.071
 +0.001 +0.098 +0.079 +0.063 +0.029 +0.131 +0.016 +0.060 +0.104 +0.158
 +0.064 +0.050 +0.135 +0.098 +0.136 +0.111 +0.027 +0.053 +0.134 +0.016
 +0.110 +0.077 +0.122 +0.024 +0.063 +0.065 +0.001 +0.110 +0.051 +0.135
 +0.041 +0.123 +0.021 +0.124 +0.050 +0.100 +0.073 +0.043 +0.098 +0.048
 +0.000 +0.035 +0.003 +0.158 +0.018 +0.080 +0.051 +0.000 +0.085 +0.126
 +0.016 +0.030 +0.125 +0.079 +0.022 +0.109 +0.040 +0.083 +0.089 +0.086
 +0.042 +0.011 +0.087 +0.145 +0.093 +0.142 +0.018 +0.080 +0.126 +0.086
 +0.142 +0.125 +0.073 +0.110 +0.002 +0.056 +0.016 +0.099 +0.053 +0.012
 +0.019 +0.131 +0.100 +0.144 +0.099 +0.027 +0.152 +0.008 +0.018 +0.108
 +0.035 +0.052 +0.019 +0.093 +0.109 +0.025 +0.118 +0.079 +0.093 +0.010
 +0.098 +0.105 +0.137 +0.091 +0.144 +0.133 +0.090 +0.135 +0.004 +0.130
 +0.153 +0.033 +0.091 +0.152 +0.038 +0.076 +0.012 +0.042 +0.108 +0.011
 +0.129 +0.112 +0.121 +0.003 +0.014 +0.092 +0.084 +0.155 +0.077 +0.153
 +0.020 +0.059 +0.140 +0.138 +0.155 +0.139 +0.016 +0.114 +0.043 +0.038
 +0.069 +0.128 +0.005 +0.042 +0.044 +0.058 +0.109 +0.110 +0.004 +0.094
 +0.007 +0.036 +0.148 +0.111 +0.074 +0.078 +0.101 +0.130 +0.037 +0.123
 +0.089 +0.075 +0.038 +0.004 +0.030 +0.001 +0.040 +0.106 +0.128 +0.156
 +0.151 +0.145 +0.063 +0.055 +0.103 +0.135 +0.058 +0.154 +0.074 +0.114
 +0.102 +0.011 +0.003 +0.035 +0.067 +0.038 +0.131 +0.085 +0.124 +0.057]
Dual slacks:              [+0.000 +0.000 +0.000 +0.000 +0.000 +0.000 +0.000 +0.000 +0.000 +0.000
 +0.000 +0.000 +0.000 +0.000 +0.000 +0.000 +0.000 +0.000 +0.000 +0.000
 +0.000 +0.000 +0.000 +0.000 +0.000 +0.000 +0.000 +0.000 +0.000 +0.000
 +0.000 +0.000 +0.000 +0.000 +0.000 +0.000 +0.000 +0.000 +0.000 +0.000
 +0.000 +0.000 +0.000 +0.000 +0.000 +0.000 +0.000 +0.000 +0.000 +0.000
 +0.000 +0.000 +0.000 +0.000 +0.000 +0.000 +0.000 +0.000 +0.000 +0.000
 +0.000 +0.000 +0.000 +0.000 +0.000 +0.000 +0.000 +0.000 +0.000 +0.000
 +0.000 +0.000 +0.000 +0.000 +0.000 +0.000 +0.000 +0.000 +0.000 +0.000
 +0.000 +0.000 +0.000 +0.000 +0.000 +0.000 +0.000 +0.000 +0.000 +0.000
 +0.000 +0.000 +0.000 +0.000 +0.000 +0.000 +0.000 +0.000 +0.000 +0.000
 +0.000 +0.000 +0.000 +0.000 +0.000 +0.000 +0.000 +0.000 +0.000 +0.000
 +0.000 +0.529 +0.000 +0.000 +0.000 +0.000 +0.000 +0.000 +0.000 +0.000
 +0.000 +0.000 +0.000 +0.000 +0.000 +0.000 +0.000 +0.000 +0.000 +0.000
 +0.000 +0.000 +0.000 +0.000 +0.000 +0.000 +0.000 +0.000 +0.000 +0.000
 +0.000 +0.000 +0.000 +0.000 +0.000 +0.000 +0.000 +0.000 +0.000 +0.000
 +0.000 +0.000 +0.000 +0.000 +0.000 +0.000 +0.000 +0.000 +0.000 +0.000
 +0.000 +0.000 +0.000 +0.000 +0.000 +0.000 +0.000 +0.000 +0.000 +0.000
 +0.000 +0.000 +0.000 +0.000 +0.000 +0.000 +0.000 +0.000 +0.000 +0.000
 +0.000 +0.000 +0.000 +0.000 +0.000 +0.000 +0.000 +0.000 +0.000 +0.000
 +0.000 +0.000 +0.000 +0.000 +0.000 +0.000 +0.000 +0.000 +0.000 +0.000
 +0.000 +0.000 +0.000 +0.000 +0.000 +0.000 +0.000 +0.000 +0.000 +0.000
 +0.000 +0.000 +0.000 +0.000 +0.000 +0.000 +0.000 +0.000 +0.000 +0.000
 +0.000 +0.000 +0.000 +0.000 +0.000 +0.000 +0.000 +0.000 +0.000 +0.000
 +0.000 +0.000 +0.000 +0.000 +0.000 +0.000 +0.000 +0.000 +0.000 +0.000
 +0.000 +0.000 +0.000 +0.000 +0.000 +0.000 +0.000 +0.000 +0.000 +0.000
 +0.000 +0.000 +0.000 +0.000 +0.000 +0.000 +0.000 +0.000 +0.000 +0.000
 +0.000 +0.000 +0.000 +0.000 +0.000 +0.000 +0.000 +0.000 +0.000 +0.000
 +0.000 +0.000 +0.000 +0.000 +0.000 +0.000 +0.000 +0.000 +0.000 +0.000
 +0.000 +0.000 +0.000 +0.000 +0.000 +0.000 +0.000 +0.000 +0.000 +0.000
 +0.000 +0.000 +0.000 +0.000 +0.000 +0.000 +0.000 +0.000 +0.000 +0.000
 +0.000 +0.000 +0.000 +0.000 +0.000 +0.000 +0.000 +0.000 +0.000 +0.000
 +0.000 +0.000 +0.000 +0.000 +0.000 +0.000 +0.000 +0.000 +0.000 +0.000
 +0.000 +0.000 +0.000 +0.000 +0.000 +0.000 +0.000 +0.000 +0.000 +0.000
 +0.000 +0.000 +0.000 +0.000 +0.000 +0.000 +0.000 +0.000 +0.000 +0.000
 +0.000 +0.000 +0.000 +0.000 +0.000 +0.000 +0.000 +0.000 +0.000 +0.000
 +0.000 +0.000 +0.000 +0.000 +0.000 +0.000 +0.000 +1.929 +0.000 +0.000
 +0.000 +0.000 +0.000 +0.000 +0.000 +0.000 +0.000 +0.000 +0.000 +0.000
 +0.000 +0.000 +0.000 +0.000 +0.000 +0.000 +0.000 +0.000 +0.000 +0.000
 +0.000 +0.000 +0.000 +0.000 +0.000 +0.000 +0.000 +0.000 +0.000 +0.000
 +0.000 +0.000 +0.000 +0.000 +0.000 +0.000 +0.000 +0.000 +0.000 +0.000
 +0.000 +0.000 +0.000 +0.000 +0.000 +0.000 +0.000 +0.000 +0.000 +0.000
 +0.000 +0.000 +0.000 +0.000 +0.000 +0.000 +0.000 +0.000 +0.000 +0.000
 +0.000 +0.000 +0.000 +0.000 +0.000 +0.000 +0.000 +0.000 +0.000 +0.000
 +0.000 +0.000 +0.000 +0.000 +0.000 +0.000 +0.000 +0.000 +0.000 +0.000
 +0.000 +0.000 +0.000 +0.000 +0.000 +0.000 +0.000 +0.000 +0.000 +0.000
 +0.000 +0.000 +0.000 +0.000 +0.000 +0.000 +0.000 +0.000 +0.000 +0.000
 +0.000 +0.000 +0.000 +0.000 +0.000 +0.000 +0.000 +0.000 +0.000 +0.000
 +0.000 +0.000 +0.000 +0.000 +0.000 +0.000 +0.000 +0.000 +0.000 +0.000
 +0.000 +0.000 +0.000 +0.000 +0.000 +0.000 +0.000 +0.000 +0.000 +0.000
 +0.000 +0.000 +0.000 +0.000 +0.000 +0.000 +0.000 +0.000 +0.000 +0.000]
Dual variables:           [+1.466 +1.361]

Optimal objective:       +3.51198562e-01
===========================================================================

Method:                  II-QIPM
LO_Precision:            1.00e-01
Stop_Precision:          1.00e-03
LO_Verbosity:            2
Omega:                   1.00e+01

The Quantum Inexact Infeasible Interior-Point Method starts running ...


                  Objective                Residual                                Linear system           Step-length
Iter      Primal           Dual         Primal    Dual     Compl    ||Resl||  Cond-Num  ||M||   ||RHS||    a-star   a-hat      Time
   0   3.91191777e+01 -2.80198912e+00  6.73e+00 6.76e+01  1.62e+04 *6.40e-15  4.00e+00 1.00e+00 2.26e+01  8.02e-01 6.97e-01      0s
   1   2.52739877e+01 -1.00546355e+00  2.75e+00 2.75e+01  6.99e+03  5.21e-01  4.33e+00 4.00e+00 6.82e+01  9.48e-01 5.94e-01      1s
   2   8.85627977e+00  3.61621304e-01  6.98e-01 4.49e-01  1.33e+02  7.03e-01  4.47e+00 1.09e+01 8.55e+01  9.91e-01 9.84e-01      1s
   3   3.23334049e+01  3.61621304e-01  1.45e+01 3.31e-01  1.00e+02  5.42e+01  3.88e+00 6.50e+02 5.42e+01  6.67e-01 2.63e-01      1s
   4   4.27558005e+01  3.61621304e-01  2.05e+01 3.06e-01  9.36e+01  9.59e+01  3.84e+00 9.88e+02 9.59e+01  5.48e-01 7.42e-02      1s
   5   5.27159209e+01  3.61621304e-01  2.63e+01 2.87e-01  8.83e+01  1.13e+02  3.83e+00 1.12e+03 1.13e+02  5.12e-01 6.21e-02      2s
   6   6.23052051e+01  3.61621304e-01  3.18e+01 2.72e-01  8.40e+01  1.30e+02  3.81e+00 1.25e+03 1.30e+02  4.79e-01 5.31e-02      2s
   7   7.15443103e+01  3.61621304e-01  3.71e+01 2.60e-01  8.05e+01  1.47e+02  3.80e+00 1.39e+03 1.47e+02  4.50e-01 4.59e-02      2s
   8   8.04513122e+01  3.61621304e-01  4.22e+01 2.49e-01  7.75e+01  1.64e+02  3.79e+00 1.53e+03 1.64e+02  4.24e-01 4.01e-02      3s
   9   8.90370507e+01  3.61621304e-01  4.71e+01 2.40e-01  7.50e+01  1.81e+02  3.77e+00 1.67e+03 1.81e+02  3.99e-01 3.53e-02      3s
  10   9.73444558e+01  3.61621304e-01  5.19e+01 2.33e-01  7.29e+01  1.99e+02  3.76e+00 1.81e+03 1.99e+02  3.77e-01 3.13e-02      3s
  11   1.05387018e+02  3.61621304e-01  5.65e+01 2.26e-01  7.10e+01  2.16e+02  3.74e+00 1.95e+03 2.16e+02  3.57e-01 2.80e-02      4s
  12   1.13181511e+02  3.61621304e-01  6.09e+01 2.21e-01  6.94e+01  2.34e+02  3.73e+00 2.10e+03 2.34e+02  3.39e-01 2.51e-02      4s
  13   1.20746813e+02  3.61621304e-01  6.52e+01 2.16e-01  6.80e+01  2.52e+02  3.72e+00 2.25e+03 2.52e+02  3.22e-01 2.27e-02      4s
  14   1.28103078e+02  3.61621304e-01  6.95e+01 2.11e-01  6.67e+01  2.70e+02  3.70e+00 2.40e+03 2.70e+02  3.06e-01 2.06e-02      5s
  15   1.35263993e+02  3.61621304e-01  7.36e+01 2.07e-01  6.56e+01  2.88e+02  3.69e+00 2.55e+03 2.88e+02  2.91e-01 1.88e-02      5s
  16   1.42237002e+02  3.61621304e-01  7.76e+01 2.04e-01  6.45e+01  3.06e+02  3.67e+00 2.71e+03 3.06e+02  2.78e-01 1.72e-02      5s
  17   1.49037213e+02  3.61621304e-01  8.15e+01 2.00e-01  6.36e+01  3.25e+02  3.66e+00 2.87e+03 3.25e+02  2.65e-01 1.58e-02      6s
  18   1.55686566e+02  3.61621304e-01  8.53e+01 1.98e-01  6.27e+01  3.43e+02  3.64e+00 3.03e+03 3.43e+02  2.53e-01 1.46e-02      6s
  19   1.62180633e+02  3.61621304e-01  8.90e+01 1.95e-01  6.20e+01  3.62e+02  3.63e+00 3.19e+03 3.62e+02  2.42e-01 1.35e-02      6s
  20   1.68535059e+02  3.61621304e-01  9.27e+01 1.92e-01  6.13e+01  3.82e+02  3.61e+00 3.36e+03 3.82e+02  2.32e-01 1.25e-02      7s
  21   1.74759052e+02  3.61621304e-01  9.63e+01 1.90e-01  6.06e+01  4.01e+02  3.60e+00 3.53e+03 4.01e+02  2.22e-01 1.17e-02      7s
  22   1.80855774e+02  3.61621304e-01  9.98e+01 1.88e-01  6.00e+01  4.21e+02  3.58e+00 3.70e+03 4.21e+02  2.13e-01 1.09e-02      8s
  23   1.86840659e+02  3.61621304e-01  1.03e+02 1.86e-01  5.95e+01  4.41e+02  3.57e+00 3.87e+03 4.41e+02  2.04e-01 1.02e-02      8s
  24   1.92711149e+02  3.61621304e-01  1.07e+02 1.84e-01  5.90e+01  4.61e+02  3.55e+00 4.04e+03 4.61e+02  1.96e-01 9.52e-03      8s
  25   1.98482470e+02  3.61621304e-01  1.10e+02 1.83e-01  5.85e+01  4.81e+02  3.53e+00 4.22e+03 4.81e+02  1.88e-01 8.95e-03      9s
  26   2.04158090e+02  3.61621304e-01  1.13e+02 1.81e-01  5.80e+01  5.02e+02  3.52e+00 4.40e+03 5.02e+02  1.81e-01 8.42e-03      9s
  27   2.07866520e+02  3.61621304e-01  1.16e+02 1.80e-01  5.78e+01  5.24e+02  3.50e+00 4.59e+03 5.24e+02  1.74e-01 5.27e-03      9s
  28   2.07868911e+02  3.61621304e-01  1.16e+02 1.80e-01  5.78e+01  5.38e+02  3.49e+00 4.71e+03 5.38e+02  1.70e-01 3.31e-06     12s

The solution quality is limited by the precision of the linear system solver.

The algorithm stopped after 29 iterations in 11.63 seconds.

Primal variables:   [+15.141 +13.785 +10.695 +10.584 +13.862 +14.326 +25.315 +11.672 +18.821
 +13.045 +13.462 +11.098 +13.173 +32.340 +16.104 +11.642 +20.016 +13.537
 +15.700 +20.351 +11.227 +12.392 +13.942 +17.731 +25.782 +24.295 +29.905
 +27.584 +12.218 +22.353 +22.785 +14.413 +17.051 +13.343 +10.738 +22.882
 +15.843 +14.959 +10.980 +15.713 +21.137 +15.257 +15.721 +9.946 +14.613
 +25.789 +12.657 +13.847 +13.572 +12.069 +14.485 +21.805 +19.150 +13.659
 +10.977 +11.768 +19.948 +12.438 +38.828 +16.951 +10.409 +10.802 +12.488
 +10.519 +17.386 +13.972 +22.372 +40.467 +15.228 +16.570 +36.247 +30.429
 +13.905 +25.765 +20.260 +19.065 +10.254 +17.302 +13.215 +12.008 +27.785
 +14.409 +12.257 +10.204 +10.463 +12.342 +34.064 +23.937 +12.546 +30.549
 +17.155 +14.956 +10.922 +11.890 +10.754 +11.740 +12.448 +37.792 +16.580
 +11.345 +10.663 +21.322 +16.337 +12.218 +22.128 +14.564 +16.550 +15.379
 +12.177 +24.776 +17.225 +3.177 +28.600 +16.841 +17.020 +23.927 +15.733
 +24.393 +35.468 +10.130 +19.407 +12.985 +17.929 +13.136 +12.866 +13.281
 +10.107 +12.475 +12.039 +13.233 +25.414 +12.304 +10.650 +18.673 +12.089
 +15.413 +22.417 +11.935 +14.727 +25.809 +14.773 +10.967 +13.098 +11.891
 +12.046 +11.933 +12.025 +13.048 +11.201 +12.217 +13.006 +11.911 +10.110
 +10.661 +11.221 +18.716 +32.624 +16.797 +13.173 +15.879 +30.678 +11.743
 +13.834 +36.498 +10.391 +11.453 +9.701 +11.802 +11.826 +20.531 +22.495
 +12.684 +21.878 +21.447 +25.105 +13.683 +27.839 +12.744 +10.636 +11.588
 +13.077 +22.640 +24.931 +12.954 +16.273 +12.146 +12.960 +13.560 +15.319
 +10.132 +12.147 +15.419 +15.260 +11.800 +19.027 +11.687 +10.965 +10.341
 +12.480 +10.908 +17.112 +13.076 +13.752 +12.300 +12.501 +19.232 +18.644
 +11.948 +11.473 +29.313 +10.511 +9.685 +40.069 +14.684 +13.972 +15.300
 +15.411 +13.063 +13.416 +14.618 +14.094 +14.212 +15.044 +13.789 +11.586
 +18.859 +22.811 +16.296 +14.433 +10.327 +17.032 +13.441 +21.979 +43.550
 +11.470 +17.700 +18.973 +12.799 +10.610 +14.055 +22.105 +12.014 +17.070
 +11.049 +14.749 +12.727 +10.934 +18.259 +10.581 +33.017 +13.708 +15.522
 +13.234 +18.422 +15.534 +11.728 +18.749 +18.285 +14.873 +20.429 +11.484
 +12.056 +11.249 +13.838 +21.030 +28.275 +20.889 +14.412 +14.298 +19.917
 +15.512 +16.949 +13.416 +10.688 +12.654 +15.276 +13.030 +36.618 +43.068
 +11.712 +17.412 +13.634 +10.331 +20.873 +11.737 +11.860 +13.973 +19.428
 +11.357 +11.402 +11.027 +17.412 +17.739 +22.632 +12.993 +11.978 +21.552
 +17.381 +11.911 +14.425 +13.994 +22.192 +28.885 +14.303 +17.084 +15.221
 +19.673 +16.663 +11.853 +38.132 +11.587 +17.444 +13.101 +15.289 +26.926
 +20.175 +11.326 +20.623 +12.868 +11.609 +25.970 +21.788 +27.411 +18.767
 +12.594 +10.748 +21.958 +13.534 +15.318 +12.578 +10.831 +21.899 +12.682
 +19.152 +13.104 +11.562 +18.202 +10.588 +12.845 +13.317 +12.276 +12.818
 +23.820 +14.284 +38.208 +12.157 +10.692 +14.967 +12.925 +12.357 +26.018
 +19.455 +17.129 +10.942 +24.878 +13.785 +14.161 +0.905 +10.665 +18.838
 +24.074 +11.794 +12.085 +11.312 +11.391 +12.714 +28.222 +13.012 +13.541
 +13.296 +14.063 +16.537 +16.227 +15.685 +13.018 +13.352 +11.300 +17.706
 +21.076 +10.727 +15.872 +11.932 +10.515 +12.583 +11.760 +13.638 +11.362
 +10.824 +27.604 +14.112 +17.010 +11.452 +13.275 +15.525 +14.758 +30.013
 +40.841 +12.862 +16.603 +12.463 +22.960 +13.311 +25.507 +11.674 +12.860
 +10.871 +22.507 +13.154 +11.178 +12.387 +14.361 +21.393 +11.655 +13.157
 +11.606 +16.679 +10.975 +10.348 +15.126 +20.938 +23.903 +13.361 +14.727
 +27.382 +13.588 +11.815 +22.718 +16.251 +16.674 +11.134 +28.087 +14.000
 +11.946 +18.206 +18.003 +19.432 +11.814 +10.134 +11.881 +14.046 +11.833
 +12.974 +49.425 +15.287 +20.540 +11.437 +14.651 +14.374 +27.994 +18.438
 +11.452 +11.960 +28.054 +27.545 +35.827 +24.447 +32.456 +13.240 +13.911
 +22.012 +12.653 +11.700 +12.060 +14.465 +20.532 +13.854 +11.905 +11.288
 +17.507 +35.872 +13.765 +11.291 +13.216 +31.461 +14.797 +19.895 +23.510
 +12.960 +16.313 +11.905 +20.859 +12.734 +10.773 +15.081 +18.904 +17.867
 +9.998 +15.595 +11.639 +21.433 +10.854 +16.903 +14.607 +15.191 +14.873
 +11.174 +12.372 +11.925 +12.019 +14.222]
Dual slacks:        [+0.008 +0.007 +0.013 +0.014 +0.010 +0.007 +0.003 +0.011 +0.004 +0.009
 +0.009 +0.013 +0.011 +0.002 +0.005 +0.010 +0.005 +0.011 +0.006 +0.004
 +0.011 +0.011 +0.008 +0.005 +0.003 +0.003 +0.002 +0.003 +0.009 +0.003
 +0.003 +0.006 +0.005 +0.007 +0.014 +0.003 +0.006 +0.006 +0.013 +0.007
 +0.005 +0.006 +0.006 +0.014 +0.009 +0.002 +0.010 +0.010 +0.010 +0.008
 +0.006 +0.004 +0.004 +0.011 +0.014 +0.009 +0.004 +0.010 +0.002 +0.007
 +0.013 +0.014 +0.009 +0.014 +0.005 +0.006 +0.003 +0.002 +0.007 +0.007
 +0.002 +0.002 +0.012 +0.003 +0.004 +0.004 +0.012 +0.006 +0.011 +0.008
 +0.003 +0.007 +0.011 +0.012 +0.012 +0.013 +0.002 +0.004 +0.012 +0.002
 +0.005 +0.008 +0.011 +0.013 +0.013 +0.010 +0.010 +0.002 +0.006 +0.013
 +0.014 +0.003 +0.006 +0.009 +0.003 +0.010 +0.005 +0.006 +0.013 +0.003
 +0.005 +0.533 +0.003 +0.005 +0.006 +0.003 +0.005 +0.003 +0.002 +0.013
 +0.005 +0.008 +0.005 +0.007 +0.012 +0.014 +0.014 +0.008 +0.014 +0.008
 +0.003 +0.009 +0.014 +0.004 +0.011 +0.006 +0.003 +0.014 +0.008 +0.003
 +0.008 +0.014 +0.014 +0.013 +0.010 +0.010 +0.013 +0.013 +0.013 +0.009
 +0.014 +0.009 +0.014 +0.011 +0.012 +0.004 +0.002 +0.006 +0.007 +0.008
 +0.002 +0.010 +0.007 +0.002 +0.012 +0.010 +0.014 +0.010 +0.014 +0.003
 +0.003 +0.013 +0.004 +0.003 +0.003 +0.009 +0.002 +0.008 +0.014 +0.013
 +0.013 +0.004 +0.003 +0.012 +0.006 +0.010 +0.009 +0.007 +0.008 +0.015
 +0.010 +0.008 +0.006 +0.011 +0.004 +0.014 +0.010 +0.012 +0.009 +0.010
 +0.005 +0.008 +0.008 +0.008 +0.012 +0.005 +0.004 +0.014 +0.009 +0.002
 +0.013 +0.014 +0.002 +0.008 +0.009 +0.008 +0.008 +0.009 +0.007 +0.008
 +0.010 +0.006 +0.006 +0.010 +0.010 +0.005 +0.004 +0.005 +0.007 +0.014
 +0.007 +0.007 +0.004 +0.002 +0.013 +0.006 +0.005 +0.010 +0.012 +0.010
 +0.004 +0.009 +0.005 +0.012 +0.006 +0.007 +0.013 +0.004 +0.014 +0.002
 +0.007 +0.005 +0.013 +0.005 +0.005 +0.014 +0.005 +0.004 +0.009 +0.004
 +0.013 +0.008 +0.014 +0.007 +0.003 +0.003 +0.003 +0.009 +0.007 +0.003
 +0.005 +0.006 +0.007 +0.011 +0.012 +0.006 +0.008 +0.002 +0.002 +0.013
 +0.005 +0.012 +0.015 +0.003 +0.014 +0.010 +0.011 +0.005 +0.014 +0.010
 +0.011 +0.006 +0.006 +0.003 +0.014 +0.009 +0.004 +0.006 +0.011 +0.007
 +0.006 +0.004 +0.002 +0.006 +0.005 +0.006 +0.004 +0.005 +0.010 +0.002
 +0.014 +0.006 +0.014 +0.009 +0.002 +0.004 +0.010 +0.004 +0.013 +0.011
 +0.002 +0.004 +0.003 +0.004 +0.010 +0.011 +0.003 +0.008 +0.006 +0.010
 +0.014 +0.003 +0.010 +0.005 +0.008 +0.011 +0.004 +0.014 +0.010 +0.009
 +0.008 +0.010 +0.003 +0.007 +0.002 +0.011 +0.011 +0.006 +0.013 +0.014
 +0.003 +0.004 +0.006 +0.013 +0.002 +0.007 +0.007 +1.940 +0.013 +0.004
 +0.004 +0.009 +0.010 +0.012 +0.012 +0.010 +0.002 +0.009 +0.007 +0.013
 +0.006 +0.005 +0.005 +0.007 +0.008 +0.007 +0.014 +0.005 +0.003 +0.012
 +0.008 +0.014 +0.012 +0.010 +0.011 +0.012 +0.011 +0.012 +0.003 +0.007
 +0.006 +0.013 +0.007 +0.006 +0.007 +0.002 +0.002 +0.014 +0.005 +0.009
 +0.003 +0.011 +0.003 +0.011 +0.008 +0.013 +0.004 +0.008 +0.013 +0.010
 +0.006 +0.004 +0.011 +0.007 +0.014 +0.005 +0.012 +0.013 +0.007 +0.004
 +0.003 +0.014 +0.009 +0.003 +0.011 +0.011 +0.003 +0.006 +0.006 +0.014
 +0.003 +0.008 +0.013 +0.005 +0.005 +0.005 +0.013 +0.013 +0.009 +0.010
 +0.011 +0.008 +0.001 +0.008 +0.004 +0.011 +0.006 +0.008 +0.003 +0.006
 +0.013 +0.013 +0.003 +0.002 +0.002 +0.003 +0.002 +0.009 +0.007 +0.003
 +0.008 +0.011 +0.011 +0.007 +0.004 +0.011 +0.013 +0.012 +0.006 +0.002
 +0.010 +0.010 +0.012 +0.002 +0.008 +0.005 +0.003 +0.008 +0.005 +0.010
 +0.004 +0.011 +0.012 +0.007 +0.004 +0.006 +0.015 +0.005 +0.013 +0.004
 +0.011 +0.004 +0.009 +0.007 +0.009 +0.010 +0.008 +0.012 +0.011 +0.011]
Dual variables:     [+1.584 +1.318]

Primal objective:   2.07868911e+02 
Dual objective:     3.61621304e-01 

Primal residual:    1.16e+02
Dual residual:      1.80e-01
Complementraty:     5.78e+01

Number of Iter:     29
Run time:           11.63
