
--------------- Linear optimization problem characteristics ---------------
Seed:                    38
Number of variables:     500
Number of constraints:   2

Norm of primal sol:      2.00e+00
Norm of dual sol:        2.00e+00
Norm of dual slacks:     2.00e+00

Norm of vector b:        6.27e-02
Norm of vector c:        2.80e+00

Norm of matrix A:        1.00e+00
Condition number:        2.00e+00

----------------------- Linear optimization problem -----------------------
Coeff matrix A:          [[+0.008 -0.078 -0.061 +0.037 +0.046 -0.028 -0.062 +0.067 +0.032 +0.026
 +0.002 -0.059 -0.003 -0.008 -0.031 +0.042 -0.014 -0.071 +0.030 -0.049
 +0.064 +0.001 -0.013 -0.007 -0.000 +0.022 -0.020 +0.029 -0.052 -0.043
 -0.075 -0.069 -0.008 -0.048 +0.077 -0.001 +0.064 +0.047 +0.030 -0.077
 -0.009 +0.037 -0.007 -0.065 +0.037 +0.054 -0.062 -0.018 +0.049 -0.061
 +0.053 +0.040 -0.048 -0.030 +0.042 +0.011 +0.017 -0.028 -0.041 -0.056
 +0.050 -0.027 +0.045 +0.042 +0.024 -0.007 -0.026 +0.040 +0.031 -0.014
 +0.005 +0.056 -0.020 +0.062 +0.011 -0.017 -0.061 -0.076 -0.032 +0.010
 +0.014 +0.059 +0.046 -0.032 -0.038 +0.002 -0.064 -0.044 -0.045 -0.052
 +0.066 -0.047 -0.078 -0.049 +0.045 +0.058 -0.036 +0.034 +0.013 +0.015
 -0.015 +0.066 +0.045 +0.069 +0.015 -0.032 -0.065 +0.051 -0.063 -0.029
 -0.013 +0.075 -0.075 -0.007 -0.059 -0.015 -0.036 +0.005 -0.015 -0.049
 -0.008 +0.002 -0.046 +0.004 +0.012 +0.065 +0.058 -0.007 -0.073 -0.060
 -0.043 -0.074 +0.039 +0.009 -0.021 -0.044 -0.042 -0.022 +0.054 +0.047
 -0.043 -0.042 +0.060 -0.006 +0.017 +0.010 +0.044 +0.075 +0.047 +0.062
 +0.005 -0.012 -0.037 -0.040 -0.027 +0.038 +0.012 +0.062 -0.032 -0.076
 +0.058 +0.031 +0.002 +0.008 -0.031 +0.028 -0.079 -0.060 +0.056 +0.026
 -0.046 +0.058 +0.002 -0.006 -0.035 -0.053 -0.011 -0.066 +0.015 +0.077
 +0.026 +0.062 +0.070 -0.060 +0.068 +0.009 -0.035 -0.019 +0.056 -0.006
 +0.027 +0.012 +0.022 +0.036 +0.051 +0.049 +0.074 +0.032 +0.058 +0.001
 +0.051 -0.027 -0.024 -0.019 -0.044 -0.006 +0.058 +0.037 +0.020 +0.039
 +0.007 -0.028 -0.039 +0.029 +0.021 +0.031 -0.007 +0.039 +0.033 +0.026
 -0.032 -0.062 -0.063 +0.024 -0.000 -0.016 +0.022 +0.014 +0.043 +0.003
 +0.046 +0.052 -0.023 +0.009 -0.025 +0.027 -0.029 -0.022 -0.079 +0.038
 -0.064 -0.030 +0.006 -0.020 -0.054 -0.054 -0.008 +0.045 -0.010 +0.034
 +0.039 +0.043 -0.069 +0.067 -0.047 +0.009 -0.042 +0.023 +0.031 +0.059
 +0.071 +0.002 +0.027 -0.028 -0.053 +0.065 +0.064 +0.057 -0.050 -0.015
 -0.035 +0.016 +0.062 +0.065 +0.022 -0.030 +0.030 -0.020 -0.050 -0.010
 -0.010 +0.027 +0.003 +0.042 +0.031 -0.058 +0.065 -0.044 +0.036 +0.014
 +0.046 +0.048 +0.062 +0.003 -0.012 +0.044 -0.068 -0.070 -0.026 +0.068
 +0.014 -0.038 -0.001 +0.035 -0.067 -0.057 +0.008 -0.047 -0.055 -0.074
 +0.054 -0.057 -0.067 -0.040 -0.014 -0.018 -0.045 -0.046 +0.056 -0.033
 +0.055 -0.020 +0.046 +0.032 +0.049 -0.004 -0.032 -0.050 +0.048 +0.034
 +0.052 -0.035 +0.004 +0.025 -0.055 +0.032 -0.032 +0.068 +0.061 -0.076
 -0.005 -0.010 +0.012 +0.009 -0.069 +0.061 +0.052 -0.052 -0.023 -0.070
 +0.007 +0.006 -0.048 +0.061 +0.034 -0.026 -0.062 +0.005 +0.049 +0.040
 -0.066 -0.047 +0.005 +0.070 -0.057 -0.038 -0.004 +0.033 +0.068 -0.013
 +0.042 +0.046 +0.041 -0.015 -0.044 -0.012 +0.033 +0.053 -0.067 -0.015
 +0.063 +0.022 -0.023 +0.059 +0.012 +0.058 +0.055 +0.017 +0.003 +0.009
 -0.029 -0.053 -0.041 -0.049 -0.049 +0.025 +0.036 +0.042 -0.064 -0.061
 -0.040 -0.025 +0.032 +0.057 -0.055 +0.013 -0.009 -0.070 -0.006 -0.045
 -0.044 +0.072 -0.044 -0.022 -0.051 -0.043 +0.043 +0.017 -0.001 +0.038
 +0.053 +0.053 -0.063 -0.040 -0.007 +0.037 -0.023 +0.027 -0.013 +0.018
 +0.077 +0.035 +0.069 -0.054 -0.033 -0.002 -0.052 +0.067 -0.052 -0.002
 -0.062 -0.046 -0.001 -0.054 -0.042 -0.053 -0.026 -0.060 +0.048 -0.052
 -0.039 -0.043 -0.033 +0.032 +0.028 +0.061 -0.065 -0.018 -0.011 +0.052
 +0.019 +0.019 +0.016 +0.001 -0.047 +0.003 -0.055 -0.048 -0.076 +0.072
 +0.067 +0.058 -0.063 -0.031 +0.025 +0.035 +0.016 +0.033 +0.073 -0.014
 +0.075 +0.018 -0.016 +0.015 -0.066 +0.008 +0.016 +0.059 +0.059 -0.080
 +0.040 -0.040 +0.050 -0.032 +0.029 -0.042 +0.058 +0.022 -0.057 -0.073]
                          [-0.025 +0.049 -0.029 +0.007 -0.019 -0.016 +0.048 -0.017 -0.020 -0.008
 +0.019 +0.048 -0.018 +0.025 +0.011 +0.036 -0.019 +0.027 +0.009 -0.033
 -0.017 -0.039 -0.036 -0.013 -0.040 +0.004 +0.031 -0.025 -0.026 +0.013
 +0.050 +0.044 -0.003 +0.020 -0.049 -0.020 +0.023 +0.005 -0.028 +0.026
 +0.007 +0.012 -0.034 +0.007 +0.009 -0.017 +0.034 +0.024 +0.013 +0.035
 -0.039 -0.035 +0.028 +0.014 +0.014 +0.022 -0.010 -0.013 +0.027 -0.013
 -0.045 -0.032 -0.007 -0.045 -0.002 -0.003 +0.005 -0.031 +0.004 +0.023
 -0.031 -0.023 -0.007 -0.009 +0.001 +0.002 -0.004 +0.041 +0.043 -0.038
 -0.010 -0.006 +0.005 +0.017 -0.021 -0.026 -0.023 +0.012 -0.035 +0.006
 +0.013 +0.036 +0.042 +0.014 +0.014 -0.047 -0.002 -0.023 +0.036 +0.023
 +0.034 -0.015 +0.006 -0.017 -0.011 -0.003 +0.017 +0.024 +0.012 +0.013
 +0.035 -0.032 +0.041 +0.006 -0.023 +0.015 +0.024 +0.034 +0.019 +0.014
 -0.012 +0.022 +0.019 -0.032 +0.006 -0.026 +0.000 +0.028 +0.021 +0.003
 -0.001 +0.051 -0.029 +0.037 +0.004 +0.021 +0.027 +0.008 +0.009 +0.029
 -0.017 +0.021 -0.019 +0.006 +0.008 -0.007 -0.021 -0.051 +0.015 -0.046
 -0.032 +0.004 -0.035 -0.005 -0.024 -0.038 +0.021 -0.006 +0.027 +0.038
 -0.001 +0.002 -0.008 +0.014 -0.018 +0.031 +0.041 -0.007 -0.005 +0.011
 +0.010 +0.013 -0.008 -0.003 +0.014 -0.009 +0.014 +0.049 -0.007 -0.031
 +0.021 -0.000 -0.045 +0.044 -0.042 -0.037 +0.042 +0.041 -0.018 +0.004
 +0.028 +0.001 -0.001 +0.024 +0.013 -0.003 -0.033 -0.013 +0.033 +0.036
 -0.029 -0.013 +0.033 +0.044 -0.001 -0.024 +0.026 -0.003 +0.010 -0.044
 +0.016 -0.019 +0.003 -0.029 -0.024 -0.014 +0.011 +0.033 +0.021 +0.010
 -0.022 -0.017 +0.035 -0.032 -0.001 +0.027 -0.003 -0.012 +0.030 +0.013
 +0.018 -0.024 -0.010 -0.007 +0.004 -0.006 -0.031 +0.007 +0.044 -0.041
 -0.021 -0.007 -0.023 +0.025 -0.028 +0.046 -0.036 +0.014 +0.004 -0.009
 -0.017 -0.027 +0.004 -0.044 +0.008 +0.033 -0.034 -0.001 +0.007 +0.033
 -0.022 -0.009 -0.023 -0.013 -0.017 -0.026 +0.001 -0.002 -0.025 +0.030
 +0.038 -0.003 -0.022 -0.017 +0.030 +0.042 -0.033 +0.000 -0.007 -0.008
 -0.025 +0.039 -0.018 -0.034 +0.020 -0.009 +0.004 -0.007 -0.036 -0.016
 -0.039 +0.017 +0.017 -0.009 +0.021 +0.008 +0.019 +0.005 -0.030 +0.002
 -0.000 +0.009 +0.031 +0.013 +0.022 +0.047 -0.018 -0.010 -0.013 +0.038
 -0.001 +0.029 +0.018 -0.029 -0.005 +0.004 +0.039 +0.038 +0.018 +0.021
 -0.005 +0.019 +0.013 +0.002 -0.034 +0.032 -0.008 +0.032 +0.032 +0.032
 -0.006 -0.011 +0.020 +0.009 -0.001 +0.034 -0.020 -0.017 -0.022 +0.043
 -0.036 +0.029 +0.037 -0.019 +0.021 +0.011 -0.024 +0.045 +0.018 +0.010
 +0.027 -0.037 +0.036 -0.005 +0.011 +0.008 +0.029 -0.016 +0.003 +0.023
 +0.025 -0.016 +0.029 -0.011 +0.019 +0.027 +0.030 +0.019 -0.029 +0.035
 +0.001 -0.017 +0.011 +0.028 +0.013 +0.005 -0.045 -0.034 +0.015 +0.004
 -0.024 -0.018 -0.003 +0.008 +0.021 +0.000 -0.024 -0.034 -0.015 -0.022
 +0.007 +0.016 -0.011 +0.041 +0.023 -0.011 -0.018 -0.024 +0.022 +0.013
 +0.041 -0.000 -0.038 -0.016 +0.008 +0.008 -0.008 +0.050 +0.024 -0.034
 +0.035 -0.009 +0.031 +0.028 +0.031 +0.033 +0.010 -0.009 +0.021 +0.020
 -0.002 +0.009 -0.003 -0.020 -0.016 -0.020 -0.027 -0.032 -0.032 +0.033
 -0.040 -0.012 -0.046 +0.042 -0.026 +0.032 +0.034 -0.045 -0.029 +0.032
 -0.029 +0.030 -0.026 -0.020 +0.014 -0.010 -0.032 -0.026 -0.033 -0.028
 +0.030 -0.034 -0.001 +0.030 -0.029 -0.007 +0.011 +0.013 -0.011 +0.024
 -0.028 +0.012 +0.014 +0.035 -0.027 +0.005 -0.025 -0.026 +0.022 -0.018
 +0.001 -0.045 -0.018 +0.025 +0.033 +0.030 -0.028 +0.028 -0.016 -0.020
 -0.036 -0.034 -0.005 -0.017 +0.038 -0.021 -0.027 -0.027 -0.021 +0.042
 -0.027 +0.043 +0.014 -0.022 -0.035 +0.021 -0.038 -0.013 +0.008 +0.017]]

RHS vector b:            [-0.061 +0.015]
Obj vector c:            [+0.044 -0.183 -0.058 +0.048 +0.095 -0.024 -0.157 +0.125 +0.075 +0.049
 -0.021 -0.152 +0.018 -0.045 -0.062 +0.019 +0.003 -0.145 +0.034 -0.033
 +0.119 +0.051 +0.025 +0.006 +0.050 +0.030 -0.070 +0.076 -0.047 -0.082
 -0.179 -0.163 -0.009 -0.100 +0.181 +0.023 +0.069 +0.067 +0.082 -0.152
 -0.023 +0.043 +0.032 -0.109 +0.045 +0.104 -0.140 -0.058 +0.058 -0.138
 +0.131 +0.107 -0.110 -0.065 +0.047 -0.012 +0.038 -0.026 -0.098 -0.070
 +0.134 -0.002 +0.078 +0.121 +0.039 -0.007 -0.046 +0.102 +0.044 -0.050
 +0.047 +1.807 -0.022 +0.106 +0.016 -0.028 -0.090 -0.169 -0.104 +0.064
 +0.034 +0.099 +0.065 -0.071 -0.032 +0.037 -0.071 -0.084 -0.024 -0.089
 +0.086 -0.118 -0.173 -0.093 +0.052 +0.149 -0.052 +0.082 -0.026 -0.007
 -0.066 +0.121 +0.063 +0.128 +0.037 -0.047 -0.121 +0.048 -0.113 -0.062
 -0.064 +0.157 -0.168 -0.019 -0.062 -0.041 -0.087 -0.036 -0.048 -0.093
 +0.003 -0.025 -0.095 +0.048 +0.011 +0.134 +0.089 -0.047 -0.140 -0.097
 -0.064 -0.178 +0.097 -0.034 -0.036 -0.095 -0.100 -0.043 +0.073 +0.037
 -0.044 -0.091 +0.116 -0.016 +0.016 +0.024 +0.094 +0.180 +0.054 +0.155
 +0.049 -0.024 -0.013 -0.055 -0.012 +0.107 -0.008 +0.103 -0.084 -0.165
 +0.091 +0.046 +0.015 -0.005 -0.024 +0.004 -0.173 -0.084 +0.092 +0.026
 -0.083 +0.073 +0.013 -0.005 -0.073 -0.070 -0.036 -0.165 +0.033 +0.158
 +0.013 +0.096 +0.165 -0.149 +0.159 +0.060 -0.108 -0.082 +0.109 -0.015
 +0.007 +0.017 +0.036 +0.025 +0.062 +0.079 +0.156 +0.066 +0.048 -0.044
 +0.117 -0.026 -0.079 -0.085 -0.067 +0.021 +0.058 +0.061 +0.018 +0.115
 -0.011 -0.019 -0.065 +0.082 +0.062 +0.065 -0.024 +0.017 +0.023 +0.027
 -0.022 -0.075 -0.143 +0.077 +0.002 -0.058 +0.037 +0.038 +0.030 -0.012
 +0.048 +0.111 -0.023 +0.023 -0.044 +0.049 -0.005 -0.042 -0.179 +0.111
 -0.072 -0.038 +0.038 -0.063 -0.049 -0.142 +0.033 +0.051 -0.020 +0.063
 +0.082 +0.100 -0.111 +0.159 -0.083 -0.028 -0.022 +0.037 +0.039 +0.049
 +0.138 +0.015 +0.071 -0.027 -0.060 +0.134 +0.097 +0.092 -0.046 -0.061
 -0.102 +0.028 +0.124 +0.121 -0.004 -0.100 +0.088 -0.032 -0.068 -0.006
 +0.016 -0.007 +0.028 +0.107 +0.023 -0.079 +0.095 -0.060 +0.102 +0.042
 +0.120 +0.053 +0.075 +0.016 -0.045 +0.058 -0.130 -0.115 -0.002 +0.103
 +0.022 -0.070 -0.041 +0.038 -0.131 -0.148 +0.034 -0.059 -0.069 -0.162
 +0.085 -0.125 -0.127 -0.024 -0.016 -0.033 -0.120 -0.119 +0.063 -0.078
 +0.090 -0.054 +0.056 +0.047 +0.119 -0.046 -0.040 -0.117 +0.034 +0.012
 +0.089 -0.041 +1.048 +0.026 -0.084 +0.007 -0.023 +0.127 +0.123 -0.173
 +0.039 -0.053 -0.029 +0.039 -0.134 +0.080 +0.111 -0.138 -0.059 -0.121
 -0.024 +0.056 -0.119 +0.101 +0.040 -0.051 -0.132 +0.028 +0.073 +0.032
 -0.134 -0.052 -0.028 +0.122 -0.113 -0.093 -0.045 +0.026 +0.141 -0.064
 +0.064 +0.092 +0.049 -0.058 -0.085 -0.025 +0.108 +0.124 -0.123 -0.028
 +0.128 +0.057 -0.032 +0.081 -0.009 +0.090 +0.115 +0.071 +0.024 +0.041
 -0.055 -0.103 -0.050 -0.127 -0.105 +0.051 +0.078 +0.095 -0.126 -0.112
 -0.114 -0.039 +0.098 +0.109 -0.096 +0.010 -0.004 -0.172 -0.039 -0.027
 -0.112 +0.123 -0.108 -0.069 -0.118 -0.108 +0.054 +0.037 -0.028 +0.033
 +0.085 +0.070 -0.094 -0.037 +0.009 +0.083 -0.001 +0.081 +0.021 -0.013
 +0.169 +0.069 +0.165 -0.137 -0.019 -0.043 -0.123 +0.160 -0.043 -0.044
 -0.058 -0.110 +0.032 -0.058 -0.082 -0.070 +0.000 -0.060 +0.116 -0.045
 -0.099 -0.023 -0.050 +0.011 +0.081 +0.104 -0.113 -0.045 -0.003 +0.050
 +0.064 +0.014 +0.007 -0.042 -0.039 -0.002 -0.053 -0.042 -0.145 +0.135
 +0.103 +0.148 -0.075 -0.080 -0.002 +0.016 +0.061 +0.015 +0.133 +0.003
 +0.162 +0.071 -0.019 +0.045 -0.150 +0.039 +0.060 +0.126 +0.119 -0.177
 +0.097 -0.116 +0.060 -0.021 +0.089 -0.091 +0.137 +0.051 -0.098 -0.133]

---------------------------- Optimal solution -----------------------------
Primal variables:         [+0.060 +0.135 +0.148 +0.110 +0.100 +0.095 +0.031 +0.061 +0.041 +0.012
 +0.044 +0.069 +0.076 +0.136 +0.083 +0.088 +0.074 +0.108 +0.079 +0.129
 +0.151 +0.135 +0.049 +0.086 +0.103 +0.149 +0.153 +0.070 +0.126 +0.114
 +0.014 +0.125 +0.145 +0.097 +0.033 +0.038 +0.065 +0.115 +0.002 +0.029
 +0.070 +0.094 +0.020 +0.128 +0.034 +0.014 +0.019 +0.156 +0.051 +0.063
 +0.075 +0.066 +0.046 +0.089 +0.057 +0.039 +0.069 +0.094 +0.052 +0.102
 +0.066 +0.046 +0.108 +0.145 +0.091 +0.105 +0.101 +0.104 +0.061 +0.115
 +0.100 +0.000 +0.004 +0.083 +0.072 +0.101 +0.085 +0.152 +0.124 +0.097
 +0.065 +0.117 +0.005 +0.003 +0.116 +0.081 +0.047 +0.085 +0.133 +0.057
 +0.137 +0.134 +0.035 +0.102 +0.149 +0.106 +0.080 +0.039 +0.023 +0.064
 +0.140 +0.037 +0.033 +0.056 +0.082 +0.092 +0.096 +0.046 +0.016 +0.157
 +0.006 +0.082 +0.051 +0.103 +0.024 +0.150 +0.014 +0.128 +0.083 +0.080
 +0.155 +0.069 +0.070 +0.120 +0.125 +0.140 +0.122 +0.007 +0.076 +0.109
 +0.049 +0.157 +0.087 +0.079 +0.113 +0.110 +0.047 +0.048 +0.112 +0.105
 +0.114 +0.077 +0.066 +0.153 +0.098 +0.084 +0.085 +0.056 +0.034 +0.011
 +0.047 +0.050 +0.098 +0.038 +0.045 +0.092 +0.067 +0.134 +0.044 +0.143
 +0.112 +0.035 +0.126 +0.036 +0.136 +0.058 +0.012 +0.012 +0.104 +0.070
 +0.030 +0.108 +0.030 +0.095 +0.015 +0.141 +0.001 +0.082 +0.138 +0.052
 +0.061 +0.055 +0.030 +0.030 +0.062 +0.152 +0.004 +0.011 +0.030 +0.087
 +0.103 +0.008 +0.026 +0.152 +0.088 +0.079 +0.133 +0.035 +0.105 +0.133
 +0.000 +0.142 +0.039 +0.055 +0.116 +0.123 +0.021 +0.146 +0.095 +0.004
 +0.067 +0.151 +0.040 +0.070 +0.097 +0.032 +0.107 +0.147 +0.115 +0.099
 +0.156 +0.121 +0.113 +0.114 +0.148 +0.039 +0.083 +0.087 +0.040 +0.148
 +0.065 +0.048 +0.121 +0.024 +0.146 +0.005 +0.138 +0.093 +0.078 +0.134
 +0.136 +0.125 +0.127 +0.117 +0.111 +0.012 +0.002 +0.015 +0.048 +0.150
 +0.051 +0.014 +0.123 +0.081 +0.042 +0.063 +0.038 +0.122 +0.076 +0.093
 +0.038 +0.059 +0.055 +0.029 +0.025 +0.001 +0.010 +0.079 +0.013 +0.103
 +0.030 +0.012 +0.067 +0.102 +0.138 +0.140 +0.106 +0.075 +0.053 +0.106
 +0.033 +0.132 +0.087 +0.153 +0.020 +0.028 +0.017 +0.116 +0.100 +0.010
 +0.093 +0.044 +0.065 +0.085 +0.039 +0.102 +0.137 +0.017 +0.146 +0.074
 +0.084 +0.110 +0.104 +0.034 +0.100 +0.064 +0.095 +0.083 +0.089 +0.099
 +0.145 +0.045 +0.148 +0.002 +0.084 +0.076 +0.116 +0.024 +0.153 +0.127
 +0.132 +0.130 +0.100 +0.002 +0.131 +0.135 +0.106 +0.146 +0.045 +0.015
 +0.102 +0.130 +0.000 +0.015 +0.081 +0.039 +0.142 +0.119 +0.083 +0.125
 +0.110 +0.029 +0.014 +0.006 +0.064 +0.105 +0.049 +0.154 +0.029 +0.035
 +0.143 +0.069 +0.116 +0.017 +0.088 +0.106 +0.109 +0.153 +0.093 +0.111
 +0.066 +0.031 +0.045 +0.107 +0.095 +0.119 +0.066 +0.002 +0.074 +0.051
 +0.135 +0.128 +0.042 +0.018 +0.078 +0.002 +0.148 +0.062 +0.045 +0.080
 +0.047 +0.007 +0.016 +0.051 +0.140 +0.045 +0.053 +0.120 +0.099 +0.029
 +0.115 +0.100 +0.005 +0.041 +0.063 +0.065 +0.069 +0.072 +0.119 +0.116
 +0.039 +0.110 +0.145 +0.018 +0.078 +0.034 +0.073 +0.062 +0.126 +0.085
 +0.085 +0.027 +0.072 +0.113 +0.081 +0.013 +0.050 +0.048 +0.121 +0.089
 +0.135 +0.082 +0.047 +0.034 +0.069 +0.142 +0.041 +0.125 +0.102 +0.013
 +0.022 +0.109 +0.088 +0.033 +0.087 +0.041 +0.018 +0.101 +0.097 +0.033
 +0.071 +0.008 +0.121 +0.000 +0.012 +0.146 +0.135 +0.123 +0.120 +0.107
 +0.148 +0.061 +0.046 +0.001 +0.029 +0.027 +0.032 +0.108 +0.082 +0.116
 +0.027 +0.122 +0.075 +0.009 +0.097 +0.139 +0.044 +0.093 +0.082 +0.083
 +0.148 +0.052 +0.071 +0.084 +0.034 +0.094 +0.113 +0.069 +0.053 +0.042
 +0.017 +0.050 +0.072 +0.041 +0.155 +0.012 +0.154 +0.115 +0.124 +0.049
 +0.117 +0.003 +0.027 +0.044 +0.132 +0.103 +0.002 +0.052 +0.044 +0.091]
Dual slacks:              [+0.000 +0.000 +0.000 +0.000 +0.000 +0.000 +0.000 +0.000 +0.000 +0.000
 +0.000 +0.000 +0.000 +0.000 +0.000 +0.000 +0.000 +0.000 +0.000 +0.000
 +0.000 +0.000 +0.000 +0.000 +0.000 +0.000 +0.000 +0.000 +0.000 +0.000
 +0.000 +0.000 +0.000 +0.000 +0.000 +0.000 +0.000 +0.000 +0.000 +0.000
 +0.000 +0.000 +0.000 +0.000 +0.000 +0.000 +0.000 +0.000 +0.000 +0.000
 +0.000 +0.000 +0.000 +0.000 +0.000 +0.000 +0.000 +0.000 +0.000 +0.000
 +0.000 +0.000 +0.000 +0.000 +0.000 +0.000 +0.000 +0.000 +0.000 +0.000
 +0.000 +1.691 +0.000 +0.000 +0.000 +0.000 +0.000 +0.000 +0.000 +0.000
 +0.000 +0.000 +0.000 +0.000 +0.000 +0.000 +0.000 +0.000 +0.000 +0.000
 +0.000 +0.000 +0.000 +0.000 +0.000 +0.000 +0.000 +0.000 +0.000 +0.000
 +0.000 +0.000 +0.000 +0.000 +0.000 +0.000 +0.000 +0.000 +0.000 +0.000
 +0.000 +0.000 +0.000 +0.000 +0.000 +0.000 +0.000 +0.000 +0.000 +0.000
 +0.000 +0.000 +0.000 +0.000 +0.000 +0.000 +0.000 +0.000 +0.000 +0.000
 +0.000 +0.000 +0.000 +0.000 +0.000 +0.000 +0.000 +0.000 +0.000 +0.000
 +0.000 +0.000 +0.000 +0.000 +0.000 +0.000 +0.000 +0.000 +0.000 +0.000
 +0.000 +0.000 +0.000 +0.000 +0.000 +0.000 +0.000 +0.000 +0.000 +0.000
 +0.000 +0.000 +0.000 +0.000 +0.000 +0.000 +0.000 +0.000 +0.000 +0.000
 +0.000 +0.000 +0.000 +0.000 +0.000 +0.000 +0.000 +0.000 +0.000 +0.000
 +0.000 +0.000 +0.000 +0.000 +0.000 +0.000 +0.000 +0.000 +0.000 +0.000
 +0.000 +0.000 +0.000 +0.000 +0.000 +0.000 +0.000 +0.000 +0.000 +0.000
 +0.000 +0.000 +0.000 +0.000 +0.000 +0.000 +0.000 +0.000 +0.000 +0.000
 +0.000 +0.000 +0.000 +0.000 +0.000 +0.000 +0.000 +0.000 +0.000 +0.000
 +0.000 +0.000 +0.000 +0.000 +0.000 +0.000 +0.000 +0.000 +0.000 +0.000
 +0.000 +0.000 +0.000 +0.000 +0.000 +0.000 +0.000 +0.000 +0.000 +0.000
 +0.000 +0.000 +0.000 +0.000 +0.000 +0.000 +0.000 +0.000 +0.000 +0.000
 +0.000 +0.000 +0.000 +0.000 +0.000 +0.000 +0.000 +0.000 +0.000 +0.000
 +0.000 +0.000 +0.000 +0.000 +0.000 +0.000 +0.000 +0.000 +0.000 +0.000
 +0.000 +0.000 +0.000 +0.000 +0.000 +0.000 +0.000 +0.000 +0.000 +0.000
 +0.000 +0.000 +0.000 +0.000 +0.000 +0.000 +0.000 +0.000 +0.000 +0.000
 +0.000 +0.000 +0.000 +0.000 +0.000 +0.000 +0.000 +0.000 +0.000 +0.000
 +0.000 +0.000 +0.000 +0.000 +0.000 +0.000 +0.000 +0.000 +0.000 +0.000
 +0.000 +0.000 +0.000 +0.000 +0.000 +0.000 +0.000 +0.000 +0.000 +0.000
 +0.000 +0.000 +0.000 +0.000 +0.000 +0.000 +0.000 +0.000 +0.000 +0.000
 +0.000 +0.000 +1.067 +0.000 +0.000 +0.000 +0.000 +0.000 +0.000 +0.000
 +0.000 +0.000 +0.000 +0.000 +0.000 +0.000 +0.000 +0.000 +0.000 +0.000
 +0.000 +0.000 +0.000 +0.000 +0.000 +0.000 +0.000 +0.000 +0.000 +0.000
 +0.000 +0.000 +0.000 +0.000 +0.000 +0.000 +0.000 +0.000 +0.000 +0.000
 +0.000 +0.000 +0.000 +0.000 +0.000 +0.000 +0.000 +0.000 +0.000 +0.000
 +0.000 +0.000 +0.000 +0.000 +0.000 +0.000 +0.000 +0.000 +0.000 +0.000
 +0.000 +0.000 +0.000 +0.000 +0.000 +0.000 +0.000 +0.000 +0.000 +0.000
 +0.000 +0.000 +0.000 +0.000 +0.000 +0.000 +0.000 +0.000 +0.000 +0.000
 +0.000 +0.000 +0.000 +0.000 +0.000 +0.000 +0.000 +0.000 +0.000 +0.000
 +0.000 +0.000 +0.000 +0.000 +0.000 +0.000 +0.000 +0.000 +0.000 +0.000
 +0.000 +0.000 +0.000 +0.000 +0.000 +0.000 +0.000 +0.000 +0.000 +0.000
 +0.000 +0.000 +0.000 +0.000 +0.000 +0.000 +0.000 +0.000 +0.000 +0.000
 +0.000 +0.000 +0.000 +0.000 +0.000 +0.000 +0.000 +0.000 +0.000 +0.000
 +0.000 +0.000 +0.000 +0.000 +0.000 +0.000 +0.000 +0.000 +0.000 +0.000
 +0.000 +0.000 +0.000 +0.000 +0.000 +0.000 +0.000 +0.000 +0.000 +0.000
 +0.000 +0.000 +0.000 +0.000 +0.000 +0.000 +0.000 +0.000 +0.000 +0.000
 +0.000 +0.000 +0.000 +0.000 +0.000 +0.000 +0.000 +0.000 +0.000 +0.000]
Dual variables:           [+1.547 -1.268]

Optimal objective:       -1.13202887e-01
===========================================================================

Method:                  II-QIPM
LO_Precision:            1.00e-01
Stop_Precision:          1.00e-03
LO_Verbosity:            2
Omega:                   1.00e+01

The Quantum Inexact Infeasible Interior-Point Method starts running ...


                  Objective                Residual                                Linear system           Step-length
Iter      Primal           Dual         Primal    Dual     Compl    ||Resl||  Cond-Num  ||M||   ||RHS||    a-star   a-hat      Time
   0   2.54028104e+01 -2.55747206e-01  6.53e-01 2.92e+01  7.13e+03  2.98e-15  4.00e+00 1.00e+00 6.97e+00  9.27e-01 8.69e-01      0s
   1   3.02725630e+01 -2.55747206e-01  2.78e+00 2.72e+01  6.66e+03  4.76e+01  3.73e+00 9.03e+00 4.76e+01  4.83e-01 7.11e-02      1s
   2   3.29037001e+01 -2.55747206e-01  4.59e+00 2.63e+01  6.47e+03  5.81e+01  3.66e+00 1.01e+01 5.81e+01  4.43e-01 3.27e-02      1s
   3   3.54446561e+01 -2.55747206e-01  6.31e+00 2.55e+01  6.30e+03  6.37e+01  3.63e+00 1.07e+01 6.37e+01  4.25e-01 2.92e-02      1s
   4   3.79014928e+01 -2.55747206e-01  7.96e+00 2.48e+01  6.15e+03  6.92e+01  3.59e+00 1.13e+01 6.92e+01  4.07e-01 2.62e-02      2s
   5   4.02790158e+01 -2.55747206e-01  9.55e+00 2.42e+01  6.01e+03  7.47e+01  3.56e+00 1.19e+01 7.47e+01  3.91e-01 2.37e-02      2s
   6   4.25782650e+01 -2.55747206e-01  1.11e+01 2.37e+01  5.90e+03  8.01e+01  3.54e+00 1.24e+01 8.01e+01  3.77e-01 2.15e-02      3s
   7   4.48100485e+01 -2.55747206e-01  1.25e+01 2.33e+01  5.79e+03  8.55e+01  3.51e+00 1.30e+01 8.55e+01  3.63e-01 1.97e-02      3s
   8   4.69721729e+01 -2.55747206e-01  1.39e+01 2.28e+01  5.70e+03  9.07e+01  3.49e+00 1.35e+01 9.07e+01  3.50e-01 1.80e-02      3s
   9   4.90715721e+01 -2.55747206e-01  1.53e+01 2.25e+01  5.61e+03  9.60e+01  3.46e+00 1.40e+01 9.60e+01  3.38e-01 1.65e-02      4s
  10   5.11090677e+01 -2.55747206e-01  1.66e+01 2.21e+01  5.53e+03  1.01e+02  3.44e+00 1.46e+01 1.01e+02  3.27e-01 1.52e-02      4s
  11   5.30897808e+01 -2.55747206e-01  1.79e+01 2.18e+01  5.46e+03  1.06e+02  3.42e+00 1.51e+01 1.06e+02  3.17e-01 1.41e-02      5s
  12   5.50168924e+01 -2.55747206e-01  1.91e+01 2.15e+01  5.40e+03  1.11e+02  3.41e+00 1.56e+01 1.11e+02  3.07e-01 1.31e-02      5s
  13   5.68936476e+01 -2.55747206e-01  2.03e+01 2.13e+01  5.34e+03  1.16e+02  3.39e+00 1.61e+01 1.16e+02  2.98e-01 1.22e-02      5s
  14   5.87196566e+01 -2.55747206e-01  2.14e+01 2.10e+01  5.28e+03  1.21e+02  3.38e+00 1.66e+01 1.21e+02  2.89e-01 1.14e-02      6s
  15   6.05000968e+01 -2.55747206e-01  2.25e+01 2.08e+01  5.23e+03  1.26e+02  3.36e+00 1.72e+01 1.26e+02  2.81e-01 1.06e-02      6s
  16   6.22347828e+01 -2.55747206e-01  2.36e+01 2.06e+01  5.19e+03  1.31e+02  3.35e+00 1.77e+01 1.31e+02  2.73e-01 9.95e-03      7s
  17   6.39287715e+01 -2.55747206e-01  2.47e+01 2.04e+01  5.14e+03  1.36e+02  3.34e+00 1.82e+01 1.36e+02  2.66e-01 9.35e-03      7s
  18   6.55836347e+01 -2.55747206e-01  2.57e+01 2.02e+01  5.10e+03  1.41e+02  3.33e+00 1.87e+01 1.41e+02  2.59e-01 8.80e-03      8s
  19   6.71993443e+01 -2.55747206e-01  2.67e+01 2.00e+01  5.06e+03  1.46e+02  3.32e+00 1.91e+01 1.46e+02  2.52e-01 8.29e-03      8s
  20   6.87791332e+01 -2.55747206e-01  2.77e+01 1.99e+01  5.03e+03  1.51e+02  3.32e+00 1.96e+01 1.51e+02  2.46e-01 7.83e-03      9s
  21   7.03230455e+01 -2.55747206e-01  2.86e+01 1.97e+01  4.99e+03  1.55e+02  3.31e+00 2.01e+01 1.55e+02  2.40e-01 7.40e-03      9s
  22   7.18342240e+01 -2.55747206e-01  2.95e+01 1.96e+01  4.96e+03  1.60e+02  3.31e+00 2.06e+01 1.60e+02  2.34e-01 7.01e-03      9s
  23   7.33127468e+01 -2.55747206e-01  3.04e+01 1.95e+01  4.93e+03  1.65e+02  3.30e+00 2.11e+01 1.65e+02  2.29e-01 6.65e-03     10s
  24   7.47616477e+01 -2.55747206e-01  3.13e+01 1.93e+01  4.90e+03  1.69e+02  3.30e+00 2.16e+01 1.69e+02  2.24e-01 6.32e-03     10s
  25   7.61810138e+01 -2.55747206e-01  3.22e+01 1.92e+01  4.88e+03  1.74e+02  3.29e+00 2.21e+01 1.74e+02  2.19e-01 6.01e-03     11s
  26   7.75709773e+01 -2.55747206e-01  3.30e+01 1.91e+01  4.85e+03  1.79e+02  3.29e+00 2.25e+01 1.79e+02  2.14e-01 5.72e-03     11s
  27   7.89344372e+01 -2.55747206e-01  3.38e+01 1.90e+01  4.83e+03  1.83e+02  3.29e+00 2.30e+01 1.83e+02  2.10e-01 5.45e-03     12s
  28   8.02715097e+01 -2.55747206e-01  3.46e+01 1.89e+01  4.81e+03  1.88e+02  3.29e+00 2.35e+01 1.88e+02  2.05e-01 5.20e-03     12s
  29   8.15849683e+01 -2.55747206e-01  3.54e+01 1.88e+01  4.78e+03  1.92e+02  3.29e+00 2.40e+01 1.92e+02  2.01e-01 4.98e-03     13s
  30   8.28723269e+01 -2.55747206e-01  3.62e+01 1.87e+01  4.76e+03  1.97e+02  3.29e+00 2.45e+01 1.97e+02  1.97e-01 4.75e-03     13s
  31   8.41375793e+01 -2.55747206e-01  3.69e+01 1.87e+01  4.74e+03  2.01e+02  3.29e+00 2.49e+01 2.01e+02  1.93e-01 4.55e-03     13s
  32   8.53795846e+01 -2.55747206e-01  3.76e+01 1.86e+01  4.73e+03  2.06e+02  3.29e+00 2.54e+01 2.06e+02  1.90e-01 4.36e-03     14s
  33   8.66009454e+01 -2.55747206e-01  3.84e+01 1.85e+01  4.71e+03  2.10e+02  3.29e+00 2.59e+01 2.10e+02  1.86e-01 4.19e-03     14s
  34   8.78005657e+01 -2.55747206e-01  3.91e+01 1.84e+01  4.69e+03  2.15e+02  3.29e+00 2.63e+01 2.15e+02  1.83e-01 4.02e-03     15s
  35   8.89797823e+01 -2.55747206e-01  3.98e+01 1.83e+01  4.67e+03  2.19e+02  3.29e+00 2.68e+01 2.19e+02  1.79e-01 3.86e-03     15s
  36   9.01398917e+01 -2.55747206e-01  4.05e+01 1.83e+01  4.66e+03  2.23e+02  3.30e+00 2.73e+01 2.23e+02  1.76e-01 3.71e-03     16s
  37   9.12810102e+01 -2.55747206e-01  4.11e+01 1.82e+01  4.64e+03  2.28e+02  3.30e+00 2.77e+01 2.28e+02  1.73e-01 3.57e-03     16s
  38   9.24043894e+01 -2.55747206e-01  4.18e+01 1.82e+01  4.63e+03  2.32e+02  3.30e+00 2.82e+01 2.32e+02  1.70e-01 3.44e-03     17s
  39   9.35090316e+01 -2.55747206e-01  4.24e+01 1.81e+01  4.62e+03  2.36e+02  3.31e+00 2.87e+01 2.36e+02  1.67e-01 3.31e-03     17s
  40   9.45972618e+01 -2.55747206e-01  4.31e+01 1.80e+01  4.60e+03  2.41e+02  3.31e+00 2.91e+01 2.41e+02  1.64e-01 3.20e-03     18s
  41   9.56681062e+01 -2.55747206e-01  4.37e+01 1.80e+01  4.59e+03  2.45e+02  3.32e+00 2.96e+01 2.45e+02  1.62e-01 3.08e-03     18s
  42   9.67227554e+01 -2.55747206e-01  4.43e+01 1.79e+01  4.58e+03  2.49e+02  3.32e+00 3.00e+01 2.49e+02  1.59e-01 2.97e-03     19s
  43   9.77623632e+01 -2.55747206e-01  4.49e+01 1.79e+01  4.57e+03  2.54e+02  3.33e+00 3.05e+01 2.54e+02  1.57e-01 2.88e-03     19s
  44   9.87870239e+01 -2.55747206e-01  4.55e+01 1.78e+01  4.55e+03  2.58e+02  3.33e+00 3.10e+01 2.58e+02  1.54e-01 2.78e-03     20s
  45   9.97958280e+01 -2.55747206e-01  4.61e+01 1.78e+01  4.54e+03  2.62e+02  3.34e+00 3.14e+01 2.62e+02  1.52e-01 2.69e-03     20s
  46   1.00790899e+02 -2.55747206e-01  4.66e+01 1.77e+01  4.53e+03  2.66e+02  3.34e+00 3.19e+01 2.66e+02  1.50e-01 2.60e-03     21s
  47   1.01772323e+02 -2.55747206e-01  4.72e+01 1.77e+01  4.52e+03  2.71e+02  3.35e+00 3.23e+01 2.71e+02  1.47e-01 2.52e-03     21s
  48   1.02739225e+02 -2.55747206e-01  4.77e+01 1.76e+01  4.51e+03  2.75e+02  3.36e+00 3.28e+01 2.75e+02  1.45e-01 2.44e-03     22s
  49   1.03693634e+02 -2.55747206e-01  4.83e+01 1.76e+01  4.50e+03  2.79e+02  3.36e+00 3.32e+01 2.79e+02  1.43e-01 2.36e-03     22s
  50   1.04634687e+02 -2.55747206e-01  4.88e+01 1.76e+01  4.49e+03  2.83e+02  3.37e+00 3.37e+01 2.83e+02  1.41e-01 2.29e-03     22s
  51   1.05563417e+02 -2.55747206e-01  4.94e+01 1.75e+01  4.48e+03  2.87e+02  3.38e+00 3.41e+01 2.87e+02  1.39e-01 2.22e-03     23s
  52   1.06479910e+02 -2.55747206e-01  4.99e+01 1.75e+01  4.47e+03  2.91e+02  3.39e+00 3.46e+01 2.91e+02  1.37e-01 2.16e-03     23s
  53   1.07385160e+02 -2.55747206e-01  5.04e+01 1.74e+01  4.47e+03  2.96e+02  3.39e+00 3.51e+01 2.96e+02  1.35e-01 2.10e-03     24s
  54   1.08278345e+02 -2.55747206e-01  5.09e+01 1.74e+01  4.46e+03  3.00e+02  3.40e+00 3.55e+01 3.00e+02  1.34e-01 2.04e-03     24s
  55   1.09160442e+02 -2.55747206e-01  5.14e+01 1.74e+01  4.45e+03  3.04e+02  3.41e+00 3.60e+01 3.04e+02  1.32e-01 1.98e-03     25s
  56   1.10031527e+02 -2.55747206e-01  5.19e+01 1.73e+01  4.44e+03  3.08e+02  3.42e+00 3.64e+01 3.08e+02  1.30e-01 1.92e-03     25s
  57   1.10891681e+02 -2.55747206e-01  5.24e+01 1.73e+01  4.44e+03  3.12e+02  3.43e+00 3.69e+01 3.12e+02  1.28e-01 1.87e-03     26s
  58   1.11740986e+02 -2.55747206e-01  5.29e+01 1.73e+01  4.43e+03  3.16e+02  3.44e+00 3.73e+01 3.16e+02  1.27e-01 1.82e-03     26s
  59   1.12580364e+02 -2.55747206e-01  5.33e+01 1.72e+01  4.42e+03  3.20e+02  3.44e+00 3.78e+01 3.20e+02  1.25e-01 1.77e-03     27s
  60   1.13409883e+02 -2.55747206e-01  5.38e+01 1.72e+01  4.41e+03  3.24e+02  3.45e+00 3.82e+01 3.24e+02  1.24e-01 1.73e-03     27s
  61   1.14230432e+02 -2.55747206e-01  5.43e+01 1.72e+01  4.41e+03  3.28e+02  3.46e+00 3.87e+01 3.28e+02  1.22e-01 1.68e-03     28s
  62   1.15040443e+02 -2.55747206e-01  5.47e+01 1.72e+01  4.40e+03  3.32e+02  3.47e+00 3.91e+01 3.32e+02  1.21e-01 1.64e-03     28s
  63   1.15841608e+02 -2.55747206e-01  5.52e+01 1.71e+01  4.39e+03  3.36e+02  3.48e+00 3.96e+01 3.36e+02  1.19e-01 1.60e-03     29s
  64   1.16633193e+02 -2.55747206e-01  5.56e+01 1.71e+01  4.39e+03  3.40e+02  3.49e+00 4.00e+01 3.40e+02  1.18e-01 1.56e-03     29s
  65   1.17416054e+02 -2.55747206e-01  5.60e+01 1.71e+01  4.38e+03  3.44e+02  3.50e+00 4.05e+01 3.44e+02  1.16e-01 1.52e-03     30s
  66   1.18191028e+02 -2.55747206e-01  5.65e+01 1.71e+01  4.38e+03  3.48e+02  3.51e+00 4.09e+01 3.48e+02  1.15e-01 1.48e-03     30s
  67   1.18956626e+02 -2.55747206e-01  5.69e+01 1.70e+01  4.37e+03  3.52e+02  3.52e+00 4.14e+01 3.52e+02  1.14e-01 1.45e-03     31s
  68   1.19714442e+02 -2.55747206e-01  5.73e+01 1.70e+01  4.36e+03  3.56e+02  3.53e+00 4.18e+01 3.56e+02  1.12e-01 1.41e-03     31s
  69   1.20463774e+02 -2.55747206e-01  5.77e+01 1.70e+01  4.36e+03  3.60e+02  3.54e+00 4.22e+01 3.60e+02  1.11e-01 1.38e-03     32s
  70   1.21204686e+02 -2.55747206e-01  5.81e+01 1.70e+01  4.35e+03  3.64e+02  3.55e+00 4.27e+01 3.64e+02  1.10e-01 1.35e-03     33s
  71   1.21938712e+02 -2.55747206e-01  5.86e+01 1.69e+01  4.35e+03  3.68e+02  3.56e+00 4.31e+01 3.68e+02  1.09e-01 1.32e-03     33s
  72   1.22664435e+02 -2.55747206e-01  5.90e+01 1.69e+01  4.34e+03  3.72e+02  3.57e+00 4.36e+01 3.72e+02  1.08e-01 1.29e-03     34s
  73   1.23383359e+02 -2.55747206e-01  5.93e+01 1.69e+01  4.34e+03  3.76e+02  3.58e+00 4.40e+01 3.76e+02  1.06e-01 1.26e-03     34s
  74   1.24094811e+02 -2.55747206e-01  5.97e+01 1.69e+01  4.33e+03  3.80e+02  3.59e+00 4.45e+01 3.80e+02  1.05e-01 1.23e-03     35s
  75   1.24798846e+02 -2.55747206e-01  6.01e+01 1.69e+01  4.33e+03  3.84e+02  3.60e+00 4.49e+01 3.84e+02  1.04e-01 1.20e-03     35s
  76   1.25495516e+02 -2.55747206e-01  6.05e+01 1.68e+01  4.33e+03  3.88e+02  3.61e+00 4.54e+01 3.88e+02  1.03e-01 1.18e-03     36s
  77   1.26185568e+02 -2.55747206e-01  6.09e+01 1.68e+01  4.32e+03  3.92e+02  3.62e+00 4.58e+01 3.92e+02  1.02e-01 1.15e-03     36s
  78   1.26869043e+02 -2.55747206e-01  6.13e+01 1.68e+01  4.32e+03  3.96e+02  3.64e+00 4.63e+01 3.96e+02  1.01e-01 1.13e-03     37s
  79   1.27545984e+02 -2.55747206e-01  6.16e+01 1.68e+01  4.31e+03  4.00e+02  3.65e+00 4.67e+01 4.00e+02  1.00e-01 1.10e-03     37s
  80   1.28216435e+02 -2.55747206e-01  6.20e+01 1.68e+01  4.31e+03  4.03e+02  3.66e+00 4.72e+01 4.03e+02  9.90e-02 1.08e-03     38s
  81   1.28880440e+02 -2.55747206e-01  6.24e+01 1.67e+01  4.30e+03  4.07e+02  3.67e+00 4.76e+01 4.07e+02  9.80e-02 1.06e-03     38s
  82   1.29538042e+02 -2.55747206e-01  6.27e+01 1.67e+01  4.30e+03  4.11e+02  3.68e+00 4.81e+01 4.11e+02  9.71e-02 1.04e-03     39s
  83   1.30189288e+02 -2.55747206e-01  6.31e+01 1.67e+01  4.30e+03  4.15e+02  3.69e+00 4.85e+01 4.15e+02  9.62e-02 1.01e-03     39s
  84   1.30834867e+02 -2.55747206e-01  6.34e+01 1.67e+01  4.29e+03  4.19e+02  3.70e+00 4.89e+01 4.19e+02  9.52e-02 9.95e-04     40s

The solution quality is limited by the precision of the linear system solver.

The algorithm stopped after 85 iterations in 39.84 seconds.

Primal variables:   [+17.113 +8.576 +25.373 +10.390 +14.037 +14.936 +8.529 +13.234 +14.675
 +12.192 +9.757 +8.545 +15.072 +9.416 +10.664 +8.662 +15.477 +9.670
 +10.279 +29.375 +13.166 +32.807 +29.960 +13.847 +35.331 +10.876 +9.162
 +16.433 +21.160 +10.571 +8.532 +8.743 +11.989 +10.007 +45.530 +15.406
 +9.160 +10.566 +17.742 +9.757 +10.772 +10.048 +25.733 +11.357 +10.226
 +13.323 +9.198 +9.566 +9.848 +9.173 +24.663 +21.620 +9.487 +10.383 +9.889
 +9.489 +12.697 +14.244 +9.526 +14.923 +38.406 +24.588 +11.849 +40.096
 +11.505 +11.967 +11.225 +18.913 +10.757 +9.617 +20.816 +7.028 +12.821
 +11.889 +11.259 +11.461 +12.937 +8.906 +8.635 +28.928 +12.791 +11.518
 +10.559 +10.107 +17.100 +17.926 +19.297 +10.616 +33.408 +11.336 +9.798
 +9.035 +8.878 +10.553 +9.810 +44.009 +12.224 +15.489 +8.786 +9.409 +9.002
 +12.808 +10.475 +13.168 +12.923 +12.299 +10.415 +9.194 +10.778 +10.423
 +8.945 +17.728 +8.896 +10.860 +19.269 +10.184 +9.668 +8.874 +9.892
 +10.547 +13.534 +9.548 +10.110 +21.759 +10.689 +15.429 +10.855 +9.252
 +10.142 +11.800 +12.188 +8.472 +17.680 +8.721 +11.275 +9.920 +9.512
 +10.868 +10.154 +8.963 +15.889 +9.910 +13.676 +10.883 +10.493 +12.343
 +14.482 +62.056 +9.777 +38.307 +21.468 +11.153 +31.317 +12.724 +18.205
 +25.503 +9.571 +11.574 +9.481 +9.098 +10.976 +10.996 +12.681 +10.047
 +15.783 +8.954 +8.948 +13.400 +11.446 +10.158 +10.901 +9.840 +12.690
 +11.945 +10.374 +13.814 +10.201 +8.531 +12.281 +16.885 +9.488 +10.874
 +33.007 +8.713 +27.493 +27.225 +8.692 +8.686 +13.487 +11.042 +9.081
 +11.219 +11.357 +9.257 +9.857 +11.316 +18.041 +13.090 +8.700 +8.798
 +17.397 +14.084 +9.096 +8.551 +12.141 +17.333 +9.064 +11.412 +10.271
 +38.572 +9.907 +16.158 +11.535 +18.347 +16.111 +13.208 +10.459 +8.773
 +9.430 +10.303 +17.579 +16.271 +9.162 +20.223 +11.665 +9.389 +11.624
 +13.166 +8.937 +10.166 +9.568 +15.212 +13.319 +12.303 +11.273 +11.976
 +23.503 +10.978 +8.779 +30.888 +18.191 +12.883 +16.394 +9.507 +22.453
 +8.605 +27.534 +9.822 +11.188 +12.255 +13.657 +16.494 +11.769 +30.033
 +11.124 +8.916 +30.881 +11.383 +10.509 +8.685 +14.253 +12.839 +15.616
 +14.286 +16.229 +15.453 +10.718 +11.171 +19.699 +9.212 +8.889 +11.708
 +14.349 +13.127 +9.007 +8.683 +20.997 +11.710 +13.254 +12.709 +18.037
 +8.596 +14.908 +20.627 +9.522 +13.891 +10.503 +13.102 +23.251 +13.946
 +25.492 +9.638 +9.557 +12.815 +9.692 +10.301 +10.206 +11.713 +22.655
 +10.587 +11.380 +10.918 +9.100 +10.004 +10.009 +8.589 +14.566 +13.877
 +14.906 +9.079 +11.022 +9.478 +10.280 +22.768 +12.320 +11.270 +8.869
 +8.930 +9.498 +9.854 +11.438 +9.918 +9.924 +10.926 +20.057 +9.047 +13.081
 +9.291 +8.809 +8.868 +11.698 +13.770 +7.100 +10.323 +12.302 +8.771
 +16.538 +13.111 +14.493 +8.819 +28.091 +9.237 +8.725 +15.049 +10.065
 +9.912 +15.307 +8.634 +10.009 +11.130 +9.240 +27.376 +9.066 +11.423
 +10.160 +10.843 +9.529 +14.095 +10.670 +9.277 +9.758 +15.633 +9.151
 +12.034 +10.125 +9.462 +9.132 +9.555 +16.378 +8.945 +10.930 +13.474
 +10.089 +9.307 +10.510 +11.063 +45.928 +19.660 +10.565 +11.236 +15.055
 +14.412 +12.171 +10.155 +9.547 +10.891 +15.277 +23.005 +13.974 +15.731
 +10.968 +10.359 +13.868 +8.821 +9.796 +12.684 +13.998 +15.714 +10.013
 +10.661 +8.748 +11.823 +25.099 +13.173 +11.119 +10.580 +12.852 +8.510
 +9.491 +29.852 +9.064 +11.853 +9.291 +9.321 +9.302 +9.181 +10.126 +12.572
 +9.638 +9.506 +11.184 +10.175 +12.706 +16.607 +14.364 +14.462 +19.921
 +19.864 +23.851 +8.903 +22.958 +12.798 +35.618 +8.796 +19.434 +9.033
 +9.181 +32.894 +23.897 +9.020 +25.371 +9.368 +18.072 +17.539 +10.487
 +14.064 +24.827 +21.482 +19.810 +22.566 +9.306 +30.252 +12.014 +8.967
 +18.275 +11.659 +10.962 +10.352 +13.424 +9.181 +17.896 +10.160 +10.040
 +8.879 +20.938 +10.880 +20.165 +20.811 +10.038 +13.263 +10.731 +37.654
 +16.719 +9.555 +8.874 +8.965 +18.300 +9.059 +12.800 +15.892 +19.974
 +22.573 +12.347 +14.221 +9.015 +15.725 +17.694 +15.907 +14.185 +8.873
 +16.938 +8.691 +9.802 +17.303 +22.098 +9.925 +22.954 +13.200 +11.225
 +10.481]
Dual slacks:        [+0.373 +1.394 +0.213 +0.910 +0.514 +0.467 +1.410 +0.569 +0.478 +0.665
 +1.042 +1.404 +0.459 +1.126 +0.869 +1.350 +0.440 +1.070 +0.931 +0.175
 +0.575 +0.151 +0.170 +0.530 +0.137 +0.830 +1.197 +0.397 +0.274 +0.885
 +1.410 +1.334 +0.689 +0.993 +0.100 +0.442 +1.189 +0.878 +0.352 +1.050
 +0.849 +0.976 +0.207 +0.769 +0.940 +0.563 +1.192 +1.090 +1.017 +1.199
 +0.218 +0.262 +1.113 +0.917 +1.009 +1.106 +0.617 +0.506 +1.102 +0.469
 +0.123 +0.221 +0.700 +0.117 +0.743 +0.691 +0.784 +0.319 +0.848 +1.077
 +0.278 +2.034 +0.609 +0.694 +0.776 +0.752 +0.602 +1.281 +1.368 +0.177
 +0.609 +0.738 +0.879 +0.970 +0.376 +0.348 +0.314 +0.878 +0.148 +0.771
 +1.026 +1.238 +1.290 +0.889 +1.026 +0.104 +0.666 +0.436 +1.310 +1.126
 +1.245 +0.604 +0.894 +0.574 +0.598 +0.658 +0.915 +1.180 +0.853 +0.910
 +1.262 +0.350 +1.284 +0.835 +0.314 +0.954 +1.067 +1.282 +1.014 +0.890
 +0.552 +1.092 +0.971 +0.261 +0.861 +0.437 +0.830 +1.171 +0.968 +0.714
 +0.670 +1.433 +0.353 +1.333 +0.776 +1.011 +1.106 +0.835 +0.953 +1.250
 +0.423 +1.013 +0.537 +0.832 +0.893 +0.651 +0.488 +0.069 +1.033 +0.123
 +0.266 +0.793 +0.161 +0.619 +0.341 +0.209 +1.085 +0.731 +1.113 +1.222
 +0.812 +0.811 +0.620 +0.979 +0.427 +1.255 +1.268 +0.565 +0.747 +0.955
 +0.833 +1.018 +0.619 +0.693 +0.920 +0.535 +0.950 +1.410 +0.656 +0.378
 +1.104 +0.827 +0.148 +1.344 +0.188 +0.192 +1.348 +1.348 +0.551 +0.808
 +1.216 +0.781 +0.762 +1.165 +1.015 +0.765 +0.341 +0.583 +1.335 +1.308
 +0.362 +0.516 +1.217 +1.397 +0.675 +0.366 +1.218 +0.753 +0.934 +0.122
 +1.009 +0.411 +0.744 +0.334 +0.410 +0.574 +0.902 +1.312 +1.119 +0.927
 +0.360 +0.408 +1.202 +0.289 +0.725 +1.135 +0.728 +0.578 +1.258 +0.955
 +1.082 +0.449 +0.569 +0.655 +0.777 +0.687 +0.235 +0.819 +1.323 +0.162
 +0.343 +0.604 +0.400 +1.105 +0.252 +1.381 +0.189 +1.023 +0.787 +0.658
 +0.540 +0.394 +0.718 +0.167 +0.800 +1.269 +0.164 +0.758 +0.889 +1.340
 +0.499 +0.606 +0.431 +0.504 +0.409 +0.436 +0.851 +0.784 +0.304 +1.183
 +1.282 +0.719 +0.494 +0.578 +1.239 +1.351 +0.274 +0.721 +0.576 +0.618
 +0.345 +1.375 +0.467 +0.280 +1.095 +0.530 +0.887 +0.587 +0.237 +0.522
 +0.208 +1.065 +1.083 +0.608 +1.059 +0.925 +0.955 +0.725 +0.248 +0.872
 +0.759 +0.829 +1.213 +0.985 +0.994 +1.387 +0.485 +0.531 +0.470 +1.228
 +0.805 +1.116 +0.940 +0.246 +0.655 +0.777 +1.290 +1.270 +1.099 +1.024
 +0.749 +1.009 +1.001 +0.822 +0.292 +1.230 +0.588 +1.164 +1.299 +1.281
 +0.717 +0.537 +2.044 +0.923 +0.660 +1.313 +0.396 +0.579 +0.486 +1.309
 +0.184 +1.175 +1.332 +0.459 +0.983 +1.002 +0.444 +1.370 +0.990 +0.801
 +1.173 +0.190 +1.229 +0.750 +0.953 +0.840 +1.103 +0.513 +0.860 +1.159
 +1.049 +0.434 +1.198 +0.678 +0.970 +1.118 +1.204 +1.087 +0.397 +1.262
 +0.820 +0.553 +0.967 +1.156 +0.896 +0.805 +0.099 +0.300 +0.889 +0.781
 +0.456 +0.493 +0.671 +0.952 +1.091 +0.825 +0.445 +0.241 +0.521 +0.427
 +0.821 +0.924 +0.531 +1.306 +1.039 +0.618 +0.518 +0.426 +0.993 +0.872
 +1.329 +0.709 +0.213 +0.574 +0.801 +0.879 +0.605 +1.418 +1.107 +0.171
 +1.229 +0.697 +1.164 +1.153 +1.162 +1.195 +0.959 +0.628 +1.070 +1.099
 +0.782 +0.949 +0.622 +0.394 +0.498 +0.489 +0.298 +0.297 +0.230 +1.272
 +0.240 +0.607 +0.135 +1.315 +0.309 +1.234 +1.195 +0.149 +0.231 +1.237
 +0.213 +1.143 +0.343 +0.362 +0.900 +0.519 +0.218 +0.268 +0.297 +0.250
 +1.159 +0.168 +0.688 +1.250 +0.336 +0.721 +0.825 +0.922 +0.560 +1.184
 +0.348 +0.955 +0.980 +1.281 +0.278 +0.831 +0.294 +0.280 +0.989 +0.567
 +0.849 +0.126 +0.391 +1.094 +1.280 +1.250 +0.336 +1.222 +0.604 +0.421
 +0.293 +0.247 +0.652 +0.505 +1.246 +0.427 +0.354 +0.417 +0.504 +1.292
 +0.378 +1.349 +1.027 +0.369 +0.255 +1.009 +0.240 +0.575 +0.786 +0.904]
Dual variables:     [+0.107 -16.529]

Primal objective:   1.30834867e+02 
Dual objective:     -2.55747206e-01

Primal residual:    6.34e+01
Dual residual:      1.67e+01
Complementraty:     4.29e+03

Number of Iter:     85
Run time:           39.84
