
--------------- Linear optimization problem characteristics ---------------
Seed:                    31
Number of variables:     10
Number of constraints:   2

Norm of primal sol:      2.00e+00
Norm of dual sol:        2.00e+00
Norm of dual slacks:     2.00e+00

Norm of vector b:        3.92e-01
Norm of vector c:        2.45e+00

Norm of matrix A:        1.00e+00
Condition number:        2.00e+00

----------------------- Linear optimization problem -----------------------
Coeff matrix A:          [[-0.015 -0.053 -0.488 +0.130 +0.024 -0.306 +0.281 -0.135 -0.525 +0.479]
                          [+0.271 +0.054 -0.058 -0.012 +0.093 +0.137 +0.244 +0.167 +0.126 -0.293]]

RHS vector b:            [-0.103 +0.378]
Obj vector c:            [-0.120 +1.812 +0.969 -0.243 -0.097 +0.512 -0.675 +0.167 +0.941 +0.228]

---------------------------- Optimal solution -----------------------------
Primal variables:         [+0.358 +0.000 +0.965 +1.237 +0.261 +0.172 +1.138 +0.086 +0.094 +0.000]
Dual slacks:              [+0.000 +1.740 +0.000 +0.000 +0.000 +0.000 +0.000 +0.000 +0.000 +0.987]
Dual variables:           [-1.923 -0.551]

Optimal objective:       -9.99271658e-03
===========================================================================

Method:                  II-QIPM
LO_Precision:            1.00e-01
Stop_Precision:          1.00e-03
LO_Verbosity:            2
Omega:                   1.00e+01

The Quantum Inexact Infeasible Interior-Point Method starts running ...


                  Objective                Residual                                Linear system           Step-length
Iter      Primal           Dual         Primal    Dual     Compl    ||Resl||  Cond-Num  ||M||   ||RHS||    a-star   a-hat      Time
   0   3.35380989e+01 -4.36039196e+00  5.03e+00 1.68e+01  5.83e+02  8.88e-16  4.00e+00 1.00e+00 9.27e+00  5.70e-01 4.50e-01      0s
   1   3.37395428e+01 -4.19373910e+00  4.45e+00 1.49e+01  5.23e+02 *1.22e-02  8.12e+00 2.94e+00 1.13e+01  6.75e-01 1.15e-01      0s
   2   3.38931026e+01 -3.94883895e+00  3.86e+00 1.29e+01  4.60e+02 *4.98e-03  8.94e+00 3.68e+00 1.43e+01  7.30e-01 1.33e-01      1s
   3   3.39686876e+01 -3.59034538e+00  3.17e+00 1.06e+01  3.86e+02 *1.87e-02  9.80e+00 4.68e+00 1.76e+01  7.91e-01 1.77e-01      1s
   4   3.37809174e+01 -3.05973299e+00  2.35e+00 7.89e+00  2.96e+02 *4.20e-02  1.08e+01 6.33e+00 2.15e+01  8.72e-01 2.58e-01      1s
   5   3.24411831e+01 -2.16941339e+00  1.24e+00 4.16e+00  1.71e+02 *2.37e-03  1.19e+01 9.52e+00 2.61e+01  9.70e-01 4.73e-01      1s
   6   2.69389996e+01 -1.20647825e+00  2.61e-01 8.78e-01  5.53e+01 *4.09e-03  1.29e+01 1.94e+01 3.01e+01  9.37e-01 7.89e-01      1s
   7   2.53003517e+01 -1.17580951e+00  2.28e-01 7.81e-01  4.99e+01 *2.28e-01  1.06e+01 5.29e+01 1.71e+01  7.01e-01 1.10e-01      2s
   8   2.39989627e+01 -1.15422839e+00  2.08e-01 7.15e-01  4.61e+01 *1.03e-01  1.02e+01 5.31e+01 1.53e+01  6.65e-01 8.53e-02      2s
   9   2.28287735e+01 -1.13653326e+00  1.92e-01 6.60e-01  4.30e+01 *1.33e-02  9.84e+00 5.30e+01 1.41e+01  6.35e-01 7.57e-02      2s
  10   2.18002894e+01 -1.12235876e+00  1.78e-01 6.15e-01  4.04e+01 *1.68e-01  9.55e+00 5.27e+01 1.31e+01  6.13e-01 6.91e-02      2s
  11   2.08726548e+01 -1.11055538e+00  1.67e-01 5.77e-01  3.81e+01 *1.47e-01  9.30e+00 5.25e+01 1.23e+01  5.89e-01 6.23e-02      2s
  12   2.00203559e+01 -1.10040063e+00  1.57e-01 5.44e-01  3.62e+01 *3.01e-02  9.08e+00 5.23e+01 1.18e+01  5.65e-01 5.59e-02      3s
  13   1.92405384e+01 -1.09169235e+00  1.49e-01 5.17e-01  3.46e+01 *9.24e-03  8.90e+00 5.20e+01 1.13e+01  5.44e-01 5.09e-02      3s
  14   1.85290859e+01 -1.08426618e+00  1.42e-01 4.92e-01  3.31e+01 *2.69e-02  8.76e+00 5.19e+01 1.11e+01  5.26e-01 4.69e-02      3s
  15   1.78756146e+01 -1.07787615e+00  1.36e-01 4.71e-01  3.18e+01 *6.97e-02  8.64e+00 5.18e+01 1.09e+01  5.10e-01 4.35e-02      3s
  16   1.72707690e+01 -1.07230000e+00  1.30e-01 4.52e-01  3.06e+01 *9.17e-02  8.56e+00 5.19e+01 1.09e+01  4.95e-01 4.04e-02      4s
  17   1.67070599e+01 -1.06736401e+00  1.25e-01 4.35e-01  2.96e+01 *9.68e-02  8.52e+00 5.21e+01 1.09e+01  4.81e-01 3.77e-02      4s
  18   1.61773455e+01 -1.06292612e+00  1.21e-01 4.20e-01  2.87e+01 *9.31e-02  8.51e+00 5.25e+01 1.11e+01  4.68e-01 3.53e-02      4s
  19   1.56772722e+01 -1.05888598e+00  1.17e-01 4.06e-01  2.78e+01 *8.28e-02  8.54e+00 5.30e+01 1.14e+01  4.56e-01 3.31e-02      4s
  20   1.52022177e+01 -1.05514845e+00  1.13e-01 3.93e-01  2.70e+01 *6.17e-02  8.62e+00 5.37e+01 1.17e+01  4.44e-01 3.12e-02      4s
  21   1.47474428e+01 -1.05162388e+00  1.10e-01 3.81e-01  2.63e+01 *2.63e-02  8.73e+00 5.45e+01 1.21e+01  4.34e-01 2.95e-02      5s
  22   1.43103129e+01 -1.04826098e+00  1.07e-01 3.71e-01  2.56e+01 *5.11e-03  8.89e+00 5.56e+01 1.26e+01  4.24e-01 2.80e-02      5s
  23   1.38921742e+01 -1.04508482e+00  1.04e-01 3.61e-01  2.50e+01 *2.06e-02  9.09e+00 5.67e+01 1.32e+01  4.16e-01 2.68e-02      5s
  24   1.34932396e+01 -1.04210243e+00  1.01e-01 3.52e-01  2.44e+01 *9.11e-02  9.35e+00 5.82e+01 1.39e+01  4.09e-01 2.58e-02      5s
  25   1.31052534e+01 -1.03914074e+00  9.82e-02 3.43e-01  2.39e+01 *5.80e-02  9.66e+00 5.98e+01 1.47e+01  4.02e-01 2.48e-02      6s
  26   1.27257867e+01 -1.03614306e+00  9.58e-02 3.35e-01  2.34e+01 *6.64e-03  1.00e+01 6.17e+01 1.56e+01  3.95e-01 2.38e-02      6s
  27   1.23622424e+01 -1.03326986e+00  9.33e-02 3.27e-01  2.29e+01 *1.22e-01  1.05e+01 6.38e+01 1.65e+01  3.90e-01 2.32e-02      6s
  28   1.20001612e+01 -1.03020166e+00  9.12e-02 3.20e-01  2.24e+01 *1.56e-03  1.10e+01 6.63e+01 1.76e+01  3.84e-01 2.24e-02      6s
  29   1.16535011e+01 -1.02722980e+00  8.90e-02 3.13e-01  2.20e+01 *1.47e-01  1.16e+01 6.90e+01 1.88e+01  3.81e-01 2.20e-02      6s
  30   1.13117716e+01 -1.02412408e+00  8.69e-02 3.06e-01  2.16e+01 *1.36e-01  1.23e+01 7.21e+01 2.00e+01  3.76e-01 2.15e-02      7s
  31   1.09673734e+01 -1.02070520e+00  8.50e-02 2.99e-01  2.11e+01 *8.00e-03  1.30e+01 7.56e+01 2.14e+01  3.72e-01 2.10e-02      7s
  32   1.06273166e+01 -1.01710468e+00  8.33e-02 2.93e-01  2.07e+01 *2.22e-02  1.39e+01 7.93e+01 2.30e+01  3.70e-01 2.07e-02      7s
  33   1.02905807e+01 -1.01328580e+00  8.15e-02 2.87e-01  2.04e+01 *4.74e-02  1.49e+01 8.36e+01 2.46e+01  3.68e-01 2.05e-02      7s
  34   9.95285346e+00 -1.00912101e+00  7.98e-02 2.81e-01  2.00e+01 *1.19e-02  1.61e+01 8.83e+01 2.64e+01  3.66e-01 2.04e-02      8s
  35   9.62063705e+00 -1.00472819e+00  7.81e-02 2.76e-01  1.96e+01 *1.08e-01  1.73e+01 9.35e+01 2.84e+01  3.65e-01 2.04e-02      8s
  36   9.28171976e+00 -9.99783744e-01  7.65e-02 2.70e-01  1.93e+01 *2.49e-02  1.88e+01 9.94e+01 3.05e+01  3.66e-01 2.05e-02      8s
  37   8.94951404e+00 -9.94554167e-01  7.48e-02 2.64e-01  1.89e+01 *1.73e-01  2.05e+01 1.06e+02 3.29e+01  3.66e-01 2.07e-02      9s
  38   8.61297867e+00 -9.88716363e-01  7.34e-02 2.59e-01  1.85e+01 *1.71e-01  2.23e+01 1.13e+02 3.54e+01  3.68e-01 2.10e-02      9s
  39   8.27989286e+00 -9.82392926e-01  7.24e-02 2.53e-01  1.82e+01 *2.99e-01  2.44e+01 1.21e+02 3.82e+01  3.70e-01 2.14e-02     10s
  40   7.94265553e+00 -9.75301954e-01  7.22e-02 2.48e-01  1.78e+01 *3.43e-01  2.67e+01 1.31e+02 4.13e+01  3.73e-01 2.20e-02     10s
  41   7.64083699e+00 -9.68480602e-01  7.73e-02 2.42e-01  1.74e+01 *8.91e-01  2.93e+01 1.41e+02 4.47e+01  3.72e-01 2.19e-02     10s
  42   7.24860880e+00 -9.58101453e-01  7.55e-02 2.36e-01  1.70e+01 *1.31e-02  3.21e+01 1.53e+02 4.84e+01  3.90e-01 2.51e-02     11s
  43   6.84938102e+00 -9.46175519e-01  7.55e-02 2.30e-01  1.66e+01 *1.50e-01  3.55e+01 1.67e+02 5.27e+01  3.84e-01 2.70e-02     12s
  44   6.41798425e+00 -9.31424298e-01  7.50e-02 2.23e-01  1.62e+01 *1.13e-01  3.92e+01 1.84e+02 5.75e+01  3.73e-01 3.04e-02     12s
  45   5.96887664e+00 -9.13641603e-01  7.71e-02 2.15e-01  1.57e+01 *2.41e-01  4.36e+01 2.04e+02 6.31e+01  3.71e-01 3.42e-02     13s
  46   5.48981164e+00 -8.91338657e-01  8.29e-02 2.07e-01  1.51e+01 *3.36e-01  4.83e+01 2.29e+02 6.96e+01  3.70e-01 4.01e-02     13s
  47   5.01884427e+00 -8.64962040e-01  1.02e-01 1.97e-01  1.44e+01 *6.52e-01  5.36e+01 2.60e+02 7.74e+01  3.80e-01 4.58e-02     14s
  48   4.35080564e+00 -8.20016900e-01  1.09e-01 1.83e-01  1.35e+01 *2.31e-01  5.91e+01 3.00e+02 8.65e+01  3.74e-01 6.96e-02     14s
  49   3.37698218e+00 -7.34986397e-01  1.00e-01 1.61e-01  1.19e+01 *4.53e-02  6.58e+01 3.63e+02 9.89e+01  3.93e-01 1.24e-01     15s
  50   2.36120612e+00 -6.00661346e-01  1.06e-01 1.28e-01  9.65e+00 *1.41e-01  7.37e+01 4.82e+02 1.18e+02  4.56e-01 2.01e-01     16s
  51   2.17010233e+00 -5.60205221e-01  1.12e-01 1.19e-01  9.03e+00 *2.04e-01  7.96e+01 7.07e+02 1.39e+02  5.82e-01 7.05e-02     17s
  52   1.96845984e+00 -5.13971228e-01  1.21e-01 1.09e-01  8.32e+00 *2.26e-01  8.03e+01 7.80e+02 1.43e+02  6.22e-01 8.59e-02     18s
  53   1.73523354e+00 -4.60273158e-01  1.09e-01 9.74e-02  7.51e+00 *9.63e-03  8.09e+01 8.77e+02 1.47e+02  6.64e-01 1.07e-01     19s
  54   1.48492881e+00 -3.95802509e-01  1.14e-01 8.34e-02  6.52e+00 *1.45e-01  8.12e+01 9.98e+02 1.49e+02  7.23e-01 1.44e-01     20s
  55   1.21711610e+00 -3.15475299e-01  1.56e-01 6.58e-02  5.25e+00 *3.18e-01  8.15e+01 1.20e+03 1.52e+02  7.94e-01 2.11e-01     21s
  56   8.17093869e-01 -2.08932171e-01  1.19e-01 4.31e-02  3.56e+00 *4.94e-02  8.18e+01 1.59e+03 1.59e+02  8.78e-01 3.45e-01     22s
  57   1.13234130e-01 -2.54479877e-02  1.74e-02 3.93e-03  3.91e-01 *7.17e-03  8.10e+01 2.45e+03 1.58e+02  9.86e-01 9.09e-01     23s
  58   3.43652389e-03 -1.07254732e-02  1.62e-03 1.69e-04  2.56e-02 *9.11e-04  6.59e+01 1.78e+04 9.02e+01  9.87e-01 9.57e-01     24s

The algorithm stopped after 59 iterations in 24.05 seconds.

Primal variables:   [+3.282 +0.004 +37.380 +165.765 +7.178 +4.899 +3.865 +4.562 +4.740 +0.004]
Dual slacks:        [+0.001 +1.740 +0.000 +0.000 +0.000 +0.000 +0.000 +0.000 +0.000 +0.986]
Dual variables:     [-1.922 -0.553]

Primal objective:   3.43652389e-03 
Dual objective:     -1.07254732e-02

Primal residual:    1.62e-03
Dual residual:      1.69e-04
Complementraty:     2.56e-02

Number of Iter:     59
Run time:           24.05
