
--------------- Linear optimization problem characteristics ---------------
Seed:                    56
Number of variables:     500
Number of constraints:   2

Norm of primal sol:      2.00e+00
Norm of dual sol:        2.00e+00
Norm of dual slacks:     2.00e+00

Norm of vector b:        1.17e-01
Norm of vector c:        2.80e+00

Norm of matrix A:        1.00e+00
Condition number:        2.00e+00

----------------------- Linear optimization problem -----------------------
Coeff matrix A:          [[-0.068 +0.017 -0.056 +0.031 -0.042 -0.031 +0.047 +0.022 -0.002 +0.030
 +0.043 +0.058 +0.038 +0.021 -0.047 -0.037 -0.029 +0.047 +0.003 +0.032
 -0.061 +0.025 -0.042 -0.004 -0.034 -0.048 +0.030 -0.063 -0.043 +0.014
 +0.048 -0.043 +0.020 +0.041 -0.015 -0.039 -0.020 -0.046 -0.001 -0.027
 -0.006 +0.039 -0.006 -0.021 -0.035 -0.017 +0.002 -0.025 -0.027 -0.008
 -0.008 +0.008 -0.008 -0.011 -0.057 +0.031 -0.007 -0.044 -0.025 -0.051
 -0.043 +0.040 +0.051 -0.033 +0.019 -0.054 -0.044 +0.045 +0.037 +0.030
 +0.019 -0.065 +0.009 -0.027 -0.020 +0.023 -0.026 -0.049 +0.017 +0.028
 -0.019 -0.057 +0.066 +0.022 +0.012 -0.028 +0.003 +0.047 +0.024 +0.031
 +0.046 +0.038 -0.044 -0.073 -0.047 -0.027 -0.032 +0.002 +0.048 +0.003
 -0.023 -0.011 -0.016 +0.030 -0.042 +0.032 -0.009 +0.017 +0.044 -0.009
 +0.041 +0.039 -0.048 -0.012 +0.061 +0.048 -0.016 +0.067 -0.070 -0.059
 +0.051 +0.032 +0.026 +0.004 -0.018 -0.057 +0.034 -0.038 -0.057 +0.038
 +0.009 +0.029 -0.053 -0.067 -0.010 -0.016 -0.036 +0.020 -0.018 -0.001
 +0.000 +0.053 -0.036 -0.047 +0.020 -0.035 +0.006 +0.045 -0.010 +0.018
 +0.040 +0.018 -0.059 -0.040 +0.065 -0.027 -0.037 +0.039 +0.020 -0.034
 +0.017 +0.070 +0.018 -0.004 +0.030 +0.008 +0.029 -0.001 -0.039 -0.068
 -0.013 +0.036 -0.048 -0.005 -0.037 -0.051 -0.000 -0.025 -0.022 +0.038
 +0.049 -0.063 -0.004 -0.047 -0.025 +0.010 -0.029 +0.019 -0.009 -0.023
 -0.054 -0.071 +0.051 -0.003 -0.001 +0.027 +0.025 +0.059 +0.047 +0.004
 +0.008 +0.051 +0.000 -0.009 +0.060 -0.046 -0.040 +0.043 +0.002 -0.051
 -0.026 -0.062 -0.032 -0.054 -0.043 -0.023 -0.030 -0.028 -0.003 +0.035
 -0.036 -0.029 -0.014 +0.011 -0.021 -0.057 -0.022 +0.060 -0.029 -0.001
 +0.022 -0.060 +0.066 -0.003 -0.017 -0.055 +0.052 +0.012 -0.023 -0.008
 -0.056 -0.039 +0.018 -0.067 -0.032 +0.041 -0.048 +0.037 +0.031 -0.002
 +0.036 +0.010 -0.045 +0.015 +0.045 +0.062 -0.059 -0.032 -0.005 -0.044
 +0.014 -0.072 +0.060 +0.027 +0.007 +0.051 +0.054 -0.035 +0.038 -0.009
 -0.018 -0.039 +0.008 -0.051 +0.040 -0.039 +0.014 +0.000 +0.012 -0.045
 +0.005 +0.040 -0.011 +0.032 +0.011 -0.020 -0.018 -0.010 -0.047 +0.000
 -0.056 +0.007 -0.028 -0.007 -0.067 +0.014 +0.048 +0.043 -0.048 -0.053
 +0.021 -0.006 -0.001 -0.029 -0.043 -0.009 +0.001 +0.005 -0.049 +0.036
 -0.004 -0.046 +0.041 -0.002 -0.068 +0.029 -0.037 +0.054 -0.024 +0.017
 +0.047 -0.035 +0.028 +0.000 +0.001 +0.003 +0.031 -0.011 -0.030 -0.021
 +0.042 -0.052 +0.001 -0.027 +0.037 -0.022 -0.026 +0.054 -0.048 -0.019
 +0.033 -0.002 +0.036 -0.054 +0.010 +0.045 +0.030 +0.015 +0.028 -0.055
 +0.048 -0.054 +0.023 -0.046 -0.036 +0.024 -0.004 +0.044 +0.035 +0.025
 -0.032 -0.007 -0.041 +0.033 -0.013 -0.037 +0.012 -0.029 +0.031 +0.007
 -0.049 -0.019 -0.012 -0.071 -0.051 +0.041 +0.002 -0.055 -0.026 +0.061
 -0.045 +0.041 +0.014 -0.062 -0.043 -0.033 +0.021 +0.033 +0.055 +0.050
 -0.008 +0.020 -0.011 -0.014 +0.033 +0.032 +0.030 +0.046 -0.003 -0.026
 +0.057 -0.012 +0.014 -0.001 -0.022 +0.068 +0.023 -0.026 +0.027 -0.013
 -0.030 +0.019 -0.040 +0.061 +0.071 -0.025 -0.014 +0.015 -0.047 -0.046
 +0.041 -0.042 +0.059 -0.010 -0.047 -0.016 +0.035 +0.065 +0.032 -0.010
 +0.035 +0.003 -0.010 +0.041 -0.016 +0.026 -0.053 -0.054 +0.017 -0.035
 -0.040 +0.029 +0.025 +0.018 -0.026 -0.007 +0.031 -0.056 +0.027 +0.032
 +0.021 +0.023 -0.044 +0.054 +0.042 +0.010 +0.058 -0.071 -0.003 +0.000
 +0.021 +0.051 -0.017 -0.020 -0.020 +0.046 +0.029 +0.010 -0.019 +0.037
 +0.027 -0.010 +0.013 +0.050 +0.004 +0.038 +0.010 +0.016 -0.035 +0.012
 -0.058 -0.014 +0.058 +0.054 +0.045 +0.044 -0.023 -0.048 -0.007 +0.002
 -0.058 +0.002 +0.062 -0.014 -0.045 -0.013 -0.026 +0.009 -0.013 -0.073]
                          [+0.051 -0.025 +0.031 -0.005 +0.003 -0.026 +0.007 -0.021 +0.018 +0.020
 -0.022 -0.059 -0.008 -0.046 +0.050 -0.012 +0.028 -0.042 +0.044 -0.003
 +0.052 +0.027 +0.015 -0.022 +0.011 -0.004 -0.042 +0.042 -0.023 +0.030
 -0.064 +0.021 +0.023 +0.028 +0.047 -0.016 -0.027 +0.005 -0.009 +0.033
 +0.002 -0.060 -0.024 +0.015 +0.033 -0.037 -0.023 +0.042 +0.003 +0.000
 +0.028 +0.019 -0.020 +0.008 +0.014 +0.015 -0.022 +0.025 -0.042 +0.055
 -0.017 -0.028 -0.034 +0.060 -0.048 +0.026 +0.052 -0.006 -0.056 -0.006
 -0.019 +0.059 -0.001 +0.000 -0.002 -0.051 -0.027 +0.066 +0.019 -0.042
 +0.018 +0.056 -0.064 -0.034 -0.004 -0.016 -0.016 +0.002 -0.008 -0.007
 -0.052 +0.011 +0.062 +0.072 -0.019 +0.052 +0.026 -0.026 -0.022 -0.046
 -0.015 -0.033 +0.024 -0.049 +0.016 -0.009 -0.043 -0.021 -0.021 -0.035
 -0.042 -0.008 +0.032 -0.046 -0.028 -0.005 +0.018 -0.061 +0.069 +0.056
 -0.060 -0.057 -0.042 +0.012 -0.007 +0.061 +0.032 -0.016 +0.021 -0.045
 -0.013 -0.022 +0.015 +0.043 -0.006 -0.040 +0.012 +0.038 -0.003 -0.035
 +0.015 -0.008 +0.040 +0.029 +0.032 +0.000 -0.026 -0.048 -0.001 +0.003
 -0.019 +0.010 +0.040 +0.013 -0.040 +0.027 +0.012 -0.019 +0.018 -0.028
 -0.028 -0.064 +0.032 -0.046 -0.029 +0.012 -0.041 +0.041 +0.033 +0.046
 +0.055 -0.031 +0.052 +0.020 +0.017 +0.061 -0.042 -0.010 +0.050 +0.002
 -0.063 +0.055 -0.020 +0.063 -0.015 -0.036 -0.031 +0.017 +0.023 -0.003
 +0.058 +0.066 -0.053 -0.009 -0.021 -0.012 -0.037 -0.064 -0.017 -0.012
 -0.008 -0.020 -0.003 -0.036 -0.040 +0.041 +0.041 -0.022 +0.049 +0.034
 +0.032 +0.062 +0.010 +0.036 +0.006 +0.040 +0.041 +0.009 +0.048 -0.001
 -0.032 +0.027 -0.017 -0.052 +0.032 +0.054 -0.009 -0.067 -0.003 -0.046
 +0.034 +0.055 -0.053 -0.005 +0.032 +0.043 -0.025 -0.026 -0.033 -0.038
 +0.009 +0.057 +0.009 +0.044 +0.056 -0.062 -0.004 -0.014 +0.006 +0.030
 +0.019 +0.019 -0.010 +0.004 -0.062 -0.034 +0.062 +0.048 +0.051 -0.026
 +0.021 +0.062 -0.032 -0.053 +0.013 -0.066 -0.063 +0.006 +0.029 -0.006
 -0.018 -0.021 +0.046 +0.052 +0.027 +0.049 +0.013 -0.031 -0.011 +0.060
 -0.035 -0.014 -0.034 +0.011 +0.043 +0.050 -0.029 +0.019 +0.017 +0.005
 +0.047 -0.008 +0.029 +0.022 +0.067 -0.044 -0.030 -0.022 +0.031 +0.043
 +0.010 -0.005 -0.027 +0.006 +0.058 +0.005 -0.036 +0.045 -0.006 -0.002
 +0.042 -0.007 -0.062 -0.030 +0.071 +0.030 +0.012 -0.056 +0.055 -0.051
 -0.007 +0.002 +0.023 -0.023 +0.021 -0.006 -0.033 +0.008 -0.037 +0.021
 +0.018 +0.055 +0.031 -0.005 +0.001 +0.016 -0.038 -0.059 +0.063 +0.055
 -0.034 +0.019 -0.007 +0.032 +0.018 -0.018 -0.001 -0.027 +0.041 +0.032
 -0.022 +0.034 +0.008 -0.020 -0.031 -0.051 +0.015 -0.013 -0.042 -0.039
 +0.051 -0.018 +0.044 -0.029 +0.047 +0.001 +0.019 +0.018 -0.009 +0.044
 +0.016 +0.016 -0.040 +0.064 +0.017 -0.025 +0.017 +0.056 +0.003 -0.060
 -0.013 +0.036 -0.048 +0.040 +0.059 -0.039 -0.034 +0.025 -0.015 -0.010
 +0.018 -0.005 +0.048 +0.054 -0.041 -0.033 -0.035 -0.056 +0.026 +0.008
 -0.051 -0.032 +0.013 +0.048 -0.019 -0.061 +0.011 +0.001 -0.051 -0.001
 +0.032 +0.014 +0.013 -0.030 -0.062 +0.057 -0.043 +0.039 +0.006 -0.023
 +0.001 -0.017 -0.020 -0.015 +0.047 +0.001 -0.029 -0.066 +0.040 +0.004
 -0.040 -0.022 +0.043 +0.031 +0.054 -0.047 +0.032 +0.057 +0.016 +0.004
 +0.027 +0.006 +0.020 -0.006 +0.047 +0.036 +0.005 +0.033 -0.011 -0.019
 -0.002 +0.020 +0.026 -0.040 -0.021 +0.013 -0.069 +0.056 -0.007 +0.038
 +0.021 -0.001 -0.013 -0.031 -0.025 -0.042 -0.025 -0.046 +0.045 +0.034
 +0.029 -0.008 -0.023 -0.024 +0.031 +0.033 -0.006 -0.003 +0.033 -0.006
 +0.047 +0.035 -0.057 -0.011 -0.021 +0.029 +0.017 +0.022 +0.007 +0.034
 +0.015 +0.015 -0.047 -0.007 -0.013 +0.035 -0.003 +0.042 -0.040 +0.073]]

RHS vector b:            [-0.103 +0.056]
Obj vector c:            [+0.171 -0.056 +0.126 -0.055 +0.069 +0.017 -0.067 -0.060 +0.025 -0.024
 -0.094 -0.164 -0.069 -0.089 +0.135 +0.043 +0.080 -0.126 +0.047 -0.055
 +0.160 -0.007 +0.086 -0.020 +0.067 +0.072 -0.098 +0.150 +0.039 +0.013
 -0.154 +0.093 -0.005 -0.032 +0.081 +0.043 -0.001 +0.080 -0.009 +0.084
 +0.011 -0.135 -0.019 +0.052 +0.095 -0.018 -0.031 +0.092 +0.046 +0.013
 +0.047 +0.011 -0.011 +0.027 +0.107 -0.031 -0.015 +0.100 -0.012 +0.147
 +0.048 -0.097 -0.122 +0.126 -0.088 +0.117 +0.133 -0.079 -0.127 -0.054
 -0.054 +0.175 -0.015 +0.043 +0.030 -0.098 +0.010 +0.158 -0.004 -0.096
 +0.052 +0.160 -0.182 -0.076 -0.024 +0.025 -0.024 -0.073 -0.048 -0.057
 -0.136 -0.047 +0.145 +0.204 +0.052 +0.106 +0.083 -0.035 -0.103 -0.061
 +0.019 -0.023 +0.054 -0.106 +0.086 -0.061 -0.038 -0.052 -0.095 -0.028
 -0.117 -0.072 +0.115 -0.037 -0.131 -0.082 +0.046 -0.181 +0.195 +0.162
 -0.155 -0.121 -0.093 +0.008 +0.020 +0.165 -0.015 +0.040 +0.117 -0.115
 -0.030 -0.073 +0.102 +0.160 +0.008 -0.023 +0.073 +0.014 +0.025 -0.041
 +0.018 -0.094 +0.106 +0.111 +0.007 +0.056 -0.040 -0.130 +0.014 -0.025
 -0.087 -0.016 +0.142 +0.079 -0.152 +0.076 +0.074 -0.084 -0.010 +0.019
 -0.061 -0.188 +0.010 -0.049 -0.083 +0.002 -0.096 +0.052 +0.101 +0.163
 +0.088 -0.095 +0.140 +0.032 +0.079 +0.154 -0.051 +0.027 +0.095 -0.059
 -0.153 +0.167 -0.017 +0.150 +0.021 -0.059 +0.009 -0.009 +0.043 +0.033
 +0.156 +0.193 -0.145 -0.006 -0.024 -0.057 -0.085 -0.172 -0.095 -0.022
 -0.022 -0.105 -0.005 -0.029 -0.144 +0.123 +0.113 -0.095 +0.057 +0.122
 +0.081 +0.174 +0.063 +0.129 +0.075 +0.086 +0.097 +0.055 +0.064 -0.057
 +0.019 +0.079 +0.001 -0.081 +0.071 +0.155 +0.024 -0.176 +0.041 -0.054
 +0.007 +0.163 -0.170 -0.001 +0.065 +0.140 -0.114 -0.051 -0.003 -0.033
 +0.099 +0.131 -0.019 +0.160 +0.118 -0.140 +0.071 -0.076 -0.042 +0.041
 -0.034 +0.007 +0.060 -0.018 -0.147 -0.139 +0.169 +0.108 +0.071 +0.038
 +0.004 +0.190 -0.134 -0.107 +0.005 -0.162 -0.161 +0.064 -0.026 +0.007
 +0.006 +0.037 +0.043 +0.144 -0.031 +0.121 -0.006 -0.038 -0.032 +0.144
 -0.049 -0.080 -0.024 -0.038 +0.035 +0.094 -0.007 +0.038 +0.095 +0.006
 +0.146 -0.021 +0.079 +0.037 +0.189 -0.076 -0.112 -0.095 +0.114 +0.137
 -0.022 +0.003 -0.030 +0.054 +0.139 +0.021 -0.045 +0.047 +0.071 -0.058
 +0.058 +0.064 -0.142 -0.033 +0.193 -0.010 +0.074 -0.154 +0.105 -0.089
 -0.084 +0.059 -0.016 -0.029 +0.024 -0.012 -0.090 +0.026 +1.936 +0.059
 -0.046 +0.149 +0.037 +0.037 -0.058 +0.055 -0.005 -0.158 +0.152 +0.096
 -0.094 +0.026 -0.065 +0.125 +0.005 -0.093 -0.049 -0.057 +0.005 +0.127
 -0.104 +0.127 -0.028 +0.049 +0.020 -0.100 +0.024 -0.086 -0.107 -0.088
 +0.113 -0.010 +0.119 -0.087 +0.078 +0.060 +0.004 +0.067 -0.060 +0.043
 +0.097 +0.049 -0.031 +0.190 +0.103 -0.095 +0.018 +0.156 +0.045 -0.170
 +0.055 -0.021 -0.081 +0.147 +0.140 +0.005 -0.076 -0.022 -0.106 -0.092
 +0.035 -0.037 +0.076 +0.087 -0.101 -0.091 -0.089 -0.141 +0.036 +0.052
 -0.152 -0.019 -0.006 +0.059 +0.012 -0.182 -0.023 +0.043 -0.104 +0.020
 +0.086 -0.014 +0.079 -0.133 -0.187 +0.108 -0.030 +0.024 +0.082 +0.044
 -0.064 +0.045 -0.118 -0.002 +0.133 +0.027 -0.090 -0.184 -0.002 +0.021
 -0.104 -0.031 +0.069 -0.027 +0.092 -0.099 +0.123 +0.155 -0.008 +0.061
 +0.096 -0.040 -0.016 -0.036 +0.099 +0.055 -0.043 +0.129 -0.056 -0.074
 -0.036 -0.012 +0.101 -0.135 -0.092 -0.001 -0.176 +0.181 -0.003 +0.046
 -0.009 -0.083 +0.011 -0.006 +0.002 -0.124 -0.076 -0.072 +0.085 -0.017
 -0.008 +0.005 -0.048 -0.108 +0.032 -0.020 -0.023 -0.029 +0.095 -0.027
 +0.150 +0.065 +0.353 -0.098 -0.098 -0.034 +0.057 +0.103 +0.020 +0.038
 +0.109 +0.015 -0.156 +0.013 +0.055 +0.064 +0.037 +0.036 -0.028 +0.204]

---------------------------- Optimal solution -----------------------------
Primal variables:         [+0.156 +0.053 +0.107 +0.031 +0.056 +0.129 +0.039 +0.073 +0.139 +0.062
 +0.052 +0.014 +0.132 +0.015 +0.103 +0.087 +0.135 +0.042 +0.070 +0.140
 +0.117 +0.113 +0.006 +0.003 +0.052 +0.089 +0.118 +0.116 +0.157 +0.153
 +0.087 +0.157 +0.081 +0.055 +0.148 +0.032 +0.064 +0.075 +0.022 +0.115
 +0.093 +0.025 +0.125 +0.026 +0.118 +0.041 +0.119 +0.020 +0.004 +0.028
 +0.153 +0.045 +0.131 +0.059 +0.074 +0.030 +0.024 +0.000 +0.073 +0.006
 +0.116 +0.108 +0.023 +0.085 +0.153 +0.117 +0.149 +0.052 +0.135 +0.139
 +0.024 +0.003 +0.069 +0.064 +0.053 +0.006 +0.035 +0.058 +0.084 +0.120
 +0.110 +0.017 +0.157 +0.149 +0.079 +0.108 +0.077 +0.035 +0.063 +0.081
 +0.153 +0.033 +0.082 +0.091 +0.141 +0.110 +0.070 +0.115 +0.010 +0.005
 +0.010 +0.155 +0.142 +0.110 +0.016 +0.126 +0.104 +0.044 +0.013 +0.080
 +0.039 +0.093 +0.090 +0.096 +0.112 +0.112 +0.040 +0.156 +0.051 +0.097
 +0.026 +0.049 +0.101 +0.030 +0.139 +0.012 +0.098 +0.110 +0.123 +0.102
 +0.084 +0.158 +0.148 +0.047 +0.019 +0.024 +0.104 +0.108 +0.157 +0.143
 +0.015 +0.143 +0.138 +0.061 +0.094 +0.140 +0.087 +0.108 +0.054 +0.046
 +0.037 +0.154 +0.058 +0.136 +0.125 +0.005 +0.068 +0.120 +0.137 +0.029
 +0.025 +0.045 +0.022 +0.025 +0.048 +0.129 +0.059 +0.016 +0.038 +0.061
 +0.010 +0.039 +0.039 +0.049 +0.085 +0.054 +0.126 +0.061 +0.068 +0.118
 +0.036 +0.051 +0.101 +0.106 +0.030 +0.116 +0.054 +0.088 +0.009 +0.137
 +0.018 +0.030 +0.085 +0.075 +0.144 +0.155 +0.007 +0.007 +0.156 +0.074
 +0.009 +0.045 +0.078 +0.014 +0.134 +0.049 +0.046 +0.116 +0.140 +0.100
 +0.005 +0.064 +0.070 +0.121 +0.009 +0.041 +0.105 +0.064 +0.021 +0.143
 +0.130 +0.109 +0.006 +0.118 +0.082 +0.136 +0.076 +0.066 +0.024 +0.044
 +0.013 +0.057 +0.149 +0.077 +0.032 +0.022 +0.003 +0.012 +0.056 +0.143
 +0.052 +0.022 +0.051 +0.057 +0.038 +0.065 +0.026 +0.121 +0.117 +0.157
 +0.063 +0.126 +0.120 +0.107 +0.004 +0.068 +0.156 +0.121 +0.091 +0.084
 +0.043 +0.030 +0.005 +0.117 +0.083 +0.062 +0.078 +0.002 +0.076 +0.026
 +0.043 +0.121 +0.055 +0.143 +0.137 +0.022 +0.138 +0.082 +0.105 +0.150
 +0.090 +0.047 +0.139 +0.038 +0.106 +0.129 +0.135 +0.015 +0.147 +0.057
 +0.069 +0.143 +0.048 +0.019 +0.036 +0.014 +0.100 +0.121 +0.132 +0.104
 +0.055 +0.139 +0.116 +0.056 +0.084 +0.082 +0.087 +0.112 +0.132 +0.016
 +0.109 +0.155 +0.137 +0.151 +0.090 +0.055 +0.025 +0.124 +0.069 +0.099
 +0.060 +0.041 +0.034 +0.010 +0.134 +0.039 +0.079 +0.051 +0.000 +0.097
 +0.112 +0.085 +0.019 +0.126 +0.059 +0.143 +0.106 +0.144 +0.003 +0.140
 +0.010 +0.134 +0.035 +0.093 +0.059 +0.057 +0.122 +0.009 +0.110 +0.105
 +0.115 +0.077 +0.013 +0.126 +0.144 +0.006 +0.053 +0.014 +0.117 +0.003
 +0.145 +0.015 +0.039 +0.127 +0.116 +0.046 +0.023 +0.059 +0.053 +0.152
 +0.073 +0.067 +0.101 +0.138 +0.025 +0.078 +0.118 +0.031 +0.035 +0.092
 +0.037 +0.006 +0.034 +0.112 +0.079 +0.135 +0.040 +0.148 +0.013 +0.141
 +0.078 +0.090 +0.093 +0.003 +0.091 +0.147 +0.058 +0.034 +0.028 +0.049
 +0.151 +0.085 +0.139 +0.014 +0.042 +0.060 +0.034 +0.149 +0.063 +0.036
 +0.076 +0.094 +0.114 +0.031 +0.021 +0.056 +0.138 +0.096 +0.049 +0.131
 +0.010 +0.080 +0.120 +0.053 +0.085 +0.114 +0.029 +0.100 +0.009 +0.026
 +0.009 +0.089 +0.072 +0.043 +0.098 +0.105 +0.103 +0.007 +0.137 +0.085
 +0.149 +0.027 +0.083 +0.156 +0.027 +0.129 +0.132 +0.062 +0.136 +0.142
 +0.083 +0.001 +0.032 +0.052 +0.016 +0.070 +0.154 +0.067 +0.020 +0.047
 +0.039 +0.088 +0.021 +0.032 +0.013 +0.093 +0.039 +0.021 +0.075 +0.029
 +0.110 +0.071 +0.118 +0.077 +0.122 +0.024 +0.084 +0.073 +0.059 +0.108
 +0.093 +0.125 +0.000 +0.038 +0.022 +0.066 +0.051 +0.072 +0.085 +0.146
 +0.154 +0.006 +0.029 +0.018 +0.137 +0.007 +0.132 +0.118 +0.102 +0.016]
Dual slacks:              [+0.000 +0.000 +0.000 +0.000 +0.000 +0.000 +0.000 +0.000 +0.000 +0.000
 +0.000 +0.000 +0.000 +0.000 +0.000 +0.000 +0.000 +0.000 +0.000 +0.000
 +0.000 +0.000 +0.000 +0.000 +0.000 +0.000 +0.000 +0.000 +0.000 +0.000
 +0.000 +0.000 +0.000 +0.000 +0.000 +0.000 +0.000 +0.000 +0.000 +0.000
 +0.000 +0.000 +0.000 +0.000 +0.000 +0.000 +0.000 +0.000 +0.000 +0.000
 +0.000 +0.000 +0.000 +0.000 +0.000 +0.000 +0.000 +0.000 +0.000 +0.000
 +0.000 +0.000 +0.000 +0.000 +0.000 +0.000 +0.000 +0.000 +0.000 +0.000
 +0.000 +0.000 +0.000 +0.000 +0.000 +0.000 +0.000 +0.000 +0.000 +0.000
 +0.000 +0.000 +0.000 +0.000 +0.000 +0.000 +0.000 +0.000 +0.000 +0.000
 +0.000 +0.000 +0.000 +0.000 +0.000 +0.000 +0.000 +0.000 +0.000 +0.000
 +0.000 +0.000 +0.000 +0.000 +0.000 +0.000 +0.000 +0.000 +0.000 +0.000
 +0.000 +0.000 +0.000 +0.000 +0.000 +0.000 +0.000 +0.000 +0.000 +0.000
 +0.000 +0.000 +0.000 +0.000 +0.000 +0.000 +0.000 +0.000 +0.000 +0.000
 +0.000 +0.000 +0.000 +0.000 +0.000 +0.000 +0.000 +0.000 +0.000 +0.000
 +0.000 +0.000 +0.000 +0.000 +0.000 +0.000 +0.000 +0.000 +0.000 +0.000
 +0.000 +0.000 +0.000 +0.000 +0.000 +0.000 +0.000 +0.000 +0.000 +0.000
 +0.000 +0.000 +0.000 +0.000 +0.000 +0.000 +0.000 +0.000 +0.000 +0.000
 +0.000 +0.000 +0.000 +0.000 +0.000 +0.000 +0.000 +0.000 +0.000 +0.000
 +0.000 +0.000 +0.000 +0.000 +0.000 +0.000 +0.000 +0.000 +0.000 +0.000
 +0.000 +0.000 +0.000 +0.000 +0.000 +0.000 +0.000 +0.000 +0.000 +0.000
 +0.000 +0.000 +0.000 +0.000 +0.000 +0.000 +0.000 +0.000 +0.000 +0.000
 +0.000 +0.000 +0.000 +0.000 +0.000 +0.000 +0.000 +0.000 +0.000 +0.000
 +0.000 +0.000 +0.000 +0.000 +0.000 +0.000 +0.000 +0.000 +0.000 +0.000
 +0.000 +0.000 +0.000 +0.000 +0.000 +0.000 +0.000 +0.000 +0.000 +0.000
 +0.000 +0.000 +0.000 +0.000 +0.000 +0.000 +0.000 +0.000 +0.000 +0.000
 +0.000 +0.000 +0.000 +0.000 +0.000 +0.000 +0.000 +0.000 +0.000 +0.000
 +0.000 +0.000 +0.000 +0.000 +0.000 +0.000 +0.000 +0.000 +0.000 +0.000
 +0.000 +0.000 +0.000 +0.000 +0.000 +0.000 +0.000 +0.000 +0.000 +0.000
 +0.000 +0.000 +0.000 +0.000 +0.000 +0.000 +0.000 +0.000 +0.000 +0.000
 +0.000 +0.000 +0.000 +0.000 +0.000 +0.000 +0.000 +0.000 +0.000 +0.000
 +0.000 +0.000 +0.000 +0.000 +0.000 +0.000 +0.000 +0.000 +0.000 +0.000
 +0.000 +0.000 +0.000 +0.000 +0.000 +0.000 +0.000 +0.000 +0.000 +0.000
 +0.000 +0.000 +0.000 +0.000 +0.000 +0.000 +0.000 +0.000 +1.932 +0.000
 +0.000 +0.000 +0.000 +0.000 +0.000 +0.000 +0.000 +0.000 +0.000 +0.000
 +0.000 +0.000 +0.000 +0.000 +0.000 +0.000 +0.000 +0.000 +0.000 +0.000
 +0.000 +0.000 +0.000 +0.000 +0.000 +0.000 +0.000 +0.000 +0.000 +0.000
 +0.000 +0.000 +0.000 +0.000 +0.000 +0.000 +0.000 +0.000 +0.000 +0.000
 +0.000 +0.000 +0.000 +0.000 +0.000 +0.000 +0.000 +0.000 +0.000 +0.000
 +0.000 +0.000 +0.000 +0.000 +0.000 +0.000 +0.000 +0.000 +0.000 +0.000
 +0.000 +0.000 +0.000 +0.000 +0.000 +0.000 +0.000 +0.000 +0.000 +0.000
 +0.000 +0.000 +0.000 +0.000 +0.000 +0.000 +0.000 +0.000 +0.000 +0.000
 +0.000 +0.000 +0.000 +0.000 +0.000 +0.000 +0.000 +0.000 +0.000 +0.000
 +0.000 +0.000 +0.000 +0.000 +0.000 +0.000 +0.000 +0.000 +0.000 +0.000
 +0.000 +0.000 +0.000 +0.000 +0.000 +0.000 +0.000 +0.000 +0.000 +0.000
 +0.000 +0.000 +0.000 +0.000 +0.000 +0.000 +0.000 +0.000 +0.000 +0.000
 +0.000 +0.000 +0.000 +0.000 +0.000 +0.000 +0.000 +0.000 +0.000 +0.000
 +0.000 +0.000 +0.000 +0.000 +0.000 +0.000 +0.000 +0.000 +0.000 +0.000
 +0.000 +0.000 +0.000 +0.000 +0.000 +0.000 +0.000 +0.000 +0.000 +0.000
 +0.000 +0.000 +0.515 +0.000 +0.000 +0.000 +0.000 +0.000 +0.000 +0.000
 +0.000 +0.000 +0.000 +0.000 +0.000 +0.000 +0.000 +0.000 +0.000 +0.000]
Dual variables:           [-1.589 +1.215]

Optimal objective:       +2.31669673e-01
===========================================================================

Method:                  II-QIPM
LO_Precision:            1.00e-01
Stop_Precision:          1.00e-03
LO_Verbosity:            2
Omega:                   1.00e+01

The Quantum Inexact Infeasible Interior-Point Method starts running ...


                  Objective                Residual                                Linear system           Step-length
Iter      Primal           Dual         Primal    Dual     Compl    ||Resl||  Cond-Num  ||M||   ||RHS||    a-star   a-hat      Time
   0   3.05012043e+01 -1.31331421e+00  3.27e+00 4.93e+01  1.19e+04  2.51e-15  4.00e+00 1.00e+00 1.44e+01  8.66e-01 7.80e-01      0s
   1   1.49646679e+01  2.46104501e-01  1.76e-01 7.48e-01  2.13e+02 *1.72e-01  4.51e+00 5.63e+00 7.61e+01  9.91e-01 9.85e-01      1s
   2   1.71805281e+00  2.30453029e-01  2.56e-01 4.77e-02  1.53e+01  2.85e-01  4.26e+00 3.78e+02 5.19e+01  9.58e-01 9.36e-01      1s
   3   6.14087080e-01  2.31703713e-01  7.37e-01 2.24e-03  7.96e-01 *7.61e-01  4.51e+00 7.03e+03 9.31e+01  9.72e-01 9.53e-01      1s
   4   2.50845341e-01  2.31665338e-01  2.66e-02 1.29e-04  5.06e-02  1.71e-02  4.20e+00 1.51e+05 5.43e+01  9.62e-01 9.42e-01      1s

The algorithm stopped after 5 iterations in 1.19 seconds.

Primal variables:   [+13.966 +16.638 +14.457 +16.559 +15.126 +15.781 +16.676 +16.670 +15.564
 +16.127 +17.118 +18.329 +16.742 +17.139 +14.336 +15.446 +14.952 +17.649
 +15.272 +16.558 +14.071 +15.916 +14.917 +16.198 +15.122 +15.117 +17.248
 +14.195 +15.527 +15.677 +18.195 +14.823 +15.894 +16.208 +14.900 +15.466
 +15.988 +15.007 +16.019 +14.897 +15.763 +17.868 +16.189 +15.279 +14.786
 +16.222 +16.328 +14.800 +15.373 +15.747 +15.303 +15.726 +16.077 +15.565
 +14.699 +16.223 +16.137 +14.742 +16.182 +14.198 +15.408 +17.179 +17.547
 +14.414 +17.138 +14.567 +14.350 +16.861 +17.722 +16.556 +16.593 +13.914
 +16.064 +15.413 +15.560 +17.287 +15.867 +14.075 +15.897 +17.218 +15.274
 +14.068 +18.679 +16.916 +16.182 +15.662 +16.216 +16.762 +16.488 +16.596
 +17.839 +16.420 +14.210 +13.603 +15.381 +14.633 +14.927 +16.380 +17.229
 +16.780 +15.719 +16.268 +15.239 +17.392 +14.909 +16.651 +16.490 +16.576
 +17.123 +16.338 +17.511 +16.777 +14.579 +16.489 +17.653 +16.908 +15.334
 +18.636 +13.696 +14.050 +18.181 +17.639 +17.174 +15.772 +15.687 +14.010
 +15.992 +15.498 +14.577 +17.498 +16.275 +16.843 +14.742 +14.095 +15.817
 +16.294 +15.064 +15.650 +15.623 +16.489 +15.655 +17.066 +14.653 +14.624
 +15.742 +15.272 +16.444 +17.724 +15.742 +16.183 +17.012 +16.050 +14.276
 +14.988 +18.029 +14.994 +15.051 +16.969 +15.964 +15.773 +16.711 +18.803
 +15.704 +16.636 +16.991 +15.839 +17.210 +15.225 +14.714 +14.051 +14.820
 +17.163 +14.280 +15.491 +14.983 +14.118 +16.647 +15.616 +14.750 +16.587
 +18.166 +13.999 +16.154 +14.160 +15.699 +16.718 +15.893 +15.957 +15.364
 +15.530 +14.100 +13.722 +17.980 +15.995 +16.233 +16.610 +17.050 +18.503
 +17.109 +16.181 +16.166 +17.251 +15.958 +16.349 +17.897 +14.471 +14.577
 +17.132 +15.163 +14.498 +14.934 +13.913 +15.169 +14.427 +15.051 +14.860
 +14.740 +15.261 +15.090 +16.580 +15.782 +14.965 +15.939 +17.074 +15.040
 +14.120 +15.653 +18.588 +15.443 +16.696 +15.745 +14.042 +18.403 +15.924
 +15.102 +14.290 +17.399 +16.574 +16.035 +16.405 +14.789 +14.362 +16.087
 +14.085 +14.498 +17.957 +15.124 +16.852 +16.378 +15.369 +16.245 +15.770
 +15.267 +16.089 +18.061 +17.804 +13.966 +14.614 +15.010 +15.559 +15.803
 +13.752 +17.719 +17.421 +15.807 +18.329 +18.299 +15.177 +16.127 +15.835
 +15.885 +15.541 +15.316 +14.238 +16.192 +14.484 +15.927 +16.435 +16.296
 +14.225 +16.590 +16.900 +16.282 +16.317 +15.405 +14.764 +16.064 +15.417
 +14.810 +15.819 +14.226 +16.156 +14.958 +15.424 +13.762 +16.961 +17.392
 +17.134 +14.582 +14.324 +16.122 +15.873 +16.326 +15.283 +14.276 +15.642
 +16.546 +15.276 +15.130 +16.593 +15.163 +15.212 +17.981 +16.370 +13.710
 +15.938 +15.052 +18.149 +14.637 +17.167 +16.931 +15.232 +16.024 +16.301
 +15.579 +16.051 +17.097 +15.578 +0.001 +15.190 +16.389 +14.182 +15.415
 +15.493 +16.575 +15.245 +16.075 +18.234 +14.139 +14.729 +17.161 +15.555
 +16.694 +14.473 +15.793 +17.091 +16.476 +16.663 +15.751 +14.454 +17.245
 +14.450 +16.196 +15.410 +15.771 +17.316 +15.592 +16.975 +17.365 +17.097
 +14.564 +16.069 +14.515 +17.051 +14.938 +15.225 +15.807 +15.112 +16.638
 +15.322 +14.802 +15.307 +16.386 +13.755 +14.737 +17.131 +15.649 +14.106
 +15.383 +18.435 +15.325 +16.059 +17.041 +14.232 +14.268 +15.971 +16.920
 +16.090 +17.259 +17.052 +15.455 +16.343 +14.955 +14.833 +17.281 +17.112
 +17.091 +17.936 +15.425 +15.301 +18.083 +16.212 +15.933 +15.139 +15.814
 +18.666 +16.129 +15.411 +17.372 +15.675 +14.879 +16.020 +14.990 +17.702
 +18.760 +14.604 +16.394 +15.543 +14.975 +15.476 +16.654 +15.440 +17.439
 +15.966 +14.361 +15.588 +17.084 +18.722 +15.838 +15.641 +17.321 +16.320
 +15.044 +16.144 +14.774 +17.282 +14.487 +14.116 +15.950 +15.204 +14.782
 +16.346 +16.028 +16.331 +14.717 +15.207 +16.393 +14.426 +16.590 +16.836
 +16.317 +15.985 +14.728 +17.774 +17.080 +15.876 +18.592 +13.855 +15.954
 +15.302 +15.945 +16.901 +15.803 +16.060 +15.948 +17.611 +16.882 +16.922
 +14.863 +16.016 +15.916 +15.861 +16.536 +17.305 +15.462 +16.058 +16.184
 +16.238 +14.785 +16.228 +14.188 +15.094 +0.004 +17.138 +17.160 +16.227
 +15.223 +14.717 +15.651 +15.394 +14.675 +15.687 +18.136 +15.767 +15.329
 +15.105 +15.484 +15.408 +16.350 +13.594]
Dual slacks:        [+0.000 +0.000 +0.000 +0.000 +0.000 +0.000 +0.000 +0.000 +0.000 +0.000
 +0.000 +0.000 +0.000 +0.000 +0.000 +0.000 +0.000 +0.000 +0.000 +0.000
 +0.000 +0.000 +0.000 +0.000 +0.000 +0.000 +0.000 +0.000 +0.000 +0.000
 +0.000 +0.000 +0.000 +0.000 +0.000 +0.000 +0.000 +0.000 +0.000 +0.000
 +0.000 +0.000 +0.000 +0.000 +0.000 +0.000 +0.000 +0.000 +0.000 +0.000
 +0.000 +0.000 +0.000 +0.000 +0.000 +0.000 +0.000 +0.000 +0.000 +0.000
 +0.000 +0.000 +0.000 +0.000 +0.000 +0.000 +0.000 +0.000 +0.000 +0.000
 +0.000 +0.000 +0.000 +0.000 +0.000 +0.000 +0.000 +0.000 +0.000 +0.000
 +0.000 +0.000 +0.000 +0.000 +0.000 +0.000 +0.000 +0.000 +0.000 +0.000
 +0.000 +0.000 +0.000 +0.000 +0.000 +0.000 +0.000 +0.000 +0.000 +0.000
 +0.000 +0.000 +0.000 +0.000 +0.000 +0.000 +0.000 +0.000 +0.000 +0.000
 +0.000 +0.000 +0.000 +0.000 +0.000 +0.000 +0.000 +0.000 +0.000 +0.000
 +0.000 +0.000 +0.000 +0.000 +0.000 +0.000 +0.000 +0.000 +0.000 +0.000
 +0.000 +0.000 +0.000 +0.000 +0.000 +0.000 +0.000 +0.000 +0.000 +0.000
 +0.000 +0.000 +0.000 +0.000 +0.000 +0.000 +0.000 +0.000 +0.000 +0.000
 +0.000 +0.000 +0.000 +0.000 +0.000 +0.000 +0.000 +0.000 +0.000 +0.000
 +0.000 +0.000 +0.000 +0.000 +0.000 +0.000 +0.000 +0.000 +0.000 +0.000
 +0.000 +0.000 +0.000 +0.000 +0.000 +0.000 +0.000 +0.000 +0.000 +0.000
 +0.000 +0.000 +0.000 +0.000 +0.000 +0.000 +0.000 +0.000 +0.000 +0.000
 +0.000 +0.000 +0.000 +0.000 +0.000 +0.000 +0.000 +0.000 +0.000 +0.000
 +0.000 +0.000 +0.000 +0.000 +0.000 +0.000 +0.000 +0.000 +0.000 +0.000
 +0.000 +0.000 +0.000 +0.000 +0.000 +0.000 +0.000 +0.000 +0.000 +0.000
 +0.000 +0.000 +0.000 +0.000 +0.000 +0.000 +0.000 +0.000 +0.000 +0.000
 +0.000 +0.000 +0.000 +0.000 +0.000 +0.000 +0.000 +0.000 +0.000 +0.000
 +0.000 +0.000 +0.000 +0.000 +0.000 +0.000 +0.000 +0.000 +0.000 +0.000
 +0.000 +0.000 +0.000 +0.000 +0.000 +0.000 +0.000 +0.000 +0.000 +0.000
 +0.000 +0.000 +0.000 +0.000 +0.000 +0.000 +0.000 +0.000 +0.000 +0.000
 +0.000 +0.000 +0.000 +0.000 +0.000 +0.000 +0.000 +0.000 +0.000 +0.000
 +0.000 +0.000 +0.000 +0.000 +0.000 +0.000 +0.000 +0.000 +0.000 +0.000
 +0.000 +0.000 +0.000 +0.000 +0.000 +0.000 +0.000 +0.000 +0.000 +0.000
 +0.000 +0.000 +0.000 +0.000 +0.000 +0.000 +0.000 +0.000 +0.000 +0.000
 +0.000 +0.000 +0.000 +0.000 +0.000 +0.000 +0.000 +0.000 +0.000 +0.000
 +0.000 +0.000 +0.000 +0.000 +0.000 +0.000 +0.000 +0.000 +1.932 +0.000
 +0.000 +0.000 +0.000 +0.000 +0.000 +0.000 +0.000 +0.000 +0.000 +0.000
 +0.000 +0.000 +0.000 +0.000 +0.000 +0.000 +0.000 +0.000 +0.000 +0.000
 +0.000 +0.000 +0.000 +0.000 +0.000 +0.000 +0.000 +0.000 +0.000 +0.000
 +0.000 +0.000 +0.000 +0.000 +0.000 +0.000 +0.000 +0.000 +0.000 +0.000
 +0.000 +0.000 +0.000 +0.000 +0.000 +0.000 +0.000 +0.000 +0.000 +0.000
 +0.000 +0.000 +0.000 +0.000 +0.000 +0.000 +0.000 +0.000 +0.000 +0.000
 +0.000 +0.000 +0.000 +0.000 +0.000 +0.000 +0.000 +0.000 +0.000 +0.000
 +0.000 +0.000 +0.000 +0.000 +0.000 +0.000 +0.000 +0.000 +0.000 +0.000
 +0.000 +0.000 +0.000 +0.000 +0.000 +0.000 +0.000 +0.000 +0.000 +0.000
 +0.000 +0.000 +0.000 +0.000 +0.000 +0.000 +0.000 +0.000 +0.000 +0.000
 +0.000 +0.000 +0.000 +0.000 +0.000 +0.000 +0.000 +0.000 +0.000 +0.000
 +0.000 +0.000 +0.000 +0.000 +0.000 +0.000 +0.000 +0.000 +0.000 +0.000
 +0.000 +0.000 +0.000 +0.000 +0.000 +0.000 +0.000 +0.000 +0.000 +0.000
 +0.000 +0.000 +0.000 +0.000 +0.000 +0.000 +0.000 +0.000 +0.000 +0.000
 +0.000 +0.000 +0.000 +0.000 +0.000 +0.000 +0.000 +0.000 +0.000 +0.000
 +0.000 +0.000 +0.515 +0.000 +0.000 +0.000 +0.000 +0.000 +0.000 +0.000
 +0.000 +0.000 +0.000 +0.000 +0.000 +0.000 +0.000 +0.000 +0.000 +0.000]
Dual variables:     [-1.589 +1.215]

Primal objective:   2.50845341e-01 
Dual objective:     2.31665338e-01 

Primal residual:    2.66e-02
Dual residual:      1.29e-04
Complementraty:     5.06e-02

Number of Iter:     5
Run time:           1.19
