
--------------- Linear optimization problem characteristics ---------------
Seed:                    53
Number of variables:     10
Number of constraints:   2

Norm of primal sol:      2.00e+00
Norm of dual sol:        2.00e+00
Norm of dual slacks:     2.00e+00

Norm of vector b:        1.11e+00
Norm of vector c:        2.37e+00

Norm of matrix A:        1.00e+00
Condition number:        2.00e+00

----------------------- Linear optimization problem -----------------------
Coeff matrix A:          [[+0.171 +0.116 -0.337 -0.005 +0.417 +0.283 +0.342 +0.104 +0.244 +0.173]
                          [-0.315 +0.189 +0.228 -0.154 -0.380 -0.408 -0.103 -0.174 +0.086 +0.229]]

RHS vector b:            [+1.060 -0.323]
Obj vector c:            [+1.907 -0.402 +0.313 +0.946 -0.280 -0.025 -0.459 +0.016 -0.502 -0.540]

---------------------------- Optimal solution -----------------------------
Primal variables:         [+0.000 +0.747 +0.606 +0.000 +0.780 +0.713 +1.102 +0.352 +0.637 +0.463]
Dual slacks:              [+1.847 +0.000 +0.000 +0.768 +0.000 +0.000 +0.000 +0.000 +0.000 +0.000]
Dual variables:           [-1.672 -1.098]

Optimal objective:       -1.41663351e+00
===========================================================================

Method:                  II-QIPM
LO_Precision:            1.00e-01
Stop_Precision:          1.00e-03
LO_Verbosity:            2
Omega:                   1.00e+01

The Quantum Inexact Infeasible Interior-Point Method starts running ...


                  Objective                Residual                                Linear system           Step-length
Iter      Primal           Dual         Primal    Dual     Compl    ||Resl||  Cond-Num  ||M||   ||RHS||    a-star   a-hat      Time
   0   1.30899602e+01 -1.22023937e+01  9.06e+00 1.78e+01  5.99e+02 *5.96e-15  4.00e+00 1.00e+00 1.77e+01  5.53e-01 4.34e-01      0s
   1   1.33608224e+01 -1.20911932e+01  8.64e+00 1.69e+01  5.74e+02  2.53e-02  6.28e+00 1.75e+00 4.68e+00  4.85e-01 4.68e-02      0s
   2   1.36045477e+01 -1.19452685e+01  8.26e+00 1.62e+01  5.51e+02  2.27e-03  6.77e+00 1.96e+00 6.58e+00  5.02e-01 4.31e-02      1s
   3   1.37481298e+01 -1.19452685e+01  7.96e+00 1.59e+01  5.42e+02  8.38e+00  7.26e+00 2.17e+00 8.38e+00  3.55e-01 1.81e-02      1s
   4   1.38949519e+01 -1.19452685e+01  7.67e+00 1.56e+01  5.34e+02  9.82e+00  7.62e+00 2.31e+00 9.82e+00  3.43e-01 1.68e-02      1s
   5   1.40444485e+01 -1.19452685e+01  7.38e+00 1.54e+01  5.27e+02  1.13e+01  8.00e+00 2.45e+00 1.13e+01  3.32e-01 1.55e-02      1s
   6   1.43523157e+01 -1.16183411e+01  6.94e+00 1.45e+01  4.99e+02  2.22e-02  8.39e+00 2.60e+00 1.28e+01  5.62e-01 5.91e-02      1s
   7   1.46731784e+01 -1.12137605e+01  6.47e+00 1.35e+01  4.68e+02  1.58e-02  9.16e+00 2.98e+00 1.54e+01  5.88e-01 6.75e-02      1s
   8   1.50022924e+01 -1.07188818e+01  5.96e+00 1.25e+01  4.35e+02  8.13e-03  1.01e+01 3.46e+00 1.85e+01  6.18e-01 7.84e-02      2s
   9   1.53393517e+01 -1.01227351e+01  5.41e+00 1.13e+01  3.99e+02  3.29e-02  1.12e+01 4.10e+00 2.20e+01  6.52e-01 9.26e-02      2s
  10   1.56924002e+01 -9.41940376e+00  4.81e+00 1.00e+01  3.58e+02  1.29e-01  1.25e+01 4.98e+00 2.61e+01  6.89e-01 1.11e-01      2s
  11   1.59777824e+01 -8.55803989e+00  4.14e+00 8.65e+00  3.13e+02  9.51e-02  1.42e+01 6.21e+00 3.09e+01  7.36e-01 1.39e-01      2s
  12   1.60913085e+01 -7.49991144e+00  3.38e+00 7.07e+00  2.61e+02  4.57e-02  1.63e+01 8.08e+00 3.67e+01  7.91e-01 1.82e-01      2s
  13   1.58072971e+01 -6.20444095e+00  2.53e+00 5.29e+00  2.02e+02  2.31e-03  1.90e+01 1.12e+01 4.36e+01  8.56e-01 2.52e-01      3s
  14   1.48037374e+01 -4.74010386e+00  1.62e+00 3.39e+00  1.36e+02  1.23e-01  2.26e+01 1.70e+01 5.19e+01  8.83e-01 3.59e-01      3s
  15   1.20421567e+01 -3.24308369e+00  7.71e-01 1.60e+00  7.05e+01  2.70e-01  2.77e+01 3.03e+01 6.09e+01  8.44e-01 5.28e-01      3s
  16   6.16845649e+00 -2.13887415e+00  2.68e-01 5.27e-01  2.68e+01  8.82e-02  3.43e+01 7.27e+01 6.78e+01  8.28e-01 6.72e-01      4s
  17   3.83963578e+00 -1.89537438e+00  1.83e-01 3.44e-01  1.82e+01  5.12e-02  3.31e+01 2.44e+02 6.22e+01  8.87e-01 3.47e-01      4s
  18   2.11651197e+00 -1.70977450e+00  1.83e-01 2.08e-01  1.15e+01  2.55e-01  3.25e+01 3.97e+02 6.32e+01  9.10e-01 3.96e-01      5s
  19   6.48194192e+00 -1.70977450e+00  4.68e+00 1.93e-01  1.07e+01  6.51e+01  3.18e+01 7.09e+02 6.51e+01  2.14e-01 7.33e-02      5s
  20   1.48711840e+00 -1.47401618e+00  1.22e+00 4.34e-02  2.72e+00  6.88e-01  4.66e+01 1.26e+03 1.34e+02  9.76e-01 7.75e-01      6s
  21   1.41466680e+00 -1.44883866e+00  1.16e+00 2.39e-02  1.58e+00  1.61e+00  2.64e+01 3.33e+03 4.67e+01  9.25e-01 4.48e-01      6s
  22  -9.05225679e-01 -1.41826236e+00  2.20e-01 2.81e-03  2.25e-01  1.07e-01  2.61e+01 6.66e+03 4.74e+01  9.36e-01 8.82e-01      6s
  23  -1.29980949e+00 -1.41689597e+00  5.66e-02 2.27e-04  2.39e-02  4.24e-02  1.67e+01 3.18e+04 2.94e+01  9.58e-01 9.19e-01      7s

The algorithm stopped after 24 iterations in 6.65 seconds.

Primal variables:   [+0.003 +10.596 +67.879 +0.007 +13.431 +25.135 +10.089 +24.793 +9.542
 +9.058]
Dual slacks:        [+1.847 +0.000 +0.000 +0.768 +0.000 +0.000 +0.000 +0.000 +0.000 +0.000]
Dual variables:     [-1.672 -1.098]

Primal objective:   -1.29980949e+00
Dual objective:     -1.41689597e+00

Primal residual:    5.66e-02
Dual residual:      2.27e-04
Complementraty:     2.39e-02

Number of Iter:     24
Run time:           6.65
