
--------------- Linear optimization problem characteristics ---------------
Seed:                    51
Number of variables:     200
Number of constraints:   2

Norm of primal sol:      2.00e+00
Norm of dual sol:        2.00e+00
Norm of dual slacks:     2.00e+00

Norm of vector b:        1.63e-01
Norm of vector c:        2.12e+00

Norm of matrix A:        1.00e+00
Condition number:        2.00e+00

----------------------- Linear optimization problem -----------------------
Coeff matrix A:          [[+0.093 -0.015 -0.109 -0.041 +0.113 +0.035 +0.050 +0.013 +0.083 -0.059
 +0.066 -0.096 +0.096 -0.036 +0.114 -0.062 -0.044 -0.066 +0.033 -0.054
 -0.104 +0.088 +0.031 +0.037 -0.044 -0.048 -0.043 +0.027 +0.005 +0.053
 -0.009 +0.010 -0.010 -0.012 +0.005 -0.050 +0.090 -0.039 +0.067 -0.096
 +0.035 -0.095 +0.067 -0.041 -0.019 -0.020 -0.104 +0.104 +0.021 +0.004
 -0.131 -0.065 +0.052 -0.058 -0.022 -0.054 +0.047 +0.067 -0.029 +0.003
 -0.045 -0.008 -0.038 -0.080 +0.029 -0.064 -0.042 +0.022 +0.051 +0.100
 +0.097 +0.026 +0.102 -0.110 +0.028 -0.001 +0.068 -0.055 +0.052 -0.038
 -0.098 -0.031 +0.089 -0.003 +0.091 +0.064 +0.031 -0.091 +0.079 +0.124
 -0.105 -0.055 -0.100 +0.003 +0.046 +0.058 +0.024 +0.000 -0.036 -0.053
 -0.019 -0.011 -0.007 +0.094 +0.050 -0.001 +0.094 -0.036 +0.048 +0.073
 +0.101 +0.096 +0.068 -0.117 +0.057 +0.008 +0.084 -0.075 -0.064 -0.103
 -0.048 +0.053 +0.001 +0.056 -0.016 +0.040 -0.017 -0.094 -0.068 -0.094
 -0.068 +0.045 -0.067 -0.118 -0.064 -0.100 -0.035 -0.066 +0.010 -0.072
 -0.128 -0.092 -0.034 +0.008 +0.040 -0.070 -0.011 -0.041 -0.057 -0.002
 +0.045 +0.087 -0.082 +0.035 -0.018 -0.048 +0.095 +0.023 +0.038 +0.073
 -0.003 -0.065 +0.059 -0.036 -0.022 +0.061 +0.080 -0.086 -0.013 -0.075
 -0.039 +0.030 +0.050 -0.070 +0.083 +0.031 +0.006 -0.097 -0.116 -0.077
 -0.057 -0.055 +0.001 +0.003 -0.012 +0.011 -0.104 +0.102 -0.042 +0.103
 -0.076 +0.051 -0.010 -0.038 -0.051 +0.055 +0.079 +0.071 +0.088 +0.109]
                          [+0.003 -0.019 +0.041 +0.020 -0.045 +0.008 +0.043 -0.026 -0.028 +0.022
 -0.083 +0.045 -0.042 -0.027 -0.054 -0.029 -0.032 -0.008 +0.029 +0.078
 +0.039 -0.024 -0.035 -0.078 +0.074 -0.014 +0.014 +0.048 +0.009 -0.059
 +0.053 -0.045 +0.020 +0.034 -0.008 +0.012 -0.040 +0.031 -0.056 +0.086
 -0.020 +0.012 +0.017 -0.027 -0.040 +0.034 +0.070 -0.024 +0.011 +0.003
 +0.100 -0.052 -0.047 -0.037 -0.029 +0.071 -0.070 -0.069 -0.034 +0.023
 +0.057 +0.019 +0.068 +0.065 -0.046 -0.041 +0.027 +0.034 -0.003 -0.005
 -0.078 +0.041 -0.085 +0.083 -0.010 +0.015 +0.010 -0.018 +0.044 +0.046
 +0.007 -0.007 -0.017 +0.031 -0.006 -0.006 +0.001 +0.000 -0.049 -0.094
 +0.052 +0.023 +0.091 +0.041 +0.029 +0.050 -0.038 -0.032 -0.051 -0.045
 +0.057 +0.067 -0.000 -0.023 +0.005 -0.019 -0.079 +0.056 -0.029 +0.041
 -0.027 +0.002 +0.026 +0.071 +0.008 +0.010 -0.088 -0.012 +0.072 +0.041
 +0.045 -0.066 +0.053 -0.071 -0.050 -0.008 +0.071 +0.032 +0.059 +0.062
 +0.043 +0.054 -0.044 +0.096 +0.020 +0.075 -0.058 +0.055 -0.044 +0.008
 +0.085 +0.024 -0.056 -0.022 +0.035 +0.032 +0.069 -0.000 +0.035 +0.015
 -0.011 +0.022 -0.024 +0.002 +0.061 +0.021 -0.038 -0.049 -0.048 -0.080
 +0.010 +0.027 +0.013 +0.054 +0.012 +0.004 -0.013 +0.006 +0.066 -0.014
 -0.020 -0.020 +0.005 -0.016 -0.042 -0.019 +0.058 +0.063 +0.066 -0.049
 -0.049 -0.025 +0.056 +0.064 +0.045 +0.029 +0.044 -0.022 +0.034 -0.088
 +0.063 -0.070 -0.049 +0.020 -0.039 -0.082 -0.050 +0.029 -0.066 -0.087]]

RHS vector b:            [-0.058 +0.152]
Obj vector c:            [+0.059 -0.044 +0.016 +0.014 -0.022 +0.035 +0.110 -0.043 -0.007 +0.009
 -0.123 +0.031 -0.026 -0.072 -0.038 -0.091 -0.087 -0.052 +0.075 +0.119
 +0.015 +0.004 -0.049 -0.128 +0.116 -0.054 +0.001 +0.107 +0.019 -0.083
 +0.097 -0.080 +0.032 +0.058 -0.012 -0.006 -0.026 +0.036 -0.069 +0.109
 -0.018 -0.031 +0.070 -0.076 -0.087 +0.054 +0.075 +0.013 +0.033 +0.008
 +0.116 -0.136 -0.060 -0.103 -0.068 +0.105 -0.107 -0.095 -0.083 +0.046
 +0.083 +0.032 +0.108 +0.080 -0.071 -0.116 +0.028 +0.078 +0.023 +0.047
 -0.095 +0.093 -0.104 +0.097 -0.002 +0.027 +0.057 -0.066 +0.114 +0.066
 -0.043 -0.031 +0.017 +0.057 +0.041 +0.024 +0.019 -0.051 -0.049 -0.111
 +0.039 +0.013 +0.117 +0.081 +0.082 +0.129 -0.059 -0.061 -0.118 -0.116
 +0.099 +0.122 -0.005 +0.010 +0.038 -0.038 -0.098 +0.087 -0.028 +0.120
 +0.005 +0.059 +0.089 +0.070 +0.047 +0.024 +1.408 -0.066 +0.102 +0.019
 +0.058 -0.096 +0.102 -0.104 -0.105 +0.008 +0.126 +0.007 +0.074 +0.065
 +0.044 +0.129 -0.123 +0.118 +0.002 +0.086 -0.132 +0.067 -0.079 -0.026
 +0.091 -0.007 -0.128 -0.038 +0.090 +0.021 +0.125 -0.024 +0.035 +0.028
 +0.005 +0.091 -0.092 +0.023 +0.106 +0.012 -0.019 -0.081 -0.071 -0.112
 +0.017 +0.015 +0.058 +0.082 +0.010 +0.043 +0.020 -0.037 +0.119 -0.069
 -0.061 -0.021 +0.037 -0.071 -0.033 -0.019 +0.115 +0.065 +0.060 -0.137
 -0.127 -0.079 +0.108 +0.124 +0.079 +0.062 +0.025 +0.016 +0.042 -0.109
 +0.076 -0.104 +1.188 +0.017 -0.104 -0.126 -0.051 +0.096 -0.077 -0.106]

---------------------------- Optimal solution -----------------------------
Primal variables:         [+0.170 +0.011 +0.086 +0.162 +0.071 +0.238 +0.040 +0.097 +0.148 +0.123
 +0.044 +0.055 +0.162 +0.063 +0.103 +0.012 +0.081 +0.073 +0.112 +0.015
 +0.190 +0.183 +0.142 +0.179 +0.146 +0.161 +0.200 +0.218 +0.088 +0.077
 +0.152 +0.093 +0.217 +0.179 +0.106 +0.220 +0.005 +0.115 +0.042 +0.212
 +0.031 +0.187 +0.213 +0.044 +0.068 +0.231 +0.163 +0.080 +0.104 +0.041
 +0.049 +0.050 +0.214 +0.173 +0.026 +0.082 +0.146 +0.003 +0.055 +0.175
 +0.069 +0.095 +0.010 +0.019 +0.064 +0.007 +0.044 +0.116 +0.202 +0.164
 +0.227 +0.160 +0.134 +0.079 +0.028 +0.169 +0.126 +0.121 +0.151 +0.129
 +0.223 +0.032 +0.052 +0.224 +0.002 +0.089 +0.002 +0.174 +0.134 +0.034
 +0.163 +0.171 +0.047 +0.101 +0.152 +0.133 +0.175 +0.052 +0.111 +0.223
 +0.201 +0.035 +0.221 +0.178 +0.238 +0.025 +0.012 +0.080 +0.078 +0.147
 +0.152 +0.210 +0.064 +0.113 +0.226 +0.008 +0.000 +0.055 +0.158 +0.038
 +0.100 +0.031 +0.109 +0.094 +0.241 +0.185 +0.011 +0.004 +0.150 +0.208
 +0.247 +0.188 +0.111 +0.151 +0.097 +0.022 +0.229 +0.100 +0.208 +0.023
 +0.058 +0.078 +0.106 +0.131 +0.132 +0.089 +0.239 +0.219 +0.172 +0.169
 +0.077 +0.155 +0.014 +0.072 +0.250 +0.156 +0.028 +0.132 +0.165 +0.251
 +0.229 +0.127 +0.123 +0.226 +0.239 +0.127 +0.228 +0.164 +0.245 +0.242
 +0.127 +0.037 +0.105 +0.009 +0.010 +0.134 +0.219 +0.101 +0.016 +0.206
 +0.116 +0.171 +0.181 +0.150 +0.148 +0.200 +0.149 +0.101 +0.211 +0.051
 +0.059 +0.034 +0.000 +0.248 +0.027 +0.216 +0.029 +0.160 +0.122 +0.201]
Dual slacks:              [+0.000 +0.000 +0.000 +0.000 +0.000 +0.000 +0.000 +0.000 +0.000 +0.000
 +0.000 +0.000 +0.000 +0.000 +0.000 +0.000 +0.000 +0.000 +0.000 +0.000
 +0.000 +0.000 +0.000 +0.000 +0.000 +0.000 +0.000 +0.000 +0.000 +0.000
 +0.000 +0.000 +0.000 +0.000 +0.000 +0.000 +0.000 +0.000 +0.000 +0.000
 +0.000 +0.000 +0.000 +0.000 +0.000 +0.000 +0.000 +0.000 +0.000 +0.000
 +0.000 +0.000 +0.000 +0.000 +0.000 +0.000 +0.000 +0.000 +0.000 +0.000
 +0.000 +0.000 +0.000 +0.000 +0.000 +0.000 +0.000 +0.000 +0.000 +0.000
 +0.000 +0.000 +0.000 +0.000 +0.000 +0.000 +0.000 +0.000 +0.000 +0.000
 +0.000 +0.000 +0.000 +0.000 +0.000 +0.000 +0.000 +0.000 +0.000 +0.000
 +0.000 +0.000 +0.000 +0.000 +0.000 +0.000 +0.000 +0.000 +0.000 +0.000
 +0.000 +0.000 +0.000 +0.000 +0.000 +0.000 +0.000 +0.000 +0.000 +0.000
 +0.000 +0.000 +0.000 +0.000 +0.000 +0.000 +1.530 +0.000 +0.000 +0.000
 +0.000 +0.000 +0.000 +0.000 +0.000 +0.000 +0.000 +0.000 +0.000 +0.000
 +0.000 +0.000 +0.000 +0.000 +0.000 +0.000 +0.000 +0.000 +0.000 +0.000
 +0.000 +0.000 +0.000 +0.000 +0.000 +0.000 +0.000 +0.000 +0.000 +0.000
 +0.000 +0.000 +0.000 +0.000 +0.000 +0.000 +0.000 +0.000 +0.000 +0.000
 +0.000 +0.000 +0.000 +0.000 +0.000 +0.000 +0.000 +0.000 +0.000 +0.000
 +0.000 +0.000 +0.000 +0.000 +0.000 +0.000 +0.000 +0.000 +0.000 +0.000
 +0.000 +0.000 +0.000 +0.000 +0.000 +0.000 +0.000 +0.000 +0.000 +0.000
 +0.000 +0.000 +1.288 +0.000 +0.000 +0.000 +0.000 +0.000 +0.000 +0.000]
Dual variables:           [+0.571 +1.917]

Optimal objective:       +2.58702983e-01
===========================================================================

Method:                  II-QIPM
LO_Precision:            1.00e-01
Stop_Precision:          1.00e-03
LO_Verbosity:            2
Omega:                   1.00e+01

The Quantum Inexact Infeasible Interior-Point Method starts running ...


                  Objective                Residual                                Linear system           Step-length
Iter      Primal           Dual         Primal    Dual     Compl    ||Resl||  Cond-Num  ||M||   ||RHS||    a-star   a-hat      Time
   0   3.46232906e+01  0.00000000e+00  8.89e+00 3.99e+00  6.52e+02  8.90e+00  4.00e+00 1.00e+00 8.90e+00  9.86e-01 9.72e-01      0s
   1   2.67354653e+01  0.00000000e+00  7.04e+00 3.56e+00  5.88e+02  2.22e+01  3.64e+00 4.03e+01 2.22e+01  5.20e-01 1.07e-01      1s
   2   2.36781150e+01  0.00000000e+00  6.53e+00 3.43e+00  5.69e+02  3.14e+01  3.49e+00 4.74e+01 3.14e+01  4.63e-01 3.64e-02      1s
   3   2.08125324e+01  0.00000000e+00  6.24e+00 3.32e+00  5.52e+02  3.54e+01  3.42e+00 5.03e+01 3.54e+01  4.42e-01 3.23e-02      1s
   4   1.81103843e+01  0.00000000e+00  6.18e+00 3.22e+00  5.38e+02  3.92e+01  3.36e+00 5.30e+01 3.92e+01  4.24e-01 2.90e-02      2s
   5   1.55573343e+01  0.00000000e+00  6.32e+00 3.14e+00  5.25e+02  4.31e+01  3.30e+00 5.57e+01 4.31e+01  4.06e-01 2.60e-02      2s
   6   1.31333414e+01  0.00000000e+00  6.64e+00 3.07e+00  5.14e+02  4.69e+01  3.24e+00 5.84e+01 4.69e+01  3.91e-01 2.36e-02      2s
   7   1.08253133e+01  0.00000000e+00  7.09e+00 3.00e+00  5.04e+02  5.06e+01  3.19e+00 6.10e+01 5.06e+01  3.76e-01 2.14e-02      3s
   8   8.62370496e+00  0.00000000e+00  7.63e+00 2.94e+00  4.95e+02  5.44e+01  3.14e+00 6.35e+01 5.44e+01  3.62e-01 1.95e-02      3s
   9   6.51352044e+00  0.00000000e+00  8.23e+00 2.89e+00  4.87e+02  5.81e+01  3.08e+00 6.60e+01 5.81e+01  3.49e-01 1.79e-02      3s
  10   4.49339894e+00  0.00000000e+00  8.88e+00 2.84e+00  4.80e+02  6.18e+01  3.03e+00 6.85e+01 6.18e+01  3.38e-01 1.65e-02      4s
  11   1.86105634e+00  2.62628468e-01  1.26e+00 4.23e-01  7.82e+01  1.17e-01  2.99e+00 7.09e+01 6.54e+01  8.99e-01 8.51e-01      4s
  12   1.36401393e+00  2.59053053e-01  4.21e-01 1.45e-02  3.09e+00 *4.75e-01  4.12e+00 4.49e+02 4.08e+01  9.82e-01 9.66e-01      4s
  13   8.00444663e-01  2.58655529e-01  2.72e-01 8.87e-04  2.09e-01  2.66e-01  4.23e+00 1.41e+04 3.45e+01  9.58e-01 9.39e-01      4s
  14  -1.83936539e-01  2.58674415e-01  2.65e-01 5.43e-04  1.33e-01 *1.10e+00  4.45e+00 2.80e+05 6.43e+01  9.76e-01 3.88e-01      5s
  15  -1.84861504e-01  2.58674430e-01  2.66e-01 5.42e-04  1.33e-01 *1.27e+00  4.38e+00 4.71e+05 6.29e+01  9.76e-01 5.09e-04      6s

The solution quality is limited by the precision of the linear system solver.

The algorithm stopped after 16 iterations in 5.80 seconds.

Primal variables:   [+15.937 +16.191 +14.580 +15.152 +17.234 +15.585 +15.088 +16.485 +16.617
 +15.061 +19.382 +14.548 +17.115 +16.375 +17.578 +16.241 +16.476 +15.724
 +15.185 +14.177 +14.634 +16.517 +16.794 +18.792 +14.270 +15.957 +15.283
 +14.895 +15.490 +17.905 +14.664 +17.171 +15.223 +14.955 +15.900 +15.300
 +17.033 +14.942 +17.721 +13.953 +16.291 +15.168 +15.551 +16.362 +16.880
 +14.930 +14.141 +16.574 +15.481 +15.622 +13.683 +15.679 +17.308 +16.400
 +16.500 +14.272 +18.470 +18.480 +16.644 +15.196 +14.492 +15.245 +14.364
 +14.272 +17.245 +16.269 +15.000 +15.061 +15.871 +16.127 +18.988 +14.982
 +19.456 +13.943 +15.990 +15.349 +15.675 +16.035 +15.078 +14.683 +15.259
 +15.807 +16.335 +15.039 +16.077 +15.987 +15.734 +15.422 +17.387 +20.167
 +14.411 +15.048 +13.880 +14.882 +15.246 +15.060 +16.907 +16.656 +16.879
 +16.523 +14.573 +14.480 +15.688 +16.501 +15.692 +16.235 +19.049 +14.533
 +16.604 +15.280 +16.638 +15.969 +15.418 +14.089 +15.663 +15.460 +0.004
 +15.780 +14.224 +14.603 +14.675 +18.261 +14.709 +18.577 +17.209 +15.962
 +14.406 +14.788 +14.396 +14.288 +14.644 +14.925 +16.102 +13.761 +15.094
 +14.086 +16.728 +14.470 +17.160 +15.329 +13.870 +14.940 +16.854 +16.341
 +15.130 +14.845 +14.458 +15.615 +14.817 +15.339 +16.049 +15.616 +15.918
 +15.724 +14.529 +15.120 +16.967 +17.386 +17.371 +19.168 +15.451 +14.944
 +15.576 +14.569 +15.363 +15.752 +16.207 +15.318 +14.483 +15.820 +16.164
 +16.294 +15.702 +15.912 +17.098 +16.270 +14.658 +14.258 +14.166 +15.193
 +16.271 +16.210 +14.667 +14.580 +14.775 +15.106 +14.541 +16.505 +14.865
 +19.690 +14.323 +18.486 +0.005 +15.149 +16.542 +19.216 +17.445 +15.393
 +18.246 +19.636]
Dual slacks:        [+0.000 +0.000 +0.000 +0.000 +0.000 +0.000 +0.000 +0.000 +0.000 +0.000
 +0.000 +0.000 +0.000 +0.000 +0.000 +0.000 +0.000 +0.000 +0.000 +0.000
 +0.000 +0.000 +0.000 +0.000 +0.000 +0.000 +0.000 +0.000 +0.000 +0.000
 +0.000 +0.000 +0.000 +0.000 +0.000 +0.000 +0.000 +0.000 +0.000 +0.000
 +0.000 +0.000 +0.000 +0.000 +0.000 +0.000 +0.000 +0.000 +0.000 +0.000
 +0.000 +0.000 +0.000 +0.000 +0.000 +0.000 +0.000 +0.000 +0.000 +0.000
 +0.000 +0.000 +0.000 +0.000 +0.000 +0.000 +0.000 +0.000 +0.000 +0.000
 +0.000 +0.000 +0.000 +0.000 +0.000 +0.000 +0.000 +0.000 +0.000 +0.000
 +0.000 +0.000 +0.000 +0.000 +0.000 +0.000 +0.000 +0.000 +0.000 +0.000
 +0.000 +0.000 +0.000 +0.000 +0.000 +0.000 +0.000 +0.000 +0.000 +0.000
 +0.000 +0.000 +0.000 +0.000 +0.000 +0.000 +0.000 +0.000 +0.000 +0.000
 +0.000 +0.000 +0.000 +0.000 +0.000 +0.000 +1.530 +0.000 +0.000 +0.000
 +0.000 +0.000 +0.000 +0.000 +0.000 +0.000 +0.000 +0.000 +0.000 +0.000
 +0.000 +0.000 +0.000 +0.000 +0.000 +0.000 +0.000 +0.000 +0.000 +0.000
 +0.000 +0.000 +0.000 +0.000 +0.000 +0.000 +0.000 +0.000 +0.000 +0.000
 +0.000 +0.000 +0.000 +0.000 +0.000 +0.000 +0.000 +0.000 +0.000 +0.000
 +0.000 +0.000 +0.000 +0.000 +0.000 +0.000 +0.000 +0.000 +0.000 +0.000
 +0.000 +0.000 +0.000 +0.000 +0.000 +0.000 +0.000 +0.000 +0.000 +0.000
 +0.000 +0.000 +0.000 +0.000 +0.000 +0.000 +0.000 +0.000 +0.000 +0.000
 +0.000 +0.000 +1.288 +0.000 +0.000 +0.000 +0.000 +0.000 +0.000 +0.000]
Dual variables:     [+0.571 +1.917]

Primal objective:   -1.84861504e-01
Dual objective:     2.58674430e-01 

Primal residual:    2.66e-01
Dual residual:      5.42e-04
Complementraty:     1.33e-01

Number of Iter:     16
Run time:           5.80
