
--------------- Linear optimization problem characteristics ---------------
Seed:                    15
Number of variables:     50
Number of constraints:   2

Norm of primal sol:      2.00e+00
Norm of dual sol:        2.00e+00
Norm of dual slacks:     2.00e+00

Norm of vector b:        1.18e-01
Norm of vector c:        2.59e+00

Norm of matrix A:        1.00e+00
Condition number:        2.00e+00

----------------------- Linear optimization problem -----------------------
Coeff matrix A:          [[+0.071 -0.061 -0.017 -0.152 +0.073 +0.021 +0.139 -0.076 +0.103 -0.110
 +0.079 -0.113 +0.116 -0.010 +0.048 +0.045 -0.057 -0.033 +0.111 +0.020
 +0.079 +0.033 -0.138 +0.038 +0.024 -0.055 -0.078 -0.063 -0.153 -0.097
 +0.078 -0.051 +0.114 +0.099 +0.081 +0.009 -0.101 +0.070 +0.092 -0.074
 +0.014 +0.020 +0.097 +0.106 -0.158 +0.010 +0.051 -0.026 -0.114 -0.108]
                          [-0.191 +0.030 +0.059 +0.212 -0.212 +0.177 -0.120 -0.167 -0.141 +0.071
 +0.065 +0.216 -0.044 +0.091 +0.151 -0.067 -0.110 +0.088 -0.006 +0.189
 -0.204 +0.169 +0.185 +0.006 +0.027 +0.058 -0.057 +0.061 +0.143 +0.196
 -0.181 -0.181 -0.144 -0.035 -0.170 +0.004 -0.145 -0.179 +0.069 +0.010
 +0.177 +0.094 -0.109 +0.149 +0.225 -0.095 -0.006 -0.065 +0.184 +0.036]]

RHS vector b:            [+0.095 +0.071]
Obj vector c:            [+0.262 -0.135 -0.072 -0.429 +0.280 -0.080 +0.343 -0.030 +0.288 -0.256
 +0.105 -0.359 +0.248 -0.081 -0.011 +0.130 -0.033 -0.121 +1.352 -0.090
 +0.285 -0.052 -0.384 +0.068 +0.027 -0.143 -0.108 -0.160 -0.386 -0.314
 +0.268 +0.027 +0.312 +0.210 +0.267 +0.014 -0.093 +0.253 +0.126 -0.146
 -0.093 +1.619 +0.255 +0.099 -0.450 +0.083 +0.100 -0.004 -0.338 -0.227]

---------------------------- Optimal solution -----------------------------
Primal variables:         [+0.493 +0.104 +0.032 +0.210 +0.160 +0.308 +0.178 +0.177 +0.065 +0.145
 +0.533 +0.153 +0.417 +0.503 +0.469 +0.122 +0.097 +0.027 +0.000 +0.116
 +0.580 +0.216 +0.442 +0.275 +0.296 +0.549 +0.064 +0.270 +0.082 +0.313
 +0.174 +0.312 +0.387 +0.212 +0.362 +0.373 +0.244 +0.234 +0.227 +0.236
 +0.046 +0.000 +0.045 +0.404 +0.017 +0.290 +0.077 +0.018 +0.371 +0.259]
Dual slacks:              [+0.000 +0.000 +0.000 +0.000 +0.000 +0.000 +0.000 +0.000 +0.000 +0.000
 +0.000 +0.000 +0.000 +0.000 +0.000 +0.000 +0.000 +0.000 +1.140 +0.000
 +0.000 +0.000 +0.000 +0.000 +0.000 +0.000 +0.000 +0.000 +0.000 +0.000
 +0.000 +0.000 +0.000 +0.000 +0.000 +0.000 +0.000 +0.000 +0.000 +0.000
 +0.000 +1.643 +0.000 +0.000 +0.000 +0.000 +0.000 +0.000 +0.000 +0.000]
Dual variables:           [+1.883 -0.675]

Optimal objective:       +1.30201502e-01
===========================================================================

Method:                  II-QIPM
LO_Precision:            1.00e-01
Stop_Precision:          1.00e-03
LO_Verbosity:            2
Omega:                   1.00e+01

The Quantum Inexact Infeasible Interior-Point Method starts running ...


                  Objective                Residual                                Linear system           Step-length
Iter      Primal           Dual         Primal    Dual     Compl    ||Resl||  Cond-Num  ||M||   ||RHS||    a-star   a-hat      Time
   0   2.47695437e+01 -6.44080840e-01  1.15e+00 1.59e+01  1.23e+03  2.22e-16  4.00e+00 1.00e+00 6.65e+00  8.63e-01 7.74e-01      0s
   1   2.50275558e+01 -6.44080840e-01  3.38e-01 1.50e+01  1.17e+03  2.41e+01  3.85e+00 5.33e+00 2.41e+01  4.55e-01 5.86e-02      0s
   2   2.51949140e+01 -6.44080840e-01  1.15e+00 1.46e+01  1.14e+03  2.90e+01  3.79e+00 5.93e+00 2.90e+01  4.21e-01 2.86e-02      1s
   3   2.53650811e+01 -6.44080840e-01  1.94e+00 1.42e+01  1.11e+03  3.18e+01  3.76e+00 6.27e+00 3.18e+01  4.04e-01 2.57e-02      1s
   4   2.55365860e+01 -6.44080840e-01  2.70e+00 1.39e+01  1.09e+03  3.46e+01  3.72e+00 6.60e+00 3.46e+01  3.88e-01 2.32e-02      1s
   5   2.57079450e+01 -6.44080840e-01  3.43e+00 1.36e+01  1.07e+03  3.74e+01  3.69e+00 6.93e+00 3.74e+01  3.74e-01 2.11e-02      1s
   6   2.58779602e+01 -6.44080840e-01  4.14e+00 1.33e+01  1.05e+03  4.02e+01  3.66e+00 7.27e+00 4.02e+01  3.60e-01 1.93e-02      1s
   7   2.60456133e+01 -6.44080840e-01  4.83e+00 1.31e+01  1.03e+03  4.30e+01  3.64e+00 7.60e+00 4.30e+01  3.48e-01 1.77e-02      1s
   8   2.62101609e+01 -6.44080840e-01  5.50e+00 1.29e+01  1.02e+03  4.59e+01  3.61e+00 7.93e+00 4.59e+01  3.36e-01 1.63e-02      2s
   9   2.63712394e+01 -6.44080840e-01  6.15e+00 1.27e+01  1.00e+03  4.87e+01  3.59e+00 8.27e+00 4.87e+01  3.25e-01 1.51e-02      2s
  10   2.65284930e+01 -6.44080840e-01  6.78e+00 1.25e+01  9.91e+02  5.16e+01  3.57e+00 8.61e+00 5.16e+01  3.15e-01 1.40e-02      2s
  11   2.66815458e+01 -6.44080840e-01  7.40e+00 1.23e+01  9.79e+02  5.44e+01  3.55e+00 8.95e+00 5.44e+01  3.05e-01 1.30e-02      2s
  12   2.68302866e+01 -6.44080840e-01  8.00e+00 1.22e+01  9.68e+02  5.73e+01  3.54e+00 9.29e+00 5.73e+01  2.96e-01 1.21e-02      2s
  13   2.69746860e+01 -6.44080840e-01  8.59e+00 1.20e+01  9.58e+02  6.03e+01  3.53e+00 9.63e+00 6.03e+01  2.87e-01 1.13e-02      2s
  14   2.71146370e+01 -6.44080840e-01  9.17e+00 1.19e+01  9.49e+02  6.32e+01  3.52e+00 9.98e+00 6.32e+01  2.79e-01 1.05e-02      3s
  15   2.72500921e+01 -6.44080840e-01  9.73e+00 1.18e+01  9.41e+02  6.62e+01  3.51e+00 1.03e+01 6.62e+01  2.71e-01 9.87e-03      3s
  16   2.73811822e+01 -6.44080840e-01  1.03e+01 1.17e+01  9.33e+02  6.92e+01  3.50e+00 1.07e+01 6.92e+01  2.64e-01 9.28e-03      3s
  17   2.75079362e+01 -6.44080840e-01  1.08e+01 1.16e+01  9.25e+02  7.22e+01  3.50e+00 1.10e+01 7.22e+01  2.57e-01 8.73e-03      3s
  18   2.76304125e+01 -6.44080840e-01  1.13e+01 1.15e+01  9.19e+02  7.52e+01  3.50e+00 1.14e+01 7.52e+01  2.51e-01 8.23e-03      3s
  19   2.77486916e+01 -6.44080840e-01  1.19e+01 1.14e+01  9.12e+02  7.83e+01  3.50e+00 1.18e+01 7.83e+01  2.44e-01 7.78e-03      3s
  20   2.78628719e+01 -6.44080840e-01  1.24e+01 1.13e+01  9.06e+02  8.14e+01  3.50e+00 1.21e+01 8.14e+01  2.38e-01 7.36e-03      4s
  21   2.79730641e+01 -6.44080840e-01  1.29e+01 1.12e+01  9.00e+02  8.46e+01  3.51e+00 1.25e+01 8.46e+01  2.33e-01 6.97e-03      4s
  22   2.80793882e+01 -6.44080840e-01  1.34e+01 1.12e+01  8.95e+02  8.77e+01  3.52e+00 1.29e+01 8.77e+01  2.27e-01 6.61e-03      4s
  23   2.81818676e+01 -6.44080840e-01  1.39e+01 1.11e+01  8.90e+02  9.09e+01  3.53e+00 1.33e+01 9.09e+01  2.22e-01 6.28e-03      4s
  24   2.82807391e+01 -6.44080840e-01  1.43e+01 1.10e+01  8.85e+02  9.42e+01  3.54e+00 1.37e+01 9.42e+01  2.17e-01 5.98e-03      4s
  25   2.83759433e+01 -6.44080840e-01  1.48e+01 1.10e+01  8.80e+02  9.75e+01  3.55e+00 1.41e+01 9.75e+01  2.13e-01 5.69e-03      4s
  26   2.84678107e+01 -6.44080840e-01  1.53e+01 1.09e+01  8.76e+02  1.01e+02  3.56e+00 1.45e+01 1.01e+02  2.08e-01 5.43e-03      5s
  27   2.85562056e+01 -6.44080840e-01  1.57e+01 1.09e+01  8.72e+02  1.04e+02  3.58e+00 1.49e+01 1.04e+02  2.04e-01 5.17e-03      5s
  28   2.86414485e+01 -6.44080840e-01  1.62e+01 1.08e+01  8.68e+02  1.07e+02  3.60e+00 1.53e+01 1.07e+02  2.00e-01 4.95e-03      5s
  29   2.87235883e+01 -6.44080840e-01  1.66e+01 1.08e+01  8.64e+02  1.11e+02  3.62e+00 1.57e+01 1.11e+02  1.96e-01 4.73e-03      5s
  30   2.88026802e+01 -6.44080840e-01  1.71e+01 1.07e+01  8.61e+02  1.14e+02  3.64e+00 1.61e+01 1.14e+02  1.92e-01 4.53e-03      5s
  31   2.88788608e+01 -6.44080840e-01  1.75e+01 1.07e+01  8.58e+02  1.18e+02  3.66e+00 1.66e+01 1.18e+02  1.88e-01 4.34e-03      5s
  32   2.89521874e+01 -6.44080840e-01  1.79e+01 1.06e+01  8.54e+02  1.21e+02  3.68e+00 1.70e+01 1.21e+02  1.85e-01 4.17e-03      6s
  33   2.90227213e+01 -6.44080840e-01  1.84e+01 1.06e+01  8.51e+02  1.25e+02  3.71e+00 1.75e+01 1.25e+02  1.81e-01 4.00e-03      6s
  34   2.90906625e+01 -6.44080840e-01  1.88e+01 1.05e+01  8.48e+02  1.28e+02  3.73e+00 1.79e+01 1.28e+02  1.78e-01 3.84e-03      6s
  35   2.91560650e+01 -6.44080840e-01  1.92e+01 1.05e+01  8.45e+02  1.32e+02  3.76e+00 1.84e+01 1.32e+02  1.75e-01 3.69e-03      6s
  36   2.92189850e+01 -6.44080840e-01  1.96e+01 1.05e+01  8.43e+02  1.36e+02  3.79e+00 1.88e+01 1.36e+02  1.72e-01 3.55e-03      6s
  37   2.92795411e+01 -6.44080840e-01  2.00e+01 1.04e+01  8.40e+02  1.39e+02  3.82e+00 1.93e+01 1.39e+02  1.69e-01 3.42e-03      6s
  38   2.93377287e+01 -6.44080840e-01  2.04e+01 1.04e+01  8.38e+02  1.43e+02  3.85e+00 1.98e+01 1.43e+02  1.66e-01 3.30e-03      7s
  39   2.93937206e+01 -6.44080840e-01  2.08e+01 1.03e+01  8.35e+02  1.47e+02  3.88e+00 2.02e+01 1.47e+02  1.63e-01 3.18e-03      7s
  40   2.94475673e+01 -6.44080840e-01  2.12e+01 1.03e+01  8.33e+02  1.51e+02  3.92e+00 2.07e+01 1.51e+02  1.61e-01 3.07e-03      7s
  41   2.94993201e+01 -6.44080840e-01  2.16e+01 1.03e+01  8.31e+02  1.55e+02  3.95e+00 2.12e+01 1.55e+02  1.58e-01 2.96e-03      7s
  42   2.95490808e+01 -6.44080840e-01  2.20e+01 1.03e+01  8.28e+02  1.59e+02  3.99e+00 2.17e+01 1.59e+02  1.55e-01 2.86e-03      7s
  43   1.57753453e+01  1.16549774e-01  3.29e+00 1.53e+00  1.44e+02  1.11e-01  4.02e+00 2.22e+01 1.62e+02  9.07e-01 8.50e-01      7s
  44   6.15685801e+00  1.41704505e-01  1.08e+00 4.37e-01  4.53e+01  2.57e-01  4.61e+00 6.09e+01 1.95e+01  8.79e-01 7.15e-01      8s
  45   2.54964153e+00  1.34534557e-01  2.84e-01 1.31e-01  1.47e+01  3.01e-01  4.35e+00 2.27e+02 2.38e+01  9.63e-01 7.00e-01      8s
  46   7.90562535e-01  1.30092857e-01  2.50e-01 7.47e-03  9.87e-01  2.58e-01  4.14e+00 7.89e+02 2.12e+01  9.72e-01 9.43e-01      8s
  47  -1.81303439e-02  1.30192750e-01  1.06e-01 4.09e-04  6.28e-02 *1.26e-01  4.54e+00 1.56e+04 2.55e+01  9.72e-01 9.45e-01      8s

The algorithm stopped after 48 iterations in 8.06 seconds.

Primal variables:   [+20.095 +17.411 +16.820 +15.727 +20.147 +16.046 +18.008 +14.973 +18.713
 +17.081 +16.517 +15.757 +17.261 +16.513 +16.143 +18.096 +20.778 +16.591
 +0.006 +16.016 +20.115 +16.078 +15.918 +17.138 +16.983 +16.988 +19.501
 +16.989 +16.289 +15.877 +19.829 +15.021 +18.626 +17.263 +19.571 +17.328
 +18.868 +19.919 +16.470 +17.841 +16.040 +0.004 +18.242 +16.208 +15.638
 +19.065 +17.206 +18.883 +15.934 +17.654]
Dual slacks:        [+0.000 +0.000 +0.000 +0.000 +0.000 +0.000 +0.000 +0.000 +0.000 +0.000
 +0.000 +0.000 +0.000 +0.000 +0.000 +0.000 +0.000 +0.000 +1.140 +0.000
 +0.000 +0.000 +0.000 +0.000 +0.000 +0.000 +0.000 +0.000 +0.000 +0.000
 +0.000 +0.000 +0.000 +0.000 +0.000 +0.000 +0.000 +0.000 +0.000 +0.000
 +0.000 +1.643 +0.000 +0.000 +0.000 +0.000 +0.000 +0.000 +0.000 +0.000]
Dual variables:     [+1.882 -0.675]

Primal objective:   -1.81303439e-02
Dual objective:     1.30192750e-01 

Primal residual:    1.06e-01
Dual residual:      4.09e-04
Complementraty:     6.28e-02

Number of Iter:     48
Run time:           8.06
