
--------------- Linear optimization problem characteristics ---------------
Seed:                    72
Number of variables:     10
Number of constraints:   2

Norm of primal sol:      2.00e+00
Norm of dual sol:        2.00e+00
Norm of dual slacks:     2.00e+00

Norm of vector b:        1.04e-01
Norm of vector c:        2.22e+00

Norm of matrix A:        1.00e+00
Condition number:        2.00e+00

----------------------- Linear optimization problem -----------------------
Coeff matrix A:          [[+0.227 -0.467 -0.330 +0.444 +0.195 -0.044 -0.204 -0.152 -0.123 +0.224]
                          [+0.205 -0.156 +0.002 +0.326 -0.167 -0.225 -0.304 +0.201 -0.055 +0.344]]

RHS vector b:            [+0.010 -0.103]
Obj vector c:            [+0.337 +1.823 +0.104 +0.511 -0.389 -0.432 -0.539 +0.443 +0.122 +0.613]

---------------------------- Optimal solution -----------------------------
Primal variables:         [+0.162 +0.000 +0.810 +0.559 +0.625 +0.890 +1.085 +0.263 +0.000 +0.758]
Dual slacks:              [+0.000 +1.991 +0.000 +0.000 +0.000 +0.000 +0.000 +0.000 +0.194 +0.000]
Dual variables:           [-0.300 +1.977]

Optimal objective:       -2.06792554e-01
===========================================================================

Method:                  II-QIPM
LO_Precision:            1.00e-01
Stop_Precision:          1.00e-03
LO_Verbosity:            2
Omega:                   1.00e+01

The Quantum Inexact Infeasible Interior-Point Method starts running ...


                  Objective                Residual                                Linear system           Step-length
Iter      Primal           Dual         Primal    Dual     Compl    ||Resl||  Cond-Num  ||M||   ||RHS||    a-star   a-hat      Time
   0   2.38557317e+01  0.00000000e+00  2.55e+00 3.34e+00  1.37e+02  2.50e+00  4.00e+00 1.00e+00 2.50e+00  9.49e-01 8.92e-01      0s
   1   2.21000721e+01  0.00000000e+00  2.32e+00 3.14e+00  1.29e+02  7.90e+00  3.12e+00 8.08e+00 7.90e+00  5.27e-01 6.11e-02      0s
   2   2.07388680e+01  0.00000000e+00  2.23e+00 3.00e+00  1.24e+02  9.74e+00  3.09e+00 8.81e+00 9.74e+00  4.97e-01 4.40e-02      0s
   3   1.94639272e+01  0.00000000e+00  2.23e+00 2.88e+00  1.20e+02  1.13e+01  3.08e+00 9.44e+00 1.13e+01  4.73e-01 3.89e-02      0s
   4   1.82617151e+01  0.00000000e+00  2.32e+00 2.78e+00  1.16e+02  1.29e+01  3.08e+00 1.01e+01 1.29e+01  4.52e-01 3.46e-02      1s
   5   1.71227703e+01  0.00000000e+00  2.49e+00 2.70e+00  1.13e+02  1.46e+01  3.10e+00 1.08e+01 1.46e+01  4.33e-01 3.09e-02      1s
   6   1.60398921e+01  0.00000000e+00  2.72e+00 2.62e+00  1.10e+02  1.63e+01  3.12e+00 1.15e+01 1.63e+01  4.14e-01 2.78e-02      1s
   7   1.50057030e+01  0.00000000e+00  2.99e+00 2.56e+00  1.07e+02  1.80e+01  3.16e+00 1.23e+01 1.80e+01  3.98e-01 2.51e-02      1s
   8   1.40136683e+01  0.00000000e+00  3.28e+00 2.50e+00  1.05e+02  1.98e+01  3.21e+00 1.31e+01 1.98e+01  3.82e-01 2.28e-02      1s
   9   1.30617683e+01  0.00000000e+00  3.59e+00 2.45e+00  1.03e+02  2.16e+01  3.26e+00 1.39e+01 2.16e+01  3.68e-01 2.08e-02      1s
  10   1.21436131e+01  0.00000000e+00  3.92e+00 2.40e+00  1.01e+02  2.35e+01  3.32e+00 1.47e+01 2.35e+01  3.54e-01 1.90e-02      1s
  11   1.12569683e+01  0.00000000e+00  4.25e+00 2.36e+00  9.96e+01  2.54e+01  3.39e+00 1.56e+01 2.54e+01  3.42e-01 1.74e-02      1s
  12   1.03989550e+01  0.00000000e+00  4.59e+00 2.32e+00  9.82e+01  2.73e+01  3.46e+00 1.66e+01 2.73e+01  3.30e-01 1.61e-02      1s
  13   9.56611419e+00  0.00000000e+00  4.93e+00 2.28e+00  9.68e+01  2.93e+01  3.53e+00 1.75e+01 2.93e+01  3.19e-01 1.48e-02      1s
  14   8.75688058e+00  0.00000000e+00  5.27e+00 2.25e+00  9.56e+01  3.13e+01  3.62e+00 1.85e+01 3.13e+01  3.09e-01 1.37e-02      1s
  15   7.96902847e+00  0.00000000e+00  5.61e+00 2.22e+00  9.45e+01  3.34e+01  3.70e+00 1.96e+01 3.34e+01  2.99e-01 1.28e-02      2s
  16   7.20126050e+00  0.00000000e+00  5.95e+00 2.20e+00  9.35e+01  3.55e+01  3.79e+00 2.06e+01 3.55e+01  2.90e-01 1.19e-02      2s
  17   6.45087339e+00  0.00000000e+00  6.29e+00 2.17e+00  9.25e+01  3.77e+01  3.88e+00 2.18e+01 3.77e+01  2.82e-01 1.11e-02      2s
  18   5.71826004e+00  0.00000000e+00  6.63e+00 2.15e+00  9.17e+01  3.99e+01  3.98e+00 2.29e+01 3.99e+01  2.74e-01 1.04e-02      2s
  19   4.77838605e+00 -2.09901345e-01  1.13e+00 3.75e-01  2.08e+01  2.35e-01  4.08e+00 2.41e+01 4.21e+01  9.04e-01 8.26e-01      2s
  20   3.29884851e+00 -2.09224053e-01  7.11e-01 2.32e-01  1.36e+01  4.14e-02  2.86e+00 7.32e+01 4.02e+00  8.95e-01 3.80e-01      2s
  21   2.06856194e+00 -2.08183991e-01  4.13e-01 1.33e-01  8.21e+00  1.57e-02  2.70e+00 1.23e+02 5.56e+00  9.37e-01 4.28e-01      2s
  22   1.07445898e+00 -2.07281137e-01  1.33e-01 5.69e-02  3.82e+00  1.02e-01  2.60e+00 2.27e+02 7.26e+00  9.72e-01 5.72e-01      2s
  23   4.86886075e-01 -2.06753451e-01  1.88e-01 8.65e-03  7.16e-01  2.36e-01  2.52e+00 5.74e+02 9.39e+00  9.81e-01 8.48e-01      2s
  24   1.12112374e-01 -2.06763357e-01  1.45e-01 7.04e-04  7.72e-02  1.42e-01  2.56e+00 4.23e+03 1.21e+01  9.74e-01 9.19e-01      2s

The algorithm stopped after 25 iterations in 2.39 seconds.

Primal variables:   [+15.852 +0.010 +23.330 +14.175 +19.820 +23.356 +27.391 +18.934 +0.107
 +15.088]
Dual slacks:        [+0.000 +1.991 +0.000 +0.000 +0.000 +0.000 +0.000 +0.000 +0.194 +0.000]
Dual variables:     [-0.300 +1.977]

Primal objective:   1.12112374e-01 
Dual objective:     -2.06763357e-01

Primal residual:    1.45e-01
Dual residual:      7.04e-04
Complementraty:     7.72e-02

Number of Iter:     25
Run time:           2.39
