
--------------- Linear optimization problem characteristics ---------------
Seed:                    64
Number of variables:     100
Number of constraints:   2

Norm of primal sol:      2.00e+00
Norm of dual sol:        2.00e+00
Norm of dual slacks:     2.00e+00

Norm of vector b:        1.31e-01
Norm of vector c:        2.33e+00

Norm of matrix A:        1.00e+00
Condition number:        2.00e+00

----------------------- Linear optimization problem -----------------------
Coeff matrix A:          [[+0.042 -0.098 +0.113 -0.104 -0.057 +0.020 +0.045 +0.140 -0.155 -0.003
 -0.109 -0.008 +0.083 -0.093 +0.048 +0.138 -0.028 -0.010 -0.013 +0.105
 -0.136 +0.042 +0.109 +0.021 +0.063 -0.105 -0.040 -0.145 -0.039 -0.087
 -0.084 -0.080 -0.064 -0.009 +0.116 +0.046 +0.062 -0.154 +0.062 -0.066
 +0.109 +0.087 -0.017 +0.119 -0.060 +0.149 -0.133 -0.145 -0.079 +0.131
 -0.132 +0.014 -0.041 -0.165 -0.166 +0.084 +0.021 +0.129 +0.096 -0.106
 +0.108 -0.031 -0.141 -0.045 +0.143 -0.055 +0.050 +0.143 +0.148 -0.116
 -0.164 -0.100 -0.119 +0.108 +0.112 +0.138 +0.124 -0.125 -0.130 +0.158
 -0.022 +0.065 +0.039 -0.079 -0.148 -0.138 +0.054 -0.106 +0.096 -0.078
 +0.130 +0.157 -0.111 -0.004 +0.081 -0.034 -0.069 +0.028 +0.091 -0.143]
                          [+0.005 +0.037 +0.091 +0.045 +0.071 +0.026 +0.015 +0.078 -0.004 +0.041
 -0.023 -0.047 -0.017 -0.059 +0.032 -0.043 +0.075 +0.060 -0.053 -0.075
 -0.009 +0.067 -0.014 -0.025 -0.056 -0.013 +0.012 +0.058 +0.077 +0.015
 +0.067 -0.046 -0.040 -0.027 +0.026 +0.031 +0.002 +0.068 +0.052 -0.021
 -0.013 -0.064 -0.046 +0.010 -0.053 +0.071 +0.074 -0.069 -0.078 +0.007
 +0.017 +0.083 +0.020 -0.016 -0.002 +0.090 +0.014 -0.071 -0.034 +0.046
 +0.034 +0.073 -0.057 +0.023 +0.081 -0.036 +0.009 +0.058 -0.033 -0.062
 -0.061 -0.039 -0.063 -0.053 +0.056 +0.011 -0.061 +0.044 -0.067 +0.067
 +0.008 -0.031 -0.034 +0.028 -0.032 +0.012 +0.079 +0.054 -0.075 +0.055
 +0.030 -0.065 -0.090 +0.056 +0.082 +0.018 +0.062 +0.054 -0.014 -0.007]]

RHS vector b:            [-0.129 +0.023]
Obj vector c:            [+0.009 -0.118 -0.124 -0.136 -0.166 -0.041 -0.009 -0.086 -0.065 -0.081
 -0.007 +0.087 +0.071 +0.072 -0.039 +0.149 -0.158 -0.122 +0.097 +0.194
 -0.046 -0.110 +0.078 +0.791 +0.139 -0.024 -0.041 -0.180 -0.169 -0.069
 -0.169 +0.052 +0.048 +0.048 +0.004 -0.040 +0.026 -0.204 -0.072 +0.011
 +0.077 +0.166 +0.081 +0.036 +0.076 -0.067 -0.207 +1.927 +0.114 +0.048
 -0.096 -0.155 -0.058 -0.047 -0.074 -0.136 -0.018 +0.199 +0.112 -0.140
 -0.015 -0.157 +0.045 -0.066 -0.089 +0.044 +0.006 -0.045 +0.133 +0.065
 +0.041 +0.029 +0.067 +0.153 -0.056 +0.044 +0.177 -0.145 +0.069 -0.056
 -0.026 +0.090 +0.084 -0.093 -0.007 -0.088 -0.128 -0.156 +0.191 -0.143
 +0.004 +0.201 +0.123 -0.112 -0.122 -0.052 -0.154 -0.091 +0.070 -0.054]

---------------------------- Optimal solution -----------------------------
Primal variables:         [+0.145 +0.217 +0.228 +0.173 +0.175 +0.120 +0.120 +0.113 +0.204 +0.152
 +0.276 +0.210 +0.223 +0.064 +0.011 +0.080 +0.009 +0.243 +0.086 +0.153
 +0.238 +0.001 +0.014 +0.000 +0.083 +0.155 +0.332 +0.098 +0.231 +0.087
 +0.079 +0.067 +0.341 +0.258 +0.144 +0.007 +0.135 +0.117 +0.162 +0.151
 +0.218 +0.221 +0.239 +0.096 +0.050 +0.094 +0.379 +0.000 +0.273 +0.294
 +0.033 +0.346 +0.206 +0.038 +0.312 +0.203 +0.267 +0.127 +0.370 +0.096
 +0.093 +0.037 +0.235 +0.199 +0.178 +0.324 +0.169 +0.324 +0.025 +0.324
 +0.126 +0.166 +0.101 +0.250 +0.030 +0.041 +0.110 +0.017 +0.368 +0.006
 +0.231 +0.258 +0.361 +0.272 +0.125 +0.039 +0.181 +0.118 +0.214 +0.127
 +0.124 +0.376 +0.306 +0.379 +0.030 +0.176 +0.332 +0.184 +0.310 +0.009]
Dual slacks:              [+0.000 +0.000 +0.000 +0.000 +0.000 +0.000 +0.000 +0.000 +0.000 +0.000
 +0.000 +0.000 +0.000 +0.000 +0.000 +0.000 +0.000 +0.000 +0.000 +0.000
 +0.000 +0.000 +0.000 +0.733 +0.000 +0.000 +0.000 +0.000 +0.000 +0.000
 +0.000 +0.000 +0.000 +0.000 +0.000 +0.000 +0.000 +0.000 +0.000 +0.000
 +0.000 +0.000 +0.000 +0.000 +0.000 +0.000 +0.000 +1.861 +0.000 +0.000
 +0.000 +0.000 +0.000 +0.000 +0.000 +0.000 +0.000 +0.000 +0.000 +0.000
 +0.000 +0.000 +0.000 +0.000 +0.000 +0.000 +0.000 +0.000 +0.000 +0.000
 +0.000 +0.000 +0.000 +0.000 +0.000 +0.000 +0.000 +0.000 +0.000 +0.000
 +0.000 +0.000 +0.000 +0.000 +0.000 +0.000 +0.000 +0.000 +0.000 +0.000
 +0.000 +0.000 +0.000 +0.000 +0.000 +0.000 +0.000 +0.000 +0.000 +0.000]
Dual variables:           [+0.471 -1.944]

Optimal objective:       -1.05312277e-01
===========================================================================

Method:                  II-QIPM
LO_Precision:            1.00e-01
Stop_Precision:          1.00e-03
LO_Verbosity:            2
Omega:                   1.00e+01

The Quantum Inexact Infeasible Interior-Point Method starts running ...


                  Objective                Residual                                Linear system           Step-length
Iter      Primal           Dual         Primal    Dual     Compl    ||Resl||  Cond-Num  ||M||   ||RHS||    a-star   a-hat      Time
   0   2.18764142e+01 -1.06916899e+00  2.55e+00 3.30e+01  3.54e+03  1.99e-15  4.00e+00 1.00e+00 9.03e+00  7.79e-01 6.69e-01      0s
   1   2.03749295e+01 -5.81085683e-01  1.21e+00 1.57e+01  1.78e+03 *5.66e-02  4.02e+00 3.60e+00 2.19e+01  9.29e-01 5.24e-01      1s
   2   2.14402508e+01 -5.81085683e-01  4.52e-01 1.53e+01  1.74e+03  2.80e+01  4.00e+00 8.26e+00 2.80e+01  4.02e-01 2.61e-02      1s
   3   2.24455557e+01 -5.81085683e-01  2.81e-01 1.50e+01  1.70e+03  3.10e+01  4.00e+00 8.69e+00 3.10e+01  3.86e-01 2.27e-02      1s
   4   1.14374095e+01 -8.80005379e-02  1.28e-02 6.64e-01  9.27e+01 *8.36e-03  4.00e+00 9.11e+00 3.38e+01  9.75e-01 9.56e-01      1s
   5   1.45716493e+00 -1.06691687e-01  4.04e-02 4.87e-02  8.02e+00  4.26e-02  4.33e+00 2.02e+02 3.25e+01  9.51e-01 9.27e-01      2s
   6   3.55502784e-02 -1.05279766e-01  4.62e-02 2.16e-03  4.09e-01 *4.70e-02  4.01e+00 3.18e+03 3.20e+01  9.78e-01 9.56e-01      2s
   7  -2.78147976e-01 -1.05314812e-01  1.04e-01 2.48e-04  5.19e-02  1.23e-01  4.08e+00 7.07e+04 1.77e+01  9.56e-01 8.85e-01      2s

The algorithm stopped after 8 iterations in 1.95 seconds.

Primal variables:   [+16.997 +14.711 +14.213 +14.389 +13.790 +15.950 +16.580 +14.818 +15.922
 +15.208 +17.094 +19.292 +18.431 +19.212 +15.924 +20.688 +13.862 +14.471
 +19.663 +23.078 +16.290 +14.583 +18.512 +0.008 +20.757 +16.683 +16.103
 +13.696 +13.703 +15.648 +13.775 +18.555 +18.368 +18.145 +16.662 +15.916
 +17.330 +13.310 +15.231 +17.391 +18.485 +21.737 +19.159 +17.375 +19.183
 +15.145 +13.237 +0.002 +20.640 +17.635 +15.226 +13.849 +15.758 +16.359
 +15.768 +14.057 +16.439 +23.110 +19.604 +14.336 +16.276 +13.888 +18.643
 +15.613 +14.753 +18.227 +16.896 +15.573 +20.051 +19.137 +18.637 +18.001
 +19.199 +21.057 +15.433 +17.515 +22.030 +14.279 +19.324 +15.340 +16.399
 +19.066 +18.990 +15.158 +17.254 +15.389 +14.235 +14.047 +22.987 +14.218
 +16.607 +23.019 +21.179 +14.641 +14.295 +15.870 +14.014 +14.948 +18.360
 +16.126]
Dual slacks:        [+0.000 +0.000 +0.000 +0.000 +0.000 +0.000 +0.000 +0.000 +0.000 +0.000
 +0.000 +0.000 +0.000 +0.000 +0.000 +0.000 +0.000 +0.000 +0.000 +0.000
 +0.000 +0.000 +0.000 +0.733 +0.000 +0.000 +0.000 +0.000 +0.000 +0.000
 +0.000 +0.000 +0.000 +0.000 +0.000 +0.000 +0.000 +0.000 +0.000 +0.000
 +0.000 +0.000 +0.000 +0.000 +0.000 +0.000 +0.000 +1.861 +0.000 +0.000
 +0.000 +0.000 +0.000 +0.000 +0.000 +0.000 +0.000 +0.000 +0.000 +0.000
 +0.000 +0.000 +0.000 +0.000 +0.000 +0.000 +0.000 +0.000 +0.000 +0.000
 +0.000 +0.000 +0.000 +0.000 +0.000 +0.000 +0.000 +0.000 +0.000 +0.000
 +0.000 +0.000 +0.000 +0.000 +0.000 +0.000 +0.000 +0.000 +0.000 +0.000
 +0.000 +0.000 +0.000 +0.000 +0.000 +0.000 +0.000 +0.000 +0.000 +0.000]
Dual variables:     [+0.471 -1.944]

Primal objective:   -2.78147976e-01
Dual objective:     -1.05314812e-01

Primal residual:    1.04e-01
Dual residual:      2.48e-04
Complementraty:     5.19e-02

Number of Iter:     8
Run time:           1.95
