
--------------- Linear optimization problem characteristics ---------------
Seed:                    90
Number of variables:     1000
Number of constraints:   2

Norm of primal sol:      2.00e+00
Norm of dual sol:        2.00e+00
Norm of dual slacks:     2.00e+00

Norm of vector b:        4.87e-02
Norm of vector c:        2.47e+00

Norm of matrix A:        1.00e+00
Condition number:        2.00e+00

----------------------- Linear optimization problem -----------------------
Coeff matrix A:          [[-0.030 +0.006 +0.019 +0.034 +0.002 -0.010 +0.005 +0.024 -0.006 +0.017
 +0.020 +0.005 +0.011 +0.032 +0.032 -0.034 -0.031 -0.001 -0.022 -0.003
 -0.005 +0.001 +0.006 +0.006 -0.037 +0.007 +0.016 +0.010 -0.021 +0.007
 -0.005 -0.033 -0.029 +0.035 -0.011 +0.022 -0.028 -0.021 +0.020 -0.008
 -0.043 -0.033 -0.018 -0.003 -0.014 +0.043 -0.018 +0.019 -0.011 +0.008
 -0.026 +0.012 +0.014 -0.014 -0.025 -0.016 +0.013 -0.023 +0.025 +0.020
 +0.019 -0.012 +0.037 +0.028 +0.026 +0.033 +0.027 -0.043 +0.027 +0.005
 -0.002 -0.025 -0.017 -0.014 -0.037 -0.029 +0.013 +0.016 -0.028 -0.014
 -0.026 -0.023 -0.017 -0.027 -0.033 +0.029 +0.013 +0.010 +0.013 -0.018
 +0.015 +0.004 -0.001 +0.018 -0.003 +0.001 -0.021 -0.015 -0.023 -0.018
 -0.024 -0.019 +0.026 +0.011 -0.028 +0.001 +0.041 -0.042 +0.023 +0.024
 +0.008 +0.013 +0.002 -0.027 +0.003 +0.008 -0.037 +0.001 +0.029 +0.008
 +0.010 +0.006 -0.009 +0.023 -0.029 +0.045 -0.017 -0.028 -0.036 +0.019
 -0.026 +0.013 -0.029 +0.012 -0.039 +0.008 +0.014 +0.024 -0.033 +0.020
 +0.033 +0.017 -0.004 +0.031 -0.003 +0.004 +0.020 -0.031 +0.018 +0.016
 -0.007 -0.002 -0.035 +0.001 +0.008 +0.010 +0.022 +0.007 -0.003 +0.020
 -0.015 +0.035 -0.015 -0.032 -0.024 -0.044 -0.017 +0.005 +0.005 +0.020
 -0.030 -0.019 +0.005 +0.033 -0.012 +0.034 -0.031 -0.002 -0.030 +0.008
 -0.016 +0.018 -0.019 -0.019 -0.005 +0.009 -0.008 +0.007 -0.019 -0.015
 +0.010 -0.033 +0.033 -0.017 +0.026 +0.005 -0.019 +0.004 -0.024 +0.016
 -0.006 -0.035 -0.014 +0.003 +0.033 -0.005 -0.026 -0.003 +0.004 +0.023
 +0.000 +0.015 -0.025 +0.029 +0.018 -0.003 +0.025 +0.034 +0.012 -0.025
 -0.009 -0.021 -0.009 +0.015 +0.035 +0.027 +0.005 -0.008 -0.003 -0.005
 -0.023 -0.023 +0.016 +0.040 +0.034 -0.005 -0.000 -0.039 +0.031 -0.002
 +0.016 -0.018 -0.022 +0.033 -0.039 -0.023 -0.036 -0.006 +0.015 -0.007
 -0.011 -0.021 +0.004 +0.024 +0.022 +0.002 +0.004 -0.023 +0.018 -0.004
 +0.018 -0.004 -0.023 -0.017 +0.023 -0.024 +0.004 -0.027 +0.012 -0.011
 +0.018 +0.010 -0.037 -0.014 +0.008 -0.045 -0.010 +0.013 +0.020 +0.024
 +0.023 -0.021 +0.024 -0.029 +0.002 -0.042 +0.007 -0.009 +0.016 -0.023
 +0.027 -0.025 +0.024 -0.011 -0.025 +0.013 +0.017 -0.004 +0.007 +0.008
 +0.019 +0.013 -0.006 +0.029 -0.013 -0.028 +0.035 +0.016 -0.015 -0.027
 -0.020 +0.021 +0.017 +0.012 +0.005 -0.041 +0.019 -0.035 +0.033 -0.033
 -0.000 +0.022 +0.009 +0.027 -0.022 -0.026 +0.008 -0.017 +0.032 -0.012
 +0.013 -0.010 -0.012 +0.025 -0.001 +0.032 -0.032 -0.016 +0.013 +0.044
 -0.008 -0.006 -0.002 +0.006 -0.023 +0.026 +0.004 -0.007 -0.016 +0.029
 +0.025 +0.013 -0.007 -0.013 -0.033 +0.025 -0.018 +0.009 +0.003 -0.027
 -0.038 -0.001 -0.025 -0.008 +0.004 -0.033 -0.025 -0.014 +0.003 +0.003
 -0.011 +0.034 -0.024 +0.007 -0.017 -0.016 +0.038 -0.010 +0.010 +0.011
 -0.025 +0.007 +0.001 +0.011 +0.031 -0.019 -0.026 +0.005 +0.007 -0.022
 +0.002 +0.028 +0.009 -0.029 +0.004 +0.028 -0.006 +0.016 +0.017 +0.021
 -0.014 +0.013 +0.032 +0.000 +0.013 +0.000 +0.023 +0.020 -0.023 -0.032
 -0.009 -0.024 -0.005 +0.010 +0.028 -0.011 -0.016 -0.023 -0.016 -0.027
 -0.017 +0.019 -0.018 -0.023 -0.009 +0.008 +0.007 +0.014 +0.028 -0.021
 -0.016 +0.026 +0.024 +0.009 +0.017 -0.003 -0.021 +0.014 -0.002 -0.041
 +0.038 +0.023 +0.018 +0.013 -0.001 +0.002 -0.033 -0.032 -0.023 -0.010
 +0.032 +0.008 +0.019 -0.021 -0.028 +0.024 +0.006 +0.031 -0.037 +0.013
 -0.010 -0.017 +0.018 -0.036 +0.004 -0.007 -0.019 -0.019 -0.035 +0.001
 -0.016 +0.012 -0.002 -0.028 -0.027 +0.032 -0.022 -0.024 +0.003 -0.038
 +0.031 +0.003 +0.029 +0.013 -0.005 -0.024 -0.001 -0.021 -0.017 +0.028
 +0.011 -0.019 -0.038 +0.002 +0.044 +0.022 +0.010 -0.036 +0.019 +0.002
 -0.008 -0.017 +0.022 +0.001 +0.040 -0.038 +0.014 -0.034 -0.004 -0.006
 -0.004 -0.022 +0.023 +0.019 +0.025 +0.033 -0.022 +0.006 +0.006 +0.001
 +0.024 +0.030 -0.000 +0.031 +0.027 +0.026 -0.030 +0.023 +0.004 -0.030
 -0.003 +0.008 -0.016 -0.007 -0.018 -0.017 +0.022 +0.033 +0.027 -0.015
 -0.026 +0.017 +0.041 -0.032 -0.008 -0.002 +0.023 +0.010 +0.014 -0.029
 +0.007 +0.018 +0.020 +0.016 -0.019 +0.029 -0.003 -0.031 +0.045 +0.019
 -0.035 +0.025 -0.024 +0.005 +0.033 -0.018 +0.007 +0.032 -0.022 +0.023
 -0.006 +0.003 -0.010 -0.002 -0.005 -0.027 -0.008 +0.022 -0.005 -0.026
 +0.035 +0.008 +0.029 +0.008 -0.021 +0.022 -0.018 -0.011 +0.026 -0.018
 +0.032 +0.023 -0.024 -0.028 -0.024 +0.020 +0.029 +0.038 -0.020 +0.027
 -0.008 -0.034 -0.015 -0.033 +0.023 +0.014 -0.009 -0.007 +0.011 -0.011
 -0.026 -0.007 +0.016 -0.027 +0.001 +0.031 -0.013 -0.030 -0.014 -0.000
 +0.007 -0.000 +0.010 -0.013 +0.004 +0.014 -0.015 +0.037 +0.013 +0.006
 +0.038 -0.031 -0.034 +0.007 +0.002 +0.036 +0.003 +0.043 -0.001 +0.022
 +0.005 +0.013 +0.013 -0.025 -0.019 +0.014 +0.000 -0.020 +0.028 +0.023
 -0.026 +0.016 +0.035 -0.005 +0.018 -0.016 +0.012 -0.011 +0.025 -0.015
 +0.028 +0.015 -0.002 +0.011 -0.026 +0.027 +0.003 +0.030 +0.037 -0.019
 +0.030 -0.027 +0.012 -0.024 -0.006 +0.013 +0.010 -0.029 +0.020 +0.030
 +0.013 +0.022 +0.021 -0.004 -0.031 -0.023 +0.022 +0.017 -0.007 -0.020
 +0.026 +0.003 +0.020 -0.010 +0.018 -0.008 +0.014 +0.034 -0.001 -0.034
 +0.030 +0.030 -0.017 -0.025 -0.006 +0.023 +0.018 +0.029 -0.013 +0.006
 -0.001 -0.028 -0.028 -0.008 -0.030 +0.018 +0.034 -0.015 +0.010 +0.020
 -0.021 +0.003 -0.021 +0.027 -0.011 -0.026 +0.022 -0.021 -0.020 +0.019
 +0.023 -0.013 +0.034 -0.005 +0.004 -0.008 -0.039 +0.001 +0.012 -0.006
 -0.028 +0.028 -0.003 +0.016 -0.018 -0.001 -0.001 +0.014 +0.027 +0.008
 +0.001 +0.017 +0.017 +0.007 +0.003 +0.006 -0.012 +0.028 -0.033 -0.012
 +0.011 +0.003 -0.000 -0.030 +0.026 +0.027 -0.036 +0.035 +0.012 +0.003
 +0.016 -0.011 -0.025 -0.027 -0.027 +0.037 -0.043 +0.028 +0.011 +0.014
 -0.012 -0.005 +0.007 -0.002 +0.011 -0.003 +0.037 -0.008 +0.003 -0.002
 -0.017 +0.033 -0.015 -0.041 -0.014 -0.000 -0.001 -0.044 -0.001 -0.022
 +0.005 -0.015 -0.009 +0.041 -0.045 +0.036 -0.010 +0.034 -0.016 +0.017
 +0.002 +0.031 +0.026 -0.007 +0.041 -0.005 -0.026 -0.004 -0.012 +0.010
 +0.010 -0.012 +0.006 +0.027 +0.015 +0.012 +0.010 +0.017 -0.009 -0.020
 -0.032 -0.023 +0.005 +0.021 -0.017 +0.005 +0.027 +0.001 +0.012 +0.040
 +0.017 -0.027 +0.008 +0.022 -0.033 -0.012 -0.011 -0.024 +0.003 -0.014
 +0.012 -0.037 -0.008 -0.040 -0.016 -0.005 -0.032 +0.008 +0.018 +0.031
 -0.011 +0.015 -0.015 +0.030 -0.009 +0.020 +0.006 -0.025 -0.018 -0.001
 -0.007 +0.014 -0.025 -0.024 +0.032 -0.035 +0.031 +0.030 +0.018 -0.015
 +0.001 +0.002 -0.019 -0.018 -0.013 +0.027 -0.004 +0.024 -0.015 +0.019
 +0.026 -0.015 -0.008 +0.002 +0.020 -0.013 +0.032 +0.017 +0.013 +0.027
 +0.010 +0.022 -0.035 +0.037 -0.015 -0.018 +0.006 -0.010 -0.031 +0.010
 -0.010 +0.018 +0.006 -0.019 +0.025 +0.002 +0.014 +0.020 -0.009 +0.024
 +0.006 +0.014 +0.031 -0.024 +0.001 -0.020 -0.026 +0.028 -0.002 -0.014
 -0.003 +0.035 +0.036 +0.001 -0.011 -0.021 -0.008 -0.014 +0.009 +0.022
 +0.011 +0.018 +0.011 -0.000 +0.002 -0.022 +0.006 -0.011 +0.014 +0.027
 +0.009 +0.042 -0.012 -0.028 -0.028 -0.039 -0.033 -0.014 -0.031 +0.008
 -0.013 +0.014 +0.007 -0.007 +0.012 -0.004 -0.013 -0.016 -0.004 +0.013
 -0.007 +0.004 +0.004 +0.008 +0.011 +0.017 +0.036 -0.024 -0.014 +0.024
 +0.031 +0.022 -0.004 +0.008 +0.013 -0.028 +0.041 +0.024 +0.015 +0.032
 -0.026 +0.003 -0.017 -0.022 -0.031 -0.033 +0.013 +0.009 +0.016 +0.003]
                          [+0.038 -0.006 +0.010 -0.035 -0.044 -0.034 -0.005 -0.019 +0.004 +0.015
 -0.003 +0.008 -0.020 -0.003 -0.016 +0.048 +0.027 +0.040 -0.008 -0.031
 -0.013 -0.044 +0.038 +0.014 +0.052 +0.018 +0.019 -0.007 -0.009 +0.005
 -0.015 +0.041 +0.024 -0.034 +0.017 +0.020 +0.005 +0.018 +0.026 +0.024
 +0.050 +0.030 -0.012 -0.032 -0.020 -0.046 +0.046 -0.027 -0.001 -0.026
 +0.011 -0.038 +0.033 -0.010 +0.013 -0.013 +0.037 -0.012 +0.019 -0.017
 -0.032 +0.047 -0.038 -0.012 +0.022 -0.017 -0.048 +0.057 -0.004 -0.008
 -0.012 -0.021 -0.015 +0.035 +0.026 -0.001 +0.037 -0.043 +0.045 +0.043
 -0.028 -0.035 +0.014 +0.024 +0.043 +0.013 -0.039 +0.001 -0.037 +0.034
 +0.003 +0.015 +0.029 +0.004 -0.034 -0.014 +0.047 +0.036 +0.004 +0.037
 +0.049 -0.028 -0.045 +0.001 +0.006 -0.044 -0.055 +0.057 +0.017 -0.023
 -0.004 -0.023 -0.024 +0.005 -0.041 +0.017 +0.042 -0.024 -0.030 +0.039
 +0.022 +0.028 +0.023 -0.042 -0.001 -0.055 +0.040 +0.037 +0.037 +0.017
 -0.002 -0.027 -0.006 -0.041 +0.041 -0.026 -0.046 -0.049 +0.043 -0.050
 -0.049 +0.007 +0.024 -0.021 -0.013 +0.041 -0.024 +0.050 -0.028 +0.009
 +0.022 -0.024 +0.044 +0.014 +0.003 -0.013 +0.017 -0.032 +0.023 -0.034
 +0.030 -0.038 -0.003 +0.004 +0.001 +0.052 -0.009 -0.036 -0.022 +0.033
 +0.015 -0.028 +0.024 -0.009 +0.013 -0.054 +0.017 +0.037 -0.001 -0.003
 +0.044 +0.006 +0.047 +0.024 -0.013 -0.031 -0.000 -0.037 +0.033 +0.011
 +0.039 +0.011 -0.052 -0.031 -0.034 +0.023 +0.003 -0.044 -0.013 -0.039
 +0.045 +0.024 -0.024 -0.013 -0.019 +0.013 +0.016 +0.019 -0.022 +0.011
 -0.020 +0.007 -0.026 -0.039 -0.036 -0.001 -0.014 -0.037 -0.016 +0.015
 +0.043 -0.029 -0.038 -0.045 -0.026 -0.004 +0.005 -0.038 +0.015 +0.017
 +0.044 -0.026 -0.049 -0.033 -0.009 +0.005 +0.021 +0.036 -0.016 +0.032
 +0.003 -0.030 +0.042 -0.018 +0.042 +0.029 +0.021 +0.011 -0.036 -0.028
 +0.026 +0.034 +0.014 +0.009 +0.008 +0.030 -0.001 -0.005 -0.001 -0.004
 +0.019 -0.011 -0.014 +0.018 -0.048 -0.022 +0.033 +0.021 +0.027 +0.040
 -0.016 -0.043 +0.021 +0.018 +0.003 +0.057 -0.026 -0.023 +0.010 -0.009
 -0.036 +0.038 +0.028 +0.006 +0.039 +0.043 -0.013 -0.009 -0.031 -0.014
 -0.052 -0.005 -0.026 +0.011 +0.022 +0.009 -0.044 +0.042 -0.032 +0.020
 +0.030 -0.046 +0.014 -0.028 +0.006 +0.028 -0.051 +0.008 +0.008 +0.016
 -0.024 -0.037 -0.045 +0.034 -0.015 +0.044 -0.037 +0.035 -0.043 +0.047
 -0.013 -0.027 -0.024 -0.035 +0.013 -0.023 -0.024 -0.029 -0.039 +0.026
 -0.043 +0.047 -0.014 +0.010 +0.008 -0.034 +0.044 +0.009 +0.025 -0.057
 +0.035 -0.005 +0.008 -0.033 +0.020 -0.049 -0.009 +0.008 -0.003 -0.052
 -0.030 -0.040 +0.038 +0.011 +0.053 +0.014 -0.030 -0.038 -0.011 +0.004
 +0.040 +0.007 -0.006 -0.014 -0.036 +0.047 +0.022 -0.005 -0.038 -0.009
 +0.002 -0.015 -0.025 -0.009 +0.038 -0.024 -0.028 +0.018 +0.010 +0.028
 +0.006 +0.032 -0.035 +0.040 -0.009 +0.017 -0.000 -0.020 +0.031 +0.009
 +0.020 -0.013 +0.014 +0.009 +0.015 -0.028 -0.036 -0.001 +0.025 +0.001
 -0.009 -0.048 -0.053 +0.029 -0.017 +0.021 -0.039 +0.034 -0.016 -0.001
 -0.017 -0.012 +0.031 -0.029 -0.024 -0.007 +0.021 +0.031 -0.001 +0.022
 +0.019 +0.003 -0.024 +0.024 +0.027 -0.039 +0.016 +0.039 -0.001 +0.018
 +0.042 -0.013 -0.036 -0.027 -0.036 +0.016 +0.017 -0.030 +0.022 +0.051
 -0.030 +0.027 +0.004 +0.012 -0.015 +0.036 +0.032 +0.022 +0.017 +0.009
 -0.049 +0.016 -0.023 +0.043 +0.041 +0.013 +0.031 -0.026 +0.052 -0.008
 -0.036 +0.026 -0.041 +0.052 +0.032 -0.019 +0.002 +0.050 +0.011 +0.039
 +0.016 +0.013 +0.001 +0.028 -0.012 -0.043 +0.024 +0.043 +0.033 +0.024
 -0.035 +0.023 -0.054 -0.027 +0.024 -0.021 -0.004 -0.014 +0.040 +0.005
 +0.011 +0.001 +0.050 +0.040 -0.053 -0.034 -0.019 +0.020 +0.018 -0.028
 +0.016 +0.033 +0.006 +0.017 -0.053 +0.031 +0.021 +0.046 +0.023 -0.008
 +0.033 +0.051 -0.024 -0.035 -0.017 -0.041 -0.021 -0.007 +0.003 -0.019
 -0.038 -0.003 +0.036 -0.016 -0.030 -0.035 +0.043 +0.028 -0.003 +0.020
 -0.032 +0.028 +0.011 +0.010 +0.034 -0.037 -0.000 -0.016 -0.031 +0.014
 -0.029 +0.016 -0.042 +0.033 -0.018 +0.014 -0.027 +0.013 -0.047 +0.048
 +0.040 +0.019 -0.037 -0.046 -0.002 +0.007 -0.011 +0.047 -0.053 -0.010
 +0.043 -0.001 -0.015 -0.015 -0.040 -0.011 +0.005 -0.050 -0.029 -0.039
 -0.007 -0.005 +0.041 +0.022 -0.008 -0.017 -0.022 -0.010 +0.020 -0.024
 -0.033 +0.019 -0.048 -0.032 +0.027 -0.046 -0.027 +0.017 -0.023 +0.017
 -0.008 -0.051 +0.019 +0.039 +0.038 +0.014 +0.003 -0.035 -0.014 -0.030
 -0.017 +0.052 -0.020 +0.036 -0.021 -0.021 -0.009 -0.028 +0.001 -0.032
 +0.005 +0.013 -0.037 +0.004 +0.003 -0.039 +0.036 +0.036 +0.005 +0.013
 +0.028 -0.034 +0.011 +0.023 -0.041 -0.011 +0.022 -0.032 -0.040 +0.012
 -0.053 +0.017 +0.028 +0.039 -0.027 -0.022 +0.025 -0.046 -0.016 -0.033
 +0.020 +0.024 -0.023 +0.040 +0.013 -0.017 -0.025 +0.016 -0.008 +0.014
 +0.014 +0.017 -0.029 +0.034 -0.029 -0.024 +0.000 +0.007 -0.002 +0.025
 -0.012 -0.004 +0.014 -0.022 +0.047 -0.007 +0.036 -0.020 -0.055 -0.001
 -0.027 +0.051 +0.030 -0.001 -0.033 +0.013 +0.020 +0.049 -0.013 -0.031
 +0.003 -0.038 +0.031 +0.017 +0.021 +0.032 +0.031 +0.021 +0.016 -0.009
 -0.022 +0.028 -0.034 +0.002 -0.024 -0.039 -0.041 -0.035 +0.044 +0.042
 +0.003 -0.036 +0.020 +0.048 +0.012 -0.038 -0.040 -0.007 +0.030 -0.040
 -0.015 +0.004 +0.038 +0.035 +0.007 +0.015 -0.053 +0.042 -0.026 +0.010
 +0.048 -0.039 +0.040 +0.009 -0.029 +0.025 -0.006 +0.013 -0.003 +0.019
 +0.017 +0.003 -0.047 +0.040 -0.006 -0.017 +0.033 -0.017 +0.003 -0.031
 +0.031 +0.005 +0.001 -0.045 +0.015 -0.025 +0.037 +0.014 -0.005 +0.035
 -0.007 -0.007 +0.005 +0.010 +0.030 +0.037 +0.015 +0.017 +0.044 -0.007
 +0.037 -0.010 +0.037 +0.041 -0.016 -0.042 +0.045 -0.049 -0.042 -0.004
 +0.029 +0.028 +0.015 -0.014 +0.007 -0.046 +0.056 -0.021 +0.005 -0.007
 -0.034 +0.027 +0.028 -0.026 -0.019 -0.020 -0.032 -0.029 -0.021 -0.033
 +0.041 -0.017 +0.007 +0.056 +0.007 -0.019 -0.024 +0.051 -0.031 +0.022
 +0.005 +0.012 +0.014 -0.050 +0.055 -0.013 +0.018 -0.034 +0.017 -0.034
 -0.004 -0.053 -0.001 +0.018 -0.052 -0.005 +0.038 -0.011 +0.003 +0.000
 -0.036 -0.024 +0.020 +0.016 +0.019 +0.005 -0.020 +0.002 +0.010 +0.039
 +0.021 -0.012 +0.005 -0.047 -0.025 +0.037 -0.032 +0.030 +0.018 -0.055
 +0.032 +0.044 -0.010 -0.015 +0.029 -0.008 -0.040 +0.005 +0.005 +0.004
 -0.030 +0.030 +0.005 +0.039 +0.042 -0.012 +0.024 -0.019 -0.014 -0.043
 -0.004 +0.014 +0.003 -0.006 -0.026 -0.002 +0.032 +0.039 +0.038 -0.008
 -0.036 +0.007 +0.036 +0.009 +0.001 +0.016 -0.034 +0.003 -0.006 +0.045
 +0.030 +0.038 -0.013 -0.020 -0.017 -0.005 +0.031 -0.048 -0.014 -0.047
 +0.012 +0.027 +0.018 +0.021 -0.017 +0.026 -0.033 +0.017 +0.002 -0.030
 +0.003 -0.039 +0.029 -0.050 -0.023 -0.034 +0.040 +0.017 +0.020 +0.015
 +0.032 +0.020 +0.034 -0.014 -0.020 +0.000 +0.029 +0.009 +0.037 -0.027
 -0.036 -0.043 -0.029 +0.014 +0.024 +0.017 -0.018 -0.032 +0.026 -0.034
 -0.034 -0.046 -0.029 +0.006 -0.040 -0.024 +0.007 +0.012 -0.038 +0.011
 +0.008 +0.025 +0.016 -0.043 +0.008 +0.024 -0.038 -0.031 -0.025 +0.004
 +0.002 -0.040 +0.047 +0.019 +0.021 +0.042 +0.051 -0.036 +0.027 -0.021
 +0.012 +0.019 -0.019 -0.003 -0.032 +0.036 +0.035 +0.000 -0.023 -0.033
 +0.029 +0.008 -0.034 -0.046 +0.018 -0.031 -0.026 +0.021 +0.039 -0.024
 -0.022 +0.020 -0.005 -0.036 -0.026 +0.038 -0.038 +0.031 -0.030 -0.054
 +0.036 -0.038 +0.037 -0.034 +0.043 +0.018 +0.016 -0.009 -0.031 +0.038]]

RHS vector b:            [-0.011 +0.048]
Obj vector c:            [+0.044 -0.006 +0.033 -0.037 -0.080 -0.069 -0.004 -0.015 +0.002 +0.040
 +0.010 +0.018 -0.027 +0.021 -0.003 +0.060 +0.025 +0.073 -0.032 -0.058
 -0.028 -0.079 +0.075 +0.031 +0.064 +0.039 +0.047 -0.004 -0.034 +0.015
 -0.032 +0.049 +0.021 -0.034 +0.022 +0.054 -0.013 +0.017 +0.063 +0.037
 +0.057 +0.029 -0.036 -0.062 -0.049 -0.049 +0.070 -0.035 -0.011 -0.042
 -0.001 -0.059 +0.071 -0.030 +0.003 -0.037 +0.078 -0.041 +0.055 -0.014
 -0.043 +0.076 -0.040 +0.001 +0.061 -0.005 -0.066 +0.069 +0.014 -0.010
 -0.023 -0.058 -0.042 +0.053 +0.018 -0.025 +0.078 -0.065 +0.059 +0.068
 -0.072 -0.084 +0.011 +0.023 +0.051 +0.047 -0.060 +0.011 -0.057 +0.047
 +0.018 +0.031 +0.053 +0.022 -0.064 -0.025 +0.069 +0.054 -0.011 +0.054
 +0.071 -0.066 -0.062 +1.967 -0.011 -0.079 -0.067 +0.070 +0.049 -0.024
 -0.001 -0.033 -0.043 -0.012 -0.072 +0.037 +0.047 -0.043 -0.031 +0.077
 +0.049 +0.055 +0.035 -0.059 -0.026 -0.064 +0.058 +0.046 +0.039 +0.047
 -0.024 -0.038 -0.034 -0.065 +0.043 -0.041 -0.072 -0.069 +0.052 -0.075
 -0.062 +0.026 +0.042 -0.014 -0.026 +0.079 -0.027 +0.067 -0.037 +0.030
 +0.035 -0.046 +0.052 +0.027 +0.012 -0.015 +0.048 -0.053 +0.040 -0.046
 +0.042 -0.042 -0.018 -0.018 -0.017 +0.059 -0.031 -0.063 -0.036 +0.076
 +0.004 -0.067 +0.048 +0.010 +0.015 -0.072 +0.006 +0.066 -0.025 -0.000
 +0.067 +0.026 +0.071 +0.030 -0.029 -0.049 -0.007 -0.062 +0.045 +0.007
 +0.079 -0.006 -0.069 -0.071 -0.041 +0.047 -0.010 -0.077 -0.044 -0.058
 +0.077 +0.017 -0.055 -0.021 -0.007 +0.019 +0.009 +0.032 -0.038 +0.038
 -0.035 +0.025 -0.067 -0.048 -0.050 -0.005 -0.005 -0.039 -0.019 +0.007
 +0.072 -0.070 -0.077 -0.069 -0.020 +0.015 +0.014 -0.076 +0.025 +0.027
 +0.062 -0.066 -0.077 -0.029 +0.012 +0.005 +0.038 +0.034 -0.004 +0.057
 +0.019 -0.070 +0.059 -0.006 +0.046 +0.034 +0.009 +0.015 -0.054 -0.057
 +0.039 +0.046 +0.030 +0.036 +0.033 +0.056 +0.002 -0.028 +0.013 -0.011
 +0.049 -0.022 -0.044 +0.020 -0.070 -0.060 +0.064 +0.017 +0.060 +0.065
 -0.015 -0.071 +0.008 +0.021 +0.011 +0.067 -0.056 -0.031 +0.033 +0.004
 -0.046 +0.052 +0.070 -0.012 +0.074 +0.044 -0.018 -0.023 -0.043 -0.043
 -0.073 -0.029 -0.027 +0.010 +0.020 +0.026 -0.067 +0.075 -0.053 +0.042
 +0.070 -0.074 +0.434 -0.029 +0.000 +0.029 -0.065 +0.028 +0.002 +0.008
 -0.060 -0.050 -0.068 +0.072 -0.023 +0.048 -0.052 +0.037 -0.052 +0.060
 -0.024 -0.032 -0.036 -0.043 +0.006 -0.062 -0.038 -0.066 -0.045 +0.037
 -0.067 +0.078 -0.035 +0.039 +0.014 -0.036 +0.054 +0.003 +0.055 -0.069
 +0.058 -0.014 +0.014 -0.056 +0.019 -0.068 -0.013 +0.009 -0.019 -0.072
 -0.034 -0.063 +0.063 +0.009 +0.070 +0.045 -0.070 -0.062 -0.018 -0.014
 +0.043 +0.012 -0.032 -0.032 -0.062 +0.059 +0.021 -0.020 -0.068 -0.014
 -0.006 +0.000 -0.066 -0.010 +0.056 -0.057 -0.021 +0.025 +0.027 +0.059
 -0.009 +0.065 -0.063 +0.082 +0.009 +0.016 -0.022 -0.034 +0.062 -0.001
 +0.038 -0.000 +0.033 -0.007 +0.030 -0.029 -0.071 +0.010 +0.060 +0.019
 -0.028 -0.078 -0.072 +0.053 -0.021 +0.039 -0.053 +0.079 -0.047 -0.028
 -0.038 -0.041 +0.053 -0.045 -0.022 -0.023 +0.025 +0.038 -0.015 +0.018
 +0.021 +0.021 -0.058 +0.026 +0.042 -0.065 +0.034 +0.083 +0.021 +0.015
 +0.064 -0.003 -0.046 -0.043 -0.053 +0.027 +0.014 -0.044 +0.038 +0.061
 -0.024 +0.067 +0.022 +0.032 -0.029 +0.067 +0.032 +0.014 +0.012 +0.009
 -0.065 +0.036 -0.026 +0.062 +0.052 +0.043 +0.062 -0.023 +0.066 -0.004
 -0.074 +0.034 -0.061 +0.065 +0.062 -0.041 -0.012 +0.075 -0.007 +0.072
 +0.016 +0.033 -0.001 +0.029 -0.044 -0.052 +0.026 +0.060 +0.062 +0.013
 -0.039 +0.044 -0.075 -0.039 +0.040 -0.058 -0.009 -0.043 +0.060 +0.033
 +0.030 -0.014 +0.061 +0.075 -0.062 -0.044 -0.026 +0.008 +0.049 -0.049
 +0.022 +0.046 +0.029 +0.032 -0.064 +0.027 +0.050 +0.058 +0.038 -0.019
 +0.056 +0.076 -0.025 -0.049 -0.011 -0.049 -0.055 -0.008 +0.011 -0.035
 -0.050 +0.019 +0.065 -0.005 -0.033 -0.044 +0.055 +0.070 -0.002 +0.013
 -0.060 +0.057 +0.008 +0.013 +0.047 -0.082 +0.017 -0.003 -0.034 +0.014
 -0.073 +0.042 -0.045 +0.035 -0.039 +0.024 -0.030 +0.032 -0.075 +0.064
 +0.080 +0.050 -0.052 -0.071 -0.019 +0.036 -0.022 +0.060 -0.061 -0.003
 +0.050 +0.019 -0.047 -0.024 -0.046 -0.035 +0.014 -0.065 -0.071 -0.052
 -0.018 -0.008 +0.068 +0.039 -0.019 -0.052 -0.048 -0.001 +0.032 -0.066
 -0.033 +0.042 -0.065 -0.053 +0.033 -0.068 -0.064 +0.022 -0.022 +0.017
 +0.010 -0.076 +0.014 +0.049 +0.050 +0.041 +0.028 -0.034 -0.042 -0.033
 -0.037 +0.068 -0.050 +0.039 -0.021 -0.027 -0.025 -0.057 +0.011 -0.068
 -0.012 +0.018 -0.055 -0.015 +0.007 -0.047 +0.056 +0.041 -0.003 +0.024
 +0.057 -0.063 +0.028 +0.031 -0.072 -0.009 +0.028 -0.029 -0.063 +0.026
 -0.066 +0.006 +0.024 +0.078 -0.047 -0.011 +0.049 -0.049 -0.030 -0.043
 +0.040 +0.054 -0.031 +0.053 +0.008 -0.019 -0.045 +0.013 +0.007 +0.044
 +0.005 +0.044 -0.024 +0.058 -0.040 -0.057 +0.010 +0.003 +0.017 +0.033
 +0.001 +0.005 +0.023 -0.032 +0.065 +0.010 +0.069 -0.013 -0.071 -0.017
 -0.026 +0.073 +0.065 -0.020 -0.064 +0.033 +0.044 +0.067 -0.007 -0.034
 +0.015 -0.052 +0.073 +0.029 +0.014 +0.040 +0.075 +0.052 +0.023 -0.033
 -0.020 +0.055 -0.046 -0.005 -0.030 -0.077 -0.063 -0.036 +0.079 +0.049
 +0.030 -0.042 +0.022 +0.068 +0.017 -0.051 -0.059 +0.010 +0.044 -0.068
 -0.028 -0.016 +0.047 +0.059 -0.011 +0.043 -0.070 +0.064 -0.040 +0.034
 +0.072 -0.070 +0.056 +0.038 -0.062 +0.025 +0.007 +0.007 -0.021 +0.050
 +0.050 -0.004 -0.058 +0.070 -0.007 -0.037 +0.029 -0.030 +0.015 -0.061
 +0.034 +0.033 +0.000 -0.068 +0.012 -0.046 +0.067 +0.037 +0.012 +0.070
 -0.011 +0.000 +0.022 +0.024 +0.058 +0.072 +0.018 +0.053 +0.054 -0.022
 +0.076 -0.016 +0.068 +0.050 -0.008 -0.055 +0.053 -0.061 -0.068 -0.004
 +0.066 +0.042 +0.007 -0.048 -0.009 -0.054 +0.069 -0.016 +0.018 -0.002
 -0.072 +0.045 +0.057 -0.049 -0.025 -0.039 -0.029 -0.060 -0.037 -0.061
 +0.062 -0.004 +0.001 +0.069 +0.002 -0.036 -0.044 +0.058 -0.058 +0.023
 +0.013 +0.009 +0.018 -0.059 +0.063 +0.004 +0.024 -0.035 +0.018 -0.049
 -0.005 -0.072 +0.019 +0.026 -0.062 -0.013 +0.049 -0.023 -0.004 +0.009
 -0.058 -0.053 +0.041 +0.051 +0.048 +0.020 -0.028 +0.016 +0.010 +0.056
 +0.012 -0.041 +0.014 -0.069 -0.059 +0.072 -0.036 +0.056 +0.042 -0.068
 +0.072 +0.059 -0.012 -0.010 +0.027 -0.024 -0.083 -0.011 +0.012 -0.004
 -0.046 +0.024 +0.003 +0.039 +0.064 -0.026 +0.018 -0.028 -0.011 -0.053
 -0.017 +0.038 -0.006 +0.014 -0.055 +0.012 +0.064 +0.051 +0.055 -0.015
 -0.071 +0.024 +0.045 -0.004 +0.028 +0.001 -0.038 +0.031 +0.003 +0.071
 +0.055 +0.071 -0.040 -0.051 -0.042 +0.013 +0.053 -0.069 -0.038 -0.070
 +0.044 +0.038 +0.025 +0.040 -0.015 +0.037 -0.034 +0.045 +0.015 -0.033
 +0.014 -0.054 +0.025 -0.062 -0.054 -0.077 +0.079 +0.022 +0.013 +0.036
 +0.050 +0.051 +0.066 -0.042 -0.016 +0.002 +0.065 +0.033 +0.061 -0.031
 -0.062 -0.067 -0.029 +0.007 +0.045 +0.015 -0.055 -0.035 +0.045 -0.074
 -0.065 -0.056 -0.024 +0.012 -0.083 -0.060 +0.006 +0.012 -0.062 +0.038
 +0.024 +0.060 +0.039 -0.078 +0.017 +0.027 -0.065 -0.065 -0.033 +0.029
 +0.010 -0.040 +0.076 +0.011 +0.015 +0.045 +0.067 -0.076 +0.024 -0.032
 +0.012 +0.045 -0.030 -0.011 -0.050 +0.062 +0.053 -0.012 -0.046 -0.049
 +0.048 +0.019 -0.058 -0.079 +0.041 -0.042 -0.018 +0.020 +0.061 -0.025
 -0.016 +0.055 -0.012 -0.060 -0.036 +0.047 -0.036 +0.076 -0.042 -0.074
 +0.046 -0.067 +0.054 -0.079 +0.054 +0.006 +0.039 -0.008 -0.044 +0.073]

---------------------------- Optimal solution -----------------------------
Primal variables:         [+0.017 +0.017 +0.109 +0.100 +0.021 +0.030 +0.037 +0.072 +0.028 +0.070
 +0.064 +0.069 +0.041 +0.029 +0.022 +0.061 +0.092 +0.056 +0.076 +0.084
 +0.071 +0.043 +0.009 +0.090 +0.090 +0.006 +0.066 +0.107 +0.109 +0.091
 +0.077 +0.069 +0.066 +0.076 +0.093 +0.051 +0.061 +0.106 +0.032 +0.054
 +0.090 +0.067 +0.070 +0.046 +0.087 +0.034 +0.084 +0.044 +0.084 +0.067
 +0.049 +0.066 +0.102 +0.100 +0.064 +0.103 +0.077 +0.106 +0.004 +0.051
 +0.005 +0.107 +0.071 +0.010 +0.091 +0.014 +0.074 +0.099 +0.016 +0.055
 +0.053 +0.037 +0.007 +0.060 +0.071 +0.032 +0.012 +0.062 +0.016 +0.021
 +0.019 +0.061 +0.066 +0.110 +0.103 +0.046 +0.018 +0.054 +0.021 +0.075
 +0.100 +0.032 +0.010 +0.095 +0.028 +0.094 +0.004 +0.109 +0.057 +0.109
 +0.101 +0.068 +0.078 +0.000 +0.045 +0.043 +0.058 +0.080 +0.059 +0.105
 +0.021 +0.081 +0.047 +0.010 +0.031 +0.053 +0.061 +0.002 +0.052 +0.021
 +0.067 +0.063 +0.088 +0.052 +0.053 +0.082 +0.070 +0.089 +0.037 +0.032
 +0.020 +0.017 +0.086 +0.034 +0.073 +0.037 +0.033 +0.042 +0.023 +0.074
 +0.055 +0.027 +0.074 +0.037 +0.099 +0.043 +0.026 +0.012 +0.037 +0.081
 +0.028 +0.029 +0.056 +0.059 +0.037 +0.062 +0.013 +0.018 +0.014 +0.033
 +0.089 +0.058 +0.110 +0.020 +0.010 +0.030 +0.091 +0.036 +0.024 +0.111
 +0.091 +0.068 +0.008 +0.094 +0.096 +0.011 +0.000 +0.054 +0.076 +0.074
 +0.047 +0.027 +0.081 +0.094 +0.097 +0.043 +0.087 +0.032 +0.007 +0.061
 +0.077 +0.046 +0.076 +0.063 +0.004 +0.094 +0.011 +0.010 +0.090 +0.074
 +0.066 +0.058 +0.002 +0.004 +0.085 +0.058 +0.096 +0.012 +0.083 +0.046
 +0.044 +0.109 +0.089 +0.048 +0.047 +0.008 +0.028 +0.090 +0.043 +0.063
 +0.052 +0.026 +0.013 +0.051 +0.033 +0.037 +0.096 +0.096 +0.013 +0.096
 +0.095 +0.065 +0.073 +0.013 +0.034 +0.053 +0.090 +0.036 +0.015 +0.003
 +0.062 +0.051 +0.051 +0.064 +0.029 +0.038 +0.086 +0.060 +0.017 +0.037
 +0.021 +0.021 +0.074 +0.011 +0.038 +0.038 +0.072 +0.106 +0.077 +0.081
 +0.075 +0.102 +0.005 +0.017 +0.017 +0.082 +0.045 +0.023 +0.109 +0.074
 +0.033 +0.064 +0.087 +0.045 +0.004 +0.111 +0.076 +0.039 +0.026 +0.042
 +0.081 +0.102 +0.065 +0.082 +0.054 +0.030 +0.032 +0.062 +0.028 +0.013
 +0.008 +0.029 +0.031 +0.106 +0.038 +0.049 +0.033 +0.063 +0.077 +0.076
 +0.042 +0.044 +0.000 +0.029 +0.039 +0.098 +0.077 +0.029 +0.028 +0.051
 +0.051 +0.038 +0.016 +0.041 +0.095 +0.108 +0.099 +0.072 +0.029 +0.002
 +0.039 +0.030 +0.002 +0.003 +0.067 +0.105 +0.079 +0.082 +0.079 +0.019
 +0.024 +0.051 +0.065 +0.010 +0.029 +0.004 +0.085 +0.076 +0.083 +0.061
 +0.012 +0.059 +0.061 +0.084 +0.095 +0.097 +0.015 +0.078 +0.057 +0.025
 +0.096 +0.042 +0.028 +0.048 +0.085 +0.001 +0.104 +0.025 +0.064 +0.022
 +0.045 +0.017 +0.024 +0.024 +0.010 +0.083 +0.068 +0.054 +0.065 +0.010
 +0.096 +0.088 +0.101 +0.098 +0.108 +0.099 +0.031 +0.068 +0.086 +0.028
 +0.030 +0.108 +0.064 +0.085 +0.098 +0.066 +0.066 +0.073 +0.091 +0.047
 +0.104 +0.009 +0.043 +0.073 +0.095 +0.050 +0.010 +0.041 +0.070 +0.041
 +0.104 +0.063 +0.027 +0.107 +0.001 +0.030 +0.029 +0.015 +0.021 +0.071
 +0.101 +0.085 +0.104 +0.084 +0.088 +0.040 +0.063 +0.086 +0.033 +0.035
 +0.011 +0.045 +0.064 +0.001 +0.048 +0.044 +0.100 +0.005 +0.039 +0.092
 +0.033 +0.108 +0.060 +0.057 +0.087 +0.089 +0.062 +0.012 +0.033 +0.030
 +0.088 +0.077 +0.026 +0.051 +0.012 +0.024 +0.046 +0.052 +0.046 +0.021
 +0.090 +0.027 +0.079 +0.056 +0.102 +0.037 +0.001 +0.029 +0.085 +0.026
 +0.006 +0.077 +0.109 +0.074 +0.006 +0.078 +0.023 +0.100 +0.091 +0.062
 +0.027 +0.021 +0.048 +0.101 +0.066 +0.083 +0.067 +0.045 +0.066 +0.062
 +0.021 +0.067 +0.005 +0.037 +0.097 +0.055 +0.028 +0.026 +0.109 +0.047
 +0.088 +0.056 +0.108 +0.097 +0.062 +0.085 +0.051 +0.033 +0.093 +0.027
 +0.058 +0.091 +0.101 +0.016 +0.039 +0.057 +0.004 +0.032 +0.003 +0.090
 +0.043 +0.026 +0.029 +0.091 +0.028 +0.096 +0.003 +0.015 +0.033 +0.000
 +0.095 +0.044 +0.017 +0.091 +0.048 +0.003 +0.073 +0.058 +0.022 +0.111
 +0.050 +0.001 +0.020 +0.083 +0.065 +0.044 +0.002 +0.026 +0.065 +0.070
 +0.066 +0.024 +0.019 +0.102 +0.022 +0.071 +0.023 +0.068 +0.071 +0.075
 +0.068 +0.098 +0.059 +0.053 +0.109 +0.100 +0.034 +0.097 +0.009 +0.058
 +0.044 +0.060 +0.024 +0.066 +0.015 +0.018 +0.067 +0.056 +0.040 +0.042
 +0.055 +0.057 +0.017 +0.091 +0.091 +0.049 +0.056 +0.052 +0.013 +0.055
 +0.007 +0.018 +0.041 +0.003 +0.086 +0.006 +0.106 +0.064 +0.068 +0.041
 +0.070 +0.104 +0.029 +0.083 +0.036 +0.089 +0.032 +0.055 +0.016 +0.074
 +0.060 +0.026 +0.075 +0.021 +0.068 +0.052 +0.088 +0.092 +0.049 +0.019
 +0.058 +0.043 +0.012 +0.009 +0.037 +0.043 +0.050 +0.070 +0.043 +0.101
 +0.060 +0.033 +0.015 +0.108 +0.003 +0.093 +0.104 +0.018 +0.010 +0.020
 +0.034 +0.097 +0.088 +0.027 +0.048 +0.057 +0.012 +0.082 +0.105 +0.087
 +0.078 +0.095 +0.099 +0.019 +0.004 +0.040 +0.010 +0.017 +0.046 +0.054
 +0.047 +0.096 +0.085 +0.037 +0.067 +0.034 +0.001 +0.101 +0.042 +0.091
 +0.096 +0.026 +0.015 +0.001 +0.014 +0.072 +0.076 +0.015 +0.033 +0.007
 +0.077 +0.026 +0.100 +0.098 +0.094 +0.058 +0.071 +0.064 +0.047 +0.031
 +0.076 +0.071 +0.111 +0.034 +0.034 +0.021 +0.095 +0.034 +0.015 +0.107
 +0.071 +0.101 +0.052 +0.075 +0.004 +0.054 +0.069 +0.026 +0.104 +0.023
 +0.100 +0.071 +0.013 +0.004 +0.041 +0.062 +0.087 +0.076 +0.097 +0.016
 +0.104 +0.024 +0.026 +0.016 +0.057 +0.074 +0.103 +0.062 +0.093 +0.073
 +0.086 +0.013 +0.011 +0.036 +0.064 +0.008 +0.069 +0.054 +0.013 +0.030
 +0.072 +0.066 +0.066 +0.032 +0.054 +0.001 +0.084 +0.045 +0.057 +0.056
 +0.081 +0.104 +0.018 +0.105 +0.109 +0.066 +0.012 +0.089 +0.006 +0.064
 +0.077 +0.049 +0.092 +0.105 +0.005 +0.008 +0.018 +0.002 +0.030 +0.090
 +0.037 +0.106 +0.103 +0.074 +0.004 +0.052 +0.015 +0.018 +0.017 +0.095
 +0.021 +0.003 +0.111 +0.109 +0.044 +0.111 +0.014 +0.016 +0.091 +0.024
 +0.005 +0.005 +0.024 +0.077 +0.108 +0.035 +0.093 +0.104 +0.046 +0.079
 +0.096 +0.058 +0.088 +0.036 +0.100 +0.002 +0.082 +0.041 +0.086 +0.041
 +0.061 +0.050 +0.023 +0.071 +0.030 +0.064 +0.044 +0.062 +0.087 +0.093
 +0.102 +0.054 +0.098 +0.101 +0.002 +0.090 +0.099 +0.027 +0.046 +0.056
 +0.058 +0.068 +0.077 +0.066 +0.061 +0.079 +0.024 +0.105 +0.009 +0.064
 +0.019 +0.009 +0.027 +0.104 +0.036 +0.048 +0.043 +0.012 +0.040 +0.006
 +0.028 +0.100 +0.076 +0.071 +0.000 +0.006 +0.087 +0.032 +0.059 +0.071
 +0.059 +0.020 +0.021 +0.078 +0.081 +0.016 +0.038 +0.073 +0.005 +0.029
 +0.009 +0.090 +0.081 +0.061 +0.106 +0.065 +0.078 +0.100 +0.046 +0.012
 +0.006 +0.104 +0.098 +0.082 +0.028 +0.104 +0.067 +0.093 +0.051 +0.071
 +0.035 +0.080 +0.025 +0.030 +0.067 +0.092 +0.062 +0.016 +0.038 +0.091
 +0.106 +0.020 +0.001 +0.003 +0.039 +0.072 +0.032 +0.019 +0.026 +0.053
 +0.082 +0.016 +0.000 +0.101 +0.099 +0.084 +0.101 +0.045 +0.046 +0.053
 +0.085 +0.044 +0.031 +0.017 +0.074 +0.090 +0.083 +0.032 +0.085 +0.072
 +0.064 +0.071 +0.084 +0.004 +0.029 +0.022 +0.072 +0.091 +0.071 +0.060
 +0.097 +0.051 +0.072 +0.096 +0.083 +0.031 +0.038 +0.077 +0.045 +0.034
 +0.086 +0.046 +0.084 +0.012 +0.055 +0.077 +0.060 +0.061 +0.068 +0.014
 +0.024 +0.040 +0.040 +0.068 +0.006 +0.005 +0.110 +0.102 +0.099 +0.074
 +0.041 +0.062 +0.087 +0.093 +0.005 +0.007 +0.076 +0.073 +0.053 +0.090
 +0.010 +0.047 +0.000 +0.024 +0.065 +0.057 +0.096 +0.065 +0.029 +0.012
 +0.092 +0.012 +0.104 +0.109 +0.022 +0.045 +0.110 +0.063 +0.062 +0.059
 +0.064 +0.102 +0.088 +0.018 +0.021 +0.018 +0.043 +0.049 +0.042 +0.110]
Dual slacks:              [+0.000 +0.000 +0.000 +0.000 +0.000 +0.000 +0.000 +0.000 +0.000 +0.000
 +0.000 +0.000 +0.000 +0.000 +0.000 +0.000 +0.000 +0.000 +0.000 +0.000
 +0.000 +0.000 +0.000 +0.000 +0.000 +0.000 +0.000 +0.000 +0.000 +0.000
 +0.000 +0.000 +0.000 +0.000 +0.000 +0.000 +0.000 +0.000 +0.000 +0.000
 +0.000 +0.000 +0.000 +0.000 +0.000 +0.000 +0.000 +0.000 +0.000 +0.000
 +0.000 +0.000 +0.000 +0.000 +0.000 +0.000 +0.000 +0.000 +0.000 +0.000
 +0.000 +0.000 +0.000 +0.000 +0.000 +0.000 +0.000 +0.000 +0.000 +0.000
 +0.000 +0.000 +0.000 +0.000 +0.000 +0.000 +0.000 +0.000 +0.000 +0.000
 +0.000 +0.000 +0.000 +0.000 +0.000 +0.000 +0.000 +0.000 +0.000 +0.000
 +0.000 +0.000 +0.000 +0.000 +0.000 +0.000 +0.000 +0.000 +0.000 +0.000
 +0.000 +0.000 +0.000 +1.957 +0.000 +0.000 +0.000 +0.000 +0.000 +0.000
 +0.000 +0.000 +0.000 +0.000 +0.000 +0.000 +0.000 +0.000 +0.000 +0.000
 +0.000 +0.000 +0.000 +0.000 +0.000 +0.000 +0.000 +0.000 +0.000 +0.000
 +0.000 +0.000 +0.000 +0.000 +0.000 +0.000 +0.000 +0.000 +0.000 +0.000
 +0.000 +0.000 +0.000 +0.000 +0.000 +0.000 +0.000 +0.000 +0.000 +0.000
 +0.000 +0.000 +0.000 +0.000 +0.000 +0.000 +0.000 +0.000 +0.000 +0.000
 +0.000 +0.000 +0.000 +0.000 +0.000 +0.000 +0.000 +0.000 +0.000 +0.000
 +0.000 +0.000 +0.000 +0.000 +0.000 +0.000 +0.000 +0.000 +0.000 +0.000
 +0.000 +0.000 +0.000 +0.000 +0.000 +0.000 +0.000 +0.000 +0.000 +0.000
 +0.000 +0.000 +0.000 +0.000 +0.000 +0.000 +0.000 +0.000 +0.000 +0.000
 +0.000 +0.000 +0.000 +0.000 +0.000 +0.000 +0.000 +0.000 +0.000 +0.000
 +0.000 +0.000 +0.000 +0.000 +0.000 +0.000 +0.000 +0.000 +0.000 +0.000
 +0.000 +0.000 +0.000 +0.000 +0.000 +0.000 +0.000 +0.000 +0.000 +0.000
 +0.000 +0.000 +0.000 +0.000 +0.000 +0.000 +0.000 +0.000 +0.000 +0.000
 +0.000 +0.000 +0.000 +0.000 +0.000 +0.000 +0.000 +0.000 +0.000 +0.000
 +0.000 +0.000 +0.000 +0.000 +0.000 +0.000 +0.000 +0.000 +0.000 +0.000
 +0.000 +0.000 +0.000 +0.000 +0.000 +0.000 +0.000 +0.000 +0.000 +0.000
 +0.000 +0.000 +0.000 +0.000 +0.000 +0.000 +0.000 +0.000 +0.000 +0.000
 +0.000 +0.000 +0.000 +0.000 +0.000 +0.000 +0.000 +0.000 +0.000 +0.000
 +0.000 +0.000 +0.000 +0.000 +0.000 +0.000 +0.000 +0.000 +0.000 +0.000
 +0.000 +0.000 +0.413 +0.000 +0.000 +0.000 +0.000 +0.000 +0.000 +0.000
 +0.000 +0.000 +0.000 +0.000 +0.000 +0.000 +0.000 +0.000 +0.000 +0.000
 +0.000 +0.000 +0.000 +0.000 +0.000 +0.000 +0.000 +0.000 +0.000 +0.000
 +0.000 +0.000 +0.000 +0.000 +0.000 +0.000 +0.000 +0.000 +0.000 +0.000
 +0.000 +0.000 +0.000 +0.000 +0.000 +0.000 +0.000 +0.000 +0.000 +0.000
 +0.000 +0.000 +0.000 +0.000 +0.000 +0.000 +0.000 +0.000 +0.000 +0.000
 +0.000 +0.000 +0.000 +0.000 +0.000 +0.000 +0.000 +0.000 +0.000 +0.000
 +0.000 +0.000 +0.000 +0.000 +0.000 +0.000 +0.000 +0.000 +0.000 +0.000
 +0.000 +0.000 +0.000 +0.000 +0.000 +0.000 +0.000 +0.000 +0.000 +0.000
 +0.000 +0.000 +0.000 +0.000 +0.000 +0.000 +0.000 +0.000 +0.000 +0.000
 +0.000 +0.000 +0.000 +0.000 +0.000 +0.000 +0.000 +0.000 +0.000 +0.000
 +0.000 +0.000 +0.000 +0.000 +0.000 +0.000 +0.000 +0.000 +0.000 +0.000
 +0.000 +0.000 +0.000 +0.000 +0.000 +0.000 +0.000 +0.000 +0.000 +0.000
 +0.000 +0.000 +0.000 +0.000 +0.000 +0.000 +0.000 +0.000 +0.000 +0.000
 +0.000 +0.000 +0.000 +0.000 +0.000 +0.000 +0.000 +0.000 +0.000 +0.000
 +0.000 +0.000 +0.000 +0.000 +0.000 +0.000 +0.000 +0.000 +0.000 +0.000
 +0.000 +0.000 +0.000 +0.000 +0.000 +0.000 +0.000 +0.000 +0.000 +0.000
 +0.000 +0.000 +0.000 +0.000 +0.000 +0.000 +0.000 +0.000 +0.000 +0.000
 +0.000 +0.000 +0.000 +0.000 +0.000 +0.000 +0.000 +0.000 +0.000 +0.000
 +0.000 +0.000 +0.000 +0.000 +0.000 +0.000 +0.000 +0.000 +0.000 +0.000
 +0.000 +0.000 +0.000 +0.000 +0.000 +0.000 +0.000 +0.000 +0.000 +0.000
 +0.000 +0.000 +0.000 +0.000 +0.000 +0.000 +0.000 +0.000 +0.000 +0.000
 +0.000 +0.000 +0.000 +0.000 +0.000 +0.000 +0.000 +0.000 +0.000 +0.000
 +0.000 +0.000 +0.000 +0.000 +0.000 +0.000 +0.000 +0.000 +0.000 +0.000
 +0.000 +0.000 +0.000 +0.000 +0.000 +0.000 +0.000 +0.000 +0.000 +0.000
 +0.000 +0.000 +0.000 +0.000 +0.000 +0.000 +0.000 +0.000 +0.000 +0.000
 +0.000 +0.000 +0.000 +0.000 +0.000 +0.000 +0.000 +0.000 +0.000 +0.000
 +0.000 +0.000 +0.000 +0.000 +0.000 +0.000 +0.000 +0.000 +0.000 +0.000
 +0.000 +0.000 +0.000 +0.000 +0.000 +0.000 +0.000 +0.000 +0.000 +0.000
 +0.000 +0.000 +0.000 +0.000 +0.000 +0.000 +0.000 +0.000 +0.000 +0.000
 +0.000 +0.000 +0.000 +0.000 +0.000 +0.000 +0.000 +0.000 +0.000 +0.000
 +0.000 +0.000 +0.000 +0.000 +0.000 +0.000 +0.000 +0.000 +0.000 +0.000
 +0.000 +0.000 +0.000 +0.000 +0.000 +0.000 +0.000 +0.000 +0.000 +0.000
 +0.000 +0.000 +0.000 +0.000 +0.000 +0.000 +0.000 +0.000 +0.000 +0.000
 +0.000 +0.000 +0.000 +0.000 +0.000 +0.000 +0.000 +0.000 +0.000 +0.000
 +0.000 +0.000 +0.000 +0.000 +0.000 +0.000 +0.000 +0.000 +0.000 +0.000
 +0.000 +0.000 +0.000 +0.000 +0.000 +0.000 +0.000 +0.000 +0.000 +0.000
 +0.000 +0.000 +0.000 +0.000 +0.000 +0.000 +0.000 +0.000 +0.000 +0.000
 +0.000 +0.000 +0.000 +0.000 +0.000 +0.000 +0.000 +0.000 +0.000 +0.000
 +0.000 +0.000 +0.000 +0.000 +0.000 +0.000 +0.000 +0.000 +0.000 +0.000
 +0.000 +0.000 +0.000 +0.000 +0.000 +0.000 +0.000 +0.000 +0.000 +0.000
 +0.000 +0.000 +0.000 +0.000 +0.000 +0.000 +0.000 +0.000 +0.000 +0.000
 +0.000 +0.000 +0.000 +0.000 +0.000 +0.000 +0.000 +0.000 +0.000 +0.000
 +0.000 +0.000 +0.000 +0.000 +0.000 +0.000 +0.000 +0.000 +0.000 +0.000
 +0.000 +0.000 +0.000 +0.000 +0.000 +0.000 +0.000 +0.000 +0.000 +0.000
 +0.000 +0.000 +0.000 +0.000 +0.000 +0.000 +0.000 +0.000 +0.000 +0.000
 +0.000 +0.000 +0.000 +0.000 +0.000 +0.000 +0.000 +0.000 +0.000 +0.000
 +0.000 +0.000 +0.000 +0.000 +0.000 +0.000 +0.000 +0.000 +0.000 +0.000
 +0.000 +0.000 +0.000 +0.000 +0.000 +0.000 +0.000 +0.000 +0.000 +0.000
 +0.000 +0.000 +0.000 +0.000 +0.000 +0.000 +0.000 +0.000 +0.000 +0.000
 +0.000 +0.000 +0.000 +0.000 +0.000 +0.000 +0.000 +0.000 +0.000 +0.000
 +0.000 +0.000 +0.000 +0.000 +0.000 +0.000 +0.000 +0.000 +0.000 +0.000
 +0.000 +0.000 +0.000 +0.000 +0.000 +0.000 +0.000 +0.000 +0.000 +0.000
 +0.000 +0.000 +0.000 +0.000 +0.000 +0.000 +0.000 +0.000 +0.000 +0.000
 +0.000 +0.000 +0.000 +0.000 +0.000 +0.000 +0.000 +0.000 +0.000 +0.000
 +0.000 +0.000 +0.000 +0.000 +0.000 +0.000 +0.000 +0.000 +0.000 +0.000
 +0.000 +0.000 +0.000 +0.000 +0.000 +0.000 +0.000 +0.000 +0.000 +0.000
 +0.000 +0.000 +0.000 +0.000 +0.000 +0.000 +0.000 +0.000 +0.000 +0.000
 +0.000 +0.000 +0.000 +0.000 +0.000 +0.000 +0.000 +0.000 +0.000 +0.000
 +0.000 +0.000 +0.000 +0.000 +0.000 +0.000 +0.000 +0.000 +0.000 +0.000
 +0.000 +0.000 +0.000 +0.000 +0.000 +0.000 +0.000 +0.000 +0.000 +0.000
 +0.000 +0.000 +0.000 +0.000 +0.000 +0.000 +0.000 +0.000 +0.000 +0.000
 +0.000 +0.000 +0.000 +0.000 +0.000 +0.000 +0.000 +0.000 +0.000 +0.000
 +0.000 +0.000 +0.000 +0.000 +0.000 +0.000 +0.000 +0.000 +0.000 +0.000
 +0.000 +0.000 +0.000 +0.000 +0.000 +0.000 +0.000 +0.000 +0.000 +0.000
 +0.000 +0.000 +0.000 +0.000 +0.000 +0.000 +0.000 +0.000 +0.000 +0.000
 +0.000 +0.000 +0.000 +0.000 +0.000 +0.000 +0.000 +0.000 +0.000 +0.000
 +0.000 +0.000 +0.000 +0.000 +0.000 +0.000 +0.000 +0.000 +0.000 +0.000
 +0.000 +0.000 +0.000 +0.000 +0.000 +0.000 +0.000 +0.000 +0.000 +0.000
 +0.000 +0.000 +0.000 +0.000 +0.000 +0.000 +0.000 +0.000 +0.000 +0.000]
Dual variables:           [+0.807 +1.830]

Optimal objective:       +7.84272866e-02
===========================================================================

Method:                  II-QIPM
LO_Precision:            1.00e-01
Stop_Precision:          1.00e-03
LO_Verbosity:            2
Omega:                   1.00e+01

The Quantum Inexact Infeasible Interior-Point Method starts running ...


                  Objective                Residual                                Linear system           Step-length
Iter      Primal           Dual         Primal    Dual     Compl    ||Resl||  Cond-Num  ||M||   ||RHS||    a-star   a-hat      Time
   0   2.21880495e+01  1.01108701e-02  3.33e-01 2.60e+01  9.00e+03 *2.22e-16  4.00e+00 1.00e+00 5.01e+00  9.56e-01 9.18e-01      0s
   1   1.75888906e+01  1.01108701e-02  5.75e+00 2.37e+01  8.26e+03  6.67e+01  3.73e+00 1.43e+01 6.67e+01  4.85e-01 9.06e-02      1s
   2   1.57874634e+01  1.01108701e-02  8.19e+00 2.29e+01  8.03e+03  8.48e+01  3.60e+00 1.64e+01 8.48e+01  4.33e-01 3.09e-02      1s
   3   1.40909399e+01  1.01108701e-02  1.05e+01 2.23e+01  7.83e+03  9.21e+01  3.55e+00 1.72e+01 9.21e+01  4.15e-01 2.75e-02      2s
   4   1.24773671e+01  1.01108701e-02  1.27e+01 2.18e+01  7.65e+03  9.92e+01  3.50e+00 1.80e+01 9.92e+01  3.99e-01 2.48e-02      2s
   5   1.09367228e+01  1.01108701e-02  1.48e+01 2.13e+01  7.49e+03  1.06e+02  3.45e+00 1.87e+01 1.06e+02  3.84e-01 2.25e-02      3s
   6   9.46152722e+00  1.01108701e-02  1.68e+01 2.08e+01  7.36e+03  1.13e+02  3.40e+00 1.95e+01 1.13e+02  3.69e-01 2.05e-02      3s
   7   8.04645292e+00  1.01108701e-02  1.87e+01 2.04e+01  7.23e+03  1.20e+02  3.35e+00 2.02e+01 1.20e+02  3.56e-01 1.87e-02      3s
   8   6.68256520e+00  1.01108701e-02  2.06e+01 2.01e+01  7.12e+03  1.26e+02  3.30e+00 2.08e+01 1.26e+02  3.44e-01 1.72e-02      4s
   9   5.36962692e+00  1.01108701e-02  2.23e+01 1.98e+01  7.02e+03  1.32e+02  3.25e+00 2.15e+01 1.32e+02  3.33e-01 1.58e-02      4s
  10   4.09975332e+00  1.01108701e-02  2.40e+01 1.95e+01  6.92e+03  1.39e+02  3.21e+00 2.21e+01 1.39e+02  3.22e-01 1.46e-02      5s
  11   2.87061941e+00  1.01108701e-02  2.57e+01 1.92e+01  6.84e+03  1.45e+02  3.17e+00 2.27e+01 1.45e+02  3.12e-01 1.36e-02      5s
  12   1.68005352e+00  1.01108701e-02  2.72e+01 1.90e+01  6.76e+03  1.51e+02  3.12e+00 2.33e+01 1.51e+02  3.02e-01 1.26e-02      6s
  13   5.23708221e-01  1.01108701e-02  2.88e+01 1.88e+01  6.69e+03  1.57e+02  3.08e+00 2.39e+01 1.57e+02  2.93e-01 1.17e-02      6s
  14  -6.00220528e-01  1.01108701e-02  3.02e+01 1.85e+01  6.62e+03  1.62e+02  3.04e+00 2.45e+01 1.62e+02  2.85e-01 1.10e-02      7s
  15  -1.69343576e+00  1.01108701e-02  3.16e+01 1.84e+01  6.56e+03  1.68e+02  3.00e+00 2.50e+01 1.68e+02  2.77e-01 1.03e-02      7s
  16   6.52896589e+00  8.29898193e-02  5.18e+00 2.96e+00  1.15e+03  8.73e-01  2.97e+00 2.56e+01 1.74e+02  8.86e-01 8.39e-01      7s
  17   8.06865051e+00  8.29898193e-02  7.77e-01 2.69e+00  1.06e+03  6.22e+01  3.90e+00 1.37e+02 6.22e+01  5.63e-01 8.83e-02      8s
  18   9.20599340e+00  8.29898193e-02  4.71e+00 2.56e+00  1.01e+03  7.83e+01  3.82e+00 1.55e+02 7.83e+01  5.20e-01 5.07e-02      9s
  19   1.03449290e+01  8.29898193e-02  8.43e+00 2.45e+00  9.67e+02  8.92e+01  3.77e+00 1.68e+02 8.92e+01  4.95e-01 4.40e-02     10s
  20   1.14785711e+01  8.29898193e-02  1.20e+01 2.35e+00  9.33e+02  9.99e+01  3.71e+00 1.79e+02 9.99e+01  4.71e-01 3.86e-02     10s
  21   1.26001945e+01  8.29898193e-02  1.53e+01 2.27e+00  9.04e+02  1.10e+02  3.66e+00 1.90e+02 1.10e+02  4.50e-01 3.42e-02     11s
  22   1.37071668e+01  8.29898193e-02  1.85e+01 2.20e+00  8.79e+02  1.20e+02  3.61e+00 2.01e+02 1.20e+02  4.31e-01 3.05e-02     12s
  23   1.47967850e+01  8.29898193e-02  2.16e+01 2.14e+00  8.57e+02  1.30e+02  3.56e+00 2.12e+02 1.30e+02  4.13e-01 2.73e-02     13s
  24   1.58678278e+01  8.29898193e-02  2.45e+01 2.09e+00  8.38e+02  1.40e+02  3.52e+00 2.22e+02 1.40e+02  3.96e-01 2.46e-02     14s
  25   1.69201532e+01  8.29898193e-02  2.73e+01 2.04e+00  8.21e+02  1.50e+02  3.47e+00 2.33e+02 1.50e+02  3.81e-01 2.23e-02     15s
  26   1.79523401e+01  8.29898193e-02  3.00e+01 2.00e+00  8.06e+02  1.59e+02  3.43e+00 2.42e+02 1.59e+02  3.67e-01 2.03e-02     16s
  27   1.89656156e+01  8.29898193e-02  3.25e+01 1.96e+00  7.93e+02  1.69e+02  3.39e+00 2.52e+02 1.69e+02  3.54e-01 1.86e-02     17s
  28   1.99606429e+01  8.29898193e-02  3.50e+01 1.93e+00  7.80e+02  1.78e+02  3.35e+00 2.61e+02 1.78e+02  3.42e-01 1.70e-02     18s
  29   2.09364687e+01  8.29898193e-02  3.74e+01 1.90e+00  7.69e+02  1.87e+02  3.31e+00 2.71e+02 1.87e+02  3.30e-01 1.57e-02     19s
  30   2.18953231e+01  8.29898193e-02  3.97e+01 1.87e+00  7.59e+02  1.96e+02  3.27e+00 2.80e+02 1.96e+02  3.20e-01 1.45e-02     20s
  31   2.28358362e+01  8.29898193e-02  4.19e+01 1.85e+00  7.50e+02  2.05e+02  3.23e+00 2.88e+02 2.05e+02  3.10e-01 1.34e-02     21s
  32   2.37587119e+01  8.29898193e-02  4.40e+01 1.82e+00  7.41e+02  2.13e+02  3.20e+00 2.97e+02 2.13e+02  3.00e-01 1.25e-02     22s
  33   2.46656956e+01  8.29898193e-02  4.61e+01 1.80e+00  7.34e+02  2.22e+02  3.16e+00 3.06e+02 2.22e+02  2.91e-01 1.16e-02     23s
  34   2.55568237e+01  8.29898193e-02  4.81e+01 1.78e+00  7.26e+02  2.30e+02  3.13e+00 3.14e+02 2.30e+02  2.83e-01 1.09e-02     24s
  35   2.64322381e+01  8.29898193e-02  5.01e+01 1.76e+00  7.20e+02  2.39e+02  3.10e+00 3.22e+02 2.39e+02  2.75e-01 1.02e-02     26s
  36   2.72930285e+01  8.29898193e-02  5.19e+01 1.75e+00  7.14e+02  2.47e+02  3.07e+00 3.30e+02 2.47e+02  2.68e-01 9.55e-03     27s
  37   2.81394812e+01  8.29898193e-02  5.38e+01 1.73e+00  7.08e+02  2.55e+02  3.04e+00 3.38e+02 2.55e+02  2.61e-01 8.98e-03     28s
  38   2.89719400e+01  8.29898193e-02  5.55e+01 1.72e+00  7.02e+02  2.63e+02  3.01e+00 3.46e+02 2.63e+02  2.54e-01 8.45e-03     29s
  39   4.68625519e+00  7.82701158e-02  1.11e+01 3.41e-01  1.51e+02 *9.24e-01  2.98e+00 3.53e+02 2.71e+02  8.70e-01 8.01e-01     29s
  40   1.61898409e+00  7.82918740e-02  5.29e+00 1.64e-01  7.61e+01  6.66e-01  4.11e+00 1.32e+03 4.26e+01  9.29e-01 5.21e-01     30s
  41  -7.04577043e-01  7.84157189e-02  4.23e-01 2.31e-03  1.20e+00  4.20e-01  4.05e+00 2.95e+03 6.15e+01  9.98e-01 9.86e-01     30s
  42  -3.99499204e+00  7.84157189e-02  2.31e+00 2.22e-03  1.16e+00  4.99e+01  3.90e+00 2.25e+05 4.99e+01  5.95e-01 4.08e-02     31s
  43  -3.99637790e+00  7.84157189e-02  2.31e+00 2.22e-03  1.16e+00  5.49e+01  3.86e+00 2.36e+05 5.49e+01  5.78e-01 1.62e-05     35s

The solution quality is limited by the precision of the linear system solver.

The algorithm stopped after 44 iterations in 35.20 seconds.

Primal variables:   [+16.618 +16.175 +16.012 +15.866 +16.689 +16.938 +16.172 +16.183 +16.264
 +16.067 +16.153 +16.132 +16.209 +12.458 +15.051 +16.612 +16.753 +16.088
 +16.871 +16.640 +16.459 +16.706 +16.130 +16.133 +16.644 +16.135 +16.042
 +16.168 +16.876 +16.144 +16.485 +16.637 +16.742 +15.769 +16.261 +14.908
 +16.788 +16.542 +15.004 +16.132 +16.661 +16.760 +16.868 +16.685 +16.881
 +14.449 +16.114 +16.220 +16.491 +16.277 +16.809 +16.316 +15.888 +16.732
 +16.768 +16.844 +15.767 +16.817 +12.917 +16.202 +16.230 +16.042 +15.532
 +15.701 +11.562 +15.072 +16.266 +16.693 +15.579 +16.190 +16.337 +15.929
 +16.896 +16.132 +16.544 +16.518 +15.838 +16.298 +16.435 +16.077 +14.097
 +14.267 +16.486 +16.691 +16.627 +10.939 +16.299 +16.157 +16.297 +16.249
 +16.172 +16.122 +16.086 +16.121 +16.701 +16.300 +16.167 +16.145 +16.819
 +16.209 +16.231 +16.787 +16.260 +0.007 +16.792 +16.694 +15.750 +16.693
 +14.902 +16.203 +16.162 +16.217 +16.383 +16.809 +16.595 +16.141 +16.730
 +16.412 +16.142 +16.097 +16.148 +16.136 +16.150 +16.256 +16.442 +14.542
 +16.161 +16.550 +16.742 +15.847 +16.785 +16.229 +16.232 +16.339 +16.713
 +16.279 +16.349 +16.273 +16.629 +16.304 +16.202 +16.141 +16.094 +15.723
 +16.381 +16.128 +16.214 +16.437 +16.222 +16.131 +16.134 +16.513 +16.673
 +16.117 +16.149 +16.184 +15.292 +16.360 +16.096 +16.236 +16.208 +15.930
 +16.670 +16.204 +16.846 +16.622 +16.834 +16.465 +16.303 +14.147 +16.790
 +16.732 +16.124 +13.602 +16.325 +16.228 +16.777 +16.082 +16.425 +16.160
 +16.098 +16.127 +16.132 +16.388 +16.461 +16.306 +16.363 +16.408 +16.288
 +16.459 +16.018 +16.534 +16.236 +16.808 +16.227 +16.127 +16.715 +16.599
 +16.663 +16.269 +16.051 +16.702 +16.911 +16.253 +15.062 +16.170 +16.753
 +16.116 +16.330 +15.414 +16.375 +16.159 +15.157 +16.215 +16.244 +16.261
 +16.081 +15.907 +16.191 +16.748 +16.047 +16.338 +16.968 +16.319 +15.244
 +15.587 +16.139 +16.939 +16.132 +16.139 +16.254 +16.132 +16.348 +13.670
 +12.806 +16.243 +16.101 +16.670 +15.478 +16.082 +16.163 +16.799 +16.246
 +15.161 +16.725 +16.489 +16.511 +16.201 +16.265 +16.763 +16.160 +16.321
 +16.122 +15.334 +15.795 +16.105 +16.161 +16.864 +16.164 +16.317 +15.838
 +16.377 +16.783 +16.402 +16.277 +16.206 +16.126 +16.719 +16.084 +16.065
 +16.200 +16.412 +16.309 +16.317 +16.148 +16.639 +16.841 +16.213 +15.969
 +16.042 +16.239 +16.292 +11.670 +16.733 +16.120 +16.591 +16.204 +16.530
 +16.232 +16.790 +16.278 +16.803 +16.209 +16.329 +16.650 +16.165 +16.297
 +16.069 +16.355 +16.142 +14.779 +16.379 +0.034 +16.129 +16.460 +16.651
 +16.187 +16.149 +16.506 +16.776 +16.790 +16.243 +16.294 +15.988 +16.232
 +16.693 +16.247 +16.746 +16.145 +16.565 +16.315 +16.222 +16.246 +16.226
 +16.680 +15.341 +16.269 +16.902 +16.128 +16.193 +16.335 +16.037 +16.726
 +14.924 +16.157 +16.023 +16.595 +16.523 +16.094 +15.165 +16.070 +16.390
 +16.165 +16.387 +16.593 +16.271 +16.211 +16.250 +16.700 +16.272 +16.219
 +16.317 +16.060 +16.397 +16.475 +14.431 +16.778 +16.382 +16.240 +16.800
 +16.727 +16.157 +16.753 +16.581 +16.476 +16.594 +16.646 +16.641 +16.550
 +16.222 +16.453 +14.376 +15.825 +16.179 +16.169 +16.934 +13.948 +16.210
 +16.156 +16.123 +16.826 +16.137 +16.581 +15.907 +14.644 +16.510 +16.795
 +16.288 +16.138 +16.731 +16.107 +15.813 +16.149 +16.794 +16.120 +16.148
 +16.861 +16.178 +15.775 +16.051 +16.728 +16.400 +16.262 +16.095 +16.195
 +16.100 +16.248 +13.477 +16.736 +15.879 +16.663 +16.718 +16.076 +16.274
 +16.116 +16.592 +16.350 +16.432 +16.677 +16.710 +16.419 +16.112 +16.907
 +16.551 +16.123 +16.409 +16.138 +15.560 +15.011 +16.588 +16.116 +16.032
 +16.239 +16.271 +16.253 +16.126 +16.567 +16.240 +16.100 +16.709 +14.559
 +13.199 +16.124 +16.159 +16.363 +16.116 +16.749 +16.776 +16.672 +16.324
 +16.241 +16.141 +16.212 +16.216 +16.497 +14.781 +16.137 +15.914 +16.626
 +16.179 +16.962 +16.299 +16.271 +16.625 +16.125 +16.605 +16.744 +16.110
 +16.058 +16.109 +16.418 +16.159 +16.228 +16.656 +16.243 +16.187 +16.508
 +16.294 +16.121 +16.338 +16.111 +16.113 +16.278 +16.230 +16.103 +16.318
 +16.248 +16.879 +16.153 +13.848 +16.160 +16.736 +16.688 +16.116 +14.876
 +16.235 +16.211 +16.416 +15.741 +16.428 +16.193 +16.232 +15.889 +16.111
 +15.785 +16.635 +16.077 +16.613 +16.103 +16.413 +16.072 +16.154 +16.211
 +16.241 +16.135 +16.100 +16.655 +16.180 +16.144 +16.356 +16.244 +14.340
 +16.093 +15.433 +16.197 +16.231 +16.519 +12.553 +16.172 +16.786 +16.652
 +16.142 +16.477 +16.227 +16.242 +16.640 +16.028 +14.968 +16.190 +16.407
 +14.111 +16.037 +14.977 +16.724 +16.633 +16.129 +16.218 +16.156 +16.362
 +16.401 +16.109 +15.855 +16.245 +16.316 +16.777 +12.617 +16.360 +16.517
 +14.644 +16.188 +16.694 +15.675 +16.622 +16.235 +16.107 +16.860 +16.142
 +16.234 +16.177 +16.246 +16.399 +16.200 +16.055 +16.098 +16.391 +15.504
 +16.724 +16.163 +16.126 +14.784 +15.665 +16.145 +16.261 +16.337 +16.434
 +16.274 +16.827 +16.255 +16.176 +16.473 +14.371 +16.289 +16.679 +16.509
 +16.373 +15.840 +14.136 +15.224 +16.893 +16.190 +16.605 +16.542 +16.904
 +16.709 +16.203 +16.204 +16.553 +16.752 +16.163 +16.951 +16.831 +16.203
 +16.263 +16.785 +16.164 +16.184 +16.107 +16.631 +16.512 +16.124 +16.141
 +16.609 +16.155 +16.239 +16.560 +16.183 +16.298 +15.196 +16.319 +16.131
 +16.037 +16.767 +16.754 +16.113 +16.418 +14.405 +16.112 +14.447 +16.377
 +16.233 +16.125 +16.105 +16.212 +16.401 +16.562 +16.194 +16.452 +16.561
 +15.672 +15.014 +16.770 +16.064 +15.402 +16.068 +16.225 +16.934 +16.168
 +16.368 +15.790 +16.278 +15.751 +16.181 +16.134 +16.223 +16.324 +15.614
 +16.123 +15.789 +16.147 +16.769 +16.063 +16.286 +16.066 +16.849 +16.796
 +16.158 +16.151 +16.390 +16.192 +16.133 +16.168 +16.246 +13.604 +16.125
 +16.785 +16.432 +12.650 +15.882 +16.172 +16.880 +16.165 +16.117 +16.236
 +16.398 +16.213 +16.945 +16.301 +15.837 +16.099 +16.674 +12.687 +16.176
 +16.392 +16.266 +16.204 +16.244 +16.265 +15.255 +16.172 +16.478 +16.349
 +16.760 +16.531 +16.069 +16.710 +15.946 +16.217 +16.105 +16.256 +15.922
 +16.158 +16.567 +16.266 +14.118 +16.910 +16.652 +16.117 +16.649 +16.825
 +15.768 +14.857 +16.490 +16.149 +16.062 +16.186 +16.618 +16.540 +16.321
 +16.165 +16.780 +16.633 +13.776 +16.231 +16.305 +16.504 +16.474 +16.089
 +16.138 +15.596 +16.129 +16.236 +16.187 +16.152 +16.140 +16.118 +16.132
 +16.302 +10.752 +16.615 +16.616 +16.018 +16.223 +16.093 +16.563 +16.055
 +16.249 +16.686 +16.134 +16.359 +16.181 +15.795 +16.149 +16.738 +15.966
 +16.822 +15.924 +16.696 +16.067 +16.161 +16.179 +16.970 +16.090 +16.140
 +16.542 +16.202 +16.478 +15.134 +16.828 +16.341 +16.639 +16.144 +14.818
 +16.520 +16.692 +16.459 +16.394 +16.463 +16.632 +16.570 +16.545 +16.140
 +16.448 +16.247 +15.571 +16.611 +12.502 +16.229 +15.826 +16.395 +16.243
 +16.193 +16.264 +15.616 +16.167 +15.590 +16.343 +16.436 +16.386 +16.448
 +16.160 +16.338 +16.865 +16.133 +11.526 +16.071 +16.166 +16.214 +16.168
 +16.292 +16.227 +16.769 +16.794 +16.138 +16.278 +16.918 +16.132 +16.199
 +16.100 +16.149 +15.856 +15.477 +16.410 +16.183 +16.181 +16.764 +16.623
 +16.993 +16.826 +16.142 +16.533 +16.256 +16.635 +16.320 +16.618 +16.112
 +16.431 +16.776 +16.225 +16.198 +16.213 +16.529 +16.123 +16.576 +14.678
 +16.818 +16.143 +16.137 +16.391 +16.196 +16.271 +16.876 +16.166 +16.450
 +16.797 +11.095 +16.452 +16.127 +12.672 +16.184 +16.074 +16.097 +16.113
 +16.895 +16.915 +16.798 +15.588 +16.076 +16.273 +16.840 +16.291 +14.190
 +16.245 +16.188 +16.107 +16.203 +16.199 +16.050 +15.978 +16.171 +16.193
 +16.159 +16.248 +16.745 +16.050 +16.921 +16.588 +16.120 +16.233 +16.788
 +16.155 +16.104 +15.880 +16.135 +16.897 +16.159 +16.170 +15.927 +15.918
 +16.067 +16.216 +16.440 +16.330 +16.042 +16.720 +16.101 +16.529 +15.675
 +16.189 +16.089 +16.961 +16.708 +16.074 +15.030 +16.148 +16.995 +16.685
 +16.296 +16.391 +16.370 +15.660 +16.161 +15.660 +16.155 +16.739 +16.133
 +16.502 +16.462 +16.925 +16.215 +14.986 +16.151 +13.990 +16.043 +16.780
 +16.761 +16.705 +16.508 +16.957 +16.756 +16.239 +16.363 +16.119 +16.245
 +16.395 +16.278 +16.069 +16.120 +16.650 +16.574 +16.259 +16.090 +16.131
 +16.441 +16.518 +16.153 +16.230 +14.722 +16.627 +16.105 +16.205 +15.842
 +14.977 +16.318 +16.386 +16.222 +16.532 +13.805 +9.816 +16.231 +16.266
 +16.478 +16.543 +16.183 +15.455 +16.549 +16.719 +16.150 +16.174 +16.235
 +16.125]
Dual slacks:        [+0.000 +0.000 +0.000 +0.000 +0.000 +0.000 +0.000 +0.000 +0.000 +0.000
 +0.000 +0.000 +0.000 +0.000 +0.000 +0.000 +0.000 +0.000 +0.000 +0.000
 +0.000 +0.000 +0.000 +0.000 +0.000 +0.000 +0.000 +0.000 +0.000 +0.000
 +0.000 +0.000 +0.000 +0.000 +0.000 +0.000 +0.000 +0.000 +0.000 +0.000
 +0.000 +0.000 +0.000 +0.000 +0.000 +0.000 +0.000 +0.000 +0.000 +0.000
 +0.000 +0.000 +0.000 +0.000 +0.000 +0.000 +0.000 +0.000 +0.000 +0.000
 +0.000 +0.000 +0.000 +0.000 +0.000 +0.000 +0.000 +0.000 +0.000 +0.000
 +0.000 +0.000 +0.000 +0.000 +0.000 +0.000 +0.000 +0.000 +0.000 +0.000
 +0.000 +0.000 +0.000 +0.000 +0.000 +0.000 +0.000 +0.000 +0.000 +0.000
 +0.000 +0.000 +0.000 +0.000 +0.000 +0.000 +0.000 +0.000 +0.000 +0.000
 +0.000 +0.000 +0.000 +1.957 +0.000 +0.000 +0.000 +0.000 +0.000 +0.000
 +0.000 +0.000 +0.000 +0.000 +0.000 +0.000 +0.000 +0.000 +0.000 +0.000
 +0.000 +0.000 +0.000 +0.000 +0.000 +0.000 +0.000 +0.000 +0.000 +0.000
 +0.000 +0.000 +0.000 +0.000 +0.000 +0.000 +0.000 +0.000 +0.000 +0.000
 +0.000 +0.000 +0.000 +0.000 +0.000 +0.000 +0.000 +0.000 +0.000 +0.000
 +0.000 +0.000 +0.000 +0.000 +0.000 +0.000 +0.000 +0.000 +0.000 +0.000
 +0.000 +0.000 +0.000 +0.000 +0.000 +0.000 +0.000 +0.000 +0.000 +0.000
 +0.000 +0.000 +0.000 +0.000 +0.000 +0.000 +0.000 +0.000 +0.000 +0.000
 +0.000 +0.000 +0.000 +0.000 +0.000 +0.000 +0.000 +0.000 +0.000 +0.000
 +0.000 +0.000 +0.000 +0.000 +0.000 +0.000 +0.000 +0.000 +0.000 +0.000
 +0.000 +0.000 +0.000 +0.000 +0.000 +0.000 +0.000 +0.000 +0.000 +0.000
 +0.000 +0.000 +0.000 +0.000 +0.000 +0.000 +0.000 +0.000 +0.000 +0.000
 +0.000 +0.000 +0.000 +0.000 +0.000 +0.000 +0.000 +0.000 +0.000 +0.000
 +0.000 +0.000 +0.000 +0.000 +0.000 +0.000 +0.000 +0.000 +0.000 +0.000
 +0.000 +0.000 +0.000 +0.000 +0.000 +0.000 +0.000 +0.000 +0.000 +0.000
 +0.000 +0.000 +0.000 +0.000 +0.000 +0.000 +0.000 +0.000 +0.000 +0.000
 +0.000 +0.000 +0.000 +0.000 +0.000 +0.000 +0.000 +0.000 +0.000 +0.000
 +0.000 +0.000 +0.000 +0.000 +0.000 +0.000 +0.000 +0.000 +0.000 +0.000
 +0.000 +0.000 +0.000 +0.000 +0.000 +0.000 +0.000 +0.000 +0.000 +0.000
 +0.000 +0.000 +0.000 +0.000 +0.000 +0.000 +0.000 +0.000 +0.000 +0.000
 +0.000 +0.000 +0.413 +0.000 +0.000 +0.000 +0.000 +0.000 +0.000 +0.000
 +0.000 +0.000 +0.000 +0.000 +0.000 +0.000 +0.000 +0.000 +0.000 +0.000
 +0.000 +0.000 +0.000 +0.000 +0.000 +0.000 +0.000 +0.000 +0.000 +0.000
 +0.000 +0.000 +0.000 +0.000 +0.000 +0.000 +0.000 +0.000 +0.000 +0.000
 +0.000 +0.000 +0.000 +0.000 +0.000 +0.000 +0.000 +0.000 +0.000 +0.000
 +0.000 +0.000 +0.000 +0.000 +0.000 +0.000 +0.000 +0.000 +0.000 +0.000
 +0.000 +0.000 +0.000 +0.000 +0.000 +0.000 +0.000 +0.000 +0.000 +0.000
 +0.000 +0.000 +0.000 +0.000 +0.000 +0.000 +0.000 +0.000 +0.000 +0.000
 +0.000 +0.000 +0.000 +0.000 +0.000 +0.000 +0.000 +0.000 +0.000 +0.000
 +0.000 +0.000 +0.000 +0.000 +0.000 +0.000 +0.000 +0.000 +0.000 +0.000
 +0.000 +0.000 +0.000 +0.000 +0.000 +0.000 +0.000 +0.000 +0.000 +0.000
 +0.000 +0.000 +0.000 +0.000 +0.000 +0.000 +0.000 +0.000 +0.000 +0.000
 +0.000 +0.000 +0.000 +0.000 +0.000 +0.000 +0.000 +0.000 +0.000 +0.000
 +0.000 +0.000 +0.000 +0.000 +0.000 +0.000 +0.000 +0.000 +0.000 +0.000
 +0.000 +0.000 +0.000 +0.000 +0.000 +0.000 +0.000 +0.000 +0.000 +0.000
 +0.000 +0.000 +0.000 +0.000 +0.000 +0.000 +0.000 +0.000 +0.000 +0.000
 +0.000 +0.000 +0.000 +0.000 +0.000 +0.000 +0.000 +0.000 +0.000 +0.000
 +0.000 +0.000 +0.000 +0.000 +0.000 +0.000 +0.000 +0.000 +0.000 +0.000
 +0.000 +0.000 +0.000 +0.000 +0.000 +0.000 +0.000 +0.000 +0.000 +0.000
 +0.000 +0.000 +0.000 +0.000 +0.000 +0.000 +0.000 +0.000 +0.000 +0.000
 +0.000 +0.000 +0.000 +0.000 +0.000 +0.000 +0.000 +0.000 +0.000 +0.000
 +0.000 +0.000 +0.000 +0.000 +0.000 +0.000 +0.000 +0.000 +0.000 +0.000
 +0.000 +0.000 +0.000 +0.000 +0.000 +0.000 +0.000 +0.000 +0.000 +0.000
 +0.000 +0.000 +0.000 +0.000 +0.000 +0.000 +0.000 +0.000 +0.000 +0.000
 +0.000 +0.000 +0.000 +0.000 +0.000 +0.000 +0.000 +0.000 +0.000 +0.000
 +0.000 +0.000 +0.000 +0.000 +0.000 +0.000 +0.000 +0.000 +0.000 +0.000
 +0.000 +0.000 +0.000 +0.000 +0.000 +0.000 +0.000 +0.000 +0.000 +0.000
 +0.000 +0.000 +0.000 +0.000 +0.000 +0.000 +0.000 +0.000 +0.000 +0.000
 +0.000 +0.000 +0.000 +0.000 +0.000 +0.000 +0.000 +0.000 +0.000 +0.000
 +0.000 +0.000 +0.000 +0.000 +0.000 +0.000 +0.000 +0.000 +0.000 +0.000
 +0.000 +0.000 +0.000 +0.000 +0.000 +0.000 +0.000 +0.000 +0.000 +0.000
 +0.000 +0.000 +0.000 +0.000 +0.000 +0.000 +0.000 +0.000 +0.000 +0.000
 +0.000 +0.000 +0.000 +0.000 +0.000 +0.000 +0.000 +0.000 +0.000 +0.000
 +0.000 +0.000 +0.000 +0.000 +0.000 +0.000 +0.000 +0.000 +0.000 +0.000
 +0.000 +0.000 +0.000 +0.000 +0.000 +0.000 +0.000 +0.000 +0.000 +0.000
 +0.000 +0.000 +0.000 +0.000 +0.000 +0.000 +0.000 +0.000 +0.000 +0.000
 +0.000 +0.000 +0.000 +0.000 +0.000 +0.000 +0.000 +0.000 +0.000 +0.000
 +0.000 +0.000 +0.000 +0.000 +0.000 +0.000 +0.000 +0.000 +0.000 +0.000
 +0.000 +0.000 +0.000 +0.000 +0.000 +0.000 +0.000 +0.000 +0.000 +0.000
 +0.000 +0.000 +0.000 +0.000 +0.000 +0.000 +0.000 +0.000 +0.000 +0.000
 +0.000 +0.000 +0.000 +0.000 +0.000 +0.000 +0.000 +0.000 +0.000 +0.000
 +0.000 +0.000 +0.000 +0.000 +0.000 +0.000 +0.000 +0.000 +0.000 +0.000
 +0.000 +0.000 +0.000 +0.000 +0.000 +0.000 +0.000 +0.000 +0.000 +0.000
 +0.000 +0.000 +0.000 +0.000 +0.000 +0.000 +0.000 +0.000 +0.000 +0.000
 +0.000 +0.000 +0.000 +0.000 +0.000 +0.000 +0.000 +0.000 +0.000 +0.000
 +0.000 +0.000 +0.000 +0.000 +0.000 +0.000 +0.000 +0.000 +0.000 +0.000
 +0.000 +0.000 +0.000 +0.000 +0.000 +0.000 +0.000 +0.000 +0.000 +0.000
 +0.000 +0.000 +0.000 +0.000 +0.000 +0.000 +0.000 +0.000 +0.000 +0.000
 +0.000 +0.000 +0.000 +0.000 +0.000 +0.000 +0.000 +0.000 +0.000 +0.000
 +0.000 +0.000 +0.000 +0.000 +0.000 +0.000 +0.000 +0.000 +0.000 +0.000
 +0.000 +0.000 +0.000 +0.000 +0.000 +0.000 +0.000 +0.000 +0.000 +0.000
 +0.000 +0.000 +0.000 +0.000 +0.000 +0.000 +0.000 +0.000 +0.000 +0.000
 +0.000 +0.000 +0.000 +0.000 +0.000 +0.000 +0.000 +0.000 +0.000 +0.000
 +0.000 +0.000 +0.000 +0.000 +0.000 +0.000 +0.000 +0.000 +0.000 +0.000
 +0.000 +0.000 +0.000 +0.000 +0.000 +0.000 +0.000 +0.000 +0.000 +0.000
 +0.000 +0.000 +0.000 +0.000 +0.000 +0.000 +0.000 +0.000 +0.000 +0.000
 +0.000 +0.000 +0.000 +0.000 +0.000 +0.000 +0.000 +0.000 +0.000 +0.000
 +0.000 +0.000 +0.000 +0.000 +0.000 +0.000 +0.000 +0.000 +0.000 +0.000
 +0.000 +0.000 +0.000 +0.000 +0.000 +0.000 +0.000 +0.000 +0.000 +0.000
 +0.000 +0.000 +0.000 +0.000 +0.000 +0.000 +0.000 +0.000 +0.000 +0.000
 +0.000 +0.000 +0.000 +0.000 +0.000 +0.000 +0.000 +0.000 +0.000 +0.000
 +0.000 +0.000 +0.000 +0.000 +0.000 +0.000 +0.000 +0.000 +0.000 +0.000
 +0.000 +0.000 +0.000 +0.000 +0.000 +0.000 +0.000 +0.000 +0.000 +0.000
 +0.000 +0.000 +0.000 +0.000 +0.000 +0.000 +0.000 +0.000 +0.000 +0.000
 +0.000 +0.000 +0.000 +0.000 +0.000 +0.000 +0.000 +0.000 +0.000 +0.000
 +0.000 +0.000 +0.000 +0.000 +0.000 +0.000 +0.000 +0.000 +0.000 +0.000
 +0.000 +0.000 +0.000 +0.000 +0.000 +0.000 +0.000 +0.000 +0.000 +0.000
 +0.000 +0.000 +0.000 +0.000 +0.000 +0.000 +0.000 +0.000 +0.000 +0.000
 +0.000 +0.000 +0.000 +0.000 +0.000 +0.000 +0.000 +0.000 +0.000 +0.000
 +0.000 +0.000 +0.000 +0.000 +0.000 +0.000 +0.000 +0.000 +0.000 +0.000]
Dual variables:     [+0.806 +1.830]

Primal objective:   -3.99637790e+00
Dual objective:     7.84157189e-02 

Primal residual:    2.31e+00
Dual residual:      2.22e-03
Complementraty:     1.16e+00

Number of Iter:     44
Run time:           35.20
