
--------------- Linear optimization problem characteristics ---------------
Seed:                    70
Number of variables:     200
Number of constraints:   2

Norm of primal sol:      2.00e+00
Norm of dual sol:        2.00e+00
Norm of dual slacks:     2.00e+00

Norm of vector b:        6.60e-02
Norm of vector c:        2.44e+00

Norm of matrix A:        1.00e+00
Condition number:        2.00e+00

----------------------- Linear optimization problem -----------------------
Coeff matrix A:          [[-0.056 -0.008 +0.035 +0.004 +0.064 -0.000 +0.004 +0.065 +0.015 -0.046
 -0.037 -0.039 +0.012 +0.037 -0.045 +0.034 -0.017 -0.029 -0.070 +0.042
 +0.023 +0.020 -0.026 -0.049 +0.006 +0.038 -0.008 +0.022 -0.035 +0.061
 +0.017 -0.032 +0.040 +0.038 +0.061 -0.021 +0.020 +0.031 -0.039 +0.030
 -0.036 +0.007 -0.062 +0.044 +0.035 +0.013 -0.037 -0.006 -0.013 -0.048
 +0.000 +0.052 -0.014 -0.023 +0.035 +0.044 -0.002 -0.055 -0.038 +0.051
 +0.046 -0.041 -0.017 -0.012 +0.026 -0.033 +0.019 +0.013 +0.013 -0.050
 +0.018 -0.043 -0.050 +0.003 -0.054 +0.050 -0.025 -0.050 -0.025 -0.021
 +0.024 -0.054 -0.015 +0.018 -0.006 +0.057 +0.061 +0.011 -0.042 -0.020
 -0.054 -0.020 -0.056 -0.030 +0.066 -0.059 -0.015 +0.050 -0.015 +0.029
 -0.007 -0.010 +0.059 -0.056 -0.050 +0.048 -0.007 +0.006 -0.022 -0.048
 -0.034 +0.003 +0.004 +0.048 +0.036 +0.034 +0.006 +0.003 +0.001 +0.003
 +0.048 -0.002 -0.006 -0.023 -0.010 +0.043 -0.008 -0.020 -0.045 +0.020
 -0.028 +0.036 -0.008 -0.059 +0.029 +0.006 +0.005 +0.047 -0.030 -0.026
 -0.023 -0.020 -0.023 -0.043 +0.042 +0.014 -0.006 +0.005 +0.018 +0.048
 +0.019 -0.028 +0.044 -0.027 -0.032 +0.065 +0.056 -0.051 +0.001 +0.007
 +0.022 +0.047 -0.043 +0.047 +0.038 +0.042 -0.041 -0.058 -0.023 +0.036
 +0.026 -0.033 +0.027 -0.016 -0.059 +0.007 +0.048 -0.010 +0.014 -0.050
 -0.030 +0.016 +0.059 -0.052 +0.038 +0.002 -0.030 -0.039 +0.066 -0.052
 -0.024 -0.053 +0.008 +0.062 +0.064 +0.021 +0.039 +0.033 -0.064 -0.004]
                          [+0.024 +0.036 -0.001 +0.051 +0.013 +0.062 -0.024 +0.055 +0.021 +0.095
 -0.023 -0.011 +0.095 -0.099 -0.077 -0.015 +0.106 +0.017 -0.105 +0.078
 -0.011 +0.025 +0.021 -0.086 +0.074 -0.064 -0.098 -0.087 +0.110 -0.016
 -0.077 +0.112 -0.053 +0.043 +0.036 +0.017 +0.022 +0.023 +0.034 -0.094
 +0.039 +0.102 -0.084 +0.044 +0.116 +0.060 -0.011 +0.056 +0.033 +0.004
 +0.102 -0.068 -0.081 +0.064 +0.048 -0.034 -0.097 -0.016 -0.048 +0.116
 -0.068 -0.112 -0.019 -0.040 +0.003 -0.037 -0.025 +0.086 -0.040 -0.117
 +0.012 +0.026 -0.084 -0.051 -0.122 -0.035 +0.045 -0.049 -0.062 +0.088
 -0.031 +0.070 +0.003 -0.041 -0.113 -0.110 +0.117 -0.101 -0.098 -0.021
 +0.076 +0.036 +0.069 -0.052 +0.098 -0.068 +0.074 +0.113 -0.042 -0.083
 -0.097 +0.008 +0.064 -0.043 +0.110 +0.108 -0.046 +0.112 -0.021 -0.015
 +0.083 +0.115 +0.057 +0.098 -0.092 -0.014 -0.116 -0.092 +0.066 -0.109
 -0.040 -0.049 +0.068 -0.034 +0.085 +0.047 -0.015 +0.061 +0.007 -0.014
 +0.056 -0.094 -0.082 -0.111 -0.068 -0.050 +0.034 -0.037 -0.041 -0.008
 +0.054 +0.012 +0.002 -0.038 -0.111 -0.034 +0.098 -0.024 +0.076 -0.055
 +0.061 -0.065 +0.020 -0.112 +0.072 +0.087 -0.075 -0.084 +0.081 +0.100
 +0.100 +0.104 -0.050 +0.115 +0.049 +0.016 -0.075 +0.046 -0.032 -0.026
 +0.034 -0.063 +0.070 +0.096 +0.058 +0.041 +0.078 -0.028 -0.115 -0.120
 +0.017 +0.088 -0.064 +0.106 +0.068 -0.059 +0.046 +0.000 +0.074 -0.103
 -0.116 +0.061 +0.067 +0.052 +0.071 +0.065 +0.054 +0.108 -0.096 +0.092]]

RHS vector b:            [-0.065 -0.008]
Obj vector c:            [-0.122 -0.042 +0.065 -0.030 +0.110 -0.046 +0.026 +0.080 +0.013 -0.156
 -0.052 -0.064 -0.046 +0.141 -0.028 +0.075 -0.109 -0.066 -0.053 +0.021
 +0.052 +0.020 -0.064 -0.028 -0.043 +0.118 +0.057 +0.105 -0.145 +0.126
 +0.087 -0.141 +0.113 +0.039 +0.087 -0.051 +0.021 +0.040 -0.098 +1.672
 -0.096 -0.061 -0.054 +0.050 -0.020 -0.021 -0.061 -0.052 -0.048 -0.092
 -0.075 +1.414 +0.033 -0.090 +0.031 +0.107 +0.067 -0.092 -0.036 +0.010
 +0.135 +0.007 -0.019 +0.006 +0.046 -0.035 +0.053 -0.039 +0.054 -0.008
 +0.026 -0.100 -0.031 +0.044 -0.011 +0.119 -0.080 -0.057 -0.001 -0.104
 +0.066 -0.152 -0.029 +0.064 +0.071 +0.187 +0.028 +0.094 -0.007 -0.021
 -0.156 -0.064 -0.155 -0.018 +0.051 -0.061 -0.082 +0.010 +0.004 +0.116
 +0.059 -0.025 +0.064 -0.072 -0.174 +0.011 +0.021 -0.070 -0.025 -0.078
 -0.124 -0.078 -0.035 +0.018 +0.135 +0.073 +0.097 +0.072 -0.047 +0.085
 +0.118 +0.031 -0.061 -0.017 -0.081 +0.046 -0.004 -0.083 -0.089 +0.048
 -0.093 +0.136 +0.046 -0.029 +0.104 +0.048 -0.016 +0.114 -0.025 -0.042
 -0.083 -0.046 -0.045 -0.053 +0.160 +0.052 -0.083 +0.027 -0.022 +0.129
 -0.009 -0.004 +0.067 +0.032 -0.112 +0.058 +0.160 -0.034 -0.057 -0.061
 -0.032 +0.011 -0.044 +0.003 +0.035 +0.067 -0.022 -0.141 -0.019 +0.086
 +0.024 -0.015 -0.001 -0.101 -0.153 -0.017 +0.033 +0.003 +0.111 -0.006
 -0.068 -0.035 +0.157 -0.175 +0.022 +0.047 -0.090 -0.072 +0.069 -0.021
 +0.040 -0.143 -0.034 +0.077 +0.067 -0.009 +0.032 -0.017 -0.049 -0.075]

---------------------------- Optimal solution -----------------------------
Primal variables:         [+0.228 +0.215 +0.144 +0.223 +0.078 +0.036 +0.212 +0.107 +0.121 +0.111
 +0.089 +0.065 +0.146 +0.076 +0.011 +0.174 +0.046 +0.047 +0.181 +0.031
 +0.076 +0.230 +0.243 +0.241 +0.032 +0.001 +0.194 +0.166 +0.085 +0.084
 +0.120 +0.130 +0.244 +0.233 +0.197 +0.046 +0.038 +0.008 +0.066 +0.000
 +0.238 +0.090 +0.119 +0.049 +0.225 +0.053 +0.208 +0.013 +0.057 +0.197
 +0.054 +0.000 +0.102 +0.122 +0.045 +0.035 +0.027 +0.109 +0.204 +0.233
 +0.132 +0.152 +0.086 +0.213 +0.143 +0.238 +0.212 +0.091 +0.070 +0.187
 +0.033 +0.235 +0.161 +0.219 +0.165 +0.192 +0.094 +0.225 +0.006 +0.111
 +0.037 +0.244 +0.227 +0.052 +0.057 +0.073 +0.017 +0.241 +0.095 +0.049
 +0.026 +0.070 +0.020 +0.136 +0.162 +0.123 +0.003 +0.133 +0.017 +0.055
 +0.188 +0.170 +0.053 +0.216 +0.235 +0.158 +0.150 +0.224 +0.147 +0.220
 +0.120 +0.087 +0.186 +0.046 +0.076 +0.006 +0.066 +0.217 +0.100 +0.147
 +0.143 +0.085 +0.199 +0.183 +0.229 +0.010 +0.128 +0.116 +0.025 +0.150
 +0.022 +0.074 +0.191 +0.170 +0.054 +0.081 +0.042 +0.187 +0.129 +0.043
 +0.112 +0.153 +0.116 +0.071 +0.233 +0.180 +0.174 +0.038 +0.030 +0.239
 +0.164 +0.039 +0.145 +0.076 +0.236 +0.005 +0.168 +0.069 +0.159 +0.125
 +0.219 +0.056 +0.095 +0.000 +0.106 +0.149 +0.120 +0.220 +0.092 +0.207
 +0.001 +0.239 +0.160 +0.007 +0.164 +0.004 +0.009 +0.218 +0.086 +0.201
 +0.019 +0.180 +0.217 +0.037 +0.151 +0.246 +0.133 +0.137 +0.196 +0.013
 +0.116 +0.064 +0.089 +0.119 +0.117 +0.015 +0.115 +0.175 +0.051 +0.148]
Dual slacks:              [+0.000 +0.000 +0.000 +0.000 +0.000 +0.000 +0.000 +0.000 +0.000 +0.000
 +0.000 +0.000 +0.000 +0.000 +0.000 +0.000 +0.000 +0.000 +0.000 +0.000
 +0.000 +0.000 +0.000 +0.000 +0.000 +0.000 +0.000 +0.000 +0.000 +0.000
 +0.000 +0.000 +0.000 +0.000 +0.000 +0.000 +0.000 +0.000 +0.000 +1.547
 +0.000 +0.000 +0.000 +0.000 +0.000 +0.000 +0.000 +0.000 +0.000 +0.000
 +0.000 +1.267 +0.000 +0.000 +0.000 +0.000 +0.000 +0.000 +0.000 +0.000
 +0.000 +0.000 +0.000 +0.000 +0.000 +0.000 +0.000 +0.000 +0.000 +0.000
 +0.000 +0.000 +0.000 +0.000 +0.000 +0.000 +0.000 +0.000 +0.000 +0.000
 +0.000 +0.000 +0.000 +0.000 +0.000 +0.000 +0.000 +0.000 +0.000 +0.000
 +0.000 +0.000 +0.000 +0.000 +0.000 +0.000 +0.000 +0.000 +0.000 +0.000
 +0.000 +0.000 +0.000 +0.000 +0.000 +0.000 +0.000 +0.000 +0.000 +0.000
 +0.000 +0.000 +0.000 +0.000 +0.000 +0.000 +0.000 +0.000 +0.000 +0.000
 +0.000 +0.000 +0.000 +0.000 +0.000 +0.000 +0.000 +0.000 +0.000 +0.000
 +0.000 +0.000 +0.000 +0.000 +0.000 +0.000 +0.000 +0.000 +0.000 +0.000
 +0.000 +0.000 +0.000 +0.000 +0.000 +0.000 +0.000 +0.000 +0.000 +0.000
 +0.000 +0.000 +0.000 +0.000 +0.000 +0.000 +0.000 +0.000 +0.000 +0.000
 +0.000 +0.000 +0.000 +0.000 +0.000 +0.000 +0.000 +0.000 +0.000 +0.000
 +0.000 +0.000 +0.000 +0.000 +0.000 +0.000 +0.000 +0.000 +0.000 +0.000
 +0.000 +0.000 +0.000 +0.000 +0.000 +0.000 +0.000 +0.000 +0.000 +0.000
 +0.000 +0.000 +0.000 +0.000 +0.000 +0.000 +0.000 +0.000 +0.000 +0.000]
Dual variables:           [+1.861 -0.732]

Optimal objective:       -1.15658070e-01
===========================================================================

Method:                  II-QIPM
LO_Precision:            1.00e-01
Stop_Precision:          1.00e-03
LO_Verbosity:            2
Omega:                   1.00e+01

The Quantum Inexact Infeasible Interior-Point Method starts running ...


                  Objective                Residual                                Linear system           Step-length
Iter      Primal           Dual         Primal    Dual     Compl    ||Resl||  Cond-Num  ||M||   ||RHS||    a-star   a-hat      Time
   0   1.86173313e+01  0.00000000e+00  8.01e+00 4.90e+00  7.78e+02  8.06e+00  4.00e+00 1.00e+00 8.06e+00  9.83e-01 9.65e-01      0s
   1   1.02600881e+01  0.00000000e+00  1.12e+01 4.32e+00  6.94e+02  3.66e+01  3.88e+00 3.34e+01 3.66e+01  5.06e-01 1.18e-01      1s
   2   7.66744444e+00  0.00000000e+00  1.23e+01 4.18e+00  6.73e+02  4.70e+01  3.80e+00 4.00e+01 4.70e+01  4.39e-01 3.22e-02      1s
   3   5.29009993e+00  0.00000000e+00  1.34e+01 4.07e+00  6.56e+02  5.06e+01  3.78e+00 4.21e+01 5.06e+01  4.21e-01 2.83e-02      1s
   4   3.06016283e+00  0.00000000e+00  1.44e+01 3.96e+00  6.41e+02  5.41e+01  3.76e+00 4.41e+01 5.41e+01  4.04e-01 2.55e-02      2s
   5   9.59043844e-01  0.00000000e+00  1.54e+01 3.87e+00  6.28e+02  5.76e+01  3.74e+00 4.61e+01 5.76e+01  3.88e-01 2.31e-02      2s
   6  -1.02943410e+00  0.00000000e+00  1.63e+01 3.79e+00  6.16e+02  6.10e+01  3.72e+00 4.80e+01 6.10e+01  3.74e-01 2.10e-02      2s
   7  -2.91379660e+00  0.00000000e+00  1.72e+01 3.72e+00  6.05e+02  6.44e+01  3.71e+00 4.99e+01 6.44e+01  3.60e-01 1.92e-02      3s
   8  -4.70890758e+00  0.00000000e+00  1.81e+01 3.65e+00  5.95e+02  6.78e+01  3.70e+00 5.18e+01 6.78e+01  3.48e-01 1.76e-02      3s
   9  -6.42105975e+00  0.00000000e+00  1.89e+01 3.59e+00  5.87e+02  7.11e+01  3.69e+00 5.36e+01 7.11e+01  3.36e-01 1.62e-02      4s
  10  -8.05762776e+00  0.00000000e+00  1.97e+01 3.54e+00  5.79e+02  7.45e+01  3.68e+00 5.55e+01 7.45e+01  3.25e-01 1.49e-02      4s
  11  -9.62528897e+00  0.00000000e+00  2.05e+01 3.49e+00  5.71e+02  7.78e+01  3.68e+00 5.73e+01 7.78e+01  3.15e-01 1.38e-02      4s
  12  -1.11316186e+01  0.00000000e+00  2.13e+01 3.44e+00  5.65e+02  8.11e+01  3.67e+00 5.90e+01 8.11e+01  3.05e-01 1.29e-02      5s
  13  -1.25805914e+01  0.00000000e+00  2.21e+01 3.40e+00  5.59e+02  8.44e+01  3.67e+00 6.08e+01 8.44e+01  2.96e-01 1.20e-02      5s
  14  -1.39772801e+01  0.00000000e+00  2.28e+01 3.37e+00  5.53e+02  8.77e+01  3.67e+00 6.26e+01 8.77e+01  2.88e-01 1.12e-02      5s
  15  -1.53249946e+01  0.00000000e+00  2.35e+01 3.33e+00  5.48e+02  9.09e+01  3.68e+00 6.43e+01 9.09e+01  2.80e-01 1.05e-02      6s
  16  -1.66268116e+01  0.00000000e+00  2.42e+01 3.30e+00  5.43e+02  9.42e+01  3.68e+00 6.61e+01 9.42e+01  2.72e-01 9.82e-03      6s
  17  -1.78881174e+01  0.00000000e+00  2.49e+01 3.27e+00  5.38e+02  9.75e+01  3.69e+00 6.78e+01 9.75e+01  2.65e-01 9.24e-03      7s
  18  -1.91089878e+01  0.00000000e+00  2.55e+01 3.24e+00  5.34e+02  1.01e+02  3.70e+00 6.96e+01 1.01e+02  2.58e-01 8.69e-03      7s
  19  -2.02931093e+01  0.00000000e+00  2.62e+01 3.21e+00  5.30e+02  1.04e+02  3.71e+00 7.13e+01 1.04e+02  2.52e-01 8.19e-03      8s
  20  -2.14427569e+01  0.00000000e+00  2.68e+01 3.19e+00  5.27e+02  1.07e+02  3.72e+00 7.31e+01 1.07e+02  2.45e-01 7.74e-03      8s
  21  -2.25600650e+01  0.00000000e+00  2.74e+01 3.16e+00  5.23e+02  1.10e+02  3.73e+00 7.48e+01 1.10e+02  2.40e-01 7.32e-03      8s
  22  -2.36470403e+01  0.00000000e+00  2.80e+01 3.14e+00  5.20e+02  1.14e+02  3.75e+00 7.65e+01 1.14e+02  2.34e-01 6.94e-03      9s
  23  -2.47055715e+01  0.00000000e+00  2.86e+01 3.12e+00  5.17e+02  1.17e+02  3.76e+00 7.83e+01 1.17e+02  2.29e-01 6.59e-03      9s
  24  -2.57374394e+01  0.00000000e+00  2.91e+01 3.10e+00  5.14e+02  1.20e+02  3.78e+00 8.00e+01 1.20e+02  2.24e-01 6.26e-03     10s
  25  -2.67433189e+01  0.00000000e+00  2.97e+01 3.08e+00  5.11e+02  1.23e+02  3.80e+00 8.18e+01 1.23e+02  2.19e-01 5.96e-03     10s
  26  -2.77258285e+01  0.00000000e+00  3.03e+01 3.07e+00  5.08e+02  1.27e+02  3.81e+00 8.35e+01 1.27e+02  2.14e-01 5.68e-03     11s
  27  -2.86845531e+01  0.00000000e+00  3.08e+01 3.05e+00  5.06e+02  1.30e+02  3.83e+00 8.53e+01 1.30e+02  2.09e-01 5.41e-03     11s
  28  -2.96219394e+01  0.00000000e+00  3.13e+01 3.03e+00  5.04e+02  1.33e+02  3.86e+00 8.71e+01 1.33e+02  2.05e-01 5.17e-03     11s
  29  -3.05384617e+01  0.00000000e+00  3.18e+01 3.02e+00  5.01e+02  1.36e+02  3.88e+00 8.88e+01 1.36e+02  2.01e-01 4.94e-03     12s
  30  -3.14354788e+01  0.00000000e+00  3.23e+01 3.00e+00  4.99e+02  1.40e+02  3.90e+00 9.06e+01 1.40e+02  1.97e-01 4.73e-03     12s
  31  -3.23134041e+01  0.00000000e+00  3.28e+01 2.99e+00  4.97e+02  1.43e+02  3.92e+00 9.24e+01 1.43e+02  1.93e-01 4.53e-03     13s
  32  -3.31735007e+01  0.00000000e+00  3.33e+01 2.98e+00  4.95e+02  1.46e+02  3.95e+00 9.42e+01 1.46e+02  1.90e-01 4.34e-03     13s
  33  -3.40161283e+01  0.00000000e+00  3.38e+01 2.97e+00  4.93e+02  1.49e+02  3.98e+00 9.60e+01 1.49e+02  1.86e-01 4.16e-03     14s
  34  -2.93756122e+01 -1.86378583e-02  2.97e+01 2.60e+00  4.38e+02  2.33e-02  4.00e+00 9.78e+01 1.53e+02  6.97e-01 1.22e-01     14s
  35  -3.04278513e+01 -1.86378583e-02  3.03e+01 2.59e+00  4.36e+02  1.23e+02  3.76e+00 9.79e+01 1.23e+02  2.24e-01 6.33e-03     14s
  36  -3.14510001e+01 -1.86378583e-02  3.08e+01 2.57e+00  4.33e+02  1.26e+02  3.78e+00 1.00e+02 1.26e+02  2.19e-01 6.00e-03     15s
  37  -3.24488207e+01 -1.86378583e-02  3.14e+01 2.56e+00  4.31e+02  1.30e+02  3.80e+00 1.02e+02 1.30e+02  2.15e-01 5.71e-03     15s
  38  -3.34238641e+01 -1.86378583e-02  3.20e+01 2.54e+00  4.29e+02  1.33e+02  3.82e+00 1.04e+02 1.33e+02  2.10e-01 5.45e-03     16s
  39  -3.43766292e+01 -1.86378583e-02  3.25e+01 2.53e+00  4.27e+02  1.36e+02  3.84e+00 1.07e+02 1.36e+02  2.06e-01 5.20e-03     16s
  40  -3.53094684e+01 -1.86378583e-02  3.30e+01 2.52e+00  4.25e+02  1.40e+02  3.86e+00 1.09e+02 1.40e+02  2.02e-01 4.97e-03     17s
  41  -3.62218681e+01 -1.86378583e-02  3.35e+01 2.50e+00  4.23e+02  1.43e+02  3.88e+00 1.11e+02 1.43e+02  1.98e-01 4.76e-03     17s
  42  -3.71160438e+01 -1.86378583e-02  3.41e+01 2.49e+00  4.22e+02  1.46e+02  3.91e+00 1.13e+02 1.46e+02  1.94e-01 4.56e-03     18s
  43  -3.79914679e+01 -1.86378583e-02  3.46e+01 2.48e+00  4.20e+02  1.50e+02  3.93e+00 1.15e+02 1.50e+02  1.90e-01 4.36e-03     18s
  44  -3.88502323e+01 -1.86378583e-02  3.51e+01 2.47e+00  4.18e+02  1.53e+02  3.96e+00 1.18e+02 1.53e+02  1.86e-01 4.19e-03     18s
  45  -3.96917980e+01 -1.86378583e-02  3.55e+01 2.46e+00  4.17e+02  1.56e+02  3.98e+00 1.20e+02 1.56e+02  1.83e-01 4.02e-03     19s
  46  -3.49095735e+01 -3.30787950e-02  3.15e+01 2.18e+00  3.74e+02  1.55e-01  4.01e+00 1.22e+02 1.60e+02  6.81e-01 1.13e-01     19s
  47  -3.59390669e+01 -3.30787950e-02  3.21e+01 2.17e+00  3.72e+02  1.30e+02  3.77e+00 1.21e+02 1.30e+02  2.18e-01 5.92e-03     20s
  48  -3.69434430e+01 -3.30787950e-02  3.27e+01 2.16e+00  3.70e+02  1.34e+02  3.79e+00 1.24e+02 1.34e+02  2.13e-01 5.64e-03     20s
  49  -3.79242497e+01 -3.30787950e-02  3.33e+01 2.15e+00  3.68e+02  1.37e+02  3.81e+00 1.27e+02 1.37e+02  2.09e-01 5.37e-03     21s
  50  -3.88839165e+01 -3.30787950e-02  3.38e+01 2.14e+00  3.67e+02  1.40e+02  3.83e+00 1.29e+02 1.40e+02  2.04e-01 5.13e-03     21s
  51  -3.98238037e+01 -3.30787950e-02  3.43e+01 2.13e+00  3.65e+02  1.44e+02  3.86e+00 1.32e+02 1.44e+02  2.00e-01 4.91e-03     22s
  52  -4.07433663e+01 -3.30787950e-02  3.49e+01 2.12e+00  3.64e+02  1.47e+02  3.88e+00 1.35e+02 1.47e+02  1.96e-01 4.69e-03     22s
  53  -4.16448119e+01 -3.30787950e-02  3.54e+01 2.11e+00  3.62e+02  1.51e+02  3.90e+00 1.37e+02 1.51e+02  1.93e-01 4.50e-03     22s
  54  -4.25275858e+01 -3.30787950e-02  3.59e+01 2.10e+00  3.61e+02  1.54e+02  3.93e+00 1.40e+02 1.54e+02  1.89e-01 4.31e-03     23s
  55  -4.33937761e+01 -3.30787950e-02  3.64e+01 2.09e+00  3.59e+02  1.58e+02  3.95e+00 1.43e+02 1.58e+02  1.85e-01 4.14e-03     23s
  56  -4.42445208e+01 -3.30787950e-02  3.69e+01 2.08e+00  3.58e+02  1.61e+02  3.98e+00 1.45e+02 1.61e+02  1.82e-01 3.98e-03     24s
  57  -3.92942860e+01 -4.47971895e-02  3.30e+01 1.86e+00  3.23e+02  1.07e-01  4.01e+00 1.48e+02 1.64e+02  6.71e-01 1.07e-01     24s
  58  -4.03254338e+01 -4.47971895e-02  3.35e+01 1.85e+00  3.22e+02  1.35e+02  3.78e+00 1.47e+02 1.35e+02  2.15e-01 5.77e-03     25s
  59  -4.13287084e+01 -4.47971895e-02  3.41e+01 1.84e+00  3.20e+02  1.39e+02  3.80e+00 1.50e+02 1.39e+02  2.10e-01 5.47e-03     25s
  60  -4.23087044e+01 -4.47971895e-02  3.47e+01 1.83e+00  3.18e+02  1.42e+02  3.82e+00 1.53e+02 1.42e+02  2.06e-01 5.22e-03     26s
  61  -4.32687822e+01 -4.47971895e-02  3.52e+01 1.82e+00  3.17e+02  1.46e+02  3.84e+00 1.56e+02 1.46e+02  2.02e-01 4.99e-03     26s
  62  -4.42093001e+01 -4.47971895e-02  3.58e+01 1.81e+00  3.16e+02  1.49e+02  3.86e+00 1.59e+02 1.49e+02  1.98e-01 4.78e-03     27s
  63  -4.51306122e+01 -4.47971895e-02  3.63e+01 1.80e+00  3.14e+02  1.53e+02  3.88e+00 1.63e+02 1.53e+02  1.94e-01 4.57e-03     27s
  64  -4.60330676e+01 -4.47971895e-02  3.68e+01 1.79e+00  3.13e+02  1.56e+02  3.91e+00 1.66e+02 1.56e+02  1.90e-01 4.38e-03     27s
  65  -4.69187812e+01 -4.47971895e-02  3.74e+01 1.79e+00  3.12e+02  1.60e+02  3.93e+00 1.69e+02 1.60e+02  1.87e-01 4.20e-03     28s
  66  -4.77871597e+01 -4.47971895e-02  3.79e+01 1.78e+00  3.11e+02  1.63e+02  3.96e+00 1.72e+02 1.63e+02  1.83e-01 4.03e-03     28s
  67  -4.86402116e+01 -4.47971895e-02  3.84e+01 1.77e+00  3.10e+02  1.67e+02  3.99e+00 1.75e+02 1.67e+02  1.80e-01 3.88e-03     29s
  68  -4.35720917e+01 -5.43424532e-02  3.45e+01 1.59e+00  2.81e+02  2.23e-01  4.02e+00 1.79e+02 1.70e+02  6.60e-01 1.01e-01     29s
  69  -4.45949977e+01 -5.43424532e-02  3.51e+01 1.58e+00  2.80e+02  1.41e+02  3.78e+00 1.77e+02 1.41e+02  2.11e-01 5.53e-03     30s
  70  -4.55914534e+01 -5.43424532e-02  3.56e+01 1.58e+00  2.78e+02  1.45e+02  3.80e+00 1.81e+02 1.45e+02  2.07e-01 5.25e-03     30s
  71  -4.65669275e+01 -5.43424532e-02  3.62e+01 1.57e+00  2.77e+02  1.48e+02  3.83e+00 1.84e+02 1.48e+02  2.02e-01 5.02e-03     31s
  72  -4.75227549e+01 -5.43424532e-02  3.68e+01 1.56e+00  2.76e+02  1.52e+02  3.85e+00 1.88e+02 1.52e+02  1.98e-01 4.80e-03     31s
  73  -4.84592744e+01 -5.43424532e-02  3.73e+01 1.55e+00  2.75e+02  1.56e+02  3.87e+00 1.92e+02 1.56e+02  1.94e-01 4.60e-03     32s
  74  -4.93768217e+01 -5.43424532e-02  3.78e+01 1.55e+00  2.74e+02  1.59e+02  3.90e+00 1.96e+02 1.59e+02  1.91e-01 4.40e-03     32s
  75  -5.02775297e+01 -5.43424532e-02  3.84e+01 1.54e+00  2.73e+02  1.63e+02  3.92e+00 1.99e+02 1.63e+02  1.87e-01 4.23e-03     32s
  76  -5.11607792e+01 -5.43424532e-02  3.89e+01 1.53e+00  2.72e+02  1.66e+02  3.95e+00 2.03e+02 1.66e+02  1.84e-01 4.05e-03     33s
  77  -5.20285982e+01 -5.43424532e-02  3.94e+01 1.53e+00  2.71e+02  1.70e+02  3.98e+00 2.07e+02 1.70e+02  1.80e-01 3.90e-03     33s
  78  -4.67931894e+01 -6.24162534e-02  3.55e+01 1.38e+00  2.47e+02  4.06e-02  4.00e+00 2.11e+02 1.73e+02  6.54e-01 9.82e-02     34s
  79  -4.78381249e+01 -6.24162534e-02  3.61e+01 1.37e+00  2.45e+02  1.45e+02  3.78e+00 2.08e+02 1.45e+02  2.11e-01 5.56e-03     34s
  80  -4.88461708e+01 -6.24162534e-02  3.67e+01 1.36e+00  2.44e+02  1.48e+02  3.80e+00 2.13e+02 1.48e+02  2.06e-01 5.23e-03     35s
  81  -4.98331978e+01 -6.24162534e-02  3.73e+01 1.36e+00  2.43e+02  1.52e+02  3.82e+00 2.17e+02 1.52e+02  2.02e-01 5.00e-03     35s
  82  -5.08005367e+01 -6.24162534e-02  3.79e+01 1.35e+00  2.42e+02  1.55e+02  3.84e+00 2.22e+02 1.55e+02  1.98e-01 4.78e-03     36s
  83  -5.17475646e+01 -6.24162534e-02  3.84e+01 1.34e+00  2.41e+02  1.59e+02  3.87e+00 2.26e+02 1.59e+02  1.94e-01 4.57e-03     36s
  84  -5.26764975e+01 -6.24162534e-02  3.90e+01 1.34e+00  2.40e+02  1.63e+02  3.89e+00 2.30e+02 1.63e+02  1.90e-01 4.38e-03     37s
  85  -5.35885348e+01 -6.24162534e-02  3.95e+01 1.33e+00  2.39e+02  1.66e+02  3.92e+00 2.35e+02 1.66e+02  1.87e-01 4.21e-03     37s
  86  -5.44830360e+01 -6.24162534e-02  4.00e+01 1.33e+00  2.38e+02  1.70e+02  3.94e+00 2.39e+02 1.70e+02  1.83e-01 4.04e-03     38s
  87  -5.53620424e+01 -6.24162534e-02  4.05e+01 1.32e+00  2.37e+02  1.74e+02  3.97e+00 2.44e+02 1.74e+02  1.80e-01 3.88e-03     38s
  88  -5.62249137e+01 -6.24162534e-02  4.11e+01 1.32e+00  2.37e+02  1.77e+02  4.00e+00 2.48e+02 1.77e+02  1.77e-01 3.73e-03     38s
  89  -5.09476235e+01 -6.90291866e-02  3.72e+01 1.19e+00  2.17e+02  4.36e-01  4.03e+00 2.53e+02 1.81e+02  6.44e-01 9.30e-02     39s
  90  -5.19762319e+01 -6.90291866e-02  3.78e+01 1.19e+00  2.16e+02  1.52e+02  3.80e+00 2.49e+02 1.52e+02  2.05e-01 5.23e-03     39s
  91  -5.29715842e+01 -6.90291866e-02  3.84e+01 1.18e+00  2.15e+02  1.56e+02  3.82e+00 2.54e+02 1.56e+02  2.01e-01 4.94e-03     40s
  92  -5.39462580e+01 -6.90291866e-02  3.90e+01 1.18e+00  2.14e+02  1.59e+02  3.84e+00 2.60e+02 1.59e+02  1.97e-01 4.72e-03     40s
  93  -5.49015582e+01 -6.90291866e-02  3.95e+01 1.17e+00  2.13e+02  1.63e+02  3.87e+00 2.65e+02 1.63e+02  1.93e-01 4.52e-03     41s
  94  -5.58387342e+01 -6.90291866e-02  4.01e+01 1.17e+00  2.12e+02  1.67e+02  3.89e+00 2.70e+02 1.67e+02  1.89e-01 4.34e-03     41s
  95  -5.67589845e+01 -6.90291866e-02  4.06e+01 1.16e+00  2.11e+02  1.70e+02  3.92e+00 2.75e+02 1.70e+02  1.86e-01 4.16e-03     42s
  96  -5.76616518e+01 -6.90291866e-02  4.12e+01 1.16e+00  2.11e+02  1.74e+02  3.94e+00 2.80e+02 1.74e+02  1.82e-01 3.99e-03     42s
  97  -5.85487856e+01 -6.90291866e-02  4.17e+01 1.15e+00  2.10e+02  1.78e+02  3.97e+00 2.86e+02 1.78e+02  1.79e-01 3.84e-03     43s
  98  -5.94206026e+01 -6.90291866e-02  4.22e+01 1.15e+00  2.09e+02  1.82e+02  4.00e+00 2.91e+02 1.82e+02  1.76e-01 3.69e-03     43s
  99  -5.40353651e+01 -7.46618937e-02  3.84e+01 1.04e+00  1.92e+02  4.54e-01  4.03e+00 2.96e+02 1.85e+02  6.38e-01 9.02e-02     44s
 100  -5.50587827e+01 -7.46618937e-02  3.90e+01 1.04e+00  1.91e+02  1.56e+02  3.80e+00 2.91e+02 1.56e+02  2.03e-01 5.09e-03     44s
 101  -5.60591529e+01 -7.46618937e-02  3.96e+01 1.03e+00  1.90e+02  1.60e+02  3.82e+00 2.97e+02 1.60e+02  1.99e-01 4.85e-03     44s
 102  -5.70398334e+01 -7.46618937e-02  4.02e+01 1.03e+00  1.89e+02  1.64e+02  3.85e+00 3.03e+02 1.64e+02  1.95e-01 4.64e-03     45s
 103  -5.80011280e+01 -7.46618937e-02  4.07e+01 1.02e+00  1.89e+02  1.68e+02  3.87e+00 3.09e+02 1.68e+02  1.92e-01 4.45e-03     45s
 104  -5.89442834e+01 -7.46618937e-02  4.13e+01 1.02e+00  1.88e+02  1.71e+02  3.90e+00 3.15e+02 1.71e+02  1.88e-01 4.26e-03     46s
 105  -5.98695700e+01 -7.46618937e-02  4.18e+01 1.02e+00  1.87e+02  1.75e+02  3.92e+00 3.21e+02 1.75e+02  1.84e-01 4.09e-03     46s
 106  -6.07790761e+01 -7.46618937e-02  4.24e+01 1.01e+00  1.87e+02  1.79e+02  3.95e+00 3.27e+02 1.79e+02  1.81e-01 3.93e-03     47s
 107  -6.16721182e+01 -7.46618937e-02  4.29e+01 1.01e+00  1.86e+02  1.83e+02  3.98e+00 3.34e+02 1.83e+02  1.78e-01 3.78e-03     47s
 108  -5.61144554e+01 -7.96111854e-02  3.91e+01 9.18e-01  1.71e+02  6.04e-02  4.00e+00 3.40e+02 1.86e+02  6.36e-01 8.93e-02     48s
 109  -5.71683197e+01 -7.96111854e-02  3.97e+01 9.13e-01  1.70e+02  1.57e+02  3.79e+00 3.34e+02 1.57e+02  2.05e-01 5.23e-03     48s
 110  -5.81904596e+01 -7.96111854e-02  4.03e+01 9.09e-01  1.69e+02  1.61e+02  3.81e+00 3.41e+02 1.61e+02  2.01e-01 4.94e-03     49s
 111  -5.91926538e+01 -7.96111854e-02  4.09e+01 9.04e-01  1.69e+02  1.65e+02  3.83e+00 3.48e+02 1.65e+02  1.97e-01 4.73e-03     49s
 112  -6.01761805e+01 -7.96111854e-02  4.15e+01 9.00e-01  1.68e+02  1.69e+02  3.86e+00 3.55e+02 1.69e+02  1.93e-01 4.53e-03     50s
 113  -6.11403368e+01 -7.96111854e-02  4.20e+01 8.96e-01  1.67e+02  1.73e+02  3.88e+00 3.62e+02 1.73e+02  1.89e-01 4.34e-03     50s
 114  -6.20873126e+01 -7.96111854e-02  4.26e+01 8.93e-01  1.67e+02  1.77e+02  3.91e+00 3.69e+02 1.77e+02  1.86e-01 4.17e-03     50s
 115  -6.30164107e+01 -7.96111854e-02  4.31e+01 8.89e-01  1.66e+02  1.80e+02  3.93e+00 3.76e+02 1.80e+02  1.83e-01 4.00e-03     51s
 116  -6.39297217e+01 -7.96111854e-02  4.37e+01 8.86e-01  1.65e+02  1.84e+02  3.96e+00 3.83e+02 1.84e+02  1.79e-01 3.85e-03     51s
 117  -6.48274511e+01 -7.96111854e-02  4.42e+01 8.82e-01  1.65e+02  1.88e+02  3.99e+00 3.90e+02 1.88e+02  1.76e-01 3.70e-03     52s
 118  -5.92112472e+01 -8.38161703e-02  4.04e+01 8.06e-01  1.52e+02  2.61e-01  4.02e+00 3.97e+02 1.92e+02  6.29e-01 8.64e-02     52s
 119  -6.02622104e+01 -8.38161703e-02  4.10e+01 8.02e-01  1.51e+02  1.63e+02  3.80e+00 3.91e+02 1.63e+02  2.02e-01 5.06e-03     53s
 120  -6.12846430e+01 -8.38161703e-02  4.16e+01 7.98e-01  1.51e+02  1.67e+02  3.82e+00 3.99e+02 1.67e+02  1.98e-01 4.80e-03     53s
 121  -6.22871737e+01 -8.38161703e-02  4.22e+01 7.95e-01  1.50e+02  1.71e+02  3.84e+00 4.07e+02 1.71e+02  1.94e-01 4.59e-03     54s
 122  -6.32710752e+01 -8.38161703e-02  4.28e+01 7.91e-01  1.49e+02  1.74e+02  3.87e+00 4.15e+02 1.74e+02  1.91e-01 4.40e-03     54s
 123  -6.42366045e+01 -8.38161703e-02  4.34e+01 7.88e-01  1.49e+02  1.78e+02  3.89e+00 4.23e+02 1.78e+02  1.87e-01 4.22e-03     55s
 124  -6.51849685e+01 -8.38161703e-02  4.39e+01 7.85e-01  1.48e+02  1.82e+02  3.92e+00 4.31e+02 1.82e+02  1.84e-01 4.06e-03     55s
 125  -6.61154644e+01 -8.38161703e-02  4.45e+01 7.82e-01  1.48e+02  1.86e+02  3.95e+00 4.39e+02 1.86e+02  1.80e-01 3.89e-03     56s
 126  -6.70310971e+01 -8.38161703e-02  4.50e+01 7.79e-01  1.47e+02  1.90e+02  3.97e+00 4.47e+02 1.90e+02  1.77e-01 3.75e-03     56s
 127  -6.12790000e+01 -8.75097041e-02  4.12e+01 7.12e-01  1.36e+02  2.60e-02  4.00e+00 4.55e+02 1.94e+02  6.27e-01 8.54e-02     57s
 128  -6.23429534e+01 -8.75097041e-02  4.18e+01 7.09e-01  1.35e+02  1.65e+02  3.79e+00 4.47e+02 1.65e+02  2.03e-01 5.08e-03     57s
 129  -6.33833278e+01 -8.75097041e-02  4.24e+01 7.05e-01  1.35e+02  1.69e+02  3.81e+00 4.57e+02 1.69e+02  1.99e-01 4.84e-03     57s
 130  -6.44045980e+01 -8.75097041e-02  4.30e+01 7.02e-01  1.34e+02  1.73e+02  3.83e+00 4.66e+02 1.73e+02  1.95e-01 4.64e-03     58s
 131  -6.54060094e+01 -8.75097041e-02  4.36e+01 6.99e-01  1.34e+02  1.77e+02  3.86e+00 4.75e+02 1.77e+02  1.91e-01 4.44e-03     58s
 132  -6.63888301e+01 -8.75097041e-02  4.42e+01 6.96e-01  1.33e+02  1.81e+02  3.88e+00 4.84e+02 1.81e+02  1.88e-01 4.26e-03     59s
 133  -6.73533136e+01 -8.75097041e-02  4.48e+01 6.93e-01  1.32e+02  1.85e+02  3.91e+00 4.94e+02 1.85e+02  1.84e-01 4.09e-03     59s
 134  -6.83016111e+01 -8.75097041e-02  4.53e+01 6.90e-01  1.32e+02  1.89e+02  3.94e+00 5.03e+02 1.89e+02  1.81e-01 3.93e-03     60s
 135  -6.92329869e+01 -8.75097041e-02  4.59e+01 6.88e-01  1.32e+02  1.92e+02  3.96e+00 5.12e+02 1.92e+02  1.78e-01 3.78e-03     60s
 136  -7.01485841e+01 -8.75097041e-02  4.64e+01 6.85e-01  1.31e+02  1.96e+02  3.99e+00 5.22e+02 1.96e+02  1.75e-01 3.63e-03     61s
 137  -6.43756303e+01 -9.06521050e-02  4.26e+01 6.29e-01  1.21e+02  3.75e-01  4.02e+00 5.31e+02 2.00e+02  6.20e-01 8.25e-02     61s
 138  -6.54419569e+01 -9.06521050e-02  4.32e+01 6.25e-01  1.21e+02  1.71e+02  3.80e+00 5.21e+02 1.71e+02  2.00e-01 4.92e-03     62s
 139  -6.64784318e+01 -9.06521050e-02  4.39e+01 6.23e-01  1.20e+02  1.75e+02  3.83e+00 5.32e+02 1.75e+02  1.96e-01 4.66e-03     62s
 140  -6.74958654e+01 -9.06521050e-02  4.45e+01 6.20e-01  1.20e+02  1.79e+02  3.85e+00 5.42e+02 1.79e+02  1.92e-01 4.47e-03     63s
 141  -6.84945037e+01 -9.06521050e-02  4.51e+01 6.17e-01  1.19e+02  1.83e+02  3.88e+00 5.53e+02 1.83e+02  1.88e-01 4.28e-03     63s
 142  -6.94745957e+01 -9.06521050e-02  4.56e+01 6.15e-01  1.19e+02  1.87e+02  3.90e+00 5.64e+02 1.87e+02  1.85e-01 4.11e-03     64s
 143  -7.04373563e+01 -9.06521050e-02  4.62e+01 6.12e-01  1.18e+02  1.91e+02  3.93e+00 5.74e+02 1.91e+02  1.81e-01 3.95e-03     64s
 144  -7.13839545e+01 -9.06521050e-02  4.68e+01 6.10e-01  1.18e+02  1.95e+02  3.96e+00 5.85e+02 1.95e+02  1.78e-01 3.80e-03     65s
 145  -7.23145857e+01 -9.06521050e-02  4.73e+01 6.08e-01  1.18e+02  1.99e+02  3.98e+00 5.96e+02 1.99e+02  1.75e-01 3.65e-03     65s
 146  -6.64419764e+01 -9.34147675e-02  4.35e+01 5.58e-01  1.09e+02  2.44e-01  4.01e+00 6.07e+02 2.03e+02  6.18e-01 8.13e-02     65s
 147  -6.75277244e+01 -9.34147675e-02  4.41e+01 5.55e-01  1.09e+02  1.74e+02  3.80e+00 5.95e+02 1.74e+02  2.00e-01 4.94e-03     66s
 148  -6.85789710e+01 -9.34147675e-02  4.48e+01 5.53e-01  1.08e+02  1.78e+02  3.82e+00 6.07e+02 1.78e+02  1.96e-01 4.67e-03     66s
 149  -6.96109872e+01 -9.34147675e-02  4.54e+01 5.50e-01  1.08e+02  1.82e+02  3.85e+00 6.19e+02 1.82e+02  1.92e-01 4.47e-03     67s
 150  -7.06230019e+01 -9.34147675e-02  4.60e+01 5.48e-01  1.07e+02  1.86e+02  3.87e+00 6.31e+02 1.86e+02  1.88e-01 4.28e-03     67s
 151  -7.16172825e+01 -9.34147675e-02  4.66e+01 5.46e-01  1.07e+02  1.90e+02  3.90e+00 6.44e+02 1.90e+02  1.85e-01 4.11e-03     68s
 152  -7.25930694e+01 -9.34147675e-02  4.71e+01 5.44e-01  1.06e+02  1.94e+02  3.93e+00 6.56e+02 1.94e+02  1.81e-01 3.95e-03     68s
 153  -7.35534925e+01 -9.34147675e-02  4.77e+01 5.42e-01  1.06e+02  1.98e+02  3.95e+00 6.68e+02 1.98e+02  1.78e-01 3.80e-03     69s
 154  -7.44968277e+01 -9.34147675e-02  4.83e+01 5.40e-01  1.06e+02  2.02e+02  3.98e+00 6.80e+02 2.02e+02  1.75e-01 3.65e-03     69s
 155  -6.85348148e+01 -9.58428323e-02  4.44e+01 4.96e-01  9.80e+01  1.85e-01  4.01e+00 6.93e+02 2.06e+02  6.15e-01 8.01e-02     70s
 156  -6.96253494e+01 -9.58428323e-02  4.51e+01 4.94e-01  9.76e+01  1.77e+02  3.80e+00 6.79e+02 1.77e+02  1.99e-01 4.89e-03     70s
 157  -7.06897466e+01 -9.58428323e-02  4.57e+01 4.92e-01  9.72e+01  1.81e+02  3.82e+00 6.93e+02 1.81e+02  1.95e-01 4.66e-03     71s
 158  -7.17336918e+01 -9.58428323e-02  4.63e+01 4.89e-01  9.68e+01  1.85e+02  3.85e+00 7.07e+02 1.85e+02  1.92e-01 4.46e-03     71s
 159  -7.27584837e+01 -9.58428323e-02  4.69e+01 4.87e-01  9.64e+01  1.89e+02  3.87e+00 7.21e+02 1.89e+02  1.88e-01 4.28e-03     72s
 160  -7.37643653e+01 -9.58428323e-02  4.75e+01 4.85e-01  9.61e+01  1.93e+02  3.90e+00 7.34e+02 1.93e+02  1.85e-01 4.10e-03     72s
 161  -7.47535609e+01 -9.58428323e-02  4.81e+01 4.83e-01  9.57e+01  1.97e+02  3.93e+00 7.48e+02 1.97e+02  1.81e-01 3.94e-03     73s
 162  -7.57252857e+01 -9.58428323e-02  4.87e+01 4.82e-01  9.54e+01  2.02e+02  3.95e+00 7.62e+02 2.02e+02  1.78e-01 3.79e-03     73s
 163  -7.66807162e+01 -9.58428323e-02  4.93e+01 4.80e-01  9.51e+01  2.06e+02  3.98e+00 7.76e+02 2.06e+02  1.75e-01 3.64e-03     74s
 164  -7.06441425e+01 -9.79754680e-02  4.54e+01 4.42e-01  8.83e+01  1.75e-01  4.01e+00 7.91e+02 2.10e+02  6.12e-01 7.88e-02     74s
 165  -7.17485901e+01 -9.79754680e-02  4.60e+01 4.40e-01  8.79e+01  1.80e+02  3.80e+00 7.75e+02 1.80e+02  1.99e-01 4.87e-03     75s
 166  -7.28233961e+01 -9.79754680e-02  4.67e+01 4.38e-01  8.75e+01  1.84e+02  3.82e+00 7.91e+02 1.84e+02  1.95e-01 4.63e-03     75s
 167  -7.38786462e+01 -9.79754680e-02  4.73e+01 4.36e-01  8.72e+01  1.88e+02  3.85e+00 8.06e+02 1.88e+02  1.91e-01 4.43e-03     75s
 168  -7.49145770e+01 -9.79754680e-02  4.79e+01 4.34e-01  8.68e+01  1.93e+02  3.87e+00 8.22e+02 1.93e+02  1.88e-01 4.25e-03     76s
 169  -7.59314302e+01 -9.79754680e-02  4.85e+01 4.32e-01  8.65e+01  1.97e+02  3.90e+00 8.38e+02 1.97e+02  1.84e-01 4.08e-03     76s
 170  -7.69314504e+01 -9.79754680e-02  4.91e+01 4.31e-01  8.62e+01  2.01e+02  3.93e+00 8.54e+02 2.01e+02  1.81e-01 3.92e-03     77s
 171  -7.79138407e+01 -9.79754680e-02  4.97e+01 4.29e-01  8.59e+01  2.05e+02  3.95e+00 8.70e+02 2.05e+02  1.78e-01 3.77e-03     77s
 172  -7.88797871e+01 -9.79754680e-02  5.03e+01 4.27e-01  8.56e+01  2.10e+02  3.98e+00 8.86e+02 2.10e+02  1.74e-01 3.62e-03     78s
 173  -7.27769719e+01 -9.98496686e-02  4.64e+01 3.94e-01  7.96e+01  2.19e-01  4.01e+00 9.02e+02 2.14e+02  6.08e-01 7.75e-02     78s
 174  -7.38846701e+01 -9.98496686e-02  4.71e+01 3.92e-01  7.93e+01  1.84e+02  3.80e+00 8.83e+02 1.84e+02  1.98e-01 4.80e-03     79s
 175  -7.49691297e+01 -9.98496686e-02  4.77e+01 3.91e-01  7.89e+01  1.88e+02  3.83e+00 9.01e+02 1.88e+02  1.94e-01 4.58e-03     79s
 176  -7.60338851e+01 -9.98496686e-02  4.83e+01 3.89e-01  7.86e+01  1.92e+02  3.85e+00 9.19e+02 1.92e+02  1.90e-01 4.39e-03     80s
 177  -7.70791718e+01 -9.98496686e-02  4.90e+01 3.87e-01  7.83e+01  1.96e+02  3.88e+00 9.37e+02 1.96e+02  1.87e-01 4.21e-03     80s
 178  -7.81062577e+01 -9.98496686e-02  4.96e+01 3.86e-01  7.80e+01  2.01e+02  3.90e+00 9.55e+02 2.01e+02  1.83e-01 4.05e-03     81s
 179  -7.91153553e+01 -9.98496686e-02  5.02e+01 3.84e-01  7.78e+01  2.05e+02  3.93e+00 9.73e+02 2.05e+02  1.80e-01 3.89e-03     81s
 180  -8.01076731e+01 -9.98496686e-02  5.08e+01 3.83e-01  7.75e+01  2.09e+02  3.96e+00 9.91e+02 2.09e+02  1.77e-01 3.74e-03     82s
 181  -8.10834007e+01 -9.98496686e-02  5.14e+01 3.81e-01  7.72e+01  2.14e+02  3.99e+00 1.01e+03 2.14e+02  1.74e-01 3.60e-03     82s
 182  -7.49278022e+01 -1.01496778e-01  4.74e+01 3.52e-01  7.19e+01  3.05e-01  4.02e+00 1.03e+03 2.18e+02  6.05e-01 7.62e-02     83s
 183  -7.60501575e+01 -1.01496778e-01  4.81e+01 3.51e-01  7.16e+01  1.88e+02  3.81e+00 1.01e+03 1.88e+02  1.97e-01 4.77e-03     83s
 184  -7.71435258e+01 -1.01496778e-01  4.88e+01 3.49e-01  7.13e+01  1.92e+02  3.83e+00 1.03e+03 1.92e+02  1.93e-01 4.53e-03     84s
 185  -7.82170420e+01 -1.01496778e-01  4.94e+01 3.48e-01  7.10e+01  1.96e+02  3.86e+00 1.05e+03 1.96e+02  1.89e-01 4.34e-03     84s
 186  -7.92709418e+01 -1.01496778e-01  5.00e+01 3.46e-01  7.08e+01  2.01e+02  3.88e+00 1.07e+03 2.01e+02  1.86e-01 4.17e-03     84s
 187  -8.03065016e+01 -1.01496778e-01  5.07e+01 3.45e-01  7.05e+01  2.05e+02  3.91e+00 1.09e+03 2.05e+02  1.82e-01 4.00e-03     85s
 188  -8.13239339e+01 -1.01496778e-01  5.13e+01 3.43e-01  7.03e+01  2.09e+02  3.94e+00 1.11e+03 2.09e+02  1.79e-01 3.84e-03     85s
 189  -8.23244557e+01 -1.01496778e-01  5.19e+01 3.42e-01  7.00e+01  2.14e+02  3.96e+00 1.13e+03 2.14e+02  1.76e-01 3.70e-03     86s
 190  -8.33082567e+01 -1.01496778e-01  5.25e+01 3.41e-01  6.98e+01  2.18e+02  3.99e+00 1.15e+03 2.18e+02  1.73e-01 3.56e-03     86s
 191  -7.71069453e+01 -1.02945850e-01  4.85e+01 3.15e-01  6.51e+01  4.43e-01  4.02e+00 1.17e+03 2.22e+02  6.02e-01 7.49e-02     87s
 192  -7.82375834e+01 -1.02945850e-01  4.92e+01 3.14e-01  6.48e+01  1.92e+02  3.81e+00 1.14e+03 1.92e+02  1.96e-01 4.70e-03     87s
 193  -7.93379223e+01 -1.02945850e-01  4.99e+01 3.12e-01  6.45e+01  1.96e+02  3.84e+00 1.17e+03 1.96e+02  1.92e-01 4.47e-03     88s
 194  -8.04182797e+01 -1.02945850e-01  5.05e+01 3.11e-01  6.43e+01  2.01e+02  3.86e+00 1.19e+03 2.01e+02  1.88e-01 4.28e-03     88s
 195  -8.14799536e+01 -1.02945850e-01  5.11e+01 3.10e-01  6.40e+01  2.05e+02  3.89e+00 1.21e+03 2.05e+02  1.85e-01 4.11e-03     89s
 196  -8.25221092e+01 -1.02945850e-01  5.18e+01 3.09e-01  6.38e+01  2.09e+02  3.92e+00 1.24e+03 2.09e+02  1.81e-01 3.94e-03     89s
 197  -8.35470417e+01 -1.02945850e-01  5.24e+01 3.07e-01  6.36e+01  2.14e+02  3.94e+00 1.26e+03 2.14e+02  1.78e-01 3.79e-03     90s
 198  -8.45549377e+01 -1.02945850e-01  5.30e+01 3.06e-01  6.34e+01  2.18e+02  3.97e+00 1.28e+03 2.18e+02  1.75e-01 3.65e-03     90s
 199  -7.82249049e+01 -1.04256835e-01  4.90e+01 2.83e-01  5.91e+01  1.54e-02  4.00e+00 1.31e+03 2.23e+02  6.02e-01 7.49e-02     91s
 200  -7.93908838e+01 -1.04256835e-01  4.97e+01 2.82e-01  5.88e+01  1.92e+02  3.80e+00 1.28e+03 1.92e+02  1.98e-01 4.86e-03     91s
 201  -8.05178661e+01 -1.04256835e-01  5.04e+01 2.81e-01  5.86e+01  1.97e+02  3.82e+00 1.30e+03 1.97e+02  1.94e-01 4.58e-03     92s
 202  -8.16233973e+01 -1.04256835e-01  5.10e+01 2.80e-01  5.83e+01  2.01e+02  3.85e+00 1.33e+03 2.01e+02  1.90e-01 4.38e-03     92s
 203  -8.27088312e+01 -1.04256835e-01  5.17e+01 2.78e-01  5.81e+01  2.05e+02  3.87e+00 1.36e+03 2.05e+02  1.87e-01 4.20e-03     93s
 204  -8.37754728e+01 -1.04256835e-01  5.23e+01 2.77e-01  5.79e+01  2.10e+02  3.90e+00 1.38e+03 2.10e+02  1.83e-01 4.04e-03     93s
 205  -8.48235320e+01 -1.04256835e-01  5.30e+01 2.76e-01  5.77e+01  2.14e+02  3.93e+00 1.41e+03 2.14e+02  1.80e-01 3.88e-03     94s
 206  -8.58542546e+01 -1.04256835e-01  5.36e+01 2.75e-01  5.75e+01  2.19e+02  3.96e+00 1.43e+03 2.19e+02  1.77e-01 3.73e-03     94s
 207  -8.68678284e+01 -1.04256835e-01  5.42e+01 2.74e-01  5.73e+01  2.23e+02  3.98e+00 1.46e+03 2.23e+02  1.74e-01 3.59e-03     95s
 208  -8.05103608e+01 -1.05407671e-01  5.02e+01 2.54e-01  5.35e+01  2.60e-01  4.01e+00 1.49e+03 2.28e+02  5.98e-01 7.34e-02     95s
 209  -8.16726771e+01 -1.05407671e-01  5.09e+01 2.53e-01  5.33e+01  1.97e+02  3.81e+00 1.45e+03 1.97e+02  1.96e-01 4.73e-03     95s
 210  -8.28039422e+01 -1.05407671e-01  5.16e+01 2.52e-01  5.31e+01  2.01e+02  3.83e+00 1.48e+03 2.01e+02  1.92e-01 4.49e-03     96s
 211  -8.39136421e+01 -1.05407671e-01  5.22e+01 2.51e-01  5.28e+01  2.06e+02  3.86e+00 1.51e+03 2.06e+02  1.88e-01 4.30e-03     96s
 212  -8.50042278e+01 -1.05407671e-01  5.29e+01 2.50e-01  5.27e+01  2.10e+02  3.89e+00 1.54e+03 2.10e+02  1.85e-01 4.13e-03     97s
 213  -8.60759062e+01 -1.05407671e-01  5.35e+01 2.49e-01  5.25e+01  2.15e+02  3.91e+00 1.57e+03 2.15e+02  1.82e-01 3.96e-03     97s
 214  -8.71288894e+01 -1.05407671e-01  5.42e+01 2.48e-01  5.23e+01  2.19e+02  3.94e+00 1.60e+03 2.19e+02  1.78e-01 3.81e-03     98s
 215  -8.81644300e+01 -1.05407671e-01  5.48e+01 2.47e-01  5.21e+01  2.24e+02  3.97e+00 1.63e+03 2.24e+02  1.75e-01 3.66e-03     98s
 216  -8.91827180e+01 -1.05407671e-01  5.54e+01 2.46e-01  5.19e+01  2.29e+02  4.00e+00 1.66e+03 2.29e+02  1.72e-01 3.52e-03     99s
 217  -8.28030464e+01 -1.06420090e-01  5.14e+01 2.28e-01  4.86e+01  5.44e-01  4.03e+00 1.69e+03 2.33e+02  5.94e-01 7.21e-02     99s
 218  -8.39687394e+01 -1.06420090e-01  5.21e+01 2.27e-01  4.83e+01  2.02e+02  3.82e+00 1.65e+03 2.02e+02  1.94e-01 4.62e-03    100s
 219  -8.51032461e+01 -1.06420090e-01  5.28e+01 2.26e-01  4.82e+01  2.07e+02  3.85e+00 1.69e+03 2.07e+02  1.90e-01 4.39e-03    100s
 220  -8.62171973e+01 -1.06420090e-01  5.34e+01 2.25e-01  4.80e+01  2.11e+02  3.87e+00 1.72e+03 2.11e+02  1.87e-01 4.21e-03    101s
 221  -8.73108306e+01 -1.06420090e-01  5.41e+01 2.24e-01  4.78e+01  2.16e+02  3.90e+00 1.75e+03 2.16e+02  1.83e-01 4.04e-03    101s
 222  -8.83865401e+01 -1.06420090e-01  5.47e+01 2.23e-01  4.76e+01  2.20e+02  3.92e+00 1.78e+03 2.20e+02  1.80e-01 3.88e-03    102s
 223  -8.94434509e+01 -1.06420090e-01  5.54e+01 2.22e-01  4.75e+01  2.25e+02  3.95e+00 1.82e+03 2.25e+02  1.77e-01 3.73e-03    102s
 224  -9.04828220e+01 -1.06420090e-01  5.60e+01 2.22e-01  4.73e+01  2.29e+02  3.98e+00 1.85e+03 2.29e+02  1.74e-01 3.59e-03    103s
 225  -8.39928737e+01 -1.07336587e-01  5.20e+01 2.06e-01  4.42e+01  2.00e-01  4.01e+00 1.88e+03 2.34e+02  5.94e-01 7.19e-02    103s
 226  -8.51799591e+01 -1.07336587e-01  5.27e+01 2.05e-01  4.40e+01  2.03e+02  3.81e+00 1.84e+03 2.03e+02  1.96e-01 4.70e-03    104s
 227  -8.63376858e+01 -1.07336587e-01  5.34e+01 2.04e-01  4.39e+01  2.07e+02  3.83e+00 1.88e+03 2.07e+02  1.92e-01 4.47e-03    104s
 228  -8.74733890e+01 -1.07336587e-01  5.41e+01 2.03e-01  4.37e+01  2.12e+02  3.86e+00 1.92e+03 2.12e+02  1.88e-01 4.28e-03    105s
 229  -8.85895722e+01 -1.07336587e-01  5.47e+01 2.02e-01  4.35e+01  2.17e+02  3.89e+00 1.95e+03 2.17e+02  1.85e-01 4.11e-03    105s
 230  -8.96864423e+01 -1.07336587e-01  5.54e+01 2.01e-01  4.34e+01  2.21e+02  3.91e+00 1.99e+03 2.21e+02  1.81e-01 3.95e-03    106s
 231  -9.07642122e+01 -1.07336587e-01  5.60e+01 2.01e-01  4.32e+01  2.26e+02  3.94e+00 2.03e+03 2.26e+02  1.78e-01 3.79e-03    106s
 232  -9.18252213e+01 -1.07336587e-01  5.67e+01 2.00e-01  4.31e+01  2.31e+02  3.97e+00 2.07e+03 2.31e+02  1.75e-01 3.65e-03    107s
 233  -9.28675428e+01 -1.07336587e-01  5.73e+01 1.99e-01  4.29e+01  2.35e+02  4.00e+00 2.10e+03 2.35e+02  1.72e-01 3.51e-03    107s
 234  -8.63712573e+01 -1.08142359e-01  5.33e+01 1.85e-01  4.02e+01  5.73e-01  4.03e+00 2.14e+03 2.40e+02  5.90e-01 7.05e-02    108s
 235  -8.75657144e+01 -1.08142359e-01  5.40e+01 1.84e-01  4.00e+01  2.08e+02  3.82e+00 2.09e+03 2.08e+02  1.93e-01 4.60e-03    108s
 236  -8.87247770e+01 -1.08142359e-01  5.47e+01 1.83e-01  3.99e+01  2.13e+02  3.85e+00 2.13e+03 2.13e+02  1.90e-01 4.36e-03    109s
 237  -8.98617260e+01 -1.08142359e-01  5.53e+01 1.83e-01  3.97e+01  2.18e+02  3.87e+00 2.18e+03 2.18e+02  1.86e-01 4.17e-03    109s
 238  -9.09801906e+01 -1.08142359e-01  5.60e+01 1.82e-01  3.96e+01  2.22e+02  3.90e+00 2.22e+03 2.22e+02  1.83e-01 4.01e-03    110s
 239  -9.20781496e+01 -1.08142359e-01  5.67e+01 1.81e-01  3.94e+01  2.27e+02  3.93e+00 2.26e+03 2.27e+02  1.79e-01 3.85e-03    110s
 240  -9.31590944e+01 -1.08142359e-01  5.73e+01 1.81e-01  3.93e+01  2.32e+02  3.96e+00 2.30e+03 2.32e+02  1.76e-01 3.71e-03    111s
 241  -9.42210571e+01 -1.08142359e-01  5.80e+01 1.80e-01  3.92e+01  2.37e+02  3.98e+00 2.34e+03 2.37e+02  1.73e-01 3.56e-03    111s
 242  -8.76278255e+01 -1.08871526e-01  5.39e+01 1.67e-01  3.67e+01  2.94e-01  4.01e+00 2.39e+03 2.41e+02  5.90e-01 7.03e-02    111s
 243  -8.88432999e+01 -1.08871526e-01  5.46e+01 1.67e-01  3.65e+01  2.10e+02  3.81e+00 2.33e+03 2.10e+02  1.94e-01 4.66e-03    112s
 244  -9.00228304e+01 -1.08871526e-01  5.53e+01 1.66e-01  3.64e+01  2.14e+02  3.84e+00 2.38e+03 2.14e+02  1.91e-01 4.41e-03    112s
 245  -9.11810826e+01 -1.08871526e-01  5.60e+01 1.65e-01  3.63e+01  2.19e+02  3.86e+00 2.42e+03 2.19e+02  1.87e-01 4.23e-03    113s
 246  -9.23194325e+01 -1.08871526e-01  5.67e+01 1.64e-01  3.61e+01  2.24e+02  3.89e+00 2.47e+03 2.24e+02  1.84e-01 4.06e-03    113s
 247  -9.34369709e+01 -1.08871526e-01  5.74e+01 1.64e-01  3.60e+01  2.29e+02  3.92e+00 2.52e+03 2.29e+02  1.80e-01 3.90e-03    114s
 248  -9.45361460e+01 -1.08871526e-01  5.80e+01 1.63e-01  3.59e+01  2.33e+02  3.95e+00 2.57e+03 2.33e+02  1.77e-01 3.75e-03    114s
 249  -9.56171462e+01 -1.08871526e-01  5.87e+01 1.63e-01  3.58e+01  2.38e+02  3.97e+00 2.61e+03 2.38e+02  1.74e-01 3.61e-03    115s
 250  -8.89308224e+01 -1.09530522e-01  5.46e+01 1.51e-01  3.35e+01  8.17e-02  4.00e+00 2.66e+03 2.43e+02  5.89e-01 7.00e-02    115s
 251  -9.01616957e+01 -1.09530522e-01  5.53e+01 1.50e-01  3.33e+01  2.11e+02  3.81e+00 2.60e+03 2.11e+02  1.95e-01 4.70e-03    116s
 252  -9.13610015e+01 -1.09530522e-01  5.60e+01 1.50e-01  3.32e+01  2.16e+02  3.83e+00 2.65e+03 2.16e+02  1.92e-01 4.46e-03    116s
 253  -9.25387323e+01 -1.09530522e-01  5.67e+01 1.49e-01  3.31e+01  2.21e+02  3.86e+00 2.70e+03 2.21e+02  1.88e-01 4.28e-03    117s
 254  -9.36951245e+01 -1.09530522e-01  5.74e+01 1.49e-01  3.30e+01  2.26e+02  3.88e+00 2.76e+03 2.26e+02  1.85e-01 4.10e-03    117s
 255  -9.48326963e+01 -1.09530522e-01  5.81e+01 1.48e-01  3.28e+01  2.30e+02  3.91e+00 2.81e+03 2.30e+02  1.81e-01 3.95e-03    118s
 256  -9.59505100e+01 -1.09530522e-01  5.88e+01 1.47e-01  3.27e+01  2.35e+02  3.94e+00 2.86e+03 2.35e+02  1.78e-01 3.79e-03    118s
 257  -9.70487865e+01 -1.09530522e-01  5.94e+01 1.47e-01  3.26e+01  2.40e+02  3.97e+00 2.92e+03 2.40e+02  1.75e-01 3.64e-03    119s
 258  -9.81309954e+01 -1.09530522e-01  6.01e+01 1.46e-01  3.25e+01  2.45e+02  4.00e+00 2.97e+03 2.45e+02  1.72e-01 3.51e-03    119s
 259  -9.14569200e+01 -1.10109409e-01  5.60e+01 1.36e-01  3.05e+01  5.83e-01  4.03e+00 3.02e+03 2.50e+02  5.85e-01 6.85e-02    120s
 260  -9.26897508e+01 -1.10109409e-01  5.67e+01 1.36e-01  3.04e+01  2.17e+02  3.83e+00 2.95e+03 2.17e+02  1.93e-01 4.56e-03    120s
 261  -9.38872775e+01 -1.10109409e-01  5.74e+01 1.35e-01  3.03e+01  2.22e+02  3.85e+00 3.01e+03 2.22e+02  1.89e-01 4.33e-03    121s
 262  -9.50631638e+01 -1.10109409e-01  5.81e+01 1.35e-01  3.01e+01  2.27e+02  3.88e+00 3.07e+03 2.27e+02  1.85e-01 4.15e-03    121s
 263  -9.62188087e+01 -1.10109409e-01  5.88e+01 1.34e-01  3.00e+01  2.32e+02  3.90e+00 3.13e+03 2.32e+02  1.82e-01 3.98e-03    122s
 264  -9.73544260e+01 -1.10109409e-01  5.95e+01 1.34e-01  2.99e+01  2.37e+02  3.93e+00 3.19e+03 2.37e+02  1.79e-01 3.83e-03    122s
 265  -9.78087846e+01 -1.10109409e-01  5.98e+01 1.33e-01  2.99e+01  2.42e+02  3.96e+00 3.24e+03 2.42e+02  1.76e-01 1.50e-03    123s
 266  -9.78088161e+01 -1.10109409e-01  5.98e+01 1.33e-01  2.99e+01  2.44e+02  3.97e+00 3.27e+03 2.44e+02  1.74e-01 1.03e-07    124s

The solution quality is limited by the precision of the linear system solver.

The algorithm stopped after 267 iterations in 124.35 seconds.

Primal variables:   [+30.379 +18.060 +13.068 +17.036 +11.900 +18.121 +14.562 +12.456 +14.866
 +39.584 +19.536 +20.659 +17.900 +11.568 +17.953 +12.846 +25.412 +20.502
 +20.485 +14.267 +13.538 +14.565 +20.221 +18.020 +17.821 +11.935 +13.710
 +12.305 +34.675 +11.639 +12.724 +33.255 +12.007 +13.727 +12.363 +19.035
 +14.545 +13.791 +24.760 +0.355 +24.334 +19.024 +20.308 +13.357 +15.990
 +16.392 +20.289 +18.745 +18.603 +24.305 +20.427 +0.392 +14.531 +22.892
 +14.026 +12.102 +13.389 +24.509 +18.302 +14.543 +11.591 +15.944 +16.840
 +15.539 +13.679 +18.111 +13.543 +17.429 +13.586 +16.822 +14.392 +25.206
 +18.229 +13.973 +17.101 +11.842 +21.825 +20.317 +16.074 +24.747 +13.145
 +39.204 +17.392 +13.263 +13.309 +10.811 +13.807 +12.633 +16.668 +17.011
 +40.594 +20.042 +40.482 +17.006 +13.137 +20.918 +21.751 +14.538 +15.690
 +12.044 +13.652 +17.023 +12.883 +22.005 +44.373 +14.520 +14.873 +19.849
 +17.251 +22.417 +29.327 +20.678 +17.343 +14.282 +11.666 +12.907 +12.598
 +13.196 +18.160 +12.899 +11.862 +14.452 +19.387 +16.836 +21.456 +13.493
 +15.924 +21.969 +23.680 +13.674 +23.563 +11.650 +14.032 +18.268 +12.261
 +13.836 +16.324 +11.945 +17.433 +18.472 +22.080 +18.564 +18.641 +19.736
 +11.242 +13.620 +21.514 +14.524 +16.390 +11.691 +15.746 +16.240 +12.951
 +14.731 +26.690 +12.962 +11.164 +18.463 +18.945 +19.057 +16.857 +14.551
 +19.021 +14.835 +13.851 +12.960 +17.476 +35.857 +16.941 +12.570 +14.357
 +16.928 +15.274 +24.054 +40.134 +16.301 +13.809 +15.662 +12.246 +16.758
 +20.775 +17.090 +11.188 +44.643 +14.264 +13.919 +23.193 +21.426 +12.698
 +17.628 +14.436 +36.130 +17.178 +12.561 +12.772 +15.729 +13.932 +15.878
 +19.976 +20.570]
Dual slacks:        [+0.004 +0.008 +0.012 +0.008 +0.015 +0.008 +0.011 +0.013 +0.010 +0.002
 +0.007 +0.006 +0.008 +0.016 +0.008 +0.013 +0.005 +0.006 +0.007 +0.011
 +0.012 +0.010 +0.007 +0.008 +0.008 +0.015 +0.012 +0.014 +0.003 +0.015
 +0.013 +0.003 +0.015 +0.011 +0.014 +0.007 +0.010 +0.011 +0.005 +1.561
 +0.005 +0.007 +0.007 +0.012 +0.009 +0.009 +0.007 +0.007 +0.007 +0.005
 +0.006 +1.282 +0.011 +0.005 +0.011 +0.014 +0.012 +0.005 +0.008 +0.010
 +0.016 +0.009 +0.008 +0.010 +0.012 +0.008 +0.012 +0.008 +0.012 +0.009
 +0.011 +0.005 +0.008 +0.011 +0.008 +0.015 +0.006 +0.007 +0.009 +0.005
 +0.012 +0.003 +0.008 +0.012 +0.012 +0.018 +0.011 +0.013 +0.009 +0.008
 +0.002 +0.007 +0.002 +0.008 +0.012 +0.006 +0.006 +0.010 +0.009 +0.015
 +0.012 +0.008 +0.013 +0.006 +0.002 +0.010 +0.010 +0.007 +0.008 +0.006
 +0.004 +0.006 +0.008 +0.011 +0.015 +0.013 +0.014 +0.012 +0.008 +0.013
 +0.015 +0.011 +0.007 +0.009 +0.006 +0.012 +0.009 +0.006 +0.005 +0.012
 +0.005 +0.015 +0.011 +0.008 +0.014 +0.011 +0.009 +0.015 +0.008 +0.007
 +0.006 +0.007 +0.007 +0.007 +0.017 +0.012 +0.006 +0.011 +0.009 +0.015
 +0.009 +0.009 +0.013 +0.011 +0.004 +0.012 +0.017 +0.008 +0.007 +0.007
 +0.008 +0.010 +0.007 +0.010 +0.011 +0.013 +0.008 +0.003 +0.008 +0.013
 +0.011 +0.008 +0.010 +0.005 +0.003 +0.009 +0.011 +0.009 +0.014 +0.009
 +0.006 +0.008 +0.017 +0.002 +0.011 +0.011 +0.005 +0.006 +0.013 +0.008
 +0.011 +0.003 +0.008 +0.013 +0.013 +0.009 +0.011 +0.009 +0.007 +0.006]
Dual variables:     [+1.772 -0.701]

Primal objective:   -9.78088161e+01
Dual objective:     -1.10109409e-01

Primal residual:    5.98e+01
Dual residual:      1.33e-01
Complementraty:     2.99e+01

Number of Iter:     267
Run time:           124.35
