
--------------- Linear optimization problem characteristics ---------------
Seed:                    60
Number of variables:     1000
Number of constraints:   2

Norm of primal sol:      2.00e+00
Norm of dual sol:        2.00e+00
Norm of dual slacks:     2.00e+00

Norm of vector b:        1.60e-01
Norm of vector c:        2.79e+00

Norm of matrix A:        1.00e+00
Condition number:        2.00e+00

----------------------- Linear optimization problem -----------------------
Coeff matrix A:          [[+0.003 +0.004 +0.043 -0.016 +0.005 -0.005 -0.018 +0.021 +0.010 -0.019
 -0.035 +0.019 -0.007 -0.003 -0.022 -0.011 +0.042 +0.010 -0.013 +0.015
 +0.041 -0.032 +0.021 -0.024 +0.002 -0.033 +0.043 +0.026 +0.006 -0.008
 +0.039 -0.024 +0.052 +0.027 -0.004 -0.037 -0.014 +0.023 -0.010 +0.020
 +0.024 +0.008 +0.017 -0.030 -0.026 +0.009 -0.005 +0.050 +0.024 +0.016
 -0.006 -0.024 -0.023 +0.008 +0.015 -0.023 -0.023 -0.027 +0.014 +0.051
 -0.030 +0.012 +0.006 -0.023 +0.026 -0.027 +0.040 +0.015 +0.010 +0.015
 +0.038 -0.030 -0.011 -0.004 +0.035 +0.043 -0.001 -0.020 -0.022 +0.036
 -0.031 +0.008 -0.032 +0.037 -0.036 -0.006 -0.014 -0.036 -0.014 +0.012
 -0.006 -0.019 +0.018 -0.006 +0.022 +0.013 -0.002 -0.052 +0.012 +0.018
 +0.006 -0.008 +0.024 +0.012 -0.020 -0.044 +0.016 +0.005 +0.043 +0.042
 +0.019 +0.016 +0.017 +0.008 +0.033 +0.005 +0.004 -0.034 -0.014 -0.030
 +0.008 -0.036 +0.013 +0.011 -0.020 +0.034 +0.027 +0.029 +0.021 -0.016
 +0.004 +0.048 +0.029 -0.019 -0.013 +0.004 +0.015 +0.038 -0.012 +0.001
 +0.026 -0.009 +0.049 -0.003 +0.041 +0.014 +0.017 -0.004 -0.029 +0.009
 +0.019 +0.038 +0.005 -0.034 +0.006 +0.005 -0.030 -0.034 +0.036 -0.026
 +0.006 -0.031 +0.032 +0.014 +0.030 -0.024 -0.004 -0.035 +0.024 +0.003
 +0.037 +0.009 +0.003 -0.010 -0.012 +0.037 +0.004 +0.039 +0.030 -0.017
 -0.012 -0.002 -0.046 -0.016 +0.021 +0.051 +0.049 -0.015 +0.022 -0.028
 +0.034 -0.032 +0.018 +0.012 +0.028 -0.041 -0.032 +0.017 +0.020 -0.012
 -0.035 +0.013 -0.045 +0.033 -0.021 -0.044 -0.010 -0.023 +0.034 -0.012
 -0.016 -0.005 -0.024 -0.009 -0.032 -0.034 +0.004 -0.009 -0.020 -0.034
 +0.012 -0.017 +0.013 -0.004 -0.006 -0.018 -0.043 +0.022 -0.031 -0.038
 +0.015 -0.028 +0.024 -0.023 +0.016 -0.007 -0.030 -0.035 +0.003 +0.034
 +0.032 -0.018 -0.034 +0.017 +0.028 -0.014 -0.010 -0.003 -0.027 -0.032
 +0.021 +0.020 +0.028 +0.009 +0.049 -0.045 -0.017 -0.032 -0.019 +0.030
 -0.032 +0.008 -0.021 +0.009 -0.017 -0.031 -0.007 -0.019 +0.005 -0.020
 +0.028 +0.019 -0.042 +0.006 +0.012 +0.012 -0.025 +0.017 +0.032 -0.034
 +0.012 +0.012 +0.013 -0.034 -0.045 +0.015 -0.010 -0.002 +0.013 -0.028
 -0.003 -0.006 -0.037 -0.034 -0.027 +0.035 -0.000 -0.002 -0.049 +0.047
 -0.016 +0.008 -0.010 +0.001 -0.017 -0.018 +0.016 -0.036 +0.003 -0.015
 +0.015 -0.008 -0.039 +0.003 -0.032 -0.030 +0.050 +0.014 +0.046 +0.014
 -0.022 -0.022 -0.028 -0.046 +0.021 -0.006 +0.031 -0.041 -0.039 +0.006
 -0.009 +0.024 -0.011 +0.009 -0.016 -0.029 +0.017 +0.020 +0.049 +0.050
 +0.016 -0.027 +0.024 +0.022 +0.026 -0.002 +0.002 -0.030 -0.029 +0.038
 +0.006 +0.037 +0.018 +0.011 -0.009 +0.017 +0.002 -0.020 +0.010 -0.021
 -0.012 -0.012 +0.006 -0.025 +0.005 +0.029 +0.020 +0.018 -0.035 -0.024
 +0.027 -0.045 -0.041 +0.030 -0.035 -0.024 +0.001 -0.014 -0.028 -0.013
 -0.011 +0.010 -0.033 +0.008 +0.029 +0.020 +0.033 +0.010 -0.030 +0.032
 +0.013 +0.024 +0.026 -0.020 +0.023 -0.022 -0.002 -0.023 +0.011 +0.025
 +0.028 +0.032 -0.049 +0.036 -0.015 -0.001 +0.027 -0.013 -0.011 -0.014
 +0.034 -0.005 +0.025 +0.006 +0.003 -0.023 -0.005 +0.045 +0.040 +0.022
 +0.028 -0.040 -0.018 +0.011 +0.003 +0.033 +0.040 +0.051 +0.035 -0.044
 +0.005 +0.021 -0.021 -0.045 -0.027 +0.025 -0.008 +0.020 -0.025 +0.030
 +0.028 +0.019 -0.008 -0.006 +0.007 -0.025 +0.000 -0.016 +0.012 +0.009
 +0.003 -0.029 -0.010 -0.025 -0.023 -0.024 -0.024 -0.037 -0.037 +0.027
 -0.028 +0.011 -0.009 +0.017 -0.005 -0.006 -0.000 +0.013 -0.023 -0.006
 +0.037 +0.028 +0.012 +0.013 +0.009 +0.024 +0.033 -0.030 +0.021 +0.013
 -0.019 -0.012 +0.007 +0.000 -0.040 -0.005 +0.019 -0.044 +0.004 -0.005
 -0.014 -0.004 +0.029 +0.018 -0.032 +0.034 +0.053 +0.027 +0.009 +0.040
 -0.028 +0.035 +0.030 +0.031 +0.027 +0.019 -0.011 -0.036 -0.018 -0.025
 -0.028 -0.025 -0.040 +0.006 -0.024 -0.022 +0.026 +0.003 -0.046 +0.029
 +0.012 -0.020 +0.019 -0.036 -0.012 +0.010 -0.005 -0.004 -0.034 -0.010
 +0.022 -0.010 -0.000 +0.008 +0.011 -0.012 -0.041 +0.028 +0.032 +0.005
 +0.015 +0.015 -0.006 +0.029 +0.012 +0.018 +0.021 -0.006 +0.045 +0.050
 -0.011 +0.041 -0.031 +0.015 -0.008 -0.010 -0.034 -0.020 +0.037 +0.004
 +0.013 +0.006 -0.035 +0.016 -0.007 +0.007 -0.035 +0.013 +0.016 -0.004
 -0.008 +0.016 -0.016 +0.019 +0.030 -0.040 -0.014 +0.033 -0.020 +0.040
 +0.030 -0.018 -0.022 +0.044 +0.012 +0.026 +0.031 -0.036 -0.038 +0.009
 +0.019 -0.011 +0.041 -0.034 -0.016 -0.018 -0.011 -0.002 -0.003 +0.004
 -0.033 +0.046 +0.040 -0.012 +0.017 +0.038 +0.028 +0.008 -0.019 +0.012
 -0.030 -0.030 +0.031 +0.037 +0.033 -0.014 +0.011 +0.013 +0.012 +0.006
 -0.042 +0.044 -0.005 -0.022 +0.011 +0.041 +0.023 -0.027 +0.038 +0.003
 -0.019 -0.014 -0.009 +0.019 +0.011 +0.031 +0.024 +0.027 +0.011 -0.024
 +0.034 +0.023 +0.010 +0.023 +0.040 +0.035 -0.002 -0.023 +0.025 +0.020
 +0.037 +0.046 -0.018 +0.009 +0.035 +0.034 +0.042 -0.035 +0.023 -0.010
 +0.010 +0.028 -0.036 +0.022 -0.018 +0.012 -0.046 +0.040 -0.030 -0.019
 +0.049 -0.018 -0.008 +0.027 +0.038 -0.021 +0.015 -0.031 +0.022 +0.006
 +0.018 +0.012 +0.003 +0.041 +0.025 +0.032 -0.010 +0.038 +0.030 +0.002
 +0.013 -0.011 +0.030 +0.034 -0.013 -0.011 -0.017 +0.039 -0.003 -0.029
 +0.047 +0.024 +0.005 -0.030 -0.009 -0.039 +0.024 -0.028 +0.009 +0.008
 +0.021 +0.035 +0.004 +0.006 -0.006 -0.016 +0.007 -0.012 -0.002 -0.023
 -0.031 -0.018 +0.043 +0.006 +0.008 +0.016 +0.028 +0.026 +0.023 -0.014
 -0.006 -0.011 -0.026 +0.024 -0.014 +0.043 -0.042 +0.024 -0.002 -0.032
 +0.021 -0.011 -0.023 -0.043 +0.021 -0.018 +0.027 -0.003 +0.022 -0.022
 -0.038 +0.029 -0.014 +0.026 -0.023 -0.037 -0.044 -0.034 +0.018 +0.047
 -0.034 -0.024 -0.001 -0.008 -0.001 +0.023 -0.042 +0.030 +0.006 +0.035
 -0.040 +0.007 +0.002 -0.018 +0.018 +0.032 +0.006 -0.005 -0.000 +0.010
 +0.004 +0.010 -0.022 -0.014 -0.023 +0.015 -0.029 +0.026 -0.016 +0.020
 +0.019 +0.005 -0.021 +0.011 +0.024 -0.029 +0.038 +0.028 +0.012 +0.034
 -0.029 -0.037 +0.038 +0.008 +0.041 -0.010 -0.021 -0.036 +0.026 +0.000
 +0.046 -0.014 -0.044 -0.012 +0.007 +0.007 -0.004 -0.023 -0.015 +0.041
 +0.025 -0.027 -0.011 +0.010 -0.000 +0.028 -0.041 -0.029 -0.004 -0.029
 +0.042 +0.001 -0.022 -0.025 +0.044 +0.036 -0.049 +0.022 +0.023 -0.033
 -0.022 -0.007 +0.000 -0.012 -0.039 +0.042 +0.032 -0.014 -0.043 +0.009
 +0.004 -0.027 -0.012 +0.024 -0.030 -0.010 -0.032 -0.037 -0.012 -0.002
 +0.025 +0.037 +0.020 -0.010 +0.026 -0.030 +0.039 -0.018 +0.006 -0.023
 +0.047 +0.002 -0.011 +0.000 -0.026 -0.002 -0.007 +0.003 -0.013 -0.023
 +0.025 -0.000 -0.025 -0.035 -0.011 -0.017 +0.019 +0.008 -0.005 -0.008
 -0.014 -0.010 +0.027 +0.029 -0.032 +0.028 +0.043 -0.021 +0.031 +0.026
 -0.034 +0.010 +0.043 +0.025 +0.001 -0.027 +0.002 -0.004 -0.013 +0.032
 +0.026 -0.003 +0.030 +0.015 -0.010 +0.042 -0.001 -0.034 +0.015 +0.021
 +0.006 -0.024 +0.015 +0.016 -0.023 +0.020 -0.020 -0.014 +0.022 -0.024
 -0.005 -0.024 +0.037 +0.025 -0.034 -0.033 +0.035 +0.035 -0.008 +0.008
 -0.010 +0.012 +0.002 -0.021 +0.025 -0.016 -0.006 -0.000 +0.011 -0.019
 +0.029 +0.023 +0.010 -0.025 -0.031 -0.015 +0.008 -0.020 -0.027 -0.001
 +0.028 -0.028 -0.028 +0.042 +0.006 +0.023 -0.015 -0.020 +0.020 -0.003
 +0.044 +0.034 -0.018 -0.032 +0.000 -0.019 +0.017 -0.010 +0.019 +0.039
 +0.004 -0.004 +0.028 +0.008 -0.006 -0.022 +0.006 -0.049 +0.039 +0.015
 +0.002 +0.008 +0.020 -0.037 +0.006 +0.035 +0.018 +0.002 +0.037 -0.026]
                          [+0.029 -0.026 +0.028 +0.030 +0.004 -0.006 +0.000 -0.026 -0.033 -0.024
 -0.016 +0.033 +0.012 +0.018 -0.027 -0.040 +0.041 +0.014 +0.024 -0.012
 +0.032 +0.001 +0.033 +0.020 +0.007 -0.024 +0.045 -0.016 +0.028 -0.030
 +0.034 +0.016 +0.051 -0.012 -0.019 -0.014 -0.012 +0.017 -0.023 +0.012
 +0.000 -0.017 +0.031 -0.026 -0.009 -0.024 -0.032 +0.049 +0.009 +0.037
 -0.036 -0.039 -0.044 +0.009 -0.012 -0.018 -0.015 +0.007 +0.014 +0.049
 -0.016 +0.036 +0.021 +0.008 +0.018 -0.039 +0.029 +0.028 -0.003 +0.011
 +0.036 +0.011 -0.010 +0.016 +0.021 +0.039 +0.032 -0.019 +0.009 +0.027
 -0.014 -0.014 -0.010 +0.028 -0.038 -0.010 +0.025 -0.044 -0.001 +0.017
 +0.013 +0.011 +0.010 +0.021 +0.031 +0.025 -0.035 -0.050 -0.012 -0.024
 +0.030 -0.031 -0.011 +0.010 -0.007 -0.036 -0.014 -0.031 +0.024 +0.019
 -0.017 -0.031 +0.008 +0.006 +0.004 -0.013 -0.032 -0.036 +0.018 -0.018
 +0.014 -0.021 -0.009 -0.021 +0.014 +0.029 +0.042 +0.042 +0.029 +0.018
 +0.030 +0.051 -0.003 +0.014 +0.008 +0.004 +0.006 +0.026 -0.006 -0.027
 -0.012 -0.034 +0.051 -0.004 +0.045 -0.004 -0.029 +0.035 -0.009 -0.026
 +0.037 +0.037 +0.036 -0.039 -0.033 -0.029 -0.018 -0.038 +0.012 -0.031
 +0.001 -0.019 +0.006 -0.031 +0.039 +0.000 +0.001 -0.034 +0.000 +0.008
 +0.040 +0.032 -0.025 -0.018 -0.023 +0.032 +0.016 +0.019 -0.015 +0.011
 +0.000 -0.018 -0.044 -0.008 +0.034 +0.048 +0.052 -0.016 +0.007 -0.043
 +0.034 -0.041 +0.026 +0.001 +0.014 -0.018 -0.008 +0.038 +0.009 +0.013
 -0.044 -0.015 -0.041 -0.003 -0.001 -0.037 +0.018 -0.025 +0.041 -0.014
 -0.005 -0.032 +0.020 -0.010 -0.011 +0.006 -0.006 +0.020 +0.019 -0.024
 -0.002 -0.018 +0.020 +0.010 -0.038 -0.038 -0.028 -0.018 -0.041 -0.027
 -0.026 +0.019 +0.003 +0.008 +0.026 -0.030 -0.030 -0.041 -0.033 +0.036
 +0.011 +0.024 -0.016 +0.042 -0.012 +0.031 -0.001 +0.018 -0.024 -0.047
 -0.027 -0.024 +0.012 +0.032 +0.047 -0.036 +0.019 -0.006 +0.017 -0.015
 +0.005 +0.027 -0.040 +0.004 -0.041 +0.005 -0.035 -0.036 -0.023 -0.033
 -0.010 -0.029 -0.029 -0.018 -0.011 -0.000 -0.025 -0.005 +0.019 -0.026
 -0.006 -0.015 +0.017 -0.032 -0.040 +0.023 +0.029 +0.013 -0.003 -0.013
 -0.020 +0.003 -0.028 +0.001 -0.012 +0.035 -0.033 -0.006 -0.043 +0.043
 -0.027 +0.002 -0.019 -0.023 +0.027 -0.009 +0.029 -0.017 +0.031 -0.027
 +0.031 -0.004 -0.018 +0.024 +0.001 -0.020 +0.052 +0.023 +0.047 -0.029
 -0.025 +0.008 -0.043 -0.042 -0.015 +0.027 +0.034 -0.050 -0.017 -0.014
 -0.023 +0.027 -0.027 +0.014 -0.011 -0.032 +0.028 +0.041 +0.046 +0.046
 +0.019 -0.029 +0.004 +0.011 +0.027 +0.035 +0.010 -0.030 -0.012 +0.028
 -0.010 +0.005 +0.023 +0.007 -0.017 +0.004 -0.027 -0.033 +0.013 -0.015
 +0.019 -0.012 +0.002 -0.033 -0.013 +0.031 +0.021 +0.033 -0.001 -0.013
 +0.003 -0.040 -0.030 -0.016 +0.002 -0.000 -0.017 -0.010 -0.007 -0.009
 +0.024 +0.026 -0.012 -0.013 +0.023 +0.024 +0.018 -0.008 -0.002 -0.011
 +0.026 +0.029 +0.004 +0.022 +0.027 -0.027 +0.026 -0.014 +0.011 -0.021
 +0.044 -0.005 -0.044 +0.038 +0.010 -0.025 -0.012 -0.006 +0.029 -0.005
 +0.047 +0.023 +0.028 +0.022 -0.013 +0.024 -0.009 +0.048 +0.035 +0.005
 +0.030 -0.016 -0.028 +0.022 +0.004 -0.008 +0.041 +0.049 +0.040 -0.045
 -0.005 +0.040 -0.021 -0.039 -0.029 +0.036 -0.005 -0.011 -0.033 -0.005
 +0.008 +0.031 +0.032 -0.036 -0.030 -0.009 +0.036 +0.006 +0.029 -0.026
 +0.009 -0.044 -0.020 -0.044 +0.028 +0.023 -0.028 -0.035 -0.048 -0.002
 -0.035 +0.034 -0.004 +0.015 +0.022 +0.035 +0.027 -0.032 -0.014 -0.002
 +0.008 +0.013 -0.029 -0.005 +0.014 +0.000 -0.001 +0.008 +0.013 -0.031
 -0.032 +0.010 +0.036 -0.023 -0.048 -0.021 +0.005 -0.037 -0.026 +0.020
 +0.029 -0.007 -0.004 -0.029 +0.001 +0.014 +0.054 -0.017 +0.003 +0.032
 -0.044 +0.043 +0.015 +0.018 +0.039 -0.022 -0.036 -0.017 +0.022 -0.010
 +0.004 +0.006 -0.046 +0.015 -0.019 -0.021 +0.000 -0.035 -0.043 -0.012
 -0.016 +0.009 +0.036 -0.028 -0.005 -0.029 -0.033 -0.000 -0.043 +0.026
 +0.005 -0.010 +0.032 +0.003 -0.012 +0.002 -0.034 -0.003 +0.030 +0.025
 +0.031 +0.020 -0.009 +0.010 -0.022 +0.007 +0.023 -0.028 +0.035 +0.050
 +0.003 +0.027 -0.000 -0.019 -0.031 +0.028 -0.024 +0.019 +0.018 -0.018
 -0.004 -0.010 -0.046 +0.003 +0.012 -0.002 +0.002 -0.026 +0.033 +0.010
 -0.008 +0.041 -0.017 +0.037 +0.030 -0.020 -0.007 +0.035 -0.005 +0.038
 -0.015 -0.025 -0.003 +0.047 -0.003 +0.036 -0.015 -0.046 -0.009 +0.021
 +0.043 -0.035 +0.034 +0.001 +0.016 +0.030 +0.029 -0.019 -0.031 +0.016
 -0.015 +0.050 +0.048 +0.023 +0.004 +0.022 +0.041 -0.007 -0.015 +0.005
 +0.016 +0.008 +0.044 +0.012 +0.007 +0.013 -0.028 -0.030 +0.034 +0.024
 -0.032 +0.047 +0.008 -0.002 +0.011 +0.031 +0.021 +0.007 +0.010 -0.002
 -0.028 +0.025 +0.002 +0.001 +0.036 -0.013 +0.042 -0.009 -0.006 -0.036
 +0.011 -0.025 +0.014 +0.019 +0.017 +0.042 +0.019 +0.016 +0.028 +0.029
 +0.017 +0.042 +0.002 +0.022 +0.015 +0.015 +0.036 -0.015 -0.013 +0.004
 +0.005 +0.029 -0.021 -0.006 -0.017 +0.030 -0.035 +0.043 -0.043 +0.009
 +0.045 -0.036 +0.017 +0.018 +0.045 -0.015 -0.014 -0.011 -0.022 +0.035
 +0.003 +0.001 +0.013 +0.048 -0.010 -0.002 -0.011 +0.023 +0.037 +0.031
 -0.027 +0.032 -0.012 +0.021 +0.010 -0.017 +0.017 +0.025 +0.010 -0.017
 +0.042 -0.028 +0.027 -0.013 -0.005 -0.011 +0.039 -0.002 -0.009 -0.023
 -0.014 +0.016 -0.016 -0.006 -0.009 -0.031 -0.014 -0.039 +0.026 -0.015
 -0.045 +0.024 +0.031 +0.029 -0.012 +0.024 +0.034 +0.033 +0.035 -0.004
 -0.004 -0.017 -0.004 +0.029 -0.040 +0.044 -0.029 +0.034 -0.015 +0.011
 +0.013 +0.016 +0.029 -0.030 +0.000 -0.032 +0.012 -0.003 -0.027 +0.007
 -0.041 -0.019 -0.033 +0.012 -0.027 -0.023 -0.034 -0.004 +0.008 +0.045
 -0.044 +0.024 -0.009 -0.025 +0.036 -0.019 -0.041 -0.009 +0.017 +0.026
 -0.017 -0.028 +0.031 -0.038 +0.031 +0.040 +0.003 +0.015 -0.018 -0.014
 -0.035 -0.014 +0.008 -0.040 -0.038 +0.040 +0.016 -0.020 -0.033 -0.014
 +0.026 +0.028 +0.018 +0.026 -0.027 -0.013 +0.023 +0.035 +0.006 +0.018
 -0.020 -0.025 +0.036 +0.008 +0.032 -0.025 +0.012 -0.027 -0.004 -0.013
 +0.039 +0.029 -0.035 +0.014 +0.021 +0.013 -0.031 -0.001 -0.010 +0.047
 -0.001 -0.017 +0.015 +0.022 -0.033 -0.013 -0.038 -0.013 -0.005 -0.045
 +0.038 -0.034 -0.002 -0.019 +0.028 +0.008 -0.044 +0.038 +0.021 -0.031
 +0.024 +0.020 +0.002 +0.032 -0.024 +0.022 +0.012 -0.040 -0.037 +0.024
 -0.009 +0.009 +0.022 +0.041 -0.026 +0.013 -0.016 -0.004 -0.037 +0.022
 +0.011 +0.022 -0.027 -0.017 +0.023 +0.005 +0.022 +0.023 -0.031 -0.013
 +0.044 +0.026 +0.014 +0.028 +0.017 -0.008 +0.015 -0.018 +0.025 +0.017
 -0.010 -0.014 -0.035 -0.025 -0.017 +0.020 +0.041 +0.025 +0.011 -0.011
 +0.013 -0.027 -0.011 +0.019 +0.004 +0.028 +0.042 +0.007 -0.013 +0.016
 -0.025 -0.021 +0.040 +0.021 -0.025 -0.007 -0.033 +0.022 +0.002 +0.005
 +0.021 -0.024 +0.011 +0.020 -0.019 +0.031 +0.030 -0.041 +0.018 +0.017
 +0.019 +0.029 +0.002 -0.013 -0.016 +0.012 -0.022 -0.009 +0.005 -0.005
 +0.026 +0.005 +0.028 +0.021 -0.028 +0.003 +0.033 +0.004 +0.018 -0.015
 -0.035 +0.004 +0.006 -0.018 +0.044 +0.004 -0.005 +0.030 +0.015 -0.039
 +0.035 -0.024 -0.011 -0.026 -0.046 +0.009 +0.033 +0.009 -0.036 -0.008
 +0.036 +0.004 +0.009 +0.046 +0.031 +0.014 -0.029 -0.035 +0.038 +0.030
 +0.045 +0.016 +0.015 -0.009 +0.014 -0.030 -0.011 +0.003 +0.027 +0.040
 +0.002 +0.035 +0.015 -0.004 -0.031 -0.042 -0.016 -0.046 +0.035 +0.024
 +0.011 +0.029 +0.028 -0.046 +0.037 +0.034 +0.010 +0.034 +0.027 +0.012]]

RHS vector b:            [+0.117 +0.109]
Obj vector c:            [-0.046 +0.032 -0.099 -0.021 -0.013 +0.015 +0.025 +0.009 +0.033 +0.061
 +0.071 -0.074 -0.008 -0.022 +0.070 +0.072 -0.118 -0.034 -0.016 -0.004
 -0.103 +0.044 -0.077 +0.005 -0.014 +0.080 -0.124 -0.013 -0.048 +0.055
 -0.104 +0.011 -0.146 -0.020 +0.034 +0.071 +0.037 -0.058 +0.046 -0.045
 -0.034 +0.013 -0.069 +0.080 +0.049 +0.022 +0.053 -0.140 -0.046 -0.075
 +0.060 +0.090 +0.095 -0.024 -0.003 +0.057 +0.053 +0.027 -0.040 -0.140
 +0.066 -0.068 -0.039 +0.021 -0.062 +0.095 -0.098 -0.061 -0.009 -0.037
 -0.105 +0.027 +0.029 -0.018 -0.080 -0.116 -0.044 +0.056 +0.018 -0.089
 +0.064 +0.009 +0.059 -0.092 +0.105 +0.023 -0.016 +0.114 +0.021 -0.042
 -0.010 +0.010 -0.040 -0.022 -0.075 -0.053 +0.053 +0.143 -0.000 +0.009
 -0.051 +0.055 -0.018 -0.032 +0.038 +0.113 -0.003 +0.038 -0.095 -0.086
 -0.002 +0.022 -0.036 -0.020 -0.051 +0.012 +0.041 +0.098 -0.008 +0.068
 -0.032 +0.080 -0.004 +0.015 +0.007 -0.088 -0.098 -0.100 -0.071 -0.003
 -0.050 -0.140 -0.036 +0.006 +0.007 -0.012 -0.030 -0.090 +0.025 +0.038
 -0.019 +0.060 -0.142 +0.010 -0.121 -0.014 +0.018 -0.045 +0.054 +0.024
 -0.079 -0.106 -0.059 +0.103 +0.039 +0.035 +0.068 +0.103 -0.067 +0.082
 -0.010 +0.071 -0.053 +0.025 -0.099 +0.033 +0.003 +0.098 -0.033 -0.015
 -0.109 -0.059 +0.031 +0.041 +0.049 -0.098 -0.028 -0.081 -0.020 +0.008
 +0.016 +0.029 +0.127 +0.034 -0.078 -0.139 -0.144 +0.044 -0.041 +0.101
 -0.095 +0.103 -0.063 -0.018 -0.060 +0.083 +0.055 -0.079 +0.275 -0.002
 +0.112 +0.004 +0.121 -0.042 +0.031 +0.115 -0.012 +0.067 -0.106 +0.036
 +0.030 +0.052 +0.004 +0.027 +0.060 +0.039 +0.003 -0.016 +0.000 +0.082
 -0.014 +0.049 -0.047 -0.008 +0.062 +0.080 +0.100 -0.004 +0.102 +0.092
 +0.017 +0.011 -0.037 +0.020 -0.060 +0.053 +0.085 +0.108 +0.045 -0.099
 -0.060 -0.010 +0.070 -0.085 -0.022 -0.025 +0.016 -0.021 +0.072 +0.112
 +0.010 +0.007 -0.056 -0.058 -0.136 +0.114 -0.004 +0.054 +0.003 -0.021
 +0.038 -0.050 +0.088 -0.018 +0.083 +0.036 +0.060 +0.079 +0.027 +0.076
 -0.025 +0.015 +0.100 +0.017 -0.001 -0.017 +0.071 -0.016 -0.072 +0.085
 -0.008 +0.005 -0.042 +0.093 +0.119 -0.054 -0.027 -0.016 -0.013 +0.057
 +0.032 +0.004 +0.092 +0.046 +0.055 -0.099 +0.047 +0.011 +0.129 -0.126
 +0.062 -0.013 +0.041 +0.033 -0.015 +0.038 -0.065 +0.074 -0.048 +0.060
 -0.066 +0.016 +0.080 -0.039 +0.043 +0.071 -0.145 -0.053 -0.131 +0.022
 +0.066 +0.019 +0.101 +0.124 -0.007 -0.031 -0.092 +0.129 +0.079 +0.011
 +0.045 -0.072 +0.054 -0.033 +0.038 +0.086 -0.064 -0.086 -0.134 -0.136
 -0.049 +0.080 -0.039 -0.046 -0.075 -0.048 -0.017 +0.084 +0.057 -0.093
 +0.006 -0.059 -0.058 -0.025 +0.036 -0.030 +0.035 +0.075 -0.032 +0.050
 -0.010 +0.035 -0.011 +0.082 +0.012 -0.085 -0.058 -0.072 +0.051 +0.051
 -0.042 +0.120 +0.101 -0.018 +0.045 +0.033 +0.023 +0.034 +0.048 +0.031
 -0.020 -0.051 +0.062 +0.008 -0.073 -0.062 -0.071 -0.002 +0.044 -0.029
 -0.056 -0.075 -0.041 -0.003 -0.070 +0.069 -0.035 +0.053 -0.032 -0.004
 -0.103 -0.036 +0.131 -0.105 +0.007 +0.037 -0.019 +0.027 -0.027 +0.026
 -0.115 -0.026 -0.075 -0.039 +0.014 -0.004 +0.020 -0.131 -0.107 -0.037
 -0.082 +0.078 +0.066 -0.047 -0.009 -0.033 -0.114 -0.141 -0.106 +0.126
 -0.000 -0.086 +0.059 +0.119 +0.079 -0.087 +0.018 -0.011 +0.082 -0.035
 -0.050 -0.071 -0.035 +0.060 +0.032 +0.047 -0.052 +0.014 -0.058 +0.024
 -0.017 +0.103 +0.041 +0.097 -0.009 +0.001 +0.073 +0.102 +0.121 -0.035
 +0.090 -0.063 +0.017 -0.045 -0.025 -0.042 -0.039 +0.028 +0.052 +0.010
 -0.063 -0.057 +0.025 -0.011 -0.032 -0.034 -0.045 +0.030 -0.048 +0.027
 +0.072 +0.001 -0.062 +0.032 +0.124 +0.037 -0.034 +0.114 +0.032 -0.022
 -0.021 +0.015 -0.034 +0.017 +0.043 -0.067 -0.150 -0.013 -0.016 -0.102
 +0.102 -0.111 -0.063 -0.069 -0.093 +0.004 +0.067 +0.075 -0.008 +0.049
 +0.033 +0.027 +0.122 -0.030 +0.060 +0.060 -0.036 +0.046 +0.126 -0.023
 +0.007 +0.015 -0.079 +0.091 +0.024 +0.028 +0.054 +0.006 +0.108 -0.023
 -0.038 +0.029 -0.046 -0.015 +0.002 +0.014 +0.106 -0.035 -0.087 -0.044
 -0.066 -0.050 +0.021 -0.056 +0.015 -0.035 -0.062 +0.049 -0.113 -0.141
 +0.011 -0.096 +0.043 +0.006 +0.056 -0.027 +0.081 -0.000 -0.077 +0.020
 -0.013 +0.006 +0.115 -0.027 -0.008 -0.008 +0.045 +0.020 -0.070 -0.009
 +0.022 -0.081 +0.047 -0.080 -0.084 +0.084 +0.030 -0.096 +0.035 -0.111
 -0.019 +0.060 +0.035 -0.128 -0.012 -0.088 -0.021 +0.116 +0.065 -0.043
 -0.089 +0.065 -0.106 +0.046 -0.000 -0.017 -0.026 +0.030 +0.050 -0.030
 +0.067 -0.135 -0.126 -0.016 -0.029 -0.085 -0.099 -0.002 +0.048 -0.024
 +0.018 +0.030 -0.107 -0.069 -0.056 +0.000 +0.025 +0.025 -0.065 -0.044
 +0.105 -0.129 -0.005 +0.034 -0.030 -0.102 -0.063 +0.028 -0.067 -0.002
 +0.066 -0.017 +0.010 -0.027 -0.067 -0.025 -0.094 -0.024 -0.007 +0.085
 -0.063 +0.004 -0.033 -0.059 -0.079 -0.109 -0.026 +0.009 -0.076 -0.070
 -0.075 -0.124 +0.022 -0.044 -0.070 -0.069 -0.109 +0.069 -0.014 +0.007
 -0.021 -0.081 +0.080 -0.022 +0.049 -0.060 +0.114 -0.119 +0.103 +0.014
 -0.133 +0.077 -0.013 -0.063 -0.117 +0.051 -0.002 +0.059 +0.001 -0.060
 -0.029 -0.018 -0.023 -0.126 -0.021 -0.042 +0.030 -0.085 -0.094 -0.048
 +0.021 -0.032 -0.024 -0.078 +0.004 +0.041 +0.000 -0.090 -0.011 +0.066
 -0.125 +0.008 +1.930 +0.060 +0.019 +0.069 -0.090 +0.042 +0.002 +0.022
 -0.009 -0.072 +0.018 -0.001 +0.021 +0.066 +0.010 +0.072 -0.035 +0.053
 +0.107 -0.009 -0.104 -0.049 +0.006 -0.057 -0.088 -0.083 -0.083 +0.025
 +0.013 +0.040 +0.041 -0.074 +0.078 -0.122 +0.100 -0.082 +0.025 +0.027
 -0.049 -0.008 -0.010 +0.103 -0.030 +0.072 -0.056 +0.008 +0.009 +0.020
 +0.112 -0.013 +0.067 -0.053 +0.072 +0.085 +0.110 +0.054 -0.036 -0.130
 +0.110 -0.002 +0.015 +0.046 -0.050 -0.006 +0.117 -0.029 -0.032 -0.085
 +0.081 +0.029 -0.047 +0.080 -0.070 -0.103 -0.013 -0.016 +0.026 +0.007
 +0.046 +0.006 +0.020 +0.077 +0.087 -0.078 +0.018 -0.008 +0.069 -0.008
 -0.063 -0.048 +0.005 -0.052 +0.006 +0.059 -0.086 -0.088 -0.025 -0.074
 +0.070 +0.087 -0.105 -0.022 -0.102 +0.050 +0.011 +0.088 -0.030 +0.018
 -0.121 -0.023 +0.111 -0.004 -0.039 -0.028 +0.051 +0.033 +0.035 -0.125
 -0.033 +0.062 -0.006 -0.046 +0.048 -0.019 +0.112 +0.059 +0.013 +0.104
 -0.114 +0.048 +0.032 +0.062 -0.101 -0.062 +0.131 -0.086 -0.062 +0.091
 -0.004 -0.020 -0.003 -0.029 +0.089 -0.091 -0.062 +0.078 +0.114 -0.047
 +0.008 +0.024 -0.015 -0.091 +0.079 -0.005 +0.067 +0.057 +0.071 -0.029
 -0.051 -0.084 +0.011 +0.037 -0.070 +0.035 -0.086 -0.008 +0.036 +0.050
 -0.129 -0.040 -0.005 -0.041 +0.012 +0.015 -0.011 +0.021 -0.019 +0.007
 -0.020 +0.020 +0.085 +0.084 +0.041 -0.005 -0.086 -0.047 -0.008 +0.026
 +0.001 +0.053 -0.022 -0.068 +0.038 -0.078 -0.120 +0.018 -0.024 -0.059
 +0.082 +0.016 -0.116 -0.065 +0.035 +0.047 +0.045 -0.026 +0.015 -0.053
 -0.065 +0.039 -0.057 -0.049 +0.041 -0.102 -0.041 +0.106 -0.046 -0.054
 -0.036 -0.009 -0.023 -0.003 +0.056 -0.044 +0.058 +0.033 -0.038 +0.040
 -0.029 +0.026 -0.091 -0.065 +0.088 +0.042 -0.096 -0.055 -0.015 +0.010
 +0.065 -0.022 -0.011 +0.055 -0.098 +0.016 +0.016 -0.043 -0.037 +0.082
 -0.090 +0.002 +0.002 +0.072 +0.110 +0.007 -0.057 +0.016 +0.088 +0.012
 -0.091 +0.034 +0.026 -0.125 -0.054 -0.053 +0.063 +0.079 -0.083 -0.039
 -0.125 -0.070 +0.004 +0.057 -0.020 +0.070 -0.009 +0.009 -0.066 -0.113
 -0.008 -0.045 -0.061 -0.005 +0.053 +0.092 +0.015 +0.134 -0.104 -0.055
 -0.017 -0.053 -0.069 +0.117 -0.060 -0.098 -0.041 -0.052 -0.091 +0.018]

---------------------------- Optimal solution -----------------------------
Primal variables:         [+0.034 +0.021 +0.036 +0.075 +0.064 +0.045 +0.043 +0.001 +0.019 +0.014
 +0.078 +0.098 +0.038 +0.112 +0.015 +0.056 +0.032 +0.025 +0.056 +0.071
 +0.071 +0.009 +0.065 +0.094 +0.033 +0.111 +0.061 +0.108 +0.040 +0.058
 +0.111 +0.023 +0.110 +0.004 +0.002 +0.022 +0.001 +0.050 +0.073 +0.080
 +0.029 +0.086 +0.109 +0.060 +0.048 +0.056 +0.086 +0.036 +0.018 +0.069
 +0.072 +0.088 +0.104 +0.094 +0.108 +0.062 +0.003 +0.016 +0.053 +0.077
 +0.077 +0.082 +0.111 +0.044 +0.058 +0.103 +0.043 +0.050 +0.050 +0.030
 +0.104 +0.058 +0.075 +0.094 +0.000 +0.066 +0.055 +0.031 +0.031 +0.090
 +0.050 +0.037 +0.070 +0.068 +0.055 +0.080 +0.067 +0.053 +0.047 +0.085
 +0.003 +0.045 +0.057 +0.083 +0.055 +0.095 +0.001 +0.019 +0.068 +0.073
 +0.074 +0.061 +0.021 +0.018 +0.024 +0.052 +0.003 +0.037 +0.042 +0.102
 +0.025 +0.017 +0.074 +0.094 +0.027 +0.054 +0.087 +0.107 +0.021 +0.112
 +0.071 +0.021 +0.110 +0.065 +0.038 +0.034 +0.083 +0.063 +0.039 +0.092
 +0.063 +0.051 +0.104 +0.095 +0.012 +0.005 +0.083 +0.067 +0.051 +0.025
 +0.049 +0.094 +0.015 +0.062 +0.021 +0.109 +0.096 +0.025 +0.077 +0.026
 +0.001 +0.014 +0.002 +0.093 +0.046 +0.023 +0.015 +0.049 +0.023 +0.077
 +0.071 +0.024 +0.079 +0.062 +0.040 +0.022 +0.054 +0.064 +0.052 +0.091
 +0.055 +0.012 +0.029 +0.051 +0.110 +0.102 +0.112 +0.047 +0.038 +0.038
 +0.041 +0.076 +0.089 +0.062 +0.088 +0.053 +0.109 +0.018 +0.023 +0.026
 +0.035 +0.028 +0.063 +0.022 +0.083 +0.025 +0.073 +0.098 +0.000 +0.024
 +0.058 +0.004 +0.043 +0.021 +0.094 +0.024 +0.066 +0.068 +0.060 +0.051
 +0.015 +0.062 +0.109 +0.029 +0.006 +0.054 +0.086 +0.015 +0.023 +0.007
 +0.059 +0.082 +0.070 +0.106 +0.092 +0.008 +0.030 +0.093 +0.084 +0.005
 +0.055 +0.017 +0.018 +0.047 +0.036 +0.027 +0.052 +0.102 +0.007 +0.035
 +0.039 +0.073 +0.112 +0.044 +0.078 +0.035 +0.002 +0.000 +0.053 +0.002
 +0.039 +0.029 +0.058 +0.098 +0.105 +0.047 +0.105 +0.027 +0.029 +0.001
 +0.082 +0.017 +0.020 +0.088 +0.087 +0.078 +0.044 +0.042 +0.099 +0.005
 +0.085 +0.089 +0.027 +0.037 +0.043 +0.034 +0.055 +0.016 +0.003 +0.082
 +0.076 +0.096 +0.107 +0.026 +0.002 +0.050 +0.014 +0.058 +0.057 +0.023
 +0.044 +0.088 +0.021 +0.008 +0.029 +0.065 +0.077 +0.035 +0.109 +0.097
 +0.027 +0.084 +0.099 +0.021 +0.092 +0.098 +0.082 +0.037 +0.017 +0.102
 +0.108 +0.014 +0.079 +0.083 +0.092 +0.094 +0.102 +0.044 +0.036 +0.078
 +0.027 +0.012 +0.004 +0.058 +0.003 +0.030 +0.050 +0.073 +0.039 +0.109
 +0.077 +0.041 +0.081 +0.049 +0.015 +0.021 +0.016 +0.008 +0.056 +0.105
 +0.064 +0.086 +0.010 +0.039 +0.014 +0.084 +0.057 +0.047 +0.074 +0.058
 +0.002 +0.051 +0.088 +0.034 +0.002 +0.021 +0.037 +0.062 +0.050 +0.046
 +0.068 +0.068 +0.111 +0.020 +0.064 +0.020 +0.054 +0.112 +0.000 +0.030
 +0.075 +0.022 +0.017 +0.072 +0.069 +0.014 +0.095 +0.045 +0.005 +0.012
 +0.023 +0.019 +0.009 +0.043 +0.082 +0.031 +0.070 +0.014 +0.046 +0.029
 +0.075 +0.098 +0.090 +0.034 +0.094 +0.098 +0.060 +0.104 +0.102 +0.032
 +0.080 +0.007 +0.063 +0.041 +0.105 +0.074 +0.111 +0.012 +0.042 +0.047
 +0.001 +0.053 +0.053 +0.100 +0.083 +0.043 +0.083 +0.042 +0.052 +0.069
 +0.034 +0.009 +0.057 +0.094 +0.111 +0.081 +0.081 +0.101 +0.027 +0.009
 +0.036 +0.074 +0.069 +0.056 +0.017 +0.088 +0.055 +0.010 +0.056 +0.056
 +0.098 +0.035 +0.109 +0.043 +0.037 +0.111 +0.004 +0.043 +0.031 +0.004
 +0.033 +0.054 +0.099 +0.093 +0.015 +0.016 +0.097 +0.027 +0.107 +0.035
 +0.027 +0.072 +0.009 +0.016 +0.073 +0.071 +0.103 +0.047 +0.057 +0.059
 +0.096 +0.031 +0.016 +0.036 +0.101 +0.010 +0.065 +0.056 +0.055 +0.079
 +0.107 +0.102 +0.087 +0.097 +0.050 +0.063 +0.055 +0.061 +0.052 +0.076
 +0.003 +0.078 +0.108 +0.066 +0.068 +0.088 +0.017 +0.097 +0.051 +0.089
 +0.026 +0.032 +0.022 +0.060 +0.071 +0.004 +0.031 +0.009 +0.029 +0.108
 +0.092 +0.064 +0.093 +0.076 +0.006 +0.049 +0.047 +0.010 +0.107 +0.101
 +0.100 +0.004 +0.075 +0.076 +0.057 +0.015 +0.095 +0.018 +0.042 +0.011
 +0.043 +0.012 +0.053 +0.108 +0.048 +0.080 +0.064 +0.037 +0.066 +0.026
 +0.009 +0.041 +0.015 +0.003 +0.062 +0.012 +0.025 +0.051 +0.095 +0.107
 +0.003 +0.078 +0.063 +0.112 +0.075 +0.002 +0.067 +0.039 +0.030 +0.081
 +0.016 +0.064 +0.019 +0.062 +0.064 +0.048 +0.042 +0.041 +0.067 +0.011
 +0.036 +0.091 +0.075 +0.097 +0.007 +0.017 +0.072 +0.008 +0.079 +0.101
 +0.072 +0.109 +0.042 +0.082 +0.029 +0.037 +0.064 +0.052 +0.089 +0.052
 +0.002 +0.083 +0.046 +0.059 +0.085 +0.096 +0.081 +0.032 +0.057 +0.068
 +0.106 +0.106 +0.090 +0.004 +0.060 +0.030 +0.046 +0.091 +0.064 +0.005
 +0.033 +0.022 +0.087 +0.014 +0.036 +0.084 +0.047 +0.068 +0.065 +0.076
 +0.052 +0.014 +0.100 +0.072 +0.061 +0.096 +0.107 +0.026 +0.000 +0.092
 +0.049 +0.057 +0.057 +0.084 +0.045 +0.056 +0.048 +0.089 +0.036 +0.105
 +0.040 +0.016 +0.012 +0.010 +0.104 +0.062 +0.063 +0.084 +0.084 +0.055
 +0.051 +0.029 +0.028 +0.047 +0.085 +0.062 +0.049 +0.063 +0.054 +0.040
 +0.096 +0.096 +0.038 +0.044 +0.053 +0.002 +0.050 +0.094 +0.070 +0.085
 +0.089 +0.076 +0.104 +0.086 +0.028 +0.108 +0.081 +0.028 +0.077 +0.011
 +0.030 +0.075 +0.027 +0.057 +0.106 +0.099 +0.034 +0.057 +0.030 +0.044
 +0.014 +0.046 +0.001 +0.094 +0.001 +0.028 +0.018 +0.049 +0.109 +0.068
 +0.023 +0.108 +0.000 +0.009 +0.031 +0.054 +0.075 +0.065 +0.030 +0.086
 +0.090 +0.008 +0.041 +0.041 +0.050 +0.042 +0.058 +0.075 +0.108 +0.021
 +0.091 +0.033 +0.048 +0.028 +0.035 +0.098 +0.015 +0.021 +0.072 +0.017
 +0.029 +0.002 +0.012 +0.110 +0.103 +0.111 +0.111 +0.090 +0.008 +0.008
 +0.024 +0.073 +0.036 +0.098 +0.001 +0.039 +0.015 +0.093 +0.097 +0.086
 +0.007 +0.026 +0.057 +0.003 +0.029 +0.046 +0.091 +0.102 +0.013 +0.073
 +0.005 +0.026 +0.022 +0.012 +0.101 +0.061 +0.058 +0.045 +0.054 +0.027
 +0.063 +0.017 +0.071 +0.065 +0.108 +0.023 +0.019 +0.093 +0.071 +0.079
 +0.003 +0.020 +0.095 +0.071 +0.004 +0.058 +0.086 +0.040 +0.030 +0.004
 +0.069 +0.098 +0.027 +0.011 +0.027 +0.064 +0.067 +0.077 +0.065 +0.047
 +0.073 +0.014 +0.023 +0.055 +0.023 +0.078 +0.052 +0.042 +0.076 +0.072
 +0.066 +0.001 +0.092 +0.006 +0.015 +0.079 +0.084 +0.030 +0.082 +0.040
 +0.027 +0.068 +0.077 +0.110 +0.095 +0.029 +0.070 +0.014 +0.087 +0.100
 +0.109 +0.008 +0.070 +0.092 +0.083 +0.011 +0.055 +0.001 +0.109 +0.015
 +0.074 +0.088 +0.011 +0.003 +0.054 +0.075 +0.035 +0.110 +0.066 +0.028
 +0.063 +0.002 +0.038 +0.088 +0.053 +0.080 +0.082 +0.086 +0.101 +0.026
 +0.003 +0.026 +0.015 +0.027 +0.077 +0.052 +0.006 +0.062 +0.072 +0.010
 +0.111 +0.083 +0.029 +0.071 +0.044 +0.064 +0.103 +0.080 +0.001 +0.010
 +0.092 +0.072 +0.067 +0.045 +0.046 +0.008 +0.007 +0.052 +0.106 +0.067
 +0.072 +0.090 +0.027 +0.088 +0.092 +0.053 +0.080 +0.107 +0.062 +0.066
 +0.081 +0.072 +0.073 +0.101 +0.018 +0.014 +0.088 +0.047 +0.054 +0.089
 +0.075 +0.043 +0.087 +0.000 +0.052 +0.040 +0.108 +0.094 +0.067 +0.047
 +0.024 +0.049 +0.081 +0.103 +0.002 +0.029 +0.018 +0.042 +0.062 +0.102
 +0.008 +0.075 +0.067 +0.015 +0.087 +0.030 +0.021 +0.074 +0.020 +0.001
 +0.099 +0.022 +0.075 +0.065 +0.084 +0.089 +0.027 +0.020 +0.003 +0.087
 +0.014 +0.037 +0.080 +0.110 +0.009 +0.103 +0.066 +0.096 +0.011 +0.090
 +0.061 +0.093 +0.047 +0.031 +0.042 +0.005 +0.105 +0.067 +0.069 +0.023
 +0.082 +0.090 +0.087 +0.079 +0.084 +0.037 +0.064 +0.076 +0.066 +0.041
 +0.050 +0.034 +0.054 +0.005 +0.072 +0.004 +0.056 +0.026 +0.106 +0.015
 +0.043 +0.014 +0.093 +0.014 +0.003 +0.041 +0.082 +0.059 +0.090 +0.086]
Dual slacks:              [+0.000 +0.000 +0.000 +0.000 +0.000 +0.000 +0.000 +0.000 +0.000 +0.000
 +0.000 +0.000 +0.000 +0.000 +0.000 +0.000 +0.000 +0.000 +0.000 +0.000
 +0.000 +0.000 +0.000 +0.000 +0.000 +0.000 +0.000 +0.000 +0.000 +0.000
 +0.000 +0.000 +0.000 +0.000 +0.000 +0.000 +0.000 +0.000 +0.000 +0.000
 +0.000 +0.000 +0.000 +0.000 +0.000 +0.000 +0.000 +0.000 +0.000 +0.000
 +0.000 +0.000 +0.000 +0.000 +0.000 +0.000 +0.000 +0.000 +0.000 +0.000
 +0.000 +0.000 +0.000 +0.000 +0.000 +0.000 +0.000 +0.000 +0.000 +0.000
 +0.000 +0.000 +0.000 +0.000 +0.000 +0.000 +0.000 +0.000 +0.000 +0.000
 +0.000 +0.000 +0.000 +0.000 +0.000 +0.000 +0.000 +0.000 +0.000 +0.000
 +0.000 +0.000 +0.000 +0.000 +0.000 +0.000 +0.000 +0.000 +0.000 +0.000
 +0.000 +0.000 +0.000 +0.000 +0.000 +0.000 +0.000 +0.000 +0.000 +0.000
 +0.000 +0.000 +0.000 +0.000 +0.000 +0.000 +0.000 +0.000 +0.000 +0.000
 +0.000 +0.000 +0.000 +0.000 +0.000 +0.000 +0.000 +0.000 +0.000 +0.000
 +0.000 +0.000 +0.000 +0.000 +0.000 +0.000 +0.000 +0.000 +0.000 +0.000
 +0.000 +0.000 +0.000 +0.000 +0.000 +0.000 +0.000 +0.000 +0.000 +0.000
 +0.000 +0.000 +0.000 +0.000 +0.000 +0.000 +0.000 +0.000 +0.000 +0.000
 +0.000 +0.000 +0.000 +0.000 +0.000 +0.000 +0.000 +0.000 +0.000 +0.000
 +0.000 +0.000 +0.000 +0.000 +0.000 +0.000 +0.000 +0.000 +0.000 +0.000
 +0.000 +0.000 +0.000 +0.000 +0.000 +0.000 +0.000 +0.000 +0.000 +0.000
 +0.000 +0.000 +0.000 +0.000 +0.000 +0.000 +0.000 +0.000 +0.315 +0.000
 +0.000 +0.000 +0.000 +0.000 +0.000 +0.000 +0.000 +0.000 +0.000 +0.000
 +0.000 +0.000 +0.000 +0.000 +0.000 +0.000 +0.000 +0.000 +0.000 +0.000
 +0.000 +0.000 +0.000 +0.000 +0.000 +0.000 +0.000 +0.000 +0.000 +0.000
 +0.000 +0.000 +0.000 +0.000 +0.000 +0.000 +0.000 +0.000 +0.000 +0.000
 +0.000 +0.000 +0.000 +0.000 +0.000 +0.000 +0.000 +0.000 +0.000 +0.000
 +0.000 +0.000 +0.000 +0.000 +0.000 +0.000 +0.000 +0.000 +0.000 +0.000
 +0.000 +0.000 +0.000 +0.000 +0.000 +0.000 +0.000 +0.000 +0.000 +0.000
 +0.000 +0.000 +0.000 +0.000 +0.000 +0.000 +0.000 +0.000 +0.000 +0.000
 +0.000 +0.000 +0.000 +0.000 +0.000 +0.000 +0.000 +0.000 +0.000 +0.000
 +0.000 +0.000 +0.000 +0.000 +0.000 +0.000 +0.000 +0.000 +0.000 +0.000
 +0.000 +0.000 +0.000 +0.000 +0.000 +0.000 +0.000 +0.000 +0.000 +0.000
 +0.000 +0.000 +0.000 +0.000 +0.000 +0.000 +0.000 +0.000 +0.000 +0.000
 +0.000 +0.000 +0.000 +0.000 +0.000 +0.000 +0.000 +0.000 +0.000 +0.000
 +0.000 +0.000 +0.000 +0.000 +0.000 +0.000 +0.000 +0.000 +0.000 +0.000
 +0.000 +0.000 +0.000 +0.000 +0.000 +0.000 +0.000 +0.000 +0.000 +0.000
 +0.000 +0.000 +0.000 +0.000 +0.000 +0.000 +0.000 +0.000 +0.000 +0.000
 +0.000 +0.000 +0.000 +0.000 +0.000 +0.000 +0.000 +0.000 +0.000 +0.000
 +0.000 +0.000 +0.000 +0.000 +0.000 +0.000 +0.000 +0.000 +0.000 +0.000
 +0.000 +0.000 +0.000 +0.000 +0.000 +0.000 +0.000 +0.000 +0.000 +0.000
 +0.000 +0.000 +0.000 +0.000 +0.000 +0.000 +0.000 +0.000 +0.000 +0.000
 +0.000 +0.000 +0.000 +0.000 +0.000 +0.000 +0.000 +0.000 +0.000 +0.000
 +0.000 +0.000 +0.000 +0.000 +0.000 +0.000 +0.000 +0.000 +0.000 +0.000
 +0.000 +0.000 +0.000 +0.000 +0.000 +0.000 +0.000 +0.000 +0.000 +0.000
 +0.000 +0.000 +0.000 +0.000 +0.000 +0.000 +0.000 +0.000 +0.000 +0.000
 +0.000 +0.000 +0.000 +0.000 +0.000 +0.000 +0.000 +0.000 +0.000 +0.000
 +0.000 +0.000 +0.000 +0.000 +0.000 +0.000 +0.000 +0.000 +0.000 +0.000
 +0.000 +0.000 +0.000 +0.000 +0.000 +0.000 +0.000 +0.000 +0.000 +0.000
 +0.000 +0.000 +0.000 +0.000 +0.000 +0.000 +0.000 +0.000 +0.000 +0.000
 +0.000 +0.000 +0.000 +0.000 +0.000 +0.000 +0.000 +0.000 +0.000 +0.000
 +0.000 +0.000 +0.000 +0.000 +0.000 +0.000 +0.000 +0.000 +0.000 +0.000
 +0.000 +0.000 +0.000 +0.000 +0.000 +0.000 +0.000 +0.000 +0.000 +0.000
 +0.000 +0.000 +0.000 +0.000 +0.000 +0.000 +0.000 +0.000 +0.000 +0.000
 +0.000 +0.000 +0.000 +0.000 +0.000 +0.000 +0.000 +0.000 +0.000 +0.000
 +0.000 +0.000 +0.000 +0.000 +0.000 +0.000 +0.000 +0.000 +0.000 +0.000
 +0.000 +0.000 +0.000 +0.000 +0.000 +0.000 +0.000 +0.000 +0.000 +0.000
 +0.000 +0.000 +0.000 +0.000 +0.000 +0.000 +0.000 +0.000 +0.000 +0.000
 +0.000 +0.000 +0.000 +0.000 +0.000 +0.000 +0.000 +0.000 +0.000 +0.000
 +0.000 +0.000 +0.000 +0.000 +0.000 +0.000 +0.000 +0.000 +0.000 +0.000
 +0.000 +0.000 +0.000 +0.000 +0.000 +0.000 +0.000 +0.000 +0.000 +0.000
 +0.000 +0.000 +0.000 +0.000 +0.000 +0.000 +0.000 +0.000 +0.000 +0.000
 +0.000 +0.000 +0.000 +0.000 +0.000 +0.000 +0.000 +0.000 +0.000 +0.000
 +0.000 +0.000 +0.000 +0.000 +0.000 +0.000 +0.000 +0.000 +0.000 +0.000
 +0.000 +0.000 +0.000 +0.000 +0.000 +0.000 +0.000 +0.000 +0.000 +0.000
 +0.000 +0.000 +0.000 +0.000 +0.000 +0.000 +0.000 +0.000 +0.000 +0.000
 +0.000 +0.000 +0.000 +0.000 +0.000 +0.000 +0.000 +0.000 +0.000 +0.000
 +0.000 +0.000 +0.000 +0.000 +0.000 +0.000 +0.000 +0.000 +0.000 +0.000
 +0.000 +0.000 +0.000 +0.000 +0.000 +0.000 +0.000 +0.000 +0.000 +0.000
 +0.000 +0.000 +0.000 +0.000 +0.000 +0.000 +0.000 +0.000 +0.000 +0.000
 +0.000 +0.000 +0.000 +0.000 +0.000 +0.000 +0.000 +0.000 +0.000 +0.000
 +0.000 +0.000 +0.000 +0.000 +0.000 +0.000 +0.000 +0.000 +0.000 +0.000
 +0.000 +0.000 +1.975 +0.000 +0.000 +0.000 +0.000 +0.000 +0.000 +0.000
 +0.000 +0.000 +0.000 +0.000 +0.000 +0.000 +0.000 +0.000 +0.000 +0.000
 +0.000 +0.000 +0.000 +0.000 +0.000 +0.000 +0.000 +0.000 +0.000 +0.000
 +0.000 +0.000 +0.000 +0.000 +0.000 +0.000 +0.000 +0.000 +0.000 +0.000
 +0.000 +0.000 +0.000 +0.000 +0.000 +0.000 +0.000 +0.000 +0.000 +0.000
 +0.000 +0.000 +0.000 +0.000 +0.000 +0.000 +0.000 +0.000 +0.000 +0.000
 +0.000 +0.000 +0.000 +0.000 +0.000 +0.000 +0.000 +0.000 +0.000 +0.000
 +0.000 +0.000 +0.000 +0.000 +0.000 +0.000 +0.000 +0.000 +0.000 +0.000
 +0.000 +0.000 +0.000 +0.000 +0.000 +0.000 +0.000 +0.000 +0.000 +0.000
 +0.000 +0.000 +0.000 +0.000 +0.000 +0.000 +0.000 +0.000 +0.000 +0.000
 +0.000 +0.000 +0.000 +0.000 +0.000 +0.000 +0.000 +0.000 +0.000 +0.000
 +0.000 +0.000 +0.000 +0.000 +0.000 +0.000 +0.000 +0.000 +0.000 +0.000
 +0.000 +0.000 +0.000 +0.000 +0.000 +0.000 +0.000 +0.000 +0.000 +0.000
 +0.000 +0.000 +0.000 +0.000 +0.000 +0.000 +0.000 +0.000 +0.000 +0.000
 +0.000 +0.000 +0.000 +0.000 +0.000 +0.000 +0.000 +0.000 +0.000 +0.000
 +0.000 +0.000 +0.000 +0.000 +0.000 +0.000 +0.000 +0.000 +0.000 +0.000
 +0.000 +0.000 +0.000 +0.000 +0.000 +0.000 +0.000 +0.000 +0.000 +0.000
 +0.000 +0.000 +0.000 +0.000 +0.000 +0.000 +0.000 +0.000 +0.000 +0.000
 +0.000 +0.000 +0.000 +0.000 +0.000 +0.000 +0.000 +0.000 +0.000 +0.000
 +0.000 +0.000 +0.000 +0.000 +0.000 +0.000 +0.000 +0.000 +0.000 +0.000
 +0.000 +0.000 +0.000 +0.000 +0.000 +0.000 +0.000 +0.000 +0.000 +0.000
 +0.000 +0.000 +0.000 +0.000 +0.000 +0.000 +0.000 +0.000 +0.000 +0.000
 +0.000 +0.000 +0.000 +0.000 +0.000 +0.000 +0.000 +0.000 +0.000 +0.000
 +0.000 +0.000 +0.000 +0.000 +0.000 +0.000 +0.000 +0.000 +0.000 +0.000
 +0.000 +0.000 +0.000 +0.000 +0.000 +0.000 +0.000 +0.000 +0.000 +0.000
 +0.000 +0.000 +0.000 +0.000 +0.000 +0.000 +0.000 +0.000 +0.000 +0.000
 +0.000 +0.000 +0.000 +0.000 +0.000 +0.000 +0.000 +0.000 +0.000 +0.000
 +0.000 +0.000 +0.000 +0.000 +0.000 +0.000 +0.000 +0.000 +0.000 +0.000
 +0.000 +0.000 +0.000 +0.000 +0.000 +0.000 +0.000 +0.000 +0.000 +0.000
 +0.000 +0.000 +0.000 +0.000 +0.000 +0.000 +0.000 +0.000 +0.000 +0.000]
Dual variables:           [-1.388 -1.440]

Optimal objective:       -3.19988602e-01
===========================================================================

Method:                  II-QIPM
LO_Precision:            1.00e-01
Stop_Precision:          1.00e-03
LO_Verbosity:            2
Omega:                   1.00e+01

The Quantum Inexact Infeasible Interior-Point Method starts running ...


                  Objective                Residual                                Linear system           Step-length
Iter      Primal           Dual         Primal    Dual     Compl    ||Resl||  Cond-Num  ||M||   ||RHS||    a-star   a-hat      Time
   0  -2.88778757e+01  0.00000000e+00  2.50e+01 9.32e+00  3.21e+03  2.51e+01  4.00e+00 1.00e+00 2.51e+01  9.85e-01 9.71e-01      0s
   1  -2.23114407e+00 -3.74855835e-01  4.08e+00 1.52e+00  5.70e+02 *2.83e-02  4.64e+00 4.39e+01 1.23e+02  8.83e-01 8.37e-01      1s
   2   9.44790206e-02 -3.19272923e-01  2.07e-01 3.12e-02  1.33e+01  1.93e-01  4.18e+00 2.64e+02 9.45e+01  9.88e-01 9.80e-01      1s
   3  -2.77999825e-01 -3.20051876e-01  1.01e-01 1.73e-03  8.09e-01 *9.68e-02  4.06e+00 1.34e+04 6.83e+01  9.64e-01 9.45e-01      1s
   4  -3.39450376e-01 -3.19995072e-01  2.92e-01 2.89e-04  1.47e-01  3.71e-01  4.25e+00 2.85e+05 1.21e+02  9.74e-01 8.33e-01      2s
   5  -3.11211184e-01 -3.19995072e-01  2.93e-01 2.89e-04  1.47e-01  7.27e+01  4.00e+00 1.71e+06 7.27e+01  6.79e-01 1.95e-04      6s

The solution quality is limited by the precision of the linear system solver.

The algorithm stopped after 6 iterations in 6.09 seconds.

Primal variables:   [+14.791 +16.024 +13.802 +15.172 +15.364 +15.756 +15.862 +15.739 +16.061
 +16.363 +16.468 +14.295 +15.407 +15.193 +16.484 +16.548 +13.286 +15.026
 +15.255 +15.525 +13.687 +16.088 +14.236 +15.554 +15.332 +16.603 +13.099
 +15.429 +14.758 +16.311 +13.668 +15.635 +12.386 +15.317 +16.021 +16.462
 +16.037 +14.644 +16.187 +14.863 +15.078 +15.763 +14.397 +16.602 +16.170
 +15.891 +16.297 +12.585 +14.857 +14.255 +16.386 +16.769 +16.850 +15.188
 +15.544 +16.303 +16.247 +15.859 +14.939 +12.590 +16.399 +14.384 +14.935
 +15.782 +14.558 +16.836 +13.814 +14.544 +15.436 +14.999 +13.632 +15.851
 +15.931 +15.255 +14.227 +13.335 +14.808 +16.285 +15.742 +14.009 +16.368
 +15.704 +16.304 +13.956 +16.960 +15.859 +15.248 +17.111 +15.808 +14.895
 +15.373 +15.636 +14.950 +15.181 +14.284 +14.687 +16.310 +17.607 +15.575
 +15.741 +14.699 +16.318 +15.340 +15.076 +16.041 +17.071 +15.553 +16.110
 +13.909 +14.113 +15.567 +15.919 +15.020 +15.262 +14.792 +15.739 +16.147
 +16.868 +15.386 +16.433 +15.062 +16.594 +15.518 +15.794 +15.597 +14.026
 +13.757 +13.712 +14.357 +15.452 +14.730 +12.576 +15.057 +15.582 +15.612
 +15.374 +15.113 +14.003 +15.873 +16.093 +15.335 +16.389 +12.518 +15.680
 +13.190 +15.376 +15.863 +14.789 +16.234 +15.930 +14.172 +13.591 +14.545
 +16.944 +16.130 +16.073 +16.426 +16.937 +14.496 +16.641 +15.412 +16.467
 +14.769 +15.960 +13.757 +15.955 +15.578 +16.854 +15.091 +15.319 +13.507
 +14.568 +16.009 +16.109 +16.219 +13.815 +15.115 +14.219 +15.326 +15.618
 +15.748 +15.962 +17.299 +15.992 +14.207 +12.616 +12.438 +16.136 +14.948
 +16.936 +13.856 +16.953 +14.526 +15.296 +14.620 +16.619 +16.248 +14.181
 +0.012 +15.474 +17.077 +15.637 +17.211 +14.970 +15.930 +17.099 +15.329
 +16.441 +13.574 +16.031 +15.929 +16.282 +15.541 +15.913 +16.313 +16.013
 +15.600 +15.262 +15.491 +16.623 +15.368 +16.195 +14.806 +15.412 +16.427
 +16.643 +16.862 +15.551 +16.937 +16.753 +15.842 +15.624 +15.019 +15.773
 +14.577 +16.285 +16.675 +17.018 +16.199 +13.777 +14.628 +15.331 +16.449
 +14.045 +15.287 +15.112 +15.751 +15.203 +16.492 +17.099 +15.752 +15.707
 +14.684 +14.576 +12.711 +17.084 +15.428 +16.226 +15.527 +15.318 +16.000
 +14.741 +16.747 +15.289 +16.684 +15.977 +16.386 +16.623 +15.958 +16.573
 +15.247 +15.830 +16.874 +15.814 +15.563 +15.325 +16.487 +15.354 +14.389
 +16.661 +15.462 +15.656 +14.890 +16.782 +17.169 +14.675 +15.076 +15.281
 +15.375 +16.281 +16.009 +15.583 +16.768 +16.111 +16.253 +13.776 +16.228
 +15.699 +17.334 +13.051 +16.384 +15.367 +16.109 +16.027 +15.259 +16.045
 +14.466 +16.504 +14.755 +16.364 +14.454 +15.757 +16.578 +14.918 +16.078
 +16.472 +12.413 +14.690 +12.868 +15.915 +16.422 +15.765 +16.925 +17.259
 +15.502 +15.029 +13.934 +17.354 +16.559 +15.731 +16.174 +14.354 +16.292
 +15.049 +16.048 +16.699 +14.494 +14.035 +12.793 +12.724 +14.778 +16.610
 +14.982 +14.859 +14.305 +14.745 +15.285 +16.670 +16.278 +13.937 +15.650
 +14.659 +14.624 +15.176 +16.047 +15.118 +16.067 +16.559 +15.063 +16.198
 +15.345 +16.018 +15.391 +16.654 +15.740 +14.076 +14.628 +14.324 +16.175
 +16.212 +14.950 +17.188 +16.888 +15.357 +16.098 +15.961 +15.886 +15.993
 +16.156 +15.960 +15.198 +14.720 +16.342 +15.691 +14.358 +14.538 +14.404
 +15.544 +16.100 +15.179 +14.647 +14.293 +14.963 +15.438 +14.385 +16.472
 +14.979 +16.242 +15.067 +15.565 +13.626 +15.064 +17.367 +13.609 +15.605
 +16.085 +15.329 +15.902 +15.076 +15.887 +13.329 +15.118 +14.298 +14.921
 +15.760 +15.423 +15.824 +12.892 +13.585 +15.010 +14.139 +16.554 +16.432
 +14.800 +15.410 +15.117 +13.380 +12.565 +13.587 +17.296 +15.555 +14.022
 +16.327 +17.169 +16.603 +14.027 +15.787 +15.433 +16.651 +15.077 +14.799
 +14.364 +14.955 +16.394 +16.041 +16.157 +14.662 +15.699 +14.593 +15.929
 +15.290 +16.957 +16.116 +16.886 +15.336 +15.483 +16.524 +16.916 +17.232
 +15.073 +16.751 +14.486 +15.774 +14.864 +15.138 +14.830 +14.908 +15.998
 +16.223 +15.682 +14.592 +14.664 +15.954 +15.413 +15.056 +15.073 +14.917
 +15.900 +14.816 +15.984 +16.526 +15.531 +14.509 +16.018 +17.270 +16.068
 +15.057 +17.087 +16.023 +15.190 +15.162 +15.762 +15.089 +15.854 +16.077
 +14.487 +12.202 +15.432 +15.327 +13.706 +16.950 +13.450 +14.560 +14.446
 +13.895 +15.667 +16.472 +16.515 +15.371 +16.179 +15.948 +15.863 +17.237
 +15.078 +16.339 +16.337 +15.038 +16.216 +17.287 +15.269 +15.682 +15.703
 +14.183 +16.746 +15.860 +15.989 +16.314 +15.624 +17.026 +15.155 +14.992
 +15.933 +14.780 +15.328 +15.611 +15.713 +16.964 +15.073 +14.039 +14.841
 +14.454 +14.761 +15.831 +14.700 +15.803 +15.040 +14.545 +16.233 +13.441
 +12.543 +15.672 +13.872 +16.080 +15.679 +16.326 +15.084 +16.609 +15.483
 +14.287 +15.851 +15.383 +15.660 +17.141 +15.171 +15.400 +15.449 +16.103
 +15.882 +14.373 +15.389 +15.842 +14.133 +16.173 +14.167 +14.116 +16.631
 +15.935 +13.834 +15.997 +13.482 +15.335 +16.358 +15.983 +12.978 +15.390
 +13.996 +15.312 +17.152 +16.373 +14.869 +13.959 +16.454 +13.609 +16.105
 +15.494 +15.220 +15.096 +15.977 +16.256 +15.086 +16.407 +12.736 +13.026
 +15.262 +15.140 +14.118 +13.745 +15.540 +16.187 +15.203 +15.728 +15.895
 +13.545 +14.462 +14.703 +15.506 +15.940 +15.959 +14.463 +14.841 +16.947
 +12.942 +15.452 +15.978 +15.091 +13.727 +14.542 +15.873 +14.515 +15.521
 +16.441 +15.243 +15.662 +15.170 +14.419 +15.256 +13.862 +15.249 +15.479
 +16.691 +14.579 +15.672 +15.046 +14.614 +14.256 +13.500 +15.132 +15.606
 +14.280 +14.382 +14.341 +13.108 +15.818 +14.844 +14.443 +14.457 +13.520
 +16.435 +15.409 +15.622 +15.251 +14.167 +16.587 +15.276 +16.202 +14.553
 +17.080 +13.250 +16.961 +15.695 +12.830 +16.592 +15.320 +14.541 +13.282
 +16.210 +15.564 +16.306 +15.631 +14.543 +15.144 +15.303 +15.196 +13.027
 +15.297 +14.960 +15.954 +14.116 +13.864 +14.751 +15.890 +15.001 +15.256
 +14.268 +15.557 +16.104 +15.497 +14.015 +15.361 +16.400 +13.072 +15.734
 +0.001 +16.313 +15.799 +16.428 +13.946 +16.068 +15.593 +15.897 +15.479
 +14.403 +15.821 +15.554 +15.833 +16.452 +15.714 +16.549 +14.979 +16.243
 +17.022 +15.352 +13.677 +14.740 +15.661 +14.636 +14.016 +14.117 +14.105
 +15.870 +15.721 +16.087 +16.065 +14.307 +16.626 +13.163 +16.862 +14.136
 +15.903 +15.853 +14.806 +15.391 +15.324 +16.909 +15.138 +16.523 +14.691
 +15.657 +15.747 +15.782 +17.070 +15.443 +16.470 +14.748 +16.506 +16.660
 +17.026 +16.217 +15.023 +12.925 +17.061 +15.451 +15.760 +16.184 +14.699
 +15.531 +17.142 +15.174 +15.041 +14.096 +16.589 +15.996 +14.772 +16.636
 +14.377 +13.663 +15.363 +15.287 +15.932 +15.681 +16.221 +15.659 +15.776
 +16.615 +16.737 +14.182 +15.720 +15.501 +16.486 +15.489 +14.516 +14.764
 +15.550 +14.703 +15.709 +16.306 +14.099 +14.002 +15.190 +14.360 +16.462
 +16.686 +13.633 +15.225 +13.724 +16.231 +15.652 +16.711 +15.152 +15.818
 +13.207 +15.146 +17.043 +15.451 +14.936 +15.122 +16.265 +15.957 +16.015
 +13.065 +15.089 +16.356 +15.412 +14.822 +16.242 +15.330 +17.066 +16.310
 +15.729 +16.981 +13.398 +16.240 +15.951 +16.356 +13.763 +14.603 +17.376
 +14.042 +14.556 +16.758 +15.411 +15.215 +15.495 +15.039 +16.712 +13.993
 +14.590 +16.624 +17.083 +14.796 +15.679 +15.820 +15.277 +13.917 +16.586
 +15.433 +16.416 +16.262 +16.529 +15.078 +14.781 +14.143 +15.772 +16.054
 +14.407 +15.967 +14.107 +15.361 +16.092 +16.200 +12.954 +14.895 +15.433
 +14.870 +15.640 +15.757 +15.352 +15.868 +15.211 +15.587 +15.309 +15.844
 +16.698 +16.647 +16.101 +15.418 +14.028 +14.785 +15.401 +15.908 +15.513
 +16.285 +15.290 +14.454 +16.013 +14.236 +13.208 +15.751 +15.271 +14.632
 +16.628 +15.811 +13.326 +14.498 +16.064 +16.151 +16.202 +15.119 +15.734
 +14.770 +14.496 +16.101 +14.675 +14.781 +16.110 +13.712 +14.862 +16.990
 +14.823 +14.699 +14.981 +15.340 +15.233 +15.544 +16.275 +14.881 +16.327
 +15.979 +14.990 +16.060 +15.059 +15.861 +13.973 +14.507 +16.710 +16.054
 +13.851 +14.734 +15.282 +15.714 +16.447 +15.234 +15.373 +16.281 +13.752
 +15.740 +15.766 +14.833 +14.974 +16.671 +13.957 +15.653 +15.603 +16.499
 +17.067 +15.613 +14.590 +15.719 +16.739 +15.724 +13.944 +15.959 +15.848
 +13.072 +14.656 +14.735 +16.411 +16.624 +14.100 +14.893 +13.082 +14.424
 +15.547 +16.279 +15.235 +16.493 +15.465 +15.649 +14.457 +13.421 +15.429
 +14.788 +14.598 +15.484 +16.290 +16.809 +15.784 +17.428 +13.658 +14.664
 +15.276 +14.678 +14.400 +17.159 +14.526 +13.805 +14.942 +14.684 +13.983
 +15.733]
Dual slacks:        [+0.000 +0.000 +0.000 +0.000 +0.000 +0.000 +0.000 +0.000 +0.000 +0.000
 +0.000 +0.000 +0.000 +0.000 +0.000 +0.000 +0.000 +0.000 +0.000 +0.000
 +0.000 +0.000 +0.000 +0.000 +0.000 +0.000 +0.000 +0.000 +0.000 +0.000
 +0.000 +0.000 +0.000 +0.000 +0.000 +0.000 +0.000 +0.000 +0.000 +0.000
 +0.000 +0.000 +0.000 +0.000 +0.000 +0.000 +0.000 +0.000 +0.000 +0.000
 +0.000 +0.000 +0.000 +0.000 +0.000 +0.000 +0.000 +0.000 +0.000 +0.000
 +0.000 +0.000 +0.000 +0.000 +0.000 +0.000 +0.000 +0.000 +0.000 +0.000
 +0.000 +0.000 +0.000 +0.000 +0.000 +0.000 +0.000 +0.000 +0.000 +0.000
 +0.000 +0.000 +0.000 +0.000 +0.000 +0.000 +0.000 +0.000 +0.000 +0.000
 +0.000 +0.000 +0.000 +0.000 +0.000 +0.000 +0.000 +0.000 +0.000 +0.000
 +0.000 +0.000 +0.000 +0.000 +0.000 +0.000 +0.000 +0.000 +0.000 +0.000
 +0.000 +0.000 +0.000 +0.000 +0.000 +0.000 +0.000 +0.000 +0.000 +0.000
 +0.000 +0.000 +0.000 +0.000 +0.000 +0.000 +0.000 +0.000 +0.000 +0.000
 +0.000 +0.000 +0.000 +0.000 +0.000 +0.000 +0.000 +0.000 +0.000 +0.000
 +0.000 +0.000 +0.000 +0.000 +0.000 +0.000 +0.000 +0.000 +0.000 +0.000
 +0.000 +0.000 +0.000 +0.000 +0.000 +0.000 +0.000 +0.000 +0.000 +0.000
 +0.000 +0.000 +0.000 +0.000 +0.000 +0.000 +0.000 +0.000 +0.000 +0.000
 +0.000 +0.000 +0.000 +0.000 +0.000 +0.000 +0.000 +0.000 +0.000 +0.000
 +0.000 +0.000 +0.000 +0.000 +0.000 +0.000 +0.000 +0.000 +0.000 +0.000
 +0.000 +0.000 +0.000 +0.000 +0.000 +0.000 +0.000 +0.000 +0.315 +0.000
 +0.000 +0.000 +0.000 +0.000 +0.000 +0.000 +0.000 +0.000 +0.000 +0.000
 +0.000 +0.000 +0.000 +0.000 +0.000 +0.000 +0.000 +0.000 +0.000 +0.000
 +0.000 +0.000 +0.000 +0.000 +0.000 +0.000 +0.000 +0.000 +0.000 +0.000
 +0.000 +0.000 +0.000 +0.000 +0.000 +0.000 +0.000 +0.000 +0.000 +0.000
 +0.000 +0.000 +0.000 +0.000 +0.000 +0.000 +0.000 +0.000 +0.000 +0.000
 +0.000 +0.000 +0.000 +0.000 +0.000 +0.000 +0.000 +0.000 +0.000 +0.000
 +0.000 +0.000 +0.000 +0.000 +0.000 +0.000 +0.000 +0.000 +0.000 +0.000
 +0.000 +0.000 +0.000 +0.000 +0.000 +0.000 +0.000 +0.000 +0.000 +0.000
 +0.000 +0.000 +0.000 +0.000 +0.000 +0.000 +0.000 +0.000 +0.000 +0.000
 +0.000 +0.000 +0.000 +0.000 +0.000 +0.000 +0.000 +0.000 +0.000 +0.000
 +0.000 +0.000 +0.000 +0.000 +0.000 +0.000 +0.000 +0.000 +0.000 +0.000
 +0.000 +0.000 +0.000 +0.000 +0.000 +0.000 +0.000 +0.000 +0.000 +0.000
 +0.000 +0.000 +0.000 +0.000 +0.000 +0.000 +0.000 +0.000 +0.000 +0.000
 +0.000 +0.000 +0.000 +0.000 +0.000 +0.000 +0.000 +0.000 +0.000 +0.000
 +0.000 +0.000 +0.000 +0.000 +0.000 +0.000 +0.000 +0.000 +0.000 +0.000
 +0.000 +0.000 +0.000 +0.000 +0.000 +0.000 +0.000 +0.000 +0.000 +0.000
 +0.000 +0.000 +0.000 +0.000 +0.000 +0.000 +0.000 +0.000 +0.000 +0.000
 +0.000 +0.000 +0.000 +0.000 +0.000 +0.000 +0.000 +0.000 +0.000 +0.000
 +0.000 +0.000 +0.000 +0.000 +0.000 +0.000 +0.000 +0.000 +0.000 +0.000
 +0.000 +0.000 +0.000 +0.000 +0.000 +0.000 +0.000 +0.000 +0.000 +0.000
 +0.000 +0.000 +0.000 +0.000 +0.000 +0.000 +0.000 +0.000 +0.000 +0.000
 +0.000 +0.000 +0.000 +0.000 +0.000 +0.000 +0.000 +0.000 +0.000 +0.000
 +0.000 +0.000 +0.000 +0.000 +0.000 +0.000 +0.000 +0.000 +0.000 +0.000
 +0.000 +0.000 +0.000 +0.000 +0.000 +0.000 +0.000 +0.000 +0.000 +0.000
 +0.000 +0.000 +0.000 +0.000 +0.000 +0.000 +0.000 +0.000 +0.000 +0.000
 +0.000 +0.000 +0.000 +0.000 +0.000 +0.000 +0.000 +0.000 +0.000 +0.000
 +0.000 +0.000 +0.000 +0.000 +0.000 +0.000 +0.000 +0.000 +0.000 +0.000
 +0.000 +0.000 +0.000 +0.000 +0.000 +0.000 +0.000 +0.000 +0.000 +0.000
 +0.000 +0.000 +0.000 +0.000 +0.000 +0.000 +0.000 +0.000 +0.000 +0.000
 +0.000 +0.000 +0.000 +0.000 +0.000 +0.000 +0.000 +0.000 +0.000 +0.000
 +0.000 +0.000 +0.000 +0.000 +0.000 +0.000 +0.000 +0.000 +0.000 +0.000
 +0.000 +0.000 +0.000 +0.000 +0.000 +0.000 +0.000 +0.000 +0.000 +0.000
 +0.000 +0.000 +0.000 +0.000 +0.000 +0.000 +0.000 +0.000 +0.000 +0.000
 +0.000 +0.000 +0.000 +0.000 +0.000 +0.000 +0.000 +0.000 +0.000 +0.000
 +0.000 +0.000 +0.000 +0.000 +0.000 +0.000 +0.000 +0.000 +0.000 +0.000
 +0.000 +0.000 +0.000 +0.000 +0.000 +0.000 +0.000 +0.000 +0.000 +0.000
 +0.000 +0.000 +0.000 +0.000 +0.000 +0.000 +0.000 +0.000 +0.000 +0.000
 +0.000 +0.000 +0.000 +0.000 +0.000 +0.000 +0.000 +0.000 +0.000 +0.000
 +0.000 +0.000 +0.000 +0.000 +0.000 +0.000 +0.000 +0.000 +0.000 +0.000
 +0.000 +0.000 +0.000 +0.000 +0.000 +0.000 +0.000 +0.000 +0.000 +0.000
 +0.000 +0.000 +0.000 +0.000 +0.000 +0.000 +0.000 +0.000 +0.000 +0.000
 +0.000 +0.000 +0.000 +0.000 +0.000 +0.000 +0.000 +0.000 +0.000 +0.000
 +0.000 +0.000 +0.000 +0.000 +0.000 +0.000 +0.000 +0.000 +0.000 +0.000
 +0.000 +0.000 +0.000 +0.000 +0.000 +0.000 +0.000 +0.000 +0.000 +0.000
 +0.000 +0.000 +0.000 +0.000 +0.000 +0.000 +0.000 +0.000 +0.000 +0.000
 +0.000 +0.000 +0.000 +0.000 +0.000 +0.000 +0.000 +0.000 +0.000 +0.000
 +0.000 +0.000 +0.000 +0.000 +0.000 +0.000 +0.000 +0.000 +0.000 +0.000
 +0.000 +0.000 +0.000 +0.000 +0.000 +0.000 +0.000 +0.000 +0.000 +0.000
 +0.000 +0.000 +0.000 +0.000 +0.000 +0.000 +0.000 +0.000 +0.000 +0.000
 +0.000 +0.000 +0.000 +0.000 +0.000 +0.000 +0.000 +0.000 +0.000 +0.000
 +0.000 +0.000 +1.975 +0.000 +0.000 +0.000 +0.000 +0.000 +0.000 +0.000
 +0.000 +0.000 +0.000 +0.000 +0.000 +0.000 +0.000 +0.000 +0.000 +0.000
 +0.000 +0.000 +0.000 +0.000 +0.000 +0.000 +0.000 +0.000 +0.000 +0.000
 +0.000 +0.000 +0.000 +0.000 +0.000 +0.000 +0.000 +0.000 +0.000 +0.000
 +0.000 +0.000 +0.000 +0.000 +0.000 +0.000 +0.000 +0.000 +0.000 +0.000
 +0.000 +0.000 +0.000 +0.000 +0.000 +0.000 +0.000 +0.000 +0.000 +0.000
 +0.000 +0.000 +0.000 +0.000 +0.000 +0.000 +0.000 +0.000 +0.000 +0.000
 +0.000 +0.000 +0.000 +0.000 +0.000 +0.000 +0.000 +0.000 +0.000 +0.000
 +0.000 +0.000 +0.000 +0.000 +0.000 +0.000 +0.000 +0.000 +0.000 +0.000
 +0.000 +0.000 +0.000 +0.000 +0.000 +0.000 +0.000 +0.000 +0.000 +0.000
 +0.000 +0.000 +0.000 +0.000 +0.000 +0.000 +0.000 +0.000 +0.000 +0.000
 +0.000 +0.000 +0.000 +0.000 +0.000 +0.000 +0.000 +0.000 +0.000 +0.000
 +0.000 +0.000 +0.000 +0.000 +0.000 +0.000 +0.000 +0.000 +0.000 +0.000
 +0.000 +0.000 +0.000 +0.000 +0.000 +0.000 +0.000 +0.000 +0.000 +0.000
 +0.000 +0.000 +0.000 +0.000 +0.000 +0.000 +0.000 +0.000 +0.000 +0.000
 +0.000 +0.000 +0.000 +0.000 +0.000 +0.000 +0.000 +0.000 +0.000 +0.000
 +0.000 +0.000 +0.000 +0.000 +0.000 +0.000 +0.000 +0.000 +0.000 +0.000
 +0.000 +0.000 +0.000 +0.000 +0.000 +0.000 +0.000 +0.000 +0.000 +0.000
 +0.000 +0.000 +0.000 +0.000 +0.000 +0.000 +0.000 +0.000 +0.000 +0.000
 +0.000 +0.000 +0.000 +0.000 +0.000 +0.000 +0.000 +0.000 +0.000 +0.000
 +0.000 +0.000 +0.000 +0.000 +0.000 +0.000 +0.000 +0.000 +0.000 +0.000
 +0.000 +0.000 +0.000 +0.000 +0.000 +0.000 +0.000 +0.000 +0.000 +0.000
 +0.000 +0.000 +0.000 +0.000 +0.000 +0.000 +0.000 +0.000 +0.000 +0.000
 +0.000 +0.000 +0.000 +0.000 +0.000 +0.000 +0.000 +0.000 +0.000 +0.000
 +0.000 +0.000 +0.000 +0.000 +0.000 +0.000 +0.000 +0.000 +0.000 +0.000
 +0.000 +0.000 +0.000 +0.000 +0.000 +0.000 +0.000 +0.000 +0.000 +0.000
 +0.000 +0.000 +0.000 +0.000 +0.000 +0.000 +0.000 +0.000 +0.000 +0.000
 +0.000 +0.000 +0.000 +0.000 +0.000 +0.000 +0.000 +0.000 +0.000 +0.000
 +0.000 +0.000 +0.000 +0.000 +0.000 +0.000 +0.000 +0.000 +0.000 +0.000
 +0.000 +0.000 +0.000 +0.000 +0.000 +0.000 +0.000 +0.000 +0.000 +0.000]
Dual variables:     [-1.388 -1.440]

Primal objective:   -3.11211184e-01
Dual objective:     -3.19995072e-01

Primal residual:    2.93e-01
Dual residual:      2.89e-04
Complementraty:     1.47e-01

Number of Iter:     6
Run time:           6.09
