
--------------- Linear optimization problem characteristics ---------------
Seed:                    82
Number of variables:     200
Number of constraints:   2

Norm of primal sol:      2.00e+00
Norm of dual sol:        2.00e+00
Norm of dual slacks:     2.00e+00

Norm of vector b:        2.52e-01
Norm of vector c:        2.63e+00

Norm of matrix A:        1.00e+00
Condition number:        2.00e+00

----------------------- Linear optimization problem -----------------------
Coeff matrix A:          [[-0.026 +0.002 +0.001 -0.018 -0.030 -0.013 +0.075 -0.021 -0.055 +0.061
 +0.070 -0.065 +0.040 +0.063 +0.041 -0.000 -0.015 +0.013 -0.063 +0.007
 +0.010 +0.018 -0.014 +0.003 -0.011 +0.002 -0.066 -0.026 -0.040 -0.025
 -0.014 -0.005 +0.009 +0.015 -0.051 +0.025 +0.002 -0.030 -0.023 -0.035
 +0.032 +0.032 -0.007 -0.031 -0.068 +0.009 +0.014 -0.012 -0.059 -0.039
 -0.008 +0.000 -0.017 -0.051 -0.033 -0.075 +0.040 -0.008 -0.001 -0.007
 -0.011 -0.012 -0.002 -0.060 +0.050 +0.049 -0.021 +0.006 +0.036 +0.051
 -0.014 -0.016 +0.030 +0.014 +0.023 -0.003 -0.076 +0.005 +0.056 -0.065
 -0.058 -0.060 -0.028 +0.021 +0.029 -0.054 +0.070 -0.018 -0.037 -0.021
 +0.035 -0.040 -0.017 -0.067 +0.030 +0.018 +0.021 +0.040 +0.052 -0.016
 +0.030 +0.017 -0.011 -0.033 -0.016 +0.026 -0.034 +0.053 -0.054 -0.070
 +0.008 -0.044 -0.049 -0.045 -0.006 +0.068 -0.022 -0.031 -0.030 +0.025
 +0.008 -0.010 -0.045 +0.025 -0.065 +0.072 -0.001 -0.056 -0.043 -0.006
 +0.019 -0.006 -0.058 -0.066 -0.003 -0.049 -0.021 +0.008 +0.003 +0.015
 +0.061 +0.035 -0.028 +0.021 +0.028 -0.069 +0.033 +0.044 -0.024 +0.014
 -0.008 +0.023 -0.033 +0.031 -0.004 -0.063 -0.069 -0.059 -0.044 +0.056
 +0.053 +0.075 -0.065 +0.015 +0.023 +0.008 -0.011 -0.043 -0.004 -0.030
 +0.029 -0.075 +0.052 +0.018 -0.038 +0.002 -0.012 -0.067 -0.040 +0.024
 -0.047 -0.011 -0.063 +0.009 -0.049 +0.013 -0.061 +0.010 +0.025 +0.030
 -0.012 -0.032 -0.052 +0.051 -0.058 +0.010 -0.055 +0.012 -0.060 -0.038]
                          [-0.042 -0.033 -0.093 -0.101 +0.035 -0.089 -0.095 +0.042 -0.005 +0.016
 -0.030 +0.126 +0.043 -0.062 -0.111 +0.012 +0.041 +0.099 +0.044 -0.062
 +0.079 -0.021 +0.023 +0.053 +0.090 -0.041 +0.126 -0.033 -0.010 +0.048
 -0.084 -0.067 -0.101 +0.114 +0.072 -0.049 +0.014 -0.079 +0.012 +0.115
 -0.043 +0.070 +0.030 +0.100 +0.013 +0.043 -0.091 -0.114 +0.086 +0.053
 +0.114 +0.024 -0.107 -0.077 -0.020 +0.076 -0.118 -0.028 +0.001 +0.045
 -0.106 +0.014 -0.098 +0.095 +0.106 -0.096 +0.006 -0.119 -0.054 -0.036
 +0.009 +0.022 -0.018 +0.026 +0.050 -0.026 +0.099 -0.067 +0.016 +0.115
 +0.025 +0.050 +0.028 +0.108 +0.006 -0.023 -0.059 +0.011 +0.005 +0.088
 -0.033 +0.025 -0.026 +0.035 +0.011 -0.070 -0.031 +0.076 -0.033 +0.099
 +0.059 -0.122 -0.104 +0.112 +0.020 -0.023 +0.081 +0.028 +0.074 +0.059
 +0.071 -0.033 +0.048 +0.002 +0.053 -0.107 +0.026 -0.048 -0.019 -0.114
 +0.080 -0.078 -0.011 +0.066 +0.006 -0.080 -0.115 +0.043 -0.065 -0.086
 -0.002 +0.085 +0.049 +0.086 -0.113 -0.057 -0.075 -0.008 +0.117 -0.032
 -0.098 +0.049 -0.062 -0.000 +0.056 +0.119 +0.051 -0.108 +0.030 -0.085
 +0.051 +0.055 +0.073 -0.080 +0.075 +0.061 +0.048 -0.058 +0.005 -0.019
 +0.023 -0.135 +0.125 -0.104 -0.056 +0.094 +0.003 -0.084 +0.075 -0.013
 +0.022 +0.102 -0.094 -0.089 -0.002 -0.033 +0.040 +0.046 +0.015 +0.107
 -0.083 -0.040 +0.032 -0.005 -0.074 -0.092 -0.031 +0.043 +0.088 -0.056
 -0.103 -0.015 +0.022 -0.098 +0.028 +0.108 +0.013 -0.065 +0.109 +0.086]]

RHS vector b:            [-0.163 -0.193]
Obj vector c:            [+0.096 +0.063 +0.177 +0.204 -0.050 +0.179 +0.139 -0.069 +0.041 -0.066
 +0.018 -0.205 -0.105 +0.084 +0.189 -0.023 -0.070 -0.197 -0.048 +0.116
 -0.158 +0.031 -0.036 -0.103 -0.167 +0.078 -0.203 +0.078 +0.043 -0.077
 +0.168 +0.132 +0.189 -0.227 -0.108 +0.080 -0.028 +0.169 -0.009 -0.200
 +0.063 -0.153 -0.053 -0.175 +0.015 -0.087 +0.166 +0.226 -0.131 -0.080
 -0.214 -0.047 +0.215 +0.176 +0.057 -0.104 +0.203 +0.058 -0.002 -0.082
 +0.211 -0.019 +0.189 -0.149 -0.232 +0.155 -0.000 +0.225 +0.084 +0.041
 -0.009 -0.032 +0.017 -0.058 -0.109 +0.051 -0.147 +0.125 +1.031 -0.184
 -0.016 -0.061 -0.037 -0.218 -0.028 +0.075 +0.073 -0.011 +0.012 -0.156
 +0.043 -0.026 +0.060 -0.028 -0.039 +0.124 +0.047 -0.168 +0.034 -0.181
 -0.131 +0.224 +0.206 -0.196 -0.029 +0.030 -0.135 -0.084 -0.111 -0.073
 -0.140 +0.089 -0.065 +0.021 -0.097 +0.166 -0.037 +0.110 +0.053 +0.204
 -0.159 +0.155 +0.046 -0.141 +0.026 +0.111 +0.222 -0.050 +0.150 +0.169
 -0.006 -0.159 -0.061 -0.127 +0.219 +0.136 +0.156 +0.010 -0.227 +0.052
 +0.152 -0.115 +0.135 -0.012 -0.124 -0.190 -0.117 +0.182 -0.044 +0.156
 -0.093 -0.119 -0.122 +0.136 -0.142 -0.081 +1.621 +0.144 +0.016 +0.005
 -0.075 +0.215 -0.203 +0.191 +0.094 -0.185 +0.000 +0.186 -0.141 +0.042
 -0.059 -0.154 +0.151 +0.161 +0.024 +0.063 -0.070 -0.049 -0.005 -0.218
 +0.186 +0.084 -0.026 +0.004 +0.169 +0.169 +0.094 -0.088 -0.183 +0.089
 +0.204 +0.046 -0.013 +0.158 -0.020 -0.212 +0.007 +0.118 -0.174 -0.142]

---------------------------- Optimal solution -----------------------------
Primal variables:         [+0.067 +0.156 +0.152 +0.190 +0.117 +0.234 +0.244 +0.203 +0.050 +0.033
 +0.150 +0.145 +0.157 +0.241 +0.082 +0.197 +0.164 +0.131 +0.017 +0.022
 +0.213 +0.144 +0.019 +0.084 +0.089 +0.003 +0.108 +0.013 +0.164 +0.008
 +0.094 +0.201 +0.219 +0.081 +0.024 +0.046 +0.040 +0.229 +0.241 +0.023
 +0.064 +0.032 +0.176 +0.047 +0.004 +0.038 +0.220 +0.150 +0.024 +0.041
 +0.001 +0.113 +0.017 +0.222 +0.067 +0.142 +0.219 +0.039 +0.199 +0.098
 +0.057 +0.029 +0.081 +0.178 +0.005 +0.075 +0.069 +0.201 +0.136 +0.233
 +0.073 +0.082 +0.071 +0.085 +0.235 +0.111 +0.014 +0.049 +0.000 +0.054
 +0.192 +0.068 +0.176 +0.008 +0.079 +0.060 +0.242 +0.184 +0.096 +0.053
 +0.216 +0.087 +0.109 +0.196 +0.176 +0.220 +0.169 +0.209 +0.184 +0.151
 +0.197 +0.184 +0.138 +0.106 +0.038 +0.088 +0.028 +0.188 +0.073 +0.072
 +0.045 +0.095 +0.222 +0.200 +0.200 +0.022 +0.197 +0.084 +0.034 +0.031
 +0.128 +0.204 +0.016 +0.039 +0.108 +0.001 +0.129 +0.179 +0.188 +0.241
 +0.109 +0.177 +0.129 +0.239 +0.061 +0.189 +0.240 +0.016 +0.005 +0.227
 +0.108 +0.092 +0.238 +0.195 +0.043 +0.149 +0.065 +0.127 +0.013 +0.155
 +0.127 +0.130 +0.076 +0.162 +0.073 +0.068 +0.000 +0.156 +0.133 +0.083
 +0.112 +0.026 +0.093 +0.190 +0.202 +0.063 +0.185 +0.165 +0.199 +0.142
 +0.151 +0.132 +0.162 +0.242 +0.167 +0.021 +0.039 +0.183 +0.232 +0.196
 +0.227 +0.142 +0.057 +0.234 +0.093 +0.056 +0.016 +0.243 +0.075 +0.105
 +0.229 +0.016 +0.146 +0.019 +0.187 +0.078 +0.236 +0.226 +0.202 +0.044]
Dual slacks:              [+0.000 +0.000 +0.000 +0.000 +0.000 +0.000 +0.000 +0.000 +0.000 +0.000
 +0.000 +0.000 +0.000 +0.000 +0.000 +0.000 +0.000 +0.000 +0.000 +0.000
 +0.000 +0.000 +0.000 +0.000 +0.000 +0.000 +0.000 +0.000 +0.000 +0.000
 +0.000 +0.000 +0.000 +0.000 +0.000 +0.000 +0.000 +0.000 +0.000 +0.000
 +0.000 +0.000 +0.000 +0.000 +0.000 +0.000 +0.000 +0.000 +0.000 +0.000
 +0.000 +0.000 +0.000 +0.000 +0.000 +0.000 +0.000 +0.000 +0.000 +0.000
 +0.000 +0.000 +0.000 +0.000 +0.000 +0.000 +0.000 +0.000 +0.000 +0.000
 +0.000 +0.000 +0.000 +0.000 +0.000 +0.000 +0.000 +0.000 +1.095 +0.000
 +0.000 +0.000 +0.000 +0.000 +0.000 +0.000 +0.000 +0.000 +0.000 +0.000
 +0.000 +0.000 +0.000 +0.000 +0.000 +0.000 +0.000 +0.000 +0.000 +0.000
 +0.000 +0.000 +0.000 +0.000 +0.000 +0.000 +0.000 +0.000 +0.000 +0.000
 +0.000 +0.000 +0.000 +0.000 +0.000 +0.000 +0.000 +0.000 +0.000 +0.000
 +0.000 +0.000 +0.000 +0.000 +0.000 +0.000 +0.000 +0.000 +0.000 +0.000
 +0.000 +0.000 +0.000 +0.000 +0.000 +0.000 +0.000 +0.000 +0.000 +0.000
 +0.000 +0.000 +0.000 +0.000 +0.000 +0.000 +0.000 +0.000 +0.000 +0.000
 +0.000 +0.000 +0.000 +0.000 +0.000 +0.000 +1.674 +0.000 +0.000 +0.000
 +0.000 +0.000 +0.000 +0.000 +0.000 +0.000 +0.000 +0.000 +0.000 +0.000
 +0.000 +0.000 +0.000 +0.000 +0.000 +0.000 +0.000 +0.000 +0.000 +0.000
 +0.000 +0.000 +0.000 +0.000 +0.000 +0.000 +0.000 +0.000 +0.000 +0.000
 +0.000 +0.000 +0.000 +0.000 +0.000 +0.000 +0.000 +0.000 +0.000 +0.000]
Dual variables:           [-0.570 -1.917]

Optimal objective:       +4.62579935e-01
===========================================================================

Method:                  II-QIPM
LO_Precision:            1.00e-01
Stop_Precision:          1.00e-03
LO_Verbosity:            2
Omega:                   1.00e+01

The Quantum Inexact Infeasible Interior-Point Method starts running ...


                  Objective                Residual                                Linear system           Step-length
Iter      Primal           Dual         Primal    Dual     Compl    ||Resl||  Cond-Num  ||M||   ||RHS||    a-star   a-hat      Time
   0   2.86705874e+01  0.00000000e+00  1.75e+01 6.34e+00  1.01e+03  1.76e+01  4.00e+00 1.00e+00 1.76e+01  9.77e-01 9.55e-01      0s
   1   2.59493766e+01  4.73426293e-03  1.54e+01 5.53e+00  8.92e+02  8.14e-01  4.34e+00 2.82e+01 6.22e+01  6.24e-01 1.27e-01      1s
   2   2.41568202e+01  1.62949495e-02  1.40e+01 5.04e+00  8.20e+02  4.46e-01  4.28e+00 3.19e+01 5.87e+01  6.35e-01 8.88e-02      1s
   3   2.23455529e+01  3.27253860e-02  1.27e+01 4.57e+00  7.50e+02  2.33e-01  4.24e+00 3.50e+01 5.71e+01  6.46e-01 9.42e-02      1s
   4   2.05047351e+01  5.38629457e-02  1.14e+01 4.10e+00  6.81e+02  5.11e-02  4.21e+00 3.88e+01 5.59e+01  6.60e-01 1.01e-01      2s
   5   1.86122223e+01  7.98558508e-02  1.02e+01 3.65e+00  6.12e+02  8.89e-02  4.17e+00 4.34e+01 5.51e+01  6.79e-01 1.11e-01      2s
   6   1.66398295e+01  1.11174705e-01  8.86e+00 3.19e+00  5.42e+02  1.76e-01  4.13e+00 4.94e+01 5.46e+01  7.02e-01 1.26e-01      2s
   7   1.45429528e+01  1.48813810e-01  7.52e+00 2.72e+00  4.68e+02  1.98e-01  4.09e+00 5.73e+01 5.45e+01  7.33e-01 1.48e-01      3s
   8   1.22368623e+01  1.94837648e-01  6.10e+00 2.21e+00  3.89e+02 *1.38e-01  4.05e+00 6.86e+01 5.48e+01  7.73e-01 1.85e-01      3s
   9   1.08580455e+01  1.94837648e-01  6.14e+00 2.19e+00  3.85e+02  5.55e+01  4.00e+00 8.63e+01 5.55e+01  2.93e-01 1.15e-02      3s
  10   9.53827092e+00  1.94837648e-01  6.23e+00 2.16e+00  3.81e+02  5.78e+01  4.00e+00 8.82e+01 5.78e+01  2.84e-01 1.07e-02      4s
  11   8.26999187e+00  1.94837648e-01  6.38e+00 2.14e+00  3.78e+02  5.99e+01  4.00e+00 9.02e+01 5.99e+01  2.77e-01 1.00e-02      4s
  12   7.04879261e+00  1.94837648e-01  6.56e+00 2.12e+00  3.74e+02  6.21e+01  4.00e+00 9.20e+01 6.21e+01  2.69e-01 9.44e-03      4s
  13   4.56248014e+00  3.06821534e-01  3.56e+00 1.15e+00  2.13e+02 *2.41e-04  4.00e+00 9.39e+01 6.42e+01  8.62e-01 4.57e-01      5s
  14   3.55789305e+00  3.06821534e-01  3.70e+00 1.14e+00  2.11e+02  6.06e+01  3.84e+00 1.80e+02 6.06e+01  2.43e-01 8.06e-03      5s
  15   2.66251561e+00  3.06821534e-01  3.87e+00 1.14e+00  2.10e+02  6.26e+01  3.84e+00 1.83e+02 6.26e+01  2.36e-01 7.01e-03      5s
  16   1.79433813e+00  3.06821534e-01  4.07e+00 1.13e+00  2.09e+02  6.44e+01  3.84e+00 1.86e+02 6.44e+01  2.31e-01 6.66e-03      6s
  17   9.51669603e-01  3.06821534e-01  4.30e+00 1.12e+00  2.08e+02  6.62e+01  3.83e+00 1.89e+02 6.62e+01  2.26e-01 6.33e-03      6s
  18   1.32914754e-01  3.06821534e-01  4.54e+00 1.11e+00  2.06e+02  6.80e+01  3.83e+00 1.92e+02 6.80e+01  2.21e-01 6.03e-03      6s
  19  -6.62635980e-01  3.06821534e-01  4.79e+00 1.11e+00  2.05e+02  6.98e+01  3.83e+00 1.95e+02 6.98e+01  2.16e-01 5.74e-03      7s
  20  -1.43644939e+00  3.06821534e-01  5.06e+00 1.10e+00  2.04e+02  7.16e+01  3.83e+00 1.97e+02 7.16e+01  2.12e-01 5.48e-03      7s
  21  -2.18991041e+00  3.06821534e-01  5.33e+00 1.10e+00  2.03e+02  7.33e+01  3.83e+00 2.00e+02 7.33e+01  2.07e-01 5.23e-03      7s
  22  -2.92359351e+00  3.06821534e-01  5.60e+00 1.09e+00  2.03e+02  7.51e+01  3.83e+00 2.03e+02 7.51e+01  2.03e-01 5.00e-03      8s
  23  -3.63877445e+00  3.06821534e-01  5.88e+00 1.09e+00  2.02e+02  7.68e+01  3.83e+00 2.06e+02 7.68e+01  1.99e-01 4.78e-03      8s
  24  -4.33665976e+00  3.06821534e-01  6.15e+00 1.08e+00  2.01e+02  7.85e+01  3.83e+00 2.08e+02 7.85e+01  1.95e-01 4.59e-03      9s
  25  -5.01771009e+00  3.06821534e-01  6.43e+00 1.08e+00  2.00e+02  8.02e+01  3.83e+00 2.11e+02 8.02e+01  1.92e-01 4.40e-03      9s
  26  -5.68237498e+00  3.06821534e-01  6.70e+00 1.07e+00  1.99e+02  8.20e+01  3.84e+00 2.14e+02 8.20e+01  1.88e-01 4.22e-03      9s
  27  -6.33174200e+00  3.06821534e-01  6.97e+00 1.07e+00  1.99e+02  8.37e+01  3.84e+00 2.16e+02 8.37e+01  1.85e-01 4.05e-03     10s
  28  -6.96684189e+00  3.06821534e-01  7.24e+00 1.06e+00  1.98e+02  8.54e+01  3.84e+00 2.19e+02 8.54e+01  1.81e-01 3.89e-03     10s
  29  -7.58803105e+00  3.06821534e-01  7.51e+00 1.06e+00  1.97e+02  8.71e+01  3.84e+00 2.22e+02 8.71e+01  1.78e-01 3.75e-03     10s
  30  -8.19565718e+00  3.06821534e-01  7.77e+00 1.05e+00  1.97e+02  8.87e+01  3.85e+00 2.24e+02 8.87e+01  1.75e-01 3.60e-03     11s
  31  -8.79065419e+00  3.06821534e-01  8.03e+00 1.05e+00  1.96e+02  9.04e+01  3.85e+00 2.27e+02 9.04e+01  1.72e-01 3.47e-03     11s
  32  -9.37332644e+00  3.06821534e-01  8.29e+00 1.05e+00  1.95e+02  9.21e+01  3.85e+00 2.30e+02 9.21e+01  1.69e-01 3.35e-03     12s
  33  -9.94397067e+00  3.06821534e-01  8.54e+00 1.04e+00  1.95e+02  9.38e+01  3.86e+00 2.32e+02 9.38e+01  1.66e-01 3.23e-03     12s
  34  -1.05039955e+01  3.06821534e-01  8.79e+00 1.04e+00  1.94e+02  9.55e+01  3.86e+00 2.35e+02 9.55e+01  1.64e-01 3.12e-03     12s
  35  -1.10530885e+01  3.06821534e-01  9.04e+00 1.04e+00  1.94e+02  9.72e+01  3.87e+00 2.37e+02 9.72e+01  1.61e-01 3.01e-03     13s
  36  -1.15915021e+01  3.06821534e-01  9.28e+00 1.03e+00  1.93e+02  9.89e+01  3.87e+00 2.40e+02 9.89e+01  1.59e-01 2.91e-03     13s
  37  -1.21205401e+01  3.06821534e-01  9.52e+00 1.03e+00  1.93e+02  1.01e+02  3.88e+00 2.43e+02 1.01e+02  1.56e-01 2.81e-03     13s
  38  -1.26398831e+01  3.06821534e-01  9.76e+00 1.03e+00  1.92e+02  1.02e+02  3.89e+00 2.45e+02 1.02e+02  1.54e-01 2.72e-03     14s
  39  -1.31497454e+01  3.06821534e-01  9.99e+00 1.03e+00  1.92e+02  1.04e+02  3.89e+00 2.48e+02 1.04e+02  1.51e-01 2.63e-03     14s
  40  -1.36508369e+01  3.06821534e-01  1.02e+01 1.02e+00  1.91e+02  1.06e+02  3.90e+00 2.50e+02 1.06e+02  1.49e-01 2.55e-03     15s
  41  -1.41438363e+01  3.06821534e-01  1.04e+01 1.02e+00  1.91e+02  1.07e+02  3.91e+00 2.53e+02 1.07e+02  1.47e-01 2.47e-03     15s
  42  -1.46284231e+01  3.06821534e-01  1.07e+01 1.02e+00  1.90e+02  1.09e+02  3.92e+00 2.56e+02 1.09e+02  1.45e-01 2.40e-03     15s
  43  -1.51047740e+01  3.06821534e-01  1.09e+01 1.02e+00  1.90e+02  1.11e+02  3.92e+00 2.58e+02 1.11e+02  1.43e-01 2.32e-03     16s
  44  -1.55739992e+01  3.06821534e-01  1.11e+01 1.01e+00  1.90e+02  1.12e+02  3.93e+00 2.61e+02 1.12e+02  1.41e-01 2.26e-03     16s
  45  -1.60357742e+01  3.06821534e-01  1.13e+01 1.01e+00  1.89e+02  1.14e+02  3.94e+00 2.64e+02 1.14e+02  1.39e-01 2.19e-03     17s
  46  -1.64902480e+01  3.06821534e-01  1.15e+01 1.01e+00  1.89e+02  1.16e+02  3.95e+00 2.66e+02 1.16e+02  1.37e-01 2.12e-03     17s
  47  -1.69380133e+01  3.06821534e-01  1.17e+01 1.01e+00  1.89e+02  1.17e+02  3.96e+00 2.69e+02 1.17e+02  1.35e-01 2.07e-03     17s
  48  -1.73791980e+01  3.06821534e-01  1.20e+01 1.01e+00  1.88e+02  1.19e+02  3.97e+00 2.72e+02 1.19e+02  1.33e-01 2.01e-03     18s
  49  -1.78143621e+01  3.06821534e-01  1.22e+01 1.00e+00  1.88e+02  1.21e+02  3.98e+00 2.74e+02 1.21e+02  1.32e-01 1.95e-03     18s
  50  -1.82427569e+01  3.06821534e-01  1.24e+01 1.00e+00  1.88e+02  1.23e+02  3.99e+00 2.77e+02 1.23e+02  1.30e-01 1.90e-03     18s
  51  -1.86653589e+01  3.06821534e-01  1.26e+01 1.00e+00  1.87e+02  1.24e+02  4.00e+00 2.80e+02 1.24e+02  1.28e-01 1.85e-03     19s
  52  -2.00807275e+00  4.52516087e-01  1.82e+00 1.47e-01  3.01e+01 *1.01e-01  4.01e+00 2.83e+02 1.26e+02  9.06e-01 8.53e-01     19s
  53  -1.15306790e+00  4.62238678e-01  9.20e-01 3.28e-03  7.73e-01 *9.06e-01  4.14e+00 1.55e+03 4.59e+01  9.88e-01 9.78e-01     19s
  54  -2.49174244e+00  4.62238678e-01  1.53e+00 3.24e-03  7.67e-01  6.99e+01  4.00e+00 7.45e+04 6.99e+01  3.69e-01 9.79e-03     20s
  55   2.56386805e-01  4.62572861e-01  1.10e-01 2.24e-04  5.85e-02 *1.10e-02  4.00e+00 7.58e+04 7.20e+01  9.53e-01 9.31e-01     20s

The algorithm stopped after 56 iterations in 19.91 seconds.

Primal variables:   [+14.617 +16.829 +16.080 +14.795 +14.759 +15.150 +24.629 +15.547 +13.076
 +28.553 +27.249 +12.235 +24.492 +23.798 +19.355 +17.154 +16.051 +21.192
 +12.611 +16.857 +19.922 +18.573 +15.937 +18.194 +17.080 +16.655 +12.188
 +14.661 +13.876 +15.248 +15.176 +15.860 +16.570 +22.066 +13.318 +18.859
 +17.387 +14.249 +15.166 +14.633 +19.843 +24.241 +16.711 +14.935 +12.405
 +18.801 +17.101 +15.099 +12.739 +14.103 +17.781 +17.432 +14.823 +13.182
 +14.272 +11.899 +19.098 +15.973 +16.983 +16.933 +15.164 +16.029 +15.820
 +12.699 +27.627 +20.539 +15.252 +16.195 +20.055 +22.772 +15.855 +15.776
 +20.240 +19.053 +21.239 +16.450 +11.692 +16.671 +0.002 +12.300 +12.907
 +12.759 +14.834 +23.236 +20.758 +13.115 +25.495 +15.525 +14.118 +15.842
 +20.483 +14.018 +15.345 +12.419 +21.080 +17.776 +18.716 +27.031 +23.111
 +16.559 +23.068 +17.005 +15.236 +14.768 +15.778 +19.506 +14.595 +27.177
 +13.078 +12.198 +19.362 +13.595 +13.435 +13.642 +17.144 +23.010 +15.353
 +14.319 +14.488 +17.723 +19.673 +15.468 +13.604 +22.440 +12.550 +24.814
 +15.747 +13.012 +13.560 +15.643 +19.078 +17.617 +12.861 +12.319 +15.652
 +13.319 +14.750 +17.763 +19.781 +18.073 +22.232 +23.841 +14.391 +19.436
 +22.624 +12.033 +23.357 +19.726 +15.173 +17.156 +16.881 +21.526 +14.658
 +18.835 +17.720 +12.592 +0.002 +12.839 +13.675 +24.513 +26.694 +23.225
 +12.253 +16.996 +18.489 +19.995 +16.037 +13.520 +17.677 +14.510 +21.274
 +11.778 +21.032 +17.445 +14.055 +16.806 +16.349 +12.398 +13.944 +24.062
 +13.335 +15.659 +12.610 +17.918 +13.291 +17.001 +12.746 +19.020 +23.380
 +19.255 +15.129 +14.346 +13.229 +20.774 +12.896 +20.766 +13.047 +17.239
 +12.628 +14.251]
Dual slacks:        [+0.000 +0.000 +0.000 +0.000 +0.000 +0.000 +0.000 +0.000 +0.000 +0.000
 +0.000 +0.000 +0.000 +0.000 +0.000 +0.000 +0.000 +0.000 +0.000 +0.000
 +0.000 +0.000 +0.000 +0.000 +0.000 +0.000 +0.000 +0.000 +0.000 +0.000
 +0.000 +0.000 +0.000 +0.000 +0.000 +0.000 +0.000 +0.000 +0.000 +0.000
 +0.000 +0.000 +0.000 +0.000 +0.000 +0.000 +0.000 +0.000 +0.000 +0.000
 +0.000 +0.000 +0.000 +0.000 +0.000 +0.000 +0.000 +0.000 +0.000 +0.000
 +0.000 +0.000 +0.000 +0.000 +0.000 +0.000 +0.000 +0.000 +0.000 +0.000
 +0.000 +0.000 +0.000 +0.000 +0.000 +0.000 +0.000 +0.000 +1.095 +0.000
 +0.000 +0.000 +0.000 +0.000 +0.000 +0.000 +0.000 +0.000 +0.000 +0.000
 +0.000 +0.000 +0.000 +0.000 +0.000 +0.000 +0.000 +0.000 +0.000 +0.000
 +0.000 +0.000 +0.000 +0.000 +0.000 +0.000 +0.000 +0.000 +0.000 +0.000
 +0.000 +0.000 +0.000 +0.000 +0.000 +0.000 +0.000 +0.000 +0.000 +0.000
 +0.000 +0.000 +0.000 +0.000 +0.000 +0.000 +0.000 +0.000 +0.000 +0.000
 +0.000 +0.000 +0.000 +0.000 +0.000 +0.000 +0.000 +0.000 +0.000 +0.000
 +0.000 +0.000 +0.000 +0.000 +0.000 +0.000 +0.000 +0.000 +0.000 +0.000
 +0.000 +0.000 +0.000 +0.000 +0.000 +0.000 +1.674 +0.000 +0.000 +0.000
 +0.000 +0.000 +0.000 +0.000 +0.000 +0.000 +0.000 +0.000 +0.000 +0.000
 +0.000 +0.000 +0.000 +0.000 +0.000 +0.000 +0.000 +0.000 +0.000 +0.000
 +0.000 +0.000 +0.000 +0.000 +0.000 +0.000 +0.000 +0.000 +0.000 +0.000
 +0.000 +0.000 +0.000 +0.000 +0.000 +0.000 +0.000 +0.000 +0.000 +0.000]
Dual variables:     [-0.570 -1.917]

Primal objective:   2.56386805e-01 
Dual objective:     4.62572861e-01 

Primal residual:    1.10e-01
Dual residual:      2.24e-04
Complementraty:     5.85e-02

Number of Iter:     56
Run time:           19.91
