
--------------- Linear optimization problem characteristics ---------------
Seed:                    22
Number of variables:     200
Number of constraints:   2

Norm of primal sol:      2.00e+00
Norm of dual sol:        2.00e+00
Norm of dual slacks:     2.00e+00

Norm of vector b:        1.91e-01
Norm of vector c:        2.20e+00

Norm of matrix A:        1.00e+00
Condition number:        2.00e+00

----------------------- Linear optimization problem -----------------------
Coeff matrix A:          [[-0.039 +0.006 -0.012 -0.038 +0.010 -0.025 -0.051 -0.032 -0.040 -0.034
 -0.064 +0.020 +0.060 -0.094 +0.005 +0.069 +0.036 -0.042 -0.074 -0.060
 -0.020 -0.053 +0.055 -0.023 -0.081 -0.045 +0.018 -0.012 +0.021 +0.061
 -0.018 +0.010 +0.074 -0.004 -0.001 +0.087 -0.019 +0.108 -0.073 +0.087
 -0.083 +0.036 +0.061 +0.075 -0.020 +0.043 -0.009 +0.059 -0.047 +0.004
 -0.002 +0.080 +0.091 +0.092 -0.030 -0.028 +0.008 +0.023 -0.088 -0.049
 -0.087 +0.061 +0.088 -0.100 +0.082 -0.022 -0.094 -0.074 +0.031 +0.001
 -0.020 -0.005 -0.071 +0.049 -0.076 +0.058 -0.044 +0.047 +0.042 +0.085
 +0.054 +0.011 +0.063 +0.109 +0.032 +0.012 -0.029 -0.030 -0.001 -0.089
 +0.006 +0.070 -0.078 +0.056 +0.099 -0.008 +0.055 +0.016 -0.057 -0.061
 +0.069 +0.013 -0.027 -0.057 +0.068 -0.041 +0.048 -0.089 -0.098 +0.063
 -0.047 -0.077 -0.023 -0.006 +0.069 +0.073 -0.088 +0.065 +0.014 +0.073
 -0.055 -0.097 +0.101 +0.079 -0.047 +0.055 -0.069 +0.053 -0.040 -0.010
 +0.043 +0.029 -0.046 -0.072 +0.032 -0.029 -0.059 +0.084 -0.046 +0.060
 -0.090 +0.023 +0.006 +0.005 -0.081 +0.005 -0.096 +0.053 -0.031 -0.037
 +0.068 +0.065 -0.058 -0.010 +0.026 +0.049 +0.047 -0.069 -0.014 +0.078
 +0.040 +0.038 +0.004 -0.079 +0.080 -0.031 +0.078 -0.028 +0.090 +0.036
 +0.040 +0.056 +0.013 +0.059 +0.013 -0.065 -0.022 +0.058 -0.048 +0.004
 -0.041 +0.072 +0.036 +0.078 +0.040 -0.060 +0.009 -0.100 +0.021 -0.047
 +0.023 -0.018 +0.055 -0.010 +0.035 -0.054 -0.025 +0.080 -0.068 -0.039]
                          [-0.003 -0.049 +0.004 +0.055 +0.021 +0.012 +0.014 -0.052 +0.011 +0.017
 +0.048 -0.012 -0.094 +0.087 +0.056 -0.001 +0.006 -0.050 +0.020 +0.071
 -0.034 -0.036 -0.093 +0.085 +0.035 -0.064 -0.071 +0.070 +0.059 +0.022
 +0.014 -0.030 -0.096 -0.001 -0.026 -0.038 -0.024 -0.104 +0.030 -0.084
 +0.095 -0.072 -0.072 -0.044 +0.004 +0.017 -0.069 +0.061 +0.016 +0.043
 -0.045 -0.055 -0.093 -0.098 +0.074 -0.070 -0.052 +0.024 +0.046 -0.025
 +0.055 -0.080 -0.067 +0.070 -0.021 -0.022 +0.055 +0.068 +0.052 -0.035
 -0.056 -0.004 +0.076 -0.089 -0.000 -0.016 +0.008 +0.006 -0.003 -0.096
 -0.085 -0.009 -0.004 -0.108 -0.002 -0.061 +0.028 +0.072 +0.030 +0.064
 +0.056 -0.029 +0.082 -0.019 -0.107 +0.069 -0.054 +0.048 -0.062 -0.054
 -0.097 -0.007 +0.068 -0.049 -0.085 -0.003 -0.028 +0.082 +0.069 -0.031
 +0.016 +0.097 -0.056 +0.011 -0.017 -0.102 +0.034 -0.044 +0.040 +0.012
 -0.011 +0.064 -0.074 -0.058 -0.053 +0.018 -0.033 -0.077 +0.093 -0.078
 -0.024 -0.067 -0.031 +0.050 +0.030 -0.071 -0.016 -0.058 +0.044 +0.036
 +0.107 -0.044 +0.009 +0.012 +0.035 +0.014 +0.070 -0.031 +0.081 +0.053
 -0.056 +0.047 +0.085 -0.018 +0.047 +0.059 -0.079 +0.003 -0.039 -0.082
 -0.047 -0.022 -0.016 +0.057 -0.023 +0.012 -0.068 +0.054 -0.088 +0.051
 -0.010 -0.088 -0.004 +0.013 +0.072 +0.055 +0.060 -0.072 -0.064 -0.004
 +0.087 -0.085 -0.056 -0.103 -0.072 -0.064 +0.079 +0.085 +0.002 -0.003
 +0.032 -0.013 -0.094 -0.010 +0.016 -0.004 +0.008 -0.082 +0.041 +0.077]]

RHS vector b:            [+0.085 -0.172]
Obj vector c:            [-0.069 -0.043 -0.017 -0.004 +0.039 -0.028 -0.072 -0.111 -0.056 -0.038
 -0.056 +0.022 +0.001 -0.064 +0.068 +0.114 +0.067 -0.124 -0.102 -0.025
 -0.070 -0.128 -0.007 +0.052 -0.097 -0.145 -0.047 +0.055 +0.098 +0.128
 -0.014 -0.015 +0.022 -0.007 -0.030 +0.106 -0.058 +0.069 -0.090 +0.057
 -0.038 -0.018 +0.025 +0.080 -0.028 +0.091 -0.090 +0.166 -0.063 +0.053
 -0.053 +0.076 +0.053 +0.050 +0.028 -0.124 -0.043 +0.064 -0.098 -0.110
 -0.087 +0.017 +0.076 -0.093 +0.115 -0.061 -0.099 -0.051 +0.109 -0.036
 -0.094 -0.013 -0.037 -0.012 -0.128 +0.080 -0.065 +0.085 +0.068 +0.040
 +0.000 +0.010 +0.102 +0.068 +0.051 -0.046 -0.018 +0.027 +0.031 -0.082
 +0.071 +0.087 -0.043 +0.075 +0.052 +0.061 +0.034 +0.079 -0.163 -0.160
 +0.012 +0.013 +0.027 -0.148 +0.024 -0.071 +0.050 -0.062 -0.091 +0.072
 -0.061 -0.026 -0.099 +0.002 +0.098 +0.014 -0.112 +0.061 +0.066 +0.136
 -0.105 -0.094 +0.091 +0.070 -0.136 +0.111 -0.152 +0.007 +0.032 -0.101
 +0.047 -0.022 -0.110 -0.067 +0.085 -0.125 -0.117 +0.079 -0.030 +0.140
 -0.037 +1.466 +0.020 +0.021 +1.252 +0.024 -0.086 +0.056 +0.035 -0.005
 +0.054 +0.160 -0.005 -0.036 +0.095 +0.145 -0.006 -0.113 -0.066 +0.043
 +0.018 +0.039 -0.010 -0.071 +0.110 -0.039 +0.058 +0.011 +0.057 +0.115
 +0.056 +0.001 +0.018 +0.112 +0.099 -0.051 +0.027 +0.020 -0.150 +0.003
 +0.025 +0.030 +0.000 +0.020 -0.010 -0.171 +0.101 -0.076 +0.037 -0.084
 +0.074 -0.045 -0.009 -0.028 +0.076 -0.096 -0.034 +0.046 -0.071 +0.018]

---------------------------- Optimal solution -----------------------------
Primal variables:         [+0.051 +0.119 +0.104 +0.212 +0.042 +0.084 +0.067 +0.170 +0.054 +0.200
 +0.003 +0.138 +0.201 +0.184 +0.047 +0.002 +0.190 +0.236 +0.173 +0.073
 +0.189 +0.170 +0.095 +0.152 +0.105 +0.144 +0.173 +0.028 +0.228 +0.244
 +0.167 +0.196 +0.007 +0.044 +0.216 +0.184 +0.125 +0.032 +0.119 +0.127
 +0.077 +0.011 +0.108 +0.024 +0.011 +0.169 +0.209 +0.031 +0.032 +0.117
 +0.049 +0.193 +0.150 +0.109 +0.242 +0.175 +0.054 +0.041 +0.133 +0.077
 +0.225 +0.021 +0.077 +0.054 +0.182 +0.204 +0.184 +0.044 +0.212 +0.001
 +0.088 +0.235 +0.232 +0.006 +0.166 +0.040 +0.140 +0.060 +0.039 +0.124
 +0.141 +0.116 +0.125 +0.080 +0.218 +0.062 +0.212 +0.157 +0.172 +0.008
 +0.162 +0.246 +0.125 +0.230 +0.109 +0.049 +0.198 +0.199 +0.014 +0.195
 +0.111 +0.210 +0.089 +0.050 +0.215 +0.149 +0.205 +0.007 +0.174 +0.188
 +0.098 +0.048 +0.042 +0.219 +0.180 +0.219 +0.066 +0.164 +0.107 +0.127
 +0.139 +0.009 +0.215 +0.086 +0.133 +0.002 +0.012 +0.230 +0.052 +0.179
 +0.098 +0.181 +0.160 +0.228 +0.151 +0.009 +0.028 +0.186 +0.111 +0.149
 +0.213 +0.000 +0.201 +0.160 +0.000 +0.056 +0.206 +0.126 +0.007 +0.038
 +0.224 +0.009 +0.116 +0.019 +0.133 +0.171 +0.013 +0.231 +0.106 +0.239
 +0.093 +0.143 +0.068 +0.044 +0.126 +0.246 +0.125 +0.084 +0.046 +0.011
 +0.137 +0.119 +0.212 +0.101 +0.064 +0.246 +0.197 +0.015 +0.078 +0.020
 +0.184 +0.062 +0.086 +0.162 +0.206 +0.178 +0.100 +0.191 +0.096 +0.164
 +0.045 +0.209 +0.205 +0.114 +0.055 +0.001 +0.133 +0.125 +0.012 +0.140]
Dual slacks:              [+0.000 +0.000 +0.000 +0.000 +0.000 +0.000 +0.000 +0.000 +0.000 +0.000
 +0.000 +0.000 +0.000 +0.000 +0.000 +0.000 +0.000 +0.000 +0.000 +0.000
 +0.000 +0.000 +0.000 +0.000 +0.000 +0.000 +0.000 +0.000 +0.000 +0.000
 +0.000 +0.000 +0.000 +0.000 +0.000 +0.000 +0.000 +0.000 +0.000 +0.000
 +0.000 +0.000 +0.000 +0.000 +0.000 +0.000 +0.000 +0.000 +0.000 +0.000
 +0.000 +0.000 +0.000 +0.000 +0.000 +0.000 +0.000 +0.000 +0.000 +0.000
 +0.000 +0.000 +0.000 +0.000 +0.000 +0.000 +0.000 +0.000 +0.000 +0.000
 +0.000 +0.000 +0.000 +0.000 +0.000 +0.000 +0.000 +0.000 +0.000 +0.000
 +0.000 +0.000 +0.000 +0.000 +0.000 +0.000 +0.000 +0.000 +0.000 +0.000
 +0.000 +0.000 +0.000 +0.000 +0.000 +0.000 +0.000 +0.000 +0.000 +0.000
 +0.000 +0.000 +0.000 +0.000 +0.000 +0.000 +0.000 +0.000 +0.000 +0.000
 +0.000 +0.000 +0.000 +0.000 +0.000 +0.000 +0.000 +0.000 +0.000 +0.000
 +0.000 +0.000 +0.000 +0.000 +0.000 +0.000 +0.000 +0.000 +0.000 +0.000
 +0.000 +0.000 +0.000 +0.000 +0.000 +0.000 +0.000 +0.000 +0.000 +0.000
 +0.000 +1.474 +0.000 +0.000 +1.351 +0.000 +0.000 +0.000 +0.000 +0.000
 +0.000 +0.000 +0.000 +0.000 +0.000 +0.000 +0.000 +0.000 +0.000 +0.000
 +0.000 +0.000 +0.000 +0.000 +0.000 +0.000 +0.000 +0.000 +0.000 +0.000
 +0.000 +0.000 +0.000 +0.000 +0.000 +0.000 +0.000 +0.000 +0.000 +0.000
 +0.000 +0.000 +0.000 +0.000 +0.000 +0.000 +0.000 +0.000 +0.000 +0.000
 +0.000 +0.000 +0.000 +0.000 +0.000 +0.000 +0.000 +0.000 +0.000 +0.000]
Dual variables:           [+1.685 +1.078]

Optimal objective:       -4.24432610e-02
===========================================================================

Method:                  II-QIPM
LO_Precision:            1.00e-01
Stop_Precision:          1.00e-03
LO_Verbosity:            2
Omega:                   1.00e+01

The Quantum Inexact Infeasible Interior-Point Method starts running ...


                  Objective                Residual                                Linear system           Step-length
Iter      Primal           Dual         Primal    Dual     Compl    ||Resl||  Cond-Num  ||M||   ||RHS||    a-star   a-hat      Time
   0   1.95203138e+01  0.00000000e+00  1.37e+01 4.71e+00  7.50e+02  1.37e+01  4.00e+00 1.00e+00 1.37e+01  9.83e-01 9.67e-01      0s
   1   1.56041386e+01  0.00000000e+00  1.36e+01 4.45e+00  7.11e+02  2.81e+01  3.40e+00 3.35e+01 2.81e+01  4.97e-01 5.61e-02      1s
   2   1.28334174e+01  0.00000000e+00  1.37e+01 4.28e+00  6.87e+02  3.19e+01  3.27e+00 3.60e+01 3.19e+01  4.67e-01 3.73e-02      1s
   3   1.02586853e+01  0.00000000e+00  1.38e+01 4.14e+00  6.67e+02  3.49e+01  3.18e+00 3.78e+01 3.49e+01  4.47e-01 3.30e-02      1s
   4   7.85097791e+00  0.00000000e+00  1.40e+01 4.02e+00  6.49e+02  3.79e+01  3.09e+00 3.94e+01 3.79e+01  4.28e-01 2.95e-02      2s
   5   5.59002236e+00  0.00000000e+00  1.43e+01 3.91e+00  6.33e+02  4.08e+01  3.01e+00 4.10e+01 4.08e+01  4.10e-01 2.65e-02      2s
   6   3.64931511e+00 -1.04705003e-01  3.66e+00 1.03e+00  1.81e+02  2.03e-01  2.93e+00 4.25e+01 4.37e+01  8.40e-01 7.36e-01      2s
   7   1.74514773e+00 -5.87967918e-02  6.57e-01 2.34e-01  4.44e+01  3.56e-01  4.56e+00 1.85e+02 5.29e+01  9.03e-01 7.74e-01      3s
   8   4.63812974e-01 -4.21464927e-02  1.88e-01 8.26e-03  1.79e+00  1.99e-01  4.04e+00 8.82e+02 6.03e+01  9.80e-01 9.65e-01      3s
   9  -1.28237739e+00 -4.24335182e-02  6.33e-01 1.35e-03  3.17e-01 *7.92e-01  4.36e+00 2.59e+04 3.76e+01  9.61e-01 8.37e-01      3s
  10  -1.23939160e+00 -4.24341326e-02  6.11e-01 1.29e-03  3.06e-01  1.31e-01  4.12e+00 1.62e+05 7.93e+00  9.63e-01 4.07e-02      4s
  11  -1.23935856e+00 -4.24341331e-02  6.11e-01 1.29e-03  3.06e-01  1.28e-01  4.12e+00 1.69e+05 7.81e+00  9.63e-01 3.25e-05      5s

The solution quality is limited by the precision of the linear system solver.

The algorithm stopped after 12 iterations in 5.09 seconds.

Primal variables:   [+15.322 +14.205 +15.680 +17.277 +16.269 +15.896 +15.843 +13.459 +15.796
 +16.023 +17.002 +15.371 +13.450 +18.531 +17.396 +15.804 +15.895 +13.310
 +15.959 +17.829 +14.422 +13.718 +13.409 +18.543 +16.509 +12.212 +13.632
 +17.900 +17.587 +16.448 +15.982 +14.814 +13.514 +15.584 +14.864 +14.950
 +14.789 +13.542 +16.344 +13.888 +18.871 +13.804 +14.010 +14.769 +15.675
 +16.234 +13.247 +17.876 +15.918 +16.942 +14.239 +14.522 +13.707 +13.596
 +18.012 +12.606 +14.136 +16.377 +16.903 +14.348 +17.247 +13.815 +14.277
 +17.829 +15.339 +14.816 +17.249 +17.735 +17.365 +14.591 +13.563 +15.470
 +18.045 +13.475 +15.026 +15.372 +15.679 +15.927 +15.664 +13.595 +13.636
 +15.417 +15.699 +13.472 +15.656 +13.891 +16.378 +17.919 +16.509 +17.559
 +17.395 +15.094 +18.291 +15.310 +13.425 +17.872 +14.430 +17.162 +11.550
 +12.017 +13.432 +15.461 +17.759 +12.724 +13.751 +15.340 +15.037 +18.294
 +17.787 +15.021 +15.945 +18.968 +13.516 +15.906 +15.388 +13.359 +16.409
 +14.707 +16.875 +16.175 +14.866 +17.595 +14.177 +14.439 +12.899 +16.286
 +13.258 +13.835 +18.877 +12.828 +15.130 +13.906 +14.167 +17.044 +16.578
 +12.544 +14.571 +14.472 +16.854 +16.883 +19.514 +0.009 +15.888 +15.986
 +0.008 +16.032 +17.812 +14.999 +18.349 +17.205 +14.438 +17.315 +18.438
 +15.043 +17.152 +17.702 +13.727 +15.277 +14.312 +13.889 +14.534 +15.149
 +15.191 +17.319 +15.275 +15.872 +14.210 +17.228 +13.807 +17.317 +15.471
 +13.578 +15.562 +16.148 +18.105 +17.217 +17.488 +13.988 +12.063 +15.525
 +18.602 +13.768 +14.271 +13.362 +13.850 +11.010 +18.433 +18.452 +15.732
 +15.252 +16.642 +15.133 +13.380 +15.290 +16.175 +15.166 +15.756 +13.888
 +16.735 +18.136]
Dual slacks:        [+0.000 +0.000 +0.000 +0.000 +0.000 +0.000 +0.000 +0.000 +0.000 +0.000
 +0.000 +0.000 +0.000 +0.000 +0.000 +0.000 +0.000 +0.000 +0.000 +0.000
 +0.000 +0.000 +0.000 +0.000 +0.000 +0.000 +0.000 +0.000 +0.000 +0.000
 +0.000 +0.000 +0.000 +0.000 +0.000 +0.000 +0.000 +0.000 +0.000 +0.000
 +0.000 +0.000 +0.000 +0.000 +0.000 +0.000 +0.000 +0.000 +0.000 +0.000
 +0.000 +0.000 +0.000 +0.000 +0.000 +0.000 +0.000 +0.000 +0.000 +0.000
 +0.000 +0.000 +0.000 +0.000 +0.000 +0.000 +0.000 +0.000 +0.000 +0.000
 +0.000 +0.000 +0.000 +0.000 +0.000 +0.000 +0.000 +0.000 +0.000 +0.000
 +0.000 +0.000 +0.000 +0.000 +0.000 +0.000 +0.000 +0.000 +0.000 +0.000
 +0.000 +0.000 +0.000 +0.000 +0.000 +0.000 +0.000 +0.000 +0.000 +0.000
 +0.000 +0.000 +0.000 +0.000 +0.000 +0.000 +0.000 +0.000 +0.000 +0.000
 +0.000 +0.000 +0.000 +0.000 +0.000 +0.000 +0.000 +0.000 +0.000 +0.000
 +0.000 +0.000 +0.000 +0.000 +0.000 +0.000 +0.000 +0.000 +0.000 +0.000
 +0.000 +0.000 +0.000 +0.000 +0.000 +0.000 +0.000 +0.000 +0.000 +0.000
 +0.000 +1.475 +0.000 +0.000 +1.351 +0.000 +0.000 +0.000 +0.000 +0.000
 +0.000 +0.000 +0.000 +0.000 +0.000 +0.000 +0.000 +0.000 +0.000 +0.000
 +0.000 +0.000 +0.000 +0.000 +0.000 +0.000 +0.000 +0.000 +0.000 +0.000
 +0.000 +0.000 +0.000 +0.000 +0.000 +0.000 +0.000 +0.000 +0.000 +0.000
 +0.000 +0.000 +0.000 +0.000 +0.000 +0.000 +0.000 +0.000 +0.000 +0.000
 +0.000 +0.000 +0.000 +0.000 +0.000 +0.000 +0.000 +0.000 +0.000 +0.000]
Dual variables:     [+1.685 +1.078]

Primal objective:   -1.23935856e+00
Dual objective:     -4.24341331e-02

Primal residual:    6.11e-01
Dual residual:      1.29e-03
Complementraty:     3.06e-01

Number of Iter:     12
Run time:           5.09
