
--------------- Linear optimization problem characteristics ---------------
Seed:                    42
Number of variables:     100
Number of constraints:   2

Norm of primal sol:      2.00e+00
Norm of dual sol:        2.00e+00
Norm of dual slacks:     2.00e+00

Norm of vector b:        2.40e-01
Norm of vector c:        2.50e+00

Norm of matrix A:        1.00e+00
Condition number:        2.00e+00

----------------------- Linear optimization problem -----------------------
Coeff matrix A:          [[+0.084 -0.004 +0.028 +0.076 +0.062 +0.027 -0.034 +0.004 +0.044 -0.066
 -0.058 +0.120 -0.024 -0.069 +0.083 +0.111 +0.038 +0.091 -0.067 -0.036
 +0.023 +0.085 +0.048 -0.017 +0.061 +0.090 +0.096 +0.048 +0.056 +0.038
 -0.053 +0.079 +0.125 -0.039 -0.037 -0.017 +0.003 +0.121 -0.044 -0.096
 -0.012 -0.042 -0.051 +0.054 +0.061 -0.017 +0.027 -0.023 +0.020 -0.053
 +0.010 +0.103 -0.016 +0.110 -0.017 -0.012 +0.052 +0.044 +0.099 -0.033
 +0.011 -0.012 +0.074 -0.067 +0.088 -0.024 -0.037 +0.082 +0.043 +0.120
 -0.061 -0.011 +0.029 +0.128 -0.113 -0.040 -0.067 -0.059 -0.010 -0.052
 -0.047 +0.051 +0.082 -0.107 -0.071 +0.031 -0.008 -0.069 -0.061 -0.044
 +0.054 -0.084 +0.060 +0.024 -0.026 -0.010 -0.024 +0.016 -0.078 -0.112]
                          [+0.013 -0.085 -0.129 -0.050 -0.144 +0.102 -0.124 +0.021 -0.029 +0.067
 -0.033 -0.130 +0.143 +0.115 +0.079 -0.101 -0.141 -0.080 +0.029 -0.039
 +0.086 -0.088 +0.118 -0.007 +0.080 -0.111 -0.051 +0.043 -0.117 -0.114
 +0.147 +0.039 -0.164 -0.018 -0.009 +0.073 -0.071 -0.122 -0.106 +0.006
 +0.056 -0.113 +0.131 -0.031 -0.090 -0.110 -0.097 +0.129 +0.033 +0.019
 +0.042 -0.046 +0.069 -0.158 +0.023 -0.093 -0.121 -0.057 -0.142 -0.105
 -0.056 +0.139 -0.112 -0.118 +0.050 +0.093 -0.033 -0.032 +0.030 -0.160
 +0.143 +0.112 -0.075 -0.172 +0.153 +0.011 +0.029 +0.068 +0.035 +0.139
 +0.138 +0.090 +0.016 +0.114 +0.069 +0.012 -0.103 +0.107 +0.107 +0.048
 +0.076 +0.066 -0.099 -0.070 -0.073 -0.032 -0.123 +0.029 -0.025 +0.075]]

RHS vector b:            [+0.146 -0.190]
Obj vector c:            [-0.155 -0.040 -0.126 -0.174 -0.200 +0.005 -0.005 +0.004 -0.101 +0.165
 +0.093 -0.303 +0.126 +0.197 -0.115 -0.270 -0.152 -0.219 +0.145 +0.048
 +0.004 -0.213 -0.025 +0.029 -0.073 -0.236 -0.212 -0.068 -0.173 -0.136
 +0.185 -0.131 -0.331 +0.065 +0.066 +0.074 -0.047 -0.300 +0.024 +0.188
 +0.055 +0.017 +0.172 -0.121 -0.167 -0.029 -0.106 +0.116 +1.979 +0.112
 +0.005 -0.224 +0.069 -0.300 +0.047 -0.030 -0.167 -0.117 -0.270 +0.004
 -0.052 +0.101 -0.205 +0.064 -0.141 +0.098 +0.053 -0.175 -0.066 -0.320
 +0.197 +0.084 -0.077 -0.341 +0.303 +0.084 +0.144 +0.151 +0.038 +0.177
 +0.168 -0.047 -0.148 +0.268 +0.174 -0.054 -0.042 +0.192 +0.177 +0.111
 -0.062 +0.199 -0.171 -0.085 +0.009 +0.001 -0.022 -0.015 +0.135 +0.256]

---------------------------- Optimal solution -----------------------------
Primal variables:         [+0.135 +0.344 +0.265 +0.217 +0.056 +0.056 +0.021 +0.313 +0.217 +0.256
 +0.007 +0.351 +0.301 +0.077 +0.066 +0.066 +0.110 +0.190 +0.156 +0.105
 +0.221 +0.050 +0.106 +0.133 +0.165 +0.284 +0.072 +0.186 +0.214 +0.017
 +0.220 +0.062 +0.024 +0.343 +0.349 +0.292 +0.110 +0.035 +0.248 +0.159
 +0.044 +0.179 +0.012 +0.329 +0.094 +0.240 +0.113 +0.188 +0.000 +0.067
 +0.351 +0.280 +0.340 +0.324 +0.216 +0.333 +0.032 +0.071 +0.016 +0.118
 +0.141 +0.098 +0.300 +0.129 +0.102 +0.196 +0.051 +0.290 +0.027 +0.357
 +0.279 +0.072 +0.000 +0.295 +0.256 +0.264 +0.279 +0.027 +0.130 +0.042
 +0.312 +0.225 +0.120 +0.023 +0.112 +0.118 +0.264 +0.231 +0.321 +0.171
 +0.043 +0.258 +0.275 +0.203 +0.279 +0.179 +0.189 +0.155 +0.009 +0.039]
Dual slacks:              [+0.000 +0.000 +0.000 +0.000 +0.000 +0.000 +0.000 +0.000 +0.000 +0.000
 +0.000 +0.000 +0.000 +0.000 +0.000 +0.000 +0.000 +0.000 +0.000 +0.000
 +0.000 +0.000 +0.000 +0.000 +0.000 +0.000 +0.000 +0.000 +0.000 +0.000
 +0.000 +0.000 +0.000 +0.000 +0.000 +0.000 +0.000 +0.000 +0.000 +0.000
 +0.000 +0.000 +0.000 +0.000 +0.000 +0.000 +0.000 +0.000 +2.000 +0.000
 +0.000 +0.000 +0.000 +0.000 +0.000 +0.000 +0.000 +0.000 +0.000 +0.000
 +0.000 +0.000 +0.000 +0.000 +0.000 +0.000 +0.000 +0.000 +0.000 +0.000
 +0.000 +0.000 +0.020 +0.000 +0.000 +0.000 +0.000 +0.000 +0.000 +0.000
 +0.000 +0.000 +0.000 +0.000 +0.000 +0.000 +0.000 +0.000 +0.000 +0.000
 +0.000 +0.000 +0.000 +0.000 +0.000 +0.000 +0.000 +0.000 +0.000 +0.000]
Dual variables:           [-1.920 +0.559]

Optimal objective:       -3.86563083e-01
===========================================================================

Method:                  II-QIPM
LO_Precision:            1.00e-01
Stop_Precision:          1.00e-03
LO_Verbosity:            2
Omega:                   1.00e+01

The Quantum Inexact Infeasible Interior-Point Method starts running ...


                  Objective                Residual                                Linear system           Step-length
Iter      Primal           Dual         Primal    Dual     Compl    ||Resl||  Cond-Num  ||M||   ||RHS||    a-star   a-hat      Time
   0   1.06715207e+01 -2.79631019e+00  4.26e+00 3.44e+01  3.67e+03 *0.00e+00  4.00e+00 1.00e+00 1.50e+01  7.68e-01 6.56e-01      0s
   1   1.13224734e+01 -2.02951559e+00  2.74e+00 2.22e+01  2.45e+03  4.06e-01  4.18e+00 3.29e+00 2.49e+01  8.81e-01 3.55e-01      1s
   2   1.02985410e+01 -1.09031059e+00  1.20e+00 9.03e+00  1.06e+03  6.70e-01  4.26e+00 5.48e+00 3.07e+01  9.51e-01 5.93e-01      1s
   3   5.04245830e+00 -3.85839612e-01  9.72e-01 2.03e-01  3.03e+01  9.83e-01  4.32e+00 1.49e+01 3.79e+01  9.90e-01 9.78e-01      1s
   4   4.43089512e+00 -3.85839612e-01  3.72e+00 1.75e-01  2.65e+01  2.14e+01  3.68e+00 6.34e+02 2.14e+01  5.33e-01 1.37e-01      1s
   5   4.32204027e+00 -3.85839612e-01  4.63e+00 1.69e-01  2.56e+01  2.97e+01  3.51e+00 7.65e+02 2.97e+01  4.58e-01 3.54e-02      2s
   6   4.23908080e+00 -3.85839612e-01  5.50e+00 1.63e-01  2.49e+01  3.24e+01  3.46e+00 8.03e+02 3.24e+01  4.39e-01 3.12e-02      2s
   7   4.17610015e+00 -3.85839612e-01  6.33e+00 1.59e-01  2.43e+01  3.51e+01  3.41e+00 8.40e+02 3.51e+01  4.21e-01 2.80e-02      2s
   8   4.12943498e+00 -3.85839612e-01  7.12e+00 1.55e-01  2.37e+01  3.76e+01  3.36e+00 8.74e+02 3.76e+01  4.04e-01 2.53e-02      2s
   9   4.09638454e+00 -3.85839612e-01  7.87e+00 1.51e-01  2.32e+01  4.02e+01  3.31e+00 9.08e+02 4.02e+01  3.88e-01 2.29e-02      3s
  10   4.07459838e+00 -3.85839612e-01  8.60e+00 1.48e-01  2.28e+01  4.27e+01  3.27e+00 9.40e+02 4.27e+01  3.74e-01 2.08e-02      3s
  11   4.06233388e+00 -3.85839612e-01  9.29e+00 1.45e-01  2.24e+01  4.51e+01  3.23e+00 9.71e+02 4.51e+01  3.61e-01 1.91e-02      3s
  12   4.05815164e+00 -3.85839612e-01  9.96e+00 1.43e-01  2.20e+01  4.76e+01  3.19e+00 1.00e+03 4.76e+01  3.48e-01 1.75e-02      4s
  13   4.06086209e+00 -3.85839612e-01  1.06e+01 1.40e-01  2.17e+01  5.00e+01  3.15e+00 1.03e+03 5.00e+01  3.37e-01 1.61e-02      4s
  14   4.06948478e+00 -3.85839612e-01  1.12e+01 1.38e-01  2.14e+01  5.23e+01  3.12e+00 1.06e+03 5.23e+01  3.26e-01 1.49e-02      4s
  15   4.08322265e+00 -3.85839612e-01  1.18e+01 1.36e-01  2.12e+01  5.47e+01  3.09e+00 1.09e+03 5.47e+01  3.16e-01 1.38e-02      5s
  16   4.10138104e+00 -3.85839612e-01  1.24e+01 1.35e-01  2.09e+01  5.70e+01  3.06e+00 1.12e+03 5.70e+01  3.06e-01 1.28e-02      5s
  17   4.12340873e+00 -3.85839612e-01  1.30e+01 1.33e-01  2.07e+01  5.93e+01  3.03e+00 1.14e+03 5.93e+01  2.97e-01 1.20e-02      5s
  18   4.14881479e+00 -3.85839612e-01  1.35e+01 1.32e-01  2.05e+01  6.16e+01  3.01e+00 1.17e+03 6.16e+01  2.89e-01 1.12e-02      6s
  19   3.20373911e-01 -3.86991517e-01  2.67e+00 2.60e-02  4.45e+00  1.77e-01  2.98e+00 1.19e+03 6.39e+01  8.74e-01 8.02e-01      6s
  20  -3.65777844e-01 -3.86675101e-01  4.49e-01 4.48e-03  8.45e-01 *7.42e-02  4.04e+00 5.63e+03 1.84e+01  9.81e-01 8.28e-01      6s
  21  -5.01137726e-01 -3.86573943e-01  6.47e-02 3.22e-04  6.85e-02  6.69e-02  4.02e+00 3.69e+04 3.08e+01  9.66e-01 9.28e-01      6s

The algorithm stopped after 22 iterations in 6.12 seconds.

Primal variables:   [+15.303 +17.861 +16.628 +15.297 +15.568 +17.427 +17.492 +17.787 +16.299
 +21.144 +20.299 +13.953 +19.504 +21.523 +15.774 +14.237 +16.272 +14.821
 +21.062 +19.305 +17.437 +14.967 +16.987 +18.576 +16.309 +14.783 +14.760
 +16.440 +15.806 +16.381 +20.868 +15.571 +13.786 +19.512 +19.420 +18.781
 +17.642 +13.943 +18.255 +22.712 +18.516 +17.907 +20.652 +15.990 +15.683
 +18.000 +16.769 +19.351 +0.004 +20.272 +17.652 +14.578 +18.721 +14.178
 +18.636 +18.075 +15.922 +16.252 +14.504 +18.337 +17.408 +19.024 +15.247
 +13.907 +15.435 +19.155 +19.370 +15.189 +16.527 +13.913 +21.237 +18.771
 +0.183 +13.702 +25.375 +19.639 +21.045 +20.716 +18.353 +20.729 +20.494
 +16.661 +15.387 +24.350 +21.414 +16.819 +17.884 +21.468 +21.006 +19.899
 +16.460 +22.283 +15.692 +16.915 +18.712 +18.220 +17.700 +17.372 +21.288
 +24.582]
Dual slacks:        [+0.000 +0.000 +0.000 +0.000 +0.000 +0.000 +0.000 +0.000 +0.000 +0.000
 +0.000 +0.000 +0.000 +0.000 +0.000 +0.000 +0.000 +0.000 +0.000 +0.000
 +0.000 +0.000 +0.000 +0.000 +0.000 +0.000 +0.000 +0.000 +0.000 +0.000
 +0.000 +0.000 +0.000 +0.000 +0.000 +0.000 +0.000 +0.000 +0.000 +0.000
 +0.000 +0.000 +0.000 +0.000 +0.000 +0.000 +0.000 +0.000 +2.000 +0.000
 +0.000 +0.000 +0.000 +0.000 +0.000 +0.000 +0.000 +0.000 +0.000 +0.000
 +0.000 +0.000 +0.000 +0.000 +0.000 +0.000 +0.000 +0.000 +0.000 +0.000
 +0.000 +0.000 +0.020 +0.000 +0.000 +0.000 +0.000 +0.000 +0.000 +0.000
 +0.000 +0.000 +0.000 +0.000 +0.000 +0.000 +0.000 +0.000 +0.000 +0.000
 +0.000 +0.000 +0.000 +0.000 +0.000 +0.000 +0.000 +0.000 +0.000 +0.000]
Dual variables:     [-1.920 +0.559]

Primal objective:   -5.01137726e-01
Dual objective:     -3.86573943e-01

Primal residual:    6.47e-02
Dual residual:      3.22e-04
Complementraty:     6.85e-02

Number of Iter:     22
Run time:           6.12
