
--------------- Linear optimization problem characteristics ---------------
Seed:                    15
Number of variables:     100
Number of constraints:   2

Norm of primal sol:      2.00e+00
Norm of dual sol:        2.00e+00
Norm of dual slacks:     2.00e+00

Norm of vector b:        5.19e-02
Norm of vector c:        2.99e+00

Norm of matrix A:        1.00e+00
Condition number:        2.00e+00

----------------------- Linear optimization problem -----------------------
Coeff matrix A:          [[-0.139 +0.066 -0.026 +0.150 +0.059 -0.055 +0.135 +0.179 -0.059 +0.026
 -0.051 +0.123 +0.032 -0.046 +0.094 -0.174 -0.020 +0.033 +0.014 -0.144
 -0.005 +0.030 +0.044 -0.087 -0.097 +0.116 +0.083 -0.048 +0.007 +0.116
 +0.138 -0.000 +0.155 -0.044 -0.106 -0.112 +0.030 -0.143 +0.097 +0.175
 +0.129 -0.088 +0.021 +0.024 +0.058 +0.079 +0.047 +0.063 -0.051 +0.116
 +0.105 +0.020 +0.081 -0.080 -0.125 -0.111 -0.122 -0.081 -0.134 +0.153
 +0.024 -0.053 +0.131 +0.119 +0.028 +0.082 +0.084 +0.128 -0.081 +0.062
 +0.054 +0.121 -0.032 +0.086 -0.163 +0.065 -0.011 +0.120 +0.079 +0.034
 -0.099 -0.088 -0.078 -0.040 -0.102 -0.015 -0.070 +0.122 -0.043 -0.157
 +0.113 -0.100 +0.123 -0.063 +0.097 -0.120 +0.061 -0.145 -0.106 +0.046]
                          [+0.053 +0.016 +0.074 -0.043 +0.059 -0.039 -0.004 -0.128 -0.044 -0.076
 -0.012 -0.006 -0.089 +0.028 -0.083 +0.099 -0.079 -0.083 -0.059 +0.052
 -0.010 +0.017 +0.031 +0.062 -0.042 -0.004 +0.008 -0.047 +0.025 -0.025
 +0.014 -0.087 -0.021 +0.019 +0.079 +0.092 -0.039 +0.116 -0.107 -0.122
 +0.001 -0.036 +0.050 -0.052 +0.035 -0.058 -0.073 -0.050 +0.095 -0.027
 -0.067 +0.037 +0.010 +0.019 +0.050 +0.066 +0.054 -0.031 -0.032 -0.102
 +0.007 +0.059 +0.024 -0.105 +0.037 -0.085 +0.064 -0.057 +0.030 +0.036
 +0.020 +0.069 +0.036 -0.018 +0.056 +0.015 -0.051 -0.045 +0.044 +0.032
 +0.085 +0.018 +0.052 -0.041 -0.078 -0.008 +0.055 -0.050 -0.075 +0.089
 +0.029 +0.107 +0.039 -0.030 +0.073 +0.039 +0.019 +0.106 +0.112 -0.104]]

RHS vector b:            [+0.051 +0.009]
Obj vector c:            [+0.282 -0.081 +0.134 -0.286 -0.016 +0.036 -0.213 -0.439 +0.036 -0.136
 +0.064 -0.196 -0.163 +0.106 -0.252 +0.394 -0.069 -0.156 -0.097 +0.287
 -0.005 -0.025 -0.029 +0.213 +0.095 -0.184 -0.117 +0.014 +0.021 -0.210
 -0.194 -0.110 -0.266 +0.093 +0.264 +0.290 -0.096 +1.916 -0.286 -0.425
 -0.198 +0.091 +0.031 -0.104 -0.045 -0.195 -0.165 -0.161 +0.199 -0.213
 -0.246 +1.283 -0.112 +0.147 +0.257 +0.255 +0.256 +0.085 +0.166 -0.366
 -0.027 +0.157 -0.172 -0.318 +0.004 -0.235 -0.048 -0.270 +0.163 -0.051
 -0.058 -0.100 +0.095 -0.156 +0.324 -0.081 -0.048 -0.242 -0.066 -0.012
 +0.260 +0.159 +0.186 +0.009 +0.058 +0.012 +0.178 -0.252 -0.028 +0.356
 -0.138 +0.292 -0.141 +0.059 -0.056 +0.235 -0.070 +0.359 +0.306 -0.203]

---------------------------- Optimal solution -----------------------------
Primal variables:         [+0.325 +0.068 +0.021 +0.138 +0.105 +0.203 +0.117 +0.116 +0.043 +0.096
 +0.351 +0.101 +0.275 +0.331 +0.309 +0.081 +0.064 +0.018 +0.015 +0.077
 +0.382 +0.143 +0.291 +0.181 +0.195 +0.361 +0.042 +0.178 +0.054 +0.206
 +0.114 +0.206 +0.255 +0.139 +0.238 +0.246 +0.161 +0.000 +0.149 +0.155
 +0.030 +0.022 +0.030 +0.266 +0.011 +0.191 +0.051 +0.012 +0.245 +0.171
 +0.373 +0.000 +0.075 +0.262 +0.134 +0.295 +0.303 +0.170 +0.103 +0.009
 +0.142 +0.037 +0.278 +0.176 +0.199 +0.262 +0.163 +0.231 +0.315 +0.173
 +0.340 +0.084 +0.041 +0.005 +0.351 +0.243 +0.084 +0.209 +0.352 +0.335
 +0.049 +0.116 +0.113 +0.218 +0.284 +0.126 +0.232 +0.197 +0.352 +0.077
 +0.001 +0.027 +0.161 +0.191 +0.219 +0.337 +0.077 +0.161 +0.357 +0.139]
Dual slacks:              [+0.000 +0.000 +0.000 +0.000 +0.000 +0.000 +0.000 +0.000 +0.000 +0.000
 +0.000 +0.000 +0.000 +0.000 +0.000 +0.000 +0.000 +0.000 +0.000 +0.000
 +0.000 +0.000 +0.000 +0.000 +0.000 +0.000 +0.000 +0.000 +0.000 +0.000
 +0.000 +0.000 +0.000 +0.000 +0.000 +0.000 +0.000 +1.548 +0.000 +0.000
 +0.000 +0.000 +0.000 +0.000 +0.000 +0.000 +0.000 +0.000 +0.000 +0.000
 +0.000 +1.266 +0.000 +0.000 +0.000 +0.000 +0.000 +0.000 +0.000 +0.000
 +0.000 +0.000 +0.000 +0.000 +0.000 +0.000 +0.000 +0.000 +0.000 +0.000
 +0.000 +0.000 +0.000 +0.000 +0.000 +0.000 +0.000 +0.000 +0.000 +0.000
 +0.000 +0.000 +0.000 +0.000 +0.000 +0.000 +0.000 +0.000 +0.000 +0.000
 +0.000 +0.000 +0.000 +0.000 +0.000 +0.000 +0.000 +0.000 +0.000 +0.000]
Dual variables:           [-1.543 +1.272]

Optimal objective:       -6.77877561e-02
===========================================================================

Method:                  II-QIPM
LO_Precision:            1.00e-01
Stop_Precision:          1.00e-03
LO_Verbosity:            2
Omega:                   1.00e+01

The Quantum Inexact Infeasible Interior-Point Method starts running ...


                  Objective                Residual                                Linear system           Step-length
Iter      Primal           Dual         Primal    Dual     Compl    ||Resl||  Cond-Num  ||M||   ||RHS||    a-star   a-hat      Time
   0   9.21333857e+00  0.00000000e+00  1.11e+01 7.96e+00  8.77e+02  1.13e+01  4.00e+00 1.00e+00 1.13e+01  9.58e-01 9.20e-01      0s
   1   1.08721245e+01 -1.01796388e-01  2.99e+00 2.12e+00  2.57e+02 *1.03e-01  4.19e+00 1.55e+01 4.47e+01  8.28e-01 7.34e-01      0s
   2   1.07293483e+01 -1.01796388e-01  2.38e+00 2.03e+00  2.47e+02  1.57e+01  3.50e+00 5.26e+01 1.57e+01  4.59e-01 4.31e-02      1s
   3   1.06695002e+01 -1.01796388e-01  1.99e+00 1.97e+00  2.40e+02  1.79e+01  3.43e+00 5.56e+01 1.79e+01  4.35e-01 3.04e-02      1s
   4   1.06434125e+01 -1.01796388e-01  1.73e+00 1.91e+00  2.34e+02  1.96e+01  3.37e+00 5.79e+01 1.96e+01  4.17e-01 2.73e-02      1s
   5   1.06436069e+01 -1.01796388e-01  1.63e+00 1.87e+00  2.29e+02  2.13e+01  3.31e+00 6.00e+01 2.13e+01  4.01e-01 2.47e-02      2s
   6   1.06644315e+01 -1.01796388e-01  1.70e+00 1.82e+00  2.24e+02  2.30e+01  3.26e+00 6.20e+01 2.30e+01  3.86e-01 2.24e-02      2s
   7   1.07015626e+01 -1.01796388e-01  1.90e+00 1.79e+00  2.20e+02  2.47e+01  3.21e+00 6.39e+01 2.47e+01  3.72e-01 2.04e-02      2s
   8   1.07516513e+01 -1.01796388e-01  2.18e+00 1.75e+00  2.17e+02  2.63e+01  3.16e+00 6.58e+01 2.63e+01  3.59e-01 1.87e-02      3s
   9   1.08120386e+01 -1.01796388e-01  2.50e+00 1.72e+00  2.13e+02  2.79e+01  3.11e+00 6.76e+01 2.79e+01  3.46e-01 1.72e-02      3s
  10   1.08806108e+01 -1.01796388e-01  2.85e+00 1.70e+00  2.10e+02  2.95e+01  3.06e+00 6.93e+01 2.95e+01  3.35e-01 1.58e-02      4s
  11   1.09558368e+01 -1.01796388e-01  3.20e+00 1.67e+00  2.07e+02  3.10e+01  3.01e+00 7.09e+01 3.10e+01  3.24e-01 1.47e-02      4s
  12   3.10972041e+00 -6.70853115e-02  3.55e-01 2.07e-01  2.93e+01  1.50e-01  2.97e+00 7.25e+01 3.26e+01  9.26e-01 8.76e-01      4s
  13  -2.59263793e-01 -6.77360425e-02  9.33e-01 7.94e-03  1.31e+00  9.84e-01  4.35e+00 6.78e+02 2.69e+01  9.79e-01 9.62e-01      4s
  14  -3.76332735e+00 -6.77360425e-02  2.44e+00 7.35e-03  1.22e+00  2.53e+01  3.88e+00 1.76e+04 2.53e+01  6.88e-01 7.39e-02      5s
  15  -3.76386729e+00 -6.77360425e-02  2.44e+00 7.35e-03  1.22e+00  2.96e+01  3.90e+00 1.94e+04 2.96e+01  6.63e-01 1.04e-05      5s

The solution quality is limited by the precision of the linear system solver.

The algorithm stopped after 16 iterations in 5.36 seconds.

Primal variables:   [+16.160 +13.422 +14.360 +12.195 +13.288 +15.993 +12.290 +12.038 +16.140
 +15.018 +15.556 +12.548 +15.057 +14.988 +13.796 +16.153 +15.855 +14.982
 +15.019 +16.260 +14.765 +13.965 +13.659 +15.250 +16.842 +12.660 +13.189
 +15.964 +14.248 +12.823 +12.145 +15.598 +11.936 +15.058 +15.360 +15.340
 +14.506 +0.058 +13.990 +12.143 +12.369 +16.587 +13.873 +14.756 +13.424
 +13.845 +14.608 +14.050 +14.580 +12.838 +13.413 +0.074 +13.203 +15.623
 +15.955 +15.547 +15.864 +16.367 +17.465 +12.603 +14.152 +14.809 +12.236
 +13.487 +13.859 +14.068 +12.914 +12.821 +15.502 +13.354 +13.582 +12.302
 +14.707 +13.333 +16.548 +13.439 +15.365 +12.896 +13.046 +13.796 +15.223
 +15.778 +15.223 +15.747 +16.718 +14.906 +15.066 +12.884 +16.211 +15.997
 +12.540 +15.130 +12.328 +16.015 +12.694 +16.032 +13.479 +15.696 +15.186
 +14.977]
Dual slacks:        [+0.001 +0.001 +0.001 +0.001 +0.001 +0.001 +0.001 +0.001 +0.001 +0.001
 +0.001 +0.001 +0.001 +0.001 +0.001 +0.001 +0.001 +0.001 +0.001 +0.001
 +0.001 +0.001 +0.001 +0.001 +0.001 +0.001 +0.001 +0.001 +0.001 +0.001
 +0.001 +0.001 +0.001 +0.001 +0.001 +0.001 +0.001 +1.549 +0.001 +0.001
 +0.001 +0.001 +0.001 +0.001 +0.001 +0.001 +0.001 +0.001 +0.001 +0.001
 +0.001 +1.267 +0.001 +0.001 +0.001 +0.001 +0.001 +0.001 +0.001 +0.001
 +0.001 +0.001 +0.001 +0.001 +0.001 +0.001 +0.001 +0.001 +0.001 +0.001
 +0.001 +0.001 +0.001 +0.001 +0.001 +0.001 +0.001 +0.001 +0.001 +0.001
 +0.001 +0.001 +0.001 +0.001 +0.001 +0.001 +0.001 +0.001 +0.001 +0.001
 +0.001 +0.001 +0.001 +0.001 +0.001 +0.001 +0.001 +0.001 +0.001 +0.001]
Dual variables:     [-1.542 +1.272]

Primal objective:   -3.76386729e+00
Dual objective:     -6.77360425e-02

Primal residual:    2.44e+00
Dual residual:      7.35e-03
Complementraty:     1.22e+00

Number of Iter:     16
Run time:           5.36
