
--------------- Linear optimization problem characteristics ---------------
Seed:                    7
Number of variables:     1000
Number of constraints:   2

Norm of primal sol:      2.00e+00
Norm of dual sol:        2.00e+00
Norm of dual slacks:     2.00e+00

Norm of vector b:        1.26e-01
Norm of vector c:        2.79e+00

Norm of matrix A:        1.00e+00
Condition number:        2.00e+00

----------------------- Linear optimization problem -----------------------
Coeff matrix A:          [[-0.043 -0.028 +0.005 -0.026 -0.007 -0.011 +0.029 -0.018 -0.023 +0.057
 -0.027 +0.017 +0.014 -0.017 +0.032 +0.026 -0.010 -0.023 -0.044 +0.038
 +0.044 -0.016 -0.023 +0.012 +0.031 +0.036 +0.034 +0.027 +0.015 -0.048
 -0.001 +0.024 -0.027 -0.021 -0.014 +0.004 -0.046 +0.020 +0.021 -0.022
 -0.032 -0.030 -0.010 +0.045 -0.015 +0.041 -0.039 -0.032 +0.006 -0.037
 -0.040 +0.024 -0.015 +0.016 -0.028 -0.019 +0.041 +0.007 -0.044 -0.014
 -0.038 -0.041 +0.010 -0.046 -0.036 -0.042 -0.046 -0.006 -0.042 -0.020
 -0.013 -0.033 -0.036 -0.042 +0.049 -0.020 -0.005 +0.029 +0.030 +0.014
 +0.044 +0.010 -0.041 +0.018 -0.001 +0.035 -0.031 +0.011 -0.046 -0.008
 -0.024 -0.043 +0.028 +0.036 -0.023 +0.016 +0.047 +0.012 -0.012 +0.022
 -0.005 +0.011 +0.022 -0.022 +0.014 +0.001 +0.017 -0.023 +0.022 -0.031
 -0.002 -0.004 -0.057 +0.032 +0.010 -0.038 +0.044 +0.026 +0.043 +0.019
 +0.006 +0.031 -0.014 -0.012 -0.022 -0.026 +0.046 -0.005 -0.001 -0.006
 -0.011 -0.030 +0.044 +0.022 -0.002 +0.009 +0.033 -0.017 -0.017 -0.002
 -0.001 +0.035 +0.043 +0.044 +0.016 +0.003 -0.040 +0.052 +0.043 +0.009
 +0.020 +0.042 -0.024 +0.015 +0.044 -0.022 -0.043 +0.047 +0.032 -0.050
 +0.007 +0.021 +0.020 +0.008 +0.005 +0.008 +0.006 -0.046 -0.036 -0.023
 +0.045 -0.007 +0.007 +0.045 -0.035 -0.028 -0.025 +0.043 +0.016 -0.046
 -0.051 -0.036 +0.040 -0.014 +0.044 +0.039 +0.056 +0.002 -0.030 +0.010
 +0.047 +0.052 -0.015 +0.001 +0.036 -0.009 -0.023 -0.019 -0.003 -0.030
 +0.032 +0.017 +0.053 +0.018 +0.002 -0.034 -0.036 +0.043 +0.018 -0.045
 +0.001 +0.032 +0.031 +0.030 +0.040 +0.002 +0.015 -0.051 +0.022 -0.001
 -0.030 -0.028 +0.028 -0.024 -0.014 -0.018 +0.029 -0.029 -0.048 -0.027
 +0.025 -0.048 +0.008 -0.001 -0.015 -0.010 +0.010 -0.050 -0.017 -0.003
 -0.031 +0.004 -0.025 -0.041 -0.047 -0.010 +0.015 +0.028 -0.002 -0.043
 +0.014 +0.041 -0.053 -0.015 -0.048 +0.010 -0.049 +0.050 -0.004 +0.006
 -0.012 -0.023 -0.053 +0.031 -0.021 -0.032 -0.008 -0.038 -0.017 -0.022
 +0.045 +0.037 -0.022 +0.039 -0.052 +0.008 +0.042 -0.028 -0.040 +0.038
 +0.019 +0.046 -0.037 -0.036 -0.041 -0.011 -0.046 +0.009 -0.039 -0.011
 -0.000 -0.042 +0.016 +0.054 -0.018 +0.004 -0.005 +0.042 +0.037 +0.042
 -0.006 -0.014 -0.050 -0.051 +0.054 +0.008 -0.010 -0.034 +0.047 -0.055
 +0.015 +0.007 +0.021 +0.019 +0.021 +0.005 -0.002 +0.034 -0.044 -0.030
 +0.032 +0.036 +0.016 -0.050 +0.037 +0.051 +0.001 -0.011 -0.008 +0.005
 -0.030 -0.040 +0.051 +0.003 -0.006 -0.026 -0.051 -0.039 -0.045 +0.019
 +0.036 +0.044 +0.045 -0.044 -0.051 +0.027 -0.017 +0.039 +0.004 -0.008
 -0.011 -0.019 +0.002 -0.027 +0.048 +0.034 +0.031 +0.048 +0.024 +0.044
 +0.024 +0.004 -0.056 -0.001 +0.007 +0.023 +0.031 +0.012 -0.042 -0.046
 +0.035 +0.037 -0.006 -0.037 -0.038 -0.039 +0.038 -0.003 -0.009 +0.040
 -0.024 +0.005 +0.001 -0.016 -0.032 -0.003 -0.040 -0.015 -0.018 -0.034
 +0.055 +0.018 +0.042 +0.039 -0.028 -0.036 +0.047 -0.007 +0.018 +0.034
 -0.017 +0.012 -0.016 -0.023 -0.046 -0.025 -0.027 +0.023 -0.002 +0.024
 -0.023 -0.030 +0.006 -0.027 +0.021 -0.008 -0.029 +0.031 -0.025 +0.019
 -0.007 -0.049 +0.016 +0.014 -0.048 -0.008 +0.003 +0.015 -0.027 +0.004
 +0.044 -0.056 +0.023 -0.023 -0.005 -0.019 -0.012 -0.002 +0.047 +0.040
 +0.050 +0.048 -0.012 +0.035 +0.042 -0.036 +0.017 +0.013 -0.033 +0.011
 +0.018 +0.018 -0.047 +0.052 -0.011 +0.026 -0.032 +0.010 -0.043 +0.013
 +0.017 -0.020 +0.024 +0.000 -0.047 -0.046 -0.043 -0.015 +0.038 -0.012
 +0.039 +0.011 +0.026 +0.022 -0.027 +0.033 -0.016 +0.038 -0.047 -0.047
 -0.031 +0.024 -0.042 -0.006 -0.006 -0.003 -0.021 +0.036 -0.009 -0.028
 +0.009 -0.038 +0.010 -0.040 +0.044 -0.052 -0.013 -0.027 +0.012 -0.010
 -0.012 -0.010 +0.019 -0.021 -0.023 -0.022 -0.042 +0.011 +0.042 +0.039
 +0.047 -0.036 +0.018 -0.045 +0.029 +0.044 +0.003 +0.050 -0.009 +0.007
 -0.021 +0.041 +0.014 -0.003 -0.016 +0.029 -0.042 +0.016 -0.046 -0.028
 -0.046 -0.002 +0.054 -0.036 -0.044 -0.005 -0.055 -0.020 -0.002 -0.049
 +0.039 -0.010 +0.004 -0.040 +0.041 -0.037 -0.010 -0.049 -0.037 -0.044
 -0.014 -0.043 -0.011 +0.004 -0.035 +0.020 -0.046 +0.016 +0.029 +0.010
 -0.055 -0.052 -0.051 -0.047 -0.002 +0.040 -0.013 +0.034 -0.025 +0.043
 -0.018 -0.035 -0.031 -0.037 -0.036 +0.046 +0.023 -0.045 +0.010 -0.005
 -0.044 +0.059 -0.024 +0.005 -0.018 -0.009 +0.051 +0.025 -0.032 +0.017
 +0.002 -0.034 +0.002 -0.031 +0.038 -0.029 -0.045 +0.043 -0.036 +0.027
 +0.046 +0.020 +0.043 -0.024 -0.008 +0.017 -0.033 +0.055 +0.024 +0.016
 +0.004 +0.000 -0.034 -0.035 -0.032 -0.051 +0.019 -0.034 +0.045 -0.047
 -0.023 +0.044 +0.010 -0.002 +0.024 -0.016 -0.031 +0.048 +0.040 +0.031
 -0.029 -0.003 -0.039 -0.043 +0.049 -0.012 -0.036 +0.030 +0.011 +0.025
 -0.037 -0.010 -0.004 -0.023 -0.026 +0.042 +0.023 +0.004 -0.016 +0.019
 -0.005 -0.048 +0.015 +0.013 +0.055 +0.038 -0.044 -0.024 -0.052 -0.039
 -0.004 -0.033 -0.045 +0.008 +0.050 +0.033 -0.050 -0.029 -0.040 -0.012
 +0.048 -0.036 +0.024 -0.005 +0.007 +0.028 -0.018 -0.023 +0.028 -0.032
 -0.038 -0.012 -0.018 -0.021 -0.023 +0.033 -0.013 -0.019 +0.027 +0.040
 +0.021 +0.050 -0.035 +0.001 +0.037 +0.045 -0.036 +0.026 -0.036 -0.005
 +0.022 +0.024 -0.039 -0.031 +0.044 +0.008 +0.008 -0.027 -0.005 -0.017
 -0.037 -0.028 +0.005 +0.007 -0.004 -0.015 -0.002 +0.037 +0.049 +0.039
 -0.030 +0.019 +0.031 -0.019 +0.002 +0.032 +0.017 +0.029 -0.045 -0.048
 +0.022 +0.005 -0.033 -0.051 -0.026 +0.012 -0.006 +0.014 -0.030 +0.020
 -0.046 +0.046 -0.027 -0.048 +0.023 -0.026 -0.007 -0.044 -0.038 -0.006
 -0.020 +0.006 -0.020 -0.007 -0.049 +0.001 +0.015 +0.041 +0.015 -0.042
 -0.017 +0.031 +0.019 -0.048 -0.056 +0.006 -0.008 -0.037 -0.022 -0.013
 +0.023 -0.021 +0.030 +0.043 -0.034 +0.032 -0.047 -0.013 -0.039 -0.017
 -0.025 +0.027 +0.028 -0.014 -0.023 +0.052 -0.029 +0.003 +0.013 +0.010
 -0.041 -0.023 -0.034 +0.031 +0.026 +0.031 -0.002 -0.051 +0.044 -0.045
 -0.031 -0.043 -0.008 +0.015 +0.038 +0.005 -0.048 +0.045 -0.040 -0.033
 -0.022 +0.040 -0.015 +0.041 +0.014 -0.005 +0.027 -0.026 -0.021 +0.045
 +0.018 -0.016 +0.018 +0.022 +0.020 +0.007 +0.009 -0.022 -0.004 +0.047
 +0.042 -0.049 -0.026 -0.029 -0.022 -0.013 -0.017 -0.011 -0.026 +0.019
 -0.050 +0.044 -0.026 +0.041 +0.015 +0.041 -0.010 -0.024 +0.006 -0.027
 -0.015 +0.003 -0.034 +0.027 -0.000 +0.006 +0.020 +0.041 -0.032 -0.038
 -0.044 +0.051 -0.015 +0.030 -0.029 +0.040 -0.035 +0.023 -0.042 +0.041
 -0.005 +0.011 +0.018 -0.030 -0.011 -0.053 +0.032 +0.002 -0.031 -0.003
 -0.010 -0.033 -0.018 +0.017 -0.001 +0.044 +0.022 +0.035 -0.037 -0.005
 -0.030 -0.031 -0.025 +0.009 -0.014 -0.015 -0.012 +0.047 -0.002 +0.051
 +0.045 +0.005 +0.051 +0.054 +0.037 +0.015 -0.025 -0.035 -0.052 -0.029
 -0.004 -0.004 +0.022 -0.016 +0.013 -0.018 -0.025 +0.023 -0.029 +0.005
 -0.026 +0.023 -0.032 -0.047 +0.019 -0.008 +0.021 -0.044 +0.037 -0.044
 +0.043 +0.047 +0.026 -0.025 +0.016 +0.057 +0.018 +0.010 -0.045 -0.041
 +0.008 -0.005 +0.003 -0.027 -0.020 +0.034 -0.009 +0.045 -0.031 +0.002
 +0.015 +0.018 +0.038 +0.021 +0.025 -0.046 -0.042 -0.043 -0.026 +0.030
 +0.000 +0.021 +0.008 +0.014 -0.039 +0.035 +0.035 +0.024 +0.037 -0.007
 -0.015 -0.010 -0.021 +0.001 +0.014 +0.011 -0.038 +0.029 -0.045 -0.031
 -0.018 +0.027 -0.026 +0.033 +0.005 +0.020 -0.018 +0.055 +0.015 -0.043
 +0.036 -0.001 +0.042 +0.020 +0.055 +0.049 +0.013 +0.034 -0.049 +0.031]
                          [+0.021 +0.031 +0.014 +0.011 +0.018 +0.008 -0.006 +0.031 +0.003 -0.032
 -0.023 -0.010 -0.005 +0.006 -0.030 -0.001 +0.029 +0.018 +0.019 -0.005
 +0.016 -0.022 +0.020 +0.011 -0.012 -0.006 -0.026 -0.033 -0.012 -0.002
 +0.001 -0.013 +0.027 -0.018 +0.021 +0.002 -0.009 +0.019 -0.000 -0.020
 +0.027 -0.009 +0.006 +0.004 +0.017 +0.006 +0.026 +0.021 -0.019 +0.009
 +0.006 -0.025 -0.002 +0.014 +0.001 -0.003 -0.008 +0.003 +0.022 +0.023
 -0.007 -0.008 -0.012 +0.029 +0.029 -0.003 +0.027 +0.004 +0.034 +0.007
 +0.026 +0.008 -0.003 +0.027 -0.017 +0.020 +0.003 -0.015 -0.006 +0.022
 -0.019 -0.026 +0.030 -0.025 -0.016 -0.007 +0.021 +0.027 -0.011 -0.015
 +0.033 +0.010 +0.017 -0.014 -0.009 +0.020 -0.025 -0.016 -0.006 -0.013
 -0.019 -0.014 -0.023 +0.005 +0.009 +0.001 -0.028 +0.009 +0.009 -0.014
 -0.001 +0.029 +0.028 -0.008 -0.016 -0.014 -0.034 -0.020 -0.007 -0.003
 -0.020 -0.008 -0.001 +0.020 +0.028 +0.031 -0.008 +0.022 +0.007 -0.023
 -0.024 +0.011 +0.004 +0.006 -0.001 +0.004 +0.005 +0.015 -0.018 -0.001
 -0.010 -0.006 -0.013 -0.032 +0.015 +0.001 +0.028 -0.035 -0.031 -0.023
 +0.019 -0.006 +0.019 -0.027 +0.008 -0.022 +0.031 -0.007 +0.022 +0.016
 +0.005 -0.023 +0.005 +0.014 +0.006 +0.010 +0.022 +0.019 +0.014 +0.005
 -0.010 +0.014 +0.018 +0.006 -0.018 -0.010 +0.011 -0.003 +0.022 +0.036
 +0.031 +0.012 +0.007 +0.023 -0.028 -0.017 -0.037 +0.007 +0.030 -0.031
 -0.029 -0.026 +0.019 -0.008 -0.023 -0.006 -0.011 -0.012 +0.004 +0.015
 -0.020 +0.000 -0.036 +0.025 -0.024 +0.009 +0.035 -0.017 -0.015 +0.021
 -0.002 -0.019 -0.000 +0.015 +0.004 -0.016 +0.008 +0.033 -0.021 +0.009
 +0.005 +0.014 -0.026 -0.012 -0.007 +0.023 -0.011 -0.005 +0.022 -0.017
 -0.015 +0.010 -0.010 +0.006 +0.008 -0.020 -0.023 +0.025 -0.002 -0.020
 -0.020 -0.005 +0.024 -0.011 +0.037 -0.027 +0.003 +0.007 +0.002 -0.007
 -0.013 -0.003 +0.032 -0.002 -0.002 -0.007 +0.037 -0.022 -0.019 +0.022
 -0.020 +0.024 +0.016 +0.022 -0.008 +0.026 -0.023 +0.023 -0.008 +0.001
 +0.011 +0.002 +0.001 -0.018 +0.023 -0.003 -0.022 -0.002 +0.024 -0.032
 -0.013 +0.006 +0.012 +0.002 -0.014 -0.025 +0.001 +0.010 -0.008 +0.026
 +0.007 +0.004 +0.013 -0.020 +0.026 -0.008 -0.028 +0.022 -0.006 +0.017
 -0.022 -0.016 +0.007 +0.031 -0.033 +0.001 +0.017 -0.001 -0.010 +0.034
 -0.000 +0.010 +0.007 +0.021 -0.013 +0.002 -0.017 -0.015 +0.026 +0.032
 -0.015 +0.010 -0.000 +0.019 -0.014 -0.017 -0.017 +0.002 -0.025 +0.020
 -0.010 +0.014 -0.008 -0.009 +0.027 +0.025 +0.022 -0.016 +0.005 +0.006
 -0.029 +0.005 +0.012 +0.033 +0.008 -0.032 -0.015 +0.012 -0.021 +0.009
 +0.011 -0.000 +0.017 -0.018 -0.000 -0.012 +0.016 -0.014 -0.022 -0.016
 -0.002 -0.025 +0.030 +0.009 -0.012 +0.003 +0.024 +0.004 +0.001 +0.018
 +0.010 +0.005 -0.016 -0.023 -0.005 +0.002 +0.014 -0.024 +0.022 -0.032
 -0.007 -0.006 +0.025 +0.029 -0.022 -0.018 +0.003 -0.011 +0.030 +0.012
 -0.019 +0.003 +0.004 +0.015 +0.027 +0.001 +0.008 +0.029 -0.001 +0.008
 +0.002 -0.009 -0.015 -0.021 -0.003 -0.005 +0.008 +0.007 +0.013 +0.012
 +0.008 +0.005 +0.006 +0.016 +0.017 -0.013 +0.026 -0.023 -0.025 +0.015
 -0.015 +0.028 -0.011 -0.011 +0.029 +0.017 -0.027 +0.024 -0.013 +0.009
 +0.019 +0.029 -0.004 +0.030 +0.012 -0.012 +0.029 +0.004 -0.018 -0.010
 -0.026 -0.003 +0.006 -0.026 -0.012 -0.008 +0.021 -0.020 +0.012 +0.007
 +0.003 -0.010 -0.008 -0.037 -0.016 +0.014 -0.008 +0.000 -0.005 -0.028
 -0.007 +0.032 -0.010 -0.010 +0.012 -0.001 -0.009 -0.005 +0.018 -0.019
 -0.028 +0.013 -0.023 -0.025 -0.011 +0.018 +0.028 +0.020 -0.004 +0.031
 -0.021 -0.005 +0.010 -0.002 +0.029 +0.015 +0.002 +0.008 +0.017 -0.019
 -0.012 -0.004 +0.025 +0.027 -0.019 +0.037 -0.023 -0.006 -0.020 +0.003
 +0.026 +0.019 -0.030 -0.012 +0.020 -0.010 +0.025 +0.006 +0.005 +0.007
 -0.003 -0.013 +0.016 +0.011 +0.009 -0.035 -0.019 -0.004 +0.019 -0.009
 +0.018 -0.036 -0.029 +0.012 +0.031 -0.015 -0.003 -0.012 +0.012 -0.002
 -0.001 +0.016 -0.038 +0.028 +0.021 +0.028 +0.029 +0.021 -0.012 +0.024
 -0.000 -0.007 +0.018 +0.006 +0.022 +0.019 +0.024 +0.031 +0.011 +0.030
 +0.008 +0.007 +0.031 +0.011 +0.017 +0.026 +0.015 -0.032 +0.006 +0.006
 +0.022 +0.036 +0.022 +0.036 +0.017 +0.022 -0.002 -0.020 +0.007 +0.016
 +0.024 +0.015 -0.001 -0.008 -0.022 -0.012 -0.003 +0.035 +0.003 +0.005
 +0.005 -0.038 -0.009 +0.009 +0.015 +0.028 -0.009 +0.007 +0.023 +0.013
 -0.022 +0.028 +0.015 +0.015 -0.027 +0.031 +0.018 -0.025 +0.011 -0.025
 -0.033 +0.009 +0.007 +0.005 -0.020 -0.013 -0.018 -0.025 -0.029 +0.007
 +0.016 +0.001 +0.015 -0.015 +0.029 +0.013 -0.025 +0.007 -0.009 +0.029
 +0.018 -0.031 +0.007 -0.026 -0.004 +0.022 -0.014 +0.001 -0.012 -0.028
 +0.027 +0.013 -0.008 -0.011 -0.016 +0.015 +0.030 -0.004 -0.031 -0.033
 -0.009 +0.018 -0.019 +0.008 -0.024 -0.017 +0.006 +0.010 -0.026 -0.022
 -0.015 -0.007 -0.011 +0.015 -0.032 -0.022 +0.006 +0.020 +0.024 -0.017
 +0.003 +0.014 +0.003 +0.020 -0.031 -0.002 +0.021 +0.033 -0.023 +0.015
 -0.017 +0.020 -0.002 +0.017 -0.021 +0.020 -0.004 +0.022 -0.017 -0.017
 -0.003 +0.012 +0.028 +0.003 -0.006 +0.020 +0.016 +0.000 +0.005 -0.021
 -0.003 -0.014 -0.010 -0.025 -0.022 +0.011 +0.021 -0.008 +0.028 -0.019
 +0.010 +0.012 -0.020 +0.027 +0.009 -0.003 -0.002 +0.009 -0.001 -0.024
 +0.002 +0.026 +0.001 -0.016 +0.025 -0.002 -0.018 -0.000 -0.027 +0.001
 +0.015 -0.021 -0.016 +0.008 -0.017 +0.014 +0.011 -0.024 +0.012 +0.012
 -0.011 +0.009 +0.001 +0.005 -0.002 +0.003 -0.029 +0.004 -0.018 -0.019
 +0.026 -0.023 +0.011 -0.007 +0.026 +0.033 -0.009 +0.031 +0.030 -0.017
 -0.004 -0.019 -0.013 +0.003 +0.008 -0.003 -0.020 -0.004 +0.024 -0.002
 +0.014 -0.021 +0.012 +0.012 +0.033 -0.026 +0.011 +0.001 -0.004 -0.008
 +0.020 -0.011 +0.003 -0.035 +0.033 +0.013 +0.018 +0.003 -0.002 -0.001
 +0.013 -0.004 +0.019 -0.008 +0.025 -0.020 -0.016 -0.023 -0.016 +0.023
 +0.024 +0.017 -0.006 -0.022 -0.012 +0.005 -0.020 +0.010 -0.015 +0.022
 +0.013 -0.014 -0.010 +0.016 +0.017 -0.000 +0.027 -0.024 +0.001 +0.014
 -0.025 -0.004 +0.023 -0.023 -0.031 +0.009 +0.005 -0.011 -0.007 -0.016
 -0.027 +0.017 -0.020 +0.013 +0.006 -0.025 +0.013 -0.018 +0.010 -0.032
 -0.002 +0.004 +0.005 +0.019 +0.017 -0.025 -0.017 +0.030 +0.000 +0.016
 +0.011 +0.009 -0.021 -0.006 +0.013 -0.011 +0.014 +0.023 +0.018 -0.013
 +0.026 +0.004 -0.013 +0.013 -0.014 -0.011 -0.008 -0.006 -0.014 +0.027
 +0.026 -0.020 +0.030 -0.031 -0.018 +0.009 -0.010 -0.021 -0.022 -0.016
 -0.024 +0.006 -0.032 +0.001 +0.025 +0.012 -0.015 -0.023 +0.032 -0.028
 +0.001 -0.003 +0.019 +0.003 +0.026 +0.020 +0.010 -0.007 +0.008 +0.025
 +0.019 +0.020 +0.030 -0.009 +0.022 +0.017 -0.005 +0.008 -0.023 -0.037
 +0.015 +0.027 -0.012 -0.015 -0.022 +0.023 -0.010 +0.014 +0.027 +0.002
 +0.028 -0.007 +0.013 -0.014 -0.003 +0.015 -0.011 +0.016 +0.030 -0.013
 +0.004 -0.032 -0.001 +0.013 -0.023 +0.030 -0.022 +0.007 -0.035 -0.005
 +0.011 -0.013 +0.017 +0.023 -0.006 -0.029 +0.016 +0.023 -0.008 -0.019
 +0.019 +0.007 -0.015 -0.015 +0.003 +0.020 -0.018 +0.006 -0.010 +0.005
 -0.006 +0.001 -0.027 +0.018 +0.025 +0.007 +0.001 +0.024 -0.016 -0.030
 +0.013 -0.000 +0.007 -0.030 +0.028 +0.004 -0.028 +0.006 +0.023 -0.013
 +0.029 +0.029 +0.023 -0.001 -0.005 -0.010 +0.023 -0.025 +0.009 +0.008
 +0.028 +0.020 +0.003 +0.001 +0.011 -0.001 -0.010 -0.029 +0.001 +0.003
 -0.019 -0.009 -0.034 +0.000 -0.034 -0.031 +0.014 -0.028 +0.019 -0.005]]

RHS vector b:            [-0.111 +0.060]
Obj vector c:            [+0.088 +0.060 -0.009 +0.052 +0.017 +0.022 -0.059 +0.040 +0.045 -0.118
 +0.051 -0.035 -0.028 +0.034 -0.068 -0.051 +0.023 +0.047 +0.089 -0.077
 -0.086 +0.030 +0.049 -0.022 -0.063 -0.073 -0.070 -0.058 -0.032 +0.096
 +0.003 -0.050 +0.057 +0.039 +0.031 -0.008 +0.092 -0.038 -0.042 +0.042
 +0.068 +0.059 +0.021 -0.089 +0.033 -0.081 +0.080 +0.066 -0.014 +0.076
 +0.081 -0.050 +0.030 -0.031 +0.055 +0.038 -0.083 -0.014 +0.090 +0.031
 +0.076 +0.082 -0.021 +0.096 +0.076 +0.083 +0.095 +0.013 +0.089 +0.042
 +0.030 +0.066 +0.071 +0.088 -0.099 +0.043 +0.011 -0.060 -0.061 -0.025
 -0.090 -0.023 +0.086 -0.039 -0.001 -0.070 +0.065 -0.018 +0.090 +0.014
 +0.052 +0.088 -0.053 -0.074 +0.044 -0.029 -0.096 -0.026 +0.022 -0.045
 +0.009 -0.023 -0.047 +0.045 -0.026 -0.001 -0.037 +0.048 -0.043 +0.061
 +0.003 +0.012 +0.116 -0.064 -0.021 +0.075 -0.092 -0.055 +1.107 -0.038
 -0.014 -0.063 +0.027 +0.026 +0.047 +0.055 -0.094 +0.013 +0.003 +0.010
 +0.019 +0.061 -0.087 -0.043 +0.003 -0.017 -0.065 +0.035 +0.032 +0.004
 +0.002 -0.070 -0.087 -0.093 -0.029 -0.005 +0.083 -0.109 -0.091 -0.020
 -0.039 -0.084 +0.051 -0.032 -0.087 +0.041 +0.090 -0.094 -0.061 +0.101
 -0.013 -0.044 -0.040 -0.014 -0.009 -0.015 -0.010 +0.094 +0.074 +0.046
 -0.092 +0.015 -0.011 -0.089 +0.068 +0.055 +0.051 -0.085 -0.029 +0.097
 +0.106 +0.074 -0.079 +0.031 -0.092 -0.080 -0.117 -0.004 +0.064 -0.023
 -0.098 -0.106 +0.033 -0.003 -0.075 +0.017 +0.045 +0.036 +0.007 +0.062
 -0.066 -0.033 -0.110 -0.033 -0.006 +0.069 +0.076 -0.088 -0.037 +0.092
 -0.001 -0.065 -0.061 -0.058 -0.080 -0.007 -0.028 +0.107 -0.046 +0.003
 +0.060 +0.058 -0.058 +0.047 +0.027 +0.039 -0.059 +0.058 +0.098 +0.052
 -0.052 +0.096 -0.018 +0.003 +0.031 +0.018 -0.023 +0.104 +0.034 +0.003
 +0.058 -0.008 +0.054 +0.079 +0.098 +0.017 -0.030 -0.055 +0.004 +0.086
 -0.030 -0.083 +0.110 +0.029 +0.095 -0.020 +0.103 -0.102 +0.006 -0.010
 +0.021 +0.048 +0.108 -0.059 +0.041 +0.067 +0.013 +0.078 +0.033 +0.044
 -0.088 -0.074 +0.044 -0.080 +0.107 -0.016 -0.087 +0.055 +0.083 -0.079
 -0.039 -0.091 +0.076 +0.071 +0.080 +0.019 +0.091 -0.016 +0.078 +0.026
 +0.002 +0.085 -0.030 -0.111 +0.039 -0.009 +0.006 -0.082 -0.074 -0.082
 +0.008 +0.027 +0.101 +0.105 -0.112 -0.016 +0.022 +0.068 -0.094 +0.114
 -0.030 -0.013 -0.042 -0.035 -0.043 -0.009 +0.002 -0.070 +0.090 +0.064
 -0.066 -0.071 -0.033 +0.102 -0.075 -0.104 -0.003 +0.023 +0.013 -0.008
 +0.059 +0.082 -0.103 -0.006 +0.015 +0.056 +0.105 +0.076 +0.091 -0.037
 -0.075 -0.087 -0.088 +0.091 +0.102 -0.058 +0.032 -0.077 -0.012 +0.018
 +0.023 +0.038 -0.002 +0.051 -0.095 -0.069 -0.060 -0.098 -0.051 -0.091
 -0.049 -0.011 +0.115 +0.003 -0.016 -0.045 -0.058 -0.023 +0.083 +0.093
 -0.068 -0.073 +0.009 +0.072 +0.075 +0.078 -0.074 +0.003 +0.021 -0.085
 +0.046 -0.011 +0.001 +0.036 +0.061 +0.004 +0.079 +0.029 +0.039 +0.070
 -0.111 -0.036 -0.084 -0.076 +0.060 +0.071 -0.093 +0.017 -0.036 -0.068
 +0.033 -0.024 +0.030 +0.043 +0.091 +0.050 +0.055 -0.045 +0.005 -0.047
 +0.048 +0.061 -0.012 +0.056 -0.039 +0.015 +0.060 -0.065 +0.046 -0.035
 +0.012 +0.101 -0.033 -0.029 +0.099 +0.019 -0.010 -0.028 +0.052 -0.006
 -0.086 +0.115 -0.046 +0.050 +0.011 +0.036 +0.027 +0.004 -0.095 -0.081
 -0.103 -0.095 +0.025 -0.073 -0.085 +0.071 -0.032 -0.028 +0.068 -0.022
 -0.035 -0.037 +0.094 -0.109 +0.019 -0.051 +0.064 -0.020 +0.085 -0.029
 -0.034 +0.043 -0.050 -0.001 +0.096 +0.091 +0.084 +0.029 -0.074 +0.022
 -0.081 -0.020 -0.055 -0.048 +0.052 -0.063 +0.035 -0.074 +0.094 +0.097
 +0.059 -0.049 +0.085 +0.012 +0.016 +0.007 +0.042 -0.071 +0.021 +0.053
 -0.019 +0.074 -0.018 +0.083 -0.090 +0.108 +0.023 +0.053 -0.027 +0.021
 +0.026 +0.022 -0.042 +0.040 +0.049 +0.042 +0.087 -0.021 -0.083 -0.077
 -0.095 +0.069 -0.033 +0.092 -0.057 -0.091 -0.008 -0.100 +0.020 -0.014
 +0.044 -0.087 -0.032 +0.007 +0.035 -0.061 +0.083 -0.034 +0.093 +0.055
 +0.093 +0.007 -0.113 +0.075 +0.091 +0.013 +0.114 +0.043 +0.003 +0.100
 -0.077 +0.018 -0.006 +0.081 -0.079 +0.076 +0.022 +0.103 +0.075 +0.092
 +0.028 +0.087 +0.027 -0.006 +0.073 -0.037 +0.094 -0.036 -0.058 -0.019
 +0.113 +0.108 +0.105 +0.098 +0.006 -0.077 +0.025 -0.071 +0.050 -0.084
 +0.039 +0.071 +0.061 +0.072 +0.069 -0.093 -0.047 +0.094 -0.019 +0.011
 +0.089 -0.122 +0.047 -0.009 +0.038 +0.021 -0.104 -0.048 +0.067 -0.032
 -0.008 +0.071 -0.002 +0.063 -0.080 +0.061 +0.092 -0.089 +0.073 -0.058
 -0.095 -0.039 -0.085 +0.049 +0.013 -0.035 +0.065 -0.114 -0.051 -0.031
 -0.006 -0.000 +0.071 +0.069 +0.068 +0.103 -0.041 +0.068 -0.090 +0.097
 +0.048 -0.092 -0.020 +0.000 -0.049 +0.034 +0.060 -0.095 -0.082 -0.065
 +0.062 +0.007 +0.077 +0.085 -0.099 +0.026 +0.076 -0.060 -0.025 -0.053
 +0.072 +0.023 +0.006 +0.046 +0.049 -0.086 -0.045 -0.006 +0.028 -0.041
 +0.008 +0.095 -0.031 -0.023 -0.113 -0.079 +0.088 +0.050 +0.107 +0.075
 +0.009 +1.671 +0.090 -0.013 -0.104 -0.066 +0.102 +0.062 +0.077 +0.026
 -0.098 +0.074 -0.047 +0.012 -0.018 -0.053 +0.035 +0.049 -0.058 +0.061
 +0.076 +0.026 +0.039 +0.041 +0.045 -0.063 +0.029 +0.038 -0.054 -0.083
 -0.042 -0.102 +0.069 -0.006 -0.076 -0.088 +0.074 -0.054 +0.076 +0.008
 -0.043 -0.046 +0.076 +0.066 -0.086 -0.016 -0.017 +0.055 +0.009 +0.030
 +0.073 +0.060 -0.011 -0.015 +0.011 +0.030 +0.001 -0.075 -0.101 -0.079
 +0.063 -0.041 -0.064 +0.040 -0.006 -0.062 -0.033 -0.061 +0.092 +0.097
 -0.045 -0.009 +0.066 +0.102 +0.051 -0.023 +0.009 -0.028 +0.058 -0.042
 +0.094 -0.094 +0.056 +0.094 -0.043 +0.057 +0.012 +0.091 +0.079 +0.009
 +0.039 -0.014 +0.038 +0.014 +0.099 -0.003 -0.033 -0.082 -0.027 +0.083
 +0.036 -0.065 -0.036 +0.097 +0.116 -0.016 +0.017 +0.073 +0.044 +0.025
 -0.044 +0.041 -0.059 -0.090 +0.072 -0.062 +0.096 +0.025 +0.079 +0.035
 +0.052 -0.055 -0.054 +0.028 +0.048 -0.106 +0.057 -0.009 -0.029 -0.016
 +0.085 +0.048 +0.066 -0.065 -0.053 -0.061 +0.001 +0.102 -0.089 +0.093
 +0.064 +0.085 +0.014 -0.028 -0.075 -0.010 +0.100 -0.092 +0.081 +0.068
 +0.040 -0.080 +0.033 -0.084 -0.031 +0.011 -0.054 +0.050 +0.041 -0.093
 -0.039 +0.035 -0.039 -0.041 -0.038 -0.017 -0.016 +0.041 +0.010 -0.097
 -0.084 +0.098 +0.053 +0.060 +0.046 +0.023 +0.032 +0.025 +0.052 -0.035
 +0.101 -0.086 +0.048 -0.083 -0.028 -0.084 +0.022 +0.050 -0.011 +0.052
 +0.033 -0.005 +0.066 -0.052 -0.001 -0.013 -0.041 -0.083 +0.063 +0.079
 +0.092 -0.105 +0.033 -0.064 +0.055 -0.079 +0.068 -0.049 +0.080 -0.083
 +0.006 -0.021 -0.041 +0.060 +0.025 +0.107 -0.066 -0.006 +0.065 +0.003
 +0.019 +0.066 +0.039 -0.033 +0.005 -0.085 -0.043 -0.070 +0.076 +0.013
 +0.063 +0.065 +0.054 -0.020 +0.031 +0.032 +0.024 -0.092 +0.001 -0.107
 -0.089 -0.006 -0.103 -0.109 -0.077 -0.028 +0.049 +0.072 +0.107 +0.058
 +0.012 +0.008 -0.042 +0.030 -0.026 +0.037 +0.049 -0.045 +0.061 -0.012
 +0.052 -0.051 +0.065 +0.096 -0.040 +0.020 -0.045 +0.089 -0.078 +0.087
 -0.084 -0.096 -0.049 +0.052 -0.033 -0.117 -0.033 -0.017 +0.088 +0.080
 -0.013 +0.012 -0.008 +0.052 +0.041 -0.065 +0.015 -0.090 +0.060 -0.003
 -0.031 -0.036 -0.079 -0.039 -0.047 +0.093 +0.084 +0.089 +0.050 -0.063
 +0.001 -0.042 -0.016 -0.031 +0.081 -0.069 -0.073 -0.047 -0.071 +0.012
 +0.034 +0.025 +0.045 -0.003 -0.029 -0.024 +0.079 -0.061 +0.092 +0.063
 +0.039 -0.052 +0.051 -0.065 -0.009 -0.040 +0.034 -0.113 -0.029 +0.086
 -0.074 +0.001 -0.089 -0.040 -0.115 -0.102 -0.024 -0.071 +0.100 -0.062]

---------------------------- Optimal solution -----------------------------
Primal variables:         [+0.008 +0.086 +0.048 +0.080 +0.108 +0.059 +0.055 +0.008 +0.030 +0.055
 +0.075 +0.089 +0.042 +0.007 +0.032 +0.100 +0.024 +0.050 +0.103 +0.003
 +0.066 +0.105 +0.025 +0.060 +0.100 +0.015 +0.058 +0.083 +0.074 +0.052
 +0.023 +0.054 +0.041 +0.053 +0.040 +0.092 +0.085 +0.035 +0.063 +0.030
 +0.050 +0.039 +0.072 +0.041 +0.051 +0.079 +0.046 +0.100 +0.020 +0.082
 +0.047 +0.047 +0.070 +0.058 +0.046 +0.000 +0.010 +0.078 +0.058 +0.077
 +0.105 +0.075 +0.006 +0.034 +0.065 +0.026 +0.106 +0.104 +0.094 +0.052
 +0.093 +0.014 +0.034 +0.051 +0.082 +0.054 +0.015 +0.038 +0.036 +0.033
 +0.018 +0.046 +0.049 +0.085 +0.088 +0.058 +0.051 +0.086 +0.098 +0.074
 +0.088 +0.104 +0.004 +0.097 +0.030 +0.052 +0.088 +0.079 +0.016 +0.073
 +0.008 +0.039 +0.090 +0.047 +0.066 +0.080 +0.091 +0.084 +0.001 +0.046
 +0.051 +0.006 +0.060 +0.067 +0.091 +0.104 +0.014 +0.025 +0.000 +0.015
 +0.025 +0.063 +0.019 +0.086 +0.094 +0.004 +0.059 +0.088 +0.107 +0.030
 +0.019 +0.097 +0.100 +0.022 +0.049 +0.079 +0.093 +0.019 +0.073 +0.089
 +0.061 +0.018 +0.004 +0.031 +0.089 +0.005 +0.001 +0.040 +0.007 +0.016
 +0.003 +0.058 +0.077 +0.047 +0.015 +0.037 +0.065 +0.104 +0.109 +0.027
 +0.001 +0.092 +0.102 +0.051 +0.085 +0.095 +0.067 +0.096 +0.003 +0.030
 +0.031 +0.013 +0.100 +0.003 +0.074 +0.008 +0.040 +0.046 +0.020 +0.057
 +0.059 +0.035 +0.081 +0.018 +0.021 +0.039 +0.042 +0.023 +0.101 +0.091
 +0.012 +0.041 +0.026 +0.050 +0.030 +0.055 +0.102 +0.042 +0.072 +0.066
 +0.083 +0.007 +0.082 +0.104 +0.067 +0.032 +0.074 +0.078 +0.072 +0.016
 +0.107 +0.105 +0.047 +0.065 +0.004 +0.109 +0.090 +0.070 +0.084 +0.021
 +0.034 +0.027 +0.066 +0.010 +0.099 +0.051 +0.049 +0.012 +0.075 +0.090
 +0.069 +0.027 +0.087 +0.016 +0.091 +0.064 +0.032 +0.057 +0.069 +0.029
 +0.093 +0.046 +0.098 +0.092 +0.011 +0.071 +0.034 +0.083 +0.060 +0.050
 +0.099 +0.006 +0.061 +0.036 +0.004 +0.083 +0.062 +0.099 +0.066 +0.037
 +0.109 +0.013 +0.006 +0.081 +0.041 +0.040 +0.097 +0.036 +0.098 +0.071
 +0.036 +0.007 +0.027 +0.107 +0.045 +0.018 +0.033 +0.099 +0.018 +0.086
 +0.015 +0.106 +0.058 +0.005 +0.103 +0.039 +0.081 +0.058 +0.010 +0.012
 +0.016 +0.018 +0.006 +0.005 +0.105 +0.010 +0.056 +0.013 +0.024 +0.084
 +0.103 +0.052 +0.001 +0.110 +0.005 +0.043 +0.059 +0.098 +0.091 +0.067
 +0.044 +0.092 +0.096 +0.096 +0.079 +0.011 +0.033 +0.054 +0.056 +0.092
 +0.026 +0.073 +0.041 +0.085 +0.022 +0.053 +0.011 +0.023 +0.103 +0.035
 +0.098 +0.058 +0.004 +0.087 +0.006 +0.091 +0.001 +0.074 +0.018 +0.038
 +0.105 +0.054 +0.072 +0.082 +0.012 +0.092 +0.101 +0.017 +0.060 +0.031
 +0.082 +0.003 +0.056 +0.087 +0.081 +0.012 +0.092 +0.026 +0.089 +0.055
 +0.018 +0.081 +0.089 +0.077 +0.106 +0.028 +0.026 +0.016 +0.059 +0.044
 +0.039 +0.051 +0.030 +0.000 +0.052 +0.030 +0.050 +0.102 +0.020 +0.070
 +0.071 +0.031 +0.052 +0.107 +0.038 +0.079 +0.093 +0.040 +0.109 +0.069
 +0.055 +0.079 +0.047 +0.079 +0.030 +0.102 +0.060 +0.027 +0.048 +0.099
 +0.089 +0.053 +0.039 +0.041 +0.108 +0.012 +0.098 +0.095 +0.025 +0.039
 +0.063 +0.088 +0.105 +0.109 +0.031 +0.021 +0.054 +0.061 +0.072 +0.012
 +0.071 +0.102 +0.101 +0.104 +0.102 +0.106 +0.005 +0.101 +0.030 +0.035
 +0.051 +0.105 +0.067 +0.039 +0.041 +0.100 +0.091 +0.015 +0.027 +0.041
 +0.024 +0.062 +0.025 +0.063 +0.103 +0.094 +0.011 +0.023 +0.045 +0.071
 +0.043 +0.028 +0.038 +0.022 +0.095 +0.077 +0.045 +0.077 +0.057 +0.058
 +0.040 +0.054 +0.109 +0.086 +0.091 +0.014 +0.056 +0.040 +0.010 +0.044
 +0.008 +0.026 +0.088 +0.076 +0.077 +0.009 +0.018 +0.002 +0.011 +0.011
 +0.106 +0.099 +0.023 +0.028 +0.106 +0.063 +0.041 +0.051 +0.030 +0.064
 +0.080 +0.057 +0.090 +0.012 +0.067 +0.109 +0.016 +0.055 +0.069 +0.037
 +0.106 +0.054 +0.053 +0.099 +0.002 +0.096 +0.014 +0.042 +0.054 +0.053
 +0.004 +0.035 +0.039 +0.105 +0.101 +0.064 +0.103 +0.095 +0.041 +0.013
 +0.067 +0.036 +0.001 +0.108 +0.107 +0.059 +0.068 +0.074 +0.102 +0.052
 +0.064 +0.025 +0.027 +0.058 +0.025 +0.003 +0.041 +0.083 +0.031 +0.095
 +0.077 +0.072 +0.098 +0.008 +0.020 +0.100 +0.100 +0.009 +0.085 +0.002
 +0.015 +0.012 +0.032 +0.043 +0.100 +0.048 +0.014 +0.030 +0.001 +0.003
 +0.048 +0.056 +0.028 +0.042 +0.011 +0.073 +0.043 +0.018 +0.055 +0.023
 +0.032 +0.014 +0.086 +0.031 +0.105 +0.045 +0.017 +0.078 +0.081 +0.097
 +0.014 +0.087 +0.095 +0.034 +0.050 +0.068 +0.027 +0.096 +0.077 +0.094
 +0.050 +0.057 +0.021 +0.035 +0.080 +0.106 +0.017 +0.006 +0.007 +0.048
 +0.087 +0.025 +0.053 +0.057 +0.092 +0.018 +0.002 +0.056 +0.039 +0.032
 +0.085 +0.075 +0.009 +0.060 +0.088 +0.100 +0.000 +0.089 +0.005 +0.075
 +0.066 +0.105 +0.070 +0.008 +0.074 +0.028 +0.092 +0.003 +0.036 +0.075
 +0.017 +0.071 +0.077 +0.081 +0.096 +0.046 +0.016 +0.029 +0.043 +0.006
 +0.078 +0.007 +0.006 +0.103 +0.089 +0.028 +0.038 +0.091 +0.068 +0.029
 +0.049 +0.094 +0.000 +0.109 +0.062 +0.020 +0.088 +0.008 +0.045 +0.063
 +0.027 +0.000 +0.077 +0.018 +0.017 +0.007 +0.063 +0.021 +0.060 +0.090
 +0.097 +0.013 +0.037 +0.046 +0.042 +0.046 +0.051 +0.083 +0.034 +0.038
 +0.043 +0.017 +0.069 +0.044 +0.101 +0.091 +0.025 +0.027 +0.086 +0.062
 +0.001 +0.069 +0.044 +0.087 +0.082 +0.102 +0.077 +0.101 +0.031 +0.037
 +0.007 +0.096 +0.017 +0.061 +0.056 +0.090 +0.043 +0.016 +0.042 +0.005
 +0.033 +0.069 +0.006 +0.109 +0.059 +0.033 +0.092 +0.015 +0.035 +0.103
 +0.026 +0.081 +0.009 +0.059 +0.073 +0.023 +0.036 +0.061 +0.065 +0.017
 +0.045 +0.110 +0.036 +0.087 +0.022 +0.051 +0.057 +0.066 +0.079 +0.088
 +0.077 +0.089 +0.098 +0.036 +0.091 +0.057 +0.029 +0.019 +0.084 +0.070
 +0.008 +0.065 +0.005 +0.043 +0.063 +0.072 +0.017 +0.005 +0.063 +0.090
 +0.088 +0.040 +0.064 +0.079 +0.096 +0.054 +0.096 +0.035 +0.024 +0.032
 +0.080 +0.098 +0.052 +0.077 +0.015 +0.056 +0.048 +0.048 +0.021 +0.069
 +0.074 +0.070 +0.082 +0.051 +0.094 +0.063 +0.097 +0.045 +0.077 +0.022
 +0.009 +0.103 +0.041 +0.005 +0.068 +0.103 +0.085 +0.109 +0.103 +0.050
 +0.026 +0.007 +0.030 +0.070 +0.100 +0.000 +0.090 +0.084 +0.076 +0.014
 +0.006 +0.081 +0.071 +0.041 +0.038 +0.004 +0.109 +0.092 +0.107 +0.090
 +0.051 +0.093 +0.022 +0.074 +0.026 +0.043 +0.096 +0.047 +0.099 +0.066
 +0.032 +0.029 +0.000 +0.063 +0.092 +0.025 +0.053 +0.108 +0.043 +0.103
 +0.091 +0.055 +0.070 +0.007 +0.057 +0.084 +0.025 +0.006 +0.003 +0.018
 +0.026 +0.089 +0.051 +0.059 +0.035 +0.033 +0.061 +0.082 +0.020 +0.048
 +0.071 +0.106 +0.030 +0.043 +0.063 +0.016 +0.067 +0.107 +0.030 +0.053
 +0.013 +0.057 +0.107 +0.060 +0.024 +0.034 +0.069 +0.094 +0.050 +0.054
 +0.089 +0.012 +0.105 +0.051 +0.037 +0.086 +0.028 +0.016 +0.028 +0.074
 +0.011 +0.050 +0.026 +0.060 +0.015 +0.085 +0.102 +0.035 +0.039 +0.066
 +0.081 +0.006 +0.074 +0.090 +0.087 +0.048 +0.091 +0.060 +0.021 +0.031
 +0.065 +0.061 +0.088 +0.079 +0.023 +0.044 +0.086 +0.050 +0.025 +0.103
 +0.049 +0.034 +0.056 +0.033 +0.030 +0.073 +0.088 +0.045 +0.018 +0.052
 +0.044 +0.048 +0.026 +0.085 +0.022 +0.004 +0.077 +0.082 +0.026 +0.019
 +0.064 +0.101 +0.028 +0.060 +0.029 +0.082 +0.051 +0.042 +0.072 +0.059
 +0.022 +0.046 +0.105 +0.088 +0.056 +0.073 +0.016 +0.046 +0.099 +0.021
 +0.108 +0.093 +0.076 +0.041 +0.010 +0.032 +0.082 +0.046 +0.088 +0.024
 +0.091 +0.095 +0.080 +0.022 +0.025 +0.007 +0.006 +0.081 +0.054 +0.084
 +0.031 +0.038 +0.099 +0.110 +0.011 +0.086 +0.061 +0.001 +0.068 +0.031
 +0.039 +0.107 +0.082 +0.006 +0.075 +0.001 +0.098 +0.066 +0.070 +0.002]
Dual slacks:              [+0.000 +0.000 +0.000 +0.000 +0.000 +0.000 +0.000 +0.000 +0.000 +0.000
 +0.000 +0.000 +0.000 +0.000 +0.000 +0.000 +0.000 +0.000 +0.000 +0.000
 +0.000 +0.000 +0.000 +0.000 +0.000 +0.000 +0.000 +0.000 +0.000 +0.000
 +0.000 +0.000 +0.000 +0.000 +0.000 +0.000 +0.000 +0.000 +0.000 +0.000
 +0.000 +0.000 +0.000 +0.000 +0.000 +0.000 +0.000 +0.000 +0.000 +0.000
 +0.000 +0.000 +0.000 +0.000 +0.000 +0.000 +0.000 +0.000 +0.000 +0.000
 +0.000 +0.000 +0.000 +0.000 +0.000 +0.000 +0.000 +0.000 +0.000 +0.000
 +0.000 +0.000 +0.000 +0.000 +0.000 +0.000 +0.000 +0.000 +0.000 +0.000
 +0.000 +0.000 +0.000 +0.000 +0.000 +0.000 +0.000 +0.000 +0.000 +0.000
 +0.000 +0.000 +0.000 +0.000 +0.000 +0.000 +0.000 +0.000 +0.000 +0.000
 +0.000 +0.000 +0.000 +0.000 +0.000 +0.000 +0.000 +0.000 +0.000 +0.000
 +0.000 +0.000 +0.000 +0.000 +0.000 +0.000 +0.000 +0.000 +1.194 +0.000
 +0.000 +0.000 +0.000 +0.000 +0.000 +0.000 +0.000 +0.000 +0.000 +0.000
 +0.000 +0.000 +0.000 +0.000 +0.000 +0.000 +0.000 +0.000 +0.000 +0.000
 +0.000 +0.000 +0.000 +0.000 +0.000 +0.000 +0.000 +0.000 +0.000 +0.000
 +0.000 +0.000 +0.000 +0.000 +0.000 +0.000 +0.000 +0.000 +0.000 +0.000
 +0.000 +0.000 +0.000 +0.000 +0.000 +0.000 +0.000 +0.000 +0.000 +0.000
 +0.000 +0.000 +0.000 +0.000 +0.000 +0.000 +0.000 +0.000 +0.000 +0.000
 +0.000 +0.000 +0.000 +0.000 +0.000 +0.000 +0.000 +0.000 +0.000 +0.000
 +0.000 +0.000 +0.000 +0.000 +0.000 +0.000 +0.000 +0.000 +0.000 +0.000
 +0.000 +0.000 +0.000 +0.000 +0.000 +0.000 +0.000 +0.000 +0.000 +0.000
 +0.000 +0.000 +0.000 +0.000 +0.000 +0.000 +0.000 +0.000 +0.000 +0.000
 +0.000 +0.000 +0.000 +0.000 +0.000 +0.000 +0.000 +0.000 +0.000 +0.000
 +0.000 +0.000 +0.000 +0.000 +0.000 +0.000 +0.000 +0.000 +0.000 +0.000
 +0.000 +0.000 +0.000 +0.000 +0.000 +0.000 +0.000 +0.000 +0.000 +0.000
 +0.000 +0.000 +0.000 +0.000 +0.000 +0.000 +0.000 +0.000 +0.000 +0.000
 +0.000 +0.000 +0.000 +0.000 +0.000 +0.000 +0.000 +0.000 +0.000 +0.000
 +0.000 +0.000 +0.000 +0.000 +0.000 +0.000 +0.000 +0.000 +0.000 +0.000
 +0.000 +0.000 +0.000 +0.000 +0.000 +0.000 +0.000 +0.000 +0.000 +0.000
 +0.000 +0.000 +0.000 +0.000 +0.000 +0.000 +0.000 +0.000 +0.000 +0.000
 +0.000 +0.000 +0.000 +0.000 +0.000 +0.000 +0.000 +0.000 +0.000 +0.000
 +0.000 +0.000 +0.000 +0.000 +0.000 +0.000 +0.000 +0.000 +0.000 +0.000
 +0.000 +0.000 +0.000 +0.000 +0.000 +0.000 +0.000 +0.000 +0.000 +0.000
 +0.000 +0.000 +0.000 +0.000 +0.000 +0.000 +0.000 +0.000 +0.000 +0.000
 +0.000 +0.000 +0.000 +0.000 +0.000 +0.000 +0.000 +0.000 +0.000 +0.000
 +0.000 +0.000 +0.000 +0.000 +0.000 +0.000 +0.000 +0.000 +0.000 +0.000
 +0.000 +0.000 +0.000 +0.000 +0.000 +0.000 +0.000 +0.000 +0.000 +0.000
 +0.000 +0.000 +0.000 +0.000 +0.000 +0.000 +0.000 +0.000 +0.000 +0.000
 +0.000 +0.000 +0.000 +0.000 +0.000 +0.000 +0.000 +0.000 +0.000 +0.000
 +0.000 +0.000 +0.000 +0.000 +0.000 +0.000 +0.000 +0.000 +0.000 +0.000
 +0.000 +0.000 +0.000 +0.000 +0.000 +0.000 +0.000 +0.000 +0.000 +0.000
 +0.000 +0.000 +0.000 +0.000 +0.000 +0.000 +0.000 +0.000 +0.000 +0.000
 +0.000 +0.000 +0.000 +0.000 +0.000 +0.000 +0.000 +0.000 +0.000 +0.000
 +0.000 +0.000 +0.000 +0.000 +0.000 +0.000 +0.000 +0.000 +0.000 +0.000
 +0.000 +0.000 +0.000 +0.000 +0.000 +0.000 +0.000 +0.000 +0.000 +0.000
 +0.000 +0.000 +0.000 +0.000 +0.000 +0.000 +0.000 +0.000 +0.000 +0.000
 +0.000 +0.000 +0.000 +0.000 +0.000 +0.000 +0.000 +0.000 +0.000 +0.000
 +0.000 +0.000 +0.000 +0.000 +0.000 +0.000 +0.000 +0.000 +0.000 +0.000
 +0.000 +0.000 +0.000 +0.000 +0.000 +0.000 +0.000 +0.000 +0.000 +0.000
 +0.000 +0.000 +0.000 +0.000 +0.000 +0.000 +0.000 +0.000 +0.000 +0.000
 +0.000 +0.000 +0.000 +0.000 +0.000 +0.000 +0.000 +0.000 +0.000 +0.000
 +0.000 +0.000 +0.000 +0.000 +0.000 +0.000 +0.000 +0.000 +0.000 +0.000
 +0.000 +0.000 +0.000 +0.000 +0.000 +0.000 +0.000 +0.000 +0.000 +0.000
 +0.000 +0.000 +0.000 +0.000 +0.000 +0.000 +0.000 +0.000 +0.000 +0.000
 +0.000 +0.000 +0.000 +0.000 +0.000 +0.000 +0.000 +0.000 +0.000 +0.000
 +0.000 +0.000 +0.000 +0.000 +0.000 +0.000 +0.000 +0.000 +0.000 +0.000
 +0.000 +0.000 +0.000 +0.000 +0.000 +0.000 +0.000 +0.000 +0.000 +0.000
 +0.000 +0.000 +0.000 +0.000 +0.000 +0.000 +0.000 +0.000 +0.000 +0.000
 +0.000 +0.000 +0.000 +0.000 +0.000 +0.000 +0.000 +0.000 +0.000 +0.000
 +0.000 +0.000 +0.000 +0.000 +0.000 +0.000 +0.000 +0.000 +0.000 +0.000
 +0.000 +0.000 +0.000 +0.000 +0.000 +0.000 +0.000 +0.000 +0.000 +0.000
 +0.000 +0.000 +0.000 +0.000 +0.000 +0.000 +0.000 +0.000 +0.000 +0.000
 +0.000 +0.000 +0.000 +0.000 +0.000 +0.000 +0.000 +0.000 +0.000 +0.000
 +0.000 +0.000 +0.000 +0.000 +0.000 +0.000 +0.000 +0.000 +0.000 +0.000
 +0.000 +0.000 +0.000 +0.000 +0.000 +0.000 +0.000 +0.000 +0.000 +0.000
 +0.000 +0.000 +0.000 +0.000 +0.000 +0.000 +0.000 +0.000 +0.000 +0.000
 +0.000 +1.604 +0.000 +0.000 +0.000 +0.000 +0.000 +0.000 +0.000 +0.000
 +0.000 +0.000 +0.000 +0.000 +0.000 +0.000 +0.000 +0.000 +0.000 +0.000
 +0.000 +0.000 +0.000 +0.000 +0.000 +0.000 +0.000 +0.000 +0.000 +0.000
 +0.000 +0.000 +0.000 +0.000 +0.000 +0.000 +0.000 +0.000 +0.000 +0.000
 +0.000 +0.000 +0.000 +0.000 +0.000 +0.000 +0.000 +0.000 +0.000 +0.000
 +0.000 +0.000 +0.000 +0.000 +0.000 +0.000 +0.000 +0.000 +0.000 +0.000
 +0.000 +0.000 +0.000 +0.000 +0.000 +0.000 +0.000 +0.000 +0.000 +0.000
 +0.000 +0.000 +0.000 +0.000 +0.000 +0.000 +0.000 +0.000 +0.000 +0.000
 +0.000 +0.000 +0.000 +0.000 +0.000 +0.000 +0.000 +0.000 +0.000 +0.000
 +0.000 +0.000 +0.000 +0.000 +0.000 +0.000 +0.000 +0.000 +0.000 +0.000
 +0.000 +0.000 +0.000 +0.000 +0.000 +0.000 +0.000 +0.000 +0.000 +0.000
 +0.000 +0.000 +0.000 +0.000 +0.000 +0.000 +0.000 +0.000 +0.000 +0.000
 +0.000 +0.000 +0.000 +0.000 +0.000 +0.000 +0.000 +0.000 +0.000 +0.000
 +0.000 +0.000 +0.000 +0.000 +0.000 +0.000 +0.000 +0.000 +0.000 +0.000
 +0.000 +0.000 +0.000 +0.000 +0.000 +0.000 +0.000 +0.000 +0.000 +0.000
 +0.000 +0.000 +0.000 +0.000 +0.000 +0.000 +0.000 +0.000 +0.000 +0.000
 +0.000 +0.000 +0.000 +0.000 +0.000 +0.000 +0.000 +0.000 +0.000 +0.000
 +0.000 +0.000 +0.000 +0.000 +0.000 +0.000 +0.000 +0.000 +0.000 +0.000
 +0.000 +0.000 +0.000 +0.000 +0.000 +0.000 +0.000 +0.000 +0.000 +0.000
 +0.000 +0.000 +0.000 +0.000 +0.000 +0.000 +0.000 +0.000 +0.000 +0.000
 +0.000 +0.000 +0.000 +0.000 +0.000 +0.000 +0.000 +0.000 +0.000 +0.000
 +0.000 +0.000 +0.000 +0.000 +0.000 +0.000 +0.000 +0.000 +0.000 +0.000
 +0.000 +0.000 +0.000 +0.000 +0.000 +0.000 +0.000 +0.000 +0.000 +0.000
 +0.000 +0.000 +0.000 +0.000 +0.000 +0.000 +0.000 +0.000 +0.000 +0.000
 +0.000 +0.000 +0.000 +0.000 +0.000 +0.000 +0.000 +0.000 +0.000 +0.000
 +0.000 +0.000 +0.000 +0.000 +0.000 +0.000 +0.000 +0.000 +0.000 +0.000
 +0.000 +0.000 +0.000 +0.000 +0.000 +0.000 +0.000 +0.000 +0.000 +0.000
 +0.000 +0.000 +0.000 +0.000 +0.000 +0.000 +0.000 +0.000 +0.000 +0.000
 +0.000 +0.000 +0.000 +0.000 +0.000 +0.000 +0.000 +0.000 +0.000 +0.000
 +0.000 +0.000 +0.000 +0.000 +0.000 +0.000 +0.000 +0.000 +0.000 +0.000
 +0.000 +0.000 +0.000 +0.000 +0.000 +0.000 +0.000 +0.000 +0.000 +0.000
 +0.000 +0.000 +0.000 +0.000 +0.000 +0.000 +0.000 +0.000 +0.000 +0.000
 +0.000 +0.000 +0.000 +0.000 +0.000 +0.000 +0.000 +0.000 +0.000 +0.000
 +0.000 +0.000 +0.000 +0.000 +0.000 +0.000 +0.000 +0.000 +0.000 +0.000]
Dual variables:           [-1.996 +0.125]

Optimal objective:       +2.28524233e-01
===========================================================================

Method:                  II-QIPM
LO_Precision:            1.00e-01
Stop_Precision:          1.00e-03
LO_Verbosity:            2
Omega:                   1.00e+01

The Quantum Inexact Infeasible Interior-Point Method starts running ...


                  Objective                Residual                                Linear system           Step-length
Iter      Primal           Dual         Primal    Dual     Compl    ||Resl||  Cond-Num  ||M||   ||RHS||    a-star   a-hat      Time
   0   3.57135386e+01 -2.13105134e+00  4.82e+00 7.62e+01  2.59e+04  1.07e-14  4.00e+00 1.00e+00 2.02e+01  8.51e-01 7.59e-01      0s
   1   1.96543090e+01  1.84860696e-01  1.16e+00 2.11e+00  8.03e+02 *1.18e+00  4.31e+00 5.02e+00 8.88e+01  9.86e-01 9.72e-01      1s
   2   1.35057282e+01  1.84860696e-01  8.65e+00 1.87e+00  7.21e+02  7.11e+01  3.79e+00 1.94e+02 7.11e+01  5.20e-01 1.11e-01      1s
   3   1.12033106e+01  1.84860696e-01  1.18e+01 1.80e+00  6.97e+02  9.59e+01  3.68e+00 2.32e+02 9.59e+01  4.60e-01 3.62e-02      2s
   4   9.04120214e+00  1.84860696e-01  1.48e+01 1.75e+00  6.77e+02  1.06e+02  3.63e+00 2.47e+02 1.06e+02  4.39e-01 3.22e-02      3s
   5   7.00415838e+00  1.84860696e-01  1.77e+01 1.70e+00  6.59e+02  1.16e+02  3.59e+00 2.62e+02 1.16e+02  4.21e-01 2.87e-02      4s
   6   5.07335126e+00  1.84860696e-01  2.05e+01 1.65e+00  6.44e+02  1.26e+02  3.55e+00 2.76e+02 1.26e+02  4.03e-01 2.59e-02      4s
   7   3.23798199e+00  1.84860696e-01  2.32e+01 1.61e+00  6.30e+02  1.36e+02  3.51e+00 2.91e+02 1.36e+02  3.88e-01 2.34e-02      5s
   8   1.48853094e+00  1.84860696e-01  2.58e+01 1.58e+00  6.18e+02  1.46e+02  3.47e+00 3.05e+02 1.46e+02  3.73e-01 2.12e-02      6s
   9  -1.85158312e-01  1.84860696e-01  2.83e+01 1.55e+00  6.07e+02  1.55e+02  3.43e+00 3.19e+02 1.55e+02  3.59e-01 1.94e-02      7s
  10  -1.78898387e+00  1.84860696e-01  3.07e+01 1.52e+00  5.97e+02  1.65e+02  3.39e+00 3.32e+02 1.65e+02  3.47e-01 1.77e-02      8s
  11  -3.32832082e+00  1.84860696e-01  3.31e+01 1.50e+00  5.88e+02  1.74e+02  3.36e+00 3.46e+02 1.74e+02  3.35e-01 1.63e-02      9s
  12  -4.80958005e+00  1.84860696e-01  3.53e+01 1.47e+00  5.80e+02  1.84e+02  3.33e+00 3.59e+02 1.84e+02  3.24e-01 1.50e-02     10s
  13  -6.23863775e+00  1.84860696e-01  3.76e+01 1.45e+00  5.73e+02  1.93e+02  3.29e+00 3.73e+02 1.93e+02  3.14e-01 1.39e-02     11s
  14  -7.61538843e+00  1.84860696e-01  3.97e+01 1.43e+00  5.66e+02  2.03e+02  3.26e+00 3.86e+02 2.03e+02  3.04e-01 1.29e-02     12s
  15  -8.94782989e+00  1.84860696e-01  4.18e+01 1.42e+00  5.60e+02  2.12e+02  3.24e+00 3.99e+02 2.12e+02  2.95e-01 1.20e-02     13s
  16  -1.02355906e+01  1.84860696e-01  4.38e+01 1.40e+00  5.55e+02  2.22e+02  3.21e+00 4.12e+02 2.22e+02  2.86e-01 1.12e-02     14s
  17  -1.14834098e+01  1.84860696e-01  4.57e+01 1.39e+00  5.49e+02  2.31e+02  3.18e+00 4.25e+02 2.31e+02  2.78e-01 1.05e-02     15s
  18  -1.26932787e+01  1.84860696e-01  4.77e+01 1.37e+00  5.44e+02  2.40e+02  3.16e+00 4.38e+02 2.40e+02  2.70e-01 9.83e-03     16s
  19  -1.38670940e+01  1.84860696e-01  4.95e+01 1.36e+00  5.40e+02  2.49e+02  3.13e+00 4.50e+02 2.49e+02  2.63e-01 9.23e-03     17s
  20  -1.50078055e+01  1.84860696e-01  5.13e+01 1.35e+00  5.36e+02  2.59e+02  3.11e+00 4.63e+02 2.59e+02  2.56e-01 8.69e-03     18s
  21  -1.61159725e+01  1.84860696e-01  5.31e+01 1.34e+00  5.32e+02  2.68e+02  3.09e+00 4.75e+02 2.68e+02  2.50e-01 8.18e-03     19s
  22  -1.71943241e+01  1.84860696e-01  5.48e+01 1.33e+00  5.28e+02  2.77e+02  3.06e+00 4.88e+02 2.77e+02  2.44e-01 7.73e-03     20s
  23  -1.82443855e+01  1.84860696e-01  5.65e+01 1.32e+00  5.24e+02  2.86e+02  3.04e+00 5.00e+02 2.86e+02  2.38e-01 7.31e-03     21s
  24  -1.92665930e+01  1.84860696e-01  5.82e+01 1.31e+00  5.21e+02  2.95e+02  3.02e+00 5.12e+02 2.95e+02  2.32e-01 6.92e-03     22s
  25  -2.02633893e+01  1.84860696e-01  5.98e+01 1.30e+00  5.18e+02  3.04e+02  3.00e+00 5.24e+02 3.04e+02  2.27e-01 6.57e-03     23s
  26  -4.19833860e+00  2.31182698e-01  1.04e+01 2.27e-01  9.80e+01 *7.63e-01  2.98e+00 5.37e+02 3.13e+02  8.75e-01 8.26e-01     23s
  27  -4.52607197e+00  2.31182698e-01  5.89e+00 2.05e-01  8.95e+01  4.41e+01  3.93e+00 1.91e+03 4.41e+01  5.68e-01 9.45e-02     23s
  28  -4.79626623e+00  2.31182698e-01  3.88e+00 1.95e-01  8.54e+01  5.76e+01  3.84e+00 2.16e+03 5.76e+01  5.23e-01 5.10e-02     24s
  29  -5.09454356e+00  2.31182698e-01  3.88e+00 1.86e-01  8.19e+01  6.61e+01  3.77e+00 2.32e+03 6.61e+01  4.98e-01 4.43e-02     25s
  30  -5.41830922e+00  2.31182698e-01  5.64e+00 1.79e-01  7.91e+01  7.44e+01  3.71e+00 2.47e+03 7.44e+01  4.74e-01 3.89e-02     25s
  31  -5.76532326e+00  2.31182698e-01  7.91e+00 1.73e-01  7.66e+01  8.25e+01  3.65e+00 2.61e+03 8.25e+01  4.53e-01 3.44e-02     26s
  32  -6.13277380e+00  2.31182698e-01  1.03e+01 1.67e-01  7.45e+01  9.03e+01  3.59e+00 2.75e+03 9.03e+01  4.34e-01 3.07e-02     27s
  33  -6.51853604e+00  2.31182698e-01  1.26e+01 1.63e-01  7.26e+01  9.80e+01  3.53e+00 2.88e+03 9.80e+01  4.16e-01 2.75e-02     27s
  34  -6.92094063e+00  2.31182698e-01  1.48e+01 1.59e-01  7.10e+01  1.05e+02  3.47e+00 3.01e+03 1.05e+02  3.99e-01 2.48e-02     28s
  35  -7.33752826e+00  2.31182698e-01  1.70e+01 1.55e-01  6.95e+01  1.13e+02  3.42e+00 3.13e+03 1.13e+02  3.84e-01 2.25e-02     29s
  36  -7.76691788e+00  2.31182698e-01  1.91e+01 1.52e-01  6.82e+01  1.20e+02  3.36e+00 3.24e+03 1.20e+02  3.70e-01 2.05e-02     29s
  37  -8.20765942e+00  2.31182698e-01  2.11e+01 1.49e-01  6.71e+01  1.27e+02  3.31e+00 3.36e+03 1.27e+02  3.57e-01 1.87e-02     30s
  38  -8.65858823e+00  2.31182698e-01  2.30e+01 1.47e-01  6.60e+01  1.34e+02  3.26e+00 3.47e+03 1.34e+02  3.44e-01 1.72e-02     31s
  39  -9.11788999e+00  2.31182698e-01  2.48e+01 1.44e-01  6.51e+01  1.41e+02  3.22e+00 3.57e+03 1.41e+02  3.33e-01 1.58e-02     32s
  40  -9.58483235e+00  2.31182698e-01  2.66e+01 1.42e-01  6.42e+01  1.47e+02  3.17e+00 3.67e+03 1.47e+02  3.22e-01 1.46e-02     32s
  41  -1.00584517e+01  2.31182698e-01  2.84e+01 1.40e-01  6.35e+01  1.54e+02  3.13e+00 3.77e+03 1.54e+02  3.12e-01 1.36e-02     33s
  42  -1.05379619e+01  2.31182698e-01  3.00e+01 1.38e-01  6.27e+01  1.60e+02  3.09e+00 3.87e+03 1.60e+02  3.03e-01 1.26e-02     34s
  43  -1.10227410e+01  2.31182698e-01  3.16e+01 1.37e-01  6.21e+01  1.67e+02  3.05e+00 3.97e+03 1.67e+02  2.94e-01 1.17e-02     35s
  44  -1.15113408e+01  2.31182698e-01  3.32e+01 1.35e-01  6.14e+01  1.73e+02  3.01e+00 4.06e+03 1.73e+02  2.85e-01 1.10e-02     35s
  45  -3.33971503e+00  2.28664737e-01  1.04e+01 4.23e-02  2.06e+01 *6.92e-02  2.98e+00 4.15e+03 1.79e+02  8.78e-01 6.87e-01     36s
  46  -1.73349210e+00  2.28537723e-01  5.69e+00 2.32e-02  1.18e+01 *8.46e-03  4.02e+00 1.14e+04 3.55e+01  9.14e-01 4.52e-01     36s
  47  -4.99966248e-01  2.28500896e-01  2.32e+00 9.43e-03  5.07e+00 *6.10e-02  4.09e+00 2.15e+04 1.93e+01  9.48e-01 5.94e-01     37s
  48   1.17864382e-01  2.28511267e-01  5.31e-01 1.81e-03  1.05e+00 *1.12e-01  4.11e+00 5.60e+04 9.10e+00  9.76e-01 8.08e-01     37s
  49   6.73964137e-01  2.28522086e-01  2.83e-01 2.24e-04  1.42e-01 *3.81e-01  4.12e+00 3.17e+05 2.62e+01  9.93e-01 8.76e-01     37s
  50   6.74071693e-01  2.28522087e-01  2.84e-01 2.24e-04  1.42e-01 *5.34e-01  4.12e+00 2.81e+06 4.09e+01  9.95e-01 4.82e-04     41s

The solution quality is limited by the precision of the linear system solver.

The algorithm stopped after 51 iterations in 41.46 seconds.

Primal variables:   [+17.743 +17.778 +19.170 +18.532 +18.723 +19.028 +20.820 +17.843 +19.064
 +24.012 +17.317 +20.979 +20.398 +19.002 +22.066 +20.408 +18.133 +18.307
 +17.781 +21.008 +19.749 +19.983 +18.239 +19.462 +21.446 +21.038 +22.837
 +17.675 +21.128 +19.052 +19.616 +21.390 +17.946 +20.493 +18.429 +19.695
 +19.603 +19.280 +20.233 +19.833 +17.836 +19.934 +19.142 +20.699 +18.539
 +20.449 +17.702 +18.004 +21.563 +18.380 +18.540 +22.357 +19.564 +19.472
 +19.134 +19.654 +21.301 +19.730 +17.661 +18.386 +19.596 +19.616 +21.043
 +17.433 +17.663 +19.213 +17.489 +19.374 +17.383 +18.835 +18.286 +18.522
 +19.369 +17.569 +22.410 +18.305 +19.457 +21.719 +20.892 +18.962 +22.497
 +21.208 +17.517 +22.011 +21.155 +21.035 +17.995 +18.208 +19.657 +20.885
 +17.620 +18.187 +19.547 +21.724 +20.093 +19.175 +23.231 +21.440 +20.022
 +21.362 +21.149 +21.246 +22.279 +18.921 +19.571 +19.699 +21.179 +18.677
 +19.810 +20.173 +19.757 +18.141 +17.197 +21.042 +21.381 +19.877 +22.024
 +22.170 +0.001 +20.388 +21.593 +21.024 +19.574 +18.533 +18.010 +17.796
 +21.445 +18.654 +19.278 +20.685 +19.717 +18.443 +20.649 +19.949 +19.761
 +19.682 +20.296 +18.575 +20.639 +19.787 +20.568 +21.020 +21.812 +22.870
 +19.421 +19.738 +17.600 +22.541 +23.162 +21.640 +19.317 +21.165 +18.251
 +21.237 +20.473 +19.299 +17.457 +21.338 +18.490 +17.776 +19.589 +22.226
 +19.958 +19.255 +19.497 +19.398 +18.878 +17.736 +18.142 +18.922 +21.561
 +18.864 +19.052 +20.567 +19.306 +20.080 +18.569 +20.960 +18.930 +17.211
 +17.258 +18.253 +20.402 +18.398 +23.370 +22.184 +21.938 +19.381 +17.786
 +15.808 +23.517 +23.507 +18.480 +20.420 +22.787 +20.094 +20.244 +20.414
 +19.390 +18.254 +22.301 +20.098 +21.922 +18.300 +21.068 +18.469 +17.395
 +22.289 +21.510 +17.674 +19.917 +22.184 +20.501 +19.767 +20.546 +21.219
 +19.668 +17.199 +22.180 +19.197 +18.820 +18.320 +22.549 +20.310 +20.059
 +18.283 +21.337 +19.623 +17.584 +20.196 +21.584 +18.104 +20.808 +19.346
 +18.907 +20.906 +21.732 +17.435 +19.587 +21.227 +18.811 +20.258 +18.070
 +19.835 +17.162 +16.172 +19.902 +20.044 +19.552 +19.573 +21.201 +20.965
 +17.203 +19.655 +19.022 +20.553 +17.088 +22.963 +21.194 +18.844 +20.729
 +18.157 +17.714 +18.530 +19.994 +17.857 +20.314 +17.809 +20.081 +19.223
 +20.332 +20.532 +19.239 +22.303 +17.430 +20.153 +22.773 +19.386 +17.711
 +22.091 +21.338 +20.592 +18.195 +18.914 +19.769 +18.493 +18.808 +19.423
 +19.661 +18.346 +19.305 +18.644 +19.508 +22.929 +18.186 +20.539 +14.426
 +17.561 +21.030 +19.491 +20.827 +20.771 +18.296 +17.276 +23.759 +19.858
 +18.684 +19.208 +21.662 +17.096 +20.088 +19.367 +19.877 +19.133 +21.288
 +19.714 +21.169 +21.852 +17.575 +17.661 +21.805 +20.171 +20.134 +17.622
 +21.733 +22.411 +21.306 +19.375 +19.142 +18.930 +20.061 +18.051 +21.540
 +20.610 +18.309 +18.032 +17.496 +19.475 +18.526 +19.846 +22.716 +20.610
 +20.257 +17.369 +18.208 +19.849 +20.652 +20.125 +21.536 +19.042 +18.883
 +19.389 +19.003 +20.064 +20.975 +21.541 +19.660 +22.008 +22.313 +22.186
 +20.467 +20.750 +17.169 +19.201 +20.974 +20.113 +17.842 +19.752 +18.901
 +17.777 +20.125 +20.377 +21.052 +13.794 +19.465 +18.834 +19.976 +20.577
 +18.542 +22.284 +19.929 +20.373 +18.527 +18.050 +16.535 +21.202 +18.758
 +20.427 +17.993 +18.293 +22.747 +19.978 +20.606 +19.877 +17.904 +18.999
 +20.547 +18.082 +20.204 +20.185 +19.271 +20.715 +20.694 +19.660 +19.190
 +19.662 +18.631 +19.941 +19.032 +19.746 +18.737 +18.762 +19.545 +18.266
 +19.428 +20.776 +17.948 +22.583 +14.431 +19.503 +20.919 +17.402 +21.011
 +20.967 +17.389 +18.727 +19.954 +18.678 +20.298 +19.303 +18.801 +17.191
 +20.566 +17.897 +18.998 +20.427 +18.061 +19.436 +22.430 +21.464 +23.458
 +21.125 +19.105 +22.882 +21.654 +19.773 +19.102 +21.830 +18.332 +19.632
 +19.957 +21.001 +19.502 +20.272 +20.888 +19.699 +19.836 +19.939 +19.414
 +20.762 +20.681 +17.721 +21.063 +20.603 +18.034 +19.015 +19.687 +19.845
 +19.480 +20.832 +23.093 +19.349 +22.408 +22.282 +20.176 +19.539 +18.099
 +19.008 +19.190 +17.366 +18.184 +20.639 +18.267 +19.773 +18.042 +18.914
 +19.182 +20.237 +18.694 +19.883 +20.977 +19.422 +18.618 +17.637 +22.466
 +17.065 +19.605 +19.718 +21.771 +19.335 +18.331 +18.621 +19.866 +20.363
 +18.245 +20.177 +17.619 +19.666 +20.541 +20.392 +21.100 +20.025 +19.430
 +18.124 +20.032 +20.968 +21.470 +21.238 +18.640 +20.665 +18.355 +18.477
 +19.952 +19.041 +17.824 +21.776 +19.244 +21.138 +18.057 +19.373 +18.965
 +18.901 +19.812 +17.722 +17.686 +18.247 +17.208 +18.300 +20.759 +17.492
 +20.712 +20.189 +19.017 +18.558 +17.364 +17.941 +18.452 +17.297 +18.290
 +17.452 +18.959 +18.383 +17.815 +19.236 +18.050 +17.947 +17.891 +16.149
 +20.149 +19.609 +17.396 +17.097 +17.496 +17.167 +18.873 +17.609 +19.640
 +22.426 +18.771 +19.685 +18.255 +18.122 +19.240 +19.717 +14.511 +21.788
 +20.515 +17.253 +19.796 +19.286 +18.549 +21.418 +20.065 +19.377 +18.532
 +18.208 +21.671 +19.952 +17.945 +19.539 +21.350 +17.755 +19.063 +18.243
 +23.071 +17.770 +17.802 +23.143 +18.326 +22.551 +22.492 +19.748 +20.469
 +18.927 +21.042 +21.238 +19.484 +23.513 +21.446 +19.726 +19.085 +19.682
 +18.148 +19.943 +17.761 +17.872 +22.102 +18.566 +21.514 +17.420 +18.302
 +23.198 +19.571 +19.412 +20.582 +18.365 +20.194 +20.884 +21.637 +22.639
 +17.889 +18.978 +19.671 +19.745 +22.282 +18.700 +17.641 +20.699 +15.710
 +18.339 +19.846 +18.624 +21.201 +18.747 +15.826 +22.227 +19.956 +19.274
 +15.296 +22.149 +20.998 +19.439 +20.979 +19.338 +23.873 +22.705 +18.479
 +18.223 +17.413 +19.332 +19.469 +0.001 +18.665 +19.019 +23.649 +20.629
 +17.570 +17.616 +11.527 +18.685 +22.359 +17.917 +20.429 +18.793 +21.675
 +19.170 +19.716 +18.199 +21.879 +19.989 +19.315 +18.785 +18.118 +19.112
 +19.846 +19.006 +18.609 +19.355 +20.141 +22.618 +20.460 +22.060 +19.892
 +20.797 +22.653 +20.321 +17.901 +20.940 +17.696 +21.158 +19.768 +19.754
 +17.922 +17.858 +20.386 +20.161 +20.042 +18.596 +19.685 +18.564 +18.924
 +17.948 +19.783 +21.351 +18.516 +19.606 +21.287 +20.669 +23.524 +20.652
 +18.224 +22.086 +21.843 +18.808 +21.307 +19.843 +19.610 +22.567 +18.042
 +18.024 +21.134 +19.376 +19.036 +18.453 +19.433 +19.843 +13.544 +19.835
 +19.886 +21.957 +17.529 +23.054 +18.468 +19.461 +17.673 +17.661 +20.384
 +17.438 +17.609 +21.074 +19.721 +21.557 +20.477 +19.414 +18.249 +20.003
 +21.913 +21.032 +18.652 +19.131 +18.602 +22.407 +19.605 +18.013 +17.096
 +20.815 +18.961 +18.974 +19.670 +20.171 +19.195 +20.332 +20.281 +20.936
 +17.574 +19.909 +17.722 +19.269 +19.195 +19.488 +18.427 +20.628 +19.363
 +20.169 +18.115 +22.799 +20.146 +21.399 +21.484 +18.802 +17.679 +18.327
 +19.657 +22.488 +21.357 +20.218 +21.292 +18.104 +22.003 +17.621 +18.291
 +19.639 +20.480 +19.369 +19.619 +19.858 +17.430 +23.116 +18.937 +18.230
 +16.033 +21.002 +18.353 +22.926 +17.166 +19.088 +20.116 +20.212 +19.949
 +22.230 +21.542 +18.507 +21.952 +19.657 +19.877 +21.347 +19.296 +20.448
 +19.069 +23.108 +20.885 +18.505 +18.837 +18.122 +18.352 +18.215 +20.683
 +17.948 +19.205 +19.442 +18.040 +20.389 +18.850 +21.173 +19.472 +21.627
 +18.753 +18.138 +19.080 +20.303 +18.235 +19.532 +20.075 +19.770 +21.045
 +20.815 +20.827 +21.169 +20.126 +17.698 +17.552 +22.758 +17.963 +21.599
 +19.975 +20.293 +19.915 +22.179 +13.615 +22.139 +20.129 +19.627 +16.876
 +19.098 +18.400 +17.907 +21.799 +21.153 +17.686 +16.459 +19.441 +19.336
 +18.404 +19.967 +18.442 +18.489 +19.780 +21.048 +18.464 +18.457 +18.098
 +18.051 +17.873 +20.694 +18.420 +18.540 +19.920 +20.540 +20.975 +21.028
 +19.876 +18.182 +21.902 +22.287 +22.681 +18.754 +20.157 +18.160 +17.350
 +19.059 +18.242 +20.272 +19.662 +20.662 +20.257 +18.559 +20.197 +19.545
 +17.776 +21.052 +18.964 +18.549 +19.182 +17.961 +22.152 +18.019 +22.225
 +18.378 +18.971 +19.379 +20.242 +21.902 +19.515 +18.128 +20.601 +24.011
 +19.438 +18.782 +19.586 +18.176 +19.049 +19.179 +21.132 +20.335 +19.121
 +19.083 +21.024 +20.597 +20.008 +19.462 +20.510 +20.096 +23.044 +19.359
 +17.948 +18.363 +18.898 +17.639 +20.357 +21.924 +19.089 +20.255 +19.548
 +18.877 +17.655 +20.362 +22.810 +20.003 +17.737 +20.795 +18.092 +18.114
 +18.195 +19.839 +20.463 +20.829 +17.778 +22.630 +18.238 +18.595 +18.083
 +19.221 +19.021 +20.485 +19.258 +20.241 +20.290 +23.878 +19.986 +18.719
 +22.328 +20.508 +21.777 +20.195 +23.645 +23.559 +19.376 +22.749 +17.635
 +20.851]
Dual slacks:        [+0.000 +0.000 +0.000 +0.000 +0.000 +0.000 +0.000 +0.000 +0.000 +0.000
 +0.000 +0.000 +0.000 +0.000 +0.000 +0.000 +0.000 +0.000 +0.000 +0.000
 +0.000 +0.000 +0.000 +0.000 +0.000 +0.000 +0.000 +0.000 +0.000 +0.000
 +0.000 +0.000 +0.000 +0.000 +0.000 +0.000 +0.000 +0.000 +0.000 +0.000
 +0.000 +0.000 +0.000 +0.000 +0.000 +0.000 +0.000 +0.000 +0.000 +0.000
 +0.000 +0.000 +0.000 +0.000 +0.000 +0.000 +0.000 +0.000 +0.000 +0.000
 +0.000 +0.000 +0.000 +0.000 +0.000 +0.000 +0.000 +0.000 +0.000 +0.000
 +0.000 +0.000 +0.000 +0.000 +0.000 +0.000 +0.000 +0.000 +0.000 +0.000
 +0.000 +0.000 +0.000 +0.000 +0.000 +0.000 +0.000 +0.000 +0.000 +0.000
 +0.000 +0.000 +0.000 +0.000 +0.000 +0.000 +0.000 +0.000 +0.000 +0.000
 +0.000 +0.000 +0.000 +0.000 +0.000 +0.000 +0.000 +0.000 +0.000 +0.000
 +0.000 +0.000 +0.000 +0.000 +0.000 +0.000 +0.000 +0.000 +1.194 +0.000
 +0.000 +0.000 +0.000 +0.000 +0.000 +0.000 +0.000 +0.000 +0.000 +0.000
 +0.000 +0.000 +0.000 +0.000 +0.000 +0.000 +0.000 +0.000 +0.000 +0.000
 +0.000 +0.000 +0.000 +0.000 +0.000 +0.000 +0.000 +0.000 +0.000 +0.000
 +0.000 +0.000 +0.000 +0.000 +0.000 +0.000 +0.000 +0.000 +0.000 +0.000
 +0.000 +0.000 +0.000 +0.000 +0.000 +0.000 +0.000 +0.000 +0.000 +0.000
 +0.000 +0.000 +0.000 +0.000 +0.000 +0.000 +0.000 +0.000 +0.000 +0.000
 +0.000 +0.000 +0.000 +0.000 +0.000 +0.000 +0.000 +0.000 +0.000 +0.000
 +0.000 +0.000 +0.000 +0.000 +0.000 +0.000 +0.000 +0.000 +0.000 +0.000
 +0.000 +0.000 +0.000 +0.000 +0.000 +0.000 +0.000 +0.000 +0.000 +0.000
 +0.000 +0.000 +0.000 +0.000 +0.000 +0.000 +0.000 +0.000 +0.000 +0.000
 +0.000 +0.000 +0.000 +0.000 +0.000 +0.000 +0.000 +0.000 +0.000 +0.000
 +0.000 +0.000 +0.000 +0.000 +0.000 +0.000 +0.000 +0.000 +0.000 +0.000
 +0.000 +0.000 +0.000 +0.000 +0.000 +0.000 +0.000 +0.000 +0.000 +0.000
 +0.000 +0.000 +0.000 +0.000 +0.000 +0.000 +0.000 +0.000 +0.000 +0.000
 +0.000 +0.000 +0.000 +0.000 +0.000 +0.000 +0.000 +0.000 +0.000 +0.000
 +0.000 +0.000 +0.000 +0.000 +0.000 +0.000 +0.000 +0.000 +0.000 +0.000
 +0.000 +0.000 +0.000 +0.000 +0.000 +0.000 +0.000 +0.000 +0.000 +0.000
 +0.000 +0.000 +0.000 +0.000 +0.000 +0.000 +0.000 +0.000 +0.000 +0.000
 +0.000 +0.000 +0.000 +0.000 +0.000 +0.000 +0.000 +0.000 +0.000 +0.000
 +0.000 +0.000 +0.000 +0.000 +0.000 +0.000 +0.000 +0.000 +0.000 +0.000
 +0.000 +0.000 +0.000 +0.000 +0.000 +0.000 +0.000 +0.000 +0.000 +0.000
 +0.000 +0.000 +0.000 +0.000 +0.000 +0.000 +0.000 +0.000 +0.000 +0.000
 +0.000 +0.000 +0.000 +0.000 +0.000 +0.000 +0.000 +0.000 +0.000 +0.000
 +0.000 +0.000 +0.000 +0.000 +0.000 +0.000 +0.000 +0.000 +0.000 +0.000
 +0.000 +0.000 +0.000 +0.000 +0.000 +0.000 +0.000 +0.000 +0.000 +0.000
 +0.000 +0.000 +0.000 +0.000 +0.000 +0.000 +0.000 +0.000 +0.000 +0.000
 +0.000 +0.000 +0.000 +0.000 +0.000 +0.000 +0.000 +0.000 +0.000 +0.000
 +0.000 +0.000 +0.000 +0.000 +0.000 +0.000 +0.000 +0.000 +0.000 +0.000
 +0.000 +0.000 +0.000 +0.000 +0.000 +0.000 +0.000 +0.000 +0.000 +0.000
 +0.000 +0.000 +0.000 +0.000 +0.000 +0.000 +0.000 +0.000 +0.000 +0.000
 +0.000 +0.000 +0.000 +0.000 +0.000 +0.000 +0.000 +0.000 +0.000 +0.000
 +0.000 +0.000 +0.000 +0.000 +0.000 +0.000 +0.000 +0.000 +0.000 +0.000
 +0.000 +0.000 +0.000 +0.000 +0.000 +0.000 +0.000 +0.000 +0.000 +0.000
 +0.000 +0.000 +0.000 +0.000 +0.000 +0.000 +0.000 +0.000 +0.000 +0.000
 +0.000 +0.000 +0.000 +0.000 +0.000 +0.000 +0.000 +0.000 +0.000 +0.000
 +0.000 +0.000 +0.000 +0.000 +0.000 +0.000 +0.000 +0.000 +0.000 +0.000
 +0.000 +0.000 +0.000 +0.000 +0.000 +0.000 +0.000 +0.000 +0.000 +0.000
 +0.000 +0.000 +0.000 +0.000 +0.000 +0.000 +0.000 +0.000 +0.000 +0.000
 +0.000 +0.000 +0.000 +0.000 +0.000 +0.000 +0.000 +0.000 +0.000 +0.000
 +0.000 +0.000 +0.000 +0.000 +0.000 +0.000 +0.000 +0.000 +0.000 +0.000
 +0.000 +0.000 +0.000 +0.000 +0.000 +0.000 +0.000 +0.000 +0.000 +0.000
 +0.000 +0.000 +0.000 +0.000 +0.000 +0.000 +0.000 +0.000 +0.000 +0.000
 +0.000 +0.000 +0.000 +0.000 +0.000 +0.000 +0.000 +0.000 +0.000 +0.000
 +0.000 +0.000 +0.000 +0.000 +0.000 +0.000 +0.000 +0.000 +0.000 +0.000
 +0.000 +0.000 +0.000 +0.000 +0.000 +0.000 +0.000 +0.000 +0.000 +0.000
 +0.000 +0.000 +0.000 +0.000 +0.000 +0.000 +0.000 +0.000 +0.000 +0.000
 +0.000 +0.000 +0.000 +0.000 +0.000 +0.000 +0.000 +0.000 +0.000 +0.000
 +0.000 +0.000 +0.000 +0.000 +0.000 +0.000 +0.000 +0.000 +0.000 +0.000
 +0.000 +0.000 +0.000 +0.000 +0.000 +0.000 +0.000 +0.000 +0.000 +0.000
 +0.000 +0.000 +0.000 +0.000 +0.000 +0.000 +0.000 +0.000 +0.000 +0.000
 +0.000 +0.000 +0.000 +0.000 +0.000 +0.000 +0.000 +0.000 +0.000 +0.000
 +0.000 +0.000 +0.000 +0.000 +0.000 +0.000 +0.000 +0.000 +0.000 +0.000
 +0.000 +0.000 +0.000 +0.000 +0.000 +0.000 +0.000 +0.000 +0.000 +0.000
 +0.000 +0.000 +0.000 +0.000 +0.000 +0.000 +0.000 +0.000 +0.000 +0.000
 +0.000 +1.604 +0.000 +0.000 +0.000 +0.000 +0.000 +0.000 +0.000 +0.000
 +0.000 +0.000 +0.000 +0.000 +0.000 +0.000 +0.000 +0.000 +0.000 +0.000
 +0.000 +0.000 +0.000 +0.000 +0.000 +0.000 +0.000 +0.000 +0.000 +0.000
 +0.000 +0.000 +0.000 +0.000 +0.000 +0.000 +0.000 +0.000 +0.000 +0.000
 +0.000 +0.000 +0.000 +0.000 +0.000 +0.000 +0.000 +0.000 +0.000 +0.000
 +0.000 +0.000 +0.000 +0.000 +0.000 +0.000 +0.000 +0.000 +0.000 +0.000
 +0.000 +0.000 +0.000 +0.000 +0.000 +0.000 +0.000 +0.000 +0.000 +0.000
 +0.000 +0.000 +0.000 +0.000 +0.000 +0.000 +0.000 +0.000 +0.000 +0.000
 +0.000 +0.000 +0.000 +0.000 +0.000 +0.000 +0.000 +0.000 +0.000 +0.000
 +0.000 +0.000 +0.000 +0.000 +0.000 +0.000 +0.000 +0.000 +0.000 +0.000
 +0.000 +0.000 +0.000 +0.000 +0.000 +0.000 +0.000 +0.000 +0.000 +0.000
 +0.000 +0.000 +0.000 +0.000 +0.000 +0.000 +0.000 +0.000 +0.000 +0.000
 +0.000 +0.000 +0.000 +0.000 +0.000 +0.000 +0.000 +0.000 +0.000 +0.000
 +0.000 +0.000 +0.000 +0.000 +0.000 +0.000 +0.000 +0.000 +0.000 +0.000
 +0.000 +0.000 +0.000 +0.000 +0.000 +0.000 +0.000 +0.000 +0.000 +0.000
 +0.000 +0.000 +0.000 +0.000 +0.000 +0.000 +0.000 +0.000 +0.000 +0.000
 +0.000 +0.000 +0.000 +0.000 +0.000 +0.000 +0.000 +0.000 +0.000 +0.000
 +0.000 +0.000 +0.000 +0.000 +0.000 +0.000 +0.000 +0.000 +0.000 +0.000
 +0.000 +0.000 +0.000 +0.000 +0.000 +0.000 +0.000 +0.000 +0.000 +0.000
 +0.000 +0.000 +0.000 +0.000 +0.000 +0.000 +0.000 +0.000 +0.000 +0.000
 +0.000 +0.000 +0.000 +0.000 +0.000 +0.000 +0.000 +0.000 +0.000 +0.000
 +0.000 +0.000 +0.000 +0.000 +0.000 +0.000 +0.000 +0.000 +0.000 +0.000
 +0.000 +0.000 +0.000 +0.000 +0.000 +0.000 +0.000 +0.000 +0.000 +0.000
 +0.000 +0.000 +0.000 +0.000 +0.000 +0.000 +0.000 +0.000 +0.000 +0.000
 +0.000 +0.000 +0.000 +0.000 +0.000 +0.000 +0.000 +0.000 +0.000 +0.000
 +0.000 +0.000 +0.000 +0.000 +0.000 +0.000 +0.000 +0.000 +0.000 +0.000
 +0.000 +0.000 +0.000 +0.000 +0.000 +0.000 +0.000 +0.000 +0.000 +0.000
 +0.000 +0.000 +0.000 +0.000 +0.000 +0.000 +0.000 +0.000 +0.000 +0.000
 +0.000 +0.000 +0.000 +0.000 +0.000 +0.000 +0.000 +0.000 +0.000 +0.000
 +0.000 +0.000 +0.000 +0.000 +0.000 +0.000 +0.000 +0.000 +0.000 +0.000
 +0.000 +0.000 +0.000 +0.000 +0.000 +0.000 +0.000 +0.000 +0.000 +0.000
 +0.000 +0.000 +0.000 +0.000 +0.000 +0.000 +0.000 +0.000 +0.000 +0.000
 +0.000 +0.000 +0.000 +0.000 +0.000 +0.000 +0.000 +0.000 +0.000 +0.000
 +0.000 +0.000 +0.000 +0.000 +0.000 +0.000 +0.000 +0.000 +0.000 +0.000]
Dual variables:     [-1.996 +0.125]

Primal objective:   6.74071693e-01 
Dual objective:     2.28522087e-01 

Primal residual:    2.84e-01
Dual residual:      2.24e-04
Complementraty:     1.42e-01

Number of Iter:     51
Run time:           41.46
