
--------------- Linear optimization problem characteristics ---------------
Seed:                    50
Number of variables:     1000
Number of constraints:   2

Norm of primal sol:      2.00e+00
Norm of dual sol:        2.00e+00
Norm of dual slacks:     2.00e+00

Norm of vector b:        9.60e-02
Norm of vector c:        2.68e+00

Norm of matrix A:        1.00e+00
Condition number:        2.00e+00

----------------------- Linear optimization problem -----------------------
Coeff matrix A:          [[+0.006 -0.030 +0.027 -0.043 -0.014 +0.029 -0.001 -0.014 +0.027 -0.006
 -0.010 +0.007 -0.007 +0.032 -0.039 +0.008 +0.026 +0.018 +0.039 -0.017
 -0.006 -0.006 -0.037 +0.032 -0.008 +0.017 +0.010 +0.005 -0.043 -0.022
 +0.041 +0.004 +0.025 +0.025 -0.023 +0.043 +0.006 +0.018 +0.040 +0.030
 +0.026 -0.010 +0.049 +0.005 +0.019 -0.041 +0.026 -0.003 +0.024 +0.033
 -0.011 +0.000 +0.030 +0.034 -0.004 +0.025 -0.039 +0.031 -0.001 +0.026
 +0.027 -0.026 -0.008 +0.040 +0.027 +0.002 +0.033 -0.046 -0.029 -0.017
 -0.026 -0.040 -0.002 -0.027 -0.025 -0.032 +0.000 +0.016 -0.035 -0.013
 +0.021 +0.029 +0.010 +0.014 -0.015 -0.015 -0.013 +0.011 +0.015 +0.006
 +0.002 -0.017 -0.020 +0.033 -0.027 +0.041 -0.002 +0.019 +0.006 +0.022
 -0.038 -0.031 +0.005 +0.013 +0.026 +0.019 -0.006 -0.039 -0.023 +0.025
 -0.028 -0.026 +0.009 -0.001 +0.006 +0.035 +0.003 -0.028 +0.030 -0.038
 +0.012 -0.023 +0.016 +0.003 -0.019 +0.022 -0.010 +0.011 -0.024 +0.024
 +0.010 +0.027 -0.028 -0.002 -0.006 +0.016 +0.034 -0.025 +0.009 +0.036
 -0.004 -0.032 -0.001 -0.019 -0.049 -0.002 +0.016 -0.014 -0.015 +0.016
 +0.019 -0.002 +0.034 -0.017 -0.022 -0.017 +0.012 -0.029 -0.017 +0.032
 -0.032 -0.027 -0.040 +0.018 -0.009 +0.004 +0.018 -0.022 +0.018 +0.005
 -0.013 -0.008 -0.013 -0.009 +0.008 -0.002 +0.015 +0.019 +0.002 +0.016
 -0.003 -0.015 +0.014 +0.023 +0.034 -0.009 -0.013 +0.003 -0.000 +0.008
 -0.044 -0.007 +0.009 +0.023 -0.003 -0.002 +0.004 -0.003 -0.044 -0.030
 -0.009 -0.033 +0.001 +0.040 -0.022 -0.018 +0.008 +0.034 -0.025 +0.017
 -0.023 +0.023 -0.007 +0.020 -0.003 -0.020 +0.002 -0.027 -0.020 +0.003
 +0.024 -0.025 -0.022 -0.010 +0.027 -0.024 -0.028 +0.007 -0.016 +0.002
 -0.008 -0.043 +0.043 +0.031 +0.005 +0.016 -0.035 -0.026 +0.002 -0.021
 -0.025 -0.019 +0.014 -0.002 -0.002 -0.044 -0.021 -0.009 -0.007 -0.021
 +0.043 -0.009 -0.042 +0.043 +0.001 +0.005 +0.045 -0.003 +0.006 -0.022
 +0.006 +0.039 -0.005 +0.016 +0.043 +0.000 -0.000 +0.006 +0.031 +0.008
 -0.029 -0.002 +0.015 -0.006 +0.017 -0.014 -0.009 +0.004 +0.027 -0.037
 +0.007 -0.023 +0.012 +0.028 +0.038 +0.018 -0.020 -0.027 +0.024 -0.025
 -0.031 -0.027 +0.027 +0.043 +0.038 -0.029 +0.027 -0.005 +0.044 +0.025
 -0.020 +0.015 -0.005 -0.017 +0.029 -0.027 -0.025 -0.000 +0.044 +0.022
 -0.001 +0.027 +0.008 -0.019 +0.003 -0.013 -0.000 +0.006 +0.011 -0.010
 -0.039 -0.040 -0.026 +0.032 +0.035 +0.019 -0.002 +0.004 -0.023 -0.017
 +0.020 +0.005 -0.041 -0.042 -0.019 -0.022 +0.014 -0.005 -0.022 -0.005
 +0.026 +0.030 -0.005 +0.023 +0.024 +0.017 -0.002 -0.019 +0.045 -0.021
 -0.004 +0.019 +0.044 -0.012 -0.009 +0.025 +0.021 -0.024 -0.016 -0.039
 +0.032 +0.009 +0.027 -0.010 -0.043 -0.017 -0.004 +0.002 -0.013 +0.011
 -0.037 -0.031 +0.007 +0.026 -0.027 -0.010 +0.037 -0.015 -0.001 -0.018
 -0.027 +0.005 +0.021 +0.036 +0.017 +0.012 -0.016 -0.014 -0.035 +0.001
 -0.027 -0.031 +0.027 +0.005 +0.024 -0.024 -0.030 +0.032 -0.038 -0.001
 -0.004 +0.025 -0.038 -0.024 -0.032 -0.019 +0.037 +0.020 +0.004 -0.018
 +0.027 -0.024 +0.009 -0.013 -0.012 +0.040 +0.024 -0.020 -0.045 +0.028
 +0.026 +0.001 -0.025 +0.014 -0.014 +0.028 +0.038 -0.012 +0.027 -0.044
 +0.004 +0.014 -0.023 +0.030 +0.020 +0.013 -0.021 +0.003 +0.010 +0.035
 +0.035 +0.024 -0.032 +0.033 +0.022 +0.029 +0.008 -0.002 -0.023 -0.002
 +0.008 +0.023 -0.030 -0.014 +0.007 -0.013 -0.010 +0.026 -0.019 +0.024
 -0.007 +0.005 +0.000 -0.029 +0.027 +0.012 +0.020 +0.012 +0.033 +0.024
 +0.037 +0.009 -0.027 -0.021 +0.030 +0.021 +0.035 +0.001 -0.023 +0.022
 +0.013 -0.017 -0.010 +0.018 +0.015 +0.004 +0.007 -0.001 +0.002 -0.021
 +0.033 -0.018 +0.006 -0.006 -0.019 -0.039 -0.011 +0.025 +0.013 +0.013
 +0.018 +0.036 +0.027 -0.028 +0.009 +0.013 -0.026 +0.029 -0.029 +0.025
 +0.017 +0.044 -0.020 -0.037 +0.035 -0.026 +0.025 -0.044 +0.027 +0.028
 +0.015 -0.013 +0.024 +0.025 -0.011 -0.018 -0.030 +0.041 +0.012 +0.042
 +0.022 +0.008 -0.038 -0.005 +0.030 -0.008 +0.026 +0.001 +0.003 -0.005
 -0.010 -0.041 -0.001 +0.043 -0.036 +0.019 -0.026 +0.003 -0.028 +0.014
 +0.031 -0.019 -0.031 -0.033 +0.006 -0.010 +0.012 -0.001 +0.000 +0.018
 -0.002 -0.014 +0.009 -0.031 +0.018 +0.043 +0.008 +0.018 +0.026 +0.019
 -0.028 +0.027 +0.011 +0.017 -0.009 +0.002 -0.021 -0.014 -0.000 +0.018
 +0.013 +0.021 -0.016 -0.012 -0.035 +0.048 +0.022 -0.026 -0.037 -0.021
 +0.026 -0.017 -0.013 +0.029 -0.021 +0.040 +0.040 -0.009 +0.021 -0.036
 -0.048 -0.000 +0.023 +0.001 -0.015 -0.032 -0.026 +0.017 -0.019 +0.027
 +0.005 +0.018 +0.032 +0.030 -0.007 +0.016 +0.023 +0.043 +0.030 -0.002
 -0.005 -0.032 -0.000 -0.040 -0.032 +0.042 +0.011 -0.019 +0.031 +0.015
 +0.008 +0.024 +0.024 +0.009 +0.010 +0.027 +0.016 +0.017 +0.019 +0.004
 -0.007 +0.021 -0.012 +0.028 -0.015 -0.002 -0.027 -0.027 +0.001 +0.001
 -0.002 -0.010 +0.008 +0.004 -0.017 +0.011 +0.046 +0.025 +0.017 -0.035
 -0.018 +0.034 -0.035 +0.038 +0.032 -0.039 +0.022 +0.014 +0.001 +0.014
 +0.020 +0.042 +0.026 -0.002 +0.009 +0.028 -0.026 +0.028 -0.009 -0.011
 +0.007 -0.001 -0.002 -0.020 +0.021 -0.014 -0.015 +0.028 -0.009 +0.018
 -0.015 +0.020 +0.029 -0.005 -0.011 +0.023 -0.023 +0.019 -0.002 +0.028
 -0.005 +0.009 +0.034 +0.043 +0.004 -0.010 -0.023 -0.023 +0.007 +0.012
 +0.018 -0.020 -0.022 +0.005 +0.021 +0.044 +0.032 +0.011 -0.021 +0.018
 -0.025 -0.006 +0.022 +0.015 -0.016 -0.026 +0.022 +0.006 +0.016 +0.023
 +0.017 -0.028 -0.028 -0.037 -0.037 +0.011 -0.003 -0.018 +0.017 -0.041
 -0.009 +0.013 -0.007 +0.025 +0.014 +0.006 -0.049 +0.002 -0.004 -0.021
 -0.003 +0.026 -0.038 +0.001 +0.025 +0.018 -0.005 -0.013 +0.000 -0.000
 -0.007 -0.005 -0.044 -0.024 -0.020 -0.016 +0.027 -0.016 -0.006 -0.021
 +0.025 -0.029 -0.018 +0.014 -0.012 +0.016 -0.002 -0.022 -0.043 +0.046
 -0.018 -0.022 -0.017 +0.016 -0.012 -0.002 -0.026 +0.018 +0.010 -0.017
 -0.047 +0.019 +0.037 -0.021 -0.036 -0.000 -0.038 -0.017 -0.039 -0.005
 +0.037 +0.032 -0.023 -0.027 +0.030 -0.024 -0.031 -0.024 +0.015 -0.027
 +0.032 -0.020 +0.013 -0.033 -0.015 +0.016 +0.026 -0.022 +0.040 +0.025
 -0.002 -0.024 +0.014 +0.012 +0.029 -0.015 -0.018 +0.001 -0.009 +0.030
 -0.032 -0.027 -0.004 +0.015 +0.043 -0.027 +0.016 -0.030 -0.034 +0.031
 -0.021 -0.022 +0.022 -0.020 +0.006 -0.019 +0.000 +0.037 +0.016 +0.019
 -0.016 -0.015 +0.023 +0.035 +0.010 -0.017 -0.011 -0.029 -0.025 +0.031
 +0.022 +0.019 -0.017 +0.005 -0.014 +0.010 +0.021 -0.043 -0.012 +0.026
 -0.001 +0.026 +0.037 +0.011 +0.019 +0.045 +0.015 -0.020 +0.010 -0.012
 -0.035 -0.012 +0.024 +0.036 -0.010 +0.017 -0.009 +0.021 -0.003 +0.036
 -0.012 -0.042 -0.011 -0.006 +0.035 +0.032 +0.028 +0.039 +0.020 -0.034
 -0.048 +0.009 -0.006 +0.021 -0.040 +0.027 +0.031 +0.002 -0.027 -0.038
 -0.028 -0.008 +0.020 -0.010 +0.022 +0.012 +0.049 +0.030 -0.047 +0.027
 +0.019 +0.039 -0.004 -0.037 +0.027 -0.018 -0.018 +0.042 +0.009 +0.026
 -0.005 +0.012 -0.015 +0.006 +0.043 -0.021 -0.012 -0.032 -0.042 -0.013
 +0.021 +0.004 -0.027 -0.012 -0.037 -0.003 -0.016 +0.034 -0.029 +0.048
 -0.014 -0.011 +0.007 +0.024 +0.024 +0.002 -0.013 -0.021 +0.011 +0.016
 -0.002 -0.002 -0.012 +0.012 +0.020 -0.029 -0.033 +0.016 -0.041 +0.030
 -0.046 -0.031 -0.014 -0.011 +0.016 -0.016 +0.014 -0.045 -0.002 +0.023
 -0.025 -0.021 +0.015 +0.029 +0.017 +0.009 +0.011 +0.009 +0.012 +0.026
 +0.002 -0.005 -0.017 +0.033 +0.010 -0.017 -0.007 +0.016 +0.028 +0.022]
                          [-0.010 -0.024 +0.047 -0.030 -0.042 +0.023 +0.016 -0.034 +0.040 -0.009
 +0.030 +0.002 -0.039 +0.010 -0.043 -0.001 -0.029 +0.028 +0.025 -0.036
 +0.019 +0.021 -0.043 +0.037 -0.019 -0.019 -0.024 -0.029 -0.047 -0.031
 +0.026 -0.005 -0.028 +0.034 +0.014 +0.049 +0.031 -0.007 +0.028 +0.039
 -0.006 -0.004 +0.054 +0.004 +0.002 -0.031 +0.026 -0.008 -0.026 +0.005
 -0.036 -0.033 +0.024 +0.025 -0.033 -0.016 -0.022 -0.011 -0.031 +0.032
 +0.040 -0.033 -0.007 +0.024 +0.047 +0.036 +0.005 -0.045 -0.026 -0.001
 +0.003 -0.045 -0.005 -0.045 -0.048 -0.024 -0.018 +0.033 -0.041 +0.010
 -0.026 +0.026 +0.011 +0.015 -0.020 +0.007 +0.031 +0.042 +0.009 -0.030
 -0.033 -0.019 +0.004 +0.018 +0.019 +0.032 -0.023 +0.044 -0.009 +0.017
 -0.015 -0.026 -0.019 +0.033 +0.041 -0.018 +0.002 -0.048 -0.010 +0.047
 -0.016 -0.016 +0.003 -0.028 -0.005 +0.050 +0.029 -0.026 +0.030 -0.049
 +0.034 -0.019 -0.026 +0.021 -0.039 +0.007 -0.020 +0.037 -0.019 -0.014
 +0.040 +0.018 +0.021 +0.010 +0.010 +0.008 +0.028 -0.004 -0.034 +0.048
 -0.035 -0.045 -0.023 +0.008 -0.051 -0.016 +0.012 +0.009 -0.016 +0.034
 +0.018 -0.003 +0.037 -0.044 -0.038 +0.010 +0.017 -0.022 -0.019 -0.003
 -0.027 -0.022 -0.049 -0.005 +0.032 +0.041 +0.025 -0.033 +0.007 -0.027
 -0.021 -0.011 -0.018 -0.013 -0.028 -0.038 +0.023 -0.009 +0.014 -0.002
 -0.032 +0.030 +0.015 +0.044 +0.030 -0.004 +0.024 +0.020 +0.007 -0.008
 -0.033 +0.022 +0.030 +0.040 +0.011 -0.033 +0.027 +0.024 -0.031 -0.045
 +0.015 -0.014 -0.012 +0.033 +0.027 +0.017 -0.017 +0.051 -0.002 -0.012
 +0.015 +0.011 -0.005 +0.041 -0.018 -0.014 +0.039 -0.023 +0.010 -0.023
 +0.008 +0.013 -0.000 +0.007 +0.041 +0.023 +0.013 -0.032 -0.006 +0.038
 +0.005 -0.053 +0.034 -0.005 +0.034 -0.027 -0.012 +0.031 -0.030 -0.035
 +0.006 -0.003 -0.033 -0.021 -0.007 -0.049 -0.022 -0.013 -0.026 -0.038
 +0.043 -0.030 -0.040 +0.045 +0.000 -0.012 +0.049 -0.038 -0.011 -0.014
 +0.022 +0.021 -0.031 -0.024 +0.047 +0.036 +0.035 +0.008 +0.029 +0.038
 +0.006 +0.033 +0.002 +0.012 +0.018 +0.006 +0.003 +0.037 +0.009 -0.014
 -0.019 +0.021 -0.035 +0.024 +0.031 -0.007 -0.035 -0.012 +0.023 -0.013
 -0.036 -0.029 +0.031 +0.033 +0.047 -0.002 +0.005 -0.006 +0.046 +0.002
 +0.005 -0.000 -0.001 +0.006 +0.039 -0.024 -0.009 -0.019 +0.034 +0.009
 -0.020 +0.048 +0.023 -0.034 -0.011 +0.006 +0.011 +0.020 -0.007 -0.005
 -0.024 -0.046 -0.040 +0.010 +0.023 -0.019 +0.036 +0.009 +0.030 +0.003
 +0.030 -0.000 -0.041 -0.052 -0.011 +0.031 +0.019 +0.011 -0.012 -0.023
 +0.041 +0.045 +0.019 +0.038 +0.020 -0.034 -0.023 +0.033 +0.046 -0.011
 -0.037 +0.043 +0.049 +0.032 +0.005 +0.023 +0.035 +0.010 -0.022 -0.037
 +0.048 +0.041 +0.031 -0.038 -0.046 -0.022 +0.018 -0.002 -0.013 -0.001
 -0.034 -0.029 -0.002 +0.010 +0.027 +0.023 +0.026 +0.032 -0.036 +0.003
 +0.005 -0.025 +0.041 +0.016 -0.009 +0.039 -0.000 -0.004 -0.007 -0.017
 -0.007 -0.033 +0.002 +0.008 +0.014 -0.000 -0.045 +0.022 -0.013 +0.023
 +0.012 +0.003 -0.037 -0.007 +0.007 +0.006 +0.029 +0.013 +0.032 -0.033
 +0.033 -0.014 -0.006 +0.024 -0.024 +0.030 -0.025 -0.021 -0.051 +0.011
 -0.021 +0.004 -0.002 -0.003 -0.012 +0.001 +0.030 -0.026 -0.009 -0.054
 -0.006 +0.024 -0.010 +0.030 -0.024 +0.027 -0.027 +0.019 +0.003 +0.033
 +0.037 -0.017 +0.007 -0.002 -0.024 -0.003 -0.032 +0.033 -0.021 -0.038
 +0.006 +0.044 -0.008 +0.025 +0.042 -0.039 -0.016 +0.029 +0.003 +0.003
 +0.027 +0.039 -0.010 -0.042 +0.031 -0.021 +0.039 +0.025 +0.020 +0.022
 +0.010 +0.003 -0.039 +0.020 +0.006 -0.019 +0.028 -0.010 -0.002 +0.005
 +0.036 -0.007 -0.020 +0.013 +0.009 -0.024 -0.002 +0.015 +0.032 -0.004
 +0.011 -0.012 -0.021 +0.035 -0.025 -0.035 -0.043 +0.028 -0.030 -0.002
 -0.015 +0.018 +0.002 -0.031 +0.042 +0.012 -0.043 -0.012 +0.003 +0.042
 +0.014 +0.047 -0.027 -0.009 +0.007 -0.044 -0.025 -0.041 +0.024 +0.029
 +0.021 +0.003 +0.020 -0.021 +0.003 -0.013 -0.012 +0.034 -0.014 +0.050
 -0.020 -0.034 -0.039 +0.027 +0.010 -0.043 -0.024 +0.013 -0.019 -0.001
 +0.035 -0.037 +0.011 +0.051 -0.020 +0.008 -0.047 -0.011 -0.006 -0.016
 +0.017 -0.019 -0.045 -0.022 +0.027 -0.021 -0.017 -0.000 +0.034 +0.030
 +0.024 +0.007 +0.011 -0.012 -0.006 +0.027 -0.026 +0.033 -0.020 +0.037
 +0.010 -0.008 +0.025 -0.012 +0.013 -0.033 -0.041 +0.013 -0.002 -0.021
 +0.031 -0.016 +0.003 +0.028 -0.023 +0.054 -0.027 -0.000 -0.042 -0.032
 +0.006 -0.009 +0.026 +0.042 +0.027 +0.038 +0.018 -0.020 -0.031 -0.015
 -0.056 -0.024 +0.020 -0.024 +0.007 +0.004 -0.016 +0.020 +0.018 +0.043
 +0.015 +0.006 +0.002 -0.011 +0.015 +0.015 -0.014 +0.052 +0.022 +0.027
 -0.036 -0.038 +0.036 -0.025 -0.029 +0.052 -0.014 +0.009 -0.008 +0.017
 +0.007 +0.002 -0.002 +0.010 +0.029 +0.039 -0.003 +0.024 +0.038 -0.003
 -0.037 +0.040 -0.003 +0.013 +0.023 +0.022 -0.004 -0.024 -0.028 -0.029
 +0.021 +0.036 +0.031 +0.017 -0.004 -0.033 +0.047 +0.036 +0.041 -0.018
 +0.001 +0.009 -0.026 +0.041 +0.039 -0.016 +0.044 +0.023 -0.000 +0.038
 +0.008 +0.050 +0.029 +0.004 +0.041 +0.010 +0.029 +0.012 +0.032 +0.003
 -0.019 -0.023 -0.025 -0.024 +0.031 -0.035 -0.030 +0.034 +0.007 +0.007
 -0.032 +0.032 -0.006 -0.017 +0.002 +0.036 -0.029 -0.019 +0.020 -0.022
 +0.037 -0.006 +0.024 +0.047 +0.004 -0.007 +0.008 +0.013 +0.037 -0.021
 +0.009 -0.039 -0.008 -0.024 -0.030 +0.043 +0.004 -0.018 -0.029 -0.004
 -0.047 +0.025 -0.026 +0.018 +0.006 -0.047 -0.012 +0.003 +0.022 -0.000
 +0.025 +0.017 -0.029 -0.040 -0.016 +0.015 -0.029 +0.023 -0.001 -0.035
 +0.010 +0.035 +0.005 -0.002 +0.039 -0.037 -0.054 +0.003 +0.026 +0.021
 -0.018 +0.021 -0.031 -0.011 +0.012 -0.008 -0.037 -0.032 -0.028 -0.026
 -0.004 +0.006 -0.052 -0.012 +0.013 -0.015 -0.016 -0.035 +0.024 -0.043
 +0.033 +0.001 +0.016 +0.008 +0.016 -0.030 -0.028 -0.004 -0.038 +0.049
 +0.015 +0.026 -0.004 +0.029 -0.000 -0.006 -0.037 +0.034 +0.037 +0.033
 -0.049 -0.007 +0.043 -0.039 -0.049 +0.024 -0.024 +0.007 -0.050 +0.034
 +0.048 +0.007 +0.011 -0.028 +0.037 +0.026 -0.018 -0.028 +0.024 -0.019
 +0.029 -0.002 +0.025 -0.010 -0.016 -0.023 +0.031 -0.012 +0.038 +0.025
 -0.020 -0.005 +0.044 +0.013 +0.003 -0.014 +0.000 -0.013 +0.016 -0.001
 -0.043 -0.019 -0.033 +0.037 +0.042 -0.041 -0.000 -0.009 -0.028 +0.008
 -0.037 +0.018 +0.002 +0.014 -0.018 -0.002 +0.030 +0.038 -0.011 +0.018
 +0.000 +0.010 +0.009 +0.009 -0.005 -0.015 +0.023 +0.017 +0.026 +0.034
 -0.022 -0.031 -0.027 +0.002 +0.021 +0.037 -0.029 -0.029 -0.023 +0.035
 +0.016 +0.043 +0.011 +0.038 +0.025 +0.049 -0.031 -0.015 +0.025 +0.020
 -0.042 -0.028 -0.029 +0.027 +0.009 +0.009 +0.024 +0.006 +0.012 +0.026
 +0.010 -0.035 +0.014 -0.027 +0.035 +0.035 +0.033 +0.015 -0.003 -0.016
 -0.054 +0.010 +0.022 -0.019 -0.024 +0.030 +0.010 +0.023 -0.008 -0.048
 -0.010 -0.039 +0.028 +0.008 -0.017 -0.024 +0.049 +0.035 -0.048 -0.026
 +0.005 +0.051 +0.003 -0.023 +0.041 -0.006 -0.033 +0.026 +0.021 +0.030
 +0.030 +0.022 -0.037 -0.004 +0.031 -0.037 +0.001 -0.048 -0.030 -0.042
 +0.026 +0.011 -0.041 +0.024 -0.012 +0.013 +0.003 +0.021 +0.014 +0.056
 -0.030 -0.001 +0.021 +0.039 +0.000 -0.023 -0.007 -0.029 -0.006 -0.007
 +0.026 +0.008 -0.043 +0.003 +0.019 -0.020 -0.050 -0.005 -0.049 +0.011
 -0.047 -0.048 +0.032 -0.037 +0.038 -0.002 +0.037 -0.053 -0.012 -0.006
 -0.046 +0.020 +0.001 +0.034 -0.014 +0.033 +0.031 -0.018 -0.021 +0.048
 +0.004 +0.036 -0.028 -0.001 -0.001 -0.018 -0.019 +0.000 +0.013 +0.021]]

RHS vector b:            [+0.062 +0.073]
Obj vector c:            [+0.004 -0.074 +0.085 -0.101 -0.056 +0.071 +0.011 -0.052 +0.080 -0.018
 +0.003 +0.013 -0.043 +0.067 -0.104 +0.013 +0.026 +0.055 +0.091 -0.058
 +0.004 +0.005 -0.100 +0.087 -0.029 +0.145 +0.000 -0.013 -0.116 -0.063
 +0.096 +0.003 +0.026 +0.072 -0.033 +0.117 +0.033 +0.028 +0.096 +0.085
 +0.044 -0.022 +0.132 +0.012 +0.036 -0.099 +0.067 -0.013 +0.025 +0.065
 -0.048 -0.024 +0.073 +0.082 -0.031 +0.035 -0.088 +0.050 -0.025 +0.073
 +0.080 -0.074 -0.020 +0.092 +0.085 +0.031 +0.065 -0.119 -0.073 -0.032
 -0.047 -0.107 -0.008 -0.085 -0.081 -0.077 -0.013 +0.054 -0.096 -0.017
 +0.019 +0.074 +0.027 +0.038 -0.042 +1.972 -0.001 +0.051 +0.035 -0.010
 -0.020 -0.046 -0.035 +0.074 -0.035 +0.099 -0.020 +0.068 +0.005 +0.053
 -0.082 -0.077 -0.006 +0.049 +0.080 +0.023 -0.010 -0.107 -0.051 +0.081
 -0.063 -0.060 +0.018 -0.023 +0.007 +0.101 +0.026 -0.072 +0.078 -0.106
 +0.048 -0.057 +0.010 +0.021 -0.064 +0.046 -0.035 +0.048 -0.058 +0.035
 +0.049 +0.063 -0.037 +0.003 -0.003 +0.037 +0.084 -0.049 -0.008 +0.102
 -0.033 -0.094 -0.020 -0.030 -0.128 -0.016 +0.038 -0.018 -0.040 +0.055
 +0.049 -0.006 +0.091 -0.065 -0.069 -0.025 +0.034 -0.070 -0.047 +0.058
 -0.080 -0.067 -0.111 +0.029 +0.007 +0.037 +0.052 -0.066 +0.038 -0.011
 -0.041 -0.023 -0.038 -0.026 -0.006 -0.031 +0.044 +0.030 +0.014 +0.028
 -0.030 -0.006 +0.037 +0.076 +0.085 -0.021 -0.007 +0.020 +0.004 +0.010
 -0.105 +0.004 +0.040 +0.072 +0.004 -0.029 +0.027 +0.013 -0.105 -0.090
 -0.005 -0.071 -0.007 +0.099 -0.021 -0.020 +0.001 +0.101 -0.047 +0.022
 -0.032 +0.052 -0.017 +0.068 -0.020 -0.047 +0.033 -0.066 -0.030 -0.011
 +0.050 -0.037 -0.041 -0.013 +0.080 -0.027 -0.041 -0.010 -0.035 +0.033
 -0.011 -0.119 +0.105 +0.054 +0.034 +0.009 -0.074 -0.025 -0.019 -0.065
 -0.042 -0.038 +0.002 -0.019 -0.008 -0.119 -0.055 -0.027 -0.032 -0.067
 +0.111 -0.040 -0.108 +0.113 +0.002 +0.001 +0.120 -0.034 +0.004 -0.051
 +0.027 +0.087 -0.032 +0.012 +0.115 +0.027 +0.025 +0.017 +0.079 +0.043
 -0.051 +0.021 +0.030 -0.002 +0.045 -0.022 -0.015 +0.034 +0.057 -0.080
 -0.001 -0.027 -0.003 +0.070 +0.093 +0.028 -0.064 -0.058 +0.061 -0.057
 -0.084 -0.072 +0.073 +0.105 +0.105 -0.055 +0.053 -0.013 +0.116 +0.048
 -0.034 +0.027 -0.010 -0.026 +0.083 -0.068 -0.052 -0.015 +0.108 +0.047
 -0.018 +0.085 +0.032 -0.061 -0.002 -0.020 +0.007 +0.026 +0.015 -0.023
 -0.090 -0.109 -0.077 +0.066 +0.081 +0.021 +0.022 +0.015 -0.020 -0.030
 +0.059 +0.009 -0.107 -0.117 -0.043 -0.018 +0.040 -0.001 -0.051 -0.028
 +0.079 +0.090 +0.005 +0.072 +0.059 +0.006 -0.020 -0.012 +0.117 -0.047
 -0.036 +0.068 +0.117 +0.000 -0.014 +0.064 +0.065 -0.037 -0.047 -0.099
 +0.095 +0.048 +0.072 -0.047 -0.114 -0.049 +0.006 +0.001 -0.035 +0.019
 -0.093 -0.079 +0.012 +0.055 -0.030 -0.000 +0.087 -0.003 -0.028 -0.031
 -0.046 -0.010 +0.070 +0.079 +0.025 +0.052 -0.031 -0.029 -0.071 -0.011
 -0.055 -0.082 +0.051 +0.016 +0.055 -0.045 -0.089 +0.076 -0.081 +0.015
 +0.002 +0.049 -0.099 -0.050 -0.053 -0.031 +0.090 +0.047 +0.031 -0.059
 +0.074 -0.054 +0.012 -0.007 -0.040 +0.098 +0.026 -0.053 -0.122 +0.060
 +0.032 +0.005 -0.048 +0.023 -0.035 +0.053 +0.093 -0.041 +0.043 -0.121
 +0.002 +0.043 -0.050 +0.078 +0.019 +0.044 -0.059 +0.020 +0.021 +0.090
 +0.091 +0.032 -0.055 +0.060 +0.023 +0.052 -0.010 +0.021 -0.059 -0.032
 +0.020 +0.076 -0.061 -0.008 +0.044 -0.054 -0.030 +0.069 -0.033 +0.047
 +0.007 +0.039 -0.006 -0.085 +0.073 +0.008 +0.066 +0.041 +0.076 +0.061
 +0.077 +0.019 -0.080 -0.025 +0.060 +0.025 +0.085 -0.005 -0.044 +0.045
 +0.050 -0.038 -0.034 +0.044 +0.034 -0.010 +0.012 +0.009 +0.027 -0.041
 +0.070 -0.042 -0.006 +0.015 -0.053 -0.099 -0.052 +0.068 +0.003 +0.023
 +0.022 +0.080 +0.052 -0.076 +0.048 +0.033 -0.081 +0.044 -0.052 +0.078
 +0.042 +0.117 -0.057 -0.075 +0.070 -0.080 +0.027 -0.112 +0.069 +0.073
 +0.044 -0.021 +0.060 +0.030 -0.018 -0.044 -0.064 +0.101 +0.013 +0.114
 +0.026 -0.010 -0.099 +0.011 +0.064 -0.046 +0.031 +0.012 -0.009 -0.010
 +0.008 -0.104 +0.007 +0.119 -0.082 +0.041 -0.083 -0.003 -0.058 +0.015
 +0.070 -0.050 -0.091 -0.077 +0.031 -0.035 +0.010 -0.001 +0.026 +0.055
 +0.014 -0.021 +0.025 -0.067 +0.029 +0.100 -0.004 +0.057 +0.033 +0.064
 -0.045 +0.044 +0.039 +0.023 -0.007 -0.021 -0.069 -0.016 -0.002 +0.017
 +0.047 +0.028 -0.028 -0.002 -0.082 +0.129 +0.021 -0.048 -0.099 -0.062
 +0.053 -0.038 -0.005 +0.085 -0.019 +0.102 +0.088 -0.030 +0.016 -0.077
 -0.131 -0.019 +0.057 -0.016 -0.023 -0.056 -0.060 +0.046 -0.023 +0.082
 +0.021 +0.038 +0.061 +0.047 -0.002 +0.041 +0.033 +0.118 +0.072 +0.017
 -0.037 -0.088 +0.027 -0.092 -0.081 +0.117 +0.010 -0.028 +0.051 +0.040
 +0.020 +0.046 +0.044 +0.024 +0.040 +0.078 +0.028 +0.050 +0.063 +0.005
 -0.040 +0.069 -0.025 +0.061 -0.012 +0.013 -0.053 -0.068 -0.019 -0.019
 +0.012 +0.008 +0.037 +0.021 -0.035 -0.004 +0.121 +0.074 +0.062 -0.079
 -0.033 +0.069 -0.083 +0.101 +0.089 -0.085 +0.075 +0.043 +0.001 +0.053
 +0.043 +0.115 +0.070 -0.000 +0.046 +0.059 -0.026 +0.062 +0.006 -0.017
 -0.001 -0.019 -0.022 -0.055 +0.061 -0.052 -0.051 +0.078 -0.012 +0.039
 -0.051 +0.060 +0.049 -0.023 -0.019 +0.070 -0.063 +0.021 +0.012 +0.036
 +0.019 +0.012 +0.080 +0.115 +0.011 -0.023 -0.037 -0.033 +0.041 +0.007
 +0.039 -0.066 -0.046 -0.010 +0.017 +0.113 +0.063 +0.008 -0.061 +0.031
 -0.082 +0.007 +0.022 +0.042 -0.025 -0.082 +0.032 +0.013 +0.047 +0.043
 +0.051 -0.040 -0.074 -0.099 -0.081 +0.033 -0.027 -0.016 +0.032 -0.102
 -0.008 +0.050 -0.010 +0.046 +0.054 -0.017 -0.130 +0.006 +0.011 -0.023
 -0.019 +0.064 -0.093 -0.006 +0.056 +0.027 -0.038 -0.048 -0.021 -0.020
 -0.016 -0.006 -0.120 -0.054 -0.028 -0.041 +0.039 -0.056 +0.007 -0.071
 +0.071 -0.052 -0.022 +0.032 -0.010 +0.008 -0.025 -0.043 -0.108 +0.123
 -0.022 -0.021 -0.035 +0.051 -0.022 -0.009 -0.076 +0.058 +0.047 -0.007
 -0.123 +0.029 +0.101 -0.067 -0.104 +0.017 -0.088 -0.027 -0.109 +0.015
 +0.105 +0.066 -0.035 -0.071 +0.084 -0.024 -0.071 -0.066 +0.046 -0.064
 +0.081 -0.038 +0.043 -0.068 -0.040 +0.012 +0.071 -0.050 +0.103 +0.065
 -0.018 -0.048 +0.058 +0.031 +0.057 -0.039 -0.033 -0.008 -0.005 +0.055
 -0.091 -0.063 -0.032 +0.056 +0.112 -0.080 +0.029 -0.062 -0.085 +0.063
 -0.066 -0.027 +0.042 -0.027 -0.003 -0.037 +0.023 +0.096 +0.021 +0.049
 -0.029 -0.021 +0.050 +0.071 +0.015 -0.042 -0.003 -0.041 -0.026 +0.084
 +0.025 +0.012 -0.052 +0.011 -0.011 +0.046 +0.018 -0.101 -0.040 +0.074
 +0.009 +0.080 +0.076 +0.049 +0.054 +0.119 +0.005 -0.048 +0.037 -0.007
 -0.096 -0.044 +0.023 +0.087 -0.012 +0.039 +0.002 +0.044 +0.003 +0.086
 -0.015 -0.105 -0.010 -0.032 +0.091 +0.086 +0.077 +0.084 +0.036 -0.074
 -0.130 +0.025 +0.006 +0.024 -0.093 +0.072 +0.066 +0.020 -0.056 -0.107
 -0.060 -0.045 +0.057 -0.012 +0.029 +0.004 +0.127 +0.082 -0.123 +0.031
 +0.040 +0.110 -0.005 -0.085 +0.081 -0.038 -0.059 +0.096 +0.031 +0.071
 +0.013 +0.039 -0.055 +0.007 +0.102 -0.066 -0.021 -0.095 -0.100 -0.056
 +0.059 +0.015 -0.080 -0.004 -0.077 +0.005 -0.028 +0.078 -0.044 +0.131
 -0.049 -0.020 +0.029 +0.074 +0.045 -0.013 -0.030 -0.060 +0.015 +0.025
 +0.015 +0.002 -0.054 +0.024 +0.051 -0.069 -0.098 +0.026 -0.113 +0.063
 -0.119 -0.093 -0.003 -0.048 +0.058 -0.030 +0.053 -0.122 -0.012 +0.039
 -0.080 -0.024 +0.028 +0.080 +0.022 +0.041 +0.043 +0.004 +0.006 +0.084
 +0.007 +0.017 -0.052 +0.061 +0.018 -0.044 -0.027 +0.030 +0.062 +0.055]

---------------------------- Optimal solution -----------------------------
Primal variables:         [+0.055 +0.025 +0.028 +0.044 +0.042 +0.111 +0.045 +0.086 +0.084 +0.034
 +0.038 +0.039 +0.016 +0.108 +0.101 +0.062 +0.035 +0.099 +0.075 +0.043
 +0.056 +0.058 +0.103 +0.063 +0.074 +0.000 +0.036 +0.006 +0.020 +0.103
 +0.104 +0.079 +0.081 +0.051 +0.103 +0.045 +0.076 +0.072 +0.066 +0.025
 +0.076 +0.097 +0.088 +0.048 +0.102 +0.087 +0.081 +0.014 +0.102 +0.043
 +0.033 +0.068 +0.052 +0.028 +0.093 +0.020 +0.025 +0.073 +0.053 +0.008
 +0.015 +0.012 +0.053 +0.060 +0.106 +0.065 +0.058 +0.102 +0.102 +0.028
 +0.076 +0.107 +0.025 +0.079 +0.089 +0.104 +0.095 +0.047 +0.001 +0.004
 +0.002 +0.065 +0.042 +0.013 +0.096 +0.000 +0.082 +0.093 +0.045 +0.083
 +0.062 +0.068 +0.033 +0.067 +0.047 +0.060 +0.054 +0.055 +0.102 +0.029
 +0.006 +0.051 +0.045 +0.054 +0.008 +0.065 +0.110 +0.023 +0.024 +0.107
 +0.078 +0.066 +0.042 +0.071 +0.056 +0.010 +0.033 +0.092 +0.019 +0.100
 +0.065 +0.002 +0.041 +0.005 +0.014 +0.020 +0.018 +0.098 +0.101 +0.026
 +0.045 +0.052 +0.092 +0.032 +0.019 +0.051 +0.100 +0.066 +0.046 +0.045
 +0.034 +0.035 +0.046 +0.071 +0.088 +0.004 +0.082 +0.086 +0.027 +0.109
 +0.075 +0.099 +0.027 +0.006 +0.079 +0.106 +0.003 +0.101 +0.081 +0.106
 +0.030 +0.019 +0.036 +0.031 +0.054 +0.015 +0.082 +0.016 +0.063 +0.059
 +0.026 +0.053 +0.052 +0.089 +0.002 +0.079 +0.028 +0.073 +0.071 +0.006
 +0.080 +0.038 +0.061 +0.083 +0.020 +0.028 +0.015 +0.017 +0.104 +0.108
 +0.016 +0.022 +0.011 +0.009 +0.085 +0.023 +0.051 +0.009 +0.037 +0.110
 +0.100 +0.096 +0.043 +0.078 +0.004 +0.056 +0.013 +0.081 +0.048 +0.036
 +0.083 +0.029 +0.054 +0.001 +0.001 +0.063 +0.039 +0.042 +0.041 +0.034
 +0.019 +0.109 +0.086 +0.108 +0.058 +0.026 +0.054 +0.065 +0.056 +0.048
 +0.028 +0.006 +0.071 +0.028 +0.021 +0.057 +0.042 +0.102 +0.006 +0.042
 +0.055 +0.064 +0.090 +0.099 +0.052 +0.011 +0.081 +0.054 +0.078 +0.040
 +0.021 +0.037 +0.061 +0.106 +0.102 +0.078 +0.096 +0.025 +0.089 +0.082
 +0.022 +0.016 +0.041 +0.039 +0.012 +0.019 +0.073 +0.105 +0.028 +0.012
 +0.087 +0.054 +0.068 +0.100 +0.043 +0.012 +0.035 +0.002 +0.066 +0.065
 +0.077 +0.074 +0.026 +0.065 +0.022 +0.073 +0.072 +0.022 +0.003 +0.086
 +0.001 +0.071 +0.084 +0.071 +0.095 +0.070 +0.034 +0.046 +0.019 +0.090
 +0.048 +0.044 +0.063 +0.086 +0.105 +0.036 +0.026 +0.079 +0.095 +0.003
 +0.028 +0.044 +0.025 +0.050 +0.092 +0.068 +0.011 +0.046 +0.101 +0.029
 +0.015 +0.027 +0.100 +0.037 +0.018 +0.033 +0.063 +0.048 +0.068 +0.061
 +0.078 +0.091 +0.096 +0.030 +0.095 +0.030 +0.030 +0.101 +0.052 +0.067
 +0.036 +0.095 +0.109 +0.088 +0.039 +0.022 +0.089 +0.024 +0.081 +0.088
 +0.006 +0.027 +0.033 +0.017 +0.063 +0.040 +0.036 +0.096 +0.034 +0.056
 +0.007 +0.006 +0.066 +0.024 +0.037 +0.023 +0.034 +0.105 +0.094 +0.077
 +0.065 +0.093 +0.057 +0.096 +0.080 +0.020 +0.082 +0.072 +0.049 +0.039
 +0.075 +0.028 +0.039 +0.043 +0.078 +0.057 +0.103 +0.102 +0.039 +0.065
 +0.105 +0.065 +0.091 +0.015 +0.059 +0.079 +0.078 +0.021 +0.007 +0.099
 +0.029 +0.103 +0.037 +0.028 +0.046 +0.085 +0.015 +0.065 +0.096 +0.028
 +0.007 +0.049 +0.035 +0.047 +0.027 +0.011 +0.027 +0.038 +0.062 +0.083
 +0.106 +0.084 +0.048 +0.007 +0.103 +0.045 +0.012 +0.067 +0.032 +0.009
 +0.092 +0.062 +0.015 +0.025 +0.075 +0.087 +0.024 +0.043 +0.070 +0.007
 +0.048 +0.075 +0.079 +0.017 +0.011 +0.076 +0.064 +0.005 +0.042 +0.067
 +0.072 +0.004 +0.030 +0.006 +0.050 +0.099 +0.056 +0.095 +0.044 +0.070
 +0.008 +0.037 +0.004 +0.067 +0.064 +0.099 +0.054 +0.010 +0.102 +0.025
 +0.080 +0.091 +0.077 +0.099 +0.025 +0.024 +0.034 +0.030 +0.096 +0.043
 +0.044 +0.041 +0.106 +0.008 +0.026 +0.003 +0.097 +0.062 +0.018 +0.048
 +0.057 +0.048 +0.000 +0.108 +0.109 +0.050 +0.066 +0.003 +0.070 +0.094
 +0.094 +0.106 +0.027 +0.100 +0.097 +0.070 +0.033 +0.050 +0.077 +0.105
 +0.109 +0.027 +0.070 +0.036 +0.038 +0.054 +0.087 +0.004 +0.046 +0.021
 +0.039 +0.100 +0.107 +0.048 +0.089 +0.085 +0.020 +0.003 +0.070 +0.041
 +0.002 +0.077 +0.065 +0.025 +0.089 +0.013 +0.053 +0.046 +0.038 +0.048
 +0.111 +0.100 +0.028 +0.106 +0.037 +0.004 +0.049 +0.010 +0.109 +0.021
 +0.040 +0.053 +0.059 +0.022 +0.090 +0.032 +0.040 +0.095 +0.015 +0.022
 +0.017 +0.070 +0.012 +0.043 +0.079 +0.097 +0.043 +0.041 +0.059 +0.004
 +0.099 +0.083 +0.100 +0.099 +0.080 +0.023 +0.075 +0.104 +0.102 +0.034
 +0.022 +0.035 +0.028 +0.064 +0.000 +0.023 +0.080 +0.079 +0.062 +0.079
 +0.052 +0.109 +0.005 +0.068 +0.075 +0.067 +0.084 +0.013 +0.024 +0.044
 +0.002 +0.030 +0.034 +0.042 +0.091 +0.103 +0.023 +0.081 +0.109 +0.055
 +0.004 +0.061 +0.004 +0.104 +0.040 +0.001 +0.090 +0.019 +0.073 +0.087
 +0.024 +0.031 +0.100 +0.093 +0.033 +0.073 +0.095 +0.007 +0.011 +0.028
 +0.082 +0.089 +0.073 +0.000 +0.007 +0.093 +0.061 +0.039 +0.077 +0.076
 +0.038 +0.072 +0.055 +0.103 +0.086 +0.009 +0.002 +0.073 +0.054 +0.060
 +0.109 +0.058 +0.060 +0.105 +0.017 +0.031 +0.069 +0.034 +0.093 +0.032
 +0.095 +0.069 +0.097 +0.094 +0.012 +0.087 +0.002 +0.065 +0.081 +0.081
 +0.107 +0.065 +0.058 +0.045 +0.055 +0.100 +0.049 +0.056 +0.029 +0.019
 +0.033 +0.097 +0.106 +0.031 +0.048 +0.098 +0.057 +0.069 +0.063 +0.080
 +0.074 +0.046 +0.085 +0.066 +0.079 +0.110 +0.001 +0.037 +0.049 +0.054
 +0.012 +0.054 +0.087 +0.067 +0.055 +0.067 +0.036 +0.053 +0.031 +0.012
 +0.037 +0.092 +0.040 +0.059 +0.107 +0.057 +0.010 +0.105 +0.057 +0.027
 +0.019 +0.002 +0.025 +0.071 +0.038 +0.110 +0.046 +0.090 +0.003 +0.045
 +0.083 +0.015 +0.047 +0.035 +0.025 +0.098 +0.021 +0.111 +0.004 +0.076
 +0.013 +0.061 +0.065 +0.027 +0.018 +0.069 +0.102 +0.037 +0.010 +0.081
 +0.020 +0.042 +0.094 +0.085 +0.069 +0.069 +0.009 +0.082 +0.052 +0.036
 +0.052 +0.004 +0.013 +0.060 +0.041 +0.077 +0.027 +0.044 +0.074 +0.073
 +0.019 +0.106 +0.029 +0.072 +0.061 +0.101 +0.096 +0.064 +0.077 +0.024
 +0.020 +0.103 +0.071 +0.096 +0.047 +0.047 +0.001 +0.055 +0.038 +0.075
 +0.010 +0.039 +0.030 +0.014 +0.109 +0.027 +0.018 +0.025 +0.025 +0.011
 +0.029 +0.033 +0.065 +0.077 +0.006 +0.085 +0.054 +0.091 +0.045 +0.033
 +0.011 +0.066 +0.023 +0.066 +0.032 +0.018 +0.099 +0.075 +0.084 +0.039
 +0.056 +0.053 +0.090 +0.058 +0.016 +0.029 +0.046 +0.017 +0.095 +0.019
 +0.062 +0.095 +0.060 +0.016 +0.084 +0.023 +0.024 +0.008 +0.104 +0.083
 +0.021 +0.106 +0.054 +0.072 +0.104 +0.007 +0.088 +0.105 +0.035 +0.109
 +0.007 +0.011 +0.009 +0.096 +0.022 +0.058 +0.105 +0.012 +0.093 +0.079
 +0.104 +0.012 +0.034 +0.088 +0.066 +0.019 +0.073 +0.002 +0.016 +0.085
 +0.045 +0.071 +0.092 +0.061 +0.105 +0.069 +0.096 +0.079 +0.040 +0.107
 +0.054 +0.071 +0.024 +0.046 +0.073 +0.030 +0.073 +0.031 +0.066 +0.076
 +0.064 +0.080 +0.004 +0.055 +0.097 +0.066 +0.103 +0.014 +0.012 +0.050
 +0.011 +0.068 +0.020 +0.109 +0.073 +0.073 +0.052 +0.059 +0.060 +0.096
 +0.055 +0.076 +0.013 +0.074 +0.100 +0.103 +0.097 +0.101 +0.065 +0.091
 +0.085 +0.092 +0.075 +0.040 +0.067 +0.028 +0.004 +0.002 +0.032 +0.015
 +0.015 +0.004 +0.015 +0.032 +0.091 +0.009 +0.004 +0.033 +0.077 +0.048
 +0.100 +0.031 +0.073 +0.056 +0.084 +0.067 +0.064 +0.073 +0.089 +0.086
 +0.021 +0.042 +0.062 +0.001 +0.051 +0.034 +0.102 +0.006 +0.103 +0.005
 +0.008 +0.001 +0.088 +0.002 +0.062 +0.005 +0.002 +0.014 +0.061 +0.105
 +0.093 +0.009 +0.079 +0.022 +0.041 +0.022 +0.033 +0.035 +0.034 +0.015
 +0.013 +0.101 +0.077 +0.093 +0.091 +0.002 +0.068 +0.022 +0.087 +0.060
 +0.038 +0.028 +0.096 +0.097 +0.095 +0.101 +0.058 +0.065 +0.108 +0.044]
Dual slacks:              [+0.000 +0.000 +0.000 +0.000 +0.000 +0.000 +0.000 +0.000 +0.000 +0.000
 +0.000 +0.000 +0.000 +0.000 +0.000 +0.000 +0.000 +0.000 +0.000 +0.000
 +0.000 +0.000 +0.000 +0.000 +0.000 +0.127 +0.000 +0.000 +0.000 +0.000
 +0.000 +0.000 +0.000 +0.000 +0.000 +0.000 +0.000 +0.000 +0.000 +0.000
 +0.000 +0.000 +0.000 +0.000 +0.000 +0.000 +0.000 +0.000 +0.000 +0.000
 +0.000 +0.000 +0.000 +0.000 +0.000 +0.000 +0.000 +0.000 +0.000 +0.000
 +0.000 +0.000 +0.000 +0.000 +0.000 +0.000 +0.000 +0.000 +0.000 +0.000
 +0.000 +0.000 +0.000 +0.000 +0.000 +0.000 +0.000 +0.000 +0.000 +0.000
 +0.000 +0.000 +0.000 +0.000 +0.000 +1.996 +0.000 +0.000 +0.000 +0.000
 +0.000 +0.000 +0.000 +0.000 +0.000 +0.000 +0.000 +0.000 +0.000 +0.000
 +0.000 +0.000 +0.000 +0.000 +0.000 +0.000 +0.000 +0.000 +0.000 +0.000
 +0.000 +0.000 +0.000 +0.000 +0.000 +0.000 +0.000 +0.000 +0.000 +0.000
 +0.000 +0.000 +0.000 +0.000 +0.000 +0.000 +0.000 +0.000 +0.000 +0.000
 +0.000 +0.000 +0.000 +0.000 +0.000 +0.000 +0.000 +0.000 +0.000 +0.000
 +0.000 +0.000 +0.000 +0.000 +0.000 +0.000 +0.000 +0.000 +0.000 +0.000
 +0.000 +0.000 +0.000 +0.000 +0.000 +0.000 +0.000 +0.000 +0.000 +0.000
 +0.000 +0.000 +0.000 +0.000 +0.000 +0.000 +0.000 +0.000 +0.000 +0.000
 +0.000 +0.000 +0.000 +0.000 +0.000 +0.000 +0.000 +0.000 +0.000 +0.000
 +0.000 +0.000 +0.000 +0.000 +0.000 +0.000 +0.000 +0.000 +0.000 +0.000
 +0.000 +0.000 +0.000 +0.000 +0.000 +0.000 +0.000 +0.000 +0.000 +0.000
 +0.000 +0.000 +0.000 +0.000 +0.000 +0.000 +0.000 +0.000 +0.000 +0.000
 +0.000 +0.000 +0.000 +0.000 +0.000 +0.000 +0.000 +0.000 +0.000 +0.000
 +0.000 +0.000 +0.000 +0.000 +0.000 +0.000 +0.000 +0.000 +0.000 +0.000
 +0.000 +0.000 +0.000 +0.000 +0.000 +0.000 +0.000 +0.000 +0.000 +0.000
 +0.000 +0.000 +0.000 +0.000 +0.000 +0.000 +0.000 +0.000 +0.000 +0.000
 +0.000 +0.000 +0.000 +0.000 +0.000 +0.000 +0.000 +0.000 +0.000 +0.000
 +0.000 +0.000 +0.000 +0.000 +0.000 +0.000 +0.000 +0.000 +0.000 +0.000
 +0.000 +0.000 +0.000 +0.000 +0.000 +0.000 +0.000 +0.000 +0.000 +0.000
 +0.000 +0.000 +0.000 +0.000 +0.000 +0.000 +0.000 +0.000 +0.000 +0.000
 +0.000 +0.000 +0.000 +0.000 +0.000 +0.000 +0.000 +0.000 +0.000 +0.000
 +0.000 +0.000 +0.000 +0.000 +0.000 +0.000 +0.000 +0.000 +0.000 +0.000
 +0.000 +0.000 +0.000 +0.000 +0.000 +0.000 +0.000 +0.000 +0.000 +0.000
 +0.000 +0.000 +0.000 +0.000 +0.000 +0.000 +0.000 +0.000 +0.000 +0.000
 +0.000 +0.000 +0.000 +0.000 +0.000 +0.000 +0.000 +0.000 +0.000 +0.000
 +0.000 +0.000 +0.000 +0.000 +0.000 +0.000 +0.000 +0.000 +0.000 +0.000
 +0.000 +0.000 +0.000 +0.000 +0.000 +0.000 +0.000 +0.000 +0.000 +0.000
 +0.000 +0.000 +0.000 +0.000 +0.000 +0.000 +0.000 +0.000 +0.000 +0.000
 +0.000 +0.000 +0.000 +0.000 +0.000 +0.000 +0.000 +0.000 +0.000 +0.000
 +0.000 +0.000 +0.000 +0.000 +0.000 +0.000 +0.000 +0.000 +0.000 +0.000
 +0.000 +0.000 +0.000 +0.000 +0.000 +0.000 +0.000 +0.000 +0.000 +0.000
 +0.000 +0.000 +0.000 +0.000 +0.000 +0.000 +0.000 +0.000 +0.000 +0.000
 +0.000 +0.000 +0.000 +0.000 +0.000 +0.000 +0.000 +0.000 +0.000 +0.000
 +0.000 +0.000 +0.000 +0.000 +0.000 +0.000 +0.000 +0.000 +0.000 +0.000
 +0.000 +0.000 +0.000 +0.000 +0.000 +0.000 +0.000 +0.000 +0.000 +0.000
 +0.000 +0.000 +0.000 +0.000 +0.000 +0.000 +0.000 +0.000 +0.000 +0.000
 +0.000 +0.000 +0.000 +0.000 +0.000 +0.000 +0.000 +0.000 +0.000 +0.000
 +0.000 +0.000 +0.000 +0.000 +0.000 +0.000 +0.000 +0.000 +0.000 +0.000
 +0.000 +0.000 +0.000 +0.000 +0.000 +0.000 +0.000 +0.000 +0.000 +0.000
 +0.000 +0.000 +0.000 +0.000 +0.000 +0.000 +0.000 +0.000 +0.000 +0.000
 +0.000 +0.000 +0.000 +0.000 +0.000 +0.000 +0.000 +0.000 +0.000 +0.000
 +0.000 +0.000 +0.000 +0.000 +0.000 +0.000 +0.000 +0.000 +0.000 +0.000
 +0.000 +0.000 +0.000 +0.000 +0.000 +0.000 +0.000 +0.000 +0.000 +0.000
 +0.000 +0.000 +0.000 +0.000 +0.000 +0.000 +0.000 +0.000 +0.000 +0.000
 +0.000 +0.000 +0.000 +0.000 +0.000 +0.000 +0.000 +0.000 +0.000 +0.000
 +0.000 +0.000 +0.000 +0.000 +0.000 +0.000 +0.000 +0.000 +0.000 +0.000
 +0.000 +0.000 +0.000 +0.000 +0.000 +0.000 +0.000 +0.000 +0.000 +0.000
 +0.000 +0.000 +0.000 +0.000 +0.000 +0.000 +0.000 +0.000 +0.000 +0.000
 +0.000 +0.000 +0.000 +0.000 +0.000 +0.000 +0.000 +0.000 +0.000 +0.000
 +0.000 +0.000 +0.000 +0.000 +0.000 +0.000 +0.000 +0.000 +0.000 +0.000
 +0.000 +0.000 +0.000 +0.000 +0.000 +0.000 +0.000 +0.000 +0.000 +0.000
 +0.000 +0.000 +0.000 +0.000 +0.000 +0.000 +0.000 +0.000 +0.000 +0.000
 +0.000 +0.000 +0.000 +0.000 +0.000 +0.000 +0.000 +0.000 +0.000 +0.000
 +0.000 +0.000 +0.000 +0.000 +0.000 +0.000 +0.000 +0.000 +0.000 +0.000
 +0.000 +0.000 +0.000 +0.000 +0.000 +0.000 +0.000 +0.000 +0.000 +0.000
 +0.000 +0.000 +0.000 +0.000 +0.000 +0.000 +0.000 +0.000 +0.000 +0.000
 +0.000 +0.000 +0.000 +0.000 +0.000 +0.000 +0.000 +0.000 +0.000 +0.000
 +0.000 +0.000 +0.000 +0.000 +0.000 +0.000 +0.000 +0.000 +0.000 +0.000
 +0.000 +0.000 +0.000 +0.000 +0.000 +0.000 +0.000 +0.000 +0.000 +0.000
 +0.000 +0.000 +0.000 +0.000 +0.000 +0.000 +0.000 +0.000 +0.000 +0.000
 +0.000 +0.000 +0.000 +0.000 +0.000 +0.000 +0.000 +0.000 +0.000 +0.000
 +0.000 +0.000 +0.000 +0.000 +0.000 +0.000 +0.000 +0.000 +0.000 +0.000
 +0.000 +0.000 +0.000 +0.000 +0.000 +0.000 +0.000 +0.000 +0.000 +0.000
 +0.000 +0.000 +0.000 +0.000 +0.000 +0.000 +0.000 +0.000 +0.000 +0.000
 +0.000 +0.000 +0.000 +0.000 +0.000 +0.000 +0.000 +0.000 +0.000 +0.000
 +0.000 +0.000 +0.000 +0.000 +0.000 +0.000 +0.000 +0.000 +0.000 +0.000
 +0.000 +0.000 +0.000 +0.000 +0.000 +0.000 +0.000 +0.000 +0.000 +0.000
 +0.000 +0.000 +0.000 +0.000 +0.000 +0.000 +0.000 +0.000 +0.000 +0.000
 +0.000 +0.000 +0.000 +0.000 +0.000 +0.000 +0.000 +0.000 +0.000 +0.000
 +0.000 +0.000 +0.000 +0.000 +0.000 +0.000 +0.000 +0.000 +0.000 +0.000
 +0.000 +0.000 +0.000 +0.000 +0.000 +0.000 +0.000 +0.000 +0.000 +0.000
 +0.000 +0.000 +0.000 +0.000 +0.000 +0.000 +0.000 +0.000 +0.000 +0.000
 +0.000 +0.000 +0.000 +0.000 +0.000 +0.000 +0.000 +0.000 +0.000 +0.000
 +0.000 +0.000 +0.000 +0.000 +0.000 +0.000 +0.000 +0.000 +0.000 +0.000
 +0.000 +0.000 +0.000 +0.000 +0.000 +0.000 +0.000 +0.000 +0.000 +0.000
 +0.000 +0.000 +0.000 +0.000 +0.000 +0.000 +0.000 +0.000 +0.000 +0.000
 +0.000 +0.000 +0.000 +0.000 +0.000 +0.000 +0.000 +0.000 +0.000 +0.000
 +0.000 +0.000 +0.000 +0.000 +0.000 +0.000 +0.000 +0.000 +0.000 +0.000
 +0.000 +0.000 +0.000 +0.000 +0.000 +0.000 +0.000 +0.000 +0.000 +0.000
 +0.000 +0.000 +0.000 +0.000 +0.000 +0.000 +0.000 +0.000 +0.000 +0.000
 +0.000 +0.000 +0.000 +0.000 +0.000 +0.000 +0.000 +0.000 +0.000 +0.000
 +0.000 +0.000 +0.000 +0.000 +0.000 +0.000 +0.000 +0.000 +0.000 +0.000
 +0.000 +0.000 +0.000 +0.000 +0.000 +0.000 +0.000 +0.000 +0.000 +0.000
 +0.000 +0.000 +0.000 +0.000 +0.000 +0.000 +0.000 +0.000 +0.000 +0.000
 +0.000 +0.000 +0.000 +0.000 +0.000 +0.000 +0.000 +0.000 +0.000 +0.000
 +0.000 +0.000 +0.000 +0.000 +0.000 +0.000 +0.000 +0.000 +0.000 +0.000
 +0.000 +0.000 +0.000 +0.000 +0.000 +0.000 +0.000 +0.000 +0.000 +0.000
 +0.000 +0.000 +0.000 +0.000 +0.000 +0.000 +0.000 +0.000 +0.000 +0.000
 +0.000 +0.000 +0.000 +0.000 +0.000 +0.000 +0.000 +0.000 +0.000 +0.000
 +0.000 +0.000 +0.000 +0.000 +0.000 +0.000 +0.000 +0.000 +0.000 +0.000
 +0.000 +0.000 +0.000 +0.000 +0.000 +0.000 +0.000 +0.000 +0.000 +0.000]
Dual variables:           [+1.857 +0.743]

Optimal objective:       +1.70049609e-01
===========================================================================

Method:                  II-QIPM
LO_Precision:            1.00e-01
Stop_Precision:          1.00e-03
LO_Verbosity:            2
Omega:                   1.00e+01

The Quantum Inexact Infeasible Interior-Point Method starts running ...


                  Objective                Residual                                Linear system           Step-length
Iter      Primal           Dual         Primal    Dual     Compl    ||Resl||  Cond-Num  ||M||   ||RHS||    a-star   a-hat      Time
   0   4.51820620e+01  0.00000000e+00  1.40e+01 8.11e+00  2.86e+03  1.40e+01  4.00e+00 1.00e+00 1.40e+01  9.87e-01 9.74e-01      0s
   1   2.44695999e+01  7.50504058e-02  7.25e+00 4.19e+00  1.55e+03  8.70e-01  4.40e+00 4.77e+01 7.68e+01  9.19e-01 4.83e-01      1s
   2   9.94797411e-01  1.70299792e-01  8.07e-01 1.93e-02  9.13e+00  8.07e-01  4.57e+00 1.02e+02 1.01e+02  9.97e-01 9.95e-01      1s
   3   4.68917972e-01  1.70026093e-01  2.45e-01 1.11e-03  5.81e-01 *3.09e-01  4.21e+00 2.21e+04 6.65e+01  9.63e-01 9.42e-01      1s
   4   9.51095010e-01  1.70037875e-01  6.56e-01 6.01e-04  3.28e-01  1.14e+00  4.51e+00 4.68e+05 1.28e+02  9.70e-01 4.59e-01      2s
   5   9.51525167e-01  1.70037882e-01  6.57e-01 6.01e-04  3.28e-01  1.31e+00  4.43e+00 8.91e+05 1.21e+02  9.72e-01 5.52e-04      6s

The solution quality is limited by the precision of the linear system solver.

The algorithm stopped after 6 iterations in 5.83 seconds.

Primal variables:   [+14.871 +15.882 +14.033 +16.466 +15.703 +14.247 +14.666 +15.605 +14.098
 +15.058 +14.659 +14.730 +15.505 +14.353 +16.590 +14.748 +14.822 +14.299
 +14.144 +15.688 +14.711 +14.687 +16.495 +14.089 +15.232 +0.191 +14.986
 +15.130 +16.931 +15.740 +14.117 +14.850 +14.820 +14.170 +15.103 +13.888
 +14.421 +14.672 +14.106 +14.082 +14.570 +15.074 +13.798 +14.725 +14.570
 +16.424 +14.254 +15.009 +14.819 +14.392 +15.551 +15.262 +14.230 +14.182
 +15.343 +14.689 +16.130 +14.571 +15.261 +14.181 +14.100 +15.920 +15.066
 +14.149 +14.029 +14.410 +14.394 +17.021 +15.879 +15.170 +15.329 +16.694
 +14.949 +16.186 +16.144 +15.941 +15.064 +14.275 +16.414 +14.952 +14.857
 +14.213 +14.576 +14.484 +15.395 +0.010 +14.689 +14.241 +14.536 +15.112
 +15.222 +15.434 +15.171 +14.262 +15.110 +14.066 +15.169 +14.133 +14.860
 +14.375 +15.984 +15.945 +15.007 +14.310 +14.091 +14.774 +14.927 +16.711
 +15.457 +14.050 +15.662 +15.616 +14.692 +15.220 +14.819 +13.939 +14.480
 +15.852 +14.169 +16.688 +14.310 +15.586 +14.924 +14.565 +15.807 +14.477
 +15.302 +14.288 +15.605 +14.669 +14.269 +14.320 +15.124 +14.762 +14.822
 +14.529 +14.153 +15.403 +15.116 +13.952 +15.367 +16.368 +15.157 +15.103
 +17.353 +15.085 +14.496 +14.968 +15.348 +14.264 +14.397 +14.913 +14.067
 +15.839 +15.870 +15.036 +14.496 +15.805 +15.442 +14.474 +16.006 +15.747
 +16.799 +14.661 +14.616 +14.339 +14.339 +15.797 +14.526 +15.104 +15.378
 +15.127 +15.332 +15.169 +15.064 +15.367 +14.395 +14.673 +14.660 +14.648
 +15.313 +14.740 +14.483 +14.098 +14.138 +15.063 +14.778 +14.580 +14.773
 +14.813 +16.584 +14.693 +14.381 +14.134 +14.752 +15.310 +14.488 +14.610
 +16.559 +16.293 +14.809 +15.781 +14.982 +14.060 +14.907 +14.951 +14.937
 +13.931 +15.358 +14.748 +15.092 +14.424 +15.031 +14.154 +15.138 +15.422
 +14.379 +15.747 +15.091 +15.079 +14.452 +15.160 +15.272 +14.925 +14.089
 +14.987 +15.211 +15.120 +15.225 +14.380 +14.914 +17.069 +14.029 +14.510
 +14.396 +14.935 +15.831 +14.929 +15.188 +15.794 +15.250 +15.243 +15.028
 +15.144 +14.954 +17.033 +15.574 +15.175 +15.309 +15.848 +13.949 +15.423
 +16.673 +13.930 +14.829 +14.909 +13.875 +15.403 +14.880 +15.474 +14.520
 +14.191 +15.335 +14.891 +13.909 +14.437 +14.453 +14.663 +14.173 +14.317
 +15.371 +14.497 +14.612 +14.795 +14.419 +15.023 +14.965 +14.378 +14.407
 +15.941 +14.965 +14.996 +15.080 +14.246 +14.099 +14.677 +15.774 +15.567
 +14.299 +15.556 +16.121 +15.872 +14.185 +14.038 +13.944 +15.477 +14.451
 +14.996 +13.911 +14.494 +15.159 +14.641 +14.942 +15.066 +14.093 +15.774
 +15.461 +15.085 +14.023 +14.464 +15.123 +14.025 +14.473 +15.730 +14.923
 +15.004 +14.728 +14.534 +14.770 +15.096 +16.174 +16.739 +16.024 +14.355
 +14.204 +14.794 +14.476 +14.678 +14.873 +15.127 +14.268 +14.771 +16.673
 +16.984 +15.352 +14.847 +14.440 +14.798 +15.465 +15.242 +14.101 +14.019
 +14.701 +14.152 +14.333 +15.000 +15.160 +14.779 +13.906 +15.412 +15.413
 +14.137 +13.887 +14.673 +14.945 +14.279 +14.204 +15.174 +15.458 +16.454
 +13.974 +14.269 +14.191 +15.555 +16.878 +15.486 +14.698 +14.851 +15.269
 +14.702 +16.298 +15.994 +14.763 +14.410 +15.000 +14.723 +14.157 +14.701
 +15.325 +15.133 +15.308 +15.079 +14.146 +14.253 +14.708 +14.255 +15.152
 +15.150 +15.743 +15.038 +15.490 +16.073 +14.483 +14.675 +14.384 +15.318
 +16.283 +14.234 +15.965 +14.598 +14.766 +14.489 +16.446 +15.423 +15.399
 +15.123 +14.122 +14.442 +14.426 +15.687 +14.171 +15.513 +14.783 +14.782
 +15.389 +14.084 +14.802 +15.543 +17.139 +14.378 +14.740 +14.783 +15.377
 +14.684 +15.265 +14.476 +14.107 +15.416 +14.593 +17.132 +14.864 +14.393
 +15.439 +14.172 +14.838 +14.376 +15.660 +14.580 +14.662 +14.102 +14.070
 +14.712 +15.421 +14.462 +14.812 +14.506 +15.120 +14.495 +15.624 +15.374
 +14.659 +14.094 +15.585 +14.785 +14.282 +15.649 +15.226 +14.218 +15.158
 +14.501 +14.634 +14.339 +14.958 +16.176 +14.187 +14.904 +14.178 +14.405
 +14.243 +14.303 +14.303 +14.686 +16.065 +14.984 +14.411 +14.768 +14.153
 +14.948 +15.313 +14.501 +14.282 +15.270 +15.291 +14.455 +14.543 +15.075
 +14.758 +14.687 +14.460 +15.294 +14.327 +15.349 +15.019 +14.532 +15.561
 +16.432 +15.660 +14.233 +15.001 +14.677 +14.769 +14.238 +14.475 +15.945
 +14.262 +14.533 +16.105 +14.611 +15.405 +14.099 +14.464 +13.896 +15.620
 +15.832 +14.354 +16.102 +14.789 +16.791 +14.255 +14.202 +14.412 +15.031
 +14.319 +14.752 +14.994 +15.379 +15.647 +14.050 +14.823 +13.892 +14.766
 +15.139 +16.468 +14.605 +14.362 +15.577 +14.764 +14.678 +15.039 +14.943
 +14.586 +16.566 +14.726 +13.862 +16.000 +14.507 +16.174 +14.936 +15.531
 +14.821 +14.291 +15.493 +16.327 +15.927 +14.454 +15.309 +14.863 +14.860
 +14.452 +14.287 +14.599 +15.006 +14.593 +15.706 +14.659 +14.095 +15.033
 +14.262 +14.723 +14.199 +15.275 +14.584 +14.415 +14.741 +14.837 +15.235
 +15.888 +14.926 +14.878 +14.835 +14.333 +14.729 +15.098 +14.715 +16.025
 +13.809 +14.847 +15.363 +16.476 +15.730 +14.446 +15.279 +14.758 +14.067
 +14.881 +14.017 +14.203 +15.253 +14.911 +15.885 +17.461 +15.161 +14.344
 +15.130 +15.024 +15.455 +15.608 +14.399 +14.968 +14.071 +14.598 +14.534
 +14.430 +14.581 +14.781 +14.460 +14.683 +13.864 +14.251 +14.563 +15.418
 +16.224 +14.433 +16.232 +16.041 +13.864 +14.848 +15.073 +14.544 +14.458
 +14.649 +14.513 +14.550 +14.604 +14.386 +14.117 +14.651 +14.355 +14.195
 +14.819 +15.466 +14.156 +15.100 +14.361 +14.831 +14.623 +15.449 +15.773
 +15.180 +15.181 +14.630 +14.581 +14.392 +14.588 +15.221 +15.073 +13.887
 +14.150 +14.185 +15.948 +15.168 +14.348 +16.058 +14.000 +14.061 +16.044
 +14.098 +14.401 +14.837 +14.255 +14.494 +13.885 +14.215 +14.827 +14.276
 +14.390 +14.954 +14.364 +14.618 +14.992 +14.960 +15.155 +15.190 +15.590
 +14.253 +15.601 +15.562 +14.145 +14.921 +14.520 +15.574 +14.246 +14.543
 +15.155 +15.007 +14.174 +15.730 +14.796 +14.639 +14.715 +14.488 +14.783
 +14.204 +13.907 +14.739 +15.102 +15.189 +15.107 +14.340 +14.910 +14.507
 +15.826 +15.380 +15.071 +14.893 +13.941 +14.408 +14.883 +15.695 +14.640
 +16.145 +14.648 +14.839 +14.435 +15.055 +16.150 +14.676 +14.725 +14.389
 +14.544 +14.342 +15.172 +15.898 +16.468 +15.970 +14.513 +15.275 +14.870
 +14.613 +16.511 +14.866 +14.287 +14.915 +14.531 +14.238 +15.220 +17.442
 +14.781 +14.614 +14.955 +15.119 +14.298 +16.272 +14.964 +14.396 +14.689
 +15.437 +15.538 +15.200 +15.176 +15.012 +14.861 +17.094 +15.503 +15.054
 +15.344 +14.663 +15.652 +14.654 +15.937 +14.186 +15.414 +14.973 +14.560
 +14.852 +14.957 +15.234 +15.320 +16.670 +13.862 +14.976 +14.914 +15.217
 +14.316 +15.056 +14.957 +15.990 +14.245 +14.298 +14.739 +17.167 +14.670
 +13.986 +15.849 +16.623 +14.575 +16.151 +15.077 +16.770 +14.531 +13.937
 +14.372 +15.136 +15.847 +14.100 +14.945 +15.801 +15.776 +14.378 +15.694
 +14.168 +15.242 +14.394 +15.711 +15.338 +14.881 +14.199 +15.448 +14.017
 +14.268 +15.128 +15.383 +14.188 +14.539 +14.444 +15.318 +15.168 +14.991
 +14.803 +14.480 +16.304 +15.680 +15.347 +14.248 +13.953 +16.084 +14.627
 +15.614 +16.093 +14.380 +15.817 +15.013 +14.530 +15.042 +14.977 +15.225
 +14.496 +14.041 +14.750 +14.399 +15.132 +14.993 +14.447 +14.338 +14.751
 +15.364 +14.749 +15.193 +14.968 +14.121 +14.783 +14.936 +15.567 +14.747
 +14.839 +14.305 +14.879 +16.459 +15.378 +14.158 +14.680 +14.081 +14.302
 +14.276 +14.325 +13.877 +14.993 +15.441 +14.431 +14.795 +16.404 +15.452
 +14.843 +14.147 +14.904 +14.510 +14.696 +14.500 +14.754 +14.163 +14.929
 +16.579 +14.861 +15.310 +14.084 +14.107 +14.158 +14.239 +14.604 +15.847
 +17.421 +14.593 +14.674 +14.780 +16.243 +14.202 +14.357 +14.558 +15.514
 +16.690 +15.581 +15.536 +14.292 +14.912 +14.733 +14.954 +13.849 +14.120
 +17.166 +14.776 +14.527 +13.899 +14.870 +16.087 +14.089 +15.262 +15.683
 +14.121 +14.490 +14.206 +14.573 +14.435 +15.664 +14.812 +14.063 +15.820
 +15.036 +16.416 +16.436 +15.701 +14.295 +14.658 +16.074 +14.754 +15.879
 +14.732 +15.105 +14.227 +15.245 +13.786 +15.533 +15.041 +14.507 +14.134
 +14.524 +15.100 +15.180 +15.674 +14.761 +14.694 +14.580 +14.787 +15.677
 +14.648 +14.376 +15.770 +16.484 +14.678 +16.866 +14.360 +17.041 +16.380
 +14.703 +15.560 +14.226 +15.152 +14.261 +17.162 +15.022 +14.602 +16.112
 +14.978 +14.629 +14.134 +14.762 +14.357 +14.356 +14.920 +14.921 +14.029
 +14.768 +14.506 +15.561 +14.448 +14.706 +15.402 +15.214 +14.622 +14.353
 +14.345]
Dual slacks:        [+0.000 +0.000 +0.000 +0.000 +0.000 +0.000 +0.000 +0.000 +0.000 +0.000
 +0.000 +0.000 +0.000 +0.000 +0.000 +0.000 +0.000 +0.000 +0.000 +0.000
 +0.000 +0.000 +0.000 +0.000 +0.000 +0.127 +0.000 +0.000 +0.000 +0.000
 +0.000 +0.000 +0.000 +0.000 +0.000 +0.000 +0.000 +0.000 +0.000 +0.000
 +0.000 +0.000 +0.000 +0.000 +0.000 +0.000 +0.000 +0.000 +0.000 +0.000
 +0.000 +0.000 +0.000 +0.000 +0.000 +0.000 +0.000 +0.000 +0.000 +0.000
 +0.000 +0.000 +0.000 +0.000 +0.000 +0.000 +0.000 +0.000 +0.000 +0.000
 +0.000 +0.000 +0.000 +0.000 +0.000 +0.000 +0.000 +0.000 +0.000 +0.000
 +0.000 +0.000 +0.000 +0.000 +0.000 +1.996 +0.000 +0.000 +0.000 +0.000
 +0.000 +0.000 +0.000 +0.000 +0.000 +0.000 +0.000 +0.000 +0.000 +0.000
 +0.000 +0.000 +0.000 +0.000 +0.000 +0.000 +0.000 +0.000 +0.000 +0.000
 +0.000 +0.000 +0.000 +0.000 +0.000 +0.000 +0.000 +0.000 +0.000 +0.000
 +0.000 +0.000 +0.000 +0.000 +0.000 +0.000 +0.000 +0.000 +0.000 +0.000
 +0.000 +0.000 +0.000 +0.000 +0.000 +0.000 +0.000 +0.000 +0.000 +0.000
 +0.000 +0.000 +0.000 +0.000 +0.000 +0.000 +0.000 +0.000 +0.000 +0.000
 +0.000 +0.000 +0.000 +0.000 +0.000 +0.000 +0.000 +0.000 +0.000 +0.000
 +0.000 +0.000 +0.000 +0.000 +0.000 +0.000 +0.000 +0.000 +0.000 +0.000
 +0.000 +0.000 +0.000 +0.000 +0.000 +0.000 +0.000 +0.000 +0.000 +0.000
 +0.000 +0.000 +0.000 +0.000 +0.000 +0.000 +0.000 +0.000 +0.000 +0.000
 +0.000 +0.000 +0.000 +0.000 +0.000 +0.000 +0.000 +0.000 +0.000 +0.000
 +0.000 +0.000 +0.000 +0.000 +0.000 +0.000 +0.000 +0.000 +0.000 +0.000
 +0.000 +0.000 +0.000 +0.000 +0.000 +0.000 +0.000 +0.000 +0.000 +0.000
 +0.000 +0.000 +0.000 +0.000 +0.000 +0.000 +0.000 +0.000 +0.000 +0.000
 +0.000 +0.000 +0.000 +0.000 +0.000 +0.000 +0.000 +0.000 +0.000 +0.000
 +0.000 +0.000 +0.000 +0.000 +0.000 +0.000 +0.000 +0.000 +0.000 +0.000
 +0.000 +0.000 +0.000 +0.000 +0.000 +0.000 +0.000 +0.000 +0.000 +0.000
 +0.000 +0.000 +0.000 +0.000 +0.000 +0.000 +0.000 +0.000 +0.000 +0.000
 +0.000 +0.000 +0.000 +0.000 +0.000 +0.000 +0.000 +0.000 +0.000 +0.000
 +0.000 +0.000 +0.000 +0.000 +0.000 +0.000 +0.000 +0.000 +0.000 +0.000
 +0.000 +0.000 +0.000 +0.000 +0.000 +0.000 +0.000 +0.000 +0.000 +0.000
 +0.000 +0.000 +0.000 +0.000 +0.000 +0.000 +0.000 +0.000 +0.000 +0.000
 +0.000 +0.000 +0.000 +0.000 +0.000 +0.000 +0.000 +0.000 +0.000 +0.000
 +0.000 +0.000 +0.000 +0.000 +0.000 +0.000 +0.000 +0.000 +0.000 +0.000
 +0.000 +0.000 +0.000 +0.000 +0.000 +0.000 +0.000 +0.000 +0.000 +0.000
 +0.000 +0.000 +0.000 +0.000 +0.000 +0.000 +0.000 +0.000 +0.000 +0.000
 +0.000 +0.000 +0.000 +0.000 +0.000 +0.000 +0.000 +0.000 +0.000 +0.000
 +0.000 +0.000 +0.000 +0.000 +0.000 +0.000 +0.000 +0.000 +0.000 +0.000
 +0.000 +0.000 +0.000 +0.000 +0.000 +0.000 +0.000 +0.000 +0.000 +0.000
 +0.000 +0.000 +0.000 +0.000 +0.000 +0.000 +0.000 +0.000 +0.000 +0.000
 +0.000 +0.000 +0.000 +0.000 +0.000 +0.000 +0.000 +0.000 +0.000 +0.000
 +0.000 +0.000 +0.000 +0.000 +0.000 +0.000 +0.000 +0.000 +0.000 +0.000
 +0.000 +0.000 +0.000 +0.000 +0.000 +0.000 +0.000 +0.000 +0.000 +0.000
 +0.000 +0.000 +0.000 +0.000 +0.000 +0.000 +0.000 +0.000 +0.000 +0.000
 +0.000 +0.000 +0.000 +0.000 +0.000 +0.000 +0.000 +0.000 +0.000 +0.000
 +0.000 +0.000 +0.000 +0.000 +0.000 +0.000 +0.000 +0.000 +0.000 +0.000
 +0.000 +0.000 +0.000 +0.000 +0.000 +0.000 +0.000 +0.000 +0.000 +0.000
 +0.000 +0.000 +0.000 +0.000 +0.000 +0.000 +0.000 +0.000 +0.000 +0.000
 +0.000 +0.000 +0.000 +0.000 +0.000 +0.000 +0.000 +0.000 +0.000 +0.000
 +0.000 +0.000 +0.000 +0.000 +0.000 +0.000 +0.000 +0.000 +0.000 +0.000
 +0.000 +0.000 +0.000 +0.000 +0.000 +0.000 +0.000 +0.000 +0.000 +0.000
 +0.000 +0.000 +0.000 +0.000 +0.000 +0.000 +0.000 +0.000 +0.000 +0.000
 +0.000 +0.000 +0.000 +0.000 +0.000 +0.000 +0.000 +0.000 +0.000 +0.000
 +0.000 +0.000 +0.000 +0.000 +0.000 +0.000 +0.000 +0.000 +0.000 +0.000
 +0.000 +0.000 +0.000 +0.000 +0.000 +0.000 +0.000 +0.000 +0.000 +0.000
 +0.000 +0.000 +0.000 +0.000 +0.000 +0.000 +0.000 +0.000 +0.000 +0.000
 +0.000 +0.000 +0.000 +0.000 +0.000 +0.000 +0.000 +0.000 +0.000 +0.000
 +0.000 +0.000 +0.000 +0.000 +0.000 +0.000 +0.000 +0.000 +0.000 +0.000
 +0.000 +0.000 +0.000 +0.000 +0.000 +0.000 +0.000 +0.000 +0.000 +0.000
 +0.000 +0.000 +0.000 +0.000 +0.000 +0.000 +0.000 +0.000 +0.000 +0.000
 +0.000 +0.000 +0.000 +0.000 +0.000 +0.000 +0.000 +0.000 +0.000 +0.000
 +0.000 +0.000 +0.000 +0.000 +0.000 +0.000 +0.000 +0.000 +0.000 +0.000
 +0.000 +0.000 +0.000 +0.000 +0.000 +0.000 +0.000 +0.000 +0.000 +0.000
 +0.000 +0.000 +0.000 +0.000 +0.000 +0.000 +0.000 +0.000 +0.000 +0.000
 +0.000 +0.000 +0.000 +0.000 +0.000 +0.000 +0.000 +0.000 +0.000 +0.000
 +0.000 +0.000 +0.000 +0.000 +0.000 +0.000 +0.000 +0.000 +0.000 +0.000
 +0.000 +0.000 +0.000 +0.000 +0.000 +0.000 +0.000 +0.000 +0.000 +0.000
 +0.000 +0.000 +0.000 +0.000 +0.000 +0.000 +0.000 +0.000 +0.000 +0.000
 +0.000 +0.000 +0.000 +0.000 +0.000 +0.000 +0.000 +0.000 +0.000 +0.000
 +0.000 +0.000 +0.000 +0.000 +0.000 +0.000 +0.000 +0.000 +0.000 +0.000
 +0.000 +0.000 +0.000 +0.000 +0.000 +0.000 +0.000 +0.000 +0.000 +0.000
 +0.000 +0.000 +0.000 +0.000 +0.000 +0.000 +0.000 +0.000 +0.000 +0.000
 +0.000 +0.000 +0.000 +0.000 +0.000 +0.000 +0.000 +0.000 +0.000 +0.000
 +0.000 +0.000 +0.000 +0.000 +0.000 +0.000 +0.000 +0.000 +0.000 +0.000
 +0.000 +0.000 +0.000 +0.000 +0.000 +0.000 +0.000 +0.000 +0.000 +0.000
 +0.000 +0.000 +0.000 +0.000 +0.000 +0.000 +0.000 +0.000 +0.000 +0.000
 +0.000 +0.000 +0.000 +0.000 +0.000 +0.000 +0.000 +0.000 +0.000 +0.000
 +0.000 +0.000 +0.000 +0.000 +0.000 +0.000 +0.000 +0.000 +0.000 +0.000
 +0.000 +0.000 +0.000 +0.000 +0.000 +0.000 +0.000 +0.000 +0.000 +0.000
 +0.000 +0.000 +0.000 +0.000 +0.000 +0.000 +0.000 +0.000 +0.000 +0.000
 +0.000 +0.000 +0.000 +0.000 +0.000 +0.000 +0.000 +0.000 +0.000 +0.000
 +0.000 +0.000 +0.000 +0.000 +0.000 +0.000 +0.000 +0.000 +0.000 +0.000
 +0.000 +0.000 +0.000 +0.000 +0.000 +0.000 +0.000 +0.000 +0.000 +0.000
 +0.000 +0.000 +0.000 +0.000 +0.000 +0.000 +0.000 +0.000 +0.000 +0.000
 +0.000 +0.000 +0.000 +0.000 +0.000 +0.000 +0.000 +0.000 +0.000 +0.000
 +0.000 +0.000 +0.000 +0.000 +0.000 +0.000 +0.000 +0.000 +0.000 +0.000
 +0.000 +0.000 +0.000 +0.000 +0.000 +0.000 +0.000 +0.000 +0.000 +0.000
 +0.000 +0.000 +0.000 +0.000 +0.000 +0.000 +0.000 +0.000 +0.000 +0.000
 +0.000 +0.000 +0.000 +0.000 +0.000 +0.000 +0.000 +0.000 +0.000 +0.000
 +0.000 +0.000 +0.000 +0.000 +0.000 +0.000 +0.000 +0.000 +0.000 +0.000
 +0.000 +0.000 +0.000 +0.000 +0.000 +0.000 +0.000 +0.000 +0.000 +0.000
 +0.000 +0.000 +0.000 +0.000 +0.000 +0.000 +0.000 +0.000 +0.000 +0.000
 +0.000 +0.000 +0.000 +0.000 +0.000 +0.000 +0.000 +0.000 +0.000 +0.000
 +0.000 +0.000 +0.000 +0.000 +0.000 +0.000 +0.000 +0.000 +0.000 +0.000
 +0.000 +0.000 +0.000 +0.000 +0.000 +0.000 +0.000 +0.000 +0.000 +0.000
 +0.000 +0.000 +0.000 +0.000 +0.000 +0.000 +0.000 +0.000 +0.000 +0.000
 +0.000 +0.000 +0.000 +0.000 +0.000 +0.000 +0.000 +0.000 +0.000 +0.000
 +0.000 +0.000 +0.000 +0.000 +0.000 +0.000 +0.000 +0.000 +0.000 +0.000
 +0.000 +0.000 +0.000 +0.000 +0.000 +0.000 +0.000 +0.000 +0.000 +0.000
 +0.000 +0.000 +0.000 +0.000 +0.000 +0.000 +0.000 +0.000 +0.000 +0.000
 +0.000 +0.000 +0.000 +0.000 +0.000 +0.000 +0.000 +0.000 +0.000 +0.000]
Dual variables:     [+1.857 +0.742]

Primal objective:   9.51525167e-01 
Dual objective:     1.70037882e-01 

Primal residual:    6.57e-01
Dual residual:      6.01e-04
Complementraty:     3.28e-01

Number of Iter:     6
Run time:           5.83
