
--------------- Linear optimization problem characteristics ---------------
Seed:                    69
Number of variables:     100
Number of constraints:   2

Norm of primal sol:      2.00e+00
Norm of dual sol:        2.00e+00
Norm of dual slacks:     2.00e+00

Norm of vector b:        2.15e-01
Norm of vector c:        2.74e+00

Norm of matrix A:        1.00e+00
Condition number:        2.00e+00

----------------------- Linear optimization problem -----------------------
Coeff matrix A:          [[+0.004 -0.130 -0.152 +0.112 -0.038 +0.144 +0.028 -0.145 -0.028 -0.149
 -0.123 -0.044 +0.061 +0.013 +0.013 +0.034 +0.084 +0.007 -0.105 -0.127
 -0.130 -0.111 -0.102 +0.106 -0.134 -0.121 +0.133 +0.093 -0.038 -0.009
 -0.080 +0.038 +0.114 -0.082 -0.157 +0.090 -0.081 +0.068 -0.136 +0.058
 -0.077 -0.166 +0.119 +0.008 -0.047 +0.086 +0.157 +0.124 +0.157 +0.098
 -0.098 -0.019 -0.024 -0.098 +0.009 -0.012 +0.025 -0.079 -0.010 +0.094
 -0.124 +0.164 +0.029 -0.157 -0.053 +0.052 +0.007 +0.043 +0.137 -0.115
 -0.019 -0.108 +0.133 -0.087 -0.088 -0.071 +0.145 +0.067 +0.092 -0.090
 -0.158 -0.032 +0.123 -0.152 -0.092 +0.011 +0.110 -0.092 +0.101 -0.026
 +0.156 +0.131 +0.068 -0.034 -0.079 -0.141 -0.144 +0.137 +0.040 +0.129]
                          [+0.011 +0.066 -0.021 -0.025 -0.058 +0.033 +0.076 +0.002 -0.027 -0.011
 -0.024 -0.004 -0.010 +0.065 -0.000 -0.041 -0.042 -0.058 +0.064 +0.005
 -0.024 +0.049 -0.092 +0.022 -0.027 -0.088 +0.083 -0.063 +0.079 +0.037
 +0.049 -0.020 +0.071 +0.002 -0.034 +0.062 +0.005 -0.034 -0.084 +0.071
 +0.062 -0.096 -0.081 -0.007 +0.029 +0.021 +0.079 -0.076 +0.025 -0.033
 -0.031 -0.088 +0.041 +0.012 -0.011 +0.067 +0.073 -0.044 +0.039 +0.085
 -0.090 +0.066 +0.030 -0.046 +0.018 +0.019 -0.014 +0.008 -0.065 -0.087
 -0.056 -0.097 -0.073 -0.011 +0.023 -0.014 -0.012 +0.009 +0.087 +0.064
 -0.022 -0.018 -0.044 +0.044 -0.042 -0.068 -0.066 +0.075 -0.021 -0.019
 +0.034 +0.047 +0.049 -0.042 -0.029 +0.041 +0.001 +0.066 +0.068 +0.068]]

RHS vector b:            [-0.214 +0.017]
Obj vector c:            [+0.012 -0.227 -0.306 +0.209 -0.099 +0.295 +0.087 -0.283 -0.065 -0.296
 -0.251 -0.087 +0.115 +0.052 +0.025 +0.050 +0.148 -0.010 -0.179 -0.246
 -0.264 -0.197 -0.238 +0.217 -0.273 -0.274 +0.294 +0.156 -0.041 -0.002
 -0.137 +0.067 +0.252 -0.160 -0.322 +0.201 -0.156 +0.119 -0.300 +0.143
 -0.125 -0.364 +0.200 +0.013 -0.081 +0.177 +0.341 +0.211 +0.318 +0.178
 -0.205 -0.073 -0.029 -0.187 +0.014 +0.003 +0.079 -0.172 -0.004 +0.220
 -0.279 +0.347 +0.070 -0.326 -0.097 +0.110 +0.009 +0.087 +0.240 -0.261
 -0.061 -0.252 +0.229 -0.176 -0.162 +0.766 +0.279 +0.134 +0.216 -0.149
 -0.318 -0.070 +0.222 -0.279 -0.198 -0.007 +0.189 -0.149 +0.190 +1.722
 +0.319 +0.276 +0.152 -0.084 -0.167 -0.258 -0.281 +0.295 +0.107 +0.281]

---------------------------- Optimal solution -----------------------------
Primal variables:         [+0.113 +0.308 +0.133 +0.301 +0.214 +0.097 +0.040 +0.022 +0.256 +0.266
 +0.279 +0.300 +0.029 +0.121 +0.282 +0.125 +0.179 +0.069 +0.123 +0.173
 +0.202 +0.112 +0.105 +0.258 +0.089 +0.258 +0.165 +0.148 +0.128 +0.195
 +0.376 +0.202 +0.259 +0.149 +0.044 +0.269 +0.157 +0.174 +0.126 +0.036
 +0.174 +0.307 +0.074 +0.177 +0.073 +0.029 +0.012 +0.058 +0.098 +0.026
 +0.353 +0.208 +0.368 +0.342 +0.149 +0.144 +0.248 +0.326 +0.169 +0.203
 +0.062 +0.211 +0.048 +0.360 +0.374 +0.115 +0.293 +0.119 +0.372 +0.107
 +0.257 +0.165 +0.154 +0.221 +0.225 +0.000 +0.160 +0.265 +0.008 +0.264
 +0.099 +0.197 +0.208 +0.139 +0.153 +0.025 +0.087 +0.000 +0.074 +0.000
 +0.163 +0.290 +0.274 +0.235 +0.101 +0.257 +0.072 +0.276 +0.235 +0.231]
Dual slacks:              [+0.000 +0.000 +0.000 +0.000 +0.000 +0.000 +0.000 +0.000 +0.000 +0.000
 +0.000 +0.000 +0.000 +0.000 +0.000 +0.000 +0.000 +0.000 +0.000 +0.000
 +0.000 +0.000 +0.000 +0.000 +0.000 +0.000 +0.000 +0.000 +0.000 +0.000
 +0.000 +0.000 +0.000 +0.000 +0.000 +0.000 +0.000 +0.000 +0.000 +0.000
 +0.000 +0.000 +0.000 +0.000 +0.000 +0.000 +0.000 +0.000 +0.000 +0.000
 +0.000 +0.000 +0.000 +0.000 +0.000 +0.000 +0.000 +0.000 +0.000 +0.000
 +0.000 +0.000 +0.000 +0.000 +0.000 +0.000 +0.000 +0.000 +0.000 +0.000
 +0.000 +0.000 +0.000 +0.000 +0.000 +0.910 +0.000 +0.000 +0.000 +0.000
 +0.000 +0.000 +0.000 +0.000 +0.000 +0.000 +0.000 +0.000 +0.000 +1.781
 +0.000 +0.000 +0.000 +0.000 +0.000 +0.000 +0.000 +0.000 +0.000 +0.000]
Dual variables:           [+1.957 +0.414]

Optimal objective:       -4.11479228e-01
===========================================================================

Method:                  II-QIPM
LO_Precision:            1.00e-01
Stop_Precision:          1.00e-03
LO_Verbosity:            2
Omega:                   1.00e+01

The Quantum Inexact Infeasible Interior-Point Method starts running ...


                  Objective                Residual                                Linear system           Step-length
Iter      Primal           Dual         Primal    Dual     Compl    ||Resl||  Cond-Num  ||M||   ||RHS||    a-star   a-hat      Time
   0   2.17906666e+01 -1.84645788e+00  1.58e+00 2.13e+01  2.32e+03  5.55e-16  4.00e+00 1.00e+00 1.00e+01  8.71e-01 7.87e-01      0s
   1   2.46183266e+01 -1.84645788e+00  1.54e-01 2.04e+01  2.23e+03  3.80e+01  3.88e+00 5.90e+00 3.80e+01  4.66e-01 4.31e-02      1s
   2   2.69686824e+01 -1.84645788e+00  1.53e+00 1.97e+01  2.16e+03  4.33e+01  3.88e+00 6.41e+00 4.33e+01  4.42e-01 3.24e-02      1s
   3   2.92389056e+01 -1.84645788e+00  2.88e+00 1.92e+01  2.10e+03  4.79e+01  3.88e+00 6.85e+00 4.79e+01  4.23e-01 2.90e-02      1s
   4   3.14372595e+01 -1.84645788e+00  4.17e+00 1.87e+01  2.05e+03  5.24e+01  3.88e+00 7.29e+00 5.24e+01  4.06e-01 2.61e-02      2s
   5   3.35641368e+01 -1.84645788e+00  5.42e+00 1.82e+01  2.01e+03  5.69e+01  3.89e+00 7.73e+00 5.69e+01  3.90e-01 2.36e-02      2s
   6   3.56249516e+01 -1.84645788e+00  6.62e+00 1.78e+01  1.97e+03  6.14e+01  3.90e+00 8.17e+00 6.14e+01  3.75e-01 2.15e-02      2s
   7   3.76214948e+01 -1.84645788e+00  7.78e+00 1.75e+01  1.94e+03  6.59e+01  3.91e+00 8.62e+00 6.59e+01  3.61e-01 1.96e-02      2s
   8   3.95599074e+01 -1.84645788e+00  8.90e+00 1.72e+01  1.90e+03  7.04e+01  3.92e+00 9.06e+00 7.04e+01  3.49e-01 1.79e-02      3s
   9   4.14426364e+01 -1.84645788e+00  9.99e+00 1.69e+01  1.88e+03  7.48e+01  3.93e+00 9.51e+00 7.48e+01  3.37e-01 1.65e-02      3s
  10   4.32723590e+01 -1.84645788e+00  1.10e+01 1.66e+01  1.85e+03  7.92e+01  3.94e+00 9.96e+00 7.92e+01  3.26e-01 1.52e-02      3s
  11   4.50519042e+01 -1.84645788e+00  1.21e+01 1.64e+01  1.83e+03  8.37e+01  3.95e+00 1.04e+01 8.37e+01  3.15e-01 1.41e-02      4s
  12   4.67841935e+01 -1.84645788e+00  1.31e+01 1.62e+01  1.81e+03  8.81e+01  3.97e+00 1.09e+01 8.81e+01  3.06e-01 1.31e-02      4s
  13   4.84721946e+01 -1.84645788e+00  1.40e+01 1.60e+01  1.79e+03  9.25e+01  3.98e+00 1.13e+01 9.25e+01  2.96e-01 1.22e-02      4s
  14   1.80877253e+01 -2.91640268e-01  1.89e+00 2.16e+00  2.72e+02 *2.29e-03  4.00e+00 1.18e+01 9.70e+01  9.09e-01 8.65e-01      5s
  15   2.27543768e+00 -4.13131244e-01  1.00e-01 6.86e-02  1.15e+01  9.80e-02  4.19e+00 6.05e+01 3.48e+01  9.82e-01 9.68e-01      5s
  16  -2.65859496e-01 -4.11463640e-01  1.14e-01 4.25e-03  8.13e-01 *1.18e-01  4.06e+00 2.06e+03 2.68e+01  9.67e-01 9.38e-01      5s
  17  -2.81400903e+00 -4.11463640e-01  1.51e+00 3.91e-03  7.54e-01  1.94e+01  3.88e+00 3.59e+04 1.94e+01  6.70e-01 7.96e-02      5s
  18  -2.81481866e+00 -4.11463640e-01  1.51e+00 3.91e-03  7.54e-01  2.33e+01  3.86e+00 4.00e+04 2.33e+01  6.41e-01 2.27e-05      6s

The solution quality is limited by the precision of the linear system solver.

The algorithm stopped after 19 iterations in 5.81 seconds.

Primal variables:   [+14.921 +13.251 +13.837 +16.801 +15.292 +16.286 +14.502 +13.669 +15.017
 +13.764 +14.067 +14.563 +15.935 +14.439 +15.167 +16.031 +16.765 +15.886
 +13.421 +13.759 +14.012 +13.498 +15.060 +16.100 +14.011 +14.824 +15.631
 +17.207 +13.823 +14.492 +13.728 +15.765 +15.554 +14.145 +13.925 +15.369
 +14.127 +16.407 +14.645 +14.878 +13.647 +14.574 +17.165 +15.198 +14.189
 +15.853 +15.882 +17.010 +16.291 +16.797 +14.341 +16.009 +14.305 +13.910
 +15.263 +14.167 +14.495 +14.665 +14.455 +15.164 +14.820 +16.016 +14.998
 +14.046 +14.237 +15.424 +15.275 +15.445 +16.368 +14.869 +15.510 +15.075
 +16.492 +14.222 +13.893 +0.106 +16.564 +15.754 +15.102 +13.530 +13.807
 +14.859 +17.020 +13.296 +14.512 +16.107 +17.301 +13.433 +16.647 +0.046
 +16.262 +16.047 +15.255 +15.134 +14.489 +13.381 +13.688 +15.870 +14.706
 +15.772]
Dual slacks:        [+0.000 +0.000 +0.000 +0.000 +0.000 +0.000 +0.000 +0.000 +0.000 +0.000
 +0.000 +0.000 +0.000 +0.000 +0.000 +0.000 +0.000 +0.000 +0.000 +0.000
 +0.000 +0.000 +0.000 +0.000 +0.000 +0.000 +0.001 +0.000 +0.000 +0.000
 +0.000 +0.000 +0.000 +0.000 +0.000 +0.000 +0.000 +0.000 +0.000 +0.000
 +0.000 +0.000 +0.000 +0.000 +0.000 +0.000 +0.001 +0.000 +0.000 +0.000
 +0.000 +0.000 +0.000 +0.000 +0.000 +0.000 +0.000 +0.000 +0.000 +0.001
 +0.000 +0.000 +0.000 +0.000 +0.000 +0.000 +0.000 +0.000 +0.000 +0.000
 +0.000 +0.000 +0.000 +0.000 +0.000 +0.910 +0.000 +0.000 +0.001 +0.000
 +0.000 +0.000 +0.000 +0.000 +0.000 +0.000 +0.000 +0.000 +0.000 +1.782
 +0.000 +0.000 +0.000 +0.000 +0.000 +0.000 +0.000 +0.000 +0.000 +0.000]
Dual variables:     [+1.957 +0.412]

Primal objective:   -2.81481866e+00
Dual objective:     -4.11463640e-01

Primal residual:    1.51e+00
Dual residual:      3.91e-03
Complementraty:     7.54e-01

Number of Iter:     19
Run time:           5.81
