
--------------- Linear optimization problem characteristics ---------------
Seed:                    8
Number of variables:     50
Number of constraints:   2

Norm of primal sol:      2.00e+00
Norm of dual sol:        2.00e+00
Norm of dual slacks:     2.00e+00

Norm of vector b:        3.95e-02
Norm of vector c:        2.10e+00

Norm of matrix A:        1.00e+00
Condition number:        2.00e+00

----------------------- Linear optimization problem -----------------------
Coeff matrix A:          [[+0.020 +0.010 +0.017 -0.069 -0.034 -0.016 -0.032 -0.076 +0.142 -0.042
 -0.106 +0.128 -0.018 -0.110 -0.124 +0.123 -0.045 +0.155 -0.042 -0.020
 +0.129 +0.074 +0.096 +0.062 +0.142 -0.040 -0.104 -0.067 -0.094 +0.062
 +0.028 -0.026 +0.104 +0.015 +0.064 -0.024 +0.028 -0.098 -0.024 -0.006
 -0.006 -0.040 +0.036 -0.046 -0.111 -0.016 -0.120 +0.083 +0.033 -0.006]
                          [-0.209 +0.024 -0.172 +0.028 -0.158 -0.211 -0.017 -0.138 +0.164 -0.175
 -0.207 -0.018 +0.088 -0.009 -0.026 -0.058 +0.193 +0.213 +0.092 +0.172
 +0.040 +0.230 +0.139 +0.035 +0.120 -0.061 -0.021 +0.080 +0.150 -0.062
 +0.148 -0.094 +0.126 -0.041 +0.228 +0.091 -0.170 +0.198 -0.038 -0.053
 +0.230 +0.063 -0.216 +0.083 -0.218 -0.055 -0.152 +0.185 +0.090 +0.179]]

RHS vector b:            [-0.028 +0.027]
Obj vector c:            [-0.195 -0.001 -0.162 +0.149 -0.057 -0.130 +0.046 +0.037 -0.139 -0.055
 +0.040 -0.251 +0.100 +0.198 +0.210 +1.508 +0.229 -0.127 +0.147 +1.081
 -0.209 +0.037 -0.073 -0.089 -0.173 +0.028 +0.178 +0.183 +0.287 -0.161
 +0.059 -0.023 -0.099 -0.059 +0.053 +0.113 -0.179 +0.330 +0.016 -0.029
 +0.184 +0.121 -0.231 +0.148 +0.040 -0.011 +0.107 -0.013 +0.007 +0.147]

---------------------------- Optimal solution -----------------------------
Primal variables:         [+0.429 +0.476 +0.427 +0.261 +0.114 +0.006 +0.212 +0.198 +0.257 +0.235
 +0.273 +0.267 +0.374 +0.350 +0.305 +0.000 +0.142 +0.479 +0.164 +0.000
 +0.032 +0.483 +0.063 +0.158 +0.035 +0.110 +0.194 +0.441 +0.170 +0.484
 +0.014 +0.173 +0.187 +0.376 +0.461 +0.157 +0.213 +0.133 +0.394 +0.314
 +0.034 +0.297 +0.391 +0.016 +0.224 +0.388 +0.486 +0.287 +0.019 +0.219]
Dual slacks:              [+0.000 +0.000 +0.000 +0.000 +0.000 +0.000 +0.000 +0.000 +0.000 +0.000
 +0.000 +0.000 +0.000 +0.000 +0.000 +1.779 +0.000 +0.000 +0.000 +0.914
 +0.000 +0.000 +0.000 +0.000 +0.000 +0.000 +0.000 +0.000 +0.000 +0.000
 +0.000 +0.000 +0.000 +0.000 +0.000 +0.000 +0.000 +0.000 +0.000 +0.000
 +0.000 +0.000 +0.000 +0.000 +0.000 +0.000 +0.000 +0.000 +0.000 +0.000]
Dual variables:           [-1.852 +0.755]

Optimal objective:       +7.33546460e-02
===========================================================================

Method:                  II-QIPM
LO_Precision:            1.00e-01
Stop_Precision:          1.00e-03
LO_Verbosity:            2
Omega:                   1.00e+01

The Quantum Inexact Infeasible Interior-Point Method starts running ...


                  Objective                Residual                                Linear system           Step-length
Iter      Primal           Dual         Primal    Dual     Compl    ||Resl||  Cond-Num  ||M||   ||RHS||    a-star   a-hat      Time
   0   2.85223040e+01 -2.78250525e-01  2.45e+00 2.14e+01  1.64e+03 *1.78e-15  4.00e+00 1.00e+00 8.39e+00  8.02e-01 6.96e-01      0s
   1   2.38678208e+01 -1.40790208e-01  1.37e+00 1.19e+01  9.59e+02  1.26e-01  4.70e+00 4.10e+00 2.53e+01  9.15e-01 4.43e-01      0s
   2   1.45349728e+01  2.60084821e-02  2.64e-01 2.29e+00  2.07e+02 *6.18e-02  4.89e+00 7.99e+00 2.99e+01  9.71e-01 8.08e-01      1s
   3   4.06497728e+00  7.26026948e-02  9.02e-02 1.22e-01  1.49e+01 *9.36e-02  4.90e+00 4.54e+01 3.23e+01  9.78e-01 9.47e-01      1s
   4  -2.75550644e-01  7.31998220e-02  3.81e-01 8.87e-03  1.28e+00 *4.16e-01  4.36e+00 7.93e+02 1.30e+01  9.62e-01 9.27e-01      1s
   5  -3.79996623e-01  7.33504449e-02  2.77e-01 8.51e-04  1.39e-01 *2.78e-01  4.69e+00 1.33e+04 2.84e+01  9.71e-01 9.04e-01      1s
   6  -3.79275555e-01  7.33504682e-02  2.76e-01 8.46e-04  1.38e-01 *2.20e-01  4.44e+00 1.38e+05 5.53e+00  9.84e-01 6.08e-03      2s
   7  -3.79275399e-01  7.33504682e-02  2.76e-01 8.46e-04  1.38e-01 *2.20e-01  4.44e+00 1.39e+05 5.54e+00  9.83e-01 1.33e-06      2s

The solution quality is limited by the precision of the linear system solver.

The algorithm stopped after 8 iterations in 2.30 seconds.

Primal variables:   [+21.634 +16.558 +20.469 +15.266 +18.782 +20.472 +16.451 +17.513 +16.749
 +18.924 +18.088 +19.894 +15.219 +15.152 +15.181 +0.008 +13.591 +16.240
 +14.837 +0.029 +18.673 +14.694 +16.304 +17.328 +17.484 +16.965 +15.389
 +14.653 +13.500 +19.116 +15.104 +17.771 +16.664 +17.680 +14.584 +15.100
 +20.728 +12.934 +16.896 +17.475 +13.640 +15.234 +22.526 +14.889 +18.185
 +17.307 +16.935 +15.420 +15.968 +14.237]
Dual slacks:        [+0.000 +0.000 +0.000 +0.000 +0.000 +0.000 +0.000 +0.000 +0.000 +0.000
 +0.000 +0.000 +0.000 +0.000 +0.000 +1.779 +0.000 +0.000 +0.000 +0.914
 +0.000 +0.000 +0.000 +0.000 +0.000 +0.000 +0.000 +0.000 +0.000 +0.000
 +0.000 +0.000 +0.000 +0.000 +0.000 +0.000 +0.000 +0.000 +0.000 +0.000
 +0.000 +0.000 +0.000 +0.000 +0.000 +0.000 +0.000 +0.000 +0.000 +0.000]
Dual variables:     [-1.852 +0.755]

Primal objective:   -3.79275399e-01
Dual objective:     7.33504682e-02 

Primal residual:    2.76e-01
Dual residual:      8.46e-04
Complementraty:     1.38e-01

Number of Iter:     8
Run time:           2.30
