
--------------- Linear optimization problem characteristics ---------------
Seed:                    61
Number of variables:     500
Number of constraints:   2

Norm of primal sol:      2.00e+00
Norm of dual sol:        2.00e+00
Norm of dual slacks:     2.00e+00

Norm of vector b:        1.03e-01
Norm of vector c:        2.71e+00

Norm of matrix A:        1.00e+00
Condition number:        2.00e+00

----------------------- Linear optimization problem -----------------------
Coeff matrix A:          [[+0.010 -0.013 +0.014 +0.015 +0.033 -0.073 +0.001 -0.012 -0.004 -0.075
 -0.035 -0.065 -0.047 +0.020 +0.038 +0.015 +0.008 -0.058 -0.021 +0.016
 -0.056 -0.048 +0.002 -0.054 +0.037 -0.037 -0.036 +0.021 +0.030 +0.046
 -0.018 -0.070 -0.043 +0.034 -0.039 +0.032 -0.016 -0.076 -0.030 +0.019
 +0.012 -0.030 +0.025 -0.030 +0.050 -0.015 -0.055 +0.057 -0.050 +0.033
 +0.015 -0.061 -0.067 -0.010 -0.019 -0.043 +0.019 +0.012 +0.061 +0.057
 +0.002 +0.020 +0.032 +0.010 -0.057 -0.006 +0.038 -0.080 +0.014 +0.007
 +0.065 -0.050 -0.018 +0.068 -0.016 -0.014 -0.005 +0.011 +0.042 +0.078
 +0.027 -0.007 -0.047 -0.044 +0.062 -0.025 +0.058 -0.046 +0.064 -0.039
 -0.042 +0.007 +0.074 +0.035 -0.043 +0.072 -0.066 +0.062 +0.037 +0.052
 +0.010 +0.037 -0.038 -0.053 +0.045 +0.027 +0.026 +0.026 -0.007 -0.047
 +0.070 -0.001 +0.019 -0.027 -0.065 -0.002 -0.020 -0.012 -0.030 +0.049
 -0.008 +0.032 +0.030 +0.033 +0.016 +0.027 +0.067 -0.048 +0.010 -0.035
 -0.057 +0.012 +0.001 -0.032 +0.004 +0.016 +0.050 +0.039 +0.011 +0.002
 +0.045 -0.064 +0.013 -0.069 -0.000 +0.072 +0.004 +0.001 +0.041 +0.019
 +0.035 +0.029 -0.008 -0.042 +0.055 +0.078 -0.068 -0.005 -0.052 +0.067
 -0.034 +0.053 +0.032 +0.071 -0.005 +0.038 -0.041 -0.057 +0.018 +0.067
 -0.013 -0.053 -0.052 -0.014 -0.052 +0.003 +0.041 +0.009 +0.001 +0.014
 +0.021 -0.006 +0.023 +0.022 -0.009 +0.041 +0.018 -0.042 -0.009 +0.057
 +0.052 -0.066 +0.006 +0.034 -0.044 +0.002 +0.037 +0.006 +0.031 -0.039
 -0.008 +0.038 -0.064 -0.037 +0.021 -0.048 -0.052 +0.034 -0.041 -0.059
 +0.046 +0.054 -0.034 +0.010 +0.018 -0.010 +0.030 -0.026 -0.051 +0.042
 +0.022 +0.018 +0.036 -0.065 +0.044 +0.062 +0.021 +0.037 -0.040 -0.020
 +0.054 -0.025 -0.042 -0.049 -0.045 +0.027 +0.045 -0.018 +0.067 +0.055
 +0.028 -0.027 +0.042 -0.046 -0.076 -0.063 +0.005 +0.027 +0.064 +0.061
 +0.025 -0.019 +0.056 +0.051 +0.040 +0.054 +0.055 -0.033 +0.025 +0.063
 -0.053 +0.019 +0.039 -0.032 -0.060 -0.029 -0.027 +0.044 -0.025 +0.065
 +0.004 +0.033 +0.014 +0.057 -0.023 +0.035 -0.060 +0.050 +0.007 -0.049
 -0.017 +0.069 -0.029 -0.015 -0.019 +0.020 +0.043 -0.047 +0.046 +0.017
 +0.004 +0.023 -0.048 -0.019 +0.040 +0.053 +0.038 +0.021 +0.039 +0.001
 +0.057 -0.043 +0.073 +0.001 +0.053 -0.055 -0.043 -0.009 +0.038 -0.041
 +0.023 +0.040 +0.020 +0.013 -0.081 -0.060 +0.059 +0.053 +0.039 -0.003
 -0.063 -0.011 +0.056 -0.017 -0.059 -0.076 +0.048 -0.060 +0.011 -0.059
 -0.067 -0.003 +0.008 +0.030 -0.066 -0.024 -0.014 -0.023 -0.027 +0.072
 +0.003 +0.058 -0.038 -0.028 +0.052 +0.012 +0.044 +0.062 +0.065 +0.028
 -0.061 +0.016 +0.035 +0.067 +0.023 -0.034 +0.035 +0.002 -0.052 +0.031
 -0.015 +0.026 +0.029 +0.044 +0.038 -0.007 +0.007 +0.080 -0.011 +0.053
 +0.058 -0.059 -0.031 -0.034 -0.014 +0.044 -0.001 +0.048 +0.052 -0.035
 +0.044 +0.081 -0.037 -0.058 -0.050 -0.012 +0.019 -0.009 -0.002 -0.052
 +0.025 -0.064 +0.079 +0.019 +0.008 +0.078 +0.020 -0.028 -0.054 +0.014
 +0.007 +0.036 -0.039 +0.063 -0.004 -0.021 +0.026 -0.008 +0.061 +0.026
 +0.035 -0.046 +0.058 -0.066 -0.064 -0.053 -0.011 +0.002 +0.060 +0.064
 -0.043 -0.035 +0.063 -0.031 +0.034 -0.031 -0.030 +0.061 +0.056 -0.009
 +0.054 +0.033 -0.006 -0.054 +0.026 -0.019 -0.059 +0.053 +0.037 +0.053
 -0.019 -0.042 +0.005 -0.058 -0.033 -0.020 -0.006 +0.017 +0.034 -0.047
 -0.035 -0.053 -0.036 -0.017 +0.053 +0.005 -0.013 -0.042 -0.013 +0.079
 -0.023 -0.032 -0.029 -0.030 -0.067 +0.005 -0.062 -0.019 -0.064 +0.070
 +0.022 +0.059 +0.039 +0.001 +0.054 -0.025 +0.028 -0.057 +0.038 +0.002
 +0.011 +0.056 -0.043 +0.054 -0.038 -0.026 +0.024 -0.058 +0.010 +0.071
 -0.078 -0.030 -0.017 +0.072 +0.060 +0.038 +0.049 -0.041 +0.059 -0.057]
                          [+0.015 -0.024 -0.032 -0.033 +0.008 +0.032 +0.017 -0.021 +0.040 +0.038
 -0.010 +0.019 -0.033 -0.029 -0.015 +0.023 -0.016 +0.028 +0.023 -0.009
 -0.026 +0.018 -0.023 +0.006 -0.040 -0.008 +0.040 -0.018 -0.035 -0.020
 +0.044 +0.044 -0.011 -0.041 +0.042 +0.036 -0.010 +0.038 -0.007 -0.026
 -0.040 +0.037 -0.008 +0.039 -0.032 +0.001 +0.031 +0.001 -0.018 -0.029
 -0.030 +0.040 +0.025 +0.035 -0.033 +0.025 +0.027 -0.019 -0.044 -0.049
 -0.029 -0.038 -0.025 -0.007 -0.016 +0.009 +0.004 +0.048 -0.040 -0.006
 -0.023 +0.020 -0.018 -0.031 -0.038 +0.041 -0.039 -0.021 -0.044 -0.044
 -0.022 -0.040 +0.050 +0.005 +0.000 -0.029 -0.018 -0.002 -0.049 -0.033
 -0.003 +0.038 -0.048 +0.003 -0.024 -0.026 +0.021 -0.020 -0.040 +0.029
 -0.001 +0.011 -0.015 +0.022 +0.025 -0.022 -0.015 -0.010 -0.035 +0.041
 -0.025 +0.026 -0.024 +0.030 +0.004 +0.032 +0.029 +0.022 +0.037 -0.025
 -0.009 +0.016 +0.018 -0.028 -0.029 -0.010 -0.024 +0.044 +0.023 +0.013
 +0.049 -0.045 -0.034 -0.033 +0.034 +0.003 -0.049 -0.026 -0.011 -0.022
 -0.005 +0.036 +0.016 +0.022 +0.005 -0.033 +0.005 -0.036 -0.013 -0.033
 -0.034 +0.034 -0.008 +0.020 -0.001 -0.057 +0.028 -0.024 -0.015 -0.040
 +0.025 -0.034 -0.027 -0.055 +0.014 -0.031 +0.008 -0.010 -0.013 -0.047
 -0.003 -0.019 -0.022 +0.026 -0.025 +0.026 -0.004 -0.013 -0.003 +0.021
 +0.022 -0.029 -0.010 +0.023 +0.019 -0.036 -0.046 +0.021 -0.025 -0.041
 +0.028 +0.046 +0.014 -0.034 -0.030 -0.035 +0.007 +0.003 -0.031 +0.041
 +0.033 +0.024 +0.046 +0.032 -0.019 +0.003 +0.039 -0.032 -0.009 +0.043
 +0.004 +0.008 +0.020 +0.021 -0.040 +0.018 +0.000 -0.020 +0.024 +0.007
 -0.043 +0.035 -0.021 +0.038 +0.003 +0.004 -0.034 +0.008 +0.016 +0.003
 +0.014 +0.002 -0.015 +0.027 -0.006 -0.044 -0.052 +0.026 -0.043 -0.011
 +0.027 +0.023 +0.010 -0.017 +0.041 +0.052 +0.005 -0.003 +0.004 -0.036
 +0.013 +0.018 -0.017 -0.002 -0.019 +0.025 -0.025 +0.039 +0.019 -0.051
 +0.002 +0.016 -0.033 +0.049 +0.050 -0.035 +0.020 -0.003 +0.010 -0.055
 +0.014 -0.030 -0.012 -0.037 -0.006 -0.025 +0.009 +0.020 +0.029 -0.032
 -0.008 -0.028 -0.032 -0.002 -0.023 -0.011 -0.004 +0.002 -0.030 -0.019
 -0.010 +0.015 +0.026 -0.028 +0.020 +0.017 +0.021 -0.037 +0.004 +0.007
 -0.008 -0.023 -0.035 +0.033 -0.011 +0.041 -0.006 +0.015 +0.022 +0.006
 -0.017 -0.004 -0.012 -0.038 +0.050 +0.041 -0.020 -0.014 -0.025 +0.022
 +0.050 +0.012 +0.021 -0.032 +0.006 +0.040 -0.003 +0.046 +0.039 +0.028
 +0.005 +0.018 -0.015 -0.003 +0.025 -0.036 -0.020 +0.033 +0.037 -0.048
 +0.002 -0.015 +0.004 +0.037 -0.053 +0.005 +0.004 -0.015 -0.044 -0.045
 +0.030 +0.003 -0.003 -0.029 +0.015 +0.004 -0.018 -0.026 +0.024 +0.012
 +0.026 +0.029 +0.021 -0.021 -0.038 +0.024 +0.018 -0.055 +0.037 +0.024
 -0.011 +0.054 -0.034 -0.035 -0.034 +0.006 -0.034 -0.007 -0.015 +0.029
 -0.050 -0.058 -0.018 +0.009 -0.007 +0.015 +0.003 +0.020 +0.010 +0.018
 -0.016 +0.036 -0.057 +0.020 -0.034 -0.041 +0.016 -0.024 +0.044 -0.002
 -0.005 -0.040 -0.013 -0.054 +0.031 -0.003 -0.035 +0.012 +0.017 +0.028
 +0.035 -0.017 +0.011 +0.037 +0.014 +0.049 -0.025 +0.027 -0.016 -0.049
 -0.033 +0.009 -0.013 +0.020 -0.041 -0.028 +0.024 -0.015 -0.029 -0.012
 +0.007 -0.006 +0.040 -0.019 -0.021 +0.036 +0.022 -0.036 +0.033 -0.038
 -0.010 +0.041 +0.035 +0.048 -0.009 +0.041 +0.041 +0.018 -0.032 +0.035
 +0.014 -0.007 +0.002 +0.037 -0.005 -0.003 +0.008 -0.020 -0.005 -0.046
 -0.029 +0.033 +0.007 +0.009 +0.028 -0.031 +0.046 +0.015 +0.034 -0.041
 -0.044 -0.022 +0.023 +0.002 -0.010 -0.032 +0.011 -0.019 +0.017 -0.033
 -0.034 -0.007 -0.003 +0.025 +0.019 +0.012 +0.010 +0.037 -0.041 -0.026
 +0.052 +0.001 -0.012 -0.030 -0.030 -0.031 -0.004 -0.023 +0.009 -0.027]]

RHS vector b:            [+0.091 -0.048]
Obj vector c:            [+0.002 -0.010 -0.062 -0.066 -0.041 +0.154 +0.019 -0.008 +0.058 +0.165
 +0.042 +0.125 +0.032 -0.067 -0.079 +0.005 -0.032 +0.125 +0.062 -0.036
 +0.056 +0.097 -0.032 +0.093 -0.107 +0.048 +0.106 -0.056 -0.091 -0.096
 +0.083 +0.165 +0.054 -0.103 +0.114 -0.005 +0.012 +0.165 +0.038 -0.062
 -0.070 +0.094 -0.049 +0.095 -0.118 +0.025 +0.124 -0.088 +0.055 -0.088
 -0.061 +0.146 +0.135 +0.059 -0.012 +0.099 +0.005 -0.042 -0.150 -0.149
 -0.039 -0.078 -0.082 -0.025 +0.070 +0.020 -0.054 +0.186 -0.072 -0.018
 -0.130 +0.103 +0.006 -0.145 -0.022 +0.073 -0.041 -0.044 -0.121 -0.176
 -0.070 -0.039 +0.135 +0.075 -0.096 +0.003 -0.113 +0.070 -0.161 +0.020
 +0.062 +0.038 -0.176 -0.050 +0.037 -0.144 +0.130 -0.120 -0.107 -0.045
 -0.016 -0.044 +0.040 +0.111 -0.039 -0.069 -0.059 -0.054 -0.033 +0.125
 -0.140 +0.035 -0.060 +0.080 +0.107 +0.042 +0.068 +0.047 +0.093 -0.108
 +0.001 -0.029 -0.024 -0.088 -0.062 -0.054 -0.134 +0.129 +0.012 +0.070
 +0.151 -0.075 -0.043 +0.009 +0.036 -0.022 -0.139 -0.094 -0.030 -0.031
 -0.077 +0.145 +0.000 +0.136 +0.006 -0.154 +0.001 -0.047 -0.080 -0.071
 -0.098 -0.003 +0.002 +0.092 -0.088 -0.194 +0.142 -0.023 +0.063 -0.154
 +0.083 +1.435 -0.083 -0.179 +0.025 -0.097 +0.075 +0.076 +1.207 -0.163
 +0.016 +0.060 +0.054 +0.054 +0.050 +0.028 -0.068 -0.030 -0.005 +0.005
 -0.005 -0.027 -0.048 -0.007 +0.038 -0.109 -0.085 +0.092 -0.017 -0.140
 -0.047 +0.160 +0.009 -0.095 +0.031 -0.047 -0.049 -0.006 -0.088 +0.113
 +0.054 -0.030 +0.158 +0.097 -0.058 +0.078 +0.130 -0.093 +0.052 +0.146
 -0.066 -0.074 +0.078 +0.011 -0.078 +0.038 -0.047 +0.016 +0.109 -0.057
 -0.088 +0.016 -0.082 +0.148 -0.064 -0.093 -0.076 -0.047 +0.082 +0.034
 -0.067 +0.041 +0.046 +0.111 +0.063 -0.097 -0.135 +0.061 -0.159 -0.100
 -0.010 +0.072 -0.052 +0.050 +0.170 +0.163 -0.001 -0.046 -0.094 -0.139
 -0.022 +0.053 -0.108 -0.083 -0.085 -0.053 -0.118 +0.099 -0.016 -0.162
 +0.085 -0.010 -0.103 +0.112 +0.155 +0.001 +0.067 -0.072 +0.051 -0.171
 +0.012 -0.089 -0.037 -0.135 +0.029 -0.086 +0.106 -0.054 +0.026 +0.037
 +0.016 -0.144 +0.004 +0.021 +0.001 -0.044 -0.072 +0.076 -0.110 -0.051
 -0.019 -0.017 +0.107 -0.005 -0.037 -0.061 -0.034 -0.078 -0.055 +0.007
 -0.099 +0.037 -0.158 +0.040 -0.097 +0.136 +0.060 +0.032 -0.032 +0.072
 -0.057 -0.067 -0.046 -0.068 +0.189 +0.145 -0.116 -0.100 -0.092 +0.032
 +0.161 +0.031 -0.061 -0.013 +0.100 +0.168 -0.079 +0.152 +0.031 +0.127
 +0.111 +0.028 -0.031 -0.050 +0.135 -0.008 -0.003 +0.076 +0.088 -0.172
 -0.002 -0.109 +0.064 +0.090 -0.147 -0.012 -0.063 -0.115 -0.157 -0.099
 +0.132 -0.021 -0.058 -0.141 -0.017 +0.059 -0.077 -0.036 +0.111 -0.033
 +0.055 -0.004 -0.019 -0.096 -0.106 +0.041 +0.011 -0.193 +0.063 -0.052
 -0.104 +0.159 +0.006 +0.009 -0.020 -0.060 -0.040 -0.083 -0.101 +0.091
 -0.132 -0.198 +0.035 +0.102 +0.070 +0.037 -0.026 +0.040 +0.016 +0.103
 -0.060 +0.145 -0.195 -0.004 -0.054 -0.172 -0.012 +0.014 +0.140 -0.023
 -0.017 -0.106 +0.044 -0.165 +0.045 +0.029 -0.085 +0.027 -0.074 -0.005
 -0.010 +0.051 -0.077 +0.150 +0.116 +0.145 -0.015 +0.030 -0.114 -0.161
 +0.026 +0.066 -0.115 +0.073 -0.103 +0.014 +0.078 -0.114 -0.122 -0.001
 -0.075 -0.060 +0.058 +0.060 -0.066 +0.074 +0.119 -0.127 -0.017 -0.129
 +0.016 +0.116 +0.036 +0.151 +0.040 +0.083 +0.060 -0.003 -0.093 +0.117
 +0.071 +0.074 +0.060 +0.073 -0.089 -0.011 +0.030 +0.040 +0.014 -0.181
 -0.000 +0.091 +0.054 +0.059 +0.139 -0.047 +0.155 +0.049 +0.142 -0.162
 -0.090 -0.119 -0.031 +0.001 -0.096 -0.001 -0.030 +0.065 -0.039 -0.045
 -0.059 -0.096 +0.063 -0.054 +0.084 +0.057 -0.025 +0.137 -0.068 -0.143
 +0.187 +0.048 +0.012 -0.150 -0.132 -0.097 -0.081 +0.035 -0.081 +0.055]

---------------------------- Optimal solution -----------------------------
Primal variables:         [+0.132 +0.029 +0.141 +0.080 +0.155 +0.001 +0.148 +0.101 +0.049 +0.055
 +0.023 +0.078 +0.141 +0.073 +0.076 +0.142 +0.107 +0.013 +0.004 +0.116
 +0.114 +0.006 +0.075 +0.059 +0.096 +0.116 +0.031 +0.085 +0.047 +0.022
 +0.153 +0.097 +0.146 +0.073 +0.007 +0.020 +0.054 +0.072 +0.068 +0.088
 +0.124 +0.148 +0.120 +0.047 +0.031 +0.042 +0.117 +0.073 +0.027 +0.103
 +0.002 +0.123 +0.041 +0.043 +0.078 +0.052 +0.060 +0.016 +0.006 +0.030
 +0.022 +0.055 +0.155 +0.020 +0.107 +0.092 +0.117 +0.071 +0.077 +0.039
 +0.020 +0.133 +0.106 +0.055 +0.132 +0.127 +0.076 +0.070 +0.019 +0.157
 +0.104 +0.033 +0.106 +0.147 +0.003 +0.002 +0.097 +0.061 +0.129 +0.057
 +0.143 +0.109 +0.099 +0.146 +0.100 +0.023 +0.145 +0.090 +0.139 +0.145
 +0.011 +0.021 +0.160 +0.037 +0.083 +0.028 +0.111 +0.071 +0.036 +0.075
 +0.141 +0.066 +0.050 +0.140 +0.034 +0.054 +0.129 +0.126 +0.066 +0.085
 +0.156 +0.055 +0.087 +0.112 +0.156 +0.064 +0.114 +0.088 +0.072 +0.078
 +0.108 +0.035 +0.021 +0.134 +0.140 +0.115 +0.158 +0.085 +0.083 +0.025
 +0.042 +0.046 +0.054 +0.088 +0.121 +0.068 +0.026 +0.022 +0.024 +0.004
 +0.059 +0.159 +0.144 +0.016 +0.122 +0.125 +0.052 +0.034 +0.096 +0.017
 +0.030 +0.000 +0.017 +0.134 +0.020 +0.049 +0.049 +0.003 +0.000 +0.013
 +0.128 +0.149 +0.121 +0.073 +0.122 +0.106 +0.137 +0.018 +0.072 +0.107
 +0.094 +0.099 +0.136 +0.133 +0.096 +0.118 +0.004 +0.113 +0.158 +0.158
 +0.042 +0.117 +0.123 +0.062 +0.065 +0.057 +0.029 +0.033 +0.078 +0.062
 +0.153 +0.056 +0.058 +0.015 +0.141 +0.009 +0.138 +0.063 +0.034 +0.046
 +0.049 +0.005 +0.154 +0.143 +0.076 +0.018 +0.029 +0.102 +0.078 +0.110
 +0.133 +0.120 +0.088 +0.012 +0.008 +0.071 +0.024 +0.083 +0.155 +0.151
 +0.071 +0.023 +0.145 +0.061 +0.063 +0.066 +0.074 +0.003 +0.035 +0.016
 +0.080 +0.141 +0.085 +0.030 +0.043 +0.150 +0.092 +0.097 +0.017 +0.057
 +0.158 +0.033 +0.029 +0.043 +0.086 +0.042 +0.017 +0.010 +0.092 +0.026
 +0.045 +0.032 +0.059 +0.049 +0.028 +0.136 +0.020 +0.135 +0.091 +0.083
 +0.104 +0.040 +0.056 +0.101 +0.145 +0.141 +0.045 +0.152 +0.114 +0.087
 +0.039 +0.139 +0.007 +0.118 +0.018 +0.053 +0.150 +0.124 +0.001 +0.051
 +0.122 +0.091 +0.141 +0.069 +0.074 +0.035 +0.096 +0.006 +0.121 +0.001
 +0.150 +0.044 +0.088 +0.042 +0.138 +0.079 +0.159 +0.036 +0.121 +0.038
 +0.096 +0.130 +0.156 +0.086 +0.014 +0.029 +0.130 +0.088 +0.085 +0.139
 +0.064 +0.050 +0.092 +0.156 +0.153 +0.025 +0.073 +0.079 +0.097 +0.071
 +0.115 +0.040 +0.056 +0.067 +0.115 +0.040 +0.155 +0.105 +0.098 +0.010
 +0.067 +0.158 +0.049 +0.069 +0.104 +0.141 +0.040 +0.076 +0.022 +0.011
 +0.060 +0.103 +0.110 +0.144 +0.125 +0.159 +0.079 +0.038 +0.078 +0.104
 +0.065 +0.035 +0.148 +0.052 +0.035 +0.125 +0.149 +0.019 +0.113 +0.031
 +0.063 +0.096 +0.141 +0.077 +0.076 +0.040 +0.098 +0.126 +0.120 +0.049
 +0.090 +0.102 +0.004 +0.034 +0.097 +0.130 +0.048 +0.081 +0.123 +0.094
 +0.050 +0.156 +0.064 +0.057 +0.085 +0.014 +0.012 +0.126 +0.127 +0.028
 +0.024 +0.075 +0.070 +0.144 +0.074 +0.081 +0.133 +0.012 +0.034 +0.061
 +0.123 +0.070 +0.120 +0.147 +0.109 +0.021 +0.095 +0.096 +0.013 +0.001
 +0.094 +0.036 +0.116 +0.101 +0.043 +0.061 +0.046 +0.147 +0.042 +0.079
 +0.152 +0.057 +0.052 +0.091 +0.115 +0.027 +0.005 +0.119 +0.029 +0.022
 +0.049 +0.100 +0.126 +0.060 +0.148 +0.024 +0.044 +0.039 +0.045 +0.097
 +0.114 +0.021 +0.004 +0.076 +0.016 +0.049 +0.059 +0.113 +0.132 +0.058
 +0.001 +0.061 +0.139 +0.037 +0.063 +0.058 +0.019 +0.007 +0.084 +0.092
 +0.040 +0.033 +0.139 +0.096 +0.076 +0.062 +0.039 +0.121 +0.086 +0.097
 +0.006 +0.158 +0.121 +0.030 +0.116 +0.001 +0.125 +0.117 +0.057 +0.016
 +0.063 +0.034 +0.056 +0.056 +0.089 +0.096 +0.020 +0.069 +0.067 +0.029]
Dual slacks:              [+0.000 +0.000 +0.000 +0.000 +0.000 +0.000 +0.000 +0.000 +0.000 +0.000
 +0.000 +0.000 +0.000 +0.000 +0.000 +0.000 +0.000 +0.000 +0.000 +0.000
 +0.000 +0.000 +0.000 +0.000 +0.000 +0.000 +0.000 +0.000 +0.000 +0.000
 +0.000 +0.000 +0.000 +0.000 +0.000 +0.000 +0.000 +0.000 +0.000 +0.000
 +0.000 +0.000 +0.000 +0.000 +0.000 +0.000 +0.000 +0.000 +0.000 +0.000
 +0.000 +0.000 +0.000 +0.000 +0.000 +0.000 +0.000 +0.000 +0.000 +0.000
 +0.000 +0.000 +0.000 +0.000 +0.000 +0.000 +0.000 +0.000 +0.000 +0.000
 +0.000 +0.000 +0.000 +0.000 +0.000 +0.000 +0.000 +0.000 +0.000 +0.000
 +0.000 +0.000 +0.000 +0.000 +0.000 +0.000 +0.000 +0.000 +0.000 +0.000
 +0.000 +0.000 +0.000 +0.000 +0.000 +0.000 +0.000 +0.000 +0.000 +0.000
 +0.000 +0.000 +0.000 +0.000 +0.000 +0.000 +0.000 +0.000 +0.000 +0.000
 +0.000 +0.000 +0.000 +0.000 +0.000 +0.000 +0.000 +0.000 +0.000 +0.000
 +0.000 +0.000 +0.000 +0.000 +0.000 +0.000 +0.000 +0.000 +0.000 +0.000
 +0.000 +0.000 +0.000 +0.000 +0.000 +0.000 +0.000 +0.000 +0.000 +0.000
 +0.000 +0.000 +0.000 +0.000 +0.000 +0.000 +0.000 +0.000 +0.000 +0.000
 +0.000 +0.000 +0.000 +0.000 +0.000 +0.000 +0.000 +0.000 +0.000 +0.000
 +0.000 +1.561 +0.000 +0.000 +0.000 +0.000 +0.000 +0.000 +1.250 +0.000
 +0.000 +0.000 +0.000 +0.000 +0.000 +0.000 +0.000 +0.000 +0.000 +0.000
 +0.000 +0.000 +0.000 +0.000 +0.000 +0.000 +0.000 +0.000 +0.000 +0.000
 +0.000 +0.000 +0.000 +0.000 +0.000 +0.000 +0.000 +0.000 +0.000 +0.000
 +0.000 +0.000 +0.000 +0.000 +0.000 +0.000 +0.000 +0.000 +0.000 +0.000
 +0.000 +0.000 +0.000 +0.000 +0.000 +0.000 +0.000 +0.000 +0.000 +0.000
 +0.000 +0.000 +0.000 +0.000 +0.000 +0.000 +0.000 +0.000 +0.000 +0.000
 +0.000 +0.000 +0.000 +0.000 +0.000 +0.000 +0.000 +0.000 +0.000 +0.000
 +0.000 +0.000 +0.000 +0.000 +0.000 +0.000 +0.000 +0.000 +0.000 +0.000
 +0.000 +0.000 +0.000 +0.000 +0.000 +0.000 +0.000 +0.000 +0.000 +0.000
 +0.000 +0.000 +0.000 +0.000 +0.000 +0.000 +0.000 +0.000 +0.000 +0.000
 +0.000 +0.000 +0.000 +0.000 +0.000 +0.000 +0.000 +0.000 +0.000 +0.000
 +0.000 +0.000 +0.000 +0.000 +0.000 +0.000 +0.000 +0.000 +0.000 +0.000
 +0.000 +0.000 +0.000 +0.000 +0.000 +0.000 +0.000 +0.000 +0.000 +0.000
 +0.000 +0.000 +0.000 +0.000 +0.000 +0.000 +0.000 +0.000 +0.000 +0.000
 +0.000 +0.000 +0.000 +0.000 +0.000 +0.000 +0.000 +0.000 +0.000 +0.000
 +0.000 +0.000 +0.000 +0.000 +0.000 +0.000 +0.000 +0.000 +0.000 +0.000
 +0.000 +0.000 +0.000 +0.000 +0.000 +0.000 +0.000 +0.000 +0.000 +0.000
 +0.000 +0.000 +0.000 +0.000 +0.000 +0.000 +0.000 +0.000 +0.000 +0.000
 +0.000 +0.000 +0.000 +0.000 +0.000 +0.000 +0.000 +0.000 +0.000 +0.000
 +0.000 +0.000 +0.000 +0.000 +0.000 +0.000 +0.000 +0.000 +0.000 +0.000
 +0.000 +0.000 +0.000 +0.000 +0.000 +0.000 +0.000 +0.000 +0.000 +0.000
 +0.000 +0.000 +0.000 +0.000 +0.000 +0.000 +0.000 +0.000 +0.000 +0.000
 +0.000 +0.000 +0.000 +0.000 +0.000 +0.000 +0.000 +0.000 +0.000 +0.000
 +0.000 +0.000 +0.000 +0.000 +0.000 +0.000 +0.000 +0.000 +0.000 +0.000
 +0.000 +0.000 +0.000 +0.000 +0.000 +0.000 +0.000 +0.000 +0.000 +0.000
 +0.000 +0.000 +0.000 +0.000 +0.000 +0.000 +0.000 +0.000 +0.000 +0.000
 +0.000 +0.000 +0.000 +0.000 +0.000 +0.000 +0.000 +0.000 +0.000 +0.000
 +0.000 +0.000 +0.000 +0.000 +0.000 +0.000 +0.000 +0.000 +0.000 +0.000
 +0.000 +0.000 +0.000 +0.000 +0.000 +0.000 +0.000 +0.000 +0.000 +0.000
 +0.000 +0.000 +0.000 +0.000 +0.000 +0.000 +0.000 +0.000 +0.000 +0.000
 +0.000 +0.000 +0.000 +0.000 +0.000 +0.000 +0.000 +0.000 +0.000 +0.000
 +0.000 +0.000 +0.000 +0.000 +0.000 +0.000 +0.000 +0.000 +0.000 +0.000
 +0.000 +0.000 +0.000 +0.000 +0.000 +0.000 +0.000 +0.000 +0.000 +0.000]
Dual variables:           [-1.559 +1.253]

Optimal objective:       -2.01498578e-01
===========================================================================

Method:                  II-QIPM
LO_Precision:            1.00e-01
Stop_Precision:          1.00e-03
LO_Verbosity:            2
Omega:                   1.00e+01

The Quantum Inexact Infeasible Interior-Point Method starts running ...


                  Objective                Residual                                Linear system           Step-length
Iter      Primal           Dual         Primal    Dual     Compl    ||Resl||  Cond-Num  ||M||   ||RHS||    a-star   a-hat      Time
   0  -1.19750243e+01  0.00000000e+00  1.95e+01 8.48e+00  2.07e+03  1.97e+01  4.00e+00 1.00e+00 1.97e+01  9.81e-01 9.62e-01      0s
   1   1.02251959e+00 -2.35085006e-01  3.44e+00 1.46e+00  3.89e+02 *5.97e-01  4.45e+00 3.35e+01 9.21e+01  8.76e-01 8.28e-01      1s
   2   4.60886440e-01 -2.02193810e-01  9.61e-01 6.91e-02  2.06e+01  1.02e+00  4.34e+00 1.99e+02 6.64e+01  9.77e-01 9.53e-01      1s
   3   6.04288099e+00 -2.02193810e-01  5.16e+00 6.30e-02  1.89e+01  5.09e+01  3.73e+00 4.40e+03 5.09e+01  4.96e-01 8.85e-02      1s
   4   8.62930352e+00 -2.02193810e-01  7.22e+00 6.08e-02  1.83e+01  6.40e+01  3.62e+00 5.03e+03 6.40e+01  4.48e-01 3.52e-02      1s
   5   1.10801954e+01 -2.02193810e-01  9.19e+00 5.89e-02  1.78e+01  7.02e+01  3.56e+00 5.31e+03 7.02e+01  4.27e-01 3.14e-02      2s
   6   1.34035304e+01 -2.02193810e-01  1.11e+01 5.72e-02  1.73e+01  7.63e+01  3.50e+00 5.58e+03 7.63e+01  4.09e-01 2.81e-02      2s
   7   1.56059371e+01 -2.02193810e-01  1.29e+01 5.58e-02  1.69e+01  8.22e+01  3.45e+00 5.85e+03 8.22e+01  3.92e-01 2.53e-02      2s
   8   1.76989007e+01 -2.02193810e-01  1.46e+01 5.45e-02  1.66e+01  8.81e+01  3.39e+00 6.10e+03 8.81e+01  3.76e-01 2.29e-02      3s
   9   1.96896204e+01 -2.02193810e-01  1.62e+01 5.33e-02  1.63e+01  9.38e+01  3.34e+00 6.35e+03 9.38e+01  3.61e-01 2.08e-02      3s
  10   2.15834627e+01 -2.02193810e-01  1.78e+01 5.23e-02  1.60e+01  9.94e+01  3.28e+00 6.59e+03 9.94e+01  3.48e-01 1.90e-02      3s
  11   2.33895649e+01 -2.02193810e-01  1.93e+01 5.14e-02  1.58e+01  1.05e+02  3.23e+00 6.82e+03 1.05e+02  3.35e-01 1.74e-02      4s
  12   2.51131353e+01 -2.02193810e-01  2.08e+01 5.06e-02  1.55e+01  1.10e+02  3.18e+00 7.04e+03 1.10e+02  3.23e-01 1.60e-02      4s
  13   2.67593219e+01 -2.02193810e-01  2.22e+01 4.98e-02  1.53e+01  1.16e+02  3.13e+00 7.26e+03 1.16e+02  3.12e-01 1.48e-02      4s
  14   2.83347205e+01 -2.02193810e-01  2.36e+01 4.92e-02  1.51e+01  1.21e+02  3.08e+00 7.47e+03 1.21e+02  3.02e-01 1.37e-02      5s
  15   2.98395151e+01 -2.02193810e-01  2.49e+01 4.85e-02  1.49e+01  1.26e+02  3.04e+00 7.68e+03 1.26e+02  2.92e-01 1.27e-02      5s
  16   5.12395519e+00 -2.01441367e-01  4.26e+00 8.30e-03  2.77e+00 *1.33e-01  2.99e+00 7.88e+03 1.32e+02  8.78e-01 8.29e-01      5s
  17   8.82875359e-01 -2.01441367e-01  7.27e-01 7.64e-03  2.57e+00  4.02e+01  3.67e+00 3.90e+04 4.02e+01  5.65e-01 7.94e-02      5s
  18  -2.20220578e+00 -2.01441367e-01  1.91e+00 7.24e-03  2.45e+00  4.96e+01  3.57e+00 4.32e+04 4.96e+01  5.28e-01 5.23e-02      6s
  19  -5.06563941e+00 -2.01441367e-01  4.40e+00 6.91e-03  2.35e+00  5.67e+01  3.48e+00 4.64e+04 5.67e+01  5.02e-01 4.54e-02      6s
  20  -5.37949618e+00 -2.01441367e-01  4.68e+00 6.88e-03  2.34e+00  6.37e+01  3.40e+00 4.94e+04 6.37e+01  4.78e-01 4.69e-03      7s
  21  -5.37973871e+00 -2.01441367e-01  4.68e+00 6.88e-03  2.34e+00  6.45e+01  3.39e+00 4.97e+04 6.45e+01  4.75e-01 3.60e-06     10s

The solution quality is limited by the precision of the linear system solver.

The algorithm stopped after 22 iterations in 9.53 seconds.

Primal variables:   [+15.171 +14.856 +14.294 +14.272 +14.781 +16.154 +15.300 +14.816 +14.625
 +16.355 +15.182 +15.779 +16.053 +14.169 +14.057 +15.233 +14.511 +15.953
 +15.617 +14.509 +15.973 +15.643 +14.564 +15.488 +13.697 +15.207 +15.989
 +14.263 +13.896 +13.807 +15.032 +16.491 +15.311 +13.779 +16.025 +11.298
 +14.907 +16.346 +15.112 +14.217 +14.407 +15.910 +14.418 +15.874 +13.447
 +15.045 +16.026 +14.269 +15.533 +13.880 +14.282 +16.313 +15.913 +15.510
 +15.162 +15.805 +15.039 +14.411 +12.870 +12.963 +14.567 +14.165 +13.950
 +14.616 +15.650 +15.136 +14.599 +16.699 +14.362 +14.685 +13.325 +15.698
 +14.926 +12.993 +15.203 +15.151 +14.896 +14.398 +13.497 +12.249 +14.099
 +14.987 +15.803 +15.378 +14.175 +15.196 +13.642 +15.341 +12.676 +15.747
 +15.283 +14.242 +12.263 +14.618 +15.527 +13.081 +15.827 +13.515 +13.693
 +11.518 +14.773 +14.795 +15.243 +15.784 +14.044 +14.111 +14.257 +14.348
 +14.876 +16.176 +13.148 +15.482 +14.234 +15.812 +15.585 +15.412 +15.740
 +15.524 +15.908 +13.607 +14.816 +14.936 +14.972 +13.884 +14.247 +14.356
 +13.245 +16.173 +15.298 +15.437 +16.264 +14.516 +14.644 +15.517 +15.119
 +14.797 +13.215 +13.797 +14.543 +14.552 +14.236 +16.223 +15.174 +15.872
 +14.994 +12.799 +14.976 +14.669 +14.082 +14.181 +13.778 +13.082 +14.827
 +15.673 +14.223 +11.808 +16.018 +14.686 +15.509 +12.766 +15.733 +0.029
 +13.940 +12.248 +15.263 +13.757 +15.399 +15.526 +0.039 +12.590 +14.959
 +15.631 +15.718 +15.625 +15.814 +15.425 +14.347 +14.535 +14.812 +15.242
 +15.129 +14.742 +14.403 +15.088 +15.426 +13.611 +14.341 +15.681 +14.771
 +13.077 +12.500 +16.473 +15.197 +13.814 +15.819 +14.632 +14.693 +14.893
 +13.902 +16.040 +15.525 +14.557 +16.448 +15.937 +14.246 +15.393 +16.214
 +13.833 +15.263 +16.353 +14.509 +14.482 +15.618 +15.294 +14.233 +15.405
 +14.584 +15.074 +15.806 +14.637 +14.146 +13.860 +13.967 +16.285 +14.505
 +14.250 +14.126 +14.733 +15.547 +15.121 +14.490 +15.150 +15.314 +15.888
 +15.315 +13.983 +13.397 +15.667 +12.678 +13.902 +14.707 +15.659 +14.710
 +15.445 +16.468 +16.285 +14.958 +14.531 +14.243 +13.069 +14.993 +15.467
 +13.721 +14.249 +13.954 +13.091 +13.476 +15.942 +15.060 +12.670 +15.436
 +15.107 +13.689 +15.078 +16.306 +15.566 +15.579 +14.335 +15.305 +12.501
 +15.210 +13.870 +14.481 +13.147 +15.038 +13.911 +15.578 +14.360 +15.294
 +16.072 +14.937 +13.040 +15.410 +14.994 +14.971 +14.427 +14.315 +15.372
 +13.560 +14.322 +14.643 +15.039 +15.844 +15.046 +14.696 +14.417 +14.746
 +14.146 +14.608 +15.034 +13.990 +15.506 +12.714 +15.272 +13.935 +16.268
 +15.296 +15.329 +14.707 +15.364 +14.261 +14.344 +14.401 +14.344 +16.743
 +16.323 +13.562 +13.852 +13.828 +15.442 +16.402 +15.247 +13.953 +15.071
 +15.533 +16.423 +14.271 +16.382 +13.496 +15.957 +15.611 +15.367 +14.522
 +14.495 +15.933 +15.386 +14.850 +15.801 +15.849 +12.382 +14.907 +13.725
 +15.304 +15.867 +13.116 +14.897 +14.542 +13.658 +12.721 +13.969 +16.026
 +14.799 +14.427 +13.075 +15.050 +15.276 +14.047 +14.554 +15.814 +14.899
 +15.630 +14.535 +14.969 +13.799 +13.677 +15.525 +15.263 +11.810 +15.458
 +13.503 +13.873 +15.957 +15.577 +15.680 +15.027 +14.601 +14.692 +14.151
 +13.822 +15.855 +13.410 +11.658 +15.268 +15.553 +15.398 +15.344 +14.777
 +15.460 +15.146 +15.670 +14.234 +16.234 +11.767 +15.164 +14.468 +12.367
 +15.090 +15.169 +16.276 +14.711 +14.708 +13.720 +15.256 +12.637 +15.478
 +15.040 +13.991 +15.232 +14.158 +14.655 +11.394 +15.426 +14.417 +16.286
 +15.667 +16.149 +14.809 +15.423 +13.658 +12.664 +15.934 +15.366 +13.697
 +15.582 +13.784 +15.355 +15.699 +13.667 +13.380 +14.794 +14.470 +14.366
 +14.890 +15.665 +14.149 +15.703 +15.802 +13.296 +12.114 +13.260 +14.942
 +16.082 +14.933 +16.306 +15.146 +15.419 +14.620 +15.172 +13.831 +16.081
 +15.463 +15.442 +15.269 +15.611 +14.147 +14.773 +15.172 +15.395 +14.927
 +12.131 +15.167 +15.917 +15.280 +15.334 +16.003 +14.508 +16.421 +15.387
 +16.157 +12.609 +14.150 +13.500 +14.552 +14.911 +13.980 +15.288 +14.900
 +15.732 +14.821 +14.601 +14.387 +14.038 +15.293 +13.245 +15.619 +15.373
 +14.930 +16.224 +14.487 +13.089 +16.715 +15.184 +14.913 +12.903 +13.221
 +13.756 +14.234 +15.437 +14.393 +16.062]
Dual slacks:        [+0.000 +0.000 +0.000 +0.000 +0.000 +0.000 +0.000 +0.000 +0.000 +0.000
 +0.000 +0.000 +0.000 +0.000 +0.000 +0.000 +0.000 +0.000 +0.000 +0.000
 +0.000 +0.000 +0.000 +0.000 +0.000 +0.000 +0.000 +0.000 +0.000 +0.000
 +0.000 +0.000 +0.000 +0.000 +0.000 +0.000 +0.000 +0.000 +0.000 +0.000
 +0.000 +0.000 +0.000 +0.000 +0.000 +0.000 +0.000 +0.000 +0.000 +0.000
 +0.000 +0.000 +0.000 +0.000 +0.000 +0.000 +0.000 +0.000 +0.000 +0.000
 +0.000 +0.000 +0.000 +0.000 +0.000 +0.000 +0.000 +0.000 +0.000 +0.000
 +0.000 +0.000 +0.000 +0.000 +0.000 +0.000 +0.000 +0.000 +0.000 +0.000
 +0.000 +0.000 +0.000 +0.000 +0.000 +0.000 +0.000 +0.000 +0.000 +0.000
 +0.000 +0.000 +0.000 +0.000 +0.000 +0.000 +0.000 +0.000 +0.000 +0.000
 +0.000 +0.000 +0.000 +0.000 +0.000 +0.000 +0.000 +0.000 +0.000 +0.000
 +0.000 +0.000 +0.000 +0.000 +0.000 +0.000 +0.000 +0.000 +0.000 +0.000
 +0.000 +0.000 +0.000 +0.000 +0.000 +0.000 +0.000 +0.000 +0.000 +0.000
 +0.000 +0.000 +0.000 +0.000 +0.000 +0.000 +0.000 +0.000 +0.000 +0.000
 +0.000 +0.000 +0.000 +0.000 +0.000 +0.000 +0.000 +0.000 +0.000 +0.000
 +0.000 +0.000 +0.000 +0.000 +0.000 +0.000 +0.000 +0.000 +0.000 +0.000
 +0.000 +1.561 +0.000 +0.000 +0.000 +0.000 +0.000 +0.000 +1.250 +0.000
 +0.000 +0.000 +0.000 +0.000 +0.000 +0.000 +0.000 +0.000 +0.000 +0.000
 +0.000 +0.000 +0.000 +0.000 +0.000 +0.000 +0.000 +0.000 +0.000 +0.000
 +0.000 +0.000 +0.000 +0.000 +0.000 +0.000 +0.000 +0.000 +0.000 +0.000
 +0.000 +0.000 +0.000 +0.000 +0.000 +0.000 +0.000 +0.000 +0.000 +0.000
 +0.000 +0.000 +0.000 +0.000 +0.000 +0.000 +0.000 +0.000 +0.000 +0.000
 +0.000 +0.000 +0.000 +0.000 +0.000 +0.000 +0.000 +0.000 +0.000 +0.000
 +0.000 +0.000 +0.000 +0.000 +0.000 +0.000 +0.000 +0.000 +0.000 +0.000
 +0.000 +0.000 +0.000 +0.000 +0.000 +0.000 +0.000 +0.000 +0.000 +0.000
 +0.000 +0.000 +0.000 +0.000 +0.000 +0.000 +0.000 +0.000 +0.000 +0.000
 +0.000 +0.000 +0.000 +0.000 +0.000 +0.000 +0.000 +0.000 +0.000 +0.000
 +0.000 +0.000 +0.000 +0.000 +0.000 +0.000 +0.000 +0.000 +0.000 +0.000
 +0.000 +0.000 +0.000 +0.000 +0.000 +0.000 +0.000 +0.000 +0.000 +0.000
 +0.000 +0.000 +0.000 +0.000 +0.000 +0.000 +0.000 +0.000 +0.000 +0.000
 +0.000 +0.000 +0.000 +0.000 +0.000 +0.000 +0.000 +0.000 +0.000 +0.000
 +0.000 +0.000 +0.000 +0.000 +0.000 +0.000 +0.000 +0.000 +0.000 +0.000
 +0.000 +0.000 +0.000 +0.000 +0.000 +0.000 +0.000 +0.000 +0.000 +0.000
 +0.000 +0.000 +0.000 +0.000 +0.000 +0.000 +0.000 +0.000 +0.000 +0.000
 +0.000 +0.000 +0.000 +0.000 +0.000 +0.000 +0.000 +0.000 +0.000 +0.000
 +0.000 +0.000 +0.000 +0.000 +0.000 +0.000 +0.000 +0.000 +0.000 +0.000
 +0.000 +0.000 +0.000 +0.000 +0.000 +0.000 +0.000 +0.000 +0.000 +0.000
 +0.000 +0.000 +0.000 +0.000 +0.000 +0.000 +0.000 +0.000 +0.000 +0.000
 +0.000 +0.000 +0.000 +0.000 +0.000 +0.000 +0.000 +0.000 +0.000 +0.000
 +0.000 +0.000 +0.000 +0.000 +0.000 +0.000 +0.000 +0.000 +0.000 +0.000
 +0.000 +0.000 +0.000 +0.000 +0.000 +0.000 +0.000 +0.000 +0.000 +0.000
 +0.000 +0.000 +0.000 +0.000 +0.000 +0.000 +0.000 +0.000 +0.000 +0.000
 +0.000 +0.000 +0.000 +0.000 +0.000 +0.000 +0.000 +0.000 +0.000 +0.000
 +0.000 +0.000 +0.000 +0.000 +0.000 +0.000 +0.000 +0.000 +0.000 +0.000
 +0.000 +0.000 +0.000 +0.000 +0.000 +0.000 +0.000 +0.000 +0.000 +0.000
 +0.000 +0.000 +0.000 +0.000 +0.000 +0.000 +0.000 +0.000 +0.000 +0.000
 +0.000 +0.000 +0.000 +0.000 +0.000 +0.000 +0.000 +0.000 +0.000 +0.000
 +0.000 +0.000 +0.000 +0.000 +0.000 +0.000 +0.000 +0.000 +0.000 +0.000
 +0.000 +0.000 +0.000 +0.000 +0.000 +0.000 +0.000 +0.000 +0.000 +0.000
 +0.000 +0.000 +0.000 +0.000 +0.000 +0.000 +0.000 +0.000 +0.000 +0.000]
Dual variables:     [-1.560 +1.250]

Primal objective:   -5.37973871e+00
Dual objective:     -2.01441367e-01

Primal residual:    4.68e+00
Dual residual:      6.88e-03
Complementraty:     2.34e+00

Number of Iter:     22
Run time:           9.53
