
--------------- Linear optimization problem characteristics ---------------
Seed:                    23
Number of variables:     100
Number of constraints:   2

Norm of primal sol:      2.00e+00
Norm of dual sol:        2.00e+00
Norm of dual slacks:     2.00e+00

Norm of vector b:        1.18e-01
Norm of vector c:        2.27e+00

Norm of matrix A:        1.00e+00
Condition number:        2.00e+00

----------------------- Linear optimization problem -----------------------
Coeff matrix A:          [[-0.091 -0.043 +0.046 -0.018 +0.124 +0.070 -0.077 -0.069 -0.006 +0.075
 -0.006 -0.071 -0.104 +0.030 +0.062 +0.013 +0.093 -0.023 +0.088 -0.021
 +0.089 -0.052 -0.110 +0.055 -0.057 +0.083 +0.110 -0.028 -0.045 +0.045
 +0.069 -0.069 +0.040 -0.057 -0.103 -0.053 +0.006 -0.020 +0.037 -0.018
 -0.025 +0.005 +0.015 +0.073 -0.038 +0.028 +0.022 +0.069 -0.020 -0.056
 -0.105 +0.032 +0.082 -0.058 +0.005 +0.068 -0.035 +0.076 -0.088 +0.096
 -0.016 +0.124 +0.026 +0.056 -0.023 -0.011 -0.013 +0.086 -0.035 -0.090
 +0.043 +0.006 -0.003 -0.114 -0.039 +0.059 +0.035 +0.020 -0.079 +0.030
 -0.068 -0.056 -0.052 -0.075 -0.052 +0.040 +0.032 +0.037 -0.032 -0.074
 +0.036 +0.062 -0.019 -0.114 +0.114 -0.014 -0.081 +0.090 -0.022 -0.051]
                          [+0.159 -0.033 -0.097 -0.007 -0.174 -0.094 +0.067 -0.027 -0.137 -0.088
 +0.136 +0.083 +0.063 -0.142 +0.121 +0.010 -0.024 +0.097 +0.037 +0.102
 -0.129 +0.041 +0.133 -0.062 -0.087 -0.116 -0.130 -0.013 +0.044 -0.131
 -0.158 -0.099 -0.078 -0.029 +0.111 +0.086 -0.115 -0.000 +0.032 +0.105
 -0.025 -0.055 -0.028 -0.038 +0.045 +0.136 +0.038 +0.019 +0.016 -0.025
 +0.134 -0.107 +0.053 +0.092 -0.132 -0.033 +0.072 -0.002 -0.014 -0.094
 -0.126 -0.156 +0.136 +0.021 +0.092 -0.137 -0.107 -0.056 +0.110 -0.032
 -0.101 +0.106 +0.115 +0.173 -0.110 -0.033 -0.089 +0.083 -0.021 -0.090
 +0.109 +0.010 -0.115 -0.013 +0.012 +0.040 -0.068 -0.152 +0.038 +0.115
 -0.095 +0.021 +0.073 +0.169 -0.153 +0.057 +0.044 -0.122 -0.004 -0.127]]

RHS vector b:            [-0.061 -0.101]
Obj vector c:            [-0.027 -0.106 +0.000 -0.038 +0.074 +0.045 -0.081 -0.147 -0.129 +0.060
 +0.106 -0.057 -0.133 -0.067 +0.215 +0.032 +0.147 +0.042 +0.191 +0.049
 +0.050 -0.058 -0.084 +0.046 -0.177 +0.050 +0.087 -0.062 -0.043 -0.031
 -0.012 -0.210 +0.005 -0.128 -0.091 -0.022 -0.088 -0.037 +0.094 +0.057
 -0.067 -0.039 +0.002 +0.098 -0.030 +0.168 +0.072 +0.141 -0.023 -0.124
 -0.075 -0.034 +0.194 -0.025 -0.105 +0.095 -0.001 +0.136 -0.172 +0.092
 -0.137 +1.179 +0.165 +0.120 +0.038 -0.139 -0.116 +0.107 +0.031 -0.191
 +1.668 +0.102 +0.094 -0.058 -0.165 +0.079 -0.014 +0.107 -0.160 -0.024
 -0.029 -0.093 -0.193 -0.147 -0.084 +0.106 -0.001 -0.064 -0.024 -0.035
 -0.016 +0.130 +0.029 -0.060 +0.074 +0.024 -0.109 +0.057 -0.043 -0.201]

---------------------------- Optimal solution -----------------------------
Primal variables:         [+0.183 +0.335 +0.271 +0.100 +0.078 +0.243 +0.059 +0.139 +0.219 +0.146
 +0.001 +0.313 +0.313 +0.106 +0.208 +0.346 +0.299 +0.023 +0.104 +0.102
 +0.291 +0.221 +0.039 +0.000 +0.333 +0.050 +0.149 +0.123 +0.308 +0.152
 +0.293 +0.254 +0.042 +0.211 +0.046 +0.027 +0.294 +0.164 +0.057 +0.194
 +0.208 +0.274 +0.232 +0.197 +0.063 +0.085 +0.179 +0.140 +0.171 +0.338
 +0.319 +0.179 +0.290 +0.293 +0.082 +0.028 +0.165 +0.311 +0.052 +0.082
 +0.325 +0.000 +0.324 +0.083 +0.218 +0.336 +0.090 +0.159 +0.344 +0.085
 +0.000 +0.243 +0.299 +0.160 +0.036 +0.220 +0.030 +0.019 +0.122 +0.320
 +0.282 +0.136 +0.033 +0.045 +0.189 +0.179 +0.178 +0.045 +0.280 +0.211
 +0.268 +0.162 +0.026 +0.213 +0.154 +0.002 +0.016 +0.148 +0.311 +0.153]
Dual slacks:              [+0.000 +0.000 +0.000 +0.000 +0.000 +0.000 +0.000 +0.000 +0.000 +0.000
 +0.000 +0.000 +0.000 +0.000 +0.000 +0.000 +0.000 +0.000 +0.000 +0.000
 +0.000 +0.000 +0.000 +0.000 +0.000 +0.000 +0.000 +0.000 +0.000 +0.000
 +0.000 +0.000 +0.000 +0.000 +0.000 +0.000 +0.000 +0.000 +0.000 +0.000
 +0.000 +0.000 +0.000 +0.000 +0.000 +0.000 +0.000 +0.000 +0.000 +0.000
 +0.000 +0.000 +0.000 +0.000 +0.000 +0.000 +0.000 +0.000 +0.000 +0.000
 +0.000 +1.090 +0.000 +0.000 +0.000 +0.000 +0.000 +0.000 +0.000 +0.000
 +1.677 +0.000 +0.000 +0.000 +0.000 +0.000 +0.000 +0.000 +0.000 +0.000
 +0.000 +0.000 +0.000 +0.000 +0.000 +0.000 +0.000 +0.000 +0.000 +0.000
 +0.000 +0.000 +0.000 +0.000 +0.000 +0.000 +0.000 +0.000 +0.000 +0.000]
Dual variables:           [+1.806 +0.860]

Optimal objective:       -1.97151003e-01
===========================================================================

Method:                  II-QIPM
LO_Precision:            1.00e-01
Stop_Precision:          1.00e-03
LO_Verbosity:            2
Omega:                   1.00e+01

The Quantum Inexact Infeasible Interior-Point Method starts running ...


                  Objective                Residual                                Linear system           Step-length
Iter      Primal           Dual         Primal    Dual     Compl    ||Resl||  Cond-Num  ||M||   ||RHS||    a-star   a-hat      Time
   0   2.21641292e+01 -1.79521810e+00  2.85e+00 3.27e+01  3.51e+03  3.33e-15  4.00e+00 1.00e+00 9.57e+00  7.82e-01 6.72e-01      0s
   1   2.29788666e+01 -1.79521810e+00  1.73e+00 3.12e+01  3.36e+03  2.14e+01  3.68e+00 3.37e+00 2.14e+01  4.37e-01 4.61e-02      1s
   2   2.35094350e+01 -1.79521810e+00  1.04e+00 3.04e+01  3.28e+03  2.48e+01  3.61e+00 3.60e+00 2.48e+01  4.10e-01 2.62e-02      1s
   3   2.40295491e+01 -1.79521810e+00  3.81e-01 2.97e+01  3.21e+03  2.69e+01  3.57e+00 3.75e+00 2.69e+01  3.94e-01 2.37e-02      1s
   4   2.45395293e+01 -1.79521810e+00  2.62e-01 2.90e+01  3.15e+03  2.90e+01  3.53e+00 3.89e+00 2.90e+01  3.79e-01 2.15e-02      1s
   5   2.50394706e+01 -1.79521810e+00  8.64e-01 2.85e+01  3.09e+03  3.10e+01  3.49e+00 4.03e+00 3.10e+01  3.66e-01 1.97e-02      2s
   6   2.55296877e+01 -1.79521810e+00  1.44e+00 2.80e+01  3.04e+03  3.31e+01  3.46e+00 4.16e+00 3.31e+01  3.53e-01 1.80e-02      2s
   7   2.60101842e+01 -1.79521810e+00  2.00e+00 2.75e+01  3.00e+03  3.51e+01  3.42e+00 4.29e+00 3.51e+01  3.41e-01 1.66e-02      2s
   8   2.64811077e+01 -1.79521810e+00  2.54e+00 2.71e+01  2.96e+03  3.71e+01  3.39e+00 4.41e+00 3.71e+01  3.30e-01 1.53e-02      2s
   9   2.69431824e+01 -1.79521810e+00  3.06e+00 2.67e+01  2.92e+03  3.90e+01  3.36e+00 4.54e+00 3.90e+01  3.20e-01 1.42e-02      3s
  10   2.73962997e+01 -1.79521810e+00  3.56e+00 2.63e+01  2.88e+03  4.10e+01  3.33e+00 4.66e+00 4.10e+01  3.10e-01 1.32e-02      3s
  11   2.78408803e+01 -1.79521810e+00  4.04e+00 2.60e+01  2.85e+03  4.29e+01  3.30e+00 4.78e+00 4.29e+01  3.01e-01 1.23e-02      3s
  12   2.82773987e+01 -1.79521810e+00  4.51e+00 2.57e+01  2.82e+03  4.48e+01  3.28e+00 4.90e+00 4.48e+01  2.92e-01 1.15e-02      3s
  13   2.87055130e+01 -1.79521810e+00  4.96e+00 2.54e+01  2.80e+03  4.67e+01  3.25e+00 5.01e+00 4.67e+01  2.84e-01 1.07e-02      4s
  14   2.91262048e+01 -1.79521810e+00  5.40e+00 2.52e+01  2.77e+03  4.86e+01  3.23e+00 5.13e+00 4.86e+01  2.76e-01 1.01e-02      4s
  15   2.95396364e+01 -1.79521810e+00  5.82e+00 2.49e+01  2.75e+03  5.05e+01  3.21e+00 5.24e+00 5.05e+01  2.69e-01 9.45e-03      4s
  16   2.99455933e+01 -1.79521810e+00  6.24e+00 2.47e+01  2.72e+03  5.23e+01  3.19e+00 5.36e+00 5.23e+01  2.62e-01 8.89e-03      5s
  17   3.03450977e+01 -1.79521810e+00  6.64e+00 2.45e+01  2.70e+03  5.42e+01  3.17e+00 5.47e+00 5.42e+01  2.55e-01 8.39e-03      5s
  18   3.07375918e+01 -1.79521810e+00  7.03e+00 2.43e+01  2.68e+03  5.61e+01  3.16e+00 5.58e+00 5.61e+01  2.49e-01 7.92e-03      5s
  19   3.11237194e+01 -1.79521810e+00  7.41e+00 2.41e+01  2.67e+03  5.79e+01  3.14e+00 5.69e+00 5.79e+01  2.43e-01 7.49e-03      5s
  20   3.15037426e+01 -1.79521810e+00  7.78e+00 2.40e+01  2.65e+03  5.98e+01  3.13e+00 5.80e+00 5.98e+01  2.37e-01 7.10e-03      6s
  21   3.18779326e+01 -1.79521810e+00  8.15e+00 2.38e+01  2.63e+03  6.16e+01  3.12e+00 5.91e+00 6.16e+01  2.31e-01 6.74e-03      6s
  22   3.22465672e+01 -1.79521810e+00  8.50e+00 2.37e+01  2.62e+03  6.34e+01  3.11e+00 6.02e+00 6.34e+01  2.26e-01 6.40e-03      6s
  23   3.26095654e+01 -1.79521810e+00  8.85e+00 2.35e+01  2.60e+03  6.53e+01  3.10e+00 6.13e+00 6.53e+01  2.21e-01 6.09e-03      6s
  24   3.29672192e+01 -1.79521810e+00  9.18e+00 2.34e+01  2.59e+03  6.71e+01  3.09e+00 6.24e+00 6.71e+01  2.16e-01 5.80e-03      7s
  25   3.33194696e+01 -1.79521810e+00  9.51e+00 2.32e+01  2.58e+03  6.90e+01  3.08e+00 6.35e+00 6.90e+01  2.12e-01 5.52e-03      7s
  26   3.36669641e+01 -1.79521810e+00  9.84e+00 2.31e+01  2.56e+03  7.08e+01  3.07e+00 6.46e+00 7.08e+01  2.08e-01 5.28e-03      7s
  27   3.40099966e+01 -1.79521810e+00  1.02e+01 2.30e+01  2.55e+03  7.26e+01  3.07e+00 6.57e+00 7.26e+01  2.03e-01 5.05e-03      7s
  28   3.43481829e+01 -1.79521810e+00  1.05e+01 2.29e+01  2.54e+03  7.45e+01  3.06e+00 6.68e+00 7.45e+01  1.99e-01 4.82e-03      8s
  29   3.46818250e+01 -1.79521810e+00  1.08e+01 2.28e+01  2.53e+03  7.63e+01  3.06e+00 6.79e+00 7.63e+01  1.95e-01 4.62e-03      8s
  30   3.50112222e+01 -1.79521810e+00  1.11e+01 2.27e+01  2.52e+03  7.82e+01  3.06e+00 6.90e+00 7.82e+01  1.92e-01 4.43e-03      8s
  31   3.53363455e+01 -1.79521810e+00  1.14e+01 2.26e+01  2.51e+03  8.00e+01  3.05e+00 7.01e+00 8.00e+01  1.88e-01 4.25e-03      8s
  32   3.56574934e+01 -1.79521810e+00  1.16e+01 2.25e+01  2.50e+03  8.19e+01  3.05e+00 7.12e+00 8.19e+01  1.85e-01 4.08e-03      9s
  33   3.59746430e+01 -1.79521810e+00  1.19e+01 2.24e+01  2.49e+03  8.37e+01  3.05e+00 7.24e+00 8.37e+01  1.81e-01 3.92e-03      9s
  34   3.62880899e+01 -1.79521810e+00  1.22e+01 2.23e+01  2.49e+03  8.56e+01  3.05e+00 7.35e+00 8.56e+01  1.78e-01 3.77e-03      9s
  35   3.65981260e+01 -1.79521810e+00  1.25e+01 2.22e+01  2.48e+03  8.75e+01  3.06e+00 7.46e+00 8.75e+01  1.75e-01 3.63e-03      9s
  36   3.69044256e+01 -1.79521810e+00  1.27e+01 2.22e+01  2.47e+03  8.93e+01  3.06e+00 7.57e+00 8.93e+01  1.72e-01 3.49e-03     10s
  37   3.72069782e+01 -1.79521810e+00  1.30e+01 2.21e+01  2.46e+03  9.12e+01  3.06e+00 7.69e+00 9.12e+01  1.69e-01 3.36e-03     10s
  38   3.75066743e+01 -1.79521810e+00  1.33e+01 2.20e+01  2.45e+03  9.31e+01  3.06e+00 7.80e+00 9.31e+01  1.66e-01 3.25e-03     10s
  39   3.78029041e+01 -1.79521810e+00  1.35e+01 2.20e+01  2.45e+03  9.50e+01  3.07e+00 7.91e+00 9.50e+01  1.64e-01 3.13e-03     10s
  40   3.80959541e+01 -1.79521810e+00  1.38e+01 2.19e+01  2.44e+03  9.69e+01  3.07e+00 8.03e+00 9.69e+01  1.61e-01 3.02e-03     10s
  41   3.83861064e+01 -1.79521810e+00  1.40e+01 2.18e+01  2.43e+03  9.87e+01  3.08e+00 8.14e+00 9.87e+01  1.58e-01 2.92e-03     11s
  42   3.86730642e+01 -1.79521810e+00  1.43e+01 2.18e+01  2.43e+03  1.01e+02  3.09e+00 8.26e+00 1.01e+02  1.56e-01 2.82e-03     11s
  43   3.89573921e+01 -1.79521810e+00  1.45e+01 2.17e+01  2.42e+03  1.03e+02  3.09e+00 8.38e+00 1.03e+02  1.53e-01 2.73e-03     11s
  44   3.92387993e+01 -1.79521810e+00  1.47e+01 2.16e+01  2.42e+03  1.04e+02  3.10e+00 8.49e+00 1.04e+02  1.51e-01 2.64e-03     11s
  45   3.95175605e+01 -1.79521810e+00  1.50e+01 2.16e+01  2.41e+03  1.06e+02  3.11e+00 8.61e+00 1.06e+02  1.49e-01 2.56e-03     11s
  46   3.97936700e+01 -1.79521810e+00  1.52e+01 2.15e+01  2.41e+03  1.08e+02  3.12e+00 8.73e+00 1.08e+02  1.47e-01 2.48e-03     12s
  47   4.00671232e+01 -1.79521810e+00  1.54e+01 2.15e+01  2.40e+03  1.10e+02  3.12e+00 8.85e+00 1.10e+02  1.45e-01 2.40e-03     12s
  48   4.03381882e+01 -1.79521810e+00  1.57e+01 2.14e+01  2.40e+03  1.12e+02  3.13e+00 8.97e+00 1.12e+02  1.43e-01 2.33e-03     12s
  49   4.06068599e+01 -1.79521810e+00  1.59e+01 2.14e+01  2.39e+03  1.14e+02  3.14e+00 9.09e+00 1.14e+02  1.41e-01 2.26e-03     12s
  50   4.08731346e+01 -1.79521810e+00  1.61e+01 2.13e+01  2.39e+03  1.16e+02  3.16e+00 9.22e+00 1.16e+02  1.39e-01 2.19e-03     12s
  51   4.11370094e+01 -1.79521810e+00  1.63e+01 2.13e+01  2.38e+03  1.18e+02  3.17e+00 9.34e+00 1.18e+02  1.37e-01 2.13e-03     13s
  52   4.13987443e+01 -1.79521810e+00  1.65e+01 2.12e+01  2.38e+03  1.20e+02  3.18e+00 9.46e+00 1.20e+02  1.35e-01 2.07e-03     13s
  53   4.16580760e+01 -1.79521810e+00  1.67e+01 2.12e+01  2.37e+03  1.22e+02  3.19e+00 9.59e+00 1.22e+02  1.33e-01 2.01e-03     13s
  54   4.19155192e+01 -1.79521810e+00  1.70e+01 2.12e+01  2.37e+03  1.24e+02  3.20e+00 9.71e+00 1.24e+02  1.31e-01 1.96e-03     13s
  55   4.21708138e+01 -1.79521810e+00  1.72e+01 2.11e+01  2.36e+03  1.26e+02  3.22e+00 9.84e+00 1.26e+02  1.30e-01 1.90e-03     14s
  56   4.24242119e+01 -1.79521810e+00  1.74e+01 2.11e+01  2.36e+03  1.28e+02  3.23e+00 9.97e+00 1.28e+02  1.28e-01 1.85e-03     14s
  57   4.26754588e+01 -1.79521810e+00  1.76e+01 2.10e+01  2.36e+03  1.30e+02  3.24e+00 1.01e+01 1.30e+02  1.26e-01 1.80e-03     14s
  58   4.29248040e+01 -1.79521810e+00  1.78e+01 2.10e+01  2.35e+03  1.32e+02  3.26e+00 1.02e+01 1.32e+02  1.25e-01 1.75e-03     14s
  59   4.31722454e+01 -1.79521810e+00  1.80e+01 2.10e+01  2.35e+03  1.34e+02  3.27e+00 1.04e+01 1.34e+02  1.23e-01 1.71e-03     14s
  60   4.34180275e+01 -1.79521810e+00  1.82e+01 2.09e+01  2.35e+03  1.36e+02  3.29e+00 1.05e+01 1.36e+02  1.22e-01 1.66e-03     15s
  61   4.36619031e+01 -1.79521810e+00  1.84e+01 2.09e+01  2.34e+03  1.38e+02  3.30e+00 1.06e+01 1.38e+02  1.20e-01 1.62e-03     15s
  62   4.39038719e+01 -1.79521810e+00  1.86e+01 2.09e+01  2.34e+03  1.40e+02  3.32e+00 1.07e+01 1.40e+02  1.19e-01 1.58e-03     15s
  63   4.41444148e+01 -1.79521810e+00  1.87e+01 2.08e+01  2.34e+03  1.42e+02  3.33e+00 1.09e+01 1.42e+02  1.17e-01 1.54e-03     15s
  64   4.43830504e+01 -1.79521810e+00  1.89e+01 2.08e+01  2.33e+03  1.44e+02  3.35e+00 1.10e+01 1.44e+02  1.16e-01 1.50e-03     15s
  65   4.46202537e+01 -1.79521810e+00  1.91e+01 2.08e+01  2.33e+03  1.46e+02  3.37e+00 1.11e+01 1.46e+02  1.15e-01 1.47e-03     16s
  66   4.48557864e+01 -1.79521810e+00  1.93e+01 2.07e+01  2.33e+03  1.48e+02  3.38e+00 1.13e+01 1.48e+02  1.13e-01 1.43e-03     16s
  67   4.50896479e+01 -1.79521810e+00  1.95e+01 2.07e+01  2.32e+03  1.51e+02  3.40e+00 1.14e+01 1.51e+02  1.12e-01 1.40e-03     16s
  68   4.53220702e+01 -1.79521810e+00  1.97e+01 2.07e+01  2.32e+03  1.53e+02  3.42e+00 1.16e+01 1.53e+02  1.11e-01 1.37e-03     16s
  69   4.55530516e+01 -1.79521810e+00  1.98e+01 2.07e+01  2.32e+03  1.55e+02  3.44e+00 1.17e+01 1.55e+02  1.10e-01 1.34e-03     16s
  70   4.57825906e+01 -1.79521810e+00  2.00e+01 2.06e+01  2.31e+03  1.57e+02  3.46e+00 1.18e+01 1.57e+02  1.09e-01 1.31e-03     17s
  71   4.60106861e+01 -1.79521810e+00  2.02e+01 2.06e+01  2.31e+03  1.59e+02  3.47e+00 1.20e+01 1.59e+02  1.07e-01 1.28e-03     17s
  72   4.62373369e+01 -1.79521810e+00  2.04e+01 2.06e+01  2.31e+03  1.61e+02  3.49e+00 1.21e+01 1.61e+02  1.06e-01 1.25e-03     17s
  73   4.64627677e+01 -1.79521810e+00  2.06e+01 2.06e+01  2.31e+03  1.63e+02  3.51e+00 1.23e+01 1.63e+02  1.05e-01 1.22e-03     17s
  74   4.66867524e+01 -1.79521810e+00  2.07e+01 2.05e+01  2.30e+03  1.65e+02  3.53e+00 1.24e+01 1.65e+02  1.04e-01 1.19e-03     17s
  75   4.69092905e+01 -1.79521810e+00  2.09e+01 2.05e+01  2.30e+03  1.68e+02  3.55e+00 1.25e+01 1.68e+02  1.03e-01 1.17e-03     18s
  76   4.71308249e+01 -1.79521810e+00  2.11e+01 2.05e+01  2.30e+03  1.70e+02  3.57e+00 1.27e+01 1.70e+02  1.02e-01 1.14e-03     18s
  77   4.73509121e+01 -1.79521810e+00  2.12e+01 2.05e+01  2.30e+03  1.72e+02  3.59e+00 1.28e+01 1.72e+02  1.01e-01 1.12e-03     18s
  78   4.75697713e+01 -1.79521810e+00  2.14e+01 2.04e+01  2.30e+03  1.74e+02  3.61e+00 1.30e+01 1.74e+02  9.99e-02 1.10e-03     18s
  79   4.77874013e+01 -1.79521810e+00  2.16e+01 2.04e+01  2.29e+03  1.76e+02  3.64e+00 1.31e+01 1.76e+02  9.89e-02 1.07e-03     19s
  80   4.80040178e+01 -1.79521810e+00  2.17e+01 2.04e+01  2.29e+03  1.79e+02  3.66e+00 1.33e+01 1.79e+02  9.79e-02 1.05e-03     19s
  81   4.82194033e+01 -1.79521810e+00  2.19e+01 2.04e+01  2.29e+03  1.81e+02  3.68e+00 1.34e+01 1.81e+02  9.70e-02 1.03e-03     19s
  82   4.84335571e+01 -1.79521810e+00  2.21e+01 2.04e+01  2.29e+03  1.83e+02  3.70e+00 1.36e+01 1.83e+02  9.60e-02 1.01e-03     19s
  83   4.86466916e+01 -1.79521810e+00  2.22e+01 2.03e+01  2.28e+03  1.85e+02  3.72e+00 1.37e+01 1.85e+02  9.51e-02 9.90e-04     19s

The solution quality is limited by the precision of the linear system solver.

The algorithm stopped after 84 iterations in 19.42 seconds.

Primal variables:   [+14.757 +9.303 +9.735 +10.478 +9.627 +10.332 +11.023 +8.939 +8.062
 +10.649 +21.889 +11.749 +10.200 +8.546 +60.838 +11.992 +14.042 +14.890
 +19.880 +15.414 +9.923 +10.965 +12.310 +10.866 +8.112 +10.090 +10.390
 +10.059 +11.245 +8.992 +8.909 +7.746 +10.036 +9.107 +11.675 +12.604
 +8.612 +10.595 +14.272 +15.879 +9.838 +9.796 +10.733 +12.308 +11.503
 +35.709 +13.741 +15.534 +11.086 +9.197 +12.545 +9.222 +21.997 +12.659
 +8.307 +12.368 +12.743 +14.465 +8.828 +11.057 +8.088 +8.229 +34.412
 +14.801 +14.530 +7.986 +8.448 +12.104 +15.003 +8.486 +7.251 +18.614
 +18.762 +14.168 +8.012 +12.031 +9.659 +17.274 +8.880 +9.531 +13.030
 +9.982 +7.746 +9.089 +10.130 +15.025 +10.097 +8.482 +11.480 +13.020
 +9.566 +15.156 +13.561 +13.977 +9.902 +12.974 +10.240 +10.098 +10.446
 +7.593]
Dual slacks:        [+1.282 +2.794 +2.582 +2.283 +2.625 +2.331 +2.097 +2.986 +3.511 +2.212
 +0.696 +1.879 +2.397 +3.203 +0.188 +1.807 +1.377 +1.259 +0.797 +1.190
 +2.496 +2.114 +1.738 +2.138 +3.481 +2.426 +2.305 +2.449 +2.024 +2.949
 +2.992 +3.733 +2.452 +2.895 +1.902 +1.665 +3.166 +2.240 +1.345 +1.134
 +2.543 +2.558 +2.187 +1.723 +1.945 +0.360 +1.433 +1.169 +2.072 +2.849
 +1.682 +2.829 +0.687 +1.653 +3.351 +1.709 +1.633 +1.312 +3.049 +2.071
 +3.494 +3.308 +0.377 +1.265 +1.310 +3.563 +3.265 +1.772 +1.244 +3.248
 +3.999 +0.884 +0.874 +1.373 +3.547 +1.793 +2.618 +0.991 +3.019 +2.678
 +1.575 +2.483 +3.731 +2.906 +2.421 +1.236 +2.428 +3.241 +1.952 +1.577
 +2.661 +1.217 +1.469 +1.404 +2.503 +1.582 +2.380 +2.422 +2.295 +3.842]
Dual variables:     [+11.192 +10.996]

Primal objective:   4.86466916e+01 
Dual objective:     -1.79521810e+00

Primal residual:    2.22e+01
Dual residual:      2.03e+01
Complementraty:     2.28e+03

Number of Iter:     84
Run time:           19.42
