
--------------- Linear optimization problem characteristics ---------------
Seed:                    46
Number of variables:     200
Number of constraints:   2

Norm of primal sol:      2.00e+00
Norm of dual sol:        2.00e+00
Norm of dual slacks:     2.00e+00

Norm of vector b:        5.57e-02
Norm of vector c:        2.77e+00

Norm of matrix A:        1.00e+00
Condition number:        2.00e+00

----------------------- Linear optimization problem -----------------------
Coeff matrix A:          [[+0.037 -0.066 +0.060 +0.060 -0.057 +0.059 -0.056 +0.011 -0.002 -0.056
 -0.017 +0.008 +0.004 +0.037 +0.018 +0.021 +0.031 -0.070 -0.001 -0.084
 +0.012 -0.018 +0.012 +0.047 +0.067 -0.049 +0.006 +0.037 -0.013 -0.011
 -0.063 -0.001 +0.056 -0.010 -0.022 -0.050 +0.003 -0.027 +0.013 -0.050
 -0.032 -0.014 +0.052 +0.004 -0.036 -0.001 +0.006 +0.025 +0.038 -0.055
 -0.003 +0.021 +0.076 -0.051 +0.008 +0.054 -0.045 -0.029 -0.054 -0.051
 +0.004 +0.072 -0.033 +0.074 -0.041 +0.061 -0.017 +0.021 +0.029 -0.054
 +0.062 +0.034 -0.042 -0.015 +0.034 -0.055 -0.045 -0.002 -0.067 -0.030
 +0.066 -0.024 -0.068 -0.027 +0.055 +0.034 +0.029 -0.074 +0.037 -0.075
 -0.028 -0.068 +0.041 -0.078 +0.043 +0.053 +0.054 +0.022 -0.033 +0.008
 +0.028 -0.001 -0.008 +0.055 +0.016 -0.008 +0.042 -0.059 -0.009 -0.056
 -0.005 +0.058 -0.063 +0.006 +0.013 -0.062 +0.021 +0.005 -0.076 -0.022
 +0.026 +0.019 +0.064 +0.053 -0.045 -0.009 -0.026 -0.007 -0.060 +0.034
 +0.044 -0.083 -0.054 -0.028 -0.012 +0.013 -0.047 +0.031 -0.072 +0.025
 -0.051 +0.024 -0.005 -0.012 +0.023 -0.050 +0.036 -0.055 -0.025 +0.046
 -0.033 -0.025 +0.023 -0.022 -0.073 -0.061 -0.015 +0.065 +0.021 -0.009
 +0.003 -0.017 +0.054 -0.044 +0.077 +0.059 -0.064 -0.010 -0.024 -0.035
 -0.011 -0.035 -0.056 -0.035 +0.027 +0.048 -0.008 -0.038 -0.038 +0.030
 -0.022 +0.038 -0.032 -0.055 -0.036 +0.012 -0.003 -0.021 -0.001 +0.051
 +0.003 +0.021 -0.001 +0.065 -0.017 +0.022 +0.067 +0.049 +0.004 -0.056]
                          [-0.066 -0.112 +0.102 -0.010 +0.042 +0.019 -0.003 -0.025 -0.103 -0.084
 +0.067 +0.086 +0.060 -0.014 +0.089 -0.004 +0.094 -0.091 +0.038 -0.124
 -0.019 -0.081 -0.077 +0.104 +0.071 +0.060 -0.083 -0.075 -0.083 -0.085
 -0.006 +0.073 -0.048 +0.079 +0.013 -0.072 -0.069 -0.065 +0.050 -0.020
 +0.053 -0.094 -0.002 +0.093 +0.047 -0.007 +0.033 +0.057 -0.065 +0.022
 +0.052 -0.072 +0.094 -0.008 +0.081 +0.021 +0.032 -0.093 -0.075 +0.052
 -0.052 +0.101 -0.011 +0.069 -0.006 +0.042 +0.011 +0.042 +0.088 +0.010
 -0.019 -0.021 +0.025 -0.095 +0.102 -0.029 -0.033 -0.058 -0.015 -0.107
 +0.091 +0.068 -0.093 -0.080 +0.095 -0.010 -0.028 -0.111 -0.082 -0.117
 +0.029 -0.043 +0.007 -0.103 -0.053 -0.060 +0.011 +0.003 -0.032 -0.073
 -0.070 -0.055 -0.060 +0.090 +0.013 +0.095 +0.002 +0.031 +0.008 -0.113
 -0.005 +0.115 -0.088 +0.046 -0.076 -0.120 -0.058 -0.005 -0.069 +0.022
 +0.055 +0.085 +0.066 +0.102 +0.087 +0.049 +0.079 +0.051 -0.119 -0.068
 +0.088 -0.119 +0.019 -0.015 -0.019 +0.025 +0.028 -0.089 -0.084 -0.018
 -0.024 +0.001 +0.004 +0.067 -0.086 +0.081 +0.033 +0.025 +0.060 +0.019
 +0.081 -0.072 +0.084 +0.022 -0.068 -0.098 +0.011 +0.016 +0.067 -0.006
 -0.036 -0.027 +0.115 -0.069 +0.111 +0.106 -0.065 -0.069 -0.082 +0.072
 -0.030 -0.015 -0.075 +0.070 +0.039 +0.094 +0.070 -0.111 -0.074 +0.076
 +0.044 +0.108 -0.102 -0.088 -0.028 -0.058 -0.032 +0.060 +0.081 -0.035
 -0.077 +0.092 +0.024 +0.080 -0.064 -0.058 +0.078 +0.096 +0.075 +0.001]]

RHS vector b:            [-0.055 +0.006]
Obj vector c:            [-0.019 -0.240 +0.219 +0.084 -0.042 +0.118 -0.094 -0.012 -0.128 -0.190
 +0.052 +0.115 +0.079 +0.043 +2.131 +0.028 +0.162 -0.221 +0.044 -0.283
 -0.004 -0.126 -0.074 +0.200 +0.191 -0.007 -0.090 -0.030 -0.120 -0.119
 -0.109 +0.085 +0.032 +0.078 -0.019 -0.166 -0.077 -0.120 +0.081 -0.104
 +0.013 -0.135 +0.081 +0.117 -0.002 -0.011 +0.049 +0.108 -0.017 -0.061
 +0.058 -0.051 +0.235 -0.092 +0.111 +0.111 -0.034 -0.158 -0.176 -0.020
 -0.056 +0.238 -0.066 +0.201 -0.073 +0.148 -0.015 +0.084 +0.151 -0.074
 +0.077 +0.029 -0.038 -0.138 +0.176 -0.122 -0.112 -0.073 -0.126 -0.176
 +0.215 +0.043 -0.220 -0.139 +0.201 +0.043 +0.012 -0.250 -0.038 -0.260
 -0.010 -0.160 +0.074 -0.249 +0.007 +0.014 +0.100 +0.039 -0.091 -0.075
 -0.039 -0.067 -0.084 +0.195 +0.042 +0.102 +0.069 -0.057 -0.005 -0.226
 -0.014 +0.230 -0.206 +0.064 -0.070 -0.243 -0.036 +0.002 -0.205 -0.008
 +0.108 +0.133 +0.181 +0.207 +0.032 +0.044 +0.053 +0.050 -0.239 -0.027
 +0.176 -0.275 -0.065 -0.063 -0.042 +0.051 -0.042 -0.056 -0.216 +0.019
 -0.109 +0.040 -0.003 +0.061 -0.066 +0.017 +0.097 -0.059 +0.030 +0.096
 +0.193 -0.126 +0.137 -0.008 -0.198 -0.215 -0.011 +0.124 +0.113 -0.021
 -0.038 -0.060 +0.224 -0.153 +0.257 +0.222 -0.180 -0.098 -0.137 +0.030
 -0.053 -0.074 -0.180 +0.028 +0.090 +0.190 +0.071 -0.193 -0.149 +0.139
 +0.016 +0.190 -0.173 -0.193 -0.091 -0.050 -0.043 +0.038 +0.095 +0.040
 -0.087 +0.144 +0.028 +0.201 -0.103 -0.035 +0.200 +0.194 +0.095 -0.088]

---------------------------- Optimal solution -----------------------------
Primal variables:         [+0.207 +0.168 +0.066 +0.201 +0.083 +0.248 +0.011 +0.117 +0.242 +0.120
 +0.134 +0.022 +0.113 +0.197 +0.000 +0.086 +0.028 +0.212 +0.105 +0.166
 +0.010 +0.079 +0.013 +0.099 +0.069 +0.262 +0.105 +0.081 +0.059 +0.131
 +0.015 +0.077 +0.062 +0.255 +0.163 +0.228 +0.024 +0.039 +0.178 +0.259
 +0.006 +0.240 +0.015 +0.200 +0.017 +0.068 +0.045 +0.052 +0.028 +0.138
 +0.002 +0.209 +0.037 +0.028 +0.114 +0.058 +0.221 +0.002 +0.039 +0.185
 +0.039 +0.231 +0.136 +0.112 +0.005 +0.131 +0.251 +0.092 +0.108 +0.219
 +0.189 +0.129 +0.062 +0.178 +0.153 +0.119 +0.153 +0.082 +0.173 +0.024
 +0.097 +0.151 +0.215 +0.124 +0.165 +0.148 +0.088 +0.036 +0.239 +0.061
 +0.056 +0.047 +0.173 +0.014 +0.024 +0.186 +0.192 +0.137 +0.174 +0.082
 +0.021 +0.189 +0.192 +0.006 +0.033 +0.119 +0.084 +0.129 +0.002 +0.111
 +0.114 +0.208 +0.063 +0.055 +0.022 +0.003 +0.176 +0.089 +0.250 +0.158
 +0.093 +0.207 +0.224 +0.033 +0.224 +0.046 +0.259 +0.038 +0.030 +0.152
 +0.264 +0.000 +0.021 +0.001 +0.019 +0.090 +0.084 +0.140 +0.080 +0.188
 +0.064 +0.040 +0.264 +0.232 +0.020 +0.075 +0.031 +0.217 +0.028 +0.034
 +0.000 +0.187 +0.127 +0.177 +0.084 +0.139 +0.021 +0.126 +0.265 +0.236
 +0.137 +0.181 +0.194 +0.172 +0.120 +0.145 +0.222 +0.213 +0.098 +0.218
 +0.155 +0.006 +0.018 +0.066 +0.246 +0.244 +0.209 +0.201 +0.118 +0.080
 +0.009 +0.162 +0.164 +0.205 +0.055 +0.042 +0.192 +0.165 +0.022 +0.138
 +0.232 +0.002 +0.091 +0.149 +0.202 +0.083 +0.203 +0.068 +0.029 +0.218]
Dual slacks:              [+0.000 +0.000 +0.000 +0.000 +0.000 +0.000 +0.000 +0.000 +0.000 +0.000
 +0.000 +0.000 +0.000 +0.000 +1.994 +0.000 +0.000 +0.000 +0.000 +0.000
 +0.000 +0.000 +0.000 +0.000 +0.000 +0.000 +0.000 +0.000 +0.000 +0.000
 +0.000 +0.000 +0.000 +0.000 +0.000 +0.000 +0.000 +0.000 +0.000 +0.000
 +0.000 +0.000 +0.000 +0.000 +0.000 +0.000 +0.000 +0.000 +0.000 +0.000
 +0.000 +0.000 +0.000 +0.000 +0.000 +0.000 +0.000 +0.000 +0.000 +0.000
 +0.000 +0.000 +0.000 +0.000 +0.000 +0.000 +0.000 +0.000 +0.000 +0.000
 +0.000 +0.000 +0.000 +0.000 +0.000 +0.000 +0.000 +0.000 +0.000 +0.000
 +0.000 +0.000 +0.000 +0.000 +0.000 +0.000 +0.000 +0.000 +0.000 +0.000
 +0.000 +0.000 +0.000 +0.000 +0.000 +0.000 +0.000 +0.000 +0.000 +0.000
 +0.000 +0.000 +0.000 +0.000 +0.000 +0.000 +0.000 +0.000 +0.000 +0.000
 +0.000 +0.000 +0.000 +0.000 +0.000 +0.000 +0.000 +0.000 +0.000 +0.000
 +0.000 +0.000 +0.000 +0.000 +0.000 +0.000 +0.000 +0.000 +0.000 +0.000
 +0.000 +0.000 +0.000 +0.000 +0.000 +0.000 +0.000 +0.000 +0.000 +0.000
 +0.000 +0.000 +0.000 +0.000 +0.000 +0.000 +0.000 +0.000 +0.000 +0.000
 +0.149 +0.000 +0.000 +0.000 +0.000 +0.000 +0.000 +0.000 +0.000 +0.000
 +0.000 +0.000 +0.000 +0.000 +0.000 +0.000 +0.000 +0.000 +0.000 +0.000
 +0.000 +0.000 +0.000 +0.000 +0.000 +0.000 +0.000 +0.000 +0.000 +0.000
 +0.000 +0.000 +0.000 +0.000 +0.000 +0.000 +0.000 +0.000 +0.000 +0.000
 +0.000 +0.000 +0.000 +0.000 +0.000 +0.000 +0.000 +0.000 +0.000 +0.000]
Dual variables:           [+1.603 +1.196]

Optimal objective:       -8.21922524e-02
===========================================================================

Method:                  II-QIPM
LO_Precision:            1.00e-01
Stop_Precision:          1.00e-03
LO_Verbosity:            2
Omega:                   1.00e+01

The Quantum Inexact Infeasible Interior-Point Method starts running ...


                  Objective                Residual                                Linear system           Step-length
Iter      Primal           Dual         Primal    Dual     Compl    ||Resl||  Cond-Num  ||M||   ||RHS||    a-star   a-hat      Time
   0   1.64879601e+01 -1.19283103e+00  1.85e+00 3.34e+01  5.10e+03  2.66e-15  4.00e+00 1.00e+00 1.01e+01  8.54e-01 7.64e-01      0s
   1   1.98510096e+01 -1.19283103e+00  1.89e-01 3.16e+01  4.84e+03  3.48e+01  3.79e+00 5.09e+00 3.48e+01  4.52e-01 5.51e-02      1s
   2   2.18417040e+01 -1.19283103e+00  1.36e+00 3.07e+01  4.72e+03  4.15e+01  3.72e+00 5.61e+00 4.15e+01  4.20e-01 2.85e-02      1s
   3   2.37685909e+01 -1.19283103e+00  2.49e+00 2.99e+01  4.61e+03  4.55e+01  3.68e+00 5.92e+00 4.55e+01  4.03e-01 2.57e-02      1s
   4   2.56356802e+01 -1.19283103e+00  3.58e+00 2.92e+01  4.51e+03  4.95e+01  3.64e+00 6.22e+00 4.95e+01  3.87e-01 2.32e-02      2s
   5   2.74493218e+01 -1.19283103e+00  4.63e+00 2.86e+01  4.42e+03  5.35e+01  3.61e+00 6.52e+00 5.35e+01  3.73e-01 2.11e-02      2s
   6   2.92107978e+01 -1.19283103e+00  5.65e+00 2.80e+01  4.35e+03  5.74e+01  3.57e+00 6.81e+00 5.74e+01  3.59e-01 1.93e-02      2s
   7   3.09217925e+01 -1.19283103e+00  6.64e+00 2.75e+01  4.28e+03  6.13e+01  3.54e+00 7.10e+00 6.13e+01  3.47e-01 1.77e-02      2s
   8   3.25876162e+01 -1.19283103e+00  7.59e+00 2.71e+01  4.21e+03  6.53e+01  3.50e+00 7.39e+00 6.53e+01  3.35e-01 1.63e-02      3s
   9   3.42087217e+01 -1.19283103e+00  8.51e+00 2.67e+01  4.16e+03  6.92e+01  3.47e+00 7.68e+00 6.92e+01  3.24e-01 1.50e-02      3s
  10   3.57873832e+01 -1.19283103e+00  9.41e+00 2.63e+01  4.10e+03  7.31e+01  3.44e+00 7.97e+00 7.31e+01  3.14e-01 1.39e-02      3s
  11   3.73259701e+01 -1.19283103e+00  1.03e+01 2.60e+01  4.06e+03  7.69e+01  3.41e+00 8.25e+00 7.69e+01  3.04e-01 1.29e-02      4s
  12   3.88269080e+01 -1.19283103e+00  1.11e+01 2.56e+01  4.01e+03  8.08e+01  3.38e+00 8.53e+00 8.08e+01  2.95e-01 1.20e-02      4s
  13   4.02911831e+01 -1.19283103e+00  1.19e+01 2.54e+01  3.97e+03  8.47e+01  3.35e+00 8.81e+00 8.47e+01  2.86e-01 1.12e-02      4s
  14   4.17227301e+01 -1.19283103e+00  1.28e+01 2.51e+01  3.93e+03  8.85e+01  3.33e+00 9.08e+00 8.85e+01  2.78e-01 1.05e-02      5s
  15   4.31211926e+01 -1.19283103e+00  1.35e+01 2.48e+01  3.90e+03  9.24e+01  3.30e+00 9.36e+00 9.24e+01  2.71e-01 9.83e-03      5s
  16   4.44877060e+01 -1.19283103e+00  1.43e+01 2.46e+01  3.87e+03  9.63e+01  3.28e+00 9.63e+00 9.63e+01  2.63e-01 9.23e-03      5s
  17   4.58234393e+01 -1.19283103e+00  1.50e+01 2.44e+01  3.84e+03  1.00e+02  3.25e+00 9.90e+00 1.00e+02  2.57e-01 8.68e-03      6s
  18   4.71321990e+01 -1.19283103e+00  1.58e+01 2.42e+01  3.81e+03  1.04e+02  3.23e+00 1.02e+01 1.04e+02  2.50e-01 8.19e-03      6s
  19   4.84138231e+01 -1.19283103e+00  1.65e+01 2.40e+01  3.78e+03  1.08e+02  3.21e+00 1.04e+01 1.08e+02  2.44e-01 7.74e-03      6s
  20   4.96682205e+01 -1.19283103e+00  1.72e+01 2.38e+01  3.76e+03  1.12e+02  3.19e+00 1.07e+01 1.12e+02  2.38e-01 7.31e-03      7s
  21   5.08978228e+01 -1.19283103e+00  1.79e+01 2.37e+01  3.73e+03  1.15e+02  3.17e+00 1.10e+01 1.15e+02  2.32e-01 6.93e-03      7s
  22   5.21037869e+01 -1.19283103e+00  1.85e+01 2.35e+01  3.71e+03  1.19e+02  3.15e+00 1.12e+01 1.19e+02  2.27e-01 6.57e-03      7s
  23   5.32860758e+01 -1.19283103e+00  1.92e+01 2.34e+01  3.69e+03  1.23e+02  3.13e+00 1.15e+01 1.23e+02  2.22e-01 6.24e-03      8s
  24   5.44458564e+01 -1.19283103e+00  1.98e+01 2.32e+01  3.67e+03  1.27e+02  3.11e+00 1.18e+01 1.27e+02  2.17e-01 5.94e-03      8s
  25   5.55854176e+01 -1.19283103e+00  2.04e+01 2.31e+01  3.65e+03  1.31e+02  3.09e+00 1.20e+01 1.31e+02  2.12e-01 5.66e-03      8s
  26   5.67036190e+01 -1.19283103e+00  2.11e+01 2.30e+01  3.63e+03  1.35e+02  3.07e+00 1.23e+01 1.35e+02  2.08e-01 5.39e-03      9s
  27   5.78016010e+01 -1.19283103e+00  2.17e+01 2.29e+01  3.62e+03  1.38e+02  3.06e+00 1.25e+01 1.38e+02  2.04e-01 5.15e-03      9s
  28   5.88804807e+01 -1.19283103e+00  2.23e+01 2.27e+01  3.60e+03  1.42e+02  3.04e+00 1.28e+01 1.42e+02  1.99e-01 4.92e-03      9s
  29   5.99413511e+01 -1.19283103e+00  2.28e+01 2.26e+01  3.58e+03  1.46e+02  3.02e+00 1.31e+01 1.46e+02  1.95e-01 4.71e-03     10s
  30   6.09842373e+01 -1.19283103e+00  2.34e+01 2.25e+01  3.57e+03  1.50e+02  3.01e+00 1.33e+01 1.50e+02  1.92e-01 4.50e-03     10s
  31   1.58461617e+01 -1.09447819e-02  3.37e+00 3.25e+00  5.64e+02 *1.71e-01  2.99e+00 1.36e+01 1.54e+02  9.03e-01 8.56e-01     10s
  32   7.67676524e+00 -1.09447819e-02  4.66e-01 2.74e+00  4.83e+02  2.10e+01  3.96e+00 5.39e+01 2.10e+01  6.39e-01 1.54e-01     10s
  33   3.34170566e+00 -1.09447819e-02  2.49e+00 2.56e+00  4.54e+02  3.12e+01  3.85e+00 6.69e+01 3.12e+01  5.73e-01 6.77e-02     11s
  34  -7.09791255e-01 -1.09447819e-02  4.47e+00 2.41e+00  4.30e+02  3.70e+01  3.78e+00 7.39e+01 3.70e+01  5.42e-01 5.75e-02     11s
  35  -4.51765333e+00 -1.09447819e-02  6.36e+00 2.29e+00  4.10e+02  4.27e+01  3.71e+00 8.06e+01 4.27e+01  5.14e-01 4.95e-02     11s
  36  -8.11917756e+00 -1.09447819e-02  8.17e+00 2.19e+00  3.94e+02  4.83e+01  3.65e+00 8.72e+01 4.83e+01  4.88e-01 4.31e-02     12s
  37  -1.15286107e+01 -1.09447819e-02  9.89e+00 2.11e+00  3.81e+02  5.38e+01  3.58e+00 9.36e+01 5.38e+01  4.65e-01 3.78e-02     12s
  38  -1.47732187e+01 -1.09447819e-02  1.15e+01 2.04e+00  3.69e+02  5.93e+01  3.52e+00 1.00e+02 5.93e+01  4.44e-01 3.35e-02     12s
  39  -1.78661357e+01 -1.09447819e-02  1.31e+01 1.98e+00  3.59e+02  6.48e+01  3.46e+00 1.06e+02 6.48e+01  4.25e-01 2.98e-02     13s
  40  -2.08231384e+01 -1.09447819e-02  1.47e+01 1.93e+00  3.50e+02  7.02e+01  3.40e+00 1.12e+02 7.02e+01  4.07e-01 2.68e-02     13s
  41  -2.36535875e+01 -1.09447819e-02  1.61e+01 1.88e+00  3.43e+02  7.56e+01  3.35e+00 1.18e+02 7.56e+01  3.91e-01 2.41e-02     13s
  42  -2.63693757e+01 -1.09447819e-02  1.76e+01 1.84e+00  3.36e+02  8.10e+01  3.30e+00 1.24e+02 8.10e+01  3.76e-01 2.19e-02     13s
  43  -2.89818597e+01 -1.09447819e-02  1.89e+01 1.80e+00  3.30e+02  8.63e+01  3.24e+00 1.30e+02 8.63e+01  3.62e-01 1.99e-02     14s
  44  -3.14942984e+01 -1.09447819e-02  2.02e+01 1.77e+00  3.24e+02  9.16e+01  3.20e+00 1.36e+02 9.16e+01  3.49e-01 1.82e-02     14s
  45  -3.39173865e+01 -1.09447819e-02  2.15e+01 1.74e+00  3.20e+02  9.68e+01  3.15e+00 1.42e+02 9.68e+01  3.37e-01 1.67e-02     14s
  46  -3.62565629e+01 -1.09447819e-02  2.28e+01 1.71e+00  3.15e+02  1.02e+02  3.10e+00 1.47e+02 1.02e+02  3.26e-01 1.54e-02     15s
  47  -3.85148662e+01 -1.09447819e-02  2.40e+01 1.69e+00  3.11e+02  1.07e+02  3.06e+00 1.53e+02 1.07e+02  3.15e-01 1.42e-02     15s
  48  -4.07019341e+01 -1.09447819e-02  2.51e+01 1.67e+00  3.07e+02  1.13e+02  3.02e+00 1.59e+02 1.13e+02  3.05e-01 1.32e-02     15s
  49  -9.30703017e+00 -8.59574615e-02  5.87e+00 3.88e-01  7.74e+01  4.13e-01  2.98e+00 1.64e+02 1.18e+02  8.67e-01 7.67e-01     16s
  50  -5.27284910e+00 -8.52563139e-02  3.33e+00 2.22e-01  4.62e+01 *1.70e-01  4.19e+00 5.03e+02 7.49e+00  9.03e-01 4.28e-01     16s
  51  -2.25080494e+00 -8.38035183e-02  1.35e+00 9.25e-02  2.04e+01 *4.11e-01  4.18e+00 9.31e+02 1.55e+01  9.47e-01 5.83e-01     16s
  52  -4.31982080e-01 -8.23527919e-02  4.84e-01 7.93e-03  1.93e+00 *5.08e-01  4.14e+00 2.41e+03 2.33e+01  9.92e-01 9.14e-01     16s
  53  -2.76070271e-01 -8.21920686e-02  2.67e-01 4.95e-04  1.34e-01 *2.53e-01  4.07e+00 3.10e+04 2.87e+01  9.82e-01 9.38e-01     17s
  54  -1.90937772e-01 -8.21925934e-02  6.91e-02 1.56e-05  4.76e-03 *7.42e-02  4.14e+00 5.21e+05 7.86e+00  9.88e-01 9.68e-01     17s

The algorithm stopped after 55 iterations in 16.70 seconds.

Primal variables:   [+22.973 +18.127 +23.760 +20.996 +15.893 +23.109 +17.877 +21.002 +20.561
 +18.488 +19.699 +20.495 +20.382 +22.786 +0.000 +21.498 +21.642 +17.755
 +20.219 +16.428 +20.999 +19.734 +21.303 +22.694 +23.552 +17.421 +20.944
 +22.953 +19.935 +20.032 +16.708 +20.171 +19.479 +19.905 +19.544 +18.681
 +20.728 +19.397 +20.795 +18.558 +19.231 +19.946 +23.378 +20.355 +19.038
 +20.276 +20.504 +21.430 +23.000 +17.493 +20.136 +21.979 +21.547 +18.451
 +20.516 +23.537 +18.588 +19.336 +18.577 +17.094 +20.681 +23.579 +19.210
 +19.521 +18.958 +23.474 +19.668 +21.269 +21.523 +17.939 +17.109 +22.547
 +18.812 +19.879 +21.807 +18.335 +18.824 +20.386 +15.931 +19.319 +23.969
 +19.496 +17.929 +19.385 +23.417 +22.526 +22.217 +17.621 +22.937 +17.590
 +19.367 +17.002 +22.914 +16.903 +23.093 +19.929 +23.450 +21.517 +19.201
 +21.022 +22.420 +20.438 +20.132 +23.437 +21.114 +19.991 +22.994 +16.054
 +19.934 +18.515 +20.097 +23.497 +18.211 +20.463 +21.375 +18.327 +21.824
 +20.559 +16.127 +19.546 +21.540 +21.004 +23.740 +23.241 +17.295 +19.919
 +19.432 +20.002 +18.399 +22.825 +22.568 +16.502 +17.635 +19.335 +19.847
 +20.876 +18.378 +22.739 +17.355 +21.870 +18.566 +21.683 +20.119 +19.845
 +22.186 +15.797 +22.342 +17.234 +19.450 +23.213 +0.001 +19.458 +21.208
 +19.548 +16.777 +18.323 +19.741 +20.121 +21.151 +19.972 +20.590 +19.683
 +23.193 +18.885 +22.628 +23.687 +17.980 +20.042 +19.490 +19.006 +19.932
 +19.142 +18.468 +19.005 +21.680 +22.906 +19.948 +19.071 +19.046 +21.680
 +19.538 +22.021 +19.251 +18.551 +19.108 +21.215 +20.267 +19.599 +20.172
 +22.846 +20.771 +21.090 +20.245 +23.867 +19.742 +21.904 +23.677 +22.975
 +20.346 +17.835]
Dual slacks:        [+0.000 +0.000 +0.000 +0.000 +0.000 +0.000 +0.000 +0.000 +0.000 +0.000
 +0.000 +0.000 +0.000 +0.000 +1.994 +0.000 +0.000 +0.000 +0.000 +0.000
 +0.000 +0.000 +0.000 +0.000 +0.000 +0.000 +0.000 +0.000 +0.000 +0.000
 +0.000 +0.000 +0.000 +0.000 +0.000 +0.000 +0.000 +0.000 +0.000 +0.000
 +0.000 +0.000 +0.000 +0.000 +0.000 +0.000 +0.000 +0.000 +0.000 +0.000
 +0.000 +0.000 +0.000 +0.000 +0.000 +0.000 +0.000 +0.000 +0.000 +0.000
 +0.000 +0.000 +0.000 +0.000 +0.000 +0.000 +0.000 +0.000 +0.000 +0.000
 +0.000 +0.000 +0.000 +0.000 +0.000 +0.000 +0.000 +0.000 +0.000 +0.000
 +0.000 +0.000 +0.000 +0.000 +0.000 +0.000 +0.000 +0.000 +0.000 +0.000
 +0.000 +0.000 +0.000 +0.000 +0.000 +0.000 +0.000 +0.000 +0.000 +0.000
 +0.000 +0.000 +0.000 +0.000 +0.000 +0.000 +0.000 +0.000 +0.000 +0.000
 +0.000 +0.000 +0.000 +0.000 +0.000 +0.000 +0.000 +0.000 +0.000 +0.000
 +0.000 +0.000 +0.000 +0.000 +0.000 +0.000 +0.000 +0.000 +0.000 +0.000
 +0.000 +0.000 +0.000 +0.000 +0.000 +0.000 +0.000 +0.000 +0.000 +0.000
 +0.000 +0.000 +0.000 +0.000 +0.000 +0.000 +0.000 +0.000 +0.000 +0.000
 +0.149 +0.000 +0.000 +0.000 +0.000 +0.000 +0.000 +0.000 +0.000 +0.000
 +0.000 +0.000 +0.000 +0.000 +0.000 +0.000 +0.000 +0.000 +0.000 +0.000
 +0.000 +0.000 +0.000 +0.000 +0.000 +0.000 +0.000 +0.000 +0.000 +0.000
 +0.000 +0.000 +0.000 +0.000 +0.000 +0.000 +0.000 +0.000 +0.000 +0.000
 +0.000 +0.000 +0.000 +0.000 +0.000 +0.000 +0.000 +0.000 +0.000 +0.000]
Dual variables:     [+1.603 +1.196]

Primal objective:   -1.90937772e-01
Dual objective:     -8.21925934e-02

Primal residual:    6.91e-02
Dual residual:      1.56e-05
Complementraty:     4.76e-03

Number of Iter:     55
Run time:           16.70
