
--------------- Linear optimization problem characteristics ---------------
Seed:                    62
Number of variables:     50
Number of constraints:   2

Norm of primal sol:      2.00e+00
Norm of dual sol:        2.00e+00
Norm of dual slacks:     2.00e+00

Norm of vector b:        3.19e-02
Norm of vector c:        2.20e+00

Norm of matrix A:        1.00e+00
Condition number:        2.00e+00

----------------------- Linear optimization problem -----------------------
Coeff matrix A:          [[+0.203 -0.183 +0.153 -0.191 -0.142 +0.167 +0.109 +0.015 -0.122 +0.046
 +0.093 +0.086 +0.175 -0.139 +0.156 -0.147 -0.156 +0.140 -0.126 +0.012
 +0.198 -0.065 +0.015 +0.025 +0.124 -0.177 -0.141 +0.122 +0.191 -0.193
 -0.127 +0.063 -0.117 -0.145 -0.043 +0.069 -0.016 -0.080 -0.122 +0.199
 +0.055 -0.065 -0.113 +0.077 +0.039 -0.162 +0.107 +0.042 -0.093 -0.108]
                          [-0.103 +0.155 -0.010 +0.103 +0.039 -0.128 +0.029 -0.092 +0.035 +0.065
 -0.055 -0.099 -0.045 -0.079 -0.003 +0.140 -0.005 -0.010 -0.035 +0.088
 -0.134 +0.055 -0.084 +0.038 +0.093 +0.130 +0.156 +0.038 -0.177 +0.150
 +0.100 -0.129 -0.088 +0.163 +0.056 -0.055 -0.035 +0.070 +0.127 -0.101
 -0.062 -0.048 +0.057 +0.128 -0.150 -0.059 -0.028 -0.138 +0.143 -0.058]]

RHS vector b:            [+0.005 +0.031]
Obj vector c:            [-0.101 -0.006 -0.179 +0.085 +0.122 -0.015 -0.184 +0.122 +0.101 -0.158
 -0.035 +0.043 +1.621 +0.300 -0.194 -0.029 +0.207 -0.164 +0.215 -0.151
 -0.047 -0.002 +0.109 -0.090 -0.301 +0.026 -0.060 -0.214 +0.029 +0.016
 +0.009 +0.119 +0.285 -0.066 -0.032 -0.004 +0.074 -0.007 -0.041 -0.098
 +0.025 +0.157 +0.056 -0.296 +1.104 +0.297 -0.093 +0.159 -0.102 +0.227]

---------------------------- Optimal solution -----------------------------
Primal variables:         [+0.017 +0.248 +0.428 +0.208 +0.320 +0.147 +0.275 +0.116 +0.122 +0.483
 +0.327 +0.009 +0.000 +0.372 +0.365 +0.208 +0.103 +0.487 +0.114 +0.024
 +0.447 +0.450 +0.487 +0.309 +0.499 +0.204 +0.079 +0.297 +0.195 +0.149
 +0.009 +0.236 +0.461 +0.052 +0.217 +0.066 +0.057 +0.470 +0.314 +0.137
 +0.372 +0.096 +0.143 +0.148 +0.000 +0.195 +0.117 +0.408 +0.358 +0.430]
Dual slacks:              [+0.000 +0.000 +0.000 +0.000 +0.000 +0.000 +0.000 +0.000 +0.000 +0.000
 +0.000 +0.000 +1.775 +0.000 +0.000 +0.000 +0.000 +0.000 +0.000 +0.000
 +0.000 +0.000 +0.000 +0.000 +0.000 +0.000 +0.000 +0.000 +0.000 +0.000
 +0.000 +0.000 +0.000 +0.000 +0.000 +0.000 +0.000 +0.000 +0.000 +0.000
 +0.000 +0.000 +0.000 +0.000 +0.922 +0.000 +0.000 +0.000 +0.000 +0.000]
Dual variables:           [-1.276 -1.540]

Optimal objective:       -5.53351787e-02
===========================================================================

Method:                  II-QIPM
LO_Precision:            1.00e-01
Stop_Precision:          1.00e-03
LO_Verbosity:            2
Omega:                   1.00e+01

The Quantum Inexact Infeasible Interior-Point Method starts running ...


                  Objective                Residual                                Linear system           Step-length
Iter      Primal           Dual         Primal    Dual     Compl    ||Resl||  Cond-Num  ||M||   ||RHS||    a-star   a-hat      Time
   0   2.65501509e+01  0.00000000e+00  3.70e+00 4.21e+00  3.51e+02  3.73e+00  4.00e+00 1.00e+00 3.73e+00  9.71e-01 9.40e-01      0s
   1   2.30086451e+01  0.00000000e+00  3.57e+00 3.84e+00  3.23e+02  1.11e+01  3.74e+00 1.84e+01 1.11e+01  5.11e-01 8.74e-02      0s
   2   2.14086358e+01  0.00000000e+00  3.60e+00 3.70e+00  3.12e+02  1.40e+01  3.56e+00 2.06e+01 1.40e+01  4.64e-01 3.64e-02      1s
   3   1.99290439e+01  0.00000000e+00  3.68e+00 3.58e+00  3.03e+02  1.55e+01  3.46e+00 2.16e+01 1.55e+01  4.44e-01 3.23e-02      1s
   4   1.85504938e+01  0.00000000e+00  3.81e+00 3.48e+00  2.95e+02  1.70e+01  3.37e+00 2.26e+01 1.70e+01  4.25e-01 2.90e-02      1s
   5   1.72592250e+01  0.00000000e+00  3.98e+00 3.39e+00  2.88e+02  1.85e+01  3.27e+00 2.34e+01 1.85e+01  4.08e-01 2.61e-02      1s
   6   1.60422222e+01  0.00000000e+00  4.18e+00 3.31e+00  2.82e+02  2.01e+01  3.18e+00 2.43e+01 2.01e+01  3.92e-01 2.36e-02      1s
   7   1.48917272e+01  0.00000000e+00  4.40e+00 3.24e+00  2.76e+02  2.16e+01  3.09e+00 2.51e+01 2.16e+01  3.78e-01 2.15e-02      1s
   8   7.93391688e+00 -5.82012793e-02  1.03e+00 7.62e-01  7.35e+01 *3.05e-03  3.00e+00 2.59e+01 2.32e+01  8.63e-01 7.65e-01      2s
   9   2.88520945e+00 -5.70572456e-02  3.29e-01 2.32e-01  2.43e+01 *2.37e-02  4.66e+00 1.24e+02 2.53e+01  9.51e-01 6.96e-01      2s
  10   3.87468414e-01 -5.54047171e-02  8.13e-02 9.34e-03  1.21e+00 *9.50e-02  4.68e+00 4.47e+02 2.84e+01  9.85e-01 9.60e-01      2s
  11   3.46030465e+00 -5.54047171e-02  2.05e+00 7.79e-03  1.02e+00  1.20e+01  3.80e+00 1.06e+04 1.20e+01  6.82e-01 1.66e-01      2s
  12   3.46364522e+00 -5.54047171e-02  2.05e+00 7.79e-03  1.02e+00  1.72e+01  3.59e+00 1.31e+04 1.72e+01  6.19e-01 1.38e-04      3s

The solution quality is limited by the precision of the linear system solver.

The algorithm stopped after 13 iterations in 2.51 seconds.

Primal variables:   [+17.073 +13.081 +15.871 +13.622 +14.241 +16.995 +15.174 +15.784 +14.281
 +14.437 +15.735 +16.133 +0.061 +15.637 +15.851 +13.229 +14.720 +15.749
 +15.031 +14.042 +17.337 +14.161 +15.693 +14.594 +14.056 +13.343 +13.055
 +15.183 +17.902 +13.147 +13.654 +16.394 +15.709 +12.972 +14.195 +15.601
 +15.100 +13.991 +13.375 +17.004 +15.606 +15.167 +14.077 +13.074 +0.137
 +15.416 +15.606 +16.446 +13.207 +15.286]
Dual slacks:        [+0.001 +0.001 +0.001 +0.001 +0.001 +0.001 +0.001 +0.001 +0.001 +0.001
 +0.001 +0.001 +1.776 +0.001 +0.001 +0.001 +0.001 +0.001 +0.001 +0.001
 +0.001 +0.001 +0.001 +0.001 +0.002 +0.001 +0.001 +0.001 +0.001 +0.001
 +0.001 +0.001 +0.001 +0.001 +0.001 +0.001 +0.001 +0.001 +0.001 +0.001
 +0.001 +0.001 +0.001 +0.002 +0.923 +0.001 +0.001 +0.001 +0.001 +0.001]
Dual variables:     [-1.278 -1.542]

Primal objective:   3.46364522e+00 
Dual objective:     -5.54047171e-02

Primal residual:    2.05e+00
Dual residual:      7.79e-03
Complementraty:     1.02e+00

Number of Iter:     13
Run time:           2.51
