
--------------- Linear optimization problem characteristics ---------------
Seed:                    78
Number of variables:     500
Number of constraints:   2

Norm of primal sol:      2.00e+00
Norm of dual sol:        2.00e+00
Norm of dual slacks:     2.00e+00

Norm of vector b:        6.19e-02
Norm of vector c:        2.26e+00

Norm of matrix A:        1.00e+00
Condition number:        2.00e+00

----------------------- Linear optimization problem -----------------------
Coeff matrix A:          [[+0.055 +0.010 +0.037 +0.041 +0.047 -0.008 -0.061 +0.018 +0.014 -0.018
 -0.050 -0.039 -0.035 -0.041 -0.077 -0.049 -0.063 -0.064 -0.001 +0.052
 -0.068 +0.077 +0.063 -0.019 +0.042 -0.015 -0.044 -0.064 +0.003 +0.049
 +0.022 +0.009 -0.024 -0.005 +0.022 -0.036 +0.053 -0.026 -0.007 +0.044
 +0.052 -0.039 +0.030 -0.066 +0.061 -0.015 -0.023 -0.047 -0.022 +0.053
 +0.043 +0.012 +0.014 -0.003 +0.005 +0.056 +0.019 -0.047 +0.001 +0.077
 +0.004 -0.015 -0.041 -0.049 -0.036 -0.032 +0.060 +0.032 +0.038 -0.047
 -0.048 +0.073 +0.039 -0.007 +0.028 -0.041 +0.034 +0.039 +0.018 +0.037
 -0.046 +0.003 +0.053 -0.026 +0.018 +0.056 -0.007 -0.059 -0.040 +0.030
 -0.043 -0.049 +0.059 +0.033 -0.003 +0.002 +0.042 +0.061 -0.033 +0.027
 -0.006 +0.018 +0.030 -0.007 -0.074 -0.031 +0.039 +0.034 -0.026 +0.034
 +0.014 -0.026 +0.037 -0.000 -0.049 -0.053 +0.025 +0.027 -0.040 +0.037
 -0.067 -0.037 +0.007 +0.045 +0.018 +0.020 +0.030 +0.019 -0.040 -0.058
 -0.053 -0.074 +0.002 +0.049 -0.008 -0.065 -0.033 -0.008 -0.021 +0.015
 -0.047 +0.018 -0.055 +0.042 +0.021 -0.071 -0.034 -0.050 -0.045 +0.001
 +0.054 -0.018 +0.040 +0.014 +0.057 -0.022 -0.063 +0.041 -0.072 +0.040
 -0.056 -0.027 +0.029 +0.048 -0.057 +0.053 -0.005 -0.038 +0.002 +0.006
 -0.003 -0.063 -0.057 +0.029 +0.033 -0.050 -0.074 +0.046 +0.050 -0.008
 -0.001 -0.043 -0.025 -0.018 -0.034 -0.048 -0.067 +0.005 +0.021 +0.075
 -0.041 -0.054 +0.046 +0.025 -0.043 +0.027 -0.024 +0.067 -0.052 +0.055
 +0.009 +0.018 +0.031 -0.020 +0.049 -0.050 -0.028 -0.002 +0.014 +0.058
 -0.035 +0.034 -0.073 +0.015 +0.043 -0.055 +0.053 +0.048 -0.071 +0.005
 -0.028 -0.002 -0.012 +0.021 +0.002 -0.019 -0.004 -0.037 -0.023 +0.026
 -0.015 -0.050 +0.047 -0.044 +0.062 -0.053 -0.006 -0.062 -0.044 -0.025
 +0.036 +0.068 +0.003 +0.006 +0.030 -0.005 +0.027 -0.039 +0.023 +0.037
 +0.004 -0.001 -0.059 -0.027 -0.046 -0.022 -0.005 +0.033 +0.051 +0.048
 +0.017 -0.068 +0.040 +0.013 -0.031 -0.034 +0.013 +0.026 +0.049 +0.040
 -0.028 +0.019 -0.069 +0.051 +0.025 -0.014 -0.047 +0.026 +0.054 -0.021
 +0.062 +0.012 +0.048 +0.053 +0.068 +0.053 -0.038 -0.030 -0.037 +0.053
 +0.046 +0.020 +0.059 +0.044 +0.038 -0.005 -0.043 -0.027 -0.021 -0.013
 +0.014 +0.026 -0.036 -0.015 -0.002 -0.045 -0.028 +0.016 -0.003 -0.041
 +0.008 +0.026 +0.041 +0.051 +0.008 -0.046 +0.053 +0.061 +0.026 -0.028
 -0.020 +0.034 -0.048 -0.066 -0.045 -0.034 +0.015 +0.043 -0.024 +0.012
 -0.021 +0.055 +0.008 +0.034 +0.064 -0.039 +0.001 +0.014 -0.014 -0.065
 +0.045 +0.027 +0.021 +0.008 +0.030 -0.017 -0.041 -0.046 -0.003 +0.071
 -0.030 +0.042 +0.003 -0.001 +0.015 +0.001 +0.061 -0.044 +0.036 -0.036
 -0.024 +0.048 -0.062 +0.048 -0.013 -0.038 -0.021 +0.029 -0.002 -0.057
 +0.039 +0.009 +0.070 -0.041 -0.038 +0.037 -0.015 +0.024 +0.011 +0.002
 +0.041 -0.054 -0.050 -0.045 -0.011 -0.076 -0.031 -0.027 -0.057 +0.054
 +0.017 -0.063 +0.048 +0.069 +0.067 +0.052 +0.058 -0.041 +0.040 +0.020
 +0.032 -0.046 -0.026 -0.076 +0.043 +0.036 -0.039 +0.005 +0.013 -0.000
 +0.040 -0.026 -0.010 +0.058 +0.008 +0.022 +0.061 -0.005 +0.026 +0.030
 -0.036 -0.000 -0.005 +0.006 -0.019 -0.034 -0.026 +0.016 -0.044 -0.034
 +0.053 -0.043 +0.068 -0.034 -0.061 -0.059 -0.006 -0.019 -0.017 +0.054
 -0.045 -0.020 -0.047 +0.009 +0.013 -0.043 -0.028 +0.061 +0.025 -0.012
 -0.026 -0.029 +0.067 +0.062 +0.050 -0.017 +0.036 +0.017 +0.055 -0.035
 -0.057 +0.020 -0.015 -0.041 +0.016 -0.006 -0.020 -0.055 +0.042 +0.075
 +0.041 -0.052 +0.011 -0.046 +0.026 -0.003 -0.041 +0.032 +0.068 -0.014
 +0.047 -0.015 -0.073 +0.034 -0.007 +0.048 -0.062 -0.059 -0.001 -0.041
 -0.043 +0.061 -0.023 +0.022 -0.073 -0.010 -0.052 +0.038 -0.058 -0.057]
                          [-0.055 -0.025 +0.033 -0.045 +0.006 -0.032 +0.059 -0.035 -0.046 -0.020
 -0.026 +0.024 +0.042 +0.033 +0.054 +0.000 +0.034 +0.054 -0.006 -0.053
 +0.035 -0.055 -0.056 +0.047 -0.046 -0.013 -0.000 +0.039 +0.024 +0.022
 +0.021 -0.041 -0.039 +0.030 +0.013 -0.004 -0.001 -0.025 +0.046 -0.005
 -0.043 -0.018 -0.027 +0.059 -0.047 -0.028 -0.037 +0.045 -0.033 -0.020
 -0.014 -0.006 -0.040 -0.013 -0.040 -0.036 +0.035 +0.035 -0.022 -0.060
 +0.016 -0.021 -0.022 +0.026 -0.004 +0.051 -0.034 -0.018 -0.012 +0.050
 -0.012 -0.046 -0.048 +0.003 -0.030 -0.011 +0.019 +0.021 -0.007 -0.032
 +0.023 -0.014 +0.014 -0.011 +0.006 -0.039 +0.042 +0.059 -0.006 -0.038
 +0.040 +0.046 -0.008 +0.014 -0.001 +0.037 -0.004 -0.039 +0.035 -0.016
 +0.011 -0.001 -0.018 -0.003 +0.053 +0.012 +0.020 +0.006 +0.028 -0.017
 -0.002 +0.012 -0.014 +0.035 -0.028 +0.054 -0.034 +0.015 -0.030 -0.003
 +0.047 -0.027 -0.028 +0.017 +0.009 -0.017 -0.018 -0.031 -0.027 +0.046
 -0.001 +0.047 -0.022 -0.003 -0.018 +0.053 +0.037 +0.006 +0.028 +0.003
 -0.010 +0.024 +0.054 +0.029 +0.027 +0.061 -0.001 +0.038 +0.019 +0.034
 -0.057 -0.021 +0.027 +0.004 -0.017 -0.037 +0.017 +0.008 +0.057 -0.012
 +0.003 +0.051 +0.017 -0.056 +0.014 -0.030 -0.033 -0.012 -0.013 -0.033
 +0.023 +0.043 +0.028 -0.049 -0.044 +0.018 +0.046 -0.040 -0.015 -0.011
 -0.021 +0.020 -0.004 -0.012 +0.009 +0.019 +0.033 -0.003 -0.011 -0.057
 +0.019 +0.054 +0.013 -0.008 +0.039 -0.033 -0.008 -0.044 -0.006 -0.028
 -0.030 -0.008 +0.001 +0.045 +0.000 +0.015 +0.003 +0.009 +0.016 +0.000
 +0.009 -0.011 +0.040 -0.026 -0.039 +0.006 -0.030 -0.002 +0.046 +0.009
 -0.022 +0.043 +0.008 +0.033 +0.002 +0.012 +0.008 +0.008 -0.019 +0.011
 -0.030 +0.042 -0.015 +0.025 -0.026 -0.002 +0.005 +0.033 +0.014 -0.033
 -0.011 -0.040 -0.036 -0.037 +0.033 -0.013 +0.020 +0.040 +0.039 +0.027
 +0.039 +0.040 +0.047 -0.009 -0.013 +0.023 +0.003 +0.009 +0.009 -0.027
 -0.015 +0.058 -0.052 -0.040 +0.016 +0.001 -0.039 -0.025 -0.053 -0.006
 -0.014 -0.020 +0.055 -0.055 -0.044 +0.036 +0.002 +0.037 -0.043 -0.038
 -0.046 -0.027 -0.005 +0.001 -0.057 -0.028 -0.012 +0.035 -0.027 -0.015
 -0.024 +0.031 +0.001 -0.018 +0.031 -0.027 +0.035 +0.042 -0.010 -0.041
 +0.035 +0.006 +0.009 +0.039 -0.019 +0.031 -0.003 +0.005 +0.038 -0.010
 +0.000 -0.018 -0.013 -0.049 +0.037 +0.039 -0.018 -0.024 -0.032 +0.013
 -0.025 +0.007 +0.051 +0.026 +0.010 +0.015 -0.025 -0.014 -0.020 -0.043
 -0.020 +0.001 -0.017 +0.035 -0.023 -0.031 +0.027 +0.003 -0.002 +0.025
 +0.001 +0.025 -0.035 -0.045 -0.043 +0.018 +0.016 -0.032 -0.035 -0.044
 +0.008 -0.050 +0.014 -0.023 -0.019 +0.039 -0.027 -0.020 -0.014 +0.010
 +0.037 -0.050 +0.026 -0.043 -0.007 -0.012 +0.047 +0.025 -0.041 +0.003
 +0.018 -0.045 -0.053 -0.017 +0.048 -0.010 +0.041 -0.035 +0.009 -0.020
 -0.023 +0.038 +0.014 -0.013 +0.043 +0.059 -0.007 -0.006 +0.040 -0.047
 +0.037 +0.041 +0.012 -0.037 -0.057 -0.055 +0.003 +0.047 +0.034 -0.043
 +0.034 +0.042 -0.019 +0.050 +0.003 +0.017 +0.033 +0.035 -0.015 -0.039
 +0.009 +0.033 +0.046 -0.056 -0.036 +0.001 -0.055 -0.004 -0.030 -0.043
 +0.006 -0.003 -0.015 +0.007 +0.028 +0.001 +0.006 -0.012 +0.053 +0.035
 -0.009 -0.004 -0.038 +0.045 +0.019 +0.001 +0.019 -0.019 +0.004 -0.032
 +0.018 +0.025 -0.022 +0.031 +0.031 -0.006 +0.039 -0.010 -0.038 -0.042
 +0.020 -0.009 -0.028 -0.060 +0.018 +0.039 -0.008 -0.027 +0.013 -0.003
 +0.001 -0.007 -0.001 -0.017 -0.041 -0.028 +0.001 +0.022 -0.019 -0.053
 +0.027 +0.048 +0.017 +0.020 +0.013 -0.007 -0.005 -0.040 -0.039 -0.019
 -0.029 +0.009 +0.061 +0.017 -0.023 -0.018 +0.022 +0.050 -0.014 +0.024
 +0.008 -0.018 -0.012 +0.015 +0.055 +0.007 +0.032 -0.038 +0.013 +0.001]]

RHS vector b:            [-0.007 -0.061]
Obj vector c:            [+0.014 +0.025 -0.098 +0.017 -0.070 +0.060 -0.012 +0.031 +0.054 +0.055
 +0.104 +0.013 -0.020 +0.003 +0.015 +0.062 +0.029 -0.001 +0.010 +0.015
 +0.034 -0.014 +0.005 -0.049 +0.017 +0.039 +0.057 +0.023 -0.041 -0.098
 -0.060 +0.050 +0.090 -0.040 -0.049 +0.052 -0.066 +0.071 -0.062 -0.048
 +0.000 +0.077 +0.003 -0.006 -0.006 +0.062 +0.087 -0.009 +0.079 -0.039
 -0.034 -0.005 +0.045 +0.023 +0.055 -0.016 -0.078 +0.007 +0.033 -0.006
 -0.029 +0.052 +0.086 +0.022 +0.052 -0.038 -0.026 -0.014 -0.031 -0.017
 +0.079 -0.024 +0.023 +0.004 +0.011 +0.071 -0.073 -0.082 -0.013 +0.001
 +0.024 +0.018 -0.090 +0.051 -0.033 -0.012 -0.055 -0.015 +0.060 +0.020
 -0.007 -0.008 -0.063 -0.064 +0.006 -0.058 -0.049 -0.018 -0.011 -0.010
 -0.009 -0.022 -0.012 +0.014 +0.014 +0.021 -0.080 -0.054 -0.009 -0.017
 -0.015 +0.015 -0.027 -0.053 +0.107 -0.014 +0.019 -0.059 +0.097 -0.042
 +0.014 +0.089 +0.034 -0.084 -0.036 +0.001 -0.011 +0.024 +0.093 +0.004
 +0.070 +0.022 +0.031 -0.059 +0.037 +0.002 -0.015 +0.000 -0.016 -0.024
 +0.076 -0.059 -0.014 -0.099 -0.068 -0.003 +0.045 +0.005 +0.028 -0.053
 +0.017 +0.056 -0.092 -0.024 -0.046 +0.084 +0.054 -0.065 +0.004 -0.033
 +0.068 -0.044 -0.064 +0.024 +0.052 -0.023 +0.057 +0.067 +0.017 +0.043
 -0.032 +0.015 +0.030 +0.037 +0.025 +0.037 +0.023 +0.002 -0.041 +0.027
 +0.035 +0.024 +0.038 +0.041 +0.029 +0.033 +0.036 -0.002 -0.009 -0.009
 +0.022 -0.014 -0.079 -0.020 -0.004 +0.016 +0.042 -0.018 +0.076 -0.028
 +0.035 -0.011 -0.040 -0.043 -0.063 +0.041 +0.032 -0.012 -0.042 -0.075
 +0.031 -0.027 +0.032 +0.020 +0.005 +0.061 -0.022 -0.059 +0.021 -0.020
 +0.070 -0.063 +0.003 -0.077 -0.006 +0.006 -0.008 +0.035 +0.059 -0.049
 +0.065 -0.001 -0.038 +0.018 -0.040 +0.072 -0.000 +0.028 +0.034 +0.082
 -0.029 -0.027 +0.052 +0.049 -0.090 +0.026 -0.065 -0.011 -0.090 -0.089
 -0.064 -0.059 +0.005 +0.048 +0.079 -0.006 +0.003 -0.057 -0.080 -0.019
 +0.001 -0.002 +0.528 +0.044 +0.015 +0.043 +0.043 +0.004 +0.019 -0.042
 +0.057 +0.006 +0.004 +0.018 +0.035 -0.038 +0.057 -0.091 -0.003 +0.085
 -0.009 +0.026 -0.054 -0.068 +0.000 -0.024 +0.067 -0.015 +0.088 -0.044
 -0.022 -0.074 -0.078 -0.029 -0.096 +0.048 +0.001 -0.030 +0.043 +0.079
 -0.072 -0.043 +0.033 -0.040 +0.031 +0.010 +0.041 -0.029 -0.055 +0.069
 -0.010 -0.005 -0.032 +0.009 -0.067 -0.000 -0.040 -0.041 +0.017 +0.016
 +0.063 -0.054 -0.017 +0.045 +0.043 +0.021 +0.019 -0.034 +0.061 +0.050
 +0.058 -0.073 +0.015 -0.097 -0.048 +0.097 -0.043 -0.022 +0.021 +0.044
 -0.060 -0.072 +0.026 +0.059 +0.029 -0.006 +0.027 +0.108 +0.058 -0.024
 +0.026 +0.023 -0.025 +0.036 +0.009 -0.060 -0.037 +0.088 -0.024 +0.030
 -0.027 +0.015 +0.040 +0.005 +0.028 +0.066 -0.045 -0.076 +0.065 +0.069
 -0.077 +0.058 -0.008 +0.079 -0.025 -0.032 -0.044 +0.022 -0.028 +0.028
 -0.018 +0.012 +0.042 +0.078 -0.052 +0.007 +0.049 +0.045 +0.011 +0.003
 -0.078 +0.018 -0.080 -0.032 +0.000 +0.017 -0.079 -0.020 -0.103 +0.041
 -0.093 -0.006 +0.062 +0.021 -0.059 -0.072 -0.001 -0.059 +0.007 +0.060
 -0.064 -0.018 -0.059 +0.012 +0.044 -0.030 +0.007 +0.013 +0.012 +0.027
 +0.037 +0.005 +0.028 -0.019 -0.018 +0.043 +0.025 -0.002 -0.025 -0.011
 -0.055 +0.062 -0.029 -0.026 +0.050 +0.075 -0.022 +0.054 +0.016 -0.020
 +0.030 -0.013 +0.094 -0.058 -0.064 +0.064 -0.024 -0.064 +0.026 +0.079
 +0.002 +0.050 -0.042 +0.013 -0.091 -0.039 -0.033 +0.019 -0.091 +0.049
 +0.072 -0.016 +0.021 +0.078 +0.043 +0.052 +0.023 +0.037 -0.023 -0.015
 -0.094 -0.007 -0.041 +0.028 -0.054 +0.014 +0.061 +0.020 -0.029 +0.046
 -0.015 +0.005 -0.000 -0.070 +0.044 -0.033 +0.045 +0.000 +0.022 +0.016
 +0.043 -0.050 +0.048 -0.052 +0.010 +0.003 +0.018 +1.946 +0.054 +0.072]

---------------------------- Optimal solution -----------------------------
Primal variables:         [+0.007 +0.104 +0.122 +0.122 +0.147 +0.068 +0.127 +0.038 +0.008 +0.074
 +0.099 +0.140 +0.113 +0.038 +0.079 +0.101 +0.045 +0.133 +0.135 +0.085
 +0.034 +0.142 +0.059 +0.023 +0.049 +0.051 +0.137 +0.002 +0.031 +0.123
 +0.087 +0.093 +0.147 +0.063 +0.009 +0.013 +0.017 +0.144 +0.105 +0.013
 +0.001 +0.045 +0.056 +0.054 +0.132 +0.116 +0.041 +0.010 +0.119 +0.101
 +0.089 +0.113 +0.072 +0.137 +0.041 +0.085 +0.020 +0.062 +0.140 +0.078
 +0.108 +0.106 +0.083 +0.092 +0.014 +0.073 +0.126 +0.059 +0.108 +0.046
 +0.050 +0.139 +0.143 +0.075 +0.016 +0.136 +0.081 +0.097 +0.148 +0.080
 +0.094 +0.084 +0.139 +0.052 +0.002 +0.058 +0.071 +0.064 +0.001 +0.004
 +0.087 +0.029 +0.045 +0.056 +0.050 +0.083 +0.010 +0.003 +0.117 +0.118
 +0.044 +0.146 +0.096 +0.114 +0.076 +0.012 +0.075 +0.099 +0.068 +0.009
 +0.112 +0.109 +0.050 +0.010 +0.049 +0.145 +0.073 +0.039 +0.045 +0.057
 +0.098 +0.098 +0.030 +0.019 +0.002 +0.132 +0.073 +0.063 +0.067 +0.092
 +0.136 +0.116 +0.089 +0.039 +0.129 +0.041 +0.152 +0.028 +0.043 +0.105
 +0.101 +0.094 +0.050 +0.005 +0.067 +0.031 +0.017 +0.138 +0.148 +0.151
 +0.144 +0.146 +0.032 +0.100 +0.150 +0.150 +0.062 +0.003 +0.034 +0.054
 +0.045 +0.132 +0.113 +0.017 +0.052 +0.132 +0.092 +0.039 +0.057 +0.023
 +0.045 +0.073 +0.026 +0.141 +0.127 +0.054 +0.051 +0.020 +0.134 +0.066
 +0.060 +0.120 +0.006 +0.067 +0.147 +0.130 +0.127 +0.042 +0.081 +0.143
 +0.044 +0.077 +0.031 +0.149 +0.051 +0.098 +0.151 +0.097 +0.051 +0.004
 +0.007 +0.149 +0.076 +0.084 +0.074 +0.072 +0.063 +0.129 +0.122 +0.033
 +0.139 +0.135 +0.116 +0.102 +0.145 +0.094 +0.119 +0.100 +0.118 +0.104
 +0.041 +0.132 +0.138 +0.120 +0.025 +0.142 +0.047 +0.038 +0.076 +0.135
 +0.113 +0.115 +0.123 +0.086 +0.053 +0.053 +0.015 +0.074 +0.121 +0.014
 +0.106 +0.007 +0.109 +0.079 +0.049 +0.029 +0.072 +0.046 +0.057 +0.134
 +0.119 +0.041 +0.145 +0.065 +0.022 +0.128 +0.131 +0.106 +0.007 +0.045
 +0.096 +0.106 +0.000 +0.054 +0.031 +0.063 +0.095 +0.134 +0.082 +0.126
 +0.114 +0.091 +0.032 +0.077 +0.115 +0.086 +0.129 +0.045 +0.078 +0.018
 +0.111 +0.121 +0.031 +0.052 +0.150 +0.042 +0.135 +0.060 +0.105 +0.053
 +0.101 +0.034 +0.037 +0.079 +0.079 +0.032 +0.090 +0.053 +0.030 +0.070
 +0.121 +0.113 +0.007 +0.086 +0.022 +0.144 +0.112 +0.014 +0.070 +0.013
 +0.135 +0.150 +0.025 +0.087 +0.079 +0.124 +0.123 +0.014 +0.077 +0.077
 +0.087 +0.031 +0.066 +0.091 +0.055 +0.138 +0.090 +0.031 +0.033 +0.130
 +0.129 +0.143 +0.067 +0.117 +0.088 +0.086 +0.118 +0.124 +0.096 +0.144
 +0.034 +0.052 +0.122 +0.039 +0.119 +0.085 +0.107 +0.072 +0.051 +0.099
 +0.139 +0.100 +0.054 +0.062 +0.117 +0.123 +0.048 +0.031 +0.023 +0.118
 +0.086 +0.071 +0.057 +0.100 +0.102 +0.148 +0.091 +0.131 +0.130 +0.060
 +0.127 +0.146 +0.090 +0.114 +0.057 +0.038 +0.013 +0.009 +0.130 +0.119
 +0.070 +0.016 +0.147 +0.077 +0.070 +0.027 +0.053 +0.034 +0.032 +0.137
 +0.131 +0.149 +0.045 +0.108 +0.089 +0.089 +0.054 +0.016 +0.060 +0.114
 +0.068 +0.008 +0.031 +0.088 +0.021 +0.003 +0.038 +0.032 +0.140 +0.037
 +0.083 +0.065 +0.070 +0.114 +0.084 +0.152 +0.142 +0.003 +0.094 +0.121
 +0.011 +0.128 +0.096 +0.130 +0.113 +0.106 +0.113 +0.106 +0.115 +0.075
 +0.005 +0.089 +0.125 +0.022 +0.094 +0.066 +0.152 +0.037 +0.082 +0.003
 +0.108 +0.019 +0.034 +0.003 +0.062 +0.048 +0.130 +0.131 +0.064 +0.043
 +0.020 +0.143 +0.059 +0.111 +0.025 +0.007 +0.017 +0.027 +0.053 +0.140
 +0.046 +0.024 +0.147 +0.033 +0.102 +0.026 +0.002 +0.000 +0.142 +0.025
 +0.079 +0.018 +0.131 +0.055 +0.036 +0.020 +0.061 +0.086 +0.144 +0.120
 +0.103 +0.100 +0.013 +0.034 +0.150 +0.063 +0.015 +0.146 +0.076 +0.102
 +0.012 +0.031 +0.112 +0.003 +0.022 +0.139 +0.007 +0.000 +0.058 +0.133]
Dual slacks:              [+0.000 +0.000 +0.000 +0.000 +0.000 +0.000 +0.000 +0.000 +0.000 +0.000
 +0.000 +0.000 +0.000 +0.000 +0.000 +0.000 +0.000 +0.000 +0.000 +0.000
 +0.000 +0.000 +0.000 +0.000 +0.000 +0.000 +0.000 +0.000 +0.000 +0.000
 +0.000 +0.000 +0.000 +0.000 +0.000 +0.000 +0.000 +0.000 +0.000 +0.000
 +0.000 +0.000 +0.000 +0.000 +0.000 +0.000 +0.000 +0.000 +0.000 +0.000
 +0.000 +0.000 +0.000 +0.000 +0.000 +0.000 +0.000 +0.000 +0.000 +0.000
 +0.000 +0.000 +0.000 +0.000 +0.000 +0.000 +0.000 +0.000 +0.000 +0.000
 +0.000 +0.000 +0.000 +0.000 +0.000 +0.000 +0.000 +0.000 +0.000 +0.000
 +0.000 +0.000 +0.000 +0.000 +0.000 +0.000 +0.000 +0.000 +0.000 +0.000
 +0.000 +0.000 +0.000 +0.000 +0.000 +0.000 +0.000 +0.000 +0.000 +0.000
 +0.000 +0.000 +0.000 +0.000 +0.000 +0.000 +0.000 +0.000 +0.000 +0.000
 +0.000 +0.000 +0.000 +0.000 +0.000 +0.000 +0.000 +0.000 +0.000 +0.000
 +0.000 +0.000 +0.000 +0.000 +0.000 +0.000 +0.000 +0.000 +0.000 +0.000
 +0.000 +0.000 +0.000 +0.000 +0.000 +0.000 +0.000 +0.000 +0.000 +0.000
 +0.000 +0.000 +0.000 +0.000 +0.000 +0.000 +0.000 +0.000 +0.000 +0.000
 +0.000 +0.000 +0.000 +0.000 +0.000 +0.000 +0.000 +0.000 +0.000 +0.000
 +0.000 +0.000 +0.000 +0.000 +0.000 +0.000 +0.000 +0.000 +0.000 +0.000
 +0.000 +0.000 +0.000 +0.000 +0.000 +0.000 +0.000 +0.000 +0.000 +0.000
 +0.000 +0.000 +0.000 +0.000 +0.000 +0.000 +0.000 +0.000 +0.000 +0.000
 +0.000 +0.000 +0.000 +0.000 +0.000 +0.000 +0.000 +0.000 +0.000 +0.000
 +0.000 +0.000 +0.000 +0.000 +0.000 +0.000 +0.000 +0.000 +0.000 +0.000
 +0.000 +0.000 +0.000 +0.000 +0.000 +0.000 +0.000 +0.000 +0.000 +0.000
 +0.000 +0.000 +0.000 +0.000 +0.000 +0.000 +0.000 +0.000 +0.000 +0.000
 +0.000 +0.000 +0.000 +0.000 +0.000 +0.000 +0.000 +0.000 +0.000 +0.000
 +0.000 +0.000 +0.000 +0.000 +0.000 +0.000 +0.000 +0.000 +0.000 +0.000
 +0.000 +0.000 +0.000 +0.000 +0.000 +0.000 +0.000 +0.000 +0.000 +0.000
 +0.000 +0.000 +0.500 +0.000 +0.000 +0.000 +0.000 +0.000 +0.000 +0.000
 +0.000 +0.000 +0.000 +0.000 +0.000 +0.000 +0.000 +0.000 +0.000 +0.000
 +0.000 +0.000 +0.000 +0.000 +0.000 +0.000 +0.000 +0.000 +0.000 +0.000
 +0.000 +0.000 +0.000 +0.000 +0.000 +0.000 +0.000 +0.000 +0.000 +0.000
 +0.000 +0.000 +0.000 +0.000 +0.000 +0.000 +0.000 +0.000 +0.000 +0.000
 +0.000 +0.000 +0.000 +0.000 +0.000 +0.000 +0.000 +0.000 +0.000 +0.000
 +0.000 +0.000 +0.000 +0.000 +0.000 +0.000 +0.000 +0.000 +0.000 +0.000
 +0.000 +0.000 +0.000 +0.000 +0.000 +0.000 +0.000 +0.000 +0.000 +0.000
 +0.000 +0.000 +0.000 +0.000 +0.000 +0.000 +0.000 +0.000 +0.000 +0.000
 +0.000 +0.000 +0.000 +0.000 +0.000 +0.000 +0.000 +0.000 +0.000 +0.000
 +0.000 +0.000 +0.000 +0.000 +0.000 +0.000 +0.000 +0.000 +0.000 +0.000
 +0.000 +0.000 +0.000 +0.000 +0.000 +0.000 +0.000 +0.000 +0.000 +0.000
 +0.000 +0.000 +0.000 +0.000 +0.000 +0.000 +0.000 +0.000 +0.000 +0.000
 +0.000 +0.000 +0.000 +0.000 +0.000 +0.000 +0.000 +0.000 +0.000 +0.000
 +0.000 +0.000 +0.000 +0.000 +0.000 +0.000 +0.000 +0.000 +0.000 +0.000
 +0.000 +0.000 +0.000 +0.000 +0.000 +0.000 +0.000 +0.000 +0.000 +0.000
 +0.000 +0.000 +0.000 +0.000 +0.000 +0.000 +0.000 +0.000 +0.000 +0.000
 +0.000 +0.000 +0.000 +0.000 +0.000 +0.000 +0.000 +0.000 +0.000 +0.000
 +0.000 +0.000 +0.000 +0.000 +0.000 +0.000 +0.000 +0.000 +0.000 +0.000
 +0.000 +0.000 +0.000 +0.000 +0.000 +0.000 +0.000 +0.000 +0.000 +0.000
 +0.000 +0.000 +0.000 +0.000 +0.000 +0.000 +0.000 +0.000 +0.000 +0.000
 +0.000 +0.000 +0.000 +0.000 +0.000 +0.000 +0.000 +0.000 +0.000 +0.000
 +0.000 +0.000 +0.000 +0.000 +0.000 +0.000 +0.000 +0.000 +0.000 +0.000
 +0.000 +0.000 +0.000 +0.000 +0.000 +0.000 +0.000 +1.937 +0.000 +0.000]
Dual variables:           [-1.283 -1.535]

Optimal objective:       +1.03627947e-01
===========================================================================

Method:                  II-QIPM
LO_Precision:            1.00e-01
Stop_Precision:          1.00e-03
LO_Verbosity:            2
Omega:                   1.00e+01

The Quantum Inexact Infeasible Interior-Point Method starts running ...


                  Objective                Residual                                Linear system           Step-length
Iter      Primal           Dual         Primal    Dual     Compl    ||Resl||  Cond-Num  ||M||   ||RHS||    a-star   a-hat      Time
   0   2.98728880e+01  0.00000000e+00  3.98e+00 4.71e+00  1.19e+03  3.97e+00  4.00e+00 1.00e+00 3.97e+00  9.90e-01 9.79e-01      0s
   1   1.89323124e+01  0.00000000e+00  8.43e-01 4.12e+00  1.05e+03  3.26e+01  3.63e+00 5.30e+01 3.26e+01  5.14e-01 1.24e-01      1s
   2   1.54985884e+01  0.00000000e+00  2.20e+00 3.99e+00  1.02e+03  4.65e+01  3.41e+00 6.24e+01 4.65e+01  4.45e-01 3.31e-02      1s
   3   1.23228759e+01  0.00000000e+00  3.60e+00 3.87e+00  9.92e+02  5.11e+01  3.34e+00 6.51e+01 5.11e+01  4.26e-01 2.91e-02      2s
   4   9.32810472e+00  0.00000000e+00  4.95e+00 3.77e+00  9.68e+02  5.56e+01  3.27e+00 6.77e+01 5.56e+01  4.09e-01 2.62e-02      2s
   5   6.49391159e+00  0.00000000e+00  6.24e+00 3.68e+00  9.47e+02  5.99e+01  3.20e+00 7.01e+01 5.99e+01  3.93e-01 2.37e-02      3s
   6   3.80207995e+00  0.00000000e+00  7.49e+00 3.60e+00  9.29e+02  6.43e+01  3.14e+00 7.24e+01 6.43e+01  3.78e-01 2.15e-02      3s
   7   1.23879921e+00  0.00000000e+00  8.68e+00 3.53e+00  9.12e+02  6.85e+01  3.08e+00 7.46e+01 6.85e+01  3.65e-01 1.97e-02      4s
   8  -1.20604128e+00  0.00000000e+00  9.83e+00 3.47e+00  8.98e+02  7.27e+01  3.02e+00 7.67e+01 7.27e+01  3.52e-01 1.80e-02      5s
   9   2.17922592e+00  1.13310424e-01  1.33e+00 4.59e-01  1.31e+02 *3.76e-01  2.97e+00 7.87e+01 7.68e+01  9.08e-01 8.68e-01      5s
  10   7.09098028e+00  1.13310424e-01  1.76e+00 4.20e-01  1.21e+02  3.01e+01  3.76e+00 6.06e+02 3.01e+01  5.66e-01 8.48e-02      5s
  11   1.05233197e+01  1.13310424e-01  3.48e+00 3.98e-01  1.15e+02  3.70e+01  3.66e+00 6.73e+02 3.70e+01  5.25e-01 5.14e-02      5s
  12   1.37783508e+01  1.13310424e-01  5.17e+00 3.81e-01  1.10e+02  4.19e+01  3.59e+00 7.17e+02 4.19e+01  5.00e-01 4.46e-02      6s
  13   1.68690433e+01  1.13310424e-01  6.77e+00 3.66e-01  1.07e+02  4.65e+01  3.52e+00 7.58e+02 4.65e+01  4.76e-01 3.91e-02      6s
  14   1.98089619e+01  1.13310424e-01  8.29e+00 3.53e-01  1.03e+02  5.11e+01  3.45e+00 7.96e+02 5.11e+01  4.55e-01 3.46e-02      7s
  15   2.26107959e+01  1.13310424e-01  9.74e+00 3.42e-01  1.00e+02  5.55e+01  3.38e+00 8.32e+02 5.55e+01  4.35e-01 3.08e-02      7s
  16   2.52829445e+01  1.13310424e-01  1.11e+01 3.33e-01  9.78e+01  5.98e+01  3.31e+00 8.66e+02 5.98e+01  4.17e-01 2.76e-02      8s
  17   2.78321857e+01  1.13310424e-01  1.24e+01 3.25e-01  9.56e+01  6.40e+01  3.25e+00 8.97e+02 6.40e+01  4.01e-01 2.49e-02      8s
  18   3.02733234e+01  1.13310424e-01  1.37e+01 3.17e-01  9.36e+01  6.81e+01  3.19e+00 9.27e+02 6.81e+01  3.86e-01 2.26e-02      9s
  19   3.26089583e+01  1.13310424e-01  1.49e+01 3.11e-01  9.19e+01  7.21e+01  3.13e+00 9.56e+02 7.21e+01  3.71e-01 2.05e-02      9s
  20   3.48512912e+01  1.13310424e-01  1.60e+01 3.05e-01  9.03e+01  7.60e+01  3.07e+00 9.83e+02 7.60e+01  3.58e-01 1.88e-02     10s
  21   3.70011819e+01  1.13310424e-01  1.71e+01 3.00e-01  8.89e+01  7.98e+01  3.01e+00 1.01e+03 7.98e+01  3.46e-01 1.72e-02     10s
  22   6.76607053e+00  1.02328455e-01  3.06e+00 5.36e-02  1.73e+01  1.26e-01  2.96e+00 1.03e+03 8.36e+01  8.72e-01 8.21e-01     10s
  23   9.54482484e-01  1.02328455e-01  3.84e-01 4.97e-02  1.61e+01  3.71e+01  3.71e+00 5.94e+03 3.71e+01  5.32e-01 7.35e-02     11s
  24  -2.94674707e+00  1.02328455e-01  1.92e+00 4.75e-02  1.55e+01  4.53e+01  3.59e+00 6.52e+03 4.53e+01  4.95e-01 4.36e-02     11s
  25  -6.65300660e+00  1.02328455e-01  3.77e+00 4.57e-02  1.49e+01  5.09e+01  3.51e+00 6.89e+03 5.09e+01  4.72e-01 3.83e-02     12s
  26  -1.01807038e+01  1.02328455e-01  5.55e+00 4.41e-02  1.45e+01  5.64e+01  3.43e+00 7.24e+03 5.64e+01  4.51e-01 3.39e-02     12s
  27  -1.35473564e+01  1.02328455e-01  7.25e+00 4.28e-02  1.41e+01  6.18e+01  3.35e+00 7.57e+03 6.18e+01  4.32e-01 3.02e-02     13s
  28  -1.67643245e+01  1.02328455e-01  8.87e+00 4.16e-02  1.37e+01  6.71e+01  3.28e+00 7.88e+03 6.71e+01  4.14e-01 2.72e-02     14s
  29  -1.98434431e+01  1.02328455e-01  1.04e+01 4.06e-02  1.34e+01  7.23e+01  3.21e+00 8.18e+03 7.23e+01  3.98e-01 2.45e-02     14s
  30  -2.27936815e+01  1.02328455e-01  1.19e+01 3.97e-02  1.32e+01  7.73e+01  3.14e+00 8.45e+03 7.73e+01  3.83e-01 2.22e-02     15s
  31  -2.56241559e+01  1.02328455e-01  1.33e+01 3.89e-02  1.29e+01  8.24e+01  3.07e+00 8.72e+03 8.24e+01  3.69e-01 2.02e-02     15s
  32  -2.83466541e+01  1.02328455e-01  1.47e+01 3.82e-02  1.27e+01  8.73e+01  3.01e+00 8.97e+03 8.73e+01  3.56e-01 1.85e-02     16s
  33  -4.56367284e+00  1.03730617e-01  2.41e+00 6.25e-03  2.26e+00 *5.48e-02  2.95e+00 9.21e+03 9.21e+01  8.97e-01 8.36e-01     16s
  34   2.03469563e+00  1.03730617e-01  1.85e+00 5.45e-03  1.99e+00  2.80e+01  3.95e+00 5.62e+04 2.80e+01  6.96e-01 1.28e-01     16s
  35   5.52246258e+00  1.03730617e-01  3.78e+00 5.14e-03  1.89e+00  3.75e+01  3.89e+00 6.59e+04 3.75e+01  6.52e-01 5.70e-02     17s
  36   5.52528653e+00  1.03730617e-01  3.78e+00 5.14e-03  1.89e+00  4.24e+01  3.85e+00 7.06e+04 4.24e+01  6.31e-01 4.27e-05     19s

The solution quality is limited by the precision of the linear system solver.

The algorithm stopped after 37 iterations in 19.29 seconds.

Primal variables:   [+16.540 +16.114 +15.476 +16.399 +16.745 +16.010 +15.543 +16.213 +16.176
 +15.951 +14.157 +15.651 +15.769 +15.641 +15.361 +15.720 +15.470 +15.481
 +15.972 +16.504 +15.443 +16.719 +16.602 +16.003 +16.407 +15.928 +15.742
 +15.454 +16.186 +16.013 +16.452 +16.168 +14.933 +16.116 +16.401 +15.799
 +16.798 +15.820 +16.079 +16.585 +16.463 +15.699 +16.252 +15.485 +16.555
 +15.956 +15.202 +15.638 +15.619 +16.589 +16.465 +16.083 +16.208 +15.984
 +16.115 +16.507 +16.201 +15.588 +16.058 +16.723 +16.120 +15.978 +15.471
 +15.579 +15.796 +15.868 +16.574 +16.275 +16.401 +15.668 +15.662 +16.694
 +16.404 +15.914 +16.244 +15.765 +16.567 +16.522 +16.156 +16.317 +15.603
 +16.021 +16.579 +15.878 +16.259 +16.502 +16.120 +15.570 +15.790 +16.296
 +15.656 +15.614 +16.835 +16.580 +15.944 +16.220 +16.576 +16.560 +15.744
 +16.224 +15.949 +16.187 +16.256 +15.917 +15.381 +15.725 +16.558 +16.542
 +15.794 +16.309 +16.130 +15.755 +16.378 +16.206 +13.620 +15.609 +16.247
 +16.504 +14.686 +16.472 +15.433 +15.290 +16.118 +16.588 +16.275 +16.152
 +16.254 +16.197 +15.058 +15.513 +15.693 +15.381 +16.065 +16.710 +15.992
 +15.472 +15.764 +15.910 +15.856 +16.174 +15.701 +16.409 +15.598 +15.589
 +16.428 +15.444 +15.782 +15.573 +15.623 +16.218 +16.544 +15.955 +16.107
 +16.164 +16.674 +15.354 +15.572 +16.671 +15.417 +16.436 +15.678 +15.919
 +16.537 +16.501 +15.608 +16.500 +16.046 +15.796 +16.012 +16.139 +16.080
 +15.465 +15.529 +16.339 +16.346 +15.601 +15.384 +16.406 +16.578 +15.954
 +16.044 +15.627 +15.835 +15.915 +15.720 +15.606 +15.456 +16.020 +16.168
 +16.699 +15.645 +15.601 +16.692 +16.241 +15.645 +16.255 +15.865 +16.622
 +15.681 +16.539 +16.141 +16.149 +16.410 +15.993 +16.738 +15.626 +15.777
 +15.989 +16.281 +16.871 +15.716 +16.350 +15.401 +16.147 +16.382 +15.670
 +16.500 +16.701 +15.398 +16.077 +15.833 +16.134 +15.875 +16.287 +16.003
 +15.810 +15.956 +15.710 +15.916 +16.435 +15.934 +15.586 +16.533 +15.611
 +16.671 +15.694 +15.929 +15.480 +15.651 +15.498 +16.377 +16.657 +16.113
 +16.145 +15.955 +15.973 +16.511 +15.698 +15.716 +16.203 +16.208 +16.178
 +15.503 +15.858 +15.666 +15.808 +15.929 +16.547 +16.757 +16.435 +16.128
 +15.461 +0.048 +16.206 +15.714 +15.770 +16.204 +16.214 +16.492 +16.499
 +15.880 +16.149 +15.438 +16.514 +16.303 +16.027 +15.718 +15.728 +16.484
 +15.288 +16.558 +16.139 +16.666 +16.802 +16.638 +16.497 +15.797 +15.788
 +15.313 +16.624 +16.424 +16.345 +16.879 +16.443 +15.691 +16.051 +15.633
 +15.877 +15.892 +15.575 +16.265 +16.388 +15.713 +16.030 +16.028 +15.601
 +15.821 +16.210 +16.172 +15.774 +16.062 +16.212 +16.436 +16.479 +16.241
 +15.613 +16.595 +16.672 +16.241 +15.743 +15.926 +16.546 +15.661 +15.502
 +15.674 +15.695 +16.143 +16.471 +15.906 +16.190 +15.930 +16.841 +16.064
 +15.432 +16.757 +14.608 +16.183 +16.164 +15.874 +15.508 +16.686 +16.476
 +16.227 +16.097 +16.325 +15.850 +15.653 +13.189 +16.056 +16.672 +15.743
 +16.433 +16.093 +16.057 +16.116 +16.195 +16.645 +15.398 +16.349 +15.706
 +15.890 +16.467 +15.512 +16.434 +15.905 +15.804 +15.977 +16.460 +15.978
 +15.668 +16.600 +16.116 +16.647 +15.672 +15.768 +16.405 +16.043 +16.249
 +16.171 +16.052 +16.372 +15.531 +15.630 +15.676 +16.089 +15.379 +15.834
 +15.842 +15.511 +16.492 +16.175 +15.459 +16.701 +16.685 +16.634 +16.520
 +16.854 +15.728 +14.859 +16.262 +15.758 +15.634 +15.894 +15.365 +16.654
 +16.605 +15.666 +16.257 +16.090 +16.044 +16.651 +15.835 +16.062 +16.561
 +16.161 +16.266 +16.576 +15.939 +16.233 +16.325 +15.728 +15.972 +15.986
 +16.078 +15.880 +15.774 +15.774 +16.117 +15.721 +15.740 +16.722 +15.767
 +16.661 +15.804 +15.566 +15.644 +16.003 +15.945 +15.835 +16.497 +15.626
 +15.849 +15.106 +16.305 +16.338 +15.771 +15.840 +16.862 +16.271 +15.539
 +15.763 +15.851 +16.729 +16.606 +16.444 +16.003 +16.399 +16.167 +16.573
 +15.795 +15.668 +16.182 +15.860 +15.679 +16.225 +16.045 +15.828 +15.565
 +16.396 +16.703 +15.994 +15.595 +16.255 +15.612 +16.471 +15.957 +15.781
 +16.321 +16.666 +15.972 +16.417 +15.842 +15.416 +16.585 +16.025 +16.501
 +15.538 +15.515 +16.000 +15.631 +15.697 +16.744 +15.894 +16.424 +15.393
 +15.885 +15.546 +0.018 +15.618 +15.665]
Dual slacks:        [+0.000 +0.000 +0.000 +0.000 +0.000 +0.000 +0.000 +0.000 +0.000 +0.000
 +0.000 +0.000 +0.000 +0.000 +0.000 +0.000 +0.000 +0.000 +0.000 +0.000
 +0.000 +0.000 +0.000 +0.000 +0.000 +0.000 +0.000 +0.000 +0.000 +0.000
 +0.000 +0.000 +0.000 +0.000 +0.000 +0.000 +0.000 +0.000 +0.000 +0.000
 +0.000 +0.000 +0.000 +0.000 +0.000 +0.000 +0.000 +0.000 +0.000 +0.000
 +0.000 +0.000 +0.000 +0.000 +0.000 +0.000 +0.000 +0.000 +0.000 +0.000
 +0.000 +0.000 +0.000 +0.000 +0.000 +0.000 +0.000 +0.000 +0.000 +0.000
 +0.000 +0.000 +0.000 +0.000 +0.000 +0.000 +0.000 +0.000 +0.000 +0.000
 +0.000 +0.000 +0.000 +0.000 +0.000 +0.000 +0.000 +0.000 +0.000 +0.000
 +0.000 +0.000 +0.000 +0.000 +0.000 +0.000 +0.000 +0.000 +0.000 +0.000
 +0.000 +0.000 +0.000 +0.000 +0.000 +0.000 +0.000 +0.000 +0.000 +0.000
 +0.000 +0.000 +0.000 +0.000 +0.000 +0.000 +0.000 +0.000 +0.000 +0.000
 +0.000 +0.000 +0.000 +0.000 +0.000 +0.000 +0.000 +0.000 +0.000 +0.000
 +0.000 +0.000 +0.000 +0.000 +0.000 +0.000 +0.000 +0.000 +0.000 +0.000
 +0.000 +0.000 +0.000 +0.000 +0.000 +0.000 +0.000 +0.000 +0.000 +0.000
 +0.000 +0.000 +0.000 +0.000 +0.000 +0.000 +0.000 +0.000 +0.000 +0.000
 +0.000 +0.000 +0.000 +0.000 +0.000 +0.000 +0.000 +0.000 +0.000 +0.000
 +0.000 +0.000 +0.000 +0.000 +0.000 +0.000 +0.000 +0.000 +0.000 +0.000
 +0.000 +0.000 +0.000 +0.000 +0.000 +0.000 +0.000 +0.000 +0.000 +0.000
 +0.000 +0.000 +0.000 +0.000 +0.000 +0.000 +0.000 +0.000 +0.000 +0.000
 +0.000 +0.000 +0.000 +0.000 +0.000 +0.000 +0.000 +0.000 +0.000 +0.000
 +0.000 +0.000 +0.000 +0.000 +0.000 +0.000 +0.000 +0.000 +0.000 +0.000
 +0.000 +0.000 +0.000 +0.000 +0.000 +0.000 +0.000 +0.000 +0.000 +0.000
 +0.000 +0.000 +0.000 +0.000 +0.000 +0.000 +0.000 +0.000 +0.000 +0.000
 +0.000 +0.000 +0.000 +0.000 +0.000 +0.000 +0.000 +0.000 +0.000 +0.000
 +0.000 +0.000 +0.000 +0.000 +0.000 +0.000 +0.000 +0.000 +0.000 +0.000
 +0.000 +0.000 +0.500 +0.000 +0.000 +0.000 +0.000 +0.000 +0.000 +0.000
 +0.000 +0.000 +0.000 +0.000 +0.000 +0.000 +0.000 +0.000 +0.000 +0.000
 +0.000 +0.000 +0.000 +0.000 +0.000 +0.000 +0.000 +0.000 +0.000 +0.000
 +0.000 +0.000 +0.000 +0.000 +0.000 +0.000 +0.000 +0.000 +0.000 +0.000
 +0.000 +0.000 +0.000 +0.000 +0.000 +0.000 +0.000 +0.000 +0.000 +0.000
 +0.000 +0.000 +0.000 +0.000 +0.000 +0.000 +0.000 +0.000 +0.000 +0.000
 +0.000 +0.000 +0.000 +0.000 +0.000 +0.000 +0.000 +0.000 +0.000 +0.000
 +0.000 +0.000 +0.000 +0.000 +0.000 +0.000 +0.000 +0.000 +0.000 +0.000
 +0.000 +0.000 +0.000 +0.000 +0.000 +0.000 +0.000 +0.000 +0.000 +0.000
 +0.000 +0.000 +0.000 +0.000 +0.000 +0.000 +0.000 +0.000 +0.000 +0.000
 +0.000 +0.000 +0.000 +0.000 +0.000 +0.000 +0.000 +0.000 +0.000 +0.000
 +0.000 +0.000 +0.000 +0.000 +0.000 +0.000 +0.000 +0.000 +0.000 +0.000
 +0.000 +0.000 +0.000 +0.000 +0.000 +0.000 +0.000 +0.000 +0.000 +0.000
 +0.000 +0.000 +0.000 +0.000 +0.000 +0.000 +0.000 +0.000 +0.000 +0.000
 +0.000 +0.000 +0.000 +0.000 +0.000 +0.000 +0.000 +0.000 +0.000 +0.000
 +0.000 +0.000 +0.000 +0.000 +0.000 +0.000 +0.000 +0.000 +0.000 +0.000
 +0.000 +0.000 +0.000 +0.000 +0.000 +0.000 +0.000 +0.000 +0.000 +0.000
 +0.000 +0.000 +0.000 +0.000 +0.000 +0.000 +0.000 +0.000 +0.000 +0.000
 +0.000 +0.000 +0.000 +0.000 +0.000 +0.000 +0.000 +0.000 +0.000 +0.000
 +0.000 +0.000 +0.000 +0.000 +0.000 +0.000 +0.000 +0.000 +0.000 +0.000
 +0.000 +0.000 +0.000 +0.000 +0.000 +0.000 +0.000 +0.000 +0.000 +0.000
 +0.000 +0.000 +0.000 +0.000 +0.000 +0.000 +0.000 +0.000 +0.000 +0.000
 +0.000 +0.000 +0.000 +0.000 +0.000 +0.000 +0.000 +0.000 +0.000 +0.000
 +0.000 +0.000 +0.000 +0.000 +0.000 +0.000 +0.000 +1.937 +0.000 +0.000]
Dual variables:     [-1.283 -1.536]

Primal objective:   5.52528653e+00 
Dual objective:     1.03730617e-01 

Primal residual:    3.78e+00
Dual residual:      5.14e-03
Complementraty:     1.89e+00

Number of Iter:     37
Run time:           19.29
