
--------------- Linear optimization problem characteristics ---------------
Seed:                    44
Number of variables:     100
Number of constraints:   2

Norm of primal sol:      2.00e+00
Norm of dual sol:        2.00e+00
Norm of dual slacks:     2.00e+00

Norm of vector b:        3.00e-01
Norm of vector c:        2.27e+00

Norm of matrix A:        1.00e+00
Condition number:        2.00e+00

----------------------- Linear optimization problem -----------------------
Coeff matrix A:          [[-0.039 -0.081 -0.136 +0.152 -0.026 +0.066 +0.011 +0.067 +0.072 -0.118
 -0.114 -0.100 +0.005 -0.096 -0.017 +0.078 -0.092 +0.085 +0.037 +0.124
 +0.101 -0.027 +0.012 +0.119 -0.023 +0.122 -0.090 +0.013 +0.070 +0.024
 +0.069 -0.030 -0.112 -0.019 +0.018 +0.150 +0.069 -0.017 -0.110 +0.055
 -0.047 -0.024 +0.090 -0.065 +0.033 +0.086 -0.048 +0.005 +0.019 +0.022
 -0.082 -0.039 +0.023 -0.087 +0.046 +0.014 +0.131 -0.082 +0.144 +0.072
 +0.050 +0.015 -0.028 +0.020 +0.123 +0.046 -0.004 +0.042 +0.057 -0.017
 -0.113 +0.086 +0.064 -0.038 -0.091 +0.089 -0.060 +0.123 +0.118 +0.112
 +0.009 -0.115 +0.158 +0.044 +0.050 +0.086 -0.014 -0.064 +0.029 -0.119
 -0.103 +0.021 -0.078 -0.157 -0.013 -0.055 -0.110 +0.085 +0.033 +0.054]
                          [+0.045 -0.093 +0.148 -0.135 +0.057 -0.065 +0.075 +0.009 -0.095 +0.067
 +0.027 -0.007 -0.033 +0.040 +0.038 -0.058 +0.050 -0.080 -0.064 -0.134
 -0.056 +0.067 +0.109 -0.066 -0.084 -0.146 -0.006 +0.093 -0.086 -0.030
 +0.045 +0.065 +0.014 -0.066 +0.035 -0.154 -0.059 +0.113 +0.083 -0.017
 -0.044 +0.076 +0.013 +0.030 +0.070 -0.129 +0.120 -0.017 -0.069 +0.075
 -0.004 +0.034 +0.091 +0.021 -0.087 -0.032 -0.152 +0.066 -0.145 +0.059
 -0.115 -0.004 +0.116 -0.014 -0.060 -0.109 +0.037 -0.073 +0.021 -0.046
 +0.068 +0.074 +0.062 +0.033 +0.099 -0.002 +0.018 -0.064 -0.123 -0.137
 +0.061 +0.123 -0.162 +0.010 -0.019 +0.048 -0.107 +0.041 -0.092 +0.034
 +0.006 +0.075 -0.076 +0.143 -0.080 -0.060 +0.124 -0.128 +0.015 +0.082]]

RHS vector b:            [+0.213 -0.212]
Obj vector c:            [+0.041 +0.218 +0.147 -0.186 +0.007 -0.076 -0.074 -0.131 -0.065 +0.172
 +0.194 +0.193 +0.015 +0.150 +0.004 -0.103 +0.136 -0.100 -0.022 -0.135
 -0.149 +0.002 -0.101 -0.175 +0.103 -0.122 +0.171 -0.090 -0.069 -0.022
 -0.161 +0.010 +0.199 +0.084 -0.058 -0.170 -0.087 -0.050 +0.145 -0.090
 +0.119 -0.010 -0.177 +0.100 -0.113 -0.067 +0.004 +0.003 +0.014 -0.094
 +0.156 +0.048 -0.109 +0.148 -0.024 -0.003 -0.134 +0.106 -0.164 -0.177
 -0.009 -0.025 -0.031 -0.028 -0.186 -0.007 -0.020 -0.025 -0.121 +0.065
 +0.162 -0.213 -0.164 +0.047 +0.098 -0.164 +0.099 -0.183 -0.132 -0.110
 -0.060 +0.374 -0.177 +1.896 -0.079 -0.195 +0.103 +0.089 +0.013 +0.198
 +0.188 -0.093 +0.201 +0.190 +0.083 +0.145 +0.117 -0.067 -0.073 -0.160]

---------------------------- Optimal solution -----------------------------
Primal variables:         [+0.288 +0.036 +0.257 +0.124 +0.124 +0.210 +0.136 +0.141 +0.176 +0.245
 +0.331 +0.157 +0.147 +0.039 +0.075 +0.330 +0.325 +0.304 +0.223 +0.074
 +0.219 +0.048 +0.158 +0.301 +0.089 +0.229 +0.297 +0.051 +0.194 +0.055
 +0.060 +0.036 +0.070 +0.157 +0.274 +0.341 +0.277 +0.130 +0.178 +0.020
 +0.245 +0.025 +0.304 +0.250 +0.287 +0.245 +0.240 +0.321 +0.304 +0.033
 +0.157 +0.170 +0.038 +0.053 +0.339 +0.094 +0.309 +0.057 +0.046 +0.109
 +0.106 +0.145 +0.114 +0.196 +0.033 +0.275 +0.093 +0.314 +0.311 +0.005
 +0.294 +0.233 +0.013 +0.106 +0.194 +0.205 +0.235 +0.218 +0.323 +0.254
 +0.257 +0.000 +0.170 +0.000 +0.006 +0.063 +0.039 +0.294 +0.017 +0.172
 +0.173 +0.264 +0.120 +0.321 +0.103 +0.190 +0.020 +0.205 +0.222 +0.255]
Dual slacks:              [+0.000 +0.000 +0.000 +0.000 +0.000 +0.000 +0.000 +0.000 +0.000 +0.000
 +0.000 +0.000 +0.000 +0.000 +0.000 +0.000 +0.000 +0.000 +0.000 +0.000
 +0.000 +0.000 +0.000 +0.000 +0.000 +0.000 +0.000 +0.000 +0.000 +0.000
 +0.000 +0.000 +0.000 +0.000 +0.000 +0.000 +0.000 +0.000 +0.000 +0.000
 +0.000 +0.000 +0.000 +0.000 +0.000 +0.000 +0.000 +0.000 +0.000 +0.000
 +0.000 +0.000 +0.000 +0.000 +0.000 +0.000 +0.000 +0.000 +0.000 +0.000
 +0.000 +0.000 +0.000 +0.000 +0.000 +0.000 +0.000 +0.000 +0.000 +0.000
 +0.000 +0.000 +0.000 +0.000 +0.000 +0.000 +0.000 +0.000 +0.000 +0.000
 +0.000 +0.249 +0.000 +1.984 +0.000 +0.000 +0.000 +0.000 +0.000 +0.000
 +0.000 +0.000 +0.000 +0.000 +0.000 +0.000 +0.000 +0.000 +0.000 +0.000]
Dual variables:           [-1.865 -0.722]

Optimal objective:       -2.44435144e-01
===========================================================================

Method:                  II-QIPM
LO_Precision:            1.00e-01
Stop_Precision:          1.00e-03
LO_Verbosity:            2
Omega:                   1.00e+01

The Quantum Inexact Infeasible Interior-Point Method starts running ...


                  Objective                Residual                                Linear system           Step-length
Iter      Primal           Dual         Primal    Dual     Compl    ||Resl||  Cond-Num  ||M||   ||RHS||    a-star   a-hat      Time
   0   1.72227514e+01 -2.41597078e+00  2.78e+00 2.90e+01  3.12e+03 *1.99e-15  4.00e+00 1.00e+00 1.14e+01  8.12e-01 7.10e-01      0s
   1   1.53826709e+01 -1.08076116e+00  1.01e+00 1.05e+01  1.21e+03  2.28e-02  4.02e+00 3.97e+00 2.86e+01  9.59e-01 6.37e-01      1s
   2   7.99936930e+00 -2.44308955e-01  1.67e-01 2.20e-01  3.53e+01  1.69e-01  4.11e+00 1.20e+01 3.53e+01  9.91e-01 9.79e-01      1s
   3   2.03419595e+00 -2.44308955e-01  2.08e+00 1.75e-01  2.86e+01  1.07e+01  3.55e+00 5.34e+02 1.07e+01  6.90e-01 2.06e-01      1s
   4  -6.90449089e-01 -2.44308955e-01  3.23e+00 1.61e-01  2.65e+01  1.65e+01  3.36e+00 6.91e+02 1.65e+01  6.09e-01 7.99e-02      1s
   5  -3.16733721e+00 -2.44308955e-01  4.32e+00 1.50e-01  2.49e+01  1.96e+01  3.25e+00 7.60e+02 1.96e+01  5.75e-01 6.70e-02      2s
   6  -5.44624799e+00 -2.44308955e-01  5.36e+00 1.42e-01  2.36e+01  2.25e+01  3.15e+00 8.23e+02 2.25e+01  5.45e-01 5.71e-02      2s
   7  -7.55904474e+00 -2.44308955e-01  6.34e+00 1.35e-01  2.26e+01  2.55e+01  3.04e+00 8.81e+02 2.55e+01  5.17e-01 4.93e-02      2s
   8  -1.69920023e+00 -2.45515603e-01  1.35e+00 2.86e-02  5.25e+00 *1.35e-02  2.95e+00 9.35e+02 2.83e+01  8.63e-01 7.88e-01      2s
   9   3.03023221e+00 -2.45515603e-01  2.13e+00 2.50e-02  4.65e+00  2.17e+01  3.65e+00 4.96e+03 2.17e+01  6.46e-01 1.26e-01      2s
  10   6.52367571e+00 -2.45515603e-01  4.12e+00 2.31e-02  4.33e+00  2.99e+01  3.60e+00 5.93e+03 2.99e+01  5.95e-01 7.48e-02      3s
  11   9.90020693e+00 -2.45515603e-01  6.10e+00 2.17e-02  4.08e+00  3.60e+01  3.57e+00 6.62e+03 3.60e+01  5.62e-01 6.32e-02      3s
  12   1.27946794e+01 -2.45515603e-01  7.81e+00 2.06e-02  3.90e+00  4.20e+01  3.53e+00 7.30e+03 4.20e+01  5.33e-01 4.80e-02      3s
  13   1.27953367e+01 -2.45515603e-01  7.81e+00 2.06e-02  3.90e+00  4.72e+01  3.50e+00 7.88e+03 4.72e+01  5.09e-01 9.91e-06      4s

The solution quality is limited by the precision of the linear system solver.

The algorithm stopped after 14 iterations in 3.92 seconds.

Primal variables:   [+16.608 +18.997 +22.020 +11.337 +16.191 +13.250 +15.161 +13.476 +13.025
 +20.567 +20.436 +19.624 +14.910 +19.183 +15.833 +13.016 +18.938 +12.796
 +13.943 +11.841 +12.533 +16.276 +15.154 +12.136 +15.761 +11.844 +18.900
 +15.144 +13.094 +14.399 +13.440 +16.386 +20.339 +15.637 +14.814 +11.315
 +13.206 +16.162 +20.030 +13.682 +16.733 +16.236 +12.899 +17.580 +14.473
 +12.623 +17.301 +14.953 +14.410 +14.833 +18.438 +16.532 +14.806 +18.695
 +13.634 +14.652 +11.672 +18.471 +11.456 +13.279 +13.485 +14.728 +16.559
 +14.545 +12.074 +13.590 +15.435 +13.795 +13.755 +15.573 +20.235 +12.555
 +13.529 +16.505 +18.995 +12.925 +17.344 +12.071 +11.991 +12.061 +15.170
 +1.183 +11.167 +0.276 +13.798 +12.874 +15.430 +17.539 +14.078 +20.777
 +19.757 +14.863 +18.622 +23.842 +15.415 +17.133 +20.171 +12.633 +14.335
 +13.768]
Dual slacks:        [+0.002 +0.001 +0.001 +0.003 +0.002 +0.002 +0.002 +0.003 +0.002 +0.001
 +0.001 +0.001 +0.002 +0.001 +0.002 +0.003 +0.001 +0.003 +0.002 +0.003
 +0.003 +0.002 +0.003 +0.003 +0.002 +0.003 +0.001 +0.002 +0.002 +0.002
 +0.003 +0.002 +0.001 +0.002 +0.002 +0.003 +0.002 +0.002 +0.001 +0.002
 +0.002 +0.002 +0.003 +0.002 +0.003 +0.002 +0.002 +0.002 +0.002 +0.003
 +0.001 +0.002 +0.003 +0.001 +0.002 +0.002 +0.003 +0.002 +0.003 +0.003
 +0.002 +0.002 +0.002 +0.002 +0.003 +0.002 +0.002 +0.002 +0.003 +0.002
 +0.001 +0.003 +0.003 +0.002 +0.002 +0.003 +0.002 +0.003 +0.003 +0.003
 +0.002 +0.251 +0.003 +1.986 +0.002 +0.003 +0.002 +0.002 +0.002 +0.001
 +0.001 +0.003 +0.001 +0.001 +0.002 +0.001 +0.002 +0.002 +0.002 +0.003]
Dual variables:     [-1.874 -0.725]

Primal objective:   1.27953367e+01 
Dual objective:     -2.45515603e-01

Primal residual:    7.81e+00
Dual residual:      2.06e-02
Complementraty:     3.90e+00

Number of Iter:     14
Run time:           3.92
