
--------------- Linear optimization problem characteristics ---------------
Seed:                    52
Number of variables:     200
Number of constraints:   2

Norm of primal sol:      2.00e+00
Norm of dual sol:        2.00e+00
Norm of dual slacks:     2.00e+00

Norm of vector b:        2.33e-01
Norm of vector c:        2.31e+00

Norm of matrix A:        1.00e+00
Condition number:        2.00e+00

----------------------- Linear optimization problem -----------------------
Coeff matrix A:          [[-0.036 -0.089 -0.024 +0.016 -0.097 -0.028 +0.068 -0.078 +0.103 +0.100
 -0.016 +0.079 +0.116 -0.062 +0.030 +0.043 +0.036 -0.028 +0.071 -0.082
 +0.069 -0.086 +0.015 +0.001 -0.078 +0.002 +0.032 +0.033 +0.067 -0.104
 +0.043 -0.030 +0.107 -0.065 -0.120 +0.091 +0.077 +0.050 +0.073 -0.041
 +0.050 -0.092 +0.013 -0.045 -0.076 -0.065 -0.029 -0.025 -0.129 -0.068
 +0.023 -0.002 +0.044 +0.113 -0.069 +0.022 -0.015 +0.074 +0.112 -0.077
 +0.044 +0.044 -0.036 -0.040 -0.068 +0.085 -0.017 +0.016 +0.059 -0.012
 -0.107 -0.073 +0.068 -0.000 +0.059 +0.044 +0.081 +0.082 +0.065 +0.038
 -0.099 +0.008 +0.027 -0.073 -0.030 +0.047 -0.057 +0.008 -0.037 +0.097
 +0.070 -0.015 -0.100 +0.085 +0.005 +0.086 +0.012 -0.036 +0.079 +0.001
 +0.071 +0.042 +0.029 +0.038 +0.067 +0.065 +0.061 +0.106 -0.089 +0.041
 -0.095 -0.011 +0.045 +0.049 -0.025 +0.062 -0.108 +0.065 -0.017 +0.090
 +0.055 +0.073 +0.001 -0.035 -0.055 +0.089 +0.048 +0.081 -0.080 +0.079
 +0.029 -0.037 -0.050 +0.091 -0.096 +0.082 -0.034 +0.090 +0.123 +0.110
 -0.008 -0.053 +0.046 -0.097 +0.075 -0.012 -0.029 -0.104 +0.039 +0.085
 -0.108 +0.001 +0.068 +0.057 -0.025 +0.098 +0.035 -0.098 -0.107 +0.071
 -0.109 +0.074 +0.004 +0.031 -0.029 +0.051 -0.004 +0.054 +0.100 +0.075
 +0.043 -0.015 +0.074 +0.080 +0.049 -0.007 +0.114 +0.008 -0.057 -0.078
 +0.048 +0.074 -0.093 +0.007 -0.042 +0.116 -0.003 -0.030 +0.092 +0.040
 -0.096 -0.086 -0.121 -0.035 -0.110 +0.057 -0.082 -0.018 +0.023 -0.076]
                          [+0.037 +0.014 -0.011 +0.041 +0.020 -0.017 -0.031 -0.055 +0.060 +0.038
 -0.029 +0.019 +0.049 -0.006 +0.006 +0.071 -0.054 -0.037 +0.052 +0.011
 +0.060 +0.043 +0.035 -0.065 +0.043 +0.044 -0.059 -0.031 +0.015 -0.012
 +0.059 +0.042 +0.009 -0.026 -0.068 +0.019 +0.055 +0.057 +0.023 -0.055
 +0.050 -0.029 +0.035 +0.023 -0.055 -0.070 -0.003 +0.029 -0.085 -0.035
 -0.035 +0.062 -0.001 +0.061 +0.041 -0.048 +0.065 +0.019 +0.064 -0.060
 +0.040 +0.026 -0.058 -0.072 +0.013 +0.058 -0.008 +0.017 -0.049 -0.030
 -0.085 -0.064 +0.022 +0.006 -0.028 +0.044 +0.038 +0.040 -0.037 +0.024
 -0.003 -0.019 +0.028 +0.049 +0.020 +0.054 -0.070 +0.011 -0.026 -0.006
 +0.033 -0.059 -0.005 +0.045 +0.054 -0.001 -0.024 -0.002 +0.021 +0.044
 +0.043 -0.038 -0.031 -0.022 -0.038 -0.029 +0.056 +0.061 -0.074 -0.028
 -0.019 +0.055 -0.005 -0.045 +0.032 -0.047 -0.061 +0.075 +0.027 -0.005
 +0.027 +0.000 -0.007 +0.023 -0.010 -0.008 +0.073 +0.062 -0.038 +0.081
 -0.031 +0.008 -0.006 +0.030 -0.017 +0.006 +0.023 -0.021 +0.067 +0.084
 -0.013 -0.066 +0.069 -0.048 +0.054 -0.059 -0.016 -0.009 -0.041 +0.065
 -0.064 +0.043 +0.022 -0.018 +0.034 +0.005 +0.019 -0.044 -0.040 +0.069
 -0.032 +0.080 -0.019 +0.022 -0.014 +0.008 -0.043 -0.031 +0.045 -0.044
 +0.056 -0.005 -0.052 -0.020 +0.056 -0.057 +0.059 +0.031 -0.068 +0.025
 +0.071 -0.027 +0.001 -0.024 +0.006 +0.044 -0.029 -0.008 +0.012 +0.043
 +0.011 -0.042 -0.065 +0.032 -0.072 +0.075 +0.051 -0.005 +0.024 +0.031]]

RHS vector b:            [+0.210 +0.102]
Obj vector c:            [+0.103 +0.154 +0.021 +0.029 +0.173 +0.021 -0.143 +0.047 -0.077 -0.103
 -0.014 -0.095 -0.112 +0.086 -0.037 +0.027 -0.124 -0.005 -0.041 +0.138
 -0.027 +0.186 +0.024 -0.086 +0.174 +0.053 -0.126 -0.090 -0.084 +0.143
 +0.011 +0.100 -0.151 +0.064 +0.094 -0.114 -0.047 -0.002 -0.082 -0.009
 -0.012 +0.102 +0.025 +0.098 +0.044 +0.009 +0.040 +0.076 +0.085 +0.058
 -0.080 +0.083 -0.068 -0.094 +0.158 -0.096 +0.108 -0.087 -0.088 +0.040
 -0.015 -0.033 -0.020 -0.032 +0.121 -0.055 +0.016 -0.002 -0.152 -0.021
 +0.052 +0.028 -0.076 +0.008 -0.127 -0.010 -0.074 -0.073 -0.147 -0.026
 +0.147 -0.037 -0.004 +0.174 +0.071 -0.002 -0.004 +0.001 +0.022 -0.156
 -0.065 -0.053 +0.146 +1.929 +0.062 -0.132 -0.048 +0.052 -0.093 +0.056
 -0.052 -0.114 -0.084 -0.087 -0.151 -0.136 -0.019 -0.082 +0.039 -0.098
 +0.120 +0.089 -0.074 -0.133 +0.079 -0.155 +0.086 -0.002 +0.061 -0.144
 -0.049 -0.111 -0.010 +0.082 +0.071 -0.146 +0.022 -0.043 +0.072 -0.015
 -0.085 +0.066 +0.068 -0.100 +0.124 -0.117 +0.082 -0.165 -0.100 -0.059
 -0.004 -0.004 +0.019 +0.085 -0.044 -0.059 +0.023 +0.147 -0.113 -0.046
 +0.081 +0.053 -0.075 -0.111 +0.083 -0.142 -0.028 +0.092 +0.111 -0.017
 +0.124 -0.010 -0.030 -0.019 +0.027 -0.068 -0.050 -0.122 -0.093 -0.171
 +0.007 +0.017 -0.180 -0.148 -0.001 -0.064 -0.061 +0.029 -0.001 +0.152
 +0.019 -0.147 +0.143 -0.042 +0.072 -0.119 -0.033 +0.035 -0.124 -0.006
 +0.160 +0.076 +0.100 +0.094 +0.074 +0.010 +0.191 +0.021 -0.004 +0.155]

---------------------------- Optimal solution -----------------------------
Primal variables:         [+0.202 +0.006 +0.052 +0.152 +0.024 +0.152 +0.013 +0.236 +0.241 +0.128
 +0.156 +0.188 +0.188 +0.102 +0.189 +0.104 +0.227 +0.167 +0.090 +0.211
 +0.093 +0.023 +0.080 +0.102 +0.182 +0.161 +0.049 +0.198 +0.193 +0.097
 +0.125 +0.195 +0.109 +0.182 +0.019 +0.120 +0.107 +0.060 +0.211 +0.005
 +0.111 +0.012 +0.122 +0.211 +0.082 +0.221 +0.030 +0.039 +0.193 +0.163
 +0.177 +0.132 +0.116 +0.221 +0.092 +0.129 +0.170 +0.104 +0.157 +0.146
 +0.111 +0.225 +0.183 +0.228 +0.219 +0.079 +0.169 +0.014 +0.050 +0.177
 +0.185 +0.072 +0.235 +0.001 +0.086 +0.048 +0.107 +0.228 +0.069 +0.105
 +0.114 +0.210 +0.242 +0.117 +0.132 +0.192 +0.200 +0.036 +0.084 +0.171
 +0.046 +0.112 +0.238 +0.000 +0.184 +0.126 +0.126 +0.017 +0.238 +0.234
 +0.191 +0.208 +0.098 +0.196 +0.004 +0.041 +0.049 +0.059 +0.019 +0.180
 +0.025 +0.102 +0.054 +0.231 +0.124 +0.149 +0.143 +0.121 +0.041 +0.196
 +0.198 +0.161 +0.032 +0.141 +0.069 +0.064 +0.150 +0.153 +0.092 +0.102
 +0.093 +0.044 +0.009 +0.110 +0.202 +0.085 +0.034 +0.084 +0.237 +0.057
 +0.098 +0.235 +0.164 +0.100 +0.170 +0.174 +0.051 +0.065 +0.201 +0.046
 +0.184 +0.026 +0.191 +0.086 +0.215 +0.144 +0.018 +0.118 +0.128 +0.054
 +0.016 +0.109 +0.038 +0.178 +0.244 +0.137 +0.228 +0.153 +0.098 +0.094
 +0.217 +0.071 +0.004 +0.155 +0.204 +0.224 +0.000 +0.205 +0.100 +0.122
 +0.118 +0.010 +0.204 +0.006 +0.158 +0.012 +0.112 +0.133 +0.021 +0.223
 +0.073 +0.063 +0.034 +0.218 +0.050 +0.008 +0.131 +0.006 +0.054 +0.213]
Dual slacks:              [+0.000 +0.000 +0.000 +0.000 +0.000 +0.000 +0.000 +0.000 +0.000 +0.000
 +0.000 +0.000 +0.000 +0.000 +0.000 +0.000 +0.000 +0.000 +0.000 +0.000
 +0.000 +0.000 +0.000 +0.000 +0.000 +0.000 +0.000 +0.000 +0.000 +0.000
 +0.000 +0.000 +0.000 +0.000 +0.000 +0.000 +0.000 +0.000 +0.000 +0.000
 +0.000 +0.000 +0.000 +0.000 +0.000 +0.000 +0.000 +0.000 +0.000 +0.000
 +0.000 +0.000 +0.000 +0.000 +0.000 +0.000 +0.000 +0.000 +0.000 +0.000
 +0.000 +0.000 +0.000 +0.000 +0.000 +0.000 +0.000 +0.000 +0.000 +0.000
 +0.000 +0.000 +0.000 +0.000 +0.000 +0.000 +0.000 +0.000 +0.000 +0.000
 +0.000 +0.000 +0.000 +0.000 +0.000 +0.000 +0.000 +0.000 +0.000 +0.000
 +0.000 +0.000 +0.000 +2.000 +0.000 +0.000 +0.000 +0.000 +0.000 +0.000
 +0.000 +0.000 +0.000 +0.000 +0.000 +0.000 +0.000 +0.000 +0.000 +0.000
 +0.000 +0.000 +0.000 +0.000 +0.000 +0.000 +0.000 +0.000 +0.000 +0.000
 +0.000 +0.000 +0.000 +0.000 +0.000 +0.000 +0.000 +0.000 +0.000 +0.000
 +0.000 +0.000 +0.000 +0.000 +0.000 +0.000 +0.000 +0.000 +0.000 +0.000
 +0.000 +0.000 +0.000 +0.000 +0.000 +0.000 +0.000 +0.000 +0.000 +0.000
 +0.000 +0.000 +0.000 +0.000 +0.000 +0.000 +0.000 +0.000 +0.000 +0.000
 +0.000 +0.000 +0.000 +0.000 +0.000 +0.000 +0.000 +0.000 +0.000 +0.000
 +0.000 +0.000 +0.000 +0.000 +0.000 +0.000 +0.036 +0.000 +0.000 +0.000
 +0.000 +0.000 +0.000 +0.000 +0.000 +0.000 +0.000 +0.000 +0.000 +0.000
 +0.000 +0.000 +0.000 +0.000 +0.000 +0.000 +0.000 +0.000 +0.000 +0.000]
Dual variables:           [-1.522 +1.298]

Optimal objective:       -1.86946507e-01
===========================================================================

Method:                  II-QIPM
LO_Precision:            1.00e-01
Stop_Precision:          1.00e-03
LO_Verbosity:            2
Omega:                   1.00e+01

The Quantum Inexact Infeasible Interior-Point Method starts running ...


                  Objective                Residual                                Linear system           Step-length
Iter      Primal           Dual         Primal    Dual     Compl    ||Resl||  Cond-Num  ||M||   ||RHS||    a-star   a-hat      Time
   0   2.54196820e+00  0.00000000e+00  1.92e+01 4.98e+00  7.74e+02  1.93e+01  4.00e+00 1.00e+00 1.93e+01  9.82e-01 9.65e-01      0s
   1  -7.50997644e+00  0.00000000e+00  2.37e+01 4.35e+00  6.85e+02  5.76e+01  3.77e+00 3.35e+01 5.76e+01  4.98e-01 1.25e-01      1s
   2  -1.04112581e+01  0.00000000e+00  2.51e+01 4.22e+00  6.66e+02  7.28e+01  3.66e+00 4.09e+01 7.28e+01  4.26e-01 3.01e-02      1s
   3  -1.31000697e+01  0.00000000e+00  2.64e+01 4.11e+00  6.50e+02  7.74e+01  3.63e+00 4.30e+01 7.74e+01  4.08e-01 2.65e-02      1s
   4  -1.56478328e+01  0.00000000e+00  2.77e+01 4.01e+00  6.36e+02  8.18e+01  3.60e+00 4.51e+01 8.18e+01  3.92e-01 2.39e-02      2s
   5  -1.80700914e+01  0.00000000e+00  2.89e+01 3.93e+00  6.23e+02  8.61e+01  3.57e+00 4.70e+01 8.61e+01  3.77e-01 2.17e-02      2s
   6  -2.03762926e+01  0.00000000e+00  3.01e+01 3.85e+00  6.12e+02  9.04e+01  3.54e+00 4.90e+01 9.04e+01  3.63e-01 1.98e-02      3s
   7  -2.25795956e+01  0.00000000e+00  3.12e+01 3.78e+00  6.02e+02  9.46e+01  3.52e+00 5.08e+01 9.46e+01  3.50e-01 1.81e-02      3s
   8  -2.46856490e+01  0.00000000e+00  3.23e+01 3.72e+00  5.93e+02  9.87e+01  3.50e+00 5.27e+01 9.87e+01  3.38e-01 1.66e-02      4s
   9  -2.67058731e+01  0.00000000e+00  3.33e+01 3.66e+00  5.85e+02  1.03e+02  3.48e+00 5.45e+01 1.03e+02  3.27e-01 1.53e-02      4s
  10  -2.86448862e+01  0.00000000e+00  3.43e+01 3.61e+00  5.77e+02  1.07e+02  3.46e+00 5.63e+01 1.07e+02  3.17e-01 1.42e-02      4s
  11  -3.05108114e+01  0.00000000e+00  3.53e+01 3.56e+00  5.70e+02  1.11e+02  3.44e+00 5.80e+01 1.11e+02  3.07e-01 1.31e-02      5s
  12  -3.23075555e+01  0.00000000e+00  3.62e+01 3.52e+00  5.64e+02  1.14e+02  3.42e+00 5.97e+01 1.14e+02  2.98e-01 1.22e-02      5s
  13  -3.40388367e+01  0.00000000e+00  3.71e+01 3.48e+00  5.58e+02  1.18e+02  3.41e+00 6.14e+01 1.18e+02  2.89e-01 1.14e-02      6s
  14  -3.57115356e+01  0.00000000e+00  3.80e+01 3.44e+00  5.53e+02  1.22e+02  3.39e+00 6.30e+01 1.22e+02  2.81e-01 1.07e-02      6s
  15  -3.73271797e+01  0.00000000e+00  3.88e+01 3.41e+00  5.48e+02  1.26e+02  3.38e+00 6.46e+01 1.26e+02  2.73e-01 9.98e-03      7s
  16  -3.88919926e+01  0.00000000e+00  3.97e+01 3.37e+00  5.43e+02  1.29e+02  3.36e+00 6.62e+01 1.29e+02  2.66e-01 9.38e-03      7s
  17  -4.04072106e+01  0.00000000e+00  4.05e+01 3.34e+00  5.39e+02  1.33e+02  3.35e+00 6.78e+01 1.33e+02  2.59e-01 8.82e-03      8s
  18  -4.18755445e+01  0.00000000e+00  4.12e+01 3.32e+00  5.35e+02  1.37e+02  3.34e+00 6.93e+01 1.37e+02  2.52e-01 8.30e-03      8s
  19  -4.33009987e+01  0.00000000e+00  4.20e+01 3.29e+00  5.31e+02  1.40e+02  3.33e+00 7.09e+01 1.40e+02  2.46e-01 7.84e-03      9s
  20  -4.46845619e+01  0.00000000e+00  4.27e+01 3.27e+00  5.28e+02  1.44e+02  3.32e+00 7.24e+01 1.44e+02  2.40e-01 7.41e-03      9s
  21  -4.60285697e+01  0.00000000e+00  4.34e+01 3.24e+00  5.24e+02  1.47e+02  3.31e+00 7.39e+01 1.47e+02  2.34e-01 7.02e-03     10s
  22  -4.73365523e+01  0.00000000e+00  4.41e+01 3.22e+00  5.21e+02  1.51e+02  3.30e+00 7.54e+01 1.51e+02  2.29e-01 6.66e-03     10s
  23  -4.86105571e+01  0.00000000e+00  4.48e+01 3.20e+00  5.18e+02  1.54e+02  3.29e+00 7.68e+01 1.54e+02  2.24e-01 6.33e-03     11s
  24  -4.98500524e+01  0.00000000e+00  4.55e+01 3.18e+00  5.15e+02  1.57e+02  3.29e+00 7.83e+01 1.57e+02  2.19e-01 6.01e-03     11s
  25  -5.10582285e+01  0.00000000e+00  4.61e+01 3.16e+00  5.13e+02  1.61e+02  3.28e+00 7.97e+01 1.61e+02  2.14e-01 5.72e-03     11s
  26  -5.22369129e+01  0.00000000e+00  4.67e+01 3.15e+00  5.10e+02  1.64e+02  3.27e+00 8.11e+01 1.64e+02  2.10e-01 5.46e-03     12s
  27  -5.33855470e+01  0.00000000e+00  4.73e+01 3.13e+00  5.08e+02  1.67e+02  3.27e+00 8.25e+01 1.67e+02  2.05e-01 5.20e-03     12s
  28  -5.45081430e+01  0.00000000e+00  4.79e+01 3.11e+00  5.05e+02  1.70e+02  3.26e+00 8.39e+01 1.70e+02  2.01e-01 4.98e-03     13s
  29  -5.56040888e+01  0.00000000e+00  4.85e+01 3.10e+00  5.03e+02  1.74e+02  3.26e+00 8.52e+01 1.74e+02  1.97e-01 4.76e-03     13s
  30  -5.66749915e+01  0.00000000e+00  4.91e+01 3.09e+00  5.01e+02  1.77e+02  3.25e+00 8.66e+01 1.77e+02  1.93e-01 4.55e-03     14s
  31  -5.77213357e+01  0.00000000e+00  4.96e+01 3.07e+00  4.99e+02  1.80e+02  3.25e+00 8.80e+01 1.80e+02  1.90e-01 4.36e-03     14s
  32  -5.87456526e+01  0.00000000e+00  5.02e+01 3.06e+00  4.97e+02  1.83e+02  3.25e+00 8.93e+01 1.83e+02  1.86e-01 4.19e-03     15s
  33  -5.97473316e+01  0.00000000e+00  5.07e+01 3.05e+00  4.96e+02  1.86e+02  3.24e+00 9.06e+01 1.86e+02  1.83e-01 4.02e-03     15s
  34  -6.07287693e+01  0.00000000e+00  5.12e+01 3.03e+00  4.94e+02  1.89e+02  3.24e+00 9.19e+01 1.89e+02  1.79e-01 3.86e-03     16s
  35  -6.16893540e+01  0.00000000e+00  5.17e+01 3.02e+00  4.92e+02  1.92e+02  3.24e+00 9.32e+01 1.92e+02  1.76e-01 3.71e-03     17s
  36  -6.26304155e+01  0.00000000e+00  5.22e+01 3.01e+00  4.91e+02  1.95e+02  3.24e+00 9.45e+01 1.95e+02  1.73e-01 3.57e-03     17s
  37  -6.35523016e+01  0.00000000e+00  5.27e+01 3.00e+00  4.89e+02  1.98e+02  3.23e+00 9.58e+01 1.98e+02  1.70e-01 3.44e-03     18s
  38  -6.44562624e+01  0.00000000e+00  5.32e+01 2.99e+00  4.88e+02  2.01e+02  3.23e+00 9.71e+01 2.01e+02  1.67e-01 3.31e-03     18s
  39  -6.53434934e+01  0.00000000e+00  5.37e+01 2.98e+00  4.86e+02  2.04e+02  3.23e+00 9.84e+01 2.04e+02  1.64e-01 3.20e-03     19s
  40  -6.62133967e+01  0.00000000e+00  5.41e+01 2.97e+00  4.85e+02  2.07e+02  3.23e+00 9.96e+01 2.07e+02  1.62e-01 3.08e-03     19s
  41  -6.70679859e+01  0.00000000e+00  5.46e+01 2.96e+00  4.84e+02  2.10e+02  3.23e+00 1.01e+02 2.10e+02  1.59e-01 2.98e-03     20s
  42  -6.79066609e+01  0.00000000e+00  5.50e+01 2.96e+00  4.82e+02  2.13e+02  3.23e+00 1.02e+02 2.13e+02  1.57e-01 2.88e-03     20s
  43  -6.87296906e+01  0.00000000e+00  5.55e+01 2.95e+00  4.81e+02  2.16e+02  3.23e+00 1.03e+02 2.16e+02  1.54e-01 2.78e-03     21s
  44  -6.95389601e+01  0.00000000e+00  5.59e+01 2.94e+00  4.80e+02  2.19e+02  3.23e+00 1.05e+02 2.19e+02  1.52e-01 2.69e-03     21s
  45  -7.03330865e+01  0.00000000e+00  5.63e+01 2.93e+00  4.79e+02  2.22e+02  3.23e+00 1.06e+02 2.22e+02  1.50e-01 2.60e-03     22s
  46  -7.11146754e+01  0.00000000e+00  5.67e+01 2.93e+00  4.78e+02  2.25e+02  3.23e+00 1.07e+02 2.25e+02  1.47e-01 2.52e-03     22s
  47  -7.18823690e+01  0.00000000e+00  5.71e+01 2.92e+00  4.77e+02  2.28e+02  3.23e+00 1.08e+02 2.28e+02  1.45e-01 2.44e-03     23s
  48  -7.26379084e+01  0.00000000e+00  5.75e+01 2.91e+00  4.76e+02  2.30e+02  3.23e+00 1.09e+02 2.30e+02  1.43e-01 2.37e-03     23s
  49  -7.33814714e+01  0.00000000e+00  5.79e+01 2.90e+00  4.75e+02  2.33e+02  3.23e+00 1.11e+02 2.33e+02  1.41e-01 2.29e-03     24s
  50  -7.41125031e+01  0.00000000e+00  5.83e+01 2.90e+00  4.74e+02  2.36e+02  3.23e+00 1.12e+02 2.36e+02  1.39e-01 2.22e-03     24s
  51  -7.48319225e+01  0.00000000e+00  5.87e+01 2.89e+00  4.73e+02  2.39e+02  3.23e+00 1.13e+02 2.39e+02  1.37e-01 2.16e-03     25s
  52  -7.55399038e+01  0.00000000e+00  5.91e+01 2.89e+00  4.72e+02  2.42e+02  3.23e+00 1.14e+02 2.42e+02  1.35e-01 2.10e-03     26s
  53  -7.62373170e+01  0.00000000e+00  5.94e+01 2.88e+00  4.71e+02  2.44e+02  3.23e+00 1.15e+02 2.44e+02  1.34e-01 2.04e-03     26s
  54  -7.69243121e+01  0.00000000e+00  5.98e+01 2.87e+00  4.70e+02  2.47e+02  3.23e+00 1.17e+02 2.47e+02  1.32e-01 1.98e-03     27s
  55  -7.76010375e+01  0.00000000e+00  6.02e+01 2.87e+00  4.69e+02  2.50e+02  3.24e+00 1.18e+02 2.50e+02  1.30e-01 1.92e-03     27s
  56  -7.82676407e+01  0.00000000e+00  6.05e+01 2.86e+00  4.69e+02  2.53e+02  3.24e+00 1.19e+02 2.53e+02  1.28e-01 1.87e-03     28s
  57  -7.89249253e+01  0.00000000e+00  6.08e+01 2.86e+00  4.68e+02  2.55e+02  3.24e+00 1.20e+02 2.55e+02  1.27e-01 1.82e-03     28s
  58  -7.95723689e+01  0.00000000e+00  6.12e+01 2.85e+00  4.67e+02  2.58e+02  3.24e+00 1.21e+02 2.58e+02  1.25e-01 1.77e-03     29s
  59  -8.02107536e+01  0.00000000e+00  6.15e+01 2.85e+00  4.66e+02  2.61e+02  3.24e+00 1.22e+02 2.61e+02  1.24e-01 1.73e-03     29s
  60  -8.08402031e+01  0.00000000e+00  6.19e+01 2.84e+00  4.66e+02  2.63e+02  3.25e+00 1.24e+02 2.63e+02  1.22e-01 1.68e-03     30s
  61  -8.14608401e+01  0.00000000e+00  6.22e+01 2.84e+00  4.65e+02  2.66e+02  3.25e+00 1.25e+02 2.66e+02  1.21e-01 1.64e-03     31s
  62  -8.20733986e+01  0.00000000e+00  6.25e+01 2.83e+00  4.64e+02  2.69e+02  3.25e+00 1.26e+02 2.69e+02  1.19e-01 1.60e-03     31s
  63  -8.26779825e+01  0.00000000e+00  6.28e+01 2.83e+00  4.64e+02  2.72e+02  3.25e+00 1.27e+02 2.72e+02  1.18e-01 1.56e-03     32s
  64  -8.32740979e+01  0.00000000e+00  6.31e+01 2.83e+00  4.63e+02  2.74e+02  3.26e+00 1.28e+02 2.74e+02  1.16e-01 1.52e-03     32s
  65  -8.38624514e+01  0.00000000e+00  6.34e+01 2.82e+00  4.62e+02  2.77e+02  3.26e+00 1.29e+02 2.77e+02  1.15e-01 1.48e-03     33s
  66  -8.44431441e+01  0.00000000e+00  6.37e+01 2.82e+00  4.62e+02  2.80e+02  3.26e+00 1.31e+02 2.80e+02  1.14e-01 1.45e-03     33s
  67  -8.50168498e+01  0.00000000e+00  6.40e+01 2.81e+00  4.61e+02  2.82e+02  3.26e+00 1.32e+02 2.82e+02  1.12e-01 1.41e-03     34s
  68  -8.55830863e+01  0.00000000e+00  6.43e+01 2.81e+00  4.61e+02  2.85e+02  3.27e+00 1.33e+02 2.85e+02  1.11e-01 1.38e-03     35s
  69  -8.61425113e+01  0.00000000e+00  6.46e+01 2.81e+00  4.60e+02  2.87e+02  3.27e+00 1.34e+02 2.87e+02  1.10e-01 1.35e-03     35s
  70  -8.66952081e+01  0.00000000e+00  6.49e+01 2.80e+00  4.59e+02  2.90e+02  3.27e+00 1.35e+02 2.90e+02  1.09e-01 1.32e-03     36s
  71  -8.72407130e+01  0.00000000e+00  6.52e+01 2.80e+00  4.59e+02  2.93e+02  3.28e+00 1.36e+02 2.93e+02  1.08e-01 1.29e-03     36s
  72  -8.77801998e+01  0.00000000e+00  6.55e+01 2.79e+00  4.58e+02  2.95e+02  3.28e+00 1.37e+02 2.95e+02  1.06e-01 1.26e-03     37s
  73  -8.83132033e+01  0.00000000e+00  6.58e+01 2.79e+00  4.58e+02  2.98e+02  3.29e+00 1.38e+02 2.98e+02  1.05e-01 1.23e-03     37s
  74  -8.88398036e+01  0.00000000e+00  6.60e+01 2.79e+00  4.57e+02  3.01e+02  3.29e+00 1.40e+02 3.01e+02  1.04e-01 1.20e-03     38s
  75  -8.93600801e+01  0.00000000e+00  6.63e+01 2.78e+00  4.57e+02  3.03e+02  3.29e+00 1.41e+02 3.03e+02  1.03e-01 1.18e-03     39s
  76  -8.98751408e+01  0.00000000e+00  6.66e+01 2.78e+00  4.56e+02  3.06e+02  3.30e+00 1.42e+02 3.06e+02  1.02e-01 1.15e-03     39s
  77  -9.03835124e+01  0.00000000e+00  6.68e+01 2.78e+00  4.56e+02  3.08e+02  3.30e+00 1.43e+02 3.08e+02  1.01e-01 1.13e-03     40s
  78  -9.08867930e+01  0.00000000e+00  6.71e+01 2.78e+00  4.56e+02  3.11e+02  3.30e+00 1.44e+02 3.11e+02  1.00e-01 1.10e-03     40s
  79  -9.13845383e+01  0.00000000e+00  6.74e+01 2.77e+00  4.55e+02  3.14e+02  3.31e+00 1.45e+02 3.14e+02  9.90e-02 1.08e-03     41s
  80  -9.18768121e+01  0.00000000e+00  6.76e+01 2.77e+00  4.55e+02  3.16e+02  3.31e+00 1.46e+02 3.16e+02  9.80e-02 1.06e-03     42s
  81  -9.23636778e+01  0.00000000e+00  6.79e+01 2.77e+00  4.54e+02  3.19e+02  3.32e+00 1.47e+02 3.19e+02  9.71e-02 1.04e-03     42s
  82  -9.28456799e+01  0.00000000e+00  6.81e+01 2.76e+00  4.54e+02  3.21e+02  3.32e+00 1.49e+02 3.21e+02  9.62e-02 1.02e-03     43s
  83  -9.33223932e+01  0.00000000e+00  6.84e+01 2.76e+00  4.53e+02  3.24e+02  3.33e+00 1.50e+02 3.24e+02  9.52e-02 9.95e-04     43s

The solution quality is limited by the precision of the linear system solver.

The algorithm stopped after 84 iterations in 43.26 seconds.

Primal variables:   [+9.657 +9.091 +11.067 +10.894 +8.913 +11.080 +25.396 +10.527 +15.148
 +17.560 +12.041 +16.640 +18.722 +9.882 +12.905 +10.939 +20.684 +11.755
 +13.077 +9.248 +12.503 +8.807 +11.016 +15.798 +8.904 +10.411 +20.904
 +16.170 +15.614 +9.203 +11.322 +9.700 +28.414 +10.227 +9.772 +18.984
 +13.332 +11.677 +15.494 +11.870 +11.990 +9.664 +10.977 +9.715 +10.580
 +11.371 +10.661 +10.036 +9.902 +10.329 +15.350 +9.934 +14.507 +16.533
 +9.052 +16.778 +9.593 +15.895 +16.014 +10.658 +12.077 +12.738 +12.256
 +12.697 +9.441 +13.745 +11.206 +11.671 +29.002 +12.287 +10.427 +10.923
 +15.012 +11.401 +21.225 +11.927 +14.875 +14.810 +26.856 +12.473 +9.159
 +12.905 +11.745 +8.904 +10.107 +11.664 +11.734 +11.578 +11.042 +30.757
 +14.314 +13.627 +9.173 +5.431 +10.265 +22.249 +13.411 +10.441 +16.443
 +10.371 +13.580 +18.993 +15.657 +15.920 +28.530 +23.413 +12.215 +15.481
 +10.690 +16.928 +9.452 +9.848 +14.910 +22.438 +9.995 +30.539 +9.893
 +11.668 +10.285 +25.785 +13.463 +18.463 +11.920 +9.941 +10.107 +26.551
 +11.059 +13.152 +10.096 +12.080 +15.710 +10.189 +10.162 +17.119 +9.406
 +19.437 +9.945 +36.932 +17.189 +13.979 +11.743 +11.739 +11.119 +9.900
 +13.187 +13.963 +11.037 +9.160 +18.740 +13.297 +9.953 +10.413 +14.939
 +18.475 +9.925 +25.134 +12.544 +9.808 +9.552 +12.151 +9.407 +11.914
 +12.631 +12.204 +10.946 +14.473 +13.486 +20.246 +16.481 +43.348 +11.421
 +11.176 +60.452 +27.078 +11.640 +14.250 +14.102 +10.895 +11.659 +9.112
 +11.113 +26.933 +9.202 +13.101 +10.093 +19.722 +12.749 +10.776 +20.657
 +11.782 +9.035 +10.034 +9.696 +9.772 +10.071 +11.346 +8.765 +11.068
 +11.728 +9.078]
Dual slacks:        [+0.296 +0.346 +0.216 +0.224 +0.365 +0.216 +0.055 +0.241 +0.119 +0.094
 +0.182 +0.102 +0.085 +0.280 +0.159 +0.222 +0.073 +0.191 +0.155 +0.331
 +0.169 +0.378 +0.218 +0.111 +0.366 +0.248 +0.072 +0.107 +0.113 +0.335
 +0.206 +0.293 +0.047 +0.258 +0.288 +0.083 +0.149 +0.193 +0.115 +0.187
 +0.183 +0.296 +0.220 +0.292 +0.239 +0.204 +0.235 +0.270 +0.279 +0.252
 +0.117 +0.276 +0.128 +0.103 +0.350 +0.101 +0.301 +0.110 +0.109 +0.235
 +0.181 +0.163 +0.175 +0.164 +0.314 +0.141 +0.210 +0.193 +0.046 +0.174
 +0.247 +0.222 +0.121 +0.203 +0.071 +0.185 +0.123 +0.124 +0.051 +0.169
 +0.339 +0.159 +0.191 +0.366 +0.265 +0.194 +0.191 +0.197 +0.217 +0.043
 +0.132 +0.144 +0.338 +2.087 +0.256 +0.066 +0.148 +0.246 +0.104 +0.250
 +0.144 +0.083 +0.113 +0.110 +0.047 +0.061 +0.176 +0.115 +0.233 +0.099
 +0.313 +0.282 +0.123 +0.065 +0.272 +0.043 +0.279 +0.194 +0.255 +0.054
 +0.147 +0.087 +0.185 +0.276 +0.265 +0.052 +0.217 +0.153 +0.266 +0.180
 +0.112 +0.260 +0.262 +0.098 +0.317 +0.080 +0.276 +0.034 +0.097 +0.137
 +0.191 +0.191 +0.214 +0.279 +0.152 +0.137 +0.217 +0.339 +0.085 +0.150
 +0.275 +0.247 +0.122 +0.087 +0.277 +0.056 +0.168 +0.285 +0.304 +0.178
 +0.316 +0.185 +0.165 +0.177 +0.221 +0.129 +0.146 +0.076 +0.104 +0.028
 +0.202 +0.212 +0.019 +0.050 +0.194 +0.133 +0.135 +0.224 +0.194 +0.344
 +0.214 +0.051 +0.335 +0.154 +0.266 +0.079 +0.162 +0.229 +0.073 +0.190
 +0.352 +0.270 +0.293 +0.288 +0.267 +0.205 +0.383 +0.216 +0.191 +0.348]
Dual variables:     [+0.000 +0.000]

Primal objective:   -9.33223932e+01
Dual objective:     0.00000000e+00 

Primal residual:    6.84e+01
Dual residual:      2.76e+00
Complementraty:     4.53e+02

Number of Iter:     84
Run time:           43.26
