
--------------- Linear optimization problem characteristics ---------------
Seed:                    51
Number of variables:     4
Number of constraints:   2

Norm of primal sol:      7.42e+00
Norm of dual sol:        1.00e+01
Norm of dual slacks:     5.00e+00

Norm of vector b:        2.00e+00
Norm of vector c:        1.11e+01

Norm of matrix A:        1.00e+00
Condition number:        2.00e+00

----------------------- Linear optimization problem -----------------------
Coeff matrix A:          [[+0.078 +0.469 +0.516 -0.532]
                          [+0.255 +0.083 -0.613 +0.162]]

RHS vector b:            [-1.682 -1.082]
Obj vector c:            [+6.954 -0.954 -7.762 +3.759]

---------------------------- Optimal solution -----------------------------
Primal variables:         [+0.000 +0.000 +3.488 +6.543]
Dual slacks:              [+4.989 +0.330 +0.000 +0.000]
Dual variables:           [-4.329 +9.014]

Optimal objective:       -2.47620765e+00
===========================================================================

Method:                  II-IPM
LO_Precision:            1.00e-01
Stop_Precision:          1.00e-08
LO_Verbosity:            2
Omega:                   5.00e+02

The Inexact Infeasible Interior-Point Method starts running ...


                  Objective                Residual                                               Step-length
Iter      Primal           Dual         Primal    Dual     Compl    Cond-Num  ||M||   ||RHS||    a-star   a-hat      Time
   0   1.79230761e+03  5.87439772e+02  1.15e+02 4.21e+02  4.46e+05  4.00e+00 1.00e+00 3.07e+02  6.98e-01 5.79e-01      0s
   1   2.00429154e+03  4.52522233e+02  8.35e+01 3.05e+02  3.33e+05  7.57e+00 3.38e+00 5.82e+02  8.39e-01 2.75e-01      0s
   2   2.27207667e+03  2.70345827e+02  4.73e+01 1.73e+02  1.97e+05  8.46e+00 5.30e+00 7.59e+02  9.13e-01 4.33e-01      0s
   3   2.65878353e+03  1.42236004e+01  3.38e+00 1.24e+01  1.77e+04  9.58e+00 1.09e+01 9.89e+02  9.99e-01 9.29e-01      0s
   4   2.20661387e+03 -5.41736339e+00  6.39e-01 2.34e+00  5.01e+03  1.10e+01 1.66e+02 1.13e+03  9.21e-01 8.11e-01      0s
   5   1.88681719e+03 -5.53902085e+00  5.01e-01 1.83e+00  4.05e+03  9.66e+00 5.54e+02 5.19e+02  8.55e-01 2.16e-01      0s
   6   1.54241585e+03 -5.47304577e+00  3.71e-01 1.36e+00  3.11e+03  9.87e+00 6.90e+02 4.80e+02  8.99e-01 2.59e-01      0s
   7   1.12701783e+03 -5.18639590e+00  2.33e-01 8.54e-01  2.09e+03  1.01e+01 9.05e+02 4.36e+02  9.75e-01 3.71e-01      0s
   8   4.52524962e+02 -4.40424069e+00  4.06e-02 1.49e-01  6.08e+02  1.04e+01 1.35e+03 3.70e+02  1.00e+00 8.26e-01      0s
   9   1.34576769e+02 -4.05567163e+00  4.44e-04 1.63e-03  1.39e+02  1.07e+01 3.95e+03 1.47e+02  1.00e+00 9.89e-01      0s
  10   1.07007784e+01 -4.02132880e+00  7.17e-14 1.48e-15  1.47e+01  1.07e+01 3.27e+03 7.45e+00  1.00e+00 1.00e+00      0s
  11   9.53844259e-01 -3.94027931e+00  1.75e-14 5.58e-16  4.89e+00  1.07e+01 2.91e+02 2.36e+00  9.66e-01 7.42e-01      0s
  12   3.60666060e-01 -3.89269820e+00  1.40e-14 1.01e-15  4.25e+00  1.14e+01 9.21e+01 2.03e+00  7.44e-01 1.45e-01      0s
  13  -5.24710469e-02 -3.84686408e+00  1.27e-14 1.13e-15  3.79e+00  1.18e+01 8.13e+01 1.98e+00  7.16e-01 1.20e-01      0s
  14  -3.79654868e-01 -3.79952852e+00  1.22e-14 9.38e-16  3.42e+00  1.22e+01 7.44e+01 1.95e+00  6.97e-01 1.10e-01      0s
  15  -6.47477649e-01 -3.75027851e+00  1.04e-14 1.79e-15  3.10e+00  1.25e+01 6.95e+01 1.92e+00  6.83e-01 1.03e-01      0s
  16  -8.72514564e-01 -3.69871261e+00  8.66e-15 1.18e-15  2.83e+00  1.29e+01 6.60e+01 1.90e+00  6.75e-01 9.91e-02      0s
  17  -1.06586884e+00 -3.64437475e+00  7.78e-15 1.80e-15  2.58e+00  1.33e+01 6.35e+01 1.89e+00  6.72e-01 9.74e-02      0s
  18  -1.23586804e+00 -3.58653981e+00  6.47e-15 1.87e-15  2.35e+00  1.37e+01 6.19e+01 1.87e+00  6.73e-01 9.82e-02      0s
  19  -1.38766224e+00 -3.52465436e+00  6.44e-15 1.79e-15  2.14e+00  1.40e+01 6.12e+01 1.86e+00  6.79e-01 1.01e-01      0s
  20  -1.52589764e+00 -3.45771256e+00  5.13e-15 3.13e-15  1.93e+00  1.43e+01 6.11e+01 1.85e+00  6.91e-01 1.07e-01      0s
  21  -1.65368458e+00 -3.38471841e+00  4.22e-15 1.18e-15  1.73e+00  1.46e+01 6.19e+01 1.84e+00  7.08e-01 1.15e-01      0s
  22  -1.77362441e+00 -3.30439047e+00  3.78e-15 9.98e-16  1.53e+00  1.48e+01 6.37e+01 1.83e+00  7.31e-01 1.29e-01      1s
  23  -1.88805462e+00 -3.21500534e+00  3.34e-15 9.33e-16  1.33e+00  1.49e+01 6.68e+01 1.82e+00  7.61e-01 1.48e-01      1s
  24  -1.99913574e+00 -3.11425728e+00  2.90e-15 9.38e-16  1.12e+00  1.51e+01 7.17e+01 1.82e+00  8.00e-01 1.77e-01      1s
  25  -2.10883220e+00 -2.99917702e+00  2.89e-15 1.02e-15  8.90e-01  1.51e+01 7.96e+01 1.81e+00  8.48e-01 2.24e-01      1s
  26  -2.21905254e+00 -2.86589520e+00  2.01e-15 9.08e-16  6.47e-01  1.51e+01 9.33e+01 1.81e+00  9.10e-01 3.04e-01      1s
  27  -2.33235726e+00 -2.70851251e+00  7.02e-16 5.81e-16  3.76e-01  1.50e+01 1.20e+02 1.80e+00  9.88e-01 4.65e-01      1s
  28  -2.45128574e+00 -2.51928860e+00  2.09e-15 1.35e-15  6.80e-02  1.47e+01 1.93e+02 1.80e+00  1.00e+00 9.10e-01      1s

The algorithm stopped after 29 iterations in 0.62 seconds.

Primal variables:   [+0.003 +0.026 +3.503 +6.582]
Dual slacks:        [+4.983 +0.323 +0.007 +0.003]
Dual variables:     [-4.317 +9.036]

Primal objective:   -2.45128574e+00
Dual objective:     -2.51928860e+00

Primal residual:    2.09e-15
Dual residual:      1.35e-15
Complementraty:     6.80e-02

Number of Iter:     29
Run time:           0.62
