
--------------- Linear optimization problem characteristics ---------------
Seed:                    63
Number of variables:     4
Number of constraints:   2

Norm of primal sol:      3.48e+00
Norm of dual sol:        1.00e+01
Norm of dual slacks:     5.00e+00

Norm of vector b:        2.00e+00
Norm of vector c:        1.36e+01

Norm of matrix A:        1.00e+00
Condition number:        2.00e+00

----------------------- Linear optimization problem -----------------------
Coeff matrix A:          [[+0.339 +0.496 -0.442 -0.626]
                          [-0.077 +0.300 +0.074 +0.448]]

RHS vector b:            [+1.962 +0.388]
Obj vector c:            [-3.388 -4.958 +4.873 +11.243]

---------------------------- Optimal solution -----------------------------
Primal variables:         [+2.829 +2.024 +0.000 +0.000]
Dual slacks:              [+0.000 +0.000 +0.456 +4.979]
Dual variables:           [-10.000 +0.000]

Optimal objective:       -1.96192271e+01
===========================================================================

Method:                  II-IPM
LO_Precision:            1.00e-01
Stop_Precision:          1.00e-08
LO_Verbosity:            2
Omega:                   5.00e+02

The Inexact Infeasible Interior-Point Method starts running ...


                  Objective                Residual                                               Step-length
Iter      Primal           Dual         Primal    Dual     Compl    Cond-Num  ||M||   ||RHS||    a-star   a-hat      Time
   0   8.57520308e+02 -7.27662506e+02  7.02e+01 1.79e+02  1.95e+05  4.00e+00 1.00e+00 4.21e+02  8.95e-01 8.20e-01      0s
   1   7.55847836e+02 -7.80906355e+02  5.33e+01 1.36e+02  1.52e+05  4.89e+01 2.67e+00 2.95e+02  7.95e-01 2.41e-01      0s
   2   6.90136133e+02 -7.95162404e+02  4.14e+01 1.06e+02  1.21e+05  8.59e+01 4.06e+00 3.73e+02  8.09e-01 2.23e-01      0s
   3   6.46155244e+02 -7.76408706e+02  3.21e+01 8.19e+01  9.57e+04  1.37e+02 6.02e+00 4.46e+02  7.93e-01 2.26e-01      0s
   4   6.21269349e+02 -7.26890650e+02  2.48e+01 6.33e+01  7.57e+04  2.09e+02 9.07e+00 5.27e+02  7.76e-01 2.27e-01      0s
   5   6.11457383e+02 -6.50064438e+02  1.89e+01 4.81e+01  5.90e+04  2.96e+02 1.38e+01 6.16e+02  7.73e-01 2.39e-01      0s
   6   6.14371246e+02 -5.46857270e+02  1.37e+01 3.51e+01  4.43e+04  3.96e+02 2.14e+01 7.18e+02  7.86e-01 2.71e-01      0s
   7   6.30013044e+02 -4.14272511e+02  9.06e+00 2.31e+01  3.03e+04  5.02e+02 3.51e+01 8.35e+02  8.16e-01 3.41e-01      0s
   8   6.62154350e+02 -2.42601354e+02  4.42e+00 1.13e+01  1.57e+04  6.11e+02 6.46e+01 9.66e+02  8.69e-01 5.12e-01      0s
   9   7.08358101e+02 -5.69065128e+01  4.74e-01 1.21e+00  2.44e+03  7.20e+02 1.65e+02 1.08e+03  9.67e-01 8.93e-01      0s
  10   5.48798063e+02 -2.74939765e+01  1.71e-12 2.70e-15  5.76e+02  8.14e+02 1.63e+03 2.43e+02  1.00e+00 1.00e+00      0s
  11   3.04692686e+01 -2.71599353e+01  8.05e-14 1.66e-15  5.76e+01  6.81e+02 3.48e+03 5.54e+00  1.00e+00 1.00e+00      0s
  12  -5.42509798e+00 -2.62684402e+01  3.43e-14 2.39e-16  2.08e+01  5.58e+02 2.99e+02 2.26e+00  9.41e-01 7.09e-01      0s
  13  -7.94943102e+00 -2.57919923e+01  2.82e-14 1.32e-15  1.78e+01  3.39e+02 6.89e+01 2.01e+00  7.69e-01 1.60e-01      0s
  14  -9.84585273e+00 -2.53232230e+01  2.47e-14 1.31e-15  1.55e+01  2.79e+02 5.24e+01 1.96e+00  7.60e-01 1.47e-01      0s
  15  -1.13933390e+01 -2.48443045e+01  2.04e-14 1.23e-15  1.35e+01  2.27e+02 4.09e+01 1.92e+00  7.57e-01 1.45e-01      0s
  16  -1.26917635e+01 -2.43549348e+01  1.91e-14 4.28e-16  1.17e+01  1.81e+02 3.22e+01 1.90e+00  7.60e-01 1.48e-01      0s
  17  -1.38035231e+01 -2.38570859e+01  1.57e-14 5.32e-16  1.01e+01  1.41e+02 2.56e+01 1.87e+00  7.69e-01 1.53e-01      0s
  18  -1.47712729e+01 -2.33541512e+01  1.27e-14 3.55e-16  8.58e+00  1.07e+02 2.04e+01 1.85e+00  7.81e-01 1.63e-01      0s
  19  -1.56250671e+01 -2.28508433e+01  1.00e-14 4.72e-16  7.23e+00  7.93e+01 1.64e+01 1.84e+00  7.97e-01 1.76e-01      0s
  20  -1.63824699e+01 -2.23554344e+01  7.94e-15 1.06e-15  5.97e+00  5.73e+01 1.33e+01 1.83e+00  8.17e-01 1.93e-01      0s
  21  -1.70543329e+01 -2.18778016e+01  7.00e-15 9.31e-16  4.82e+00  4.05e+01 1.09e+01 1.82e+00  8.39e-01 2.14e-01      0s
  22  -1.76454751e+01 -2.14288442e+01  4.98e-15 7.87e-16  3.78e+00  2.82e+01 9.11e+00 1.82e+00  8.62e-01 2.40e-01      0s
  23  -1.81595344e+01 -2.10163318e+01  4.05e-15 5.24e-16  2.86e+00  1.96e+01 7.91e+00 1.81e+00  8.88e-01 2.72e-01      0s
  24  -1.85996919e+01 -2.06438654e+01  2.25e-15 8.39e-16  2.04e+00  1.38e+01 7.27e+00 1.81e+00  9.17e-01 3.16e-01      0s
  25  -1.89726715e+01 -2.03082379e+01  1.36e-15 4.86e-16  1.34e+00  1.02e+01 7.28e+00 1.81e+00  9.54e-01 3.85e-01      0s
  26  -1.92867842e+01 -2.00019164e+01  9.16e-16 1.67e-15  7.15e-01  7.90e+00 8.34e+00 1.82e+00  1.00e+00 5.16e-01      0s
  27  -1.95465677e+01 -1.97182039e+01  1.67e-16 1.35e-15  1.72e-01  6.60e+00 1.22e+01 1.82e+00  1.00e+00 8.44e-01      0s
  28  -1.96116445e+01 -1.96288082e+01  4.48e-16 9.55e-16  1.72e-02  6.19e+00 4.10e+01 1.83e+00  1.00e+00 1.00e+00      0s

The algorithm stopped after 29 iterations in 0.35 seconds.

Primal variables:   [+2.841 +2.024 +0.008 +0.001]
Dual slacks:        [+0.002 +0.002 +0.453 +4.975]
Dual variables:     [-10.005 +0.002]

Primal objective:   -1.96116445e+01
Dual objective:     -1.96288082e+01

Primal residual:    4.48e-16
Dual residual:      9.55e-16
Complementraty:     1.72e-02

Number of Iter:     29
Run time:           0.35
