
--------------- Linear optimization problem characteristics ---------------
Seed:                    43
Number of variables:     4
Number of constraints:   2

Norm of primal sol:      2.83e+00
Norm of dual sol:        1.00e+01
Norm of dual slacks:     5.00e+00

Norm of vector b:        2.00e+00
Norm of vector c:        1.02e+01

Norm of matrix A:        1.00e+00
Condition number:        2.00e+00

----------------------- Linear optimization problem -----------------------
Coeff matrix A:          [[+0.125 +0.140 -0.335 -0.527]
                          [-0.670 -0.036 +0.611 +0.046]]

RHS vector b:            [-1.760 +0.949]
Obj vector c:            [-5.653 +3.983 +6.953 +2.695]

---------------------------- Optimal solution -----------------------------
Primal variables:         [+0.000 +0.000 +1.370 +2.472]
Dual slacks:              [+0.928 +4.913 +0.000 +0.000]
Dual variables:           [-4.337 +9.011]

Optimal objective:       +1.61892666e+01
===========================================================================

Method:                  II-IPM
LO_Precision:            1.00e-01
Stop_Precision:          1.00e-08
LO_Verbosity:            2
Omega:                   5.00e+02

The Inexact Infeasible Interior-Point Method starts running ...


                  Objective                Residual                                               Step-length
Iter      Primal           Dual         Primal    Dual     Compl    Cond-Num  ||M||   ||RHS||    a-star   a-hat      Time
   0   3.81473677e+03 -1.02388881e+03  9.57e+01 3.20e+02  3.46e+05  4.00e+00 1.00e+00 3.25e+02  7.88e-01 6.79e-01      0s
   1   4.01892366e+03 -9.77721255e+02  8.68e+01 2.91e+02  3.17e+05  8.13e+00 1.78e+00 9.91e+01  6.07e-01 9.26e-02      0s
   2   4.21265328e+03 -9.27648360e+02  7.92e+01 2.65e+02  2.92e+05  7.58e+00 1.92e+00 1.35e+02  6.34e-01 8.73e-02      0s
   3   4.43309610e+03 -8.66075880e+02  7.13e+01 2.39e+02  2.65e+05  7.12e+00 2.08e+00 1.69e+02  6.63e-01 1.01e-01      0s
   4   4.68734649e+03 -7.90858616e+02  6.27e+01 2.10e+02  2.36e+05  6.66e+00 2.29e+00 2.08e+02  6.97e-01 1.20e-01      0s
   5   4.98476053e+03 -6.99139007e+02  5.35e+01 1.79e+02  2.04e+05  6.19e+00 2.60e+00 2.54e+02  7.40e-01 1.48e-01      0s
   6   5.34021712e+03 -5.86403697e+02  4.31e+01 1.44e+02  1.68e+05  5.74e+00 3.05e+00 3.09e+02  7.92e-01 1.94e-01      0s
   7   5.77627153e+03 -4.45664832e+02  3.13e+01 1.05e+02  1.26e+05  5.31e+00 3.80e+00 3.77e+02  8.60e-01 2.75e-01      0s
   8   6.33000208e+03 -2.62962632e+02  1.70e+01 5.69e+01  7.30e+04  4.91e+00 5.29e+00 4.60e+02  9.52e-01 4.56e-01      0s
   9   6.87307000e+03 -2.99004614e+01  6.93e-14 8.43e-15  6.90e+03  4.56e+00 9.73e+00 5.55e+02  1.00e+00 1.00e+00      0s
  10   6.61031727e+02 -2.92653183e+01  5.89e-14 9.99e-16  6.90e+02  5.14e+00 1.23e+02 1.56e+01  1.00e+00 1.00e+00      0s
  11   1.45761900e+02 -2.82449883e+01  1.73e-14 9.93e-16  1.74e+02  5.83e+00 1.27e+01 2.96e+00  1.00e+00 8.31e-01      0s
  12   1.13604912e+02 -2.73956968e+01  1.38e-14 9.16e-16  1.41e+02  7.59e+00 3.31e+00 2.13e+00  8.31e-01 2.11e-01      0s
  13   9.41329453e+01 -2.65545209e+01  1.09e-14 8.88e-16  1.21e+02  8.62e+00 2.75e+00 2.05e+00  7.78e-01 1.60e-01      0s
  14   8.06889451e+01 -2.56982735e+01  9.55e-15 2.00e-15  1.06e+02  9.70e+00 2.43e+00 2.00e+00  7.36e-01 1.32e-01      0s
  15   7.08196083e+01 -2.48234288e+01  9.13e-15 3.08e-15  9.56e+01  1.08e+01 2.21e+00 1.96e+00  7.02e-01 1.12e-01      0s
  16   6.32419689e+01 -2.39258730e+01  8.56e-15 2.22e-16  8.72e+01  1.20e+01 2.06e+00 1.94e+00  6.74e-01 9.85e-02      0s
  17   5.72329036e+01 -2.30028860e+01  7.36e-15 1.83e-15  8.02e+01  1.32e+01 1.95e+00 1.92e+00  6.51e-01 8.84e-02      0s
  18   5.23216803e+01 -2.20471163e+01  6.90e-15 1.79e-15  7.44e+01  1.44e+01 1.87e+00 1.90e+00  6.33e-01 8.12e-02      0s
  19   4.82283997e+01 -2.10551968e+01  6.34e-15 2.08e-15  6.93e+01  1.56e+01 1.81e+00 1.89e+00  6.19e-01 7.60e-02      0s
  20   4.47495852e+01 -2.00201300e+01  6.01e-15 2.19e-15  6.48e+01  1.68e+01 1.77e+00 1.88e+00  6.09e-01 7.24e-02      0s
  21   4.17469009e+01 -1.89350903e+01  6.06e-15 2.70e-15  6.07e+01  1.80e+01 1.74e+00 1.87e+00  6.03e-01 7.01e-02      0s
  22   3.91189241e+01 -1.77916260e+01  5.59e-15 2.55e-15  5.69e+01  1.92e+01 1.72e+00 1.86e+00  5.99e-01 6.91e-02      0s
  23   3.67924567e+01 -1.65807803e+01  4.91e-15 2.08e-15  5.34e+01  2.04e+01 1.71e+00 1.86e+00  5.99e-01 6.91e-02      0s
  24   3.47118816e+01 -1.52920681e+01  4.57e-15 3.92e-15  5.00e+01  2.15e+01 1.71e+00 1.85e+00  6.03e-01 7.01e-02      1s
  25   3.28308144e+01 -1.39106718e+01  5.04e-15 2.22e-15  4.67e+01  2.25e+01 1.73e+00 1.85e+00  6.09e-01 7.25e-02      1s
  26   3.11158498e+01 -1.24209521e+01  4.68e-15 1.88e-15  4.35e+01  2.35e+01 1.75e+00 1.84e+00  6.20e-01 7.62e-02      1s
  27   2.95415348e+01 -1.08053884e+01  3.80e-15 2.88e-15  4.03e+01  2.44e+01 1.78e+00 1.84e+00  6.34e-01 8.14e-02      1s
  28   2.80828541e+01 -9.03788681e+00  3.80e-15 1.95e-15  3.71e+01  2.52e+01 1.82e+00 1.83e+00  6.52e-01 8.88e-02      1s
  29   2.67232653e+01 -7.09144738e+00  3.58e-15 2.14e-15  3.38e+01  2.59e+01 1.89e+00 1.83e+00  6.75e-01 9.90e-02      1s
  30   2.54439631e+01 -4.92543652e+00  2.92e-15 3.55e-15  3.04e+01  2.64e+01 1.97e+00 1.83e+00  7.04e-01 1.13e-01      1s
  31   2.42296916e+01 -2.49056309e+00  2.26e-15 3.72e-15  2.67e+01  2.68e+01 2.09e+00 1.82e+00  7.39e-01 1.34e-01      1s
  32   2.30656563e+01  2.75226179e-01  1.83e-15 3.61e-15  2.28e+01  2.69e+01 2.25e+00 1.82e+00  7.82e-01 1.63e-01      1s
  33   2.19297254e+01  3.46177779e+00  1.40e-15 2.85e-15  1.85e+01  2.67e+01 2.48e+00 1.82e+00  8.36e-01 2.11e-01      1s
  34   2.07847953e+01  7.19003029e+00  2.05e-15 1.60e-15  1.36e+01  2.58e+01 2.84e+00 1.82e+00  9.03e-01 2.93e-01      1s
  35   1.95222390e+01  1.16452894e+01  5.55e-16 8.95e-16  7.88e+00  2.37e+01 3.46e+00 1.81e+00  9.04e-01 4.67e-01      1s
  36   1.82030917e+01  1.52058379e+01  9.93e-16 1.03e-15  3.00e+00  1.79e+01 4.75e+00 1.81e+00  8.08e-01 6.88e-01      1s
  37   1.78574516e+01  1.53702278e+01  1.13e-15 1.17e-15  2.49e+00  4.81e+00 7.01e+00 1.75e+00  7.92e-01 1.89e-01      1s
  38   1.74919488e+01  1.55215557e+01  8.88e-16 1.15e-15  1.97e+00  3.76e+00 7.07e+00 1.74e+00  8.55e-01 2.31e-01      1s
  39   1.70608854e+01  1.56867708e+01  3.33e-16 9.21e-16  1.37e+00  3.21e+00 7.60e+00 1.73e+00  9.29e-01 3.36e-01      1s
  40   1.65321551e+01  1.58988996e+01  0.00e+00 5.22e-16  6.33e-01  3.43e+00 9.80e+00 1.72e+00  9.38e-01 5.99e-01      1s
  41   1.62354147e+01  1.60937027e+01  3.14e-16 6.26e-16  1.42e-01  6.15e+00 2.15e+01 1.72e+00  9.35e-01 8.62e-01      1s
  42   1.61953994e+01  1.61812282e+01  0.00e+00 7.73e-16  1.42e-02  9.98e+00 8.24e+01 1.77e+00  1.00e+00 1.00e+00      1s

The algorithm stopped after 43 iterations in 0.82 seconds.

Primal variables:   [+0.003 +0.001 +1.374 +2.471]
Dual slacks:        [+0.925 +4.913 +0.003 +0.001]
Dual variables:     [-4.335 +9.006]

Primal objective:   1.61953994e+01 
Dual objective:     1.61812282e+01 

Primal residual:    0.00e+00
Dual residual:      7.73e-16
Complementraty:     1.42e-02

Number of Iter:     43
Run time:           0.82
