
--------------- Linear optimization problem characteristics ---------------
Seed:                    15
Number of variables:     4
Number of constraints:   2

Norm of primal sol:      2.79e+00
Norm of dual sol:        1.00e+01
Norm of dual slacks:     5.00e+00

Norm of vector b:        2.00e+00
Norm of vector c:        8.17e+00

Norm of matrix A:        1.00e+00
Condition number:        2.00e+00

----------------------- Linear optimization problem -----------------------
Coeff matrix A:          [[+0.289 -0.380 +0.468 -0.610]
                          [-0.007 +0.082 +0.646 -0.085]]

RHS vector b:            [-1.997 -0.112]
Obj vector c:            [+2.119 +3.878 -3.461 +5.937]

---------------------------- Optimal solution -----------------------------
Primal variables:         [+0.000 +1.237 +0.000 +2.501]
Dual slacks:              [+4.990 +0.000 +0.320 +0.000]
Dual variables:           [-9.912 +1.324]

Optimal objective:       +1.96445882e+01
===========================================================================

Method:                  II-IPM
LO_Precision:            1.00e-01
Stop_Precision:          1.00e-08
LO_Verbosity:            2
Omega:                   5.00e+01

The Inexact Infeasible Interior-Point Method starts running ...


                  Objective                Residual                                               Step-length
Iter      Primal           Dual         Primal    Dual     Compl    Cond-Num  ||M||   ||RHS||    a-star   a-hat      Time
   0   3.88618375e+02 -6.36073235e+01  1.17e+01 3.38e+01  3.94e+03  4.00e+00 1.00e+00 3.78e+01  7.69e-01 6.49e-01      0s
   1   4.02858234e+02 -5.18241372e+01  9.15e+00 2.64e+01  3.17e+03  8.26e+00 1.22e+00 3.31e+01  8.49e-01 2.19e-01      0s
   2   4.17309878e+02 -3.64102980e+01  6.24e+00 1.80e+01  2.27e+03  1.24e+01 1.59e+00 3.85e+01  9.46e-01 3.19e-01      0s
   3   4.20998739e+02 -1.51275795e+01  2.59e+00 7.47e+00  1.14e+03  2.22e+01 2.38e+00 4.39e+01  1.00e+00 5.84e-01      0s
   4   3.16558556e+02  8.07995141e-02  1.20e-14 1.43e-14  3.16e+02  5.56e+01 4.97e+00 4.18e+01  1.00e+00 1.00e+00      0s
   5   6.44844992e+01  6.13106736e-01  1.33e-15 3.59e-15  6.39e+01  9.73e+01 9.63e+00 3.02e+00  1.00e+00 8.87e-01      0s
   6   5.36861199e+01  1.09475301e+00  1.33e-15 3.58e-15  5.26e+01  8.71e+01 1.74e+00 2.13e+00  8.14e-01 1.96e-01      0s
   7   4.69433951e+01  1.54891761e+00  1.78e-15 9.16e-16  4.54e+01  8.71e+01 1.41e+00 2.06e+00  7.67e-01 1.52e-01      0s
   8   4.21686676e+01  1.99472771e+00  1.55e-15 9.16e-16  4.02e+01  8.87e+01 1.21e+00 2.02e+00  7.29e-01 1.28e-01      0s
   9   3.86089635e+01  2.43543492e+00  2.00e-15 4.35e-15  3.62e+01  9.16e+01 1.09e+00 1.98e+00  6.99e-01 1.11e-01      0s
  10   3.58434195e+01  2.87542388e+00  1.55e-15 1.33e-15  3.30e+01  9.56e+01 1.00e+00 1.96e+00  6.74e-01 9.85e-02      0s
  11   3.36330204e+01  3.31731825e+00  1.33e-15 4.08e-15  3.03e+01  1.01e+02 9.42e-01 1.94e+00  6.53e-01 8.94e-02      0s
  12   3.18199959e+01  3.76497146e+00  8.92e-16 3.58e-15  2.81e+01  1.06e+02 9.01e-01 1.93e+00  6.37e-01 8.29e-02      0s
  13   3.03030776e+01  4.22158911e+00  1.11e-15 4.08e-15  2.61e+01  1.13e+02 8.74e-01 1.91e+00  6.25e-01 7.82e-02      0s
  14   2.90125205e+01  4.69044251e+00  8.89e-16 8.88e-16  2.43e+01  1.19e+02 8.57e-01 1.90e+00  6.16e-01 7.50e-02      0s
  15   2.78980122e+01  5.17527988e+00  8.89e-16 7.12e-15  2.27e+01  1.27e+02 8.48e-01 1.90e+00  6.11e-01 7.31e-02      0s
  16   2.69226147e+01  5.68035532e+00  8.89e-16 3.77e-15  2.12e+01  1.35e+02 8.47e-01 1.89e+00  6.09e-01 7.24e-02      0s
  17   2.60596799e+01  6.20994503e+00  4.46e-16 7.02e-16  1.98e+01  1.43e+02 8.52e-01 1.88e+00  6.11e-01 7.28e-02      0s
  18   2.52882100e+01  6.76937597e+00  4.44e-16 1.20e-15  1.85e+01  1.51e+02 8.64e-01 1.88e+00  6.15e-01 7.45e-02      0s
  19   2.45923064e+01  7.36460147e+00  6.67e-16 3.69e-15  1.72e+01  1.60e+02 8.83e-01 1.87e+00  6.23e-01 7.75e-02      0s
  20   2.39592923e+01  8.00283737e+00  8.89e-16 6.28e-16  1.60e+01  1.68e+02 9.09e-01 1.87e+00  6.35e-01 8.20e-02      1s
  21   2.33797349e+01  8.69200770e+00  4.45e-16 3.59e-15  1.47e+01  1.77e+02 9.44e-01 1.86e+00  6.51e-01 8.83e-02      1s
  22   2.28446581e+01  9.44354111e+00  4.45e-16 1.02e-15  1.34e+01  1.85e+02 9.90e-01 1.86e+00  6.71e-01 9.73e-02      1s
  23   2.23480575e+01  1.02697630e+01  6.68e-16 1.33e-15  1.21e+01  1.94e+02 1.05e+00 1.85e+00  6.97e-01 1.10e-01      1s
  24   2.18842048e+01  1.11875614e+01  4.44e-16 9.93e-16  1.07e+01  2.02e+02 1.13e+00 1.85e+00  7.28e-01 1.27e-01      1s
  25   2.14481010e+01  1.22193712e+01  2.22e-16 3.83e-15  9.23e+00  2.10e+02 1.24e+00 1.85e+00  7.67e-01 1.52e-01      1s
  26   2.10363485e+01  1.33927596e+01  5.55e-17 1.90e-15  7.64e+00  2.18e+02 1.41e+00 1.84e+00  8.15e-01 1.91e-01      1s
  27   2.06453156e+01  1.47470779e+01  4.58e-16 7.11e-16  5.90e+00  2.26e+02 1.66e+00 1.84e+00  8.74e-01 2.54e-01      1s
  28   2.02724945e+01  1.63345058e+01  4.44e-16 2.76e-15  3.94e+00  2.34e+02 2.11e+00 1.84e+00  9.47e-01 3.69e-01      1s
  29   1.99149996e+01  1.82318609e+01  6.75e-16 9.09e-16  1.68e+00  2.41e+02 3.10e+00 1.83e+00  1.00e+00 6.36e-01      1s
  30   1.97179033e+01  1.95495894e+01  2.91e-16 9.99e-16  1.68e-01  2.50e+02 7.14e+00 1.83e+00  1.00e+00 1.00e+00      1s
  31   1.96916591e+01  1.96072781e+01  2.29e-16 9.75e-16  8.44e-02  2.04e+02 7.31e+01 1.81e+00  7.79e-01 5.54e-01      1s

The algorithm stopped after 32 iterations in 0.72 seconds.

Primal variables:   [+0.003 +0.819 +0.098 +2.838]
Dual slacks:        [+4.983 +0.013 +0.345 +0.009]
Dual variables:     [-9.890 +1.268]

Primal objective:   1.96916591e+01 
Dual objective:     1.96072781e+01 

Primal residual:    2.29e-16
Dual residual:      9.75e-16
Complementraty:     8.44e-02

Number of Iter:     32
Run time:           0.72
