
--------------- Linear optimization problem characteristics ---------------
Seed:                    70
Number of variables:     4
Number of constraints:   2

Norm of primal sol:      2.55e+00
Norm of dual sol:        1.00e+01
Norm of dual slacks:     5.00e+00

Norm of vector b:        2.00e+00
Norm of vector c:        9.73e+00

Norm of matrix A:        1.00e+00
Condition number:        2.00e+00

----------------------- Linear optimization problem -----------------------
Coeff matrix A:          [[-0.012 -0.087 -0.250 -0.432]
                          [+0.167 -0.348 -0.836 +0.381]]

RHS vector b:            [-0.538 -1.926]
Obj vector c:            [+2.148 +3.487 +8.568 +2.109]

---------------------------- Optimal solution -----------------------------
Primal variables:         [+0.000 +2.121 +1.421 +0.000]
Dual slacks:              [+3.578 +0.000 +0.000 +3.492]
Dual variables:           [-4.616 -8.871]

Optimal objective:       +1.95718714e+01
===========================================================================

Method:                  II-IPM
LO_Precision:            1.00e-01
Stop_Precision:          1.00e-08
LO_Verbosity:            2
Omega:                   1.00e+02

The Inexact Infeasible Interior-Point Method starts running ...


                  Objective                Residual                                               Step-length
Iter      Primal           Dual         Primal    Dual     Compl    Cond-Num  ||M||   ||RHS||    a-star   a-hat      Time
   0   5.92358585e+02 -1.99687874e+02  1.68e+01 3.27e+01  7.80e+03  4.00e+00 1.00e+00 1.02e+02  9.05e-01 8.30e-01      0s
   1   5.60721875e+02 -2.02168290e+02  1.55e+01 3.01e+01  7.24e+03  1.58e+01 4.27e-01 1.30e+01  6.08e-01 7.88e-02      0s
   2   5.28707735e+02 -2.04791272e+02  1.43e+01 2.77e+01  6.72e+03  1.74e+01 4.13e-01 1.21e+01  6.22e-01 8.00e-02      0s
   3   4.94159947e+02 -2.07733458e+02  1.30e+01 2.53e+01  6.19e+03  1.89e+01 3.96e-01 1.11e+01  6.41e-01 8.75e-02      0s
   4   4.56488503e+02 -2.11046747e+02  1.18e+01 2.28e+01  5.64e+03  2.03e+01 3.77e-01 9.99e+00  6.64e-01 9.79e-02      0s
   5   4.14930261e+02 -2.14781135e+02  1.04e+01 2.02e+01  5.07e+03  2.18e+01 3.53e-01 8.80e+00  6.93e-01 1.13e-01      0s
   6   3.68502360e+02 -2.18966683e+02  9.04e+00 1.75e+01  4.45e+03  2.33e+01 3.25e-01 7.55e+00  7.29e-01 1.34e-01      0s
   7   3.15894730e+02 -2.23561881e+02  7.54e+00 1.46e+01  3.78e+03  2.48e+01 2.92e-01 6.24e+00  7.74e-01 1.66e-01      0s
   8   2.55459125e+02 -2.28268348e+02  5.90e+00 1.14e+01  3.04e+03  2.62e+01 2.53e-01 4.92e+00  8.31e-01 2.18e-01      0s
   9   1.84816629e+02 -2.31881298e+02  4.07e+00 7.88e+00  2.19e+03  2.77e+01 2.06e-01 3.66e+00  9.07e-01 3.11e-01      0s
  10   1.02062729e+02 -2.28842526e+02  2.01e+00 3.89e+00  1.20e+03  2.92e+01 1.50e-01 2.61e+00  1.00e+00 5.06e-01      0s
  11   3.26139753e+01 -1.91698432e+02  3.35e-01 6.49e-01  3.57e+02  3.18e+01 8.46e-02 1.97e+00  9.81e-01 8.33e-01      0s
  12   2.85715248e+01 -1.49755647e+02  2.29e-01 4.44e-01  2.60e+02  5.62e+01 3.23e-02 1.90e+00  9.99e-01 3.16e-01      0s
  13   2.48256969e+01 -9.73271916e+01  1.26e-01 2.44e-01  1.60e+02  8.31e+01 3.57e-02 1.89e+00  1.00e+00 4.50e-01      0s
  14   2.06220620e+01 -9.88876764e+00  1.11e-16 2.93e-14  3.05e+01  1.63e+02 4.75e-02 1.88e+00  1.00e+00 1.00e+00      0s
  15   2.05616233e+01  1.75105403e+01  5.49e-15 7.99e-15  3.05e+00  1.86e+03 2.95e-01 1.84e+00  1.00e+00 1.00e+00      0s
  16   2.01873330e+01  1.90908590e+01  8.01e-16 4.76e-15  1.10e+00  1.91e+03 3.45e+00 1.80e+00  8.79e-01 7.12e-01      0s
  17   2.01232020e+01  1.91702987e+01  4.97e-16 5.09e-15  9.53e-01  1.29e+03 9.07e+00 1.77e+00  7.36e-01 1.45e-01      0s
  18   2.00702089e+01  1.92281208e+01  4.97e-16 3.80e-15  8.42e-01  1.27e+03 1.03e+01 1.76e+00  7.32e-01 1.29e-01      0s
  19   2.00200278e+01  1.92768652e+01  5.55e-16 3.45e-15  7.43e-01  1.27e+03 1.17e+01 1.76e+00  7.34e-01 1.31e-01      0s
  20   1.99711412e+01  1.93190630e+01  5.55e-16 3.07e-15  6.52e-01  1.29e+03 1.32e+01 1.75e+00  7.43e-01 1.36e-01      0s
  21   1.99222048e+01  1.93565918e+01  7.45e-16 3.47e-15  5.66e-01  1.32e+03 1.52e+01 1.75e+00  7.60e-01 1.47e-01      0s
  22   1.98717102e+01  1.93911016e+01  4.97e-16 2.44e-15  4.81e-01  1.38e+03 1.77e+01 1.74e+00  7.87e-01 1.67e-01      0s
  23   1.98181772e+01  1.94239858e+01  4.97e-16 2.60e-15  3.94e-01  1.49e+03 2.14e+01 1.74e+00  8.25e-01 2.00e-01      0s
  24   1.97595177e+01  1.94570088e+01  4.58e-16 1.79e-15  3.03e-01  1.65e+03 2.70e+01 1.73e+00  8.78e-01 2.58e-01      0s
  25   1.96927178e+01  1.94928844e+01  0.00e+00 1.84e-15  2.00e-01  1.93e+03 3.71e+01 1.72e+00  9.51e-01 3.77e-01      0s
  26   1.96128770e+01  1.95374980e+01  9.16e-16 5.78e-16  7.54e-02  2.45e+03 6.02e+01 1.71e+00  1.00e+00 6.92e-01      0s

The algorithm stopped after 27 iterations in 0.35 seconds.

Primal variables:   [+0.007 +2.281 +1.358 +0.004]
Dual slacks:        [+3.546 +0.012 +0.007 +3.216]
Dual variables:     [-5.115 -8.713]

Primal objective:   1.96128770e+01 
Dual objective:     1.95374980e+01 

Primal residual:    9.16e-16
Dual residual:      5.78e-16
Complementraty:     7.54e-02

Number of Iter:     27
Run time:           0.35
