
--------------- Linear optimization problem characteristics ---------------
Seed:                    18
Number of variables:     4
Number of constraints:   2

Norm of primal sol:      2.12e+00
Norm of dual sol:        1.00e+01
Norm of dual slacks:     5.00e+00

Norm of vector b:        2.00e+00
Norm of vector c:        9.79e+00

Norm of matrix A:        1.00e+00
Condition number:        2.00e+00

----------------------- Linear optimization problem -----------------------
Coeff matrix A:          [[+0.119 +0.575 +0.734 -0.262]
                          [+0.129 +0.259 -0.381 +0.265]]

RHS vector b:            [+1.954 -0.426]
Obj vector c:            [+6.535 +6.183 +3.778 +0.747]

---------------------------- Optimal solution -----------------------------
Primal variables:         [+0.000 +1.056 +1.836 +0.000]
Dual slacks:              [+4.815 +0.000 +0.000 +1.346]
Dual variables:           [+8.153 +5.790]

Optimal objective:       +1.34664631e+01
===========================================================================

Method:                  II-IPM
LO_Precision:            1.00e-01
Stop_Precision:          1.00e-08
LO_Verbosity:            2
Omega:                   1.00e+02

The Inexact Infeasible Interior-Point Method starts running ...


                  Objective                Residual                                               Step-length
Iter      Primal           Dual         Primal    Dual     Compl    Cond-Num  ||M||   ||RHS||    a-star   a-hat      Time
   0   9.67620752e+02 -1.37745531e+02  4.91e+01 7.97e+01  1.79e+04  4.00e+00 1.00e+00 1.23e+02  7.04e-01 5.84e-01      0s
   1   8.80920348e+02 -1.55770034e+02  4.43e+01 7.20e+01  1.63e+04  1.20e+01 1.04e+00 2.55e+01  6.32e-01 9.70e-02      0s
   2   7.99822366e+02 -1.73348881e+02  4.00e+01 6.49e+01  1.48e+04  1.33e+01 1.01e+00 2.11e+01  6.58e-01 9.81e-02      0s
   3   7.13979645e+02 -1.92731531e+02  3.55e+01 5.76e+01  1.33e+04  1.46e+01 9.73e-01 1.74e+01  6.86e-01 1.13e-01      0s
   4   6.22400883e+02 -2.14359112e+02  3.07e+01 4.99e+01  1.17e+04  1.60e+01 9.22e-01 1.40e+01  7.20e-01 1.34e-01      0s
   5   5.23358677e+02 -2.38930368e+02  2.56e+01 4.16e+01  9.93e+03  1.76e+01 8.55e-01 1.07e+01  7.62e-01 1.65e-01      0s
   6   4.14676042e+02 -2.67369672e+02  2.01e+01 3.26e+01  7.97e+03  1.94e+01 7.68e-01 7.69e+00  8.15e-01 2.16e-01      0s
   7   2.92673664e+02 -3.01027983e+02  1.39e+01 2.26e+01  5.72e+03  2.14e+01 6.54e-01 4.92e+00  8.84e-01 3.08e-01      0s
   8   1.50000480e+02 -3.41177708e+02  6.67e+00 1.08e+01  2.99e+03  2.38e+01 5.00e-01 2.53e+00  9.81e-01 5.21e-01      0s
   9   2.03708060e+01 -3.58661664e+02  3.87e-15 5.86e-14  3.79e+02  2.74e+01 2.87e-01 1.31e+00  1.00e+00 1.00e+00      0s
  10   2.02905111e+01 -1.76127359e+01  2.58e-15 8.20e-15  3.79e+01  4.44e+01 5.42e-02 1.90e+00  1.00e+00 1.00e+00      0s
  11   1.98157461e+01  1.70756088e+00  2.54e-15 4.85e-15  1.81e+01  6.72e+01 6.94e-01 1.82e+00  8.96e-01 5.80e-01      0s
  12   1.96069634e+01  3.54097072e+00  1.96e-15 4.80e-15  1.61e+01  6.15e+01 1.44e+00 1.81e+00  7.23e-01 1.25e-01      0s
  13   1.94028046e+01  4.92261338e+00  1.87e-15 4.53e-15  1.45e+01  5.89e+01 1.60e+00 1.81e+00  6.97e-01 1.10e-01      0s
  14   1.91991868e+01  6.01579397e+00  1.74e-15 4.41e-15  1.32e+01  5.61e+01 1.74e+00 1.81e+00  6.76e-01 9.95e-02      0s
  15   1.89941138e+01  6.90612588e+00  1.44e-15 4.20e-15  1.21e+01  5.31e+01 1.87e+00 1.81e+00  6.60e-01 9.23e-02      0s
  16   1.87859090e+01  7.64785089e+00  1.07e-15 3.70e-15  1.11e+01  4.99e+01 2.00e+00 1.81e+00  6.48e-01 8.73e-02      0s
  17   1.85722581e+01  8.27975838e+00  1.25e-15 3.21e-15  1.03e+01  4.66e+01 2.12e+00 1.81e+00  6.41e-01 8.44e-02      0s
  18   1.83512410e+01  8.82745047e+00  8.62e-16 3.22e-15  9.52e+00  4.32e+01 2.23e+00 1.80e+00  6.38e-01 8.30e-02      0s
  19   1.81205215e+01  9.31017127e+00  7.55e-16 2.75e-15  8.81e+00  3.98e+01 2.33e+00 1.80e+00  6.38e-01 8.32e-02      0s
  20   1.78775344e+01  9.74221958e+00  6.50e-16 2.60e-15  8.14e+00  3.62e+01 2.44e+00 1.80e+00  6.43e-01 8.51e-02      0s
  21   1.76189752e+01  1.01352200e+01  5.00e-16 2.59e-15  7.48e+00  3.27e+01 2.54e+00 1.80e+00  6.52e-01 8.90e-02      0s
  22   1.73412387e+01  1.04980550e+01  3.55e-16 2.06e-15  6.84e+00  2.92e+01 2.65e+00 1.80e+00  6.66e-01 9.51e-02      0s
  23   1.70393167e+01  1.08390214e+01  5.90e-16 2.07e-15  6.20e+00  2.58e+01 2.77e+00 1.80e+00  6.86e-01 1.04e-01      0s
  24   1.67075972e+01  1.11649580e+01  6.87e-16 1.74e-15  5.54e+00  2.25e+01 2.90e+00 1.79e+00  7.12e-01 1.18e-01      0s
  25   1.63377126e+01  1.14838754e+01  2.48e-16 1.43e-15  4.85e+00  1.93e+01 3.05e+00 1.79e+00  7.46e-01 1.38e-01      0s
  26   1.59197793e+01  1.18038189e+01  4.74e-16 1.59e-15  4.12e+00  1.62e+01 3.25e+00 1.79e+00  7.89e-01 1.69e-01      0s
  27   1.54383521e+01  1.21370078e+01  4.58e-16 1.12e-15  3.30e+00  1.34e+01 3.54e+00 1.79e+00  8.45e-01 2.20e-01      0s
  28   1.48721178e+01  1.25015549e+01  4.58e-16 1.15e-15  2.37e+00  1.08e+01 4.01e+00 1.78e+00  9.16e-01 3.13e-01      0s
  29   1.41879786e+01  1.29319562e+01  5.55e-17 5.13e-16  1.26e+00  8.45e+00 4.97e+00 1.78e+00  1.00e+00 5.22e-01      0s
  30   1.35159560e+01  1.33903538e+01  2.48e-16 1.00e-15  1.26e-01  6.39e+00 8.04e+00 1.78e+00  1.00e+00 1.00e+00      0s
  31   1.34726385e+01  1.34600783e+01  2.29e-16 3.79e-16  1.26e-02  4.84e+00 5.27e+01 1.83e+00  1.00e+00 1.00e+00      0s

The algorithm stopped after 32 iterations in 0.43 seconds.

Primal variables:   [+0.001 +1.055 +1.837 +0.002]
Dual slacks:        [+4.816 +0.003 +0.002 +1.346]
Dual variables:     [+8.149 +5.787]

Primal objective:   1.34726385e+01 
Dual objective:     1.34600783e+01 

Primal residual:    2.29e-16
Dual residual:      3.79e-16
Complementraty:     1.26e-02

Number of Iter:     32
Run time:           0.43
