
--------------- Linear optimization problem characteristics ---------------
Seed:                    92
Number of variables:     4
Number of constraints:   2

Norm of primal sol:      6.45e+00
Norm of dual sol:        1.00e+01
Norm of dual slacks:     5.00e+00

Norm of vector b:        2.00e+00
Norm of vector c:        1.22e+01

Norm of matrix A:        1.00e+00
Condition number:        2.00e+00

----------------------- Linear optimization problem -----------------------
Coeff matrix A:          [[-0.819 +0.420 -0.375 -0.080]
                          [+0.108 +0.259 +0.297 -0.299]]

RHS vector b:            [-1.993 -0.172]
Obj vector c:            [+11.030 +1.413 +4.779 -1.082]

---------------------------- Optimal solution -----------------------------
Primal variables:         [+0.000 +0.000 +4.279 +4.824]
Dual slacks:              [+3.735 +3.324 +0.000 +0.000]
Dual variables:           [-8.141 +5.807]

Optimal objective:       +1.52263117e+01
===========================================================================

Method:                  II-IPM
LO_Precision:            1.00e-01
Stop_Precision:          1.00e-08
LO_Verbosity:            2
Omega:                   5.00e+02

The Inexact Infeasible Interior-Point Method starts running ...


                  Objective                Residual                                               Step-length
Iter      Primal           Dual         Primal    Dual     Compl    Cond-Num  ||M||   ||RHS||    a-star   a-hat      Time
   0   4.40971854e+03 -4.54981903e+02  1.68e+02 3.60e+02  3.88e+05  4.00e+00 1.00e+00 4.99e+02  7.51e-01 6.37e-01      0s
   1   4.15452884e+03 -4.39031719e+02  1.35e+02 2.90e+02  3.18e+05  2.18e+00 1.43e+00 2.85e+02  7.82e-01 1.97e-01      0s
   2   3.95357704e+03 -3.94284611e+02  1.04e+02 2.22e+02  2.49e+05  2.53e+00 2.01e+00 3.48e+02  7.98e-01 2.34e-01      0s
   3   3.80191600e+03 -3.16153088e+02  7.16e+01 1.53e+02  1.78e+05  2.93e+00 3.04e+00 4.24e+02  8.28e-01 3.08e-01      0s
   4   3.71203447e+03 -1.95357567e+02  3.81e+01 8.16e+01  1.00e+05  3.37e+00 5.20e+00 5.17e+02  8.77e-01 4.68e-01      0s
   5   3.72216801e+03 -2.86353355e+01  4.29e+00 9.20e+00  1.52e+04  3.88e+00 1.20e+01 6.28e+02  9.63e-01 8.87e-01      0s
   6   3.08475080e+03  3.34330699e+00  2.21e-13 1.14e-15  3.08e+03  5.18e+00 1.35e+02 6.27e+02  1.00e+00 1.00e+00      0s
   7   3.11679321e+02  3.53857218e+00  4.91e-14 1.57e-16  3.08e+02  3.93e+00 3.55e+02 1.32e+01  1.00e+00 1.00e+00      0s
   8   3.49828480e+01  3.89144648e+00  6.05e-15 2.22e-16  3.11e+01  3.36e+00 3.75e+01 2.93e+00  1.00e+00 9.99e-01      0s
   9   3.12913963e+01  4.30607188e+00  5.27e-15 1.78e-15  2.70e+01  2.36e+00 2.72e+00 2.06e+00  7.09e-01 1.47e-01      0s
  10   2.91891667e+01  4.63752314e+00  4.80e-15 8.95e-16  2.46e+01  2.17e+00 2.22e+00 2.02e+00  6.77e-01 1.00e-01      0s
  11   2.74943974e+01  4.97384099e+00  4.32e-15 3.85e-16  2.25e+01  2.06e+00 1.95e+00 1.99e+00  6.59e-01 9.19e-02      0s
  12   2.60940160e+01  5.31716507e+00  4.00e-15 1.11e-16  2.08e+01  1.97e+00 1.76e+00 1.97e+00  6.45e-01 8.60e-02      0s
  13   2.49111357e+01  5.67023913e+00  3.55e-15 1.11e-16  1.92e+01  1.91e+00 1.62e+00 1.95e+00  6.36e-01 8.21e-02      0s
  14   2.38930173e+01  6.03601722e+00  3.22e-15 9.22e-16  1.79e+01  1.88e+00 1.51e+00 1.94e+00  6.30e-01 7.99e-02      0s
  15   2.30043298e+01  6.41682897e+00  2.93e-15 9.16e-16  1.66e+01  1.86e+00 1.44e+00 1.92e+00  6.27e-01 7.90e-02      0s
  16   2.22169859e+01  6.81611638e+00  2.91e-15 9.42e-16  1.54e+01  1.85e+00 1.39e+00 1.91e+00  6.29e-01 7.95e-02      0s
  17   2.15091519e+01  7.23818362e+00  2.60e-15 8.88e-16  1.43e+01  1.86e+00 1.36e+00 1.90e+00  6.34e-01 8.15e-02      0s
  18   2.08648747e+01  7.68739185e+00  2.29e-15 9.42e-16  1.32e+01  1.88e+00 1.35e+00 1.89e+00  6.43e-01 8.51e-02      0s
  19   2.02699477e+01  8.16987901e+00  2.29e-15 9.99e-16  1.21e+01  1.91e+00 1.36e+00 1.89e+00  6.57e-01 9.08e-02      0s
  20   1.97133290e+01  8.69228053e+00  1.81e-15 9.68e-16  1.10e+01  1.94e+00 1.39e+00 1.88e+00  6.75e-01 9.91e-02      0s
  21   1.91841516e+01  9.26363883e+00  1.65e-15 3.33e-16  9.92e+00  1.98e+00 1.44e+00 1.87e+00  6.99e-01 1.11e-01      0s
  22   1.86717121e+01  9.89546877e+00  1.65e-15 1.05e-15  8.78e+00  2.03e+00 1.53e+00 1.87e+00  7.30e-01 1.28e-01      0s
  23   1.81643316e+01  1.06025100e+01  1.34e-15 2.12e-15  7.56e+00  2.07e+00 1.66e+00 1.86e+00  7.69e-01 1.54e-01      0s
  24   1.76473826e+01  1.14038920e+01  1.18e-15 1.05e-15  6.24e+00  2.12e+00 1.87e+00 1.86e+00  8.18e-01 1.94e-01      0s
  25   1.70979850e+01  1.23272758e+01  1.02e-15 1.16e-15  4.77e+00  2.17e+00 2.22e+00 1.85e+00  8.80e-01 2.62e-01      0s
  26   1.64770648e+01  1.34097341e+01  5.55e-16 8.67e-16  3.07e+00  2.22e+00 2.90e+00 1.85e+00  9.60e-01 3.97e-01      0s
  27   1.56989020e+01  1.47010631e+01  2.48e-16 4.78e-16  9.98e-01  2.29e+00 4.63e+00 1.84e+00  1.00e+00 7.50e-01      0s
  28   1.52872477e+01  1.51874639e+01  4.00e-16 6.76e-16  9.98e-02  2.48e+00 1.66e+01 1.82e+00  1.00e+00 1.00e+00      0s

The algorithm stopped after 29 iterations in 0.31 seconds.

Primal variables:   [+0.011 +0.006 +4.264 +4.819]
Dual slacks:        [+3.749 +3.314 +0.004 +0.005]
Dual variables:     [-8.123 +5.817]

Primal objective:   1.52872477e+01 
Dual objective:     1.51874639e+01 

Primal residual:    4.00e-16
Dual residual:      6.76e-16
Complementraty:     9.98e-02

Number of Iter:     29
Run time:           0.31
