
--------------- Linear optimization problem characteristics ---------------
Seed:                    55
Number of variables:     4
Number of constraints:   2

Norm of primal sol:      1.07e+01
Norm of dual sol:        1.00e+01
Norm of dual slacks:     5.00e+00

Norm of vector b:        2.00e+00
Norm of vector c:        1.43e+01

Norm of matrix A:        1.00e+00
Condition number:        2.00e+00

----------------------- Linear optimization problem -----------------------
Coeff matrix A:          [[-0.384 +0.221 -0.283 -0.051]
                          [-0.202 -0.624 -0.734 +0.051]]

RHS vector b:            [-1.982 -0.264]
Obj vector c:            [+1.448 +10.972 +9.083 -0.579]

---------------------------- Optimal solution -----------------------------
Primal variables:         [+3.842 +0.000 +0.000 +10.007]
Dual slacks:              [+0.000 +4.476 +2.229 +0.000]
Dual variables:           [+1.436 -9.896]

Optimal objective:       -2.31024534e-01
===========================================================================

Method:                  II-IPM
LO_Precision:            1.00e-01
Stop_Precision:          1.00e-08
LO_Verbosity:            2
Omega:                   1.00e+03

The Inexact Infeasible Interior-Point Method starts running ...


                  Objective                Residual                                               Step-length
Iter      Primal           Dual         Primal    Dual     Compl    Cond-Num  ||M||   ||RHS||    a-star   a-hat      Time
   0   8.49596965e+03 -1.68474360e+03  5.98e+02 7.50e+02  1.60e+06  4.00e+00 1.00e+00 1.73e+03  7.39e-01 6.23e-01      0s
   1   5.78901864e+03 -2.40551381e+03  3.93e+02 4.93e+02  1.09e+06  2.64e+00 4.04e-01 2.94e+02  8.72e-01 3.42e-01      0s
   2   3.30887471e+03 -3.40830907e+03  2.07e+02 2.60e+02  6.03e+05  3.21e+00 3.07e-01 1.30e+02  8.44e-01 4.73e-01      0s
   3   2.09051749e+03 -4.45737447e+03  1.20e+02 1.51e+02  3.66e+05  5.21e+00 2.35e-01 6.02e+01  7.61e-01 4.19e-01      0s
   4   1.41961002e+03 -5.39288978e+03  7.76e+01 9.72e+01  2.45e+05  8.45e+00 1.99e-01 4.31e+01  7.61e-01 3.56e-01      0s
   5   8.26786615e+02 -6.41205005e+03  4.30e+01 5.38e+01  1.43e+05  1.10e+01 1.58e-01 2.53e+01  8.21e-01 4.46e-01      0s
   6   1.90026350e+02 -7.64109968e+03  8.56e+00 1.07e+01  3.60e+04  1.32e+01 1.04e-01 9.48e+00  9.32e-01 8.01e-01      0s
   7   1.54302059e+01 -6.86519327e+03  3.20e-15 1.14e-13  6.88e+03  1.56e+01 2.92e-02 8.65e-01  1.00e+00 1.00e+00      0s
   8   1.50463079e+01 -6.73016040e+02  4.58e-16 3.27e-13  6.88e+02  1.31e+01 6.22e-03 1.85e+00  1.00e+00 1.00e+00      0s
   9   1.45158451e+01 -5.42903897e+01  1.33e-15 1.47e-14  6.88e+01  1.43e+01 6.46e-02 1.81e+00  1.00e+00 1.00e+00      0s
  10   1.28879751e+01 -1.82416771e+01  1.90e-15 5.23e-15  3.11e+01  1.25e+01 5.80e-01 1.79e+00  8.87e-01 6.08e-01      0s
  11   1.21749457e+01 -1.52160855e+01  1.13e-15 4.49e-15  2.74e+01  8.46e+00 1.01e+00 1.77e+00  7.34e-01 1.33e-01      0s
  12   1.14772482e+01 -1.28909991e+01  1.12e-15 4.20e-15  2.44e+01  7.39e+00 1.05e+00 1.77e+00  7.21e-01 1.23e-01      0s
  13   1.07820612e+01 -1.10130081e+01  1.13e-15 3.39e-15  2.18e+01  6.44e+00 1.09e+00 1.77e+00  7.11e-01 1.17e-01      0s
  14   1.00918364e+01 -9.46996638e+00  9.16e-16 2.83e-15  1.96e+01  5.57e+00 1.11e+00 1.76e+00  7.05e-01 1.14e-01      0s
  15   9.40914909e+00 -8.18543441e+00  7.02e-16 1.96e-15  1.76e+01  4.79e+00 1.13e+00 1.76e+00  7.01e-01 1.12e-01      0s
  16   8.73672782e+00 -7.10577003e+00  7.45e-16 1.97e-15  1.58e+01  4.10e+00 1.14e+00 1.75e+00  6.99e-01 1.11e-01      0s
  17   8.07477361e+00 -6.18859869e+00  7.45e-16 2.84e-15  1.43e+01  3.49e+00 1.15e+00 1.75e+00  6.99e-01 1.11e-01      0s
  18   7.42443800e+00 -5.40446449e+00  3.14e-16 2.16e-15  1.28e+01  2.95e+00 1.16e+00 1.74e+00  7.01e-01 1.12e-01      0s
  19   6.78400629e+00 -4.72812679e+00  4.97e-16 1.19e-15  1.15e+01  2.49e+00 1.16e+00 1.74e+00  7.05e-01 1.14e-01      0s
  20   6.14933956e+00 -4.13838031e+00  7.45e-16 1.54e-15  1.03e+01  2.09e+00 1.16e+00 1.73e+00  7.13e-01 1.18e-01      0s
  21   5.51562746e+00 -3.61863524e+00  7.45e-16 1.67e-15  9.13e+00  1.75e+00 1.17e+00 1.73e+00  7.24e-01 1.25e-01      0s
  22   4.87595865e+00 -3.15433833e+00  6.75e-16 1.87e-15  8.03e+00  1.49e+00 1.19e+00 1.72e+00  7.40e-01 1.34e-01      0s
  23   4.22133852e+00 -2.73239708e+00  2.48e-16 5.06e-16  6.95e+00  1.38e+00 1.27e+00 1.72e+00  7.62e-01 1.49e-01      0s
  24   3.53966836e+00 -2.33983607e+00  2.22e-16 1.05e-15  5.88e+00  1.52e+00 1.50e+00 1.71e+00  7.93e-01 1.72e-01      0s
  25   2.81697933e+00 -1.96342591e+00  2.48e-16 9.72e-16  4.78e+00  1.92e+00 1.92e+00 1.71e+00  8.33e-01 2.08e-01      0s
  26   2.03189564e+00 -1.58399834e+00  0.00e+00 1.51e-15  3.62e+00  2.64e+00 2.65e+00 1.70e+00  8.87e-01 2.71e-01      0s
  27   1.15880700e+00 -1.17055272e+00  0.00e+00 7.74e-16  2.33e+00  3.95e+00 4.03e+00 1.69e+00  9.59e-01 3.95e-01      0s
  28   1.57847750e-01 -6.43231948e-01  4.58e-16 5.08e-16  8.01e-01  6.67e+00 7.35e+00 1.68e+00  9.88e-01 7.29e-01      0s
  29  -2.06485064e-01 -2.98751990e-01  4.58e-16 4.48e-16  9.23e-02  1.51e+01 2.58e+01 1.67e+00  1.00e+00 9.83e-01      0s

The algorithm stopped after 30 iterations in 0.40 seconds.

Primal variables:   [+3.830 +0.003 +0.006 +10.075]
Dual slacks:        [+0.005 +4.432 +2.200 +0.005]
Dual variables:     [+1.478 -9.952]

Primal objective:   -2.06485064e-01
Dual objective:     -2.98751990e-01

Primal residual:    4.58e-16
Dual residual:      4.48e-16
Complementraty:     9.23e-02

Number of Iter:     30
Run time:           0.40
