
--------------- Linear optimization problem characteristics ---------------
Seed:                    19
Number of variables:     4
Number of constraints:   2

Norm of primal sol:      2.44e+00
Norm of dual sol:        1.00e+01
Norm of dual slacks:     5.00e+00

Norm of vector b:        2.00e+00
Norm of vector c:        5.36e+00

Norm of matrix A:        1.00e+00
Condition number:        2.00e+00

----------------------- Linear optimization problem -----------------------
Coeff matrix A:          [[-0.589 +0.521 +0.154 +0.390]
                          [-0.007 -0.538 +0.305 -0.271]]

RHS vector b:            [+1.419 -1.409]
Obj vector c:            [+4.106 +3.036 +1.242 +1.053]

---------------------------- Optimal solution -----------------------------
Primal variables:         [+0.000 +2.400 +0.000 +0.435]
Dual slacks:              [+1.837 +0.000 +4.650 +0.000]
Dual variables:           [-3.747 -9.271]

Optimal objective:       +7.74410071e+00
===========================================================================

Method:                  II-IPM
LO_Precision:            1.00e-01
Stop_Precision:          1.00e-08
LO_Verbosity:            2
Omega:                   1.00e+03

The Inexact Infeasible Interior-Point Method starts running ...


                  Objective                Residual                                               Step-length
Iter      Primal           Dual         Primal    Dual     Compl    Cond-Num  ||M||   ||RHS||    a-star   a-hat      Time
   0   8.96102531e+03 -1.19296347e+03  2.36e+02 6.76e+02  1.45e+06  4.00e+00 1.00e+00 7.65e+02  7.72e-01 6.61e-01      0s
   1   9.48715365e+03 -9.28031166e+02  1.66e+02 4.75e+02  1.05e+06  1.85e+00 2.12e+00 6.68e+02  8.53e-01 2.97e-01      0s
   2   1.02604160e+04 -5.56668461e+02  8.88e+01 2.55e+02  5.91e+05  1.92e+00 3.42e+00 8.80e+02  8.98e-01 4.64e-01      0s
   3   1.14868499e+04 -7.78828996e+01  8.64e+00 2.48e+01  7.22e+04  2.05e+00 7.63e+00 1.16e+03  9.69e-01 9.03e-01      0s
   4   1.08318746e+04 -9.50700185e+00  3.97e-13 1.33e-15  1.08e+04  3.06e+00 1.12e+02 1.67e+03  1.00e+00 1.00e+00      0s
   5   1.07491000e+03 -9.22815853e+00  1.63e-13 4.97e-16  1.08e+03  2.65e+00 4.47e+02 3.36e+01  1.00e+00 1.00e+00      0s
   6   9.95924296e+01 -8.82138674e+00  1.96e-14 4.97e-16  1.08e+02  2.68e+00 4.42e+01 4.79e+00  1.00e+00 1.00e+00      0s
   7   2.48106352e+01 -7.24557710e+00  2.68e-15 4.97e-16  3.21e+01  2.64e+00 3.94e+00 2.23e+00  9.52e-01 7.83e-01      0s
   8   2.17467414e+01 -6.38838421e+00  2.59e-15 8.31e-16  2.81e+01  2.98e+00 9.41e-01 2.01e+00  7.18e-01 1.36e-01      0s
   9   1.96113014e+01 -5.61329014e+00  2.29e-15 6.28e-16  2.52e+01  3.26e+00 8.41e-01 1.99e+00  7.07e-01 1.15e-01      0s
  10   1.78607100e+01 -4.83063551e+00  2.09e-15 1.28e-15  2.27e+01  3.60e+00 7.83e-01 1.97e+00  7.00e-01 1.12e-01      0s
  11   1.64023560e+01 -4.03976467e+00  1.99e-15 9.16e-16  2.04e+01  4.04e+00 7.46e-01 1.96e+00  6.98e-01 1.10e-01      0s
  12   1.51755089e+01 -3.24237707e+00  1.49e-15 6.28e-16  1.84e+01  4.59e+00 7.26e-01 1.94e+00  6.98e-01 1.10e-01      0s
  13   1.41316323e+01 -2.43719214e+00  1.60e-15 8.01e-16  1.66e+01  5.27e+00 7.19e-01 1.93e+00  7.00e-01 1.12e-01      0s
  14   1.32395131e+01 -1.62646630e+00  9.42e-16 9.93e-16  1.49e+01  6.11e+00 7.25e-01 1.92e+00  7.05e-01 1.14e-01      0s
  15   1.24713921e+01 -8.08871160e-01  9.42e-16 7.69e-16  1.33e+01  7.12e+00 7.43e-01 1.92e+00  7.13e-01 1.19e-01      0s
  16   1.18062168e+01  1.71044793e-02  8.01e-16 9.16e-16  1.18e+01  8.34e+00 7.74e-01 1.91e+00  7.24e-01 1.25e-01      0s
  17   1.12266509e+01  8.54489750e-01  8.01e-16 4.97e-16  1.04e+01  9.78e+00 8.18e-01 1.90e+00  7.39e-01 1.34e-01      0s
  18   1.07169922e+01  1.70986511e+00  7.02e-16 3.14e-16  9.01e+00  1.15e+01 8.80e-01 1.90e+00  7.58e-01 1.46e-01      0s
  19   1.02649390e+01  2.58986185e+00  6.28e-16 4.97e-16  7.68e+00  1.35e+01 9.65e-01 1.89e+00  7.83e-01 1.64e-01      0s
  20   9.85695715e+00  3.50740216e+00  4.97e-16 4.97e-16  6.35e+00  1.58e+01 1.08e+00 1.89e+00  8.16e-01 1.92e-01      0s
  21   9.47833493e+00  4.48001030e+00  3.14e-16 1.02e-15  5.00e+00  1.85e+01 1.26e+00 1.88e+00  8.60e-01 2.36e-01      0s
  22   9.10622186e+00  5.53475578e+00  2.22e-16 9.68e-16  3.57e+00  2.19e+01 1.53e+00 1.88e+00  9.18e-01 3.17e-01      0s
  23   8.68350487e+00  6.71689593e+00  0.00e+00 1.22e-15  1.97e+00  2.68e+01 2.06e+00 1.87e+00  8.92e-01 4.99e-01      0s
  24   8.21674940e+00  7.53355872e+00  3.14e-16 4.78e-16  6.83e-01  4.06e+01 3.80e+00 1.86e+00  8.26e-01 7.25e-01      0s
  25   8.03830919e+00  7.58365095e+00  6.28e-16 4.28e-16  4.55e-01  2.79e+02 2.58e+01 1.69e+00  9.43e-01 3.72e-01      0s
  26   7.82450913e+00  7.64253227e+00  1.99e-15 1.14e-16  1.82e-01  7.06e+02 4.54e+01 1.66e+00  8.62e-01 6.66e-01      0s
  27   7.77936630e+00  7.67620175e+00  6.06e-15 2.59e-16  1.03e-01  4.38e+03 1.36e+02 1.64e+00  7.35e-01 4.81e-01      0s
  28   7.77140543e+00  7.68930430e+00  5.98e-15 1.21e-15  8.21e-02  6.95e+03 2.31e+02 1.66e+00  8.46e-01 2.27e-01      0s

The algorithm stopped after 29 iterations in 0.41 seconds.

Primal variables:   [+0.007 +2.389 +0.003 +0.460]
Dual slacks:        [+1.382 +0.005 +4.991 +0.100]
Dual variables:     [-4.512 -10.002]

Primal objective:   7.77140543e+00 
Dual objective:     7.68930430e+00 

Primal residual:    5.98e-15
Dual residual:      1.21e-15
Complementraty:     8.21e-02

Number of Iter:     29
Run time:           0.41
