
--------------- Linear optimization problem characteristics ---------------
Seed:                    14
Number of variables:     4
Number of constraints:   2

Norm of primal sol:      5.46e+00
Norm of dual sol:        1.00e+01
Norm of dual slacks:     5.00e+00

Norm of vector b:        2.00e+00
Norm of vector c:        7.46e+00

Norm of matrix A:        1.00e+00
Condition number:        2.00e+00

----------------------- Linear optimization problem -----------------------
Coeff matrix A:          [[-0.303 +0.101 +0.381 +0.066]
                          [-0.369 +0.673 -0.496 -0.404]]

RHS vector b:            [-0.458 +1.947]
Obj vector c:            [-2.239 +5.830 -1.043 -3.935]

---------------------------- Optimal solution -----------------------------
Primal variables:         [+3.021 +4.545 +0.000 +0.000]
Dual slacks:              [+0.000 +0.000 +5.000 +0.046]
Dual variables:           [-3.839 +9.234]

Optimal objective:       +1.97351009e+01
===========================================================================

Method:                  II-IPM
LO_Precision:            1.00e-01
Stop_Precision:          1.00e-08
LO_Verbosity:            2
Omega:                   1.00e+02

The Inexact Infeasible Interior-Point Method starts running ...


                  Objective                Residual                                               Step-length
Iter      Primal           Dual         Primal    Dual     Compl    Cond-Num  ||M||   ||RHS||    a-star   a-hat      Time
   0   9.17080081e+01  1.17114611e+02  2.37e+01 7.17e+01  1.52e+04  4.00e+00 1.00e+00 7.89e+01  7.56e-01 6.43e-01      0s
   1   1.56992043e+02  9.25612657e+01  1.55e+01 4.69e+01  1.03e+04  1.29e+01 4.89e+00 1.16e+02  8.49e-01 3.46e-01      0s
   2   2.31889355e+02  5.55744893e+01  6.71e+00 2.03e+01  4.81e+03  1.48e+01 8.82e+00 1.49e+02  9.08e-01 5.67e-01      0s
   3   2.79915255e+02  1.99345697e+01  4.08e-01 1.24e+00  5.54e+02  1.63e+01 2.43e+01 1.84e+02  9.80e-01 9.39e-01      0s
   4   2.42846668e+02  1.95830412e+01  3.22e-01 9.76e-01  4.51e+02  1.34e+01 2.20e+02 4.76e+01  7.70e-01 2.11e-01      0s
   5   2.18098307e+02  1.94369483e+01  2.74e-01 8.30e-01  3.90e+02  1.39e+01 2.58e+02 3.57e+01  7.73e-01 1.50e-01      0s
   6   1.93113268e+02  1.93369639e+01  2.30e-01 6.96e-01  3.34e+02  1.42e+01 2.92e+02 2.81e+01  7.85e-01 1.62e-01      0s
   7   1.67407392e+02  1.92781295e+01  1.88e-01 5.68e-01  2.79e+02  1.46e+01 3.39e+02 2.02e+01  8.07e-01 1.83e-01      0s
   8   1.40345806e+02  1.92590183e+01  1.46e-01 4.43e-01  2.23e+02  1.51e+01 4.07e+02 1.18e+01  8.40e-01 2.20e-01      0s
   9   1.10688050e+02  1.92824557e+01  1.04e-01 3.15e-01  1.65e+02  1.56e+01 5.17e+02 5.10e+00  8.92e-01 2.90e-01      0s
  10   7.52978965e+01  1.93622877e+01  5.60e-02 1.70e-01  9.60e+01  1.63e+01 7.24e+02 1.25e+01  9.76e-01 4.61e-01      0s
  11   3.05922971e+01  1.95311350e+01  6.89e-15 8.74e-16  1.11e+01  1.74e+01 1.29e+03 2.68e+01  1.00e+00 1.00e+00      0s
  12   2.06417917e+01  1.95356755e+01  7.50e-15 1.05e-15  1.11e+00  2.04e+01 7.66e+03 5.71e+00  1.00e+00 1.00e+00      0s
  13   2.02643063e+01  1.95437640e+01  6.07e-15 1.24e-15  7.21e-01  2.02e+01 6.70e+02 2.29e+00  8.68e-01 3.87e-01      0s
  14   2.01688629e+01  1.95490300e+01  3.84e-15 4.56e-16  6.20e-01  2.08e+01 4.27e+02 2.09e+00  7.71e-01 1.55e-01      0s
  15   2.01003006e+01  1.95544298e+01  3.84e-15 4.99e-16  5.46e-01  2.13e+01 3.69e+02 2.03e+00  7.37e-01 1.33e-01      0s
  16   2.00480779e+01  1.95600158e+01  4.03e-15 4.45e-16  4.88e-01  2.19e+01 3.31e+02 1.99e+00  7.12e-01 1.18e-01      0s
  17   2.00066180e+01  1.95658298e+01  3.19e-15 5.24e-16  4.41e-01  2.26e+01 3.04e+02 1.96e+00  6.93e-01 1.08e-01      0s
  18   1.99725993e+01  1.95719194e+01  3.39e-15 9.09e-16  4.01e-01  2.32e+01 2.85e+02 1.93e+00  6.79e-01 1.01e-01      0s
  19   1.99439189e+01  1.95783382e+01  2.47e-15 8.37e-16  3.66e-01  2.39e+01 2.71e+02 1.91e+00  6.71e-01 9.73e-02      0s
  20   1.99191714e+01  1.95851493e+01  2.71e-15 6.70e-16  3.34e-01  2.46e+01 2.62e+02 1.90e+00  6.68e-01 9.59e-02      0s
  21   1.98973901e+01  1.95924236e+01  2.06e-15 1.07e-15  3.05e-01  2.53e+01 2.56e+02 1.88e+00  6.70e-01 9.67e-02      0s
  22   1.98778369e+01  1.96002599e+01  2.25e-15 3.53e-16  2.78e-01  2.59e+01 2.54e+02 1.87e+00  6.77e-01 9.98e-02      0s
  23   1.98599922e+01  1.96087649e+01  2.49e-15 1.14e-15  2.51e-01  2.65e+01 2.55e+02 1.86e+00  6.88e-01 1.05e-01      0s
  24   1.98434237e+01  1.96180839e+01  1.80e-15 1.11e-15  2.25e-01  2.70e+01 2.59e+02 1.85e+00  7.06e-01 1.14e-01      0s
  25   1.98278036e+01  1.96283848e+01  1.78e-15 3.87e-16  1.99e-01  2.75e+01 2.67e+02 1.84e+00  7.30e-01 1.28e-01      1s
  26   1.98128340e+01  1.96398930e+01  1.85e-15 7.86e-16  1.73e-01  2.78e+01 2.81e+02 1.84e+00  7.60e-01 1.48e-01      1s
  27   1.97982214e+01  1.96529218e+01  1.58e-15 4.47e-16  1.45e-01  2.81e+01 3.04e+02 1.83e+00  8.00e-01 1.78e-01      1s
  28   1.97837272e+01  1.96678432e+01  1.12e-15 3.91e-16  1.16e-01  2.83e+01 3.39e+02 1.82e+00  8.49e-01 2.25e-01      1s
  29   1.97690292e+01  1.96852348e+01  1.14e-15 9.67e-16  8.38e-02  2.84e+01 4.00e+02 1.82e+00  9.12e-01 3.08e-01      1s

The algorithm stopped after 30 iterations in 0.75 seconds.

Primal variables:   [+3.172 +4.799 +0.004 +0.281]
Dual slacks:        [+0.009 +0.005 +4.974 +0.037]
Dual variables:     [-3.791 +9.219]

Primal objective:   1.97690292e+01 
Dual objective:     1.96852348e+01 

Primal residual:    1.14e-15
Dual residual:      9.67e-16
Complementraty:     8.38e-02

Number of Iter:     30
Run time:           0.75
