
--------------- Linear optimization problem characteristics ---------------
Seed:                    56
Number of variables:     4
Number of constraints:   2

Norm of primal sol:      2.45e+00
Norm of dual sol:        1.00e+01
Norm of dual slacks:     5.00e+00

Norm of vector b:        2.00e+00
Norm of vector c:        6.88e+00

Norm of matrix A:        1.00e+00
Condition number:        2.00e+00

----------------------- Linear optimization problem -----------------------
Coeff matrix A:          [[-0.393 +0.043 +0.269 +0.197]
                          [-0.598 -0.520 -0.546 +0.237]]

RHS vector b:            [-0.878 -1.797]
Obj vector c:            [-3.768 -4.901 -1.281 +2.723]

---------------------------- Optimal solution -----------------------------
Primal variables:         [+2.320 +0.786 +0.000 +0.000]
Dual slacks:              [+0.000 +0.000 +4.800 +1.399]
Dual variables:           [-4.213 +9.069]

Optimal objective:       -1.25951410e+01
===========================================================================

Method:                  II-IPM
LO_Precision:            1.00e-01
Stop_Precision:          1.00e-08
LO_Verbosity:            2
Omega:                   1.00e+03

The Inexact Infeasible Interior-Point Method starts running ...


                  Objective                Residual                                               Step-length
Iter      Primal           Dual         Primal    Dual     Compl    Cond-Num  ||M||   ||RHS||    a-star   a-hat      Time
   0  -1.00855195e+03 -1.57372657e+03  3.41e+02 4.78e+02  1.03e+06  4.00e+00 1.00e+00 1.58e+03  8.53e-01 7.61e-01      0s
   1  -5.38272770e+02 -1.53503217e+03  2.72e+02 3.81e+02  8.36e+05  2.23e+01 1.63e+00 6.65e+02  7.53e-01 2.04e-01      0s
   2  -2.42250964e+02 -1.52980042e+03  2.24e+02 3.14e+02  7.01e+05  3.36e+01 1.81e+00 6.15e+02  7.64e-01 1.76e-01      0s
   3  -1.88294902e+01 -1.54658594e+03  1.83e+02 2.56e+02  5.82e+05  4.64e+01 1.92e+00 5.49e+02  7.73e-01 1.84e-01      0s
   4   1.37193986e+02 -1.58538364e+03  1.47e+02 2.06e+02  4.78e+05  6.29e+01 1.98e+00 4.68e+02  7.84e-01 1.96e-01      0s
   5   2.32133834e+02 -1.64667173e+03  1.15e+02 1.62e+02  3.84e+05  8.32e+01 1.96e+00 3.78e+02  7.87e-01 2.14e-01      0s
   6   2.71779916e+02 -1.73275146e+03  8.69e+01 1.22e+02  2.96e+05  1.07e+02 1.86e+00 2.84e+02  7.94e-01 2.47e-01      0s
   7   2.58748305e+02 -1.84984324e+03  6.02e+01 8.43e+01  2.12e+05  1.34e+02 1.65e+00 1.92e+02  8.15e-01 3.08e-01      0s
   8   1.90056851e+02 -2.01305156e+03  3.38e+01 4.73e+01  1.24e+05  1.63e+02 1.31e+00 1.09e+02  8.53e-01 4.39e-01      0s
   9   5.00743065e+01 -2.26855835e+03  5.94e+00 8.33e+00  2.53e+04  1.94e+02 8.37e-01 4.23e+01  9.17e-01 8.24e-01      0s
  10  -5.74082738e+00 -2.30196749e+03  2.84e-01 3.98e-01  3.41e+03  2.50e+02 1.89e-01 4.53e+00  1.00e+00 9.52e-01      0s
  11  -7.63613171e+00 -9.58625045e+02  2.68e-15 7.26e-13  9.51e+02  1.89e+02 1.74e-02 2.14e+00  1.00e+00 1.00e+00      0s
  12  -7.67820852e+00 -1.02777100e+02  7.87e-15 1.33e-13  9.51e+01  2.32e+02 2.59e-02 1.96e+00  1.00e+00 1.00e+00      0s
  13  -7.96718829e+00 -1.91726927e+01  7.41e-15 2.24e-14  1.12e+01  3.80e+02 3.39e-01 1.81e+00  1.00e+00 9.80e-01      0s
  14  -8.24538014e+00 -1.81992661e+01  7.37e-15 1.92e-14  9.95e+00  2.40e+02 2.29e+00 1.81e+00  7.03e-01 1.24e-01      0s
  15  -8.49737984e+00 -1.74800918e+01  6.01e-15 1.61e-14  8.98e+00  2.15e+02 2.43e+00 1.81e+00  6.94e-01 1.08e-01      0s
  16  -8.74952629e+00 -1.68708507e+01  5.17e-15 1.57e-14  8.12e+00  1.93e+02 2.55e+00 1.81e+00  6.91e-01 1.07e-01      0s
  17  -9.00298736e+00 -1.63457402e+01  5.17e-15 1.30e-14  7.34e+00  1.73e+02 2.67e+00 1.81e+00  6.90e-01 1.07e-01      0s
  18  -9.25860623e+00 -1.58868941e+01  4.07e-15 1.11e-14  6.63e+00  1.54e+02 2.80e+00 1.81e+00  6.94e-01 1.08e-01      0s
  19  -9.51834317e+00 -1.54792261e+01  3.83e-15 1.01e-14  5.96e+00  1.36e+02 2.93e+00 1.81e+00  7.01e-01 1.12e-01      0s
  20  -9.78364047e+00 -1.51122698e+01  3.51e-15 8.29e-15  5.33e+00  1.20e+02 3.08e+00 1.81e+00  7.12e-01 1.18e-01      0s
  21  -1.00571373e+01 -1.47763477e+01  2.78e-15 8.59e-15  4.72e+00  1.05e+02 3.25e+00 1.81e+00  7.28e-01 1.27e-01      0s
  22  -1.03414363e+01 -1.44639391e+01  2.39e-15 8.39e-15  4.12e+00  9.04e+01 3.46e+00 1.81e+00  7.50e-01 1.40e-01      0s
  23  -1.06407943e+01 -1.41671575e+01  2.11e-15 6.24e-15  3.53e+00  7.73e+01 3.72e+00 1.80e+00  7.78e-01 1.61e-01      0s
  24  -1.09590803e+01 -1.38796885e+01  1.24e-15 4.99e-15  2.92e+00  6.53e+01 4.08e+00 1.80e+00  8.15e-01 1.91e-01      0s
  25  -1.13025538e+01 -1.35934411e+01  1.16e-15 3.59e-15  2.29e+00  5.43e+01 4.60e+00 1.80e+00  8.62e-01 2.40e-01      0s
  26  -1.16784843e+01 -1.32993612e+01  1.33e-15 1.72e-15  1.62e+00  4.44e+01 5.45e+00 1.80e+00  9.23e-01 3.25e-01      1s
  27  -1.20958080e+01 -1.29852437e+01  6.75e-16 1.22e-15  8.89e-01  3.55e+01 7.10e+00 1.80e+00  1.00e+00 5.01e-01      1s
  28  -1.25518986e+01 -1.26408422e+01  4.44e-16 1.05e-15  8.89e-02  2.75e+01 1.18e+01 1.80e+00  1.00e+00 1.00e+00      1s

The algorithm stopped after 29 iterations in 0.56 seconds.

Primal variables:   [+2.328 +0.775 +0.006 +0.011]
Dual slacks:        [+0.015 +0.015 +4.817 +1.394]
Dual variables:     [-4.217 +9.097]

Primal objective:   -1.25518986e+01
Dual objective:     -1.26408422e+01

Primal residual:    4.44e-16
Dual residual:      1.05e-15
Complementraty:     8.89e-02

Number of Iter:     29
Run time:           0.56
