
--------------- Linear optimization problem characteristics ---------------
Seed:                    34
Number of variables:     4
Number of constraints:   2

Norm of primal sol:      2.32e+00
Norm of dual sol:        1.00e+01
Norm of dual slacks:     5.00e+00

Norm of vector b:        2.00e+00
Norm of vector c:        5.75e+00

Norm of matrix A:        1.00e+00
Condition number:        2.00e+00

----------------------- Linear optimization problem -----------------------
Coeff matrix A:          [[-0.016 +0.466 +0.267 +0.264]
                          [+0.575 +0.728 -0.127 -0.122]]

RHS vector b:            [+1.145 +1.640]
Obj vector c:            [+4.266 +1.394 -2.835 +2.209]

---------------------------- Optimal solution -----------------------------
Primal variables:         [+0.000 +2.301 +0.273 +0.000]
Dual slacks:              [+0.304 +0.000 +0.000 +4.991]
Dual variables:           [-7.443 +6.678]

Optimal objective:       +2.43141777e+00
===========================================================================

Method:                  II-IPM
LO_Precision:            1.00e-01
Stop_Precision:          1.00e-08
LO_Verbosity:            2
Omega:                   1.00e+02

The Inexact Infeasible Interior-Point Method starts running ...


                  Objective                Residual                                               Step-length
Iter      Primal           Dual         Primal    Dual     Compl    Cond-Num  ||M||   ||RHS||    a-star   a-hat      Time
   0   3.61567783e+02 -2.09541812e+02  6.31e+01 8.78e+01  1.89e+04  4.00e+00 1.00e+00 1.54e+02  6.78e-01 5.56e-01      0s
   1   3.24909099e+02 -2.47378689e+02  5.56e+01 7.73e+01  1.69e+04  3.97e+00 6.06e-01 4.45e+01  6.76e-01 1.19e-01      0s
   2   2.87046199e+02 -2.86230871e+02  4.82e+01 6.70e+01  1.49e+04  4.10e+00 5.46e-01 3.53e+01  7.20e-01 1.33e-01      0s
   3   2.43395540e+02 -3.30917315e+02  4.00e+01 5.56e+01  1.26e+04  4.22e+00 4.82e-01 2.71e+01  7.70e-01 1.70e-01      0s
   4   1.91913458e+02 -3.83580330e+02  3.07e+01 4.27e+01  9.89e+03  4.34e+00 4.09e-01 1.91e+01  8.32e-01 2.33e-01      0s
   5   1.29030130e+02 -4.47521960e+02  1.97e+01 2.73e+01  6.64e+03  4.48e+00 3.23e-01 1.14e+01  9.15e-01 3.59e-01      0s
   6   4.61490750e+01 -5.25985741e+02  5.57e+00 7.75e+00  2.31e+03  4.63e+00 2.17e-01 4.54e+00  1.00e+00 7.17e-01      0s
   7   1.23142735e+01 -4.71730275e+02  7.02e-16 3.18e-14  4.84e+02  4.94e+00 7.80e-02 7.98e-01  1.00e+00 1.00e+00      0s
   8   1.18903664e+01 -3.65140884e+01  3.14e-16 1.21e-14  4.84e+01  5.83e+00 2.47e-02 1.81e+00  1.00e+00 1.00e+00      0s
   9   9.62441101e+00 -8.10058872e+00  3.14e-16 4.55e-15  1.77e+01  5.60e+00 2.53e-01 1.79e+00  9.00e-01 7.04e-01      0s
  10   7.93503056e+00 -4.08441581e+00  3.14e-16 3.27e-15  1.20e+01  3.62e+00 6.70e-01 1.77e+00  8.95e-01 3.58e-01      0s
  11   6.57071300e+00 -1.64364012e+00  2.22e-16 3.27e-15  8.21e+00  3.03e+00 9.75e-01 1.77e+00  9.38e-01 3.52e-01      0s
  12   5.67012367e+00 -2.80927088e-01  3.14e-16 1.77e-15  5.95e+00  2.65e+00 1.40e+00 1.76e+00  9.11e-01 3.06e-01      0s
  13   5.10956766e+00  4.85929586e-01  2.22e-16 1.54e-15  4.62e+00  2.44e+00 1.88e+00 1.76e+00  8.69e-01 2.48e-01      0s
  14   4.73709202e+00  9.55993168e-01  2.22e-16 6.87e-16  3.78e+00  2.32e+00 2.34e+00 1.75e+00  8.27e-01 2.02e-01      0s
  15   4.46706644e+00  1.27013692e+00  0.00e+00 1.10e-15  3.20e+00  2.24e+00 2.78e+00 1.75e+00  7.93e-01 1.72e-01      0s
  16   4.25602381e+00  1.49479038e+00  2.22e-16 1.20e-15  2.76e+00  2.21e+00 3.22e+00 1.74e+00  7.66e-01 1.51e-01      0s
  17   4.08065677e+00  1.66400243e+00  3.14e-16 7.65e-16  2.42e+00  2.23e+00 3.68e+00 1.74e+00  7.47e-01 1.39e-01      0s
  18   3.92765195e+00  1.79652850e+00  3.14e-16 1.18e-15  2.13e+00  2.32e+00 4.21e+00 1.73e+00  7.35e-01 1.31e-01      0s
  19   3.78854327e+00  1.90367367e+00  3.14e-16 1.12e-15  1.88e+00  2.50e+00 4.86e+00 1.72e+00  7.31e-01 1.28e-01      0s
  20   3.65721543e+00  1.99280862e+00  3.14e-16 1.08e-15  1.66e+00  2.79e+00 5.68e+00 1.72e+00  7.33e-01 1.30e-01      0s
  21   3.52964821e+00  2.06840092e+00  3.14e-16 3.51e-16  1.46e+00  3.25e+00 6.77e+00 1.71e+00  7.42e-01 1.36e-01      1s
  22   3.40213352e+00  2.13378228e+00  3.14e-16 6.60e-16  1.27e+00  3.96e+00 8.24e+00 1.70e+00  7.59e-01 1.47e-01      1s
  23   3.27146952e+00  2.19121573e+00  3.14e-16 9.31e-16  1.08e+00  5.09e+00 1.03e+01 1.69e+00  7.84e-01 1.65e-01      1s
  24   3.13416708e+00  2.24246542e+00  3.14e-16 8.38e-16  8.92e-01  6.95e+00 1.34e+01 1.68e+00  8.18e-01 1.94e-01      1s
  25   2.98651502e+00  2.28881695e+00  3.14e-16 4.80e-16  6.98e-01  1.03e+01 1.82e+01 1.67e+00  8.64e-01 2.42e-01      1s
  26   2.82400761e+00  2.33138721e+00  3.14e-16 3.81e-16  4.93e-01  1.73e+01 2.67e+01 1.66e+00  9.24e-01 3.27e-01      1s
  27   2.64058440e+00  2.37160368e+00  3.14e-16 9.13e-16  2.69e-01  3.56e+01 4.42e+01 1.64e+00  1.00e+00 5.04e-01      1s
  28   2.45011048e+00  2.40956441e+00  7.02e-16 8.15e-16  4.05e-02  1.13e+02 9.67e+01 1.62e+00  1.00e+00 9.44e-01      1s

The algorithm stopped after 29 iterations in 0.66 seconds.

Primal variables:   [+0.021 +2.288 +0.294 +0.002]
Dual slacks:        [+0.239 +0.002 +0.060 +5.050]
Dual variables:     [-7.617 +6.786]

Primal objective:   2.45011048e+00 
Dual objective:     2.40956441e+00 

Primal residual:    7.02e-16
Dual residual:      8.15e-16
Complementraty:     4.05e-02

Number of Iter:     29
Run time:           0.66
