
--------------- Linear optimization problem characteristics ---------------
Seed:                    79
Number of variables:     4
Number of constraints:   2

Norm of primal sol:      4.07e+00
Norm of dual sol:        1.00e+01
Norm of dual slacks:     5.00e+00

Norm of vector b:        2.00e+00
Norm of vector c:        6.26e+00

Norm of matrix A:        1.00e+00
Condition number:        2.00e+00

----------------------- Linear optimization problem -----------------------
Coeff matrix A:          [[-0.659 -0.406 +0.328 +0.480]
                          [+0.519 -0.068 +0.173 +0.100]]

RHS vector b:            [+1.836 +0.793]
Obj vector c:            [-4.625 +0.202 +2.015 +3.708]

---------------------------- Optimal solution -----------------------------
Primal variables:         [+0.000 +0.000 +3.902 +1.162]
Dual slacks:              [+3.652 +3.415 +0.000 +0.000]
Dual variables:           [+8.733 -4.871]

Optimal objective:       +1.21720321e+01
===========================================================================

Method:                  II-IPM
LO_Precision:            1.00e-01
Stop_Precision:          1.00e-08
LO_Verbosity:            2
Omega:                   5.00e+02

The Inexact Infeasible Interior-Point Method starts running ...


                  Objective                Residual                                               Step-length
Iter      Primal           Dual         Primal    Dual     Compl    Cond-Num  ||M||   ||RHS||    a-star   a-hat      Time
   0   1.66058602e+03 -8.86742139e+02  1.33e+02 3.47e+02  3.71e+05  4.00e+00 1.00e+00 4.26e+02  7.66e-01 6.53e-01      0s
   1   2.01081231e+03 -7.48833567e+02  5.80e+01 1.51e+02  1.72e+05  1.88e+01 1.95e+00 5.16e+02  7.21e-01 5.65e-01      0s
   2   1.96812408e+03 -7.65546568e+02  5.22e+01 1.36e+02  1.56e+05  1.35e+02 4.12e+00 5.26e+02  6.32e-01 9.90e-02      0s
   3   1.92076449e+03 -7.84832796e+02  4.73e+01 1.23e+02  1.43e+05  1.63e+02 4.24e+00 4.83e+02  6.49e-01 9.47e-02      0s
   4   1.86330731e+03 -8.08842915e+02  4.24e+01 1.10e+02  1.29e+05  1.92e+02 4.33e+00 4.42e+02  6.67e-01 1.04e-01      0s
   5   1.79411675e+03 -8.38337973e+02  3.75e+01 9.77e+01  1.16e+05  2.28e+02 4.40e+00 3.98e+02  6.87e-01 1.15e-01      0s
   6   1.71082652e+03 -8.74370935e+02  3.27e+01 8.51e+01  1.02e+05  2.74e+02 4.46e+00 3.52e+02  7.09e-01 1.28e-01      0s
   7   1.61073072e+03 -9.18098713e+02  2.80e+01 7.28e+01  8.87e+04  3.33e+02 4.49e+00 3.03e+02  7.33e-01 1.45e-01      0s
   8   1.49013045e+03 -9.71039816e+02  2.33e+01 6.08e+01  7.54e+04  4.08e+02 4.48e+00 2.54e+02  7.59e-01 1.65e-01      0s
   9   1.34434881e+03 -1.03506041e+03  1.89e+01 4.91e+01  6.22e+04  5.07e+02 4.40e+00 2.04e+02  7.88e-01 1.91e-01      0s
  10   1.16765638e+03 -1.11241292e+03  1.46e+01 3.80e+01  4.93e+04  6.34e+02 4.22e+00 1.54e+02  8.21e-01 2.27e-01      0s
  11   9.51087415e+02 -1.20664163e+03  1.05e+01 2.72e+01  3.65e+04  7.96e+02 3.89e+00 1.08e+02  8.62e-01 2.83e-01      0s
  12   6.80451386e+02 -1.32272154e+03  6.43e+00 1.67e+01  2.35e+04  9.98e+02 3.35e+00 6.63e+01  8.83e-01 3.86e-01      0s
  13   3.23278380e+02 -1.46482714e+03  2.27e+00 5.90e+00  9.54e+03  1.25e+03 2.50e+00 3.17e+01  9.38e-01 6.47e-01      0s
  14   6.25180628e+01 -1.43202312e+03  5.79e-15 2.40e-13  1.49e+03  1.59e+03 1.22e+00 7.92e+00  1.00e+00 1.00e+00      0s
  15   6.01688297e+01 -9.33165158e+01  4.56e-15 6.86e-14  1.53e+02  1.63e+03 2.20e-01 2.32e+00  1.00e+00 9.97e-01      0s
  16   5.72452447e+01 -6.93346904e+01  4.93e-15 5.41e-14  1.27e+02  1.14e+03 1.56e+00 1.94e+00  8.05e-01 1.95e-01      0s
  17   5.44184850e+01 -5.37278439e+01  4.87e-15 3.90e-14  1.08e+02  9.68e+02 1.69e+00 1.93e+00  7.80e-01 1.62e-01      0s
  18   5.14818514e+01 -4.18880392e+01  3.61e-15 2.67e-14  9.34e+01  8.20e+02 1.76e+00 1.92e+00  7.66e-01 1.52e-01      0s
  19   4.84222947e+01 -3.25687544e+01  2.67e-15 3.51e-14  8.10e+01  6.81e+02 1.80e+00 1.92e+00  7.60e-01 1.47e-01      0s
  20   4.52165743e+01 -2.49943257e+01  1.35e-15 3.40e-14  7.02e+01  5.54e+02 1.80e+00 1.91e+00  7.61e-01 1.48e-01      0s
  21   4.18508485e+01 -1.86952900e+01  1.96e-15 2.60e-14  6.05e+01  4.40e+02 1.77e+00 1.90e+00  7.68e-01 1.53e-01      0s
  22   3.83037581e+01 -1.33383827e+01  1.51e-15 2.54e-14  5.16e+01  3.40e+02 1.71e+00 1.89e+00  7.82e-01 1.63e-01      0s
  23   3.45549443e+01 -8.68657298e+00  1.20e-15 2.19e-14  4.32e+01  2.53e+02 1.63e+00 1.88e+00  8.03e-01 1.81e-01      0s
  24   3.05841148e+01 -4.55180057e+00  9.93e-16 1.71e-14  3.51e+01  1.81e+02 1.53e+00 1.88e+00  8.33e-01 2.08e-01      0s
  25   2.63192916e+01 -7.08844551e-01  1.05e-15 1.15e-14  2.70e+01  1.23e+02 1.41e+00 1.87e+00  8.76e-01 2.56e-01      0s
  26   2.15330327e+01  3.23326833e+00  4.97e-16 7.01e-15  1.83e+01  7.72e+01 1.28e+00 1.86e+00  9.41e-01 3.59e-01      0s
  27   1.45468323e+01  9.23113156e+00  4.97e-16 2.04e-15  5.32e+00  4.24e+01 1.17e+00 1.86e+00  9.08e-01 7.88e-01      0s
  28   1.38473860e+01  1.07106036e+01  3.14e-16 1.07e-15  3.14e+00  1.31e+01 1.46e+00 1.88e+00  7.51e-01 4.55e-01      0s
  29   1.37145159e+01  1.08578102e+01  2.22e-16 1.38e-15  2.86e+00  1.70e+01 2.61e+00 1.82e+00  6.70e-01 9.92e-02      0s
  30   1.35803189e+01  1.09870250e+01  2.48e-16 1.05e-15  2.59e+00  1.92e+01 2.97e+00 1.81e+00  6.82e-01 1.02e-01      0s
  31   1.34385042e+01  1.11063666e+01  2.22e-16 9.36e-16  2.33e+00  2.22e+01 3.41e+00 1.80e+00  7.01e-01 1.12e-01      0s
  32   1.32857909e+01  1.12193161e+01  2.22e-16 6.90e-16  2.07e+00  2.67e+01 4.00e+00 1.79e+00  7.28e-01 1.27e-01      0s
  33   1.31175953e+01  1.13300765e+01  4.97e-16 1.28e-15  1.79e+00  3.36e+01 4.82e+00 1.78e+00  7.64e-01 1.50e-01      0s
  34   1.29275878e+01  1.14446004e+01  1.11e-16 6.86e-16  1.48e+00  4.51e+01 6.04e+00 1.76e+00  8.13e-01 1.89e-01      0s
  35   1.27055681e+01  1.15747729e+01  2.48e-16 1.16e-15  1.13e+00  6.62e+01 8.03e+00 1.75e+00  8.12e-01 2.64e-01      1s
  36   1.24436602e+01  1.17474345e+01  2.22e-16 6.37e-16  6.96e-01  1.11e+02 1.19e+01 1.73e+00  7.67e-01 4.27e-01      1s
  37   1.23939359e+01  1.18014622e+01  0.00e+00 6.30e-16  5.92e-01  2.24e+02 2.21e+01 1.71e+00  7.85e-01 1.66e-01      1s
  38   1.23471292e+01  1.18600343e+01  6.28e-16 5.12e-16  4.87e-01  2.50e+02 2.61e+01 1.71e+00  8.22e-01 1.98e-01      1s
  39   1.23019765e+01  1.19252481e+01  4.44e-16 9.61e-16  3.77e-01  2.73e+02 3.19e+01 1.71e+00  8.72e-01 2.52e-01      1s
  40   1.22572981e+01  1.19998302e+01  1.13e-15 3.30e-16  2.57e-01  2.94e+02 4.10e+01 1.71e+00  9.38e-01 3.52e-01      1s
  41   1.22116524e+01  1.20878392e+01  1.42e-15 5.52e-16  1.24e-01  3.08e+02 5.88e+01 1.72e+00  1.00e+00 5.77e-01      1s
  42   1.21768609e+01  1.21644796e+01  7.77e-16 1.17e-15  1.24e-02  3.02e+02 1.15e+02 1.74e+00  1.00e+00 1.00e+00      1s

The algorithm stopped after 43 iterations in 0.58 seconds.

Primal variables:   [+0.001 +0.001 +3.898 +1.166]
Dual slacks:        [+3.635 +3.411 +0.001 +0.004]
Dual variables:     [+8.721 -4.853]

Primal objective:   1.21768609e+01 
Dual objective:     1.21644796e+01 

Primal residual:    7.77e-16
Dual residual:      1.17e-15
Complementraty:     1.24e-02

Number of Iter:     43
Run time:           0.58
