
--------------- Linear optimization problem characteristics ---------------
Seed:                    12
Number of variables:     4
Number of constraints:   2

Norm of primal sol:      5.85e+00
Norm of dual sol:        1.00e+01
Norm of dual slacks:     5.00e+00

Norm of vector b:        2.00e+00
Norm of vector c:        1.02e+01

Norm of matrix A:        1.00e+00
Condition number:        2.00e+00

----------------------- Linear optimization problem -----------------------
Coeff matrix A:          [[-0.544 +0.407 -0.043 +0.180]
                          [+0.533 +0.077 +0.561 -0.385]]

RHS vector b:            [+1.685 +1.078]
Obj vector c:            [+7.606 -2.582 +6.202 +0.607]

---------------------------- Optimal solution -----------------------------
Primal variables:         [+1.193 +5.729 +0.000 +0.000]
Dual slacks:              [+0.000 +0.000 +2.212 +4.484]
Dual variables:           [-7.572 +6.532]

Optimal objective:       -5.71551352e+00
===========================================================================

Method:                  II-IPM
LO_Precision:            1.00e-01
Stop_Precision:          1.00e-08
LO_Verbosity:            2
Omega:                   1.00e+02

The Inexact Infeasible Interior-Point Method starts running ...


                  Objective                Residual                                               Step-length
Iter      Primal           Dual         Primal    Dual     Compl    Cond-Num  ||M||   ||RHS||    a-star   a-hat      Time
   0   8.98626627e+02 -2.25487640e+02  3.14e+01 7.85e+01  1.75e+04  4.00e+00 1.00e+00 7.85e+01  7.18e-01 5.96e-01      0s
   1   9.13668704e+02 -2.14968845e+02  2.65e+01 6.63e+01  1.50e+04  9.67e+00 2.38e+00 8.49e+01  7.28e-01 1.56e-01      0s
   2   9.31215185e+02 -1.99090952e+02  2.19e+01 5.49e+01  1.27e+04  1.12e+01 3.10e+00 1.08e+02  7.85e-01 1.73e-01      0s
   3   9.52829273e+02 -1.74703584e+02  1.68e+01 4.21e+01  1.00e+04  1.28e+01 4.10e+00 1.30e+02  8.51e-01 2.33e-01      0s
   4   9.75700266e+02 -1.36845142e+02  1.08e+01 2.71e+01  6.83e+03  1.48e+01 5.87e+00 1.56e+02  9.45e-01 3.56e-01      0s
   5   9.70474622e+02 -7.20673697e+01  3.01e+00 7.54e+00  2.57e+03  1.73e+01 9.91e+00 1.83e+02  1.00e+00 7.22e-01      0s
   6   6.73954004e+02 -3.63060418e+01  6.27e-14 1.78e-15  7.10e+02  2.05e+01 2.98e+01 1.60e+02  1.00e+00 1.00e+00      0s
   7   6.94596723e+01 -3.45796613e+01  1.15e-14 1.99e-15  1.04e+02  1.71e+01 4.87e+01 4.45e+00  1.00e+00 9.48e-01      0s
   8   4.93746011e+01 -3.23802835e+01  9.89e-15 2.18e-15  8.18e+01  1.11e+01 4.93e+00 2.10e+00  8.60e-01 2.38e-01      0s
   9   3.60836469e+01 -3.01652546e+01  8.01e-15 2.66e-15  6.62e+01  8.76e+00 3.34e+00 2.02e+00  8.36e-01 2.11e-01      0s
  10   2.66629687e+01 -2.79754287e+01  6.44e-15 2.40e-15  5.46e+01  6.75e+00 2.37e+00 1.98e+00  8.19e-01 1.95e-01      0s
  11   1.97521916e+01 -2.58746927e+01  4.44e-15 7.69e-16  4.56e+01  5.10e+00 1.73e+00 1.95e+00  8.06e-01 1.83e-01      0s
  12   1.45929417e+01 -2.39273118e+01  4.08e-15 9.93e-16  3.85e+01  3.83e+00 1.30e+00 1.93e+00  7.94e-01 1.73e-01      0s
  13   1.07124772e+01 -2.21813415e+01  3.61e-15 1.09e-15  3.29e+01  2.93e+00 1.02e+00 1.91e+00  7.81e-01 1.62e-01      0s
  14   7.76841913e+00 -2.06487315e+01  2.84e-15 1.49e-15  2.84e+01  2.38e+00 8.48e-01 1.90e+00  7.65e-01 1.51e-01      0s
  15   5.51083200e+00 -1.93142995e+01  2.84e-15 4.97e-16  2.48e+01  2.13e+00 7.54e-01 1.90e+00  7.50e-01 1.40e-01      0s
  16   3.75112243e+00 -1.81448841e+01  2.22e-15 9.16e-16  2.19e+01  2.17e+00 7.26e-01 1.89e+00  7.35e-01 1.31e-01      0s
  17   2.35329807e+00 -1.71041381e+01  1.73e-15 1.11e-15  1.95e+01  2.41e+00 7.42e-01 1.89e+00  7.23e-01 1.24e-01      0s
  18   1.21594412e+00 -1.61550359e+01  1.60e-15 5.44e-16  1.74e+01  2.80e+00 7.86e-01 1.88e+00  7.14e-01 1.19e-01      0s
  19   2.74506378e-01 -1.52720051e+01  1.26e-15 9.16e-16  1.55e+01  3.30e+00 8.49e-01 1.88e+00  7.10e-01 1.17e-01      0s
  20  -5.23292772e-01 -1.44281341e+01  1.29e-15 9.49e-16  1.39e+01  3.88e+00 9.28e-01 1.88e+00  7.11e-01 1.17e-01      0s
  21  -1.21282430e+00 -1.36026208e+01  1.11e-15 1.86e-15  1.24e+01  4.52e+00 1.02e+00 1.87e+00  7.18e-01 1.21e-01      0s
  22  -1.82051650e+00 -1.27767794e+01  7.02e-16 1.17e-15  1.10e+01  5.20e+00 1.14e+00 1.87e+00  7.31e-01 1.29e-01      0s
  23  -2.36930128e+00 -1.19292844e+01  7.02e-16 1.02e-15  9.56e+00  5.93e+00 1.29e+00 1.87e+00  7.51e-01 1.42e-01      0s
  24  -2.87671590e+00 -1.10404197e+01  6.66e-16 1.91e-15  8.16e+00  6.67e+00 1.48e+00 1.87e+00  7.81e-01 1.62e-01      0s
  25  -3.36231563e+00 -1.00836176e+01  4.97e-16 7.22e-16  6.72e+00  7.41e+00 1.75e+00 1.87e+00  8.21e-01 1.96e-01      0s
  26  -3.85053360e+00 -9.02470735e+00  4.44e-16 1.37e-15  5.17e+00  8.11e+00 2.16e+00 1.87e+00  8.76e-01 2.56e-01      0s
  27  -4.38599191e+00 -7.81056920e+00  4.97e-16 4.74e-16  3.42e+00  8.71e+00 2.88e+00 1.86e+00  9.50e-01 3.76e-01      0s
  28  -5.08782090e+00 -6.34995814e+00  4.44e-16 1.11e-16  1.26e+00  9.00e+00 4.59e+00 1.86e+00  9.68e-01 7.02e-01      0s
  29  -5.54283977e+00 -5.82244913e+00  0.00e+00 8.38e-16  2.80e-01  7.93e+00 1.49e+01 1.85e+00  1.00e+00 8.65e-01      1s
  30  -5.69985738e+00 -5.72781832e+00  9.16e-16 1.32e-15  2.80e-02  6.60e+00 8.78e+01 1.82e+00  1.00e+00 1.00e+00      1s

The algorithm stopped after 31 iterations in 0.50 seconds.

Primal variables:   [+1.191 +5.725 +0.004 +0.002]
Dual slacks:        [+0.005 +0.001 +2.218 +4.480]
Dual variables:     [-7.573 +6.522]

Primal objective:   -5.69985738e+00
Dual objective:     -5.72781832e+00

Primal residual:    9.16e-16
Dual residual:      1.32e-15
Complementraty:     2.80e-02

Number of Iter:     31
Run time:           0.50
