
--------------- Linear optimization problem characteristics ---------------
Seed:                    73
Number of variables:     4
Number of constraints:   2

Norm of primal sol:      4.13e+00
Norm of dual sol:        1.00e+01
Norm of dual slacks:     5.00e+00

Norm of vector b:        2.00e+00
Norm of vector c:        6.89e+00

Norm of matrix A:        1.00e+00
Condition number:        2.00e+00

----------------------- Linear optimization problem -----------------------
Coeff matrix A:          [[-0.036 +0.596 +0.661 +0.199]
                          [-0.016 +0.532 -0.114 +0.347]]

RHS vector b:            [+1.467 +1.359]
Obj vector c:            [+0.166 -5.461 +4.189 +0.314]

---------------------------- Optimal solution -----------------------------
Primal variables:         [+3.162 +2.650 +0.000 +0.000]
Dual slacks:              [+0.000 +0.000 +3.213 +3.831]
Dual variables:           [-0.245 -9.997]

Optimal objective:       -1.39451842e+01
===========================================================================

Method:                  II-IPM
LO_Precision:            1.00e-01
Stop_Precision:          1.00e-08
LO_Verbosity:            2
Omega:                   1.00e+03

The Inexact Infeasible Interior-Point Method starts running ...


                  Objective                Residual                                               Step-length
Iter      Primal           Dual         Primal    Dual     Compl    Cond-Num  ||M||   ||RHS||    a-star   a-hat      Time
   0   1.39913047e+03 -2.33419430e+03  5.04e+02 6.29e+02  1.35e+06  4.00e+00 1.00e+00 1.77e+03  7.93e-01 6.86e-01      0s
   1   8.16926032e+02 -3.23864369e+03  1.73e+02 2.15e+02  4.93e+05  2.55e+00 2.99e-01 1.94e+02  7.88e-01 6.57e-01      0s
   2   8.16500171e+02 -3.17796966e+03  1.63e+02 2.03e+02  4.67e+05  3.30e+00 1.71e-01 9.69e+01  5.17e-01 5.91e-02      0s
   3   8.18798772e+02 -3.12109043e+03  1.55e+02 1.93e+02  4.47e+05  3.49e+00 1.80e-01 1.18e+02  5.16e-01 4.74e-02      0s
   4   8.23093393e+02 -3.05751287e+03  1.47e+02 1.84e+02  4.28e+05  3.67e+00 1.90e-01 1.36e+02  5.18e-01 4.80e-02      0s
   5   8.29357333e+02 -2.98679269e+03  1.40e+02 1.75e+02  4.09e+05  3.87e+00 2.02e-01 1.56e+02  5.22e-01 4.91e-02      0s
   6   8.37606241e+02 -2.90847259e+03  1.33e+02 1.66e+02  3.90e+05  4.10e+00 2.16e-01 1.77e+02  5.29e-01 5.07e-02      0s
   7   8.47915456e+02 -2.82181544e+03  1.26e+02 1.57e+02  3.71e+05  4.36e+00 2.33e-01 2.01e+02  5.37e-01 5.30e-02      0s
   8   8.60425580e+02 -2.72582506e+03  1.19e+02 1.48e+02  3.52e+05  4.66e+00 2.54e-01 2.28e+02  5.47e-01 5.62e-02      0s
   9   8.75322861e+02 -2.61941764e+03  1.12e+02 1.39e+02  3.33e+05  5.00e+00 2.80e-01 2.58e+02  5.61e-01 6.02e-02      0s
  10   8.92897449e+02 -2.50101074e+03  1.04e+02 1.30e+02  3.13e+05  5.40e+00 3.12e-01 2.92e+02  5.77e-01 6.56e-02      0s
  11   9.13541416e+02 -2.36864571e+03  9.69e+01 1.21e+02  2.93e+05  5.85e+00 3.52e-01 3.30e+02  5.96e-01 7.26e-02      0s
  12   9.37741184e+02 -2.22011764e+03  8.90e+01 1.11e+02  2.71e+05  6.38e+00 4.03e-01 3.75e+02  6.19e-01 8.18e-02      0s
  13   9.66216578e+02 -2.05225192e+03  8.06e+01 1.00e+02  2.48e+05  7.01e+00 4.71e-01 4.27e+02  6.47e-01 9.42e-02      0s
  14   9.99978028e+02 -1.86089716e+03  7.16e+01 8.93e+01  2.23e+05  7.75e+00 5.62e-01 4.88e+02  6.79e-01 1.11e-01      0s
  15   1.04048520e+03 -1.64055316e+03  6.18e+01 7.71e+01  1.95e+05  8.63e+00 6.92e-01 5.62e+02  7.18e-01 1.36e-01      0s
  16   1.09001311e+03 -1.38346098e+03  5.10e+01 6.36e+01  1.64e+05  9.70e+00 8.86e-01 6.51e+02  7.64e-01 1.75e-01      1s
  17   1.15232962e+03 -1.07862365e+03  3.89e+01 4.85e+01  1.28e+05  1.10e+01 1.20e+00 7.62e+02  8.20e-01 2.38e-01      1s
  18   1.23492173e+03 -7.07877261e+02  2.48e+01 3.09e+01  8.47e+04  1.26e+01 1.80e+00 9.03e+02  8.89e-01 3.62e-01      1s
  19   1.35700192e+03 -2.34999638e+02  7.68e+00 9.58e+00  2.87e+04  1.47e+01 3.29e+00 1.09e+03  9.78e-01 6.90e-01      1s
  20   1.40802331e+03 -4.21266996e+01  1.09e+00 1.36e+00  5.46e+03  1.74e+01 1.26e+01 1.33e+03  9.85e-01 8.59e-01      1s
  21   1.31305430e+03 -3.39052381e+01  7.90e-01 9.85e-01  4.16e+03  1.46e+01 6.07e+01 8.58e+02  9.38e-01 2.73e-01      1s
  22   1.20937922e+03 -2.86658319e+01  5.97e-01 7.45e-01  3.28e+03  1.48e+01 7.37e+01 7.51e+02  9.32e-01 2.44e-01      1s
  23   1.09536953e+03 -2.48883930e+01  4.54e-01 5.66e-01  2.59e+03  1.51e+01 8.58e+01 6.55e+02  9.34e-01 2.40e-01      1s
  24   9.69561107e+02 -2.20223974e+01  3.41e-01 4.25e-01  2.03e+03  1.55e+01 9.83e+01 5.62e+02  9.48e-01 2.49e-01      1s
  25   8.24340334e+02 -1.97104364e+01  2.44e-01 3.04e-01  1.53e+03  1.60e+01 1.12e+02 4.72e+02  9.86e-01 2.85e-01      1s
  26   6.33510845e+02 -1.76469075e+01  1.48e-01 1.84e-01  1.02e+03  1.66e+01 1.29e+02 3.78e+02  1.00e+00 3.94e-01      1s
  27   2.19659158e+02 -1.50445895e+01  3.16e-14 4.97e-16  2.35e+02  1.74e+01 1.57e+02 2.62e+02  1.00e+00 1.00e+00      1s
  28   8.35386328e+00 -1.51165115e+01  1.07e-14 6.69e-16  2.35e+01  2.00e+01 2.83e+02 3.56e+00  1.00e+00 1.00e+00      1s
  29  -1.26090518e+01 -1.49560893e+01  3.14e-16 6.67e-16  2.35e+00  2.03e+01 2.93e+01 1.53e+00  1.00e+00 1.00e+00      1s
  30  -1.34942788e+01 -1.44401114e+01  3.14e-16 6.90e-16  9.46e-01  5.82e+01 5.94e+00 1.93e+00  9.05e-01 6.63e-01      1s
  31  -1.36130966e+01 -1.43314913e+01  3.14e-16 7.33e-16  7.18e-01  2.97e+02 1.14e+01 1.90e+00  8.81e-01 2.67e-01      1s
  32  -1.37015610e+01 -1.42435984e+01  4.97e-16 8.89e-16  5.42e-01  4.43e+02 1.49e+01 1.90e+00  8.88e-01 2.73e-01      1s
  33  -1.37724470e+01 -1.41668193e+01  8.01e-16 1.18e-15  3.94e-01  6.20e+02 1.97e+01 1.90e+00  9.09e-01 3.03e-01      1s
  34  -1.38327034e+01 -1.40955360e+01  2.22e-16 1.17e-15  2.63e-01  8.25e+02 2.74e+01 1.89e+00  9.47e-01 3.71e-01      1s
  35  -1.38867584e+01 -1.40258943e+01  1.57e-15 5.10e-16  1.39e-01  1.06e+03 4.18e+01 1.89e+00  1.00e+00 5.23e-01      1s
  36  -1.39373089e+01 -1.39557732e+01  4.31e-15 8.45e-16  1.85e-02  1.37e+03 8.18e+01 1.88e+00  1.00e+00 9.64e-01      1s

The algorithm stopped after 37 iterations in 0.71 seconds.

Primal variables:   [+3.179 +2.649 +0.001 +0.001]
Dual slacks:        [+0.002 +0.002 +3.138 +3.850]
Dual variables:     [-0.150 -10.108]

Primal objective:   -1.39373089e+01
Dual objective:     -1.39557732e+01

Primal residual:    4.31e-15
Dual residual:      8.45e-16
Complementraty:     1.85e-02

Number of Iter:     37
Run time:           0.71
