
--------------- Linear optimization problem characteristics ---------------
Seed:                    37
Number of variables:     4
Number of constraints:   2

Norm of primal sol:      5.81e+00
Norm of dual sol:        1.00e+01
Norm of dual slacks:     5.00e+00

Norm of vector b:        2.00e+00
Norm of vector c:        6.23e+00

Norm of matrix A:        1.00e+00
Condition number:        2.00e+00

----------------------- Linear optimization problem -----------------------
Coeff matrix A:          [[+0.222 -0.554 -0.400 +0.078]
                          [+0.096 -0.741 +0.243 +0.331]]

RHS vector b:            [+1.338 +1.486]
Obj vector c:            [+2.019 -4.618 +1.767 +3.201]

---------------------------- Optimal solution -----------------------------
Primal variables:         [+4.950 +0.000 +0.000 +3.050]
Dual slacks:              [+0.000 +4.617 +1.918 +0.000]
Dual variables:           [+5.461 +8.377]

Optimal objective:       +1.97592145e+01
===========================================================================

Method:                  II-IPM
LO_Precision:            1.00e-01
Stop_Precision:          1.00e-08
LO_Verbosity:            2
Omega:                   1.00e+03

The Inexact Infeasible Interior-Point Method starts running ...


                  Objective                Residual                                               Step-length
Iter      Primal           Dual         Primal    Dual     Compl    Cond-Num  ||M||   ||RHS||    a-star   a-hat      Time
   0   2.88462331e+03  8.49032584e+02  2.49e+02 7.55e+02  1.60e+06  4.00e+00 1.00e+00 7.28e+02  7.38e-01 6.23e-01      0s
   1   3.02115928e+03  7.89937806e+02  2.26e+02 6.84e+02  1.47e+06  6.64e+00 1.60e+00 5.29e+02  6.31e-01 9.30e-02      0s
   2   3.16812023e+03  7.25201855e+02  2.03e+02 6.15e+02  1.33e+06  6.72e+00 1.81e+00 6.37e+02  6.59e-01 1.01e-01      0s
   3   3.33741585e+03  6.50701358e+02  1.79e+02 5.42e+02  1.19e+06  6.81e+00 2.09e+00 7.56e+02  6.91e-01 1.19e-01      0s
   4   3.53627324e+03  5.64821571e+02  1.53e+02 4.63e+02  1.03e+06  6.93e+00 2.49e+00 8.97e+02  7.29e-01 1.46e-01      0s
   5   3.77598653e+03  4.65421527e+02  1.24e+02 3.77e+02  8.54e+05  7.10e+00 3.09e+00 1.07e+03  7.76e-01 1.87e-01      0s
   6   4.07664606e+03  3.49447878e+02  9.22e+01 2.80e+02  6.51e+05  7.34e+00 4.08e+00 1.28e+03  8.32e-01 2.58e-01      0s
   7   4.48060821e+03  2.12472281e+02  5.53e+01 1.68e+02  4.07e+05  7.66e+00 6.03e+00 1.56e+03  9.02e-01 4.00e-01      0s
   8   5.12348230e+03  4.54837040e+01  1.03e+01 3.11e+01  8.51e+04  8.10e+00 1.13e+01 1.92e+03  9.84e-01 8.15e-01      0s
   9   5.39783881e+03  1.28505348e+01  7.80e-13 2.19e-15  5.38e+03  8.95e+00 7.16e+01 2.31e+03  1.00e+00 1.00e+00      0s
  10   5.51391329e+02  1.28925018e+01  2.67e-13 1.22e-15  5.38e+02  8.60e+00 9.87e+02 2.28e+01  1.00e+00 1.00e+00      0s
  11   6.68180140e+01  1.29681313e+01  1.48e-14 6.66e-16  5.38e+01  8.26e+00 9.68e+01 3.83e+00  1.00e+00 1.00e+00      0s
  12   2.80420026e+01  1.33630386e+01  3.82e-15 4.74e-16  1.47e+01  7.48e+00 8.95e+00 2.14e+00  9.51e-01 8.08e-01      0s
  13   2.69469964e+01  1.35937330e+01  3.16e-15 8.18e-16  1.34e+01  5.94e+00 2.02e+00 1.99e+00  6.41e-01 1.00e-01      0s
  14   2.61928678e+01  1.37983990e+01  3.02e-15 9.99e-16  1.24e+01  5.82e+00 1.84e+00 1.97e+00  6.29e-01 7.98e-02      0s
  15   2.55411348e+01  1.40133913e+01  2.84e-15 9.22e-16  1.15e+01  5.75e+00 1.74e+00 1.95e+00  6.24e-01 7.77e-02      0s
  16   2.49679765e+01  1.42406879e+01  2.84e-15 1.14e-15  1.07e+01  5.70e+00 1.65e+00 1.94e+00  6.23e-01 7.72e-02      0s
  17   2.44547247e+01  1.44831183e+01  2.53e-15 1.02e-15  9.97e+00  5.67e+00 1.60e+00 1.93e+00  6.25e-01 7.83e-02      0s
  18   2.39887999e+01  1.47432318e+01  2.40e-15 9.42e-16  9.25e+00  5.64e+00 1.55e+00 1.92e+00  6.32e-01 8.09e-02      0s
  19   2.35595300e+01  1.50244279e+01  1.88e-15 1.01e-15  8.54e+00  5.62e+00 1.53e+00 1.91e+00  6.44e-01 8.54e-02      0s
  20   2.31573006e+01  1.53313873e+01  2.05e-15 1.02e-15  7.83e+00  5.59e+00 1.52e+00 1.90e+00  6.60e-01 9.23e-02      0s
  21   2.27744293e+01  1.56692703e+01  1.57e-15 6.87e-16  7.11e+00  5.55e+00 1.53e+00 1.89e+00  6.82e-01 1.02e-01      0s
  22   2.24019765e+01  1.60459956e+01  1.42e-15 2.00e-16  6.36e+00  5.49e+00 1.56e+00 1.89e+00  7.11e-01 1.17e-01      0s
  23   2.20313208e+01  1.64709763e+01  1.26e-15 8.90e-16  5.56e+00  5.39e+00 1.62e+00 1.88e+00  7.48e-01 1.39e-01      0s
  24   2.16509680e+01  1.69578544e+01  1.11e-15 6.34e-16  4.69e+00  5.26e+00 1.71e+00 1.87e+00  7.95e-01 1.73e-01      0s
  25   2.12454471e+01  1.75251916e+01  9.42e-16 9.16e-16  3.72e+00  5.07e+00 1.88e+00 1.87e+00  8.54e-01 2.30e-01      0s
  26   2.07900583e+01  1.82012460e+01  6.28e-16 9.50e-16  2.59e+00  4.80e+00 2.18e+00 1.86e+00  9.30e-01 3.38e-01      0s
  27   2.02444659e+01  1.90296957e+01  4.44e-16 9.69e-16  1.21e+00  4.44e+00 2.87e+00 1.85e+00  9.93e-01 5.90e-01      0s
  28   1.98119312e+01  1.96817384e+01  2.22e-16 6.30e-16  1.30e-01  4.00e+00 5.62e+00 1.84e+00  1.00e+00 9.92e-01      0s
  29   1.97653106e+01  1.97522913e+01  4.97e-16 9.83e-16  1.30e-02  5.79e+00 7.62e+01 1.76e+00  1.00e+00 1.00e+00      0s

The algorithm stopped after 30 iterations in 0.46 seconds.

Primal variables:   [+4.955 +0.001 +0.002 +3.049]
Dual slacks:        [+0.001 +4.614 +1.918 +0.001]
Dual variables:     [+5.458 +8.375]

Primal objective:   1.97653106e+01 
Dual objective:     1.97522913e+01 

Primal residual:    4.97e-16
Dual residual:      9.83e-16
Complementraty:     1.30e-02

Number of Iter:     30
Run time:           0.46
