
--------------- Linear optimization problem characteristics ---------------
Seed:                    100
Number of variables:     4
Number of constraints:   2

Norm of primal sol:      3.42e+00
Norm of dual sol:        1.00e+01
Norm of dual slacks:     5.00e+00

Norm of vector b:        2.00e+00
Norm of vector c:        1.03e+01

Norm of matrix A:        1.00e+00
Condition number:        2.00e+00

----------------------- Linear optimization problem -----------------------
Coeff matrix A:          [[-0.072 +0.535 -0.587 +0.202]
                          [+0.040 +0.054 -0.692 -0.300]]

RHS vector b:            [-0.284 -1.980]
Obj vector c:            [+4.777 -2.302 +8.863 +0.218]

---------------------------- Optimal solution -----------------------------
Primal variables:         [+0.000 +0.000 +1.535 +3.055]
Dual slacks:              [+4.450 +2.280 +0.000 +0.000]
Dual variables:           [-7.946 -6.071]

Optimal objective:       +1.42729662e+01
===========================================================================

Method:                  II-IPM
LO_Precision:            1.00e-01
Stop_Precision:          1.00e-08
LO_Verbosity:            2
Omega:                   5.00e+02

The Inexact Infeasible Interior-Point Method starts running ...


                  Objective                Residual                                               Step-length
Iter      Primal           Dual         Primal    Dual     Compl    Cond-Num  ||M||   ||RHS||    a-star   a-hat      Time
   0   4.04649250e+03 -1.80260902e+03  1.27e+02 2.81e+02  3.06e+05  4.00e+00 1.00e+00 4.89e+02  8.19e-01 7.17e-01      0s
   1   4.16792699e+03 -1.78234740e+03  1.19e+02 2.63e+02  2.89e+05  3.22e+00 4.67e-01 8.03e+01  5.56e-01 6.36e-02      0s
   2   4.29390012e+03 -1.75626880e+03  1.12e+02 2.48e+02  2.73e+05  3.03e+00 4.67e-01 9.37e+01  5.63e-01 6.02e-02      0s
   3   4.43509779e+03 -1.72294844e+03  1.05e+02 2.32e+02  2.57e+05  2.87e+00 4.71e-01 1.08e+02  5.72e-01 6.32e-02      0s
   4   4.59340775e+03 -1.68180034e+03  9.77e+01 2.16e+02  2.42e+05  2.72e+00 4.80e-01 1.25e+02  5.85e-01 6.72e-02      0s
   5   4.77098058e+03 -1.63203705e+03  9.06e+01 2.01e+02  2.26e+05  2.61e+00 4.95e-01 1.44e+02  6.00e-01 7.25e-02      0s
   6   4.97071806e+03 -1.57252851e+03  8.34e+01 1.85e+02  2.10e+05  2.52e+00 5.18e-01 1.66e+02  6.18e-01 7.94e-02      0s
   7   5.19687106e+03 -1.50156340e+03  7.60e+01 1.68e+02  1.93e+05  2.48e+00 5.53e-01 1.92e+02  6.41e-01 8.88e-02      0s
   8   5.45386680e+03 -1.41712579e+03  6.83e+01 1.51e+02  1.75e+05  2.49e+00 6.04e-01 2.21e+02  6.68e-01 1.01e-01      0s
   9   5.74891663e+03 -1.31593998e+03  6.02e+01 1.33e+02  1.56e+05  2.56e+00 6.80e-01 2.56e+02  7.01e-01 1.19e-01      0s
  10   6.08993821e+03 -1.19383114e+03  5.16e+01 1.14e+02  1.36e+05  2.71e+00 7.95e-01 2.97e+02  7.41e-01 1.43e-01      0s
  11   6.48891853e+03 -1.04384096e+03  4.22e+01 9.34e+01  1.14e+05  2.95e+00 9.75e-01 3.45e+02  7.91e-01 1.82e-01      0s
  12   6.95834612e+03 -8.55094162e+02  3.18e+01 7.03e+01  8.81e+04  3.32e+00 1.27e+00 4.02e+02  8.57e-01 2.47e-01      0s
  13   7.49938009e+03 -6.06594491e+02  1.97e+01 4.37e+01  5.81e+04  3.85e+00 1.83e+00 4.69e+02  9.50e-01 3.79e-01      0s
  14   7.93156079e+03 -2.43864901e+02  4.61e+00 1.02e+01  1.94e+04  4.63e+00 3.17e+00 5.35e+02  1.00e+00 7.66e-01      0s
  15   5.48235527e+03 -1.03324282e+02  1.23e-13 4.07e-15  5.59e+03  5.97e+00 1.08e+01 4.37e+02  1.00e+00 1.00e+00      0s
  16   4.58236080e+02 -1.00331875e+02  9.62e-15 5.33e-15  5.59e+02  5.73e+00 1.59e+01 7.41e+00  1.00e+00 1.00e+00      0s
  17   2.12739144e+02 -9.19259726e+01  3.93e-15 8.14e-15  3.05e+02  4.78e+00 1.25e+00 2.26e+00  9.09e-01 5.05e-01      0s
  18   1.69788869e+02 -8.70922748e+01  3.78e-15 5.03e-15  2.57e+02  3.61e+00 5.31e-01 2.06e+00  7.95e-01 1.74e-01      0s
  19   1.39767914e+02 -8.24325433e+01  2.14e-15 7.33e-15  2.22e+02  3.17e+00 4.09e-01 2.01e+00  7.64e-01 1.50e-01      0s
  20   1.17602127e+02 -7.79349992e+01  2.14e-15 7.11e-15  1.96e+02  2.82e+00 3.30e-01 1.98e+00  7.39e-01 1.33e-01      0s
  21   1.00661914e+02 -7.36020820e+01  2.14e-15 7.12e-15  1.74e+02  2.57e+00 2.77e-01 1.96e+00  7.17e-01 1.21e-01      0s
  22   8.73796677e+01 -6.94303904e+01  1.30e-15 7.95e-15  1.57e+02  2.40e+00 2.41e-01 1.94e+00  7.00e-01 1.11e-01      0s
  23   7.67082902e+01 -6.53929424e+01  1.54e-15 7.32e-15  1.42e+02  2.32e+00 2.17e-01 1.93e+00  6.86e-01 1.04e-01      0s
  24   6.79932257e+01 -6.14734800e+01  1.54e-15 7.55e-15  1.29e+02  2.33e+00 2.02e-01 1.92e+00  6.74e-01 9.88e-02      0s
  25   6.07495672e+01 -5.76379954e+01  1.54e-15 7.34e-15  1.18e+02  2.40e+00 1.93e-01 1.91e+00  6.66e-01 9.51e-02      0s
  26   5.46469590e+01 -5.38572449e+01  1.46e-15 5.62e-15  1.09e+02  2.53e+00 1.90e-01 1.90e+00  6.61e-01 9.28e-02      1s
  27   4.94333885e+01 -5.00930322e+01  9.69e-16 5.62e-15  9.95e+01  2.71e+00 1.90e-01 1.90e+00  6.59e-01 9.19e-02      1s
  28   4.49247730e+01 -4.63068046e+01  9.69e-16 3.98e-15  9.12e+01  2.92e+00 1.93e-01 1.89e+00  6.61e-01 9.26e-02      1s
  29   4.09808816e+01 -4.24562562e+01  1.19e-15 4.35e-15  8.34e+01  3.17e+00 1.98e-01 1.89e+00  6.66e-01 9.49e-02      1s
  30   3.74978230e+01 -3.84993571e+01  7.55e-16 4.35e-15  7.60e+01  3.44e+00 2.06e-01 1.88e+00  6.75e-01 9.91e-02      1s
  31   3.43889113e+01 -3.43827103e+01  9.69e-16 6.42e-15  6.88e+01  3.72e+00 2.17e-01 1.88e+00  6.89e-01 1.06e-01      1s
  32   3.15831912e+01 -3.00408715e+01  5.47e-16 5.63e-15  6.16e+01  4.02e+00 2.31e-01 1.88e+00  7.08e-01 1.15e-01      1s
  33   2.90291669e+01 -2.54055474e+01  5.47e-16 4.44e-15  5.44e+01  4.31e+00 2.49e-01 1.87e+00  7.33e-01 1.30e-01      1s
  34   2.66794616e+01 -2.03859490e+01  5.47e-16 5.70e-15  4.71e+01  4.61e+00 2.73e-01 1.87e+00  7.65e-01 1.50e-01      1s
  35   2.44877060e+01 -1.48581854e+01  5.47e-16 4.09e-15  3.93e+01  4.88e+00 3.06e-01 1.87e+00  8.05e-01 1.82e-01      1s
  36   2.24098990e+01 -8.67162618e+00  7.55e-16 2.95e-15  3.11e+01  5.13e+00 3.54e-01 1.86e+00  8.57e-01 2.33e-01      1s
  37   2.03718539e+01 -1.59555038e+00  3.55e-16 1.88e-15  2.20e+01  5.30e+00 4.30e-01 1.86e+00  9.23e-01 3.26e-01      1s
  38   1.81800407e+01  6.75183846e+00  4.48e-16 2.40e-15  1.14e+01  5.30e+00 5.74e-01 1.86e+00  9.43e-01 5.33e-01      1s
  39   1.62365611e+01  1.24629022e+01  7.22e-16 1.02e-15  3.77e+00  4.52e+00 9.68e-01 1.85e+00  8.56e-01 7.44e-01      1s
  40   1.55816319e+01  1.30179863e+01  4.48e-16 5.06e-16  2.56e+00  1.71e+00 2.30e+00 1.79e+00  9.38e-01 3.56e-01      1s
  41   1.47756038e+01  1.37200681e+01  2.78e-16 1.15e-15  1.06e+00  1.72e+00 3.42e+00 1.78e+00  1.00e+00 6.54e-01      1s
  42   1.43132814e+01  1.42077278e+01  3.55e-16 8.60e-16  1.06e-01  2.17e+00 9.12e+00 1.77e+00  1.00e+00 1.00e+00      1s
  43   1.42782017e+01  1.42676463e+01  5.55e-17 7.73e-16  1.06e-02  1.87e+00 6.66e+01 1.83e+00  1.00e+00 1.00e+00      1s

The algorithm stopped after 44 iterations in 0.68 seconds.

Primal variables:   [+0.001 +0.001 +1.536 +3.054]
Dual slacks:        [+4.450 +2.280 +0.002 +0.001]
Dual variables:     [-7.946 -6.069]

Primal objective:   1.42782017e+01 
Dual objective:     1.42676463e+01 

Primal residual:    5.55e-17
Dual residual:      7.73e-16
Complementraty:     1.06e-02

Number of Iter:     44
Run time:           0.68
