
--------------- Linear optimization problem characteristics ---------------
Seed:                    61
Number of variables:     4
Number of constraints:   2

Norm of primal sol:      2.68e+00
Norm of dual sol:        1.00e+01
Norm of dual slacks:     5.00e+00

Norm of vector b:        2.00e+00
Norm of vector c:        7.86e+00

Norm of matrix A:        1.00e+00
Condition number:        2.00e+00

----------------------- Linear optimization problem -----------------------
Coeff matrix A:          [[-0.338 -0.203 -0.475 -0.094]
                          [+0.672 -0.046 +0.031 +0.637]]

RHS vector b:            [-1.002 +1.731]
Obj vector c:            [-7.213 -1.053 +0.874 -2.820]

---------------------------- Optimal solution -----------------------------
Primal variables:         [+2.617 +0.576 +0.000 +0.000]
Dual slacks:              [+0.000 +0.000 +4.345 +2.474]
Dual variables:           [+6.836 -7.299]

Optimal objective:       -1.94823138e+01
===========================================================================

Method:                  II-IPM
LO_Precision:            1.00e-01
Stop_Precision:          1.00e-08
LO_Verbosity:            2
Omega:                   1.00e+02

The Inexact Infeasible Interior-Point Method starts running ...


                  Objective                Residual                                               Step-length
Iter      Primal           Dual         Primal    Dual     Compl    Cond-Num  ||M||   ||RHS||    a-star   a-hat      Time
   0  -3.13384195e+02 -2.75998047e+02  5.25e+01 6.39e+01  1.35e+04  4.00e+00 1.00e+00 1.92e+02  7.97e-01 6.89e-01      0s
   1  -1.66828647e+02 -3.69421320e+02  2.60e+01 3.17e+01  7.14e+03  3.53e+00 3.36e-01 2.36e+01  8.65e-01 5.05e-01      0s
   2  -3.61862503e+01 -4.53419763e+02  3.78e+00 4.61e+00  1.46e+03  3.65e+00 1.73e-01 5.99e+00  9.86e-01 8.54e-01      0s
   3  -1.20147540e+01 -3.65590714e+02  4.97e-16 7.11e-15  3.54e+02  4.27e+00 3.70e-02 1.31e+00  1.00e+00 1.00e+00      0s
   4  -1.20656427e+01 -4.74232387e+01  0.00e+00 7.94e-15  3.54e+01  7.07e+00 1.85e-02 1.83e+00  1.00e+00 1.00e+00      0s
   5  -1.25077759e+01 -2.95555093e+01  2.22e-16 3.01e-15  1.70e+01  1.00e+01 2.23e-01 1.80e+00  8.78e-01 5.75e-01      0s
   6  -1.26945472e+01 -2.80982808e+01  3.14e-16 4.98e-15  1.54e+01  9.97e+00 4.61e-01 1.78e+00  6.90e-01 1.07e-01      0s
   7  -1.28810625e+01 -2.69661637e+01  3.14e-16 3.82e-15  1.41e+01  1.01e+01 5.11e-01 1.78e+00  6.67e-01 9.51e-02      0s
   8  -1.30702692e+01 -2.60508659e+01  2.22e-16 4.28e-15  1.30e+01  1.02e+01 5.60e-01 1.77e+00  6.48e-01 8.71e-02      0s
   9  -1.32630370e+01 -2.52954062e+01  2.22e-16 4.21e-15  1.20e+01  1.04e+01 6.12e-01 1.77e+00  6.33e-01 8.12e-02      0s
  10  -1.34610751e+01 -2.46583353e+01  2.22e-16 3.72e-15  1.12e+01  1.07e+01 6.68e-01 1.76e+00  6.22e-01 7.71e-02      0s
  11  -1.36657958e+01 -2.41123401e+01  2.22e-16 2.92e-15  1.04e+01  1.10e+01 7.29e-01 1.76e+00  6.15e-01 7.45e-02      0s
  12  -1.38788414e+01 -2.36375411e+01  3.14e-16 4.05e-15  9.76e+00  1.16e+01 7.97e-01 1.75e+00  6.11e-01 7.32e-02      0s
  13  -1.41020943e+01 -2.32192178e+01  3.14e-16 1.75e-15  9.12e+00  1.22e+01 8.76e-01 1.75e+00  6.11e-01 7.30e-02      0s
  14  -1.43376903e+01 -2.28463098e+01  0.00e+00 2.86e-15  8.51e+00  1.31e+01 9.69e-01 1.74e+00  6.14e-01 7.42e-02      0s
  15  -1.45880294e+01 -2.25104062e+01  3.14e-16 1.91e-15  7.92e+00  1.43e+01 1.08e+00 1.74e+00  6.21e-01 7.66e-02      0s
  16  -1.48560389e+01 -2.22047450e+01  0.00e+00 2.00e-15  7.35e+00  1.59e+01 1.22e+00 1.73e+00  6.31e-01 8.05e-02      0s
  17  -1.51458059e+01 -2.19233005e+01  2.22e-16 1.40e-15  6.78e+00  1.80e+01 1.39e+00 1.72e+00  6.46e-01 8.64e-02      0s
  18  -1.54612357e+01 -2.16620563e+01  0.00e+00 1.37e-15  6.20e+00  2.10e+01 1.60e+00 1.71e+00  6.65e-01 9.45e-02      0s
  19  -1.58080534e+01 -2.14167095e+01  2.22e-16 9.57e-16  5.61e+00  2.51e+01 1.89e+00 1.71e+00  6.90e-01 1.06e-01      0s
  20  -1.61940670e+01 -2.11828556e+01  2.22e-16 1.51e-15  4.99e+00  3.12e+01 2.28e+00 1.70e+00  7.21e-01 1.23e-01      0s
  21  -1.66286689e+01 -2.09562128e+01  2.22e-16 1.60e-15  4.33e+00  4.07e+01 2.83e+00 1.69e+00  7.60e-01 1.47e-01      0s
  22  -1.71248698e+01 -2.07307175e+01  4.44e-16 2.72e-15  3.61e+00  5.63e+01 3.66e+00 1.68e+00  8.09e-01 1.85e-01      0s
  23  -1.77029666e+01 -2.04949577e+01  6.66e-16 6.66e-16  2.79e+00  8.47e+01 5.00e+00 1.66e+00  8.71e-01 2.51e-01      0s
  24  -1.83943880e+01 -2.02223183e+01  9.16e-16 5.90e-16  1.83e+00  1.45e+02 7.49e+00 1.65e+00  9.03e-01 3.84e-01      0s
  25  -1.92481321e+01 -1.98181614e+01  7.02e-16 7.11e-16  5.70e-01  3.05e+02 1.36e+01 1.63e+00  8.64e-01 7.65e-01      0s
  26  -1.93429813e+01 -1.96669987e+01  4.58e-15 9.56e-16  3.24e-01  1.05e+03 5.26e+01 1.61e+00  9.91e-01 4.80e-01      0s
  27  -1.94601676e+01 -1.94948941e+01  1.01e-14 1.43e-15  3.47e-02  9.34e+02 8.69e+01 1.64e+00  1.00e+00 9.92e-01      0s

The algorithm stopped after 28 iterations in 0.46 seconds.

Primal variables:   [+2.615 +0.569 +0.004 +0.002]
Dual slacks:        [+0.003 +0.008 +4.361 +2.469]
Dual variables:     [+6.870 -7.286]

Primal objective:   -1.94601676e+01
Dual objective:     -1.94948941e+01

Primal residual:    1.01e-14
Dual residual:      1.43e-15
Complementraty:     3.47e-02

Number of Iter:     28
Run time:           0.46
