
--------------- Linear optimization problem characteristics ---------------
Seed:                    58
Number of variables:     4
Number of constraints:   2

Norm of primal sol:      6.91e+00
Norm of dual sol:        1.00e+01
Norm of dual slacks:     5.00e+00

Norm of vector b:        2.00e+00
Norm of vector c:        6.88e+00

Norm of matrix A:        1.00e+00
Condition number:        2.00e+00

----------------------- Linear optimization problem -----------------------
Coeff matrix A:          [[-0.136 -0.266 -0.102 +0.389]
                          [+0.596 +0.502 -0.271 +0.563]]

RHS vector b:            [-1.760 +0.949]
Obj vector c:            [-1.187 -5.614 +2.238 -3.058]

---------------------------- Optimal solution -----------------------------
Primal variables:         [+0.000 +4.651 +5.113 +0.000]
Dual slacks:              [+4.896 +0.000 +0.000 +1.014]
Dual variables:           [+3.229 -9.464]

Optimal objective:       -1.46662165e+01
===========================================================================

Method:                  II-IPM
LO_Precision:            1.00e-01
Stop_Precision:          1.00e-08
LO_Verbosity:            2
Omega:                   5.00e+02

The Inexact Infeasible Interior-Point Method starts running ...


                  Objective                Residual                                               Step-length
Iter      Primal           Dual         Primal    Dual     Compl    Cond-Num  ||M||   ||RHS||    a-star   a-hat      Time
   0  -1.16100676e+03 -8.46072394e+02  2.60e+02 3.75e+02  3.98e+05  4.00e+00 1.00e+00 7.72e+02  7.41e-01 6.26e-01      0s
   1  -9.67447305e+02 -9.07966142e+02  2.35e+02 3.39e+02  3.63e+05  8.12e+00 1.27e+00 2.64e+02  6.33e-01 9.70e-02      0s
   2  -7.92260407e+02 -9.53484708e+02  2.13e+02 3.07e+02  3.32e+05  9.60e+00 1.50e+00 3.38e+02  6.49e-01 9.53e-02      0s
   3  -6.16025632e+02 -9.86802114e+02  1.91e+02 2.75e+02  3.00e+05  1.13e+01 1.78e+00 4.14e+02  6.65e-01 1.04e-01      0s
   4  -4.37819204e+02 -1.00471391e+03  1.69e+02 2.43e+02  2.69e+05  1.34e+01 2.16e+00 5.00e+02  6.84e-01 1.14e-01      0s
   5  -2.56361684e+02 -1.00338642e+03  1.47e+02 2.12e+02  2.38e+05  1.61e+01 2.68e+00 5.99e+02  7.06e-01 1.28e-01      0s
   6  -7.02708200e+01 -9.78228148e+02  1.26e+02 1.81e+02  2.06e+05  1.94e+01 3.41e+00 7.13e+02  7.31e-01 1.46e-01      0s
   7   1.22927012e+02 -9.23703805e+02  1.04e+02 1.50e+02  1.74e+05  2.34e+01 4.48e+00 8.46e+02  7.60e-01 1.70e-01      0s
   8   3.26900292e+02 -8.32800701e+02  8.28e+01 1.19e+02  1.41e+05  2.83e+01 6.14e+00 1.00e+03  7.96e-01 2.07e-01      0s
   9   5.47918335e+02 -6.95822752e+02  6.07e+01 8.74e+01  1.06e+05  3.39e+01 8.91e+00 1.20e+03  8.40e-01 2.67e-01      0s
  10   7.96989007e+02 -4.97978187e+02  3.75e+01 5.40e+01  6.82e+04  4.04e+01 1.42e+01 1.43e+03  8.71e-01 3.82e-01      0s
  11   1.10039513e+03 -2.09638990e+02  1.21e+01 1.74e+01  2.41e+04  4.74e+01 2.76e+01 1.73e+03  9.15e-01 6.77e-01      0s
  12   1.25763335e+03 -2.11068247e+01  1.32e-01 1.91e-01  1.54e+03  5.37e+01 1.07e+02 2.05e+03  1.00e+00 9.89e-01      0s
  13   3.00787384e+02 -1.94210416e+01  1.11e-13 4.34e-16  3.20e+02  3.26e+01 1.69e+03 7.97e+01  1.00e+00 1.00e+00      0s
  14   1.26952283e+01 -1.93256142e+01  3.56e-14 1.10e-15  3.20e+01  2.39e+01 7.89e+02 9.85e+00  1.00e+00 1.00e+00      0s
  15  -7.32178846e+00 -1.86087088e+01  9.85e-15 5.24e-16  1.13e+01  1.76e+01 6.91e+01 2.10e+00  9.33e-01 7.19e-01      0s
  16  -8.62835728e+00 -1.83059581e+01  8.47e-15 1.07e-15  9.68e+00  8.63e+00 1.74e+01 1.94e+00  7.74e-01 1.58e-01      0s
  17  -9.64512571e+00 -1.80203137e+01  7.75e-15 9.89e-16  8.38e+00  7.23e+00 1.43e+01 1.92e+00  7.63e-01 1.50e-01      0s
  18  -1.04578707e+01 -1.77499784e+01  6.38e-15 1.12e-15  7.29e+00  6.19e+00 1.22e+01 1.90e+00  7.55e-01 1.44e-01      0s
  19  -1.11221338e+01 -1.74926444e+01  5.39e-15 4.01e-16  6.37e+00  5.44e+00 1.08e+01 1.90e+00  7.50e-01 1.40e-01      0s
  20  -1.16734881e+01 -1.72466166e+01  4.40e-15 5.72e-16  5.57e+00  4.93e+00 9.82e+00 1.89e+00  7.48e-01 1.39e-01      0s
  21  -1.21393422e+01 -1.70090261e+01  4.17e-15 4.65e-16  4.87e+00  4.61e+00 9.26e+00 1.88e+00  7.49e-01 1.40e-01      0s
  22  -1.25395237e+01 -1.67769261e+01  4.07e-15 1.16e-15  4.24e+00  4.46e+00 9.03e+00 1.88e+00  7.56e-01 1.44e-01      0s
  23  -1.28899400e+01 -1.65465688e+01  2.62e-15 9.37e-16  3.66e+00  4.43e+00 9.10e+00 1.87e+00  7.67e-01 1.52e-01      0s
  24  -1.32022299e+01 -1.63143377e+01  2.62e-15 1.23e-15  3.11e+00  4.51e+00 9.48e+00 1.87e+00  7.85e-01 1.65e-01      0s
  25  -1.34864496e+01 -1.60755880e+01  2.12e-15 1.19e-15  2.59e+00  4.67e+00 1.02e+01 1.87e+00  8.10e-01 1.87e-01      0s
  26  -1.37498661e+01 -1.58258722e+01  1.67e-15 1.04e-15  2.08e+00  4.91e+00 1.15e+01 1.87e+00  8.45e-01 2.20e-01      0s
  27  -1.39998021e+01 -1.55588245e+01  1.51e-15 7.64e-16  1.56e+00  5.21e+00 1.36e+01 1.86e+00  8.91e-01 2.77e-01      0s
  28  -1.42421394e+01 -1.52673638e+01  1.30e-15 2.29e-16  1.03e+00  5.57e+00 1.73e+01 1.86e+00  9.52e-01 3.80e-01      0s
  29  -1.44826979e+01 -1.49422236e+01  8.08e-16 1.11e-15  4.60e-01  6.01e+00 2.55e+01 1.86e+00  1.00e+00 6.13e-01      0s
  30  -1.46468943e+01 -1.46928468e+01  8.08e-16 1.28e-15  4.60e-02  6.66e+00 5.63e+01 1.85e+00  1.00e+00 1.00e+00      0s

The algorithm stopped after 31 iterations in 0.45 seconds.

Primal variables:   [+0.002 +4.652 +5.136 +0.008]
Dual slacks:        [+4.896 +0.002 +0.003 +1.005]
Dual variables:     [+3.246 -9.460]

Primal objective:   -1.46468943e+01
Dual objective:     -1.46928468e+01

Primal residual:    8.08e-16
Dual residual:      1.28e-15
Complementraty:     4.60e-02

Number of Iter:     31
Run time:           0.45
