
--------------- Linear optimization problem characteristics ---------------
Seed:                    44
Number of variables:     4
Number of constraints:   2

Norm of primal sol:      3.45e+00
Norm of dual sol:        1.00e+01
Norm of dual slacks:     5.00e+00

Norm of vector b:        2.00e+00
Norm of vector c:        1.02e+01

Norm of matrix A:        1.00e+00
Condition number:        2.00e+00

----------------------- Linear optimization problem -----------------------
Coeff matrix A:          [[+0.005 +0.261 +0.646 -0.005]
                          [-0.098 -0.506 -0.329 +0.625]]

RHS vector b:            [+1.998 -0.082]
Obj vector c:            [+4.316 -4.542 -7.121 +3.871]

---------------------------- Optimal solution -----------------------------
Primal variables:         [+0.000 +0.000 +3.104 +1.503]
Dual slacks:              [+4.961 +0.623 +0.000 +0.000]
Dual variables:           [-7.899 +6.133]

Optimal objective:       -1.62866204e+01
===========================================================================

Method:                  II-IPM
LO_Precision:            1.00e-01
Stop_Precision:          1.00e-08
LO_Verbosity:            2
Omega:                   5.00e+02

The Inexact Infeasible Interior-Point Method starts running ...


                  Objective                Residual                                               Step-length
Iter      Primal           Dual         Primal    Dual     Compl    Cond-Num  ||M||   ||RHS||    a-star   a-hat      Time
   0   1.36220916e+03 -1.64342710e+03  1.70e+02 3.57e+02  3.82e+05  4.00e+00 1.00e+00 5.33e+02  7.57e-01 6.43e-01      0s
   1   1.69243791e+03 -1.92833236e+03  1.43e+02 3.00e+02  3.26e+05  1.12e+01 9.90e-01 1.36e+02  7.40e-01 1.61e-01      0s
   2   2.08829170e+03 -2.24561646e+03  1.13e+02 2.37e+02  2.63e+05  1.20e+01 9.02e-01 1.08e+02  8.03e-01 2.10e-01      0s
   3   2.67312163e+03 -2.64259862e+03  7.46e+01 1.57e+02  1.81e+05  1.31e+01 8.00e-01 8.54e+01  8.53e-01 3.39e-01      0s
   4   3.75951338e+03 -3.12682551e+03  1.96e+01 4.12e+01  5.51e+04  1.58e+01 6.89e-01 7.74e+01  8.60e-01 7.37e-01      0s
   5   3.58582267e+03 -3.26650784e+03  4.82e+00 1.01e+01  1.84e+04  1.04e+02 1.29e+00 1.87e+02  8.74e-01 7.54e-01      0s
   6   2.21493277e+03 -3.19708619e+03  1.72e+00 3.60e+00  8.90e+03  8.01e+02 2.28e+00 9.32e+01  1.00e+00 6.45e-01      0s
   7   9.90567253e+02 -1.65011226e+03  1.45e-14 1.17e-13  2.64e+03  1.04e+03 1.70e+00 2.67e+01  1.00e+00 1.00e+00      0s
   8   7.71833451e+02 -7.67443589e+02  3.80e-15 2.84e-14  1.54e+03  6.33e+02 1.16e+00 2.49e+00  7.86e-01 4.63e-01      0s
   9   6.83624528e+02 -6.43831767e+02  3.79e-15 2.16e-14  1.33e+03  2.74e+02 1.16e+00 2.15e+00  7.65e-01 1.53e-01      0s
  10   5.93825952e+02 -5.41039081e+02  5.56e-15 3.57e-14  1.13e+03  2.01e+02 1.07e+00 2.07e+00  7.79e-01 1.61e-01      0s
  11   5.02013342e+02 -4.53649139e+02  5.56e-15 3.18e-14  9.56e+02  1.43e+02 9.70e-01 1.99e+00  7.97e-01 1.75e-01      0s
  12   4.09695575e+02 -3.79407562e+02  3.24e-16 3.20e-14  7.89e+02  9.75e+01 8.57e-01 1.92e+00  8.18e-01 1.94e-01      0s
  13   3.18953955e+02 -3.16455921e+02  2.01e-15 2.89e-14  6.35e+02  6.39e+01 7.38e-01 1.85e+00  8.41e-01 2.16e-01      0s
  14   2.31889547e+02 -2.62688587e+02  2.01e-15 2.93e-14  4.95e+02  4.05e+01 6.22e-01 1.80e+00  8.68e-01 2.46e-01      0s
  15   1.49849457e+02 -2.15020014e+02  6.52e-16 2.16e-14  3.65e+02  2.54e+01 5.21e-01 1.76e+00  8.70e-01 2.91e-01      0s
  16   7.25455464e+01 -1.67520531e+02  8.12e-16 8.70e-15  2.40e+02  1.71e+01 4.54e-01 1.73e+00  8.00e-01 3.80e-01      0s
  17   1.19737153e+01 -1.14258053e+02  9.29e-16 7.79e-15  1.26e+02  1.48e+01 4.73e-01 1.70e+00  7.43e-01 5.27e-01      0s
  18   6.29015760e+00 -9.92229757e+01  2.22e-16 3.79e-15  1.06e+02  2.01e+01 7.47e-01 1.70e+00  7.97e-01 1.82e-01      0s
  19   1.17855643e+00 -8.28057424e+01  4.90e-16 4.78e-15  8.40e+01  2.07e+01 8.71e-01 1.69e+00  8.51e-01 2.27e-01      0s
  20  -3.68291201e+00 -6.38114466e+01  6.66e-16 7.16e-15  6.01e+01  2.10e+01 1.06e+00 1.70e+00  9.17e-01 3.16e-01      0s
  21  -8.38132110e+00 -4.12945297e+01  1.10e-15 4.04e-15  3.29e+01  2.08e+01 1.41e+00 1.70e+00  1.00e+00 5.03e-01      0s
  22  -1.18887900e+01 -2.12271547e+01  1.65e-15 1.86e-15  9.34e+00  1.93e+01 2.32e+00 1.71e+00  9.56e-01 7.96e-01      0s
  23  -1.21339526e+01 -2.05848434e+01  1.10e-15 5.00e-16  8.45e+00  1.22e+01 5.96e+00 1.70e+00  6.61e-01 1.06e-01      0s
  24  -1.23411228e+01 -2.01284035e+01  7.63e-16 7.85e-16  7.79e+00  1.10e+01 6.15e+00 1.70e+00  6.48e-01 8.73e-02      0s
  25  -1.25461791e+01 -1.97396182e+01  7.63e-16 8.16e-16  7.19e+00  9.89e+00 6.27e+00 1.69e+00  6.42e-01 8.47e-02      0s
  26  -1.27530215e+01 -1.94019554e+01  1.28e-15 7.55e-16  6.65e+00  8.88e+00 6.36e+00 1.69e+00  6.40e-01 8.41e-02      0s
  27  -1.29650003e+01 -1.91037811e+01  9.85e-16 5.44e-16  6.14e+00  7.93e+00 6.43e+00 1.69e+00  6.43e-01 8.53e-02      0s
  28  -1.31855273e+01 -1.88361794e+01  1.18e-15 3.33e-16  5.65e+00  7.07e+00 6.48e+00 1.68e+00  6.51e-01 8.84e-02      0s
  29  -1.34184477e+01 -1.85919157e+01  1.10e-15 3.24e-16  5.17e+00  6.30e+00 6.54e+00 1.68e+00  6.63e-01 9.38e-02      0s
  30  -1.36676729e+01 -1.83654070e+01  9.02e-16 1.05e-15  4.70e+00  5.65e+00 6.64e+00 1.67e+00  6.82e-01 1.02e-01      0s
  31  -1.39386650e+01 -1.81508402e+01  1.18e-15 5.69e-16  4.21e+00  5.15e+00 6.82e+00 1.66e+00  7.07e-01 1.15e-01      0s
  32  -1.42382811e+01 -1.79422085e+01  9.02e-16 3.55e-16  3.70e+00  4.88e+00 7.17e+00 1.66e+00  7.40e-01 1.34e-01      0s
  33  -1.45756039e+01 -1.77318272e+01  8.74e-16 5.96e-16  3.16e+00  4.92e+00 7.84e+00 1.65e+00  7.83e-01 1.64e-01      0s
  34  -1.49647746e+01 -1.75061967e+01  9.02e-16 1.07e-15  2.54e+00  5.53e+00 9.16e+00 1.64e+00  8.41e-01 2.16e-01      0s
  35  -1.54297056e+01 -1.72347560e+01  4.30e-16 5.64e-16  1.81e+00  7.23e+00 1.19e+01 1.63e+00  8.35e-01 3.22e-01      1s
  36  -1.60191500e+01 -1.68148099e+01  3.19e-16 9.98e-16  7.96e-01  1.17e+01 1.84e+01 1.62e+00  8.09e-01 6.21e-01      1s
  37  -1.61016972e+01 -1.66706699e+01  4.84e-16 9.89e-16  5.69e-01  2.70e+01 4.87e+01 1.60e+00  9.15e-01 3.17e-01      1s
  38  -1.61864238e+01 -1.65021621e+01  3.04e-16 1.15e-15  3.16e-01  2.79e+01 6.67e+01 1.62e+00  9.98e-01 4.95e-01      1s
  39  -1.62746904e+01 -1.63062642e+01  1.34e-15 5.91e-16  3.16e-02  2.74e+01 1.14e+02 1.64e+00  1.00e+00 1.00e+00      1s

The algorithm stopped after 40 iterations in 0.52 seconds.

Primal variables:   [+0.002 +0.007 +3.101 +1.507]
Dual slacks:        [+4.960 +0.619 +0.002 +0.008]
Dual variables:     [-7.909 +6.120]

Primal objective:   -1.62746904e+01
Dual objective:     -1.63062642e+01

Primal residual:    1.34e-15
Dual residual:      5.91e-16
Complementraty:     3.16e-02

Number of Iter:     40
Run time:           0.52
