
--------------- Linear optimization problem characteristics ---------------
Seed:                    55
Number of variables:     4
Number of constraints:   2

Norm of primal sol:      1.07e+01
Norm of dual sol:        1.00e+01
Norm of dual slacks:     5.00e+00

Norm of vector b:        2.00e+00
Norm of vector c:        1.43e+01

Norm of matrix A:        1.00e+00
Condition number:        2.00e+00

----------------------- Linear optimization problem -----------------------
Coeff matrix A:          [[-0.384 +0.221 -0.283 -0.051]
                          [-0.202 -0.624 -0.734 +0.051]]

RHS vector b:            [-1.982 -0.264]
Obj vector c:            [+1.448 +10.972 +9.083 -0.579]

---------------------------- Optimal solution -----------------------------
Primal variables:         [+3.842 +0.000 +0.000 +10.007]
Dual slacks:              [+0.000 +4.476 +2.229 +0.000]
Dual variables:           [+1.436 -9.896]

Optimal objective:       -2.31024534e-01
===========================================================================

Method:                  II-IPM
LO_Precision:            1.00e-01
Stop_Precision:          1.00e-08
LO_Verbosity:            2
Omega:                   5.00e+02

The Inexact Infeasible Interior-Point Method starts running ...


                  Objective                Residual                                               Step-length
Iter      Primal           Dual         Primal    Dual     Compl    Cond-Num  ||M||   ||RHS||    a-star   a-hat      Time
   0   4.23672482e+03 -8.41074300e+02  2.98e+02 3.72e+02  4.00e+05  4.00e+00 1.00e+00 8.59e+02  7.40e-01 6.24e-01      0s
   1   2.84724658e+03 -1.20699340e+03  1.93e+02 2.41e+02  2.69e+05  2.62e+00 4.03e-01 1.45e+02  8.76e-01 3.52e-01      0s
   2   1.58262384e+03 -1.71646899e+03  9.84e+01 1.23e+02  1.44e+05  3.19e+00 3.03e-01 6.23e+01  8.49e-01 4.91e-01      0s
   3   9.82695319e+02 -2.24014792e+03  5.58e+01 6.97e+01  8.59e+04  5.29e+00 2.31e-01 2.91e+01  7.68e-01 4.33e-01      0s
   4   6.42465168e+02 -2.70327076e+03  3.44e+01 4.29e+01  5.55e+04  8.61e+00 1.95e-01 2.05e+01  7.83e-01 3.84e-01      0s
   5   3.26944587e+02 -3.19607889e+03  1.63e+01 2.03e+01  2.87e+04  1.12e+01 1.52e-01 1.10e+01  8.68e-01 5.27e-01      0s
   6   3.72818539e+01 -3.51311107e+03  9.79e-01 1.22e+00  5.02e+03  1.34e+01 9.05e-02 2.66e+00  1.00e+00 9.40e-01      0s
   7   1.68741882e+01 -1.34803198e+03  8.67e-16 9.85e-14  1.36e+03  1.45e+01 1.91e-02 1.74e+00  1.00e+00 1.00e+00      0s
   8   1.62797885e+01 -1.20210828e+02  2.22e-16 8.80e-14  1.36e+02  1.57e+01 3.58e-02 1.81e+00  1.00e+00 1.00e+00      0s
   9   1.52176576e+01 -3.87696288e+01  1.29e-15 2.78e-14  5.40e+01  1.50e+01 3.41e-01 1.80e+00  9.76e-01 6.72e-01      0s
  10   1.45266947e+01 -2.98970739e+01  1.42e-15 2.23e-14  4.44e+01  1.24e+01 7.50e-01 1.79e+00  8.21e-01 1.97e-01      0s
  11   1.38330924e+01 -2.39053848e+01  6.66e-16 1.79e-14  3.77e+01  1.12e+01 8.48e-01 1.78e+00  7.87e-01 1.67e-01      0s
  12   1.31380368e+01 -1.95895906e+01  2.48e-16 1.61e-14  3.27e+01  9.98e+00 9.25e-01 1.78e+00  7.60e-01 1.48e-01      0s
  13   1.24400867e+01 -1.63223727e+01  6.28e-16 1.28e-14  2.88e+01  8.85e+00 9.87e-01 1.78e+00  7.40e-01 1.35e-01      0s
  14   1.17422755e+01 -1.37719326e+01  2.22e-16 1.17e-14  2.55e+01  7.78e+00 1.04e+00 1.77e+00  7.26e-01 1.25e-01      0s
  15   1.10457041e+01 -1.17275565e+01  5.98e-16 1.09e-14  2.28e+01  6.79e+00 1.07e+00 1.77e+00  7.15e-01 1.19e-01      0s
  16   1.03533713e+01 -1.00590772e+01  4.97e-16 9.50e-15  2.04e+01  5.89e+00 1.10e+00 1.76e+00  7.07e-01 1.15e-01      0s
  17   9.66767229e+00 -8.67697120e+00  3.14e-16 8.68e-15  1.83e+01  5.08e+00 1.12e+00 1.76e+00  7.02e-01 1.13e-01      0s
  18   8.99114420e+00 -7.51924293e+00  3.14e-16 8.04e-15  1.65e+01  4.35e+00 1.14e+00 1.76e+00  6.99e-01 1.11e-01      0s
  19   8.32579342e+00 -6.54075283e+00  4.00e-16 6.91e-15  1.49e+01  3.71e+00 1.15e+00 1.75e+00  6.99e-01 1.11e-01      0s
  20   7.67181516e+00 -5.70625654e+00  4.00e-16 5.58e-15  1.34e+01  3.15e+00 1.15e+00 1.75e+00  7.00e-01 1.11e-01      0s
  21   7.02845577e+00 -4.98882114e+00  3.33e-16 5.37e-15  1.20e+01  2.66e+00 1.16e+00 1.74e+00  7.03e-01 1.13e-01      0s
  22   6.39363251e+00 -4.36694549e+00  2.22e-16 5.01e-15  1.08e+01  2.23e+00 1.16e+00 1.74e+00  7.09e-01 1.16e-01      0s
  23   5.76179975e+00 -3.82117894e+00  2.48e-16 3.64e-15  9.58e+00  1.87e+00 1.16e+00 1.73e+00  7.19e-01 1.22e-01      0s
  24   5.12705654e+00 -3.33643856e+00  4.97e-16 3.06e-15  8.46e+00  1.58e+00 1.17e+00 1.73e+00  7.33e-01 1.30e-01      0s
  25   4.48113208e+00 -2.89906411e+00  2.22e-16 2.57e-15  7.38e+00  1.40e+00 1.22e+00 1.72e+00  7.52e-01 1.42e-01      0s
  26   3.81420386e+00 -2.49678815e+00  0.00e+00 2.17e-15  6.31e+00  1.43e+00 1.38e+00 1.72e+00  7.79e-01 1.61e-01      0s
  27   3.11225903e+00 -2.11612008e+00  2.48e-16 1.75e-15  5.23e+00  1.73e+00 1.72e+00 1.71e+00  8.15e-01 1.91e-01      0s
  28   2.35728714e+00 -1.74099511e+00  2.48e-16 2.02e-15  4.10e+00  2.30e+00 2.31e+00 1.70e+00  8.63e-01 2.40e-01      0s
  29   1.52627800e+00 -1.34735019e+00  2.48e-16 2.11e-15  2.87e+00  3.32e+00 3.35e+00 1.69e+00  9.27e-01 3.32e-01      1s
  30   5.85012479e-01 -8.83090784e-01  3.14e-16 1.01e-15  1.47e+00  5.29e+00 5.56e+00 1.68e+00  9.85e-01 5.43e-01      1s
  31  -1.75269644e-01 -3.86551629e-01  7.02e-16 7.14e-17  2.11e-01  1.01e+01 1.30e+01 1.67e+00  1.00e+00 9.51e-01      1s
  32  -2.21797060e-01 -2.42925259e-01  1.20e-15 2.41e-16  2.11e-02  2.23e+01 8.66e+01 1.72e+00  1.00e+00 1.00e+00      1s

The algorithm stopped after 33 iterations in 0.52 seconds.

Primal variables:   [+3.838 +0.001 +0.002 +10.032]
Dual slacks:        [+0.001 +4.470 +2.226 +0.001]
Dual variables:     [+1.443 -9.903]

Primal objective:   -2.21797060e-01
Dual objective:     -2.42925259e-01

Primal residual:    1.20e-15
Dual residual:      2.41e-16
Complementraty:     2.11e-02

Number of Iter:     33
Run time:           0.52
