
--------------- Linear optimization problem characteristics ---------------
Seed:                    71
Number of variables:     4
Number of constraints:   2

Norm of primal sol:      3.09e+00
Norm of dual sol:        1.00e+01
Norm of dual slacks:     5.00e+00

Norm of vector b:        2.00e+00
Norm of vector c:        8.91e+00

Norm of matrix A:        1.00e+00
Condition number:        2.00e+00

----------------------- Linear optimization problem -----------------------
Coeff matrix A:          [[-0.035 -0.236 +0.604 -0.111]
                          [-0.567 -0.405 +0.416 +0.397]]

RHS vector b:            [+1.799 +0.875]
Obj vector c:            [-3.513 +0.204 +7.333 +3.632]

---------------------------- Optimal solution -----------------------------
Primal variables:         [+0.673 +0.000 +3.018 +0.000]
Dual slacks:              [+0.000 +4.447 +0.000 +2.286]
Dual variables:           [+8.223 +5.691]

Optimal objective:       +1.97672230e+01
===========================================================================

Method:                  II-QIPM
LO_Precision:            1.00e-01
Stop_Precision:          1.00e-03
LO_Verbosity:            2
Omega:                   1.00e+02

The Quantum Inexact Infeasible Interior-Point Method starts running ...


                  Objective                Residual                                Linear system           Step-length
Iter      Primal           Dual         Primal    Dual     Compl    ||Resl||  Cond-Num  ||M||   ||RHS||    a-star   a-hat      Time
   0   7.63029365e+02  0.00000000e+00  3.05e+01 1.52e+01  4.03e+03  3.09e+01  4.00e+00 1.00e+00 3.09e+01  9.66e-01 9.23e-01      0s
   1   6.91298501e+02 -5.69343722e-01  7.61e+00 3.11e+00  1.33e+03  2.26e+00  5.52e+00 1.40e+01 1.20e+02  9.06e-01 7.95e-01      0s
   2   3.59675464e+02  5.46679977e+00  1.09e+00 6.75e-16  3.60e+02  1.09e+00  5.26e+00 2.93e+01 2.72e+01  1.00e+00 1.00e+00      0s
   3   4.47793137e+01  6.68011645e+00  9.36e-02 9.93e-16  3.74e+01  9.71e-02  1.14e+01 6.22e+01 3.76e+00  1.00e+00 9.94e-01      1s
   4   3.44547119e+00  6.68011645e+00  2.15e+00 0.00e+00  3.74e+00  2.15e+00  7.64e+00 5.14e+00 2.15e+00  1.00e+00 1.00e+00      1s
   5   3.19116000e+00  1.77046225e+01  1.79e+00 1.11e-15  1.19e+00  1.41e-02  1.67e+01 8.94e-01 2.01e+00  1.84e-01 1.68e-01      1s
   6   3.32996121e+00  1.77861424e+01  1.77e+00 1.37e-15  1.18e+00  4.67e-03  8.77e+00 5.96e-01 1.95e+00  1.41e-01 8.97e-03      1s
   7   3.37599453e+00  1.78108776e+01  1.77e+00 9.42e-16  1.18e+00  7.11e-04  9.98e+00 6.68e-01 1.95e+00  1.48e-01 3.00e-03      1s
   8   3.42398568e+00  1.78351235e+01  1.76e+00 2.11e-15  1.17e+00  3.21e-02  1.04e+01 6.93e-01 1.94e+00  1.52e-01 3.10e-03      2s
   9   3.47314514e+00  1.78599442e+01  1.76e+00 2.20e-15  1.17e+00  3.92e-03  1.08e+01 7.19e-01 1.94e+00  1.54e-01 3.21e-03      2s
  10   3.52486098e+00  1.78846268e+01  1.75e+00 1.57e-15  1.17e+00  3.00e-02  1.13e+01 7.46e-01 1.94e+00  1.57e-01 3.36e-03      2s
  11   3.57806838e+00  1.79098072e+01  1.74e+00 1.11e-15  1.16e+00  9.84e-03  1.18e+01 7.75e-01 1.94e+00  1.60e-01 3.48e-03      2s
  12   3.63422443e+00  1.79347810e+01  1.74e+00 9.31e-16  1.16e+00  3.97e-02  1.23e+01 8.06e-01 1.94e+00  1.64e-01 3.65e-03      3s
  13   3.69172403e+00  1.79606269e+01  1.73e+00 9.68e-16  1.16e+00  2.34e-03  1.29e+01 8.39e-01 1.94e+00  1.66e-01 3.79e-03      3s
  14   3.75338438e+00  1.79856918e+01  1.72e+00 1.43e-15  1.15e+00  6.40e-02  1.35e+01 8.75e-01 1.94e+00  1.71e-01 4.00e-03      3s
  15   3.81672719e+00  1.80116430e+01  1.72e+00 1.02e-15  1.15e+00  3.03e-02  1.42e+01 9.12e-01 1.94e+00  1.73e-01 4.16e-03      3s
  16   3.88245894e+00  1.80381667e+01  1.71e+00 5.09e-16  1.14e+00  1.67e-02  1.49e+01 9.53e-01 1.93e+00  1.76e-01 4.35e-03      3s
  17   3.09535837e+00  1.80381667e+01  1.77e+00 3.19e-16  8.83e-01  1.93e+00  1.56e+01 9.96e-01 1.93e+00  1.00e+00 2.52e-01      4s
  18   3.30539584e+00  1.81390135e+01  1.74e+00 1.07e-15  8.71e-01  2.64e-03  1.61e+01 7.94e-01 1.95e+00  1.42e-01 1.33e-02      4s
  19   3.54338285e+00  1.82384891e+01  1.72e+00 1.57e-15  8.58e-01  1.79e-02  1.94e+01 9.45e-01 1.94e+00  1.55e-01 1.52e-02      4s
  20   3.81449085e+00  1.83384927e+01  1.69e+00 1.42e-15  8.43e-01  2.29e-02  2.36e+01 1.13e+00 1.94e+00  1.68e-01 1.74e-02      5s
  21   4.11738743e+00  1.84382213e+01  1.65e+00 1.59e-15  8.27e-01  2.11e-02  2.88e+01 1.37e+00 1.93e+00  1.83e-01 1.97e-02      5s
  22   4.43780695e+00  1.85352788e+01  1.62e+00 1.02e-15  8.09e-01  4.38e-03  3.52e+01 1.68e+00 1.92e+00  1.99e-01 2.13e-02      6s
  23   4.74371090e+00  1.86181755e+01  1.58e+00 9.95e-16  7.93e-01  8.70e-03  4.23e+01 2.04e+00 1.92e+00  2.18e-01 2.06e-02      6s
  24   4.87770117e+00  1.86517469e+01  1.57e+00 1.67e-15  7.86e-01  3.47e-03  4.91e+01 2.43e+00 1.91e+00  2.35e-01 9.18e-03      7s
  25   5.02098614e+00  1.86866009e+01  1.55e+00 1.11e-15  7.78e-01  1.78e-04  5.20e+01 2.61e+00 1.91e+00  2.42e-01 9.89e-03      7s
  26   5.17581715e+00  1.87228044e+01  1.54e+00 1.27e-15  7.71e-01  9.69e-04  5.49e+01 2.81e+00 1.90e+00  2.50e-01 1.08e-02      8s
  27   5.34267677e+00  1.87597668e+01  1.52e+00 4.34e-16  7.62e-01  7.61e-03  5.81e+01 3.03e+00 1.90e+00  2.59e-01 1.17e-02      9s
  28   5.51690838e+00  1.87868278e+01  1.50e+00 1.03e-15  7.54e-01  1.36e-01  6.14e+01 3.29e+00 1.90e+00  2.79e-01 1.21e-02      9s
  29   5.71482815e+00  1.88279455e+01  1.48e+00 1.44e-15  7.44e-01  3.77e-03  6.56e+01 3.55e+00 1.89e+00  2.78e-01 1.42e-02     10s
  30   5.93190398e+00  1.88708227e+01  1.46e+00 1.17e-15  7.33e-01  4.57e-03  6.93e+01 3.89e+00 1.89e+00  2.89e-01 1.57e-02     11s
  31   6.17195385e+00  1.89160481e+01  1.43e+00 1.32e-15  7.20e-01  2.03e-03  7.32e+01 4.28e+00 1.88e+00  3.01e-01 1.76e-02     12s
  32   6.43906032e+00  1.89636908e+01  1.40e+00 1.91e-15  7.07e-01  2.93e-04  7.70e+01 4.75e+00 1.88e+00  3.15e-01 1.99e-02     13s
  33   6.73732411e+00  1.90135225e+01  1.37e+00 1.61e-15  6.91e-01  2.64e-04  8.09e+01 5.31e+00 1.87e+00  3.31e-01 2.27e-02     14s
  34   7.06986637e+00  1.90646411e+01  1.34e+00 1.61e-15  6.74e-01  4.62e-03  8.47e+01 5.98e+00 1.87e+00  3.49e-01 2.58e-02     15s
  35   7.44376270e+00  1.91172846e+01  1.30e+00 2.39e-15  6.55e-01  7.88e-03  8.84e+01 6.80e+00 1.86e+00  3.68e-01 2.97e-02     16s
  36   7.87511351e+00  1.91739639e+01  1.25e+00 2.67e-15  6.33e-01  6.30e-05  9.20e+01 7.82e+00 1.85e+00  3.90e-01 3.52e-02     17s
  37   8.37008650e+00  1.92325924e+01  1.20e+00 2.07e-15  6.08e-01  2.23e-04  9.50e+01 9.13e+00 1.84e+00  4.16e-01 4.18e-02     18s
  38   8.92971633e+00  1.92900398e+01  1.14e+00 1.68e-15  5.79e-01  1.08e-02  9.76e+01 1.08e+01 1.83e+00  4.47e-01 4.92e-02     19s
  39   9.59038320e+00  1.93508607e+01  1.07e+00 1.96e-15  5.45e-01  5.39e-03  1.00e+02 1.30e+01 1.82e+00  4.78e-01 6.10e-02     20s
  40   1.03767090e+01  1.94140661e+01  9.87e-01 2.36e-15  5.04e-01  2.21e-03  1.02e+02 1.61e+01 1.80e+00  5.03e-01 7.73e-02     21s
  41   1.12847920e+01  1.94737960e+01  8.92e-01 2.21e-15  4.58e-01  1.51e-02  1.02e+02 2.05e+01 1.79e+00  5.68e-01 9.64e-02     22s
  42   1.24142019e+01  1.95381043e+01  7.73e-01 1.42e-15  3.99e-01  5.61e-03  1.04e+02 2.69e+01 1.77e+00  5.94e-01 1.33e-01     23s
  43   1.37932322e+01  1.96012064e+01  6.29e-01 1.28e-15  3.27e-01  8.31e-03  1.03e+02 3.77e+01 1.74e+00  6.65e-01 1.87e-01     24s
  44   1.55790811e+01  1.96672076e+01  4.41e-01 9.05e-16  2.33e-01  6.15e-04  1.01e+02 5.71e+01 1.71e+00  7.26e-01 2.98e-01     24s
  45   1.77941438e+01  1.97264204e+01  2.09e-01 1.87e-15  1.15e-01  7.40e-03  9.43e+01 1.04e+02 1.68e+00  8.67e-01 5.26e-01     25s
  46   1.95787003e+01  1.97621703e+01  2.05e-02 7.76e-16  1.78e-02  1.86e-04  8.59e+01 2.74e+02 1.63e+00  9.93e-01 9.02e-01     26s

The algorithm stopped after 47 iterations in 26.36 seconds.

Primal variables:   [+0.665 +0.002 +2.987 +0.002]
Dual slacks:        [+0.003 +4.448 +0.001 +2.282]
Dual variables:     [+8.217 +5.697]

Primal objective:   1.95787003e+01 
Dual objective:     1.97621703e+01 

Primal residual:    2.05e-02
Dual residual:      7.76e-16
Complementraty:     1.78e-02

Number of Iter:     47
Run time:           26.36
