
--------------- Linear optimization problem characteristics ---------------
Seed:                    76
Number of variables:     4
Number of constraints:   2

Norm of primal sol:      2.00e+00
Norm of dual sol:        1.00e+01
Norm of dual slacks:     5.00e+00

Norm of vector b:        2.00e+00
Norm of vector c:        1.05e+01

Norm of matrix A:        1.00e+00
Condition number:        1.00e+00

----------------------- Linear optimization problem -----------------------
Coeff matrix A:          [[-0.584 +0.353 +0.622 -0.385]
                          [+0.176 -0.171 +0.686 +0.685]]

RHS vector b:            [+0.693 +1.876]
Obj vector c:            [+6.879 +1.092 +1.234 +7.719]

---------------------------- Optimal solution -----------------------------
Primal variables:         [+0.000 +0.000 +1.734 +1.003]
Dual slacks:              [+1.774 +4.675 +0.000 +0.000]
Dual variables:           [-6.445 +7.646]

Optimal objective:       +9.88241652e+00
===========================================================================

Method:                  II-QIPM
LO_Precision:            1.00e-01
Stop_Precision:          1.00e-03
LO_Verbosity:            2
Omega:                   1.00e+02

The Quantum Inexact Infeasible Interior-Point Method starts running ...


                  Objective                Residual                                Linear system           Step-length
Iter      Primal           Dual         Primal    Dual     Compl    ||Resl||  Cond-Num  ||M||   ||RHS||    a-star   a-hat      Time
   0   1.02797620e+03 -1.94744497e+02  3.82e+01 5.39e+01  1.26e+04 *2.66e-15  1.00e+00 1.00e+00 1.42e+02  8.25e-01 7.19e-01      0s
   1   1.00438201e+03 -2.01853203e+02  2.78e+01 3.90e+01  9.47e+03 *4.78e-01  6.69e+00 2.27e+00 7.76e+01  8.77e-01 2.76e-01      0s
   2   9.87048540e+02 -2.00013393e+02  1.76e+01 2.47e+01  6.37e+03 *2.85e-04  1.20e+01 3.39e+00 9.45e+01  9.60e-01 3.66e-01      1s
   3   9.65441459e+02 -1.76908469e+02  7.95e+00 1.14e+01  3.40e+03 *2.73e-01  2.37e+01 5.73e+00 1.09e+02  1.00e+00 5.40e-01      1s
   4   8.01643457e+02 -1.04932478e+02  4.50e-01 1.51e-14  8.83e+02 *4.50e-01  5.13e+01 1.22e+01 1.07e+02  1.00e+00 1.00e+00      1s
   5   2.93340375e+02 -9.70789656e+01  1.68e-01 7.19e-15  3.82e+02 *1.83e-03  9.89e+01 3.92e+01 4.48e+00  9.70e-01 6.29e-01      2s
   6   2.10238353e+02 -9.03588065e+01  1.29e-01 8.13e-15  2.95e+02 *2.26e-02  7.84e+01 1.25e+01 2.54e+00  8.44e-01 2.54e-01      3s
   7   1.57238079e+02 -8.30231310e+01  1.01e-01 7.35e-15  2.36e+02 *1.47e-04  6.60e+01 8.15e+00 2.28e+00  8.04e-01 2.21e-01      4s
   8   1.19983092e+02 -7.49902491e+01  8.46e-02 8.00e-15  1.92e+02  4.55e-02  5.37e+01 5.52e+00 2.14e+00  7.84e-01 2.08e-01      5s
   9   9.16451862e+01 -6.58303348e+01  6.67e-02 3.61e-15  1.55e+02  8.92e-05  4.19e+01 3.80e+00 2.05e+00  7.71e-01 2.11e-01      5s
  10   7.04357908e+01 -5.60496460e+01  8.26e-02 5.16e-15  1.25e+02  1.99e-01  3.07e+01 2.60e+00 1.99e+00  7.91e-01 2.20e-01      6s
  11   5.10420031e+01 -4.32680044e+01  6.17e-02 3.58e-15  9.32e+01  9.75e-03  2.12e+01 1.77e+00 1.95e+00  7.92e-01 2.79e-01      6s
  12   3.38551078e+01 -2.69963449e+01  4.32e-02 4.12e-15  6.04e+01  1.78e-02  1.22e+01 1.11e+00 1.92e+00  8.38e-01 3.90e-01      6s
  13   1.93543831e+01 -7.58703657e+00  2.08e-02 8.88e-16  2.69e+01  7.87e-03  5.11e+00 6.07e-01 1.90e+00  9.38e-01 6.14e-01      6s
  14   1.70167226e+01 -4.20250165e+00  3.32e-02 9.93e-16  2.11e+01  7.76e-02  1.22e+00 3.02e-01 1.87e+00  8.58e-01 2.37e-01      6s
  15   1.56135427e+01 -2.15721245e+00  3.80e-02 4.44e-16  1.76e+01  6.08e-02  1.76e+00 3.81e-01 1.86e+00  8.03e-01 1.82e-01      6s
  16   1.41992642e+01 -2.00315120e-01  1.90e-02 4.44e-16  1.43e+01  5.52e-02  2.44e+00 4.72e-01 1.86e+00  8.37e-01 2.09e-01      6s
  17   1.33967255e+00 -2.00315120e-01  1.85e+00 0.00e+00  1.43e+00  1.85e+00  3.50e+00 6.11e-01 1.85e+00  1.00e+00 1.00e+00      6s
  18   1.64798898e+00  5.56693714e+00  1.75e+00 2.22e-16  1.06e+00  8.60e-03  2.65e+00 5.09e-02 1.99e+00  7.05e-02 5.54e-02      7s
  19   1.38583809e+00  5.56693714e+00  1.79e+00 2.22e-16  8.94e-01  1.95e+00  1.58e+01 3.94e-01 1.95e+00  1.00e+00 1.78e-01      7s
  20   1.41171787e+00  5.69253940e+00  1.78e+00 6.28e-16  8.91e-01  1.15e-02  1.62e+01 3.38e-01 1.96e+00  1.09e-01 3.49e-03      7s
  21   1.43334575e+00  5.79236858e+00  1.78e+00 6.28e-16  8.88e-01  1.95e-02  1.66e+01 3.59e-01 1.96e+00  1.12e-01 2.91e-03      7s
  22   1.45554010e+00  5.89041215e+00  1.77e+00 4.74e-16  8.86e-01  9.94e-05  1.70e+01 3.77e-01 1.96e+00  1.16e-01 2.91e-03      8s
  23   1.47915945e+00  5.99087813e+00  1.77e+00 5.24e-16  8.83e-01  2.69e-02  1.73e+01 3.96e-01 1.96e+00  1.18e-01 3.16e-03      8s
  24   1.50360491e+00  6.09033596e+00  1.76e+00 7.71e-16  8.80e-01  1.51e-02  1.77e+01 4.16e-01 1.96e+00  1.22e-01 3.21e-03      9s
  25   1.52883783e+00  6.18847965e+00  1.75e+00 6.38e-16  8.77e-01  8.80e-04  1.80e+01 4.38e-01 1.96e+00  1.25e-01 3.25e-03      9s
  26   1.55573660e+00  6.28898834e+00  1.75e+00 1.09e-15  8.74e-01  2.69e-02  1.83e+01 4.60e-01 1.96e+00  1.28e-01 3.54e-03     10s
  27   1.58376623e+00  6.38902905e+00  1.74e+00 1.49e-15  8.71e-01  2.26e-02  1.86e+01 4.84e-01 1.95e+00  1.31e-01 3.66e-03     10s
  28   1.61258694e+00  6.48697751e+00  1.74e+00 2.01e-15  8.68e-01  8.40e-04  1.89e+01 5.11e-01 1.95e+00  1.29e-01 3.66e-03     10s
  29   1.64312549e+00  6.58627897e+00  1.73e+00 1.20e-15  8.64e-01  1.38e-02  1.92e+01 5.37e-01 1.95e+00  1.33e-01 3.93e-03     11s
  30   1.67569170e+00  6.68752024e+00  1.72e+00 1.54e-15  8.61e-01  3.41e-02  1.94e+01 5.67e-01 1.95e+00  1.38e-01 4.27e-03     11s
  31   1.70950229e+00  6.78733392e+00  1.71e+00 1.10e-15  8.57e-01  1.95e-02  1.97e+01 5.99e-01 1.95e+00  1.37e-01 4.35e-03     11s
  32   1.74445554e+00  6.88520717e+00  1.71e+00 1.67e-15  8.53e-01  1.36e-04  1.99e+01 6.34e-01 1.95e+00  1.36e-01 4.40e-03     12s
  33   1.78136043e+00  6.98348288e+00  1.70e+00 1.14e-15  8.49e-01  3.65e-03  2.01e+01 6.69e-01 1.95e+00  1.38e-01 4.66e-03     12s
  34   1.82076729e+00  7.08328929e+00  1.69e+00 1.14e-15  8.45e-01  1.89e-02  2.02e+01 7.07e-01 1.95e+00  1.43e-01 5.05e-03     13s
  35   1.86290769e+00  7.18458424e+00  1.68e+00 1.22e-15  8.40e-01  3.40e-02  2.04e+01 7.50e-01 1.94e+00  1.49e-01 5.50e-03     13s
  36   1.90758747e+00  7.28607197e+00  1.67e+00 1.68e-15  8.35e-01  3.60e-02  2.05e+01 7.98e-01 1.94e+00  1.52e-01 5.85e-03     13s
  37   1.95451278e+00  7.38638053e+00  1.66e+00 2.11e-15  8.30e-01  2.44e-02  2.07e+01 8.51e-01 1.94e+00  1.52e-01 6.08e-03     14s
  38   2.00393857e+00  7.48569107e+00  1.65e+00 2.45e-15  8.25e-01  1.43e-02  2.08e+01 9.07e-01 1.94e+00  1.54e-01 6.34e-03     14s
  39   2.05633861e+00  7.58459245e+00  1.64e+00 2.47e-15  8.19e-01  1.04e-02  2.08e+01 9.67e-01 1.94e+00  1.56e-01 6.71e-03     14s
  40   2.11218372e+00  7.68346821e+00  1.63e+00 2.42e-15  8.13e-01  1.08e-02  2.08e+01 1.03e+00 1.94e+00  1.60e-01 7.19e-03     15s
  41   2.17212532e+00  7.78283818e+00  1.61e+00 2.58e-15  8.07e-01  1.47e-02  2.07e+01 1.10e+00 1.93e+00  1.65e-01 7.78e-03     15s
  42   2.23672806e+00  7.88286906e+00  1.60e+00 2.21e-15  8.00e-01  2.13e-02  2.07e+01 1.19e+00 1.93e+00  1.71e-01 8.50e-03     16s
  43   2.30669820e+00  7.98375153e+00  1.59e+00 2.55e-15  7.93e-01  2.91e-02  2.06e+01 1.28e+00 1.93e+00  1.78e-01 9.35e-03     16s
  44   2.38261164e+00  8.08525018e+00  1.57e+00 2.31e-15  7.85e-01  3.53e-02  2.05e+01 1.38e+00 1.93e+00  1.85e-01 1.03e-02     16s
  45   2.46501148e+00  8.18687866e+00  1.55e+00 2.51e-15  7.76e-01  3.63e-02  2.04e+01 1.50e+00 1.92e+00  1.91e-01 1.13e-02     17s
  46   2.55393918e+00  8.28734300e+00  1.53e+00 1.67e-15  7.66e-01  2.60e-02  2.03e+01 1.64e+00 1.92e+00  1.95e-01 1.22e-02     17s
  47   2.64920656e+00  8.38521924e+00  1.51e+00 2.56e-15  7.57e-01  2.86e-03  2.01e+01 1.79e+00 1.92e+00  1.97e-01 1.28e-02     17s
  48   2.75495790e+00  8.48459210e+00  1.49e+00 2.87e-15  7.45e-01  1.55e-02  1.97e+01 1.96e+00 1.91e+00  2.08e-01 1.46e-02     18s
  49   2.87332522e+00  8.58579048e+00  1.47e+00 2.27e-15  7.33e-01  3.16e-02  1.94e+01 2.16e+00 1.91e+00  2.22e-01 1.70e-02     18s
  50   3.00180943e+00  8.68356349e+00  1.44e+00 2.85e-15  7.20e-01  2.04e-03  1.90e+01 2.40e+00 1.91e+00  2.24e-01 1.81e-02     19s
  51   3.14863986e+00  8.78434931e+00  1.41e+00 2.81e-15  7.04e-01  2.79e-02  1.86e+01 2.67e+00 1.90e+00  2.44e-01 2.17e-02     19s
  52   3.31179782e+00  8.88261372e+00  1.37e+00 1.94e-15  6.87e-01  6.59e-03  1.81e+01 3.02e+00 1.90e+00  2.51e-01 2.40e-02     19s
  53   3.50077807e+00  8.98337789e+00  1.33e+00 3.08e-15  6.67e-01  2.74e-02  1.75e+01 3.42e+00 1.89e+00  2.75e-01 2.94e-02     20s
  54   3.71423022e+00  9.08064888e+00  1.29e+00 2.34e-15  6.45e-01  1.13e-03  1.70e+01 3.96e+00 1.88e+00  2.83e-01 3.29e-02     20s
  55   3.96664792e+00  9.18006283e+00  1.24e+00 2.55e-15  6.18e-01  1.52e-02  1.62e+01 4.59e+00 1.88e+00  3.12e-01 4.12e-02     20s
  56   3.96664336e+00  9.18006283e+00  1.24e+00 2.55e-15  6.18e-01  1.87e+00  1.55e+01 5.47e+00 1.87e+00  1.00e+00 1.30e-06     21s

The solution quality is limited by the precision of the linear system solver.

The algorithm stopped after 57 iterations in 20.73 seconds.

Primal variables:   [+0.095 +0.041 +0.711 +0.310]
Dual slacks:        [+2.094 +4.448 +0.112 +0.506]
Dual variables:     [-6.054 +7.127]

Primal objective:   3.96664336e+00 
Dual objective:     9.18006283e+00 

Primal residual:    1.24e+00
Dual residual:      2.55e-15
Complementraty:     6.18e-01

Number of Iter:     57
Run time:           20.73
