
--------------- Linear optimization problem characteristics ---------------
Seed:                    44
Number of variables:     4
Number of constraints:   2

Norm of primal sol:      5.50e+00
Norm of dual sol:        1.00e+01
Norm of dual slacks:     5.00e+00

Norm of vector b:        2.00e+00
Norm of vector c:        1.01e+01

Norm of matrix A:        1.00e+00
Condition number:        8.00e+00

----------------------- Linear optimization problem -----------------------
Coeff matrix A:          [[+0.037 +0.303 +0.428 -0.220]
                          [-0.077 -0.477 -0.476 +0.479]]

RHS vector b:            [+1.593 -1.209]
Obj vector c:            [+4.197 -4.698 -6.306 +4.677]

---------------------------- Optimal solution -----------------------------
Primal variables:         [+0.000 +0.000 +4.949 +2.396]
Dual slacks:              [+4.961 +0.623 +0.000 +0.000]
Dual variables:           [-7.899 +6.133]

Optimal objective:       -1.99987937e+01
===========================================================================

Method:                  II-QIPM
LO_Precision:            1.00e-01
Stop_Precision:          1.00e-03
LO_Verbosity:            2
Omega:                   1.00e+02

The Quantum Inexact Infeasible Interior-Point Method starts running ...


                  Objective                Residual                                Linear system           Step-length
Iter      Primal           Dual         Primal    Dual     Compl    ||Resl||  Cond-Num  ||M||   ||RHS||    a-star   a-hat      Time
   0   3.14468549e+02 -5.35817758e+02  2.53e+01 6.72e+01  1.49e+04 *7.14e-14  6.40e+01 1.00e+00 9.22e+01  7.83e-01 6.66e-01      1s
   1   3.72274326e+02 -6.35107029e+02  1.98e+01 5.27e+01  1.20e+04 *1.43e-04  1.51e+02 9.35e-01 2.43e+01  8.24e-01 2.16e-01      3s
   2   4.38290811e+02 -7.39316942e+02  1.36e+01 3.61e+01  8.62e+03 *2.45e-02  1.60e+02 8.30e-01 1.75e+01  9.36e-01 3.15e-01      5s
   3   5.20838222e+02 -8.40663576e+02  4.85e+00 1.29e+01  3.88e+03 *5.33e-03  1.71e+02 7.01e-01 1.16e+01  1.00e+00 6.43e-01      6s
   4   4.08442130e+02 -6.74690065e+02  2.45e-02 2.18e-14  1.06e+03 *2.45e-02  2.21e+02 5.48e-01 7.06e+00  1.00e+00 1.00e+00      8s
   5   7.50317576e+01 -2.08882532e+02  6.96e-03 3.74e-14  2.82e+02  3.26e-03  4.47e+02 5.67e-01 1.37e+00  9.08e-01 8.07e-01     12s
   6   9.50834720e+00 -1.31704117e+02  9.15e-03 2.06e-14  1.40e+02  1.15e-02  2.39e+02 9.02e-01 1.05e+00  7.65e-01 5.60e-01     14s
   7   1.59549788e+00 -1.01858219e+02  7.63e-03 1.36e-14  1.03e+02  4.04e-03  3.30e+02 1.63e+00 1.14e+00  8.97e-01 2.95e-01     18s
   8  -5.90015328e+00 -6.69852990e+01  5.32e-03 1.14e-14  6.08e+01  2.53e-03  3.30e+02 2.12e+00 1.18e+00  9.80e-01 4.52e-01     22s
   9  -1.25700381e+01 -2.95198331e+01  4.22e-03 1.83e-15  1.69e+01  3.95e-03  3.12e+02 3.30e+00 1.25e+00  9.74e-01 8.01e-01     25s
  10  -1.30050610e+01 -2.81343759e+01  6.30e-03 3.04e-15  1.51e+01  2.15e-02  2.11e+02 8.78e+00 1.39e+00  6.99e-01 1.21e-01     27s
  11  -1.33345538e+01 -2.72062962e+01  5.78e-03 2.10e-15  1.38e+01  6.19e-04  1.92e+02 9.22e+00 1.40e+00  6.58e-01 9.19e-02     29s
  12  -1.36548286e+01 -2.64339889e+01  5.49e-03 2.13e-15  1.27e+01  2.42e-03  1.76e+02 9.51e+00 1.40e+00  6.48e-01 8.72e-02     31s
  13  -1.39706827e+01 -2.57791397e+01  5.21e-03 2.26e-15  1.18e+01  2.22e-03  1.60e+02 9.75e+00 1.41e+00  6.40e-01 8.41e-02     33s
  14  -1.42893848e+01 -2.52122214e+01  5.07e-03 2.02e-15  1.09e+01  3.49e-03  1.45e+02 9.94e+00 1.41e+00  6.38e-01 8.32e-02     35s
  15  -1.46123286e+01 -2.47164851e+01  4.79e-03 1.36e-15  1.01e+01  1.77e-03  1.31e+02 1.01e+01 1.41e+00  6.37e-01 8.31e-02     36s
  16  -1.49707931e+01 -2.42560022e+01  6.28e-03 1.43e-15  9.25e+00  2.11e-02  1.18e+02 1.02e+01 1.42e+00  6.59e-01 9.11e-02     37s
  17  -1.53229596e+01 -2.38560247e+01  6.05e-03 1.18e-15  8.50e+00  3.74e-03  1.06e+02 1.04e+01 1.42e+00  6.54e-01 8.98e-02     38s
  18  -1.57190485e+01 -2.34750351e+01  7.40e-03 1.57e-15  7.72e+00  1.92e-02  9.54e+01 1.05e+01 1.42e+00  6.83e-01 1.02e-01     39s
  19  -1.61365510e+01 -2.31238954e+01  8.08e-03 5.21e-16  6.95e+00  1.36e-02  8.65e+01 1.07e+01 1.43e+00  7.00e-01 1.11e-01     40s
  20  -1.65769991e+01 -2.27950725e+01  7.38e-03 1.92e-15  6.19e+00  2.34e-03  7.98e+01 1.11e+01 1.43e+00  7.18e-01 1.22e-01     41s
  21  -1.70694725e+01 -2.24688458e+01  6.67e-03 6.84e-16  5.38e+00  2.50e-03  7.61e+01 1.18e+01 1.43e+00  7.57e-01 1.46e-01     42s
  22  -1.76350881e+01 -2.21278592e+01  6.13e-03 1.03e-15  4.47e+00  3.80e-03  7.67e+01 1.29e+01 1.43e+00  8.09e-01 1.86e-01     43s
  23  -1.82914278e+01 -2.17445446e+01  4.68e-03 1.14e-15  3.44e+00  4.68e-04  8.50e+01 1.51e+01 1.43e+00  8.48e-01 2.56e-01     44s
  24  -1.91001722e+01 -2.12293800e+01  2.93e-03 5.70e-16  2.12e+00  5.46e-04  1.10e+02 2.00e+01 1.43e+00  8.10e-01 4.25e-01     45s
  25  -1.96797335e+01 -2.06664163e+01  1.18e-03 4.85e-16  9.86e-01  7.43e-06  1.85e+02 3.49e+01 1.42e+00  8.16e-01 5.94e-01     47s
  26  -1.98137205e+01 -2.04018245e+01  8.85e-04 7.50e-16  5.88e-01  5.20e-04  2.80e+02 7.67e+01 1.45e+00  9.79e-01 4.48e-01     51s
  27  -1.99569086e+01 -2.00874911e+01  1.96e-03 9.80e-16  1.32e-01  2.13e-03  2.79e+02 1.23e+02 1.49e+00  1.00e+00 8.64e-01     54s
  28  -1.99957054e+01 -2.00067834e+01  7.56e-03 1.56e-15  1.41e-02  7.56e-03  2.16e+02 4.47e+02 1.62e+00  1.00e+00 1.00e+00     56s

The algorithm stopped after 29 iterations in 56.20 seconds.

Primal variables:   [+0.001 +0.005 +4.912 +2.352]
Dual slacks:        [+4.961 +0.622 +0.001 +0.002]
Dual variables:     [-7.911 +6.123]

Primal objective:   -1.99957054e+01
Dual objective:     -2.00067834e+01

Primal residual:    7.56e-03
Dual residual:      1.56e-15
Complementraty:     1.41e-02

Number of Iter:     29
Run time:           56.20
