
--------------- Linear optimization problem characteristics ---------------
Seed:                    56
Number of variables:     4
Number of constraints:   2

Norm of primal sol:      2.18e+00
Norm of dual sol:        1.00e+01
Norm of dual slacks:     5.00e+00

Norm of vector b:        2.00e+00
Norm of vector c:        7.02e+00

Norm of matrix A:        1.00e+00
Condition number:        1.00e+00

----------------------- Linear optimization problem -----------------------
Coeff matrix A:          [[-0.687 +0.163 +0.614 +0.353]
                          [-0.553 -0.539 -0.599 +0.213]]

RHS vector b:            [-1.303 -1.517]
Obj vector c:            [-2.119 -5.574 -3.215 +1.846]

---------------------------- Optimal solution -----------------------------
Primal variables:         [+2.063 +0.699 +0.000 +0.000]
Dual slacks:              [+0.000 +0.000 +4.800 +1.399]
Dual variables:           [-4.213 +9.069]

Optimal objective:       -8.26602296e+00
===========================================================================

Method:                  II-QIPM
LO_Precision:            1.00e-01
Stop_Precision:          1.00e-03
LO_Verbosity:            2
Omega:                   1.00e+02

The Quantum Inexact Infeasible Interior-Point Method starts running ...


                  Objective                Residual                                Linear system           Step-length
Iter      Primal           Dual         Primal    Dual     Compl    ||Resl||  Cond-Num  ||M||   ||RHS||    a-star   a-hat      Time
   0  -1.65087431e+02 -1.41092036e+02  3.81e+01 5.09e+01  1.09e+04 *3.18e-14  1.00e+00 1.00e+00 1.75e+02  8.46e-01 7.51e-01      0s
   1  -1.04319957e+02 -1.36899567e+02  3.00e+01 3.96e+01  8.65e+03 *1.89e+00  1.24e+01 2.35e+00 7.87e+01  8.15e-01 2.24e-01      0s
   2  -6.24500487e+01 -1.36179372e+02  2.40e+01 3.15e+01  7.04e+03 *5.67e-01  1.93e+01 2.68e+00 7.08e+01  8.06e-01 2.04e-01      1s
   3  -3.03770694e+01 -1.37373447e+02  1.88e+01 2.45e+01  5.62e+03 *5.22e-01  2.82e+01 2.90e+00 6.14e+01  8.24e-01 2.21e-01      1s
   4  -8.66931348e+00 -1.40868777e+02  1.45e+01 1.89e+01  4.44e+03 *1.20e-01  4.02e+01 3.02e+00 5.03e+01  8.24e-01 2.30e-01      2s
   5   4.79851640e+00 -1.46357132e+02  1.08e+01 1.40e+01  3.39e+03 *1.90e-04  5.50e+01 2.98e+00 3.86e+01  8.23e-01 2.58e-01      2s
   6   1.12280770e+01 -1.53605429e+02  7.31e+00 9.49e+00  2.40e+03 *5.10e-02  7.24e+01 2.76e+00 2.71e+01  8.49e-01 3.23e-01      3s
   7   1.03709002e+01 -1.62398138e+02  3.93e+00 5.08e+00  1.38e+03 *4.76e-02  9.25e+01 2.31e+00 1.62e+01  9.03e-01 4.65e-01      5s
   8  -1.12210422e-01 -1.67706192e+02  2.56e-01 3.10e-01  2.44e+02 *1.67e-02  1.15e+02 1.57e+00 7.17e+00  1.00e+00 9.39e-01      5s
   9  -2.67094663e+00 -7.11098512e+01  2.16e-03 3.50e-14  6.82e+01 *2.16e-03  1.56e+02 3.67e-01 2.16e+00  1.00e+00 1.00e+00      7s
  10  -3.09189615e+00 -2.48302048e+01  2.26e-03 5.07e-15  2.17e+01 *2.30e-03  1.58e+02 5.07e-01 1.98e+00  9.99e-01 7.58e-01      9s
  11  -3.35116253e+00 -2.15366095e+01  2.21e-03 5.03e-15  1.81e+01 *1.97e-03  1.37e+02 1.39e+00 1.94e+00  8.03e-01 1.81e-01     12s
  12  -3.64511262e+00 -1.90547375e+01  4.92e-03 2.51e-15  1.53e+01 *1.77e-02  1.25e+02 1.56e+00 1.93e+00  8.05e-01 1.75e-01     13s
  13  -3.94361870e+00 -1.72034329e+01  8.14e-03 7.82e-15  1.31e+01 *2.49e-02  1.13e+02 1.71e+00 1.93e+00  7.89e-01 1.61e-01     14s
  14  -4.20248572e+00 -1.59144069e+01  8.65e-03 4.86e-15  1.15e+01 *1.20e-02  1.02e+02 1.83e+00 1.92e+00  7.36e-01 1.31e-01     15s
  15  -4.44085023e+00 -1.49396034e+01  7.73e-03 3.15e-15  1.04e+01 *5.90e-04  9.11e+01 1.93e+00 1.92e+00  7.01e-01 1.14e-01     16s
  16  -4.69196611e+00 -1.40926057e+01  7.59e-03 4.17e-15  9.27e+00 *6.46e-03  8.14e+01 2.02e+00 1.91e+00  7.09e-01 1.16e-01     17s
  17  -4.93565430e+00 -1.33959038e+01  6.82e-03 2.85e-15  8.36e+00 *6.23e-04  7.21e+01 2.11e+00 1.91e+00  6.95e-01 1.10e-01     18s
  18  -4.74887540e-01 -1.33959038e+01  1.88e+00 0.00e+00  9.40e-01  1.91e+00  6.36e+01 2.19e+00 1.91e+00  1.00e+00 9.86e-01     18s
  19  -5.06118665e-01 -1.32074301e+01  1.87e+00 2.88e-15  9.36e-01 *2.76e-02  2.43e+01 1.59e-01 1.99e+00  1.08e-01 4.12e-03     19s
  20  -5.25404279e-01 -1.30976818e+01  1.87e+00 1.13e-15  9.34e-01 *3.18e-02  2.44e+01 1.68e-01 1.99e+00  1.11e-01 2.57e-03     19s
  21  -5.45383446e-01 -1.29878972e+01  1.86e+00 2.55e-15  9.31e-01 *3.33e-02  2.45e+01 1.74e-01 1.99e+00  1.13e-01 2.68e-03     20s
  22  -5.66021945e-01 -1.28783333e+01  1.86e+00 2.00e-15  9.28e-01 *3.14e-02  2.46e+01 1.81e-01 1.99e+00  1.15e-01 2.78e-03     20s
  23  -5.87218457e-01 -1.27695378e+01  1.85e+00 2.56e-15  9.26e-01 *2.53e-02  2.47e+01 1.88e-01 1.99e+00  1.17e-01 2.85e-03     20s
  24  -6.08917990e-01 -1.26618655e+01  1.85e+00 2.48e-15  9.23e-01 *1.68e-02  2.47e+01 1.95e-01 1.99e+00  1.19e-01 2.92e-03     21s
  25  -6.31157335e-01 -1.25553251e+01  1.84e+00 2.48e-15  9.20e-01 *9.22e-03  2.48e+01 2.03e-01 1.99e+00  1.21e-01 2.98e-03     21s
  26  -6.54081284e-01 -1.24494818e+01  1.84e+00 3.12e-15  9.18e-01 *3.87e-03  2.49e+01 2.11e-01 1.99e+00  1.23e-01 3.07e-03     22s
  27  -6.77796630e-01 -1.23441361e+01  1.83e+00 4.11e-15  9.15e-01 *8.10e-04  2.49e+01 2.20e-01 1.99e+00  1.26e-01 3.18e-03     22s
  28  -7.02469433e-01 -1.22388695e+01  1.82e+00 2.46e-15  9.12e-01 *1.33e-04  2.50e+01 2.29e-01 1.98e+00  1.28e-01 3.32e-03     23s
  29  -7.28250938e-01 -1.21334124e+01  1.82e+00 2.76e-15  9.08e-01 *1.22e-03  2.50e+01 2.39e-01 1.98e+00  1.31e-01 3.49e-03     23s
  30  -7.55367235e-01 -1.20272939e+01  1.81e+00 2.44e-15  9.05e-01 *5.61e-03  2.51e+01 2.49e-01 1.98e+00  1.34e-01 3.70e-03     24s
  31  -7.84117232e-01 -1.19199269e+01  1.80e+00 2.79e-15  9.01e-01 *1.44e-02  2.52e+01 2.61e-01 1.98e+00  1.37e-01 3.98e-03     24s
  32  -8.14857238e-01 -1.18106902e+01  1.80e+00 3.01e-15  8.98e-01 *2.77e-02  2.53e+01 2.74e-01 1.98e+00  1.40e-01 4.33e-03     25s
  33  -8.47584552e-01 -1.17001018e+01  1.79e+00 2.87e-15  8.93e-01 *3.70e-02  2.55e+01 2.89e-01 1.98e+00  1.43e-01 4.68e-03     25s
  34  -8.81175901e-01 -1.15916534e+01  1.78e+00 2.89e-15  8.89e-01 *2.15e-02  2.57e+01 3.05e-01 1.98e+00  1.47e-01 4.76e-03     26s
  35  -9.15510909e-01 -1.14858263e+01  1.77e+00 3.95e-15  8.85e-01 *3.46e-03  2.59e+01 3.23e-01 1.98e+00  1.51e-01 4.80e-03     26s
  36  -9.51474711e-01 -1.13804733e+01  1.76e+00 3.38e-15  8.80e-01 *8.85e-05  2.60e+01 3.41e-01 1.98e+00  1.53e-01 5.04e-03     26s
  37  -9.89577832e-01 -1.12747092e+01  1.75e+00 3.70e-15  8.76e-01 *3.34e-03  2.61e+01 3.60e-01 1.98e+00  1.58e-01 5.38e-03     27s
  38  -1.03058083e+00 -1.11672164e+01  1.74e+00 3.21e-15  8.70e-01 *1.39e-02  2.62e+01 3.82e-01 1.98e+00  1.63e-01 5.89e-03     27s
  39  -1.07529575e+00 -1.10569632e+01  1.73e+00 3.28e-15  8.65e-01 *3.34e-02  2.63e+01 4.06e-01 1.98e+00  1.68e-01 6.60e-03     28s
  40  -1.12339664e+00 -1.09454849e+01  1.72e+00 2.86e-15  8.58e-01 *4.07e-02  2.66e+01 4.35e-01 1.98e+00  1.73e-01 7.21e-03     28s
  41  -1.17176802e+00 -1.08396002e+01  1.70e+00 3.10e-15  8.52e-01 *3.67e-03  2.69e+01 4.68e-01 1.97e+00  1.75e-01 7.01e-03     28s
  42  -1.22302268e+00 -1.07342654e+01  1.69e+00 2.94e-15  8.46e-01 *6.31e-05  2.70e+01 5.01e-01 1.97e+00  1.78e-01 7.44e-03     29s
  43  -1.27793558e+00 -1.06286391e+01  1.68e+00 3.60e-15  8.39e-01 *2.27e-03  2.71e+01 5.37e-01 1.97e+00  1.85e-01 8.05e-03     29s
  44  -1.33747807e+00 -1.05217845e+01  1.66e+00 3.12e-15  8.32e-01 *9.39e-03  2.71e+01 5.78e-01 1.97e+00  1.94e-01 8.87e-03     30s
  45  -1.40322675e+00 -1.04121662e+01  1.65e+00 3.09e-15  8.23e-01 *2.63e-02  2.72e+01 6.25e-01 1.97e+00  2.05e-01 1.01e-02     30s
  46  -1.47691052e+00 -1.02986123e+01  1.63e+00 2.63e-15  8.14e-01 *5.30e-02  2.75e+01 6.82e-01 1.97e+00  2.12e-01 1.18e-02     31s
  47  -1.55099046e+00 -1.01930227e+01  1.61e+00 2.94e-15  8.05e-01 *2.00e-03  2.79e+01 7.52e-01 1.97e+00  2.10e-01 1.12e-02     31s
  48  -1.63139345e+00 -1.00874124e+01  1.59e+00 3.18e-15  7.95e-01 *2.00e-03  2.79e+01 8.21e-01 1.96e+00  2.18e-01 1.23e-02     31s
  49  -1.71918543e+00 -9.98156305e+00  1.57e+00 3.07e-15  7.84e-01 *3.40e-03  2.79e+01 9.01e-01 1.96e+00  2.27e-01 1.36e-02     32s
  50  -1.81566072e+00 -9.87525767e+00  1.54e+00 3.65e-15  7.72e-01 *5.83e-03  2.79e+01 9.94e-01 1.96e+00  2.38e-01 1.52e-02     32s
  51  -1.92211208e+00 -9.76858302e+00  1.52e+00 3.74e-15  7.59e-01 *8.41e-03  2.79e+01 1.10e+00 1.96e+00  2.51e-01 1.71e-02     33s
  52  -2.04033033e+00 -9.66142429e+00  1.49e+00 2.97e-15  7.44e-01 *1.07e-02  2.79e+01 1.24e+00 1.95e+00  2.64e-01 1.93e-02     33s
  53  -2.17238832e+00 -9.55380724e+00  1.46e+00 3.60e-15  7.28e-01 *1.31e-02  2.78e+01 1.39e+00 1.95e+00  2.80e-01 2.21e-02     34s
  54  -2.32073520e+00 -9.44586598e+00  1.42e+00 2.97e-15  7.09e-01 *1.55e-02  2.78e+01 1.59e+00 1.95e+00  2.97e-01 2.54e-02     34s
  55  -2.48896908e+00 -9.33739570e+00  1.38e+00 3.58e-15  6.88e-01 *1.79e-02  2.78e+01 1.83e+00 1.94e+00  3.16e-01 2.96e-02     35s
  56  -2.68129354e+00 -9.22849482e+00  1.33e+00 2.80e-15  6.64e-01 *2.02e-02  2.78e+01 2.13e+00 1.94e+00  3.38e-01 3.50e-02     35s
  57  -2.90352063e+00 -9.11910535e+00  1.27e+00 4.48e-15  6.36e-01 *2.26e-02  2.78e+01 2.53e+00 1.94e+00  3.64e-01 4.19e-02     35s
  58  -3.16319983e+00 -9.00932165e+00  1.21e+00 2.85e-15  6.04e-01 *2.46e-02  2.78e+01 3.06e+00 1.93e+00  3.94e-01 5.13e-02     36s
  59  -3.47123240e+00 -8.89901150e+00  1.13e+00 4.53e-15  5.65e-01 *2.73e-02  2.78e+01 3.78e+00 1.92e+00  4.30e-01 6.43e-02     36s
  60  -3.84158059e+00 -8.78876110e+00  1.04e+00 3.69e-15  5.18e-01 *2.74e-02  2.78e+01 4.82e+00 1.92e+00  4.69e-01 8.24e-02     36s
  61  -4.30293842e+00 -8.67608432e+00  9.18e-01 3.72e-15  4.59e-01 *3.72e-02  2.77e+01 6.40e+00 1.91e+00  5.26e-01 1.14e-01     37s
  62  -4.85266651e+00 -8.57403975e+00  7.90e-01 3.06e-15  3.95e-01 *2.25e-04  2.80e+01 9.10e+00 1.89e+00  5.32e-01 1.40e-01     37s
  63  -5.59873922e+00 -8.46287642e+00  6.01e-01 1.97e-15  3.00e-01 *2.96e-02  2.63e+01 1.32e+01 1.88e+00  6.60e-01 2.39e-01     37s
  64  -6.62286959e+00 -8.35035545e+00  3.34e-01 1.85e-15  1.67e-01 *3.85e-02  2.65e+01 2.37e+01 1.85e+00  7.65e-01 4.46e-01     38s
  65  -7.61064518e+00 -8.27682565e+00  7.13e-02 9.82e-16  3.37e-02 *4.89e-02  2.83e+01 6.71e+01 1.80e+00  9.27e-01 8.33e-01     38s

The algorithm stopped after 66 iterations in 37.89 seconds.

Primal variables:   [+2.039 +0.592 +0.003 +0.008]
Dual slacks:        [+0.002 +0.009 +4.814 +1.399]
Dual variables:     [-4.221 +9.084]

Primal objective:   -7.61064518e+00
Dual objective:     -8.27682565e+00

Primal residual:    7.13e-02
Dual residual:      9.82e-16
Complementraty:     3.37e-02

Number of Iter:     66
Run time:           37.89
