
--------------- Linear optimization problem characteristics ---------------
Seed:                    15
Number of variables:     4
Number of constraints:   2

Norm of primal sol:      3.09e+00
Norm of dual sol:        1.00e+01
Norm of dual slacks:     5.00e+00

Norm of vector b:        2.00e+00
Norm of vector c:        8.00e+00

Norm of matrix A:        1.00e+00
Condition number:        8.00e+00

----------------------- Linear optimization problem -----------------------
Coeff matrix A:          [[+0.234 -0.285 +0.590 -0.527]
                          [+0.090 -0.087 +0.428 -0.233]]

RHS vector b:            [-1.849 -0.762]
Obj vector c:            [+2.786 +2.712 -4.964 +4.920]

---------------------------- Optimal solution -----------------------------
Primal variables:         [+0.000 +1.369 +0.000 +2.766]
Dual slacks:              [+4.990 +0.000 +0.320 +0.000]
Dual variables:           [-9.912 +1.324]

Optimal objective:       +1.73204403e+01
===========================================================================

Method:                  II-QIPM
LO_Precision:            1.00e-01
Stop_Precision:          1.00e-03
LO_Verbosity:            2
Omega:                   1.00e+02

The Quantum Inexact Infeasible Interior-Point Method starts running ...


                  Objective                Residual                                Linear system           Step-length
Iter      Primal           Dual         Primal    Dual     Compl    ||Resl||  Cond-Num  ||M||   ||RHS||    a-star   a-hat      Time
   0   6.67917712e+02 -1.51338803e+02  7.91e+00 7.50e+01  1.65e+04 *1.22e-13  6.40e+01 1.00e+00 2.73e+01  7.40e-01 6.20e-01      1s
   1   7.20784442e+02 -1.32000327e+02  6.64e+00 6.30e+01  1.41e+04 *1.38e-02  9.56e+01 1.07e+00 6.32e+01  7.50e-01 1.60e-01      2s
   2   7.77281782e+02 -1.11684274e+02  5.42e+00 5.19e+01  1.19e+04 *3.63e-01  1.22e+02 1.29e+00 7.30e+01  7.83e-01 1.77e-01      3s
   3   8.42406721e+02 -8.57840706e+01  4.08e+00 3.91e+01  9.23e+03 *1.54e-02  1.67e+02 1.63e+00 8.44e+01  8.61e-01 2.45e-01      5s
   4   9.14900023e+02 -5.78808002e+01  2.70e+00 2.63e+01  6.50e+03 *1.42e-01  2.53e+02 2.29e+00 9.74e+01  9.30e-01 3.29e-01      7s
   5   9.79463765e+02 -2.76062966e+01  1.26e+00 1.24e+01  3.52e+03 *2.85e-02  4.22e+02 3.66e+00 1.11e+02  9.87e-01 5.28e-01     10s
   6   8.77589457e+02 -3.32652046e+00  1.21e-02 2.16e-14  8.78e+02 *1.21e-02  7.48e+02 7.73e+00 1.11e+02  1.00e+00 1.00e+00     19s
   7   1.06523507e+02 -3.10964883e+00  4.53e-04 5.49e-15  1.10e+02 *1.22e-04  1.12e+03 2.69e+01 3.87e+00  1.00e+00 9.72e-01     43s
   8   7.52805175e+01 -2.65946783e+00  3.08e-04 1.01e-14  7.79e+01 *1.71e-07  1.06e+03 3.10e+00 2.15e+00  9.16e-01 3.21e-01     66s
   9   5.99295804e+01 -2.21572409e+00  2.47e-04 1.44e-15  6.21e+01 *3.69e-05  1.07e+03 2.17e+00 2.03e+00  8.49e-01 2.25e-01     90s
  10   5.05918572e+01 -1.77762598e+00  2.07e-04 8.42e-15  5.23e+01 *1.77e-05  1.11e+03 1.73e+00 1.97e+00  7.96e-01 1.75e-01    113s
  11   4.42936156e+01 -1.34420102e+00  1.84e-04 8.73e-15  4.56e+01 *5.05e-05  1.18e+03 1.49e+00 1.93e+00  7.53e-01 1.43e-01    137s
  12   3.97533804e+01 -9.13358641e-01  1.67e-04 8.83e-15  4.06e+01 *4.47e-05  1.26e+03 1.33e+00 1.90e+00  7.18e-01 1.21e-01    160s
  13   3.63280145e+01 -4.83331909e-01  1.51e-04 1.81e-14  3.68e+01 *1.15e-05  1.36e+03 1.23e+00 1.88e+00  6.88e-01 1.05e-01    194s
  14   3.36365992e+01 -4.96682979e-02  1.48e-04 1.52e-14  3.37e+01 *1.16e-04  1.47e+03 1.16e+00 1.87e+00  6.65e-01 9.44e-02    219s
  15   3.14662106e+01  3.89657351e-01  1.51e-04 1.50e-14  3.10e+01 *1.81e-04  1.59e+03 1.12e+00 1.86e+00  6.46e-01 8.62e-02    243s
  16   2.96718437e+01  8.38384913e-01  1.56e-04 1.01e-14  2.88e+01 *2.18e-04  1.72e+03 1.09e+00 1.85e+00  6.31e-01 8.03e-02    266s
  17   2.81442550e+01  1.30335336e+00  2.21e-04 1.53e-14  2.68e+01 *9.90e-04  1.86e+03 1.07e+00 1.84e+00  6.23e-01 7.74e-02    289s
  18   2.66179650e+01  1.84461288e+00  1.19e-03 2.29e-14  2.45e+01 *1.05e-02  2.01e+03 1.07e+00 1.83e+00  6.69e-01 9.45e-02    312s
  19   2.55452629e+01  2.33465615e+00  1.11e-03 2.52e-14  2.30e+01 *3.35e-05  2.23e+03 1.07e+00 1.83e+00  6.01e-01 6.97e-02    385s
  20   2.45989235e+01  2.84831972e+00  1.03e-03 2.61e-14  2.15e+01 *3.41e-05  2.39e+03 1.08e+00 1.82e+00  6.00e-01 6.95e-02    458s
  21   2.37545953e+01  3.39062393e+00  9.65e-04 2.56e-14  2.02e+01 *5.47e-05  2.55e+03 1.10e+00 1.82e+00  6.03e-01 7.04e-02    532s
  22   2.29946221e+01  3.96681414e+00  8.99e-04 1.59e-14  1.89e+01 *4.77e-05  2.71e+03 1.12e+00 1.82e+00  6.09e-01 7.25e-02    606s
  23   2.23054576e+01  4.58269198e+00  8.33e-04 1.15e-14  1.76e+01 *3.60e-05  2.87e+03 1.15e+00 1.81e+00  6.18e-01 7.57e-02    680s
  24   2.16741783e+01  5.24698114e+00  7.74e-04 2.50e-14  1.63e+01 *9.97e-05  3.02e+03 1.19e+00 1.81e+00  6.31e-01 8.08e-02    755s
  25   2.10926017e+01  5.96889401e+00  7.08e-04 1.83e-14  1.50e+01 *2.54e-05  3.18e+03 1.24e+00 1.81e+00  6.48e-01 8.76e-02    831s
  26   2.05525673e+01  6.75981308e+00  6.57e-04 2.18e-14  1.37e+01 *1.77e-04  3.33e+03 1.30e+00 1.80e+00  6.71e-01 9.73e-02    908s
  27   2.00490640e+01  7.63471527e+00  5.87e-04 2.04e-14  1.23e+01 *2.39e-05  3.47e+03 1.38e+00 1.80e+00  6.97e-01 1.10e-01    984s
  28   1.95759211e+01  8.61181864e+00  5.31e-04 1.64e-14  1.09e+01 *1.56e-04  3.60e+03 1.49e+00 1.80e+00  7.31e-01 1.29e-01   1057s
  29   1.91288237e+01  9.71757240e+00  4.65e-04 2.03e-14  9.36e+00 *1.06e-04  3.73e+03 1.65e+00 1.80e+00  7.72e-01 1.57e-01   1129s
  30   1.87035745e+01  1.09716638e+01  5.80e-04 1.85e-14  7.68e+00 *1.04e-03  3.84e+03 1.87e+00 1.80e+00  8.27e-01 2.00e-01   1205s
  31   1.82986947e+01  1.24482044e+01  4.37e-04 1.20e-14  5.82e+00 *4.54e-05  3.96e+03 2.22e+00 1.80e+00  8.82e-01 2.69e-01   1281s
  32   1.79258519e+01  1.40380557e+01  1.39e-03 4.75e-15  3.83e+00 *2.91e-03  4.03e+03 2.85e+00 1.80e+00  9.72e-01 3.85e-01   1357s
  33   1.75310905e+01  1.63064917e+01  3.69e-04 1.99e-15  1.22e+00 *2.34e-05  4.28e+03 4.24e+00 1.79e+00  1.00e+00 7.47e-01   1603s
  34   1.73899500e+01  1.72559406e+01  1.01e-03 1.25e-15  1.39e-01 *1.02e-03  3.84e+03 1.22e+01 1.80e+00  1.00e+00 9.93e-01   1681s
  35   1.73839152e+01  1.72651673e+01  8.85e-04 1.07e-15  1.23e-01 *6.96e-06  2.36e+03 1.03e+02 1.78e+00  7.00e-01 1.26e-01   1758s
  36   1.73781382e+01  1.72727124e+01  7.75e-04 1.32e-15  1.09e-01 *4.01e-06  2.10e+03 1.14e+02 1.78e+00  7.22e-01 1.24e-01   1835s
  37   1.73717704e+01  1.72799006e+01  6.77e-04 2.85e-16  9.51e-02 *8.73e-05  1.88e+03 1.26e+02 1.78e+00  7.51e-01 1.42e-01   1858s

The algorithm stopped after 38 iterations in 1858.18 seconds.

Primal variables:   [+0.004 +0.860 +0.115 +3.171]
Dual slacks:        [+4.983 +0.014 +0.352 +0.008]
Dual variables:     [-9.789 +1.079]

Primal objective:   1.73717704e+01 
Dual objective:     1.72799006e+01 

Primal residual:    6.77e-04
Dual residual:      2.85e-16
Complementraty:     9.51e-02

Number of Iter:     38
Run time:           1858.18
