
--------------- Linear optimization problem characteristics ---------------
Seed:                    60
Number of variables:     4
Number of constraints:   2

Norm of primal sol:      7.01e+00
Norm of dual sol:        1.00e+01
Norm of dual slacks:     5.00e+00

Norm of vector b:        2.00e+00
Norm of vector c:        8.43e+00

Norm of matrix A:        1.00e+00
Condition number:        2.00e+00

----------------------- Linear optimization problem -----------------------
Coeff matrix A:          [[+0.279 +0.539 +0.496 -0.433]
                          [+0.039 +0.649 -0.132 -0.080]]

RHS vector b:            [-1.960 -0.396]
Obj vector c:            [+1.208 +0.046 +8.163 -1.715]

---------------------------- Optimal solution -----------------------------
Primal variables:         [+2.888 +0.000 +0.000 +6.390]
Dual slacks:              [+0.000 +2.504 +4.328 +0.000]
Dual variables:           [+5.498 -8.353]

Optimal objective:       -7.46880772e+00
===========================================================================

Method:                  II-QIPM
LO_Precision:            1.00e-01
Stop_Precision:          1.00e-03
LO_Verbosity:            2
Omega:                   1.00e+02

The Quantum Inexact Infeasible Interior-Point Method starts running ...


                  Objective                Residual                                Linear system           Step-length
Iter      Primal           Dual         Primal    Dual     Compl    ||Resl||  Cond-Num  ||M||   ||RHS||    a-star   a-hat      Time
   0   5.18283123e+02  1.16666203e+02  4.52e+01 8.68e+01  1.87e+04 *7.11e-15  4.00e+00 1.00e+00 1.08e+02  6.78e-01 5.58e-01      0s
   1   5.08716756e+02  1.02936516e+02  3.85e+01 7.40e+01  1.62e+04  3.20e-02  8.82e+00 2.07e+00 9.22e+01  7.31e-01 1.48e-01      1s
   2   5.00031035e+02  8.67230980e+01  3.16e+01 6.07e+01  1.35e+04  6.81e-01  1.05e+01 2.66e+00 1.19e+02  7.77e-01 1.79e-01      1s
   3   4.93675438e+02  6.66168428e+01  2.40e+01 4.60e+01  1.05e+04  4.28e-01  1.27e+01 3.59e+00 1.49e+02  8.34e-01 2.42e-01      2s
   4   4.79031780e+02  6.66168428e+01  2.09e+01 4.53e+01  1.04e+04  1.85e+02  1.58e+01 5.31e+00 1.85e+02  3.24e-01 1.58e-02      2s
   5   4.82672738e+02  3.39448386e+01  1.13e+01 2.45e+01  5.99e+03  1.85e-03  1.69e+01 5.70e+00 2.03e+02  9.47e-01 4.58e-01      2s
   6   4.76579260e+02 -4.87816568e+00  8.83e-01 2.01e+00  9.40e+02  1.81e-01  2.28e+01 1.19e+01 2.49e+02  9.81e-01 9.18e-01      3s
   7   4.21168301e+02 -5.52850137e+00  7.11e-01 1.63e+00  7.83e+02  3.25e-01  3.55e+01 9.00e+01 1.36e+02  7.99e-01 1.89e-01      3s
   8   3.81163671e+02 -5.89142087e+00  6.12e-01 1.40e+00  6.86e+02  2.97e-01  4.04e+01 9.68e+01 1.10e+02  7.71e-01 1.39e-01      4s
   9   3.44579955e+02 -6.16727155e+00  5.34e-01 1.22e+00  6.05e+02  3.10e-01  4.56e+01 1.03e+02 9.40e+01  7.52e-01 1.32e-01      5s
  10   3.11823742e+02 -6.37585289e+00  4.80e-01 1.06e+00  5.37e+02  5.87e-01  5.24e+01 1.11e+02 7.99e+01  7.34e-01 1.25e-01      6s
  11   2.86260075e+02 -6.52353556e+00  5.59e-01 9.38e-01  4.80e+02  2.32e+00  6.14e+01 1.22e+02 6.75e+01  7.14e-01 1.18e-01      6s
  12   2.56565840e+02 -6.64919620e+00  4.98e-01 8.27e-01  4.29e+02  5.86e-02  7.27e+01 1.35e+02 5.69e+01  7.09e-01 1.18e-01      8s
  13   2.29161316e+02 -6.74528861e+00  4.47e-01 7.31e-01  3.84e+02  8.86e-02  8.83e+01 1.51e+02 4.63e+01  7.00e-01 1.16e-01      9s
  14   2.03796089e+02 -6.81881187e+00  4.08e-01 6.46e-01  3.44e+02  1.38e-01  1.09e+02 1.72e+02 3.61e+01  6.94e-01 1.16e-01     10s
  15   1.79636950e+02 -6.87708756e+00  3.64e-01 5.70e-01  3.07e+02  4.76e-02  1.37e+02 1.99e+02 2.62e+01  6.93e-01 1.18e-01     13s
  16   1.56784268e+02 -6.92430668e+00  3.27e-01 5.00e-01  2.72e+02  7.56e-02  1.76e+02 2.35e+02 1.62e+01  6.95e-01 1.22e-01     16s
  17   1.35626662e+02 -6.96400216e+00  3.29e-01 4.36e-01  2.40e+02  3.41e-01  2.31e+02 2.82e+02 6.87e+00  6.99e-01 1.28e-01     18s
  18   1.13435112e+02 -7.00641470e+00  2.81e-01 3.72e-01  2.08e+02 *2.23e-02  3.05e+02 3.47e+02 8.80e+00  7.20e-01 1.47e-01     24s
  19   9.04920676e+01 -7.05791058e+00  2.33e-01 3.06e-01  1.74e+02 *2.13e-02  4.15e+02 4.43e+02 2.13e+01  7.53e-01 1.78e-01     29s
  20   6.42425139e+01 -7.13922776e+00  1.76e-01 2.27e-01  1.32e+02 *2.09e-02  5.78e+02 5.97e+02 3.74e+01  7.60e-01 2.57e-01     42s
  21   2.13689943e+01 -7.36174893e+00  6.76e-02 8.44e-02  5.35e+01 *5.19e-03  8.39e+02 9.07e+02 5.90e+01  7.63e-01 6.29e-01     55s
  22   1.51638595e+01 -7.45781680e+00  4.71e-02 5.11e-02  3.58e+01 *2.10e-02  1.42e+03 2.66e+03 9.68e+01  9.84e-01 3.94e-01     88s
  23   1.04970222e+01 -7.51165015e+00  3.47e-02 3.28e-02  2.50e+01 *1.55e-02  1.42e+03 2.95e+03 6.34e+01  1.00e+00 3.58e-01    121s
  24   5.47131152e+00 -7.55429573e+00  2.32e-02 1.84e-02  1.59e+01 *9.85e-03  1.41e+03 2.87e+03 3.91e+01  1.00e+00 4.38e-01    153s
  25  -1.71098143e-01 -7.58753316e+00  1.16e-02 7.33e-03  8.05e+00 *4.40e-03  1.40e+03 2.47e+03 1.91e+01  1.00e+00 6.02e-01    185s
  26  -6.22681522e+00 -7.60884060e+00  2.71e-04 3.49e-16  1.38e+00 *2.71e-04  1.38e+03 1.63e+03 6.21e+00  1.00e+00 1.00e+00    216s
  27  -7.39099254e+00 -7.58711046e+00  5.05e-05 1.16e-15  1.97e-01 *6.63e-05  1.49e+03 3.75e+02 2.04e+00  9.89e-01 9.53e-01    246s
  28  -7.40843776e+00 -7.56647247e+00  6.87e-05 5.72e-16  1.59e-01 *1.35e-04  3.18e+03 1.22e+02 1.97e+00  8.11e-01 2.14e-01    334s
  29  -7.42359521e+00 -7.54603165e+00  1.04e-04 6.01e-16  1.23e-01 *2.10e-04  3.46e+03 1.45e+02 1.96e+00  8.69e-01 2.47e-01    424s
  30  -7.43877192e+00 -7.52284566e+00  1.23e-04 4.71e-16  8.51e-02 *1.60e-04  3.72e+03 1.81e+02 1.95e+00  9.34e-01 3.44e-01    509s

The algorithm stopped after 31 iterations in 508.83 seconds.

Primal variables:   [+3.033 +0.005 +0.004 +6.495]
Dual slacks:        [+0.006 +2.066 +4.497 +0.006]
Dual variables:     [+5.367 -7.570]

Primal objective:   -7.43877192e+00
Dual objective:     -7.52284566e+00

Primal residual:    1.23e-04
Dual residual:      4.71e-16
Complementraty:     8.51e-02

Number of Iter:     31
Run time:           508.83
