
--------------- Linear optimization problem characteristics ---------------
Seed:                    26
Number of variables:     4
Number of constraints:   2

Norm of primal sol:      4.32e+00
Norm of dual sol:        1.00e+01
Norm of dual slacks:     5.00e+00

Norm of vector b:        2.00e+00
Norm of vector c:        9.09e+00

Norm of matrix A:        1.00e+00
Condition number:        4.00e+00

----------------------- Linear optimization problem -----------------------
Coeff matrix A:          [[+0.283 +0.163 -0.073 +0.040]
                          [-0.445 -0.696 -0.087 +0.509]]

RHS vector b:            [+0.134 -1.996]
Obj vector c:            [+6.849 +5.730 +0.002 +1.686]

---------------------------- Optimal solution -----------------------------
Primal variables:         [+0.000 +2.421 +3.581 +0.000]
Dual slacks:              [+1.817 +0.000 +0.000 +4.658]
Dual variables:           [+7.649 -6.442]

Optimal objective:       +1.38795940e+01
===========================================================================

Method:                  II-QIPM
LO_Precision:            1.00e-01
Stop_Precision:          1.00e-03
LO_Verbosity:            2
Omega:                   1.00e+02

The Quantum Inexact Infeasible Interior-Point Method starts running ...


                  Objective                Residual                                Linear system           Step-length
Iter      Primal           Dual         Primal    Dual     Compl    ||Resl||  Cond-Num  ||M||   ||RHS||    a-star   a-hat      Time
   0   7.57772831e+02 -1.50736664e+01  2.83e+01 6.72e+01  1.50e+04 *2.56e-14  1.60e+01 1.00e+00 8.26e+01  7.65e-01 6.51e-01      0s
   1   7.31786525e+02 -1.93560073e+01  2.51e+01 5.98e+01  1.35e+04  1.64e-02  1.09e+01 1.01e+00 2.47e+01  6.60e-01 1.11e-01      1s
   2   7.10448473e+02 -2.26106462e+01  2.23e+01 5.30e+01  1.21e+04  1.08e-01  1.01e+01 1.10e+00 2.74e+01  6.89e-01 1.13e-01      1s
   3   6.90737376e+02 -2.51623846e+01  1.95e+01 4.66e+01  1.08e+04  1.10e+00  9.43e+00 1.21e+00 3.08e+01  7.03e-01 1.21e-01      1s
   4   6.71832909e+02 -2.66990173e+01  1.63e+01 3.91e+01  9.21e+03  7.82e-02  8.91e+00 1.36e+00 3.52e+01  7.66e-01 1.62e-01      1s
   5   6.54276670e+02 -2.69645778e+01  1.31e+01 3.19e+01  7.68e+03  1.22e+00  8.51e+00 1.62e+00 4.07e+01  7.92e-01 1.83e-01      1s
   6   6.37217626e+02 -2.50422511e+01  9.55e+00 2.39e+01  5.93e+03  1.05e+00  8.23e+00 2.01e+00 4.74e+01  8.61e-01 2.52e-01      2s
   7   6.17562055e+02 -1.87325738e+01  5.35e+00 1.38e+01  3.68e+03  4.34e-01  8.09e+00 2.75e+00 5.53e+01  9.71e-01 4.21e-01      2s
   8   5.71363821e+02 -7.08608071e+00  2.99e-01 3.24e+00  1.26e+03  1.28e+00  8.21e+00 4.80e+00 6.20e+01  1.00e+00 7.66e-01      2s
   9   3.68083112e+02 -1.76385523e-01  9.63e-03 9.17e-16  3.68e+02  9.63e-03  9.00e+00 1.54e+01 4.71e+01  1.00e+00 1.00e+00      2s
  10   3.68368291e+01  1.85673448e-01  4.37e-02 8.88e-16  3.68e+01  4.37e-02  9.25e+00 2.03e+01 1.75e+00  1.00e+00 1.00e+00      2s
  11   2.43917566e+01  1.64994710e+00  5.38e-02 1.11e-16  2.30e+01  7.16e-02  6.44e+00 1.44e+00 1.95e+00  7.17e-01 4.17e-01      2s
  12   2.32729880e+01  2.13848647e+00  5.06e-02 1.11e-16  2.14e+01  1.31e-02  4.69e+00 7.46e-01 1.91e+00  6.11e-01 7.80e-02      3s
  13   2.23371778e+01  2.61894562e+00  4.98e-02 5.55e-17  2.00e+01  4.01e-02  4.44e+00 6.91e-01 1.90e+00  6.12e-01 7.34e-02      3s
  14   2.15041637e+01  3.12964409e+00  4.84e-02 9.95e-16  1.87e+01  3.25e-02  4.24e+00 6.51e-01 1.89e+00  6.16e-01 7.47e-02      3s
  15   2.07638741e+01  3.67898607e+00  4.54e-02 4.48e-16  1.74e+01  9.39e-03  4.07e+00 6.21e-01 1.88e+00  6.23e-01 7.75e-02      3s
  16   1.69760526e+00  3.67898607e+00  1.87e+00 0.00e+00  1.74e+00  1.87e+00  3.93e+00 5.98e-01 1.87e+00  1.00e+00 1.00e+00      3s
  17   2.23531593e+00  1.11146567e+01  1.70e+00 4.44e-16  9.22e-01  4.96e-03  4.85e+00 7.58e-02 1.99e+00  1.10e-01 9.37e-02      3s
  18   2.80525973e+00  1.20680262e+01  1.62e+00 1.55e-15  8.45e-01  6.71e-03  5.59e+00 1.95e-01 1.97e+00  9.87e-02 4.68e-02      3s
  19   2.84849602e+00  1.21033622e+01  1.61e+00 1.37e-15  8.42e-01  7.24e-04  1.00e+01 4.64e-01 1.95e+00  1.30e-01 3.84e-03      3s
  20   2.87478590e+00  1.21236587e+01  1.61e+00 1.48e-15  8.40e-01  1.57e-02  1.04e+01 4.89e-01 1.95e+00  1.32e-01 2.32e-03      4s
  21   2.90174416e+00  1.21440411e+01  1.61e+00 1.57e-15  8.38e-01  1.36e-02  1.06e+01 5.04e-01 1.95e+00  1.34e-01 2.39e-03      4s
  22   2.92961779e+00  1.21649016e+01  1.60e+00 2.02e-15  8.36e-01  2.37e-03  1.08e+01 5.19e-01 1.95e+00  1.37e-01 2.50e-03      4s
  23   2.95825902e+00  1.21858365e+01  1.60e+00 1.76e-15  8.34e-01  1.88e-03  1.11e+01 5.36e-01 1.95e+00  1.39e-01 2.58e-03      4s
  24   2.98753913e+00  1.22063587e+01  1.59e+00 1.83e-15  8.32e-01  1.61e-02  1.13e+01 5.54e-01 1.94e+00  1.40e-01 2.62e-03      4s
  25   3.01764168e+00  1.22268554e+01  1.59e+00 1.69e-15  8.30e-01  1.95e-02  1.16e+01 5.72e-01 1.94e+00  1.42e-01 2.70e-03      5s
  26   3.04887599e+00  1.22480070e+01  1.58e+00 2.43e-15  8.28e-01  4.07e-03  1.18e+01 5.91e-01 1.94e+00  1.45e-01 2.84e-03      5s
  27   3.08107147e+00  1.22692518e+01  1.58e+00 2.35e-15  8.26e-01  4.33e-03  1.21e+01 6.12e-01 1.94e+00  1.47e-01 2.94e-03      5s
  28   3.11395278e+00  1.22898274e+01  1.57e+00 1.71e-15  8.24e-01  2.52e-02  1.24e+01 6.33e-01 1.94e+00  1.48e-01 2.96e-03      5s
  29   3.14798444e+00  1.23107595e+01  1.57e+00 2.71e-15  8.21e-01  1.85e-02  1.27e+01 6.56e-01 1.94e+00  1.51e-01 3.09e-03      5s
  30   3.18350905e+00  1.23325705e+01  1.56e+00 3.15e-15  8.19e-01  1.18e-04  1.30e+01 6.80e-01 1.94e+00  1.55e-01 3.29e-03      6s
  31   3.21963400e+00  1.23532970e+01  1.56e+00 2.89e-15  8.16e-01  2.98e-02  1.33e+01 7.05e-01 1.94e+00  1.55e-01 3.28e-03      6s
  32   3.25701256e+00  1.23741776e+01  1.55e+00 2.68e-15  8.14e-01  2.95e-02  1.37e+01 7.32e-01 1.94e+00  1.58e-01 3.41e-03      6s
  33   3.29633215e+00  1.23964012e+01  1.55e+00 2.23e-15  8.11e-01  1.61e-03  1.40e+01 7.60e-01 1.94e+00  1.63e-01 3.68e-03      6s
  34   3.33586974e+00  1.24165547e+01  1.54e+00 2.72e-15  8.08e-01  5.39e-02  1.44e+01 7.91e-01 1.94e+00  1.62e-01 3.57e-03      6s
  35   3.37756957e+00  1.24381681e+01  1.54e+00 2.50e-15  8.06e-01  2.31e-02  1.48e+01 8.22e-01 1.93e+00  1.67e-01 3.87e-03      7s
  36   3.26407933e+00  1.24381681e+01  1.55e+00 2.48e-15  7.76e-01  1.93e+00  1.52e+01 8.56e-01 1.93e+00  1.00e+00 4.01e-02      7s
  37   3.26402112e+00  1.24381681e+01  1.55e+00 2.48e-15  7.76e-01  1.94e+00  1.53e+01 8.28e-01 1.94e+00  1.00e+00 2.13e-05      7s

The solution quality is limited by the precision of the linear system solver.

The algorithm stopped after 38 iterations in 7.27 seconds.

Primal variables:   [+0.149 +0.384 +1.469 +0.025]
Dual slacks:        [+1.599 +0.254 +0.231 +4.132]
Dual variables:     [+9.785 -5.576]

Primal objective:   3.26402112e+00 
Dual objective:     1.24381681e+01 

Primal residual:    1.55e+00
Dual residual:      2.48e-15
Complementraty:     7.76e-01

Number of Iter:     38
Run time:           7.27
