
--------------- Linear optimization problem characteristics ---------------
Seed:                    74
Number of variables:     10
Number of constraints:   2

Norm of primal sol:      3.48e+01
Norm of dual sol:        1.00e+01
Norm of dual slacks:     5.00e+00

Norm of vector b:        2.00e+00
Norm of vector c:        1.16e+01

Norm of matrix A:        1.00e+00
Condition number:        2.00e+00

----------------------- Linear optimization problem -----------------------
Coeff matrix A:          [[+0.014 +0.272 -0.401 +0.105 +0.337 +0.205 -0.135 -0.137 +0.371 -0.302]
                          [-0.232 -0.157 +0.182 -0.284 -0.416 +0.081 +0.060 +0.210 -0.344 -0.212]]

RHS vector b:            [-1.998 -0.087]
Obj vector c:            [+0.288 +7.577 -4.119 +1.226 +5.139 +1.994 -1.383 -1.503 +3.917 -2.881]

---------------------------- Optimal solution -----------------------------
Primal variables:         [+4.051 +0.000 +17.240 +6.553 +0.000 +16.235 +14.293 +13.249 +14.234
 +2.262]
Dual slacks:              [+0.000 +4.766 +0.000 +0.000 +1.512 +0.000 +0.000 +0.000 +0.000 +0.000]
Dual variables:           [+9.980 -0.636]

Optimal objective:       -1.98856315e+01
===========================================================================

Method:                  II-QIPM
LO_Precision:            1.00e-01
Stop_Precision:          1.00e-03
LO_Verbosity:            2
Omega:                   1.00e+01

The Quantum Inexact Infeasible Interior-Point Method starts running ...


                  Objective                Residual                                Linear system           Step-length
Iter      Primal           Dual         Primal    Dual     Compl    ||Resl||  Cond-Num  ||M||   ||RHS||    a-star   a-hat      Time
   0   4.43876743e+01 -2.17076134e+01  4.91e+00 1.22e+01  4.40e+02  1.26e-15  4.00e+00 1.00e+00 7.36e+00  7.22e-01 5.99e-01      0s
   1   4.12009364e+01 -2.17076134e+01  4.53e+00 1.20e+01  4.31e+02  1.23e+01  3.81e+00 1.82e+00 1.23e+01  3.70e-01 2.28e-02      0s
   2   3.84692277e+01 -2.17076134e+01  4.20e+00 1.17e+01  4.24e+02  1.34e+01  3.82e+00 1.91e+00 1.34e+01  3.55e-01 1.89e-02      0s
   3   3.58867434e+01 -2.17076134e+01  3.88e+00 1.15e+01  4.17e+02  1.45e+01  3.84e+00 1.99e+00 1.45e+01  3.42e-01 1.74e-02      1s
   4   3.34338759e+01 -2.17076134e+01  3.58e+00 1.13e+01  4.11e+02  1.56e+01  3.86e+00 2.08e+00 1.56e+01  3.31e-01 1.60e-02      1s
   5   3.10983130e+01 -2.17076134e+01  3.29e+00 1.12e+01  4.06e+02  1.68e+01  3.88e+00 2.17e+00 1.68e+01  3.20e-01 1.48e-02      1s
   6   2.88647967e+01 -2.17076134e+01  3.01e+00 1.10e+01  4.00e+02  1.79e+01  3.91e+00 2.25e+00 1.79e+01  3.10e-01 1.37e-02      1s
   7   2.67242062e+01 -2.17076134e+01  2.74e+00 1.09e+01  3.96e+02  1.91e+01  3.93e+00 2.34e+00 1.91e+01  3.00e-01 1.27e-02      1s
   8   2.46684579e+01 -2.17076134e+01  2.49e+00 1.08e+01  3.92e+02  2.02e+01  3.96e+00 2.44e+00 2.02e+01  2.91e-01 1.19e-02      1s
   9   2.26883773e+01 -2.17076134e+01  2.24e+00 1.06e+01  3.88e+02  2.14e+01  3.98e+00 2.53e+00 2.14e+01  2.83e-01 1.11e-02      1s
  10   1.60758481e+01 -2.20300553e+01  1.56e+00 7.42e+00  2.81e+02  1.91e-02  4.01e+00 2.62e+00 2.26e+01  7.95e-01 3.02e-01      1s
  11   1.43983786e+01 -2.20300553e+01  1.33e+00 7.35e+00  2.78e+02  2.47e+01  3.63e+00 3.91e+00 2.47e+01  2.59e-01 9.43e-03      2s
  12   1.28280882e+01 -2.20300553e+01  1.12e+00 7.29e+00  2.76e+02  2.60e+01  3.66e+00 4.05e+00 2.60e+01  2.52e-01 8.55e-03      2s
  13   1.13003988e+01 -2.20300553e+01  9.20e-01 7.23e+00  2.74e+02  2.73e+01  3.68e+00 4.19e+00 2.73e+01  2.46e-01 8.06e-03      2s
  14   9.81179316e+00 -2.20300553e+01  7.43e-01 7.17e+00  2.72e+02  2.86e+01  3.71e+00 4.33e+00 2.86e+01  2.40e-01 7.61e-03      2s
  15   8.35905516e+00 -2.20300553e+01  5.99e-01 7.12e+00  2.71e+02  2.99e+01  3.73e+00 4.48e+00 2.99e+01  2.34e-01 7.20e-03      2s
  16   6.93923166e+00 -2.20300553e+01  5.13e-01 7.07e+00  2.69e+02  3.13e+01  3.76e+00 4.63e+00 3.13e+01  2.28e-01 6.82e-03      2s
  17   5.54820902e+00 -2.20300553e+01  5.10e-01 7.03e+00  2.67e+02  3.26e+01  3.79e+00 4.78e+00 3.26e+01  2.23e-01 6.48e-03      2s
  18   4.18623802e+00 -2.20300553e+01  5.87e-01 6.98e+00  2.66e+02  3.40e+01  3.82e+00 4.93e+00 3.40e+01  2.18e-01 6.15e-03      2s
  19   2.85093154e+00 -2.20300553e+01  7.16e-01 6.94e+00  2.64e+02  3.54e+01  3.85e+00 5.08e+00 3.54e+01  2.13e-01 5.84e-03      2s
  20   1.53875395e+00 -2.20300553e+01  8.72e-01 6.90e+00  2.63e+02  3.69e+01  3.89e+00 5.24e+00 3.69e+01  2.08e-01 5.57e-03      3s
  21   2.50238659e-01 -2.20300553e+01  1.04e+00 6.87e+00  2.62e+02  3.83e+01  3.92e+00 5.40e+00 3.83e+01  2.04e-01 5.31e-03      3s
  22  -1.01786857e+00 -2.20300553e+01  1.22e+00 6.83e+00  2.61e+02  3.98e+01  3.96e+00 5.57e+00 3.98e+01  2.00e-01 5.07e-03      3s
  23  -2.26740957e+00 -2.20300553e+01  1.40e+00 6.80e+00  2.59e+02  4.13e+01  4.00e+00 5.73e+00 4.13e+01  1.96e-01 4.85e-03      3s
  24  -3.12871512e+00 -2.12939876e+01  4.97e-01 2.51e+00  1.08e+02  1.16e-01  4.04e+00 5.90e+00 4.29e+01  9.25e-01 6.30e-01      3s
  25  -1.23453142e+01 -2.02215030e+01  1.69e-01 4.32e-01  2.50e+01  1.38e-01  2.72e+00 1.15e+01 2.44e+01  9.19e-01 8.28e-01      3s
  26  -1.39992934e+01 -2.01063095e+01  2.86e-02 2.71e-01  1.64e+01 *2.11e-01  2.34e+00 5.05e+01 8.95e+00  8.98e-01 3.73e-01      3s
  27  -1.65470590e+01 -1.99943375e+01  9.98e-03 1.33e-01  8.61e+00 *3.74e-02  2.32e+00 8.50e+01 8.78e+00  9.51e-01 5.09e-01      3s
  28  -1.97649644e+01 -1.98971490e+01  5.78e-02 1.80e-02  1.43e+00 *6.80e-02  2.34e+00 1.87e+02 8.71e+00  9.92e-01 8.65e-01      3s
  29  -1.88568817e+01 -1.98867513e+01  9.68e-02 1.85e-03  1.84e-01 *1.14e-01  2.45e+00 1.51e+03 7.91e+00  9.81e-01 8.97e-01      3s
  30  -1.75598063e+01 -1.98863026e+01  2.28e-01 1.10e-03  1.14e-01 *4.22e-01  2.35e+00 1.67e+04 1.26e+01  9.91e-01 4.07e-01      3s
  31  -1.75586759e+01 -1.98863022e+01  2.28e-01 1.10e-03  1.14e-01 *4.20e-01  2.33e+00 3.00e+04 1.35e+01  9.97e-01 6.07e-04      4s

The solution quality is limited by the precision of the linear system solver.

The algorithm stopped after 32 iterations in 3.66 seconds.

Primal variables:   [+12.810 +0.006 +18.247 +12.720 +0.020 +39.162 +19.036 +29.660 +15.296
 +10.037]
Dual slacks:        [+0.001 +4.766 +0.000 +0.001 +1.512 +0.000 +0.000 +0.000 +0.000 +0.001]
Dual variables:     [+9.980 -0.635]

Primal objective:   -1.75586759e+01
Dual objective:     -1.98863022e+01

Primal residual:    2.28e-01
Dual residual:      1.10e-03
Complementraty:     1.14e-01

Number of Iter:     32
Run time:           3.66
