
--------------- Linear optimization problem characteristics ---------------
Seed:                    10
Number of variables:     8
Number of constraints:   2

Norm of primal sol:      1.70e+01
Norm of dual sol:        1.00e+01
Norm of dual slacks:     5.00e+00

Norm of vector b:        2.00e+00
Norm of vector c:        8.01e+00

Norm of matrix A:        1.00e+00
Condition number:        2.00e+00

----------------------- Linear optimization problem -----------------------
Coeff matrix A:          [[+0.420 +0.151 +0.298 -0.280 +0.561 +0.288 +0.057 -0.481]
                          [-0.200 +0.274 -0.092 -0.104 +0.185 +0.020 +0.237 +0.160]]

RHS vector b:            [-1.155 +1.633]
Obj vector c:            [+3.723 -3.080 -1.152 +2.559 -4.957 -0.567 -2.201 +1.771]

---------------------------- Optimal solution -----------------------------
Primal variables:         [+0.000 +0.260 +7.944 +9.388 +6.250 +0.000 +2.483 +9.535]
Dual slacks:              [+4.800 +0.000 +0.000 +0.000 +0.000 +1.399 +0.000 +0.000]
Dual variables:           [-6.265 -7.794]

Optimal objective:       -5.48791847e+00
===========================================================================

Method:                  II-QIPM
LO_Precision:            1.00e-01
Stop_Precision:          1.00e-03
LO_Verbosity:            2
Omega:                   1.00e+01

The Quantum Inexact Infeasible Interior-Point Method starts running ...


                  Objective                Residual                                Linear system           Step-length
Iter      Primal           Dual         Primal    Dual     Compl    ||Resl||  Cond-Num  ||M||   ||RHS||    a-star   a-hat      Time
   0  -2.06714600e-01 -1.31820666e+01  5.21e+00 1.36e+01  3.92e+02 *3.97e-15  4.00e+00 1.00e+00 1.75e+01  6.84e-01 5.56e-01      0s
   1   2.10367673e+00 -1.34131136e+01  4.71e+00 1.23e+01  3.57e+02  2.00e-02  5.50e+00 2.00e+00 2.60e+00  6.23e-01 9.74e-02      0s
   2   3.83869493e+00 -1.34912372e+01  4.30e+00 1.12e+01  3.29e+02  2.72e-02  5.57e+00 2.26e+00 3.83e+00  6.48e-01 8.70e-02      1s
   3   5.47510286e+00 -1.34718682e+01  3.87e+00 1.01e+01  3.00e+02  4.69e-02  5.65e+00 2.52e+00 4.92e+00  6.74e-01 9.85e-02      1s
   4   6.95481940e+00 -1.33249234e+01  3.43e+00 8.95e+00  2.69e+02  3.13e-02  5.76e+00 2.87e+00 6.13e+00  7.08e-01 1.15e-01      1s
   5   8.18224650e+00 -1.30105856e+01  2.94e+00 7.70e+00  2.35e+02  7.76e-03  5.93e+00 3.33e+00 7.50e+00  7.50e-01 1.40e-01      1s
   6   9.14628892e+00 -1.25859100e+01  2.45e+00 6.41e+00  2.00e+02  1.16e-01  6.18e+00 4.01e+00 9.04e+00  7.87e-01 1.67e-01      1s
   7   9.76928354e+00 -1.20476481e+01  1.96e+00 5.12e+00  1.64e+02  3.03e-01  6.56e+00 5.01e+00 1.07e+01  8.26e-01 2.01e-01      2s
   8   1.20651276e+01 -1.20476481e+01  1.65e+00 5.01e+00  1.60e+02  1.26e+01  7.13e+00 6.58e+00 1.26e+01  3.81e-01 2.18e-02      2s
   9   1.43616118e+01 -1.20476481e+01  1.35e+00 4.91e+00  1.57e+02  1.40e+01  7.39e+00 7.02e+00 1.40e+01  3.67e-01 1.99e-02      2s
  10   1.66637610e+01 -1.20476481e+01  1.04e+00 4.82e+00  1.55e+02  1.55e+01  7.67e+00 7.48e+00 1.55e+01  3.54e-01 1.83e-02      2s
  11   1.89683990e+01 -1.20476481e+01  7.53e-01 4.74e+00  1.52e+02  1.70e+01  7.97e+00 7.96e+00 1.70e+01  3.42e-01 1.69e-02      2s
  12   1.01692825e+01 -9.06713550e+00  2.72e-01 1.24e+00  5.05e+01  1.79e-01  8.28e+00 8.46e+00 1.86e+01  8.58e-01 7.38e-01      3s
  13   6.35214635e+00 -8.09165637e+00  2.04e-01 8.77e-01  3.69e+01  4.06e-02  8.79e+00 3.07e+01 1.29e+01  8.63e-01 2.93e-01      3s
  14   3.61905456e+00 -7.44026348e+00  2.43e-01 6.41e-01  2.79e+01  3.56e-01  8.35e+00 4.37e+01 1.14e+01  8.60e-01 2.69e-01      3s
  15  -1.74653807e-01 -6.52509153e+00  1.47e-01 3.38e-01  1.57e+01  3.83e-02  8.05e+00 6.12e+01 1.06e+01  9.47e-01 4.72e-01      4s
  16   2.00879975e+00 -6.52509153e+00  3.47e-01 3.29e-01  1.53e+01  9.75e+00  7.63e+00 1.18e+02 9.75e+00  4.09e-01 2.74e-02      4s
  17   4.12218894e+00 -6.52509153e+00  5.93e-01 3.21e-01  1.49e+01  1.07e+01  7.75e+00 1.29e+02 1.07e+01  3.93e-01 2.47e-02      4s
  18   6.17422605e+00 -6.52509153e+00  8.40e-01 3.14e-01  1.46e+01  1.18e+01  7.85e+00 1.40e+02 1.18e+01  3.77e-01 2.24e-02      4s
  19   8.16573360e+00 -6.52509153e+00  1.08e+00 3.07e-01  1.44e+01  1.28e+01  7.94e+00 1.52e+02 1.28e+01  3.63e-01 2.05e-02      4s
  20  -3.45155231e+00 -5.51910858e+00  1.32e-01 3.74e-02  2.18e+00  8.77e-03  8.02e+00 1.64e+02 1.38e+01  9.42e-01 8.78e-01      4s
  21  -4.48157014e+00 -5.49915855e+00  9.11e-02 4.46e-03  3.36e-01 *8.64e-02  5.67e+00 7.98e+02 3.85e+00  9.51e-01 8.81e-01      5s
  22  -5.43996142e+00 -5.48878258e+00  5.99e-03 3.78e-04  3.81e-02 *5.51e-03  6.94e+00 9.48e+03 9.18e+00  9.94e-01 9.15e-01      5s

The algorithm stopped after 23 iterations in 4.78 seconds.

Primal variables:   [+0.002 +9.490 +31.595 +43.213 +10.088 +0.009 +10.525 +12.859]
Dual slacks:        [+4.800 +0.000 +0.000 +0.000 +0.000 +1.399 +0.000 +0.000]
Dual variables:     [-6.265 -7.795]

Primal objective:   -5.43996142e+00
Dual objective:     -5.48878258e+00

Primal residual:    5.99e-03
Dual residual:      3.78e-04
Complementraty:     3.81e-02

Number of Iter:     23
Run time:           4.78
