
--------------- Linear optimization problem characteristics ---------------
Seed:                    43
Number of variables:     10
Number of constraints:   2

Norm of primal sol:      6.15e+00
Norm of dual sol:        1.00e+01
Norm of dual slacks:     5.00e+00

Norm of vector b:        2.00e+00
Norm of vector c:        7.31e+00

Norm of matrix A:        1.00e+00
Condition number:        2.00e+00

----------------------- Linear optimization problem -----------------------
Coeff matrix A:          [[-0.189 -0.270 +0.278 +0.320 +0.328 -0.078 +0.302 -0.109 +0.060 -0.356]
                          [+0.305 -0.079 -0.217 -0.398 -0.039 -0.000 +0.028 +0.343 +0.261 +0.349]]

RHS vector b:            [-1.024 +1.718]
Obj vector c:            [+3.503 +0.143 -0.541 -0.439 -1.449 +0.254 -0.724 +3.596 +2.269 +4.466]

---------------------------- Optimal solution -----------------------------
Primal variables:         [+0.447 +2.367 +0.000 +0.000 +1.272 +3.339 +2.589 +2.103 +0.113 +2.852]
Dual slacks:              [+0.000 +0.000 +2.424 +4.373 +0.000 +0.000 +0.000 +0.000 +0.000 +0.000]
Dual variables:           [-3.285 +9.445]

Optimal objective:       +1.95897333e+01
===========================================================================

Method:                  II-QIPM
LO_Precision:            1.00e-01
Stop_Precision:          1.00e-03
LO_Verbosity:            2
Omega:                   1.00e+01

The Quantum Inexact Infeasible Interior-Point Method starts running ...


                  Objective                Residual                                Linear system           Step-length
Iter      Primal           Dual         Primal    Dual     Compl    ||Resl||  Cond-Num  ||M||   ||RHS||    a-star   a-hat      Time
   0   9.67535941e+01  3.64889237e-01  2.66e+00 1.41e+01  5.35e+02 *3.20e-15  4.00e+00 1.00e+00 7.73e+00  6.39e-01 5.11e-01      0s
   1   9.39616951e+01  1.29396990e+00  2.35e+00 1.25e+01  4.80e+02  1.32e-02  2.85e+00 1.65e+00 5.26e+00  6.91e-01 1.14e-01      0s
   2   9.08298891e+01  2.27874120e+00  2.06e+00 1.09e+01  4.27e+02  1.35e-02  2.64e+00 1.81e+00 6.36e+00  7.31e-01 1.25e-01      0s
   3   8.67770442e+01  3.37944326e+00  1.75e+00 9.28e+00  3.69e+02  1.84e-01  2.48e+00 2.01e+00 7.60e+00  7.75e-01 1.51e-01      1s
   4   8.14562793e+01  4.57347928e+00  1.42e+00 7.58e+00  3.09e+02  3.97e-01  2.39e+00 2.31e+00 9.10e+00  8.20e-01 1.83e-01      1s
   5   7.46323575e+01  5.87847272e+00  1.10e+00 5.90e+00  2.47e+02  4.89e-01  2.43e+00 2.79e+00 1.08e+01  8.66e-01 2.22e-01      1s
   6   6.63478951e+01  7.59367524e+00  7.79e-01 4.18e+00  1.83e+02  2.58e-02  2.70e+00 3.62e+00 1.27e+01  8.52e-01 2.92e-01      1s
   7   6.57722720e+01  7.59367524e+00  5.77e-01 4.12e+00  1.81e+02  1.45e+01  3.44e+00 5.27e+00 1.45e+01  3.09e-01 1.33e-02      1s
   8   6.52515209e+01  7.59367524e+00  3.81e-01 4.07e+00  1.79e+02  1.58e+01  3.59e+00 5.56e+00 1.58e+01  2.99e-01 1.22e-02      1s
   9   6.47733373e+01  7.59367524e+00  1.97e-01 4.02e+00  1.77e+02  1.71e+01  3.76e+00 5.85e+00 1.71e+01  2.91e-01 1.14e-02      1s
  10   6.43341564e+01  7.59367524e+00  1.11e-01 3.98e+00  1.76e+02  1.84e+01  3.93e+00 6.16e+00 1.84e+01  2.83e-01 1.07e-02      1s
  11   4.47179953e+01  1.08462591e+01  9.21e-02 1.42e+00  7.59e+01  2.00e-01  4.11e+00 6.48e+00 1.98e+01  7.77e-01 6.43e-01      1s
  12   4.23938554e+01  1.12660150e+01  1.02e-01 1.31e+00  7.04e+01  2.32e-01  9.20e+00 1.95e+01 1.40e+01  5.90e-01 7.95e-02      2s
  13   4.03723797e+01  1.16951952e+01  9.86e-02 1.20e+00  6.55e+01  5.62e-02  1.01e+01 2.24e+01 1.41e+01  6.09e-01 7.78e-02      2s
  14   3.83410898e+01  1.21693356e+01  9.21e-02 1.10e+00  6.04e+01  2.41e-02  1.09e+01 2.58e+01 1.43e+01  6.25e-01 8.51e-02      2s
  15   3.62742185e+01  1.26164868e+01  1.14e-01 1.01e+00  5.58e+01  3.67e-01  1.17e+01 3.00e+01 1.44e+01  6.21e-01 8.38e-02      2s
  16   3.41785035e+01  1.30072552e+01  1.73e-01 9.31e-01  5.18e+01  8.89e-01  1.25e+01 3.50e+01 1.46e+01  6.07e-01 7.79e-02      2s
  17   3.20101795e+01  1.34622757e+01  2.30e-01 8.47e-01  4.76e+01  8.21e-01  1.33e+01 4.07e+01 1.48e+01  6.33e-01 9.02e-02      3s
  18   2.97201677e+01  1.42478783e+01  2.07e-01 7.20e-01  4.10e+01  7.60e-02  1.41e+01 4.82e+01 1.50e+01  7.25e-01 1.49e-01      3s
  19   2.72801274e+01  1.52122754e+01  1.75e-01 5.76e-01  3.34e+01  5.10e-02  1.50e+01 6.23e+01 1.54e+01  7.77e-01 2.00e-01      3s
  20   2.55382932e+01  1.52122754e+01  3.54e-01 5.67e-01  3.30e+01  1.59e+01  1.58e+01 8.69e+01 1.59e+01  2.68e-01 1.60e-02      3s
  21   2.28354088e+01  1.63513830e+01  3.19e-01 4.11e-01  2.45e+01  3.67e-01  1.65e+01 9.54e+01 1.78e+01  8.31e-01 2.75e-01      4s
  22   2.01739523e+01  1.82487114e+01  1.86e-01 1.67e-01  1.04e+01  1.28e-01  1.71e+01 1.48e+02 1.79e+01  9.36e-01 5.93e-01      4s
  23   1.94343228e+01  1.95754271e+01  5.94e-02 3.94e-03  3.33e-01  5.79e-02  1.77e+01 4.22e+02 1.84e+01  9.88e-01 9.76e-01      4s
  24   1.94573782e+01  1.95868408e+01  4.16e-02 4.00e-04  4.35e-02  3.97e-02  9.34e+00 8.73e+03 6.70e+00  9.43e-01 8.98e-01      5s

The algorithm stopped after 25 iterations in 4.51 seconds.

Primal variables:   [+5.735 +53.228 +0.004 +0.002 +39.460 +18.878 +16.542 +5.322 +6.442 +5.015]
Dual slacks:        [+0.001 +0.000 +2.424 +4.372 +0.000 +0.000 +0.000 +0.001 +0.001 +0.001]
Dual variables:     [-3.285 +9.443]

Primal objective:   1.94573782e+01 
Dual objective:     1.95868408e+01 

Primal residual:    4.16e-02
Dual residual:      4.00e-04
Complementraty:     4.35e-02

Number of Iter:     25
Run time:           4.51
