
--------------- Linear optimization problem characteristics ---------------
Seed:                    31
Number of variables:     10
Number of constraints:   2

Norm of primal sol:      1.02e+01
Norm of dual sol:        1.00e+01
Norm of dual slacks:     5.00e+00

Norm of vector b:        2.00e+00
Norm of vector c:        9.50e+00

Norm of matrix A:        1.00e+00
Condition number:        2.00e+00

----------------------- Linear optimization problem -----------------------
Coeff matrix A:          [[-0.015 -0.053 -0.488 +0.130 +0.024 -0.306 +0.281 -0.135 -0.525 +0.479]
                          [+0.271 +0.054 -0.058 -0.012 +0.093 +0.137 +0.244 +0.167 +0.126 -0.293]]

RHS vector b:            [-0.526 +1.930]
Obj vector c:            [-0.601 +4.711 +4.847 -1.215 -0.484 +2.561 -3.374 +0.834 +4.703 -1.329]

---------------------------- Optimal solution -----------------------------
Primal variables:         [+1.828 +0.000 +4.923 +6.307 +1.330 +0.875 +5.805 +0.439 +0.481 +0.000]
Dual slacks:              [+0.000 +4.349 +0.000 +0.000 +0.000 +0.000 +0.000 +0.000 +0.000 +2.467]
Dual variables:           [-9.613 -2.754]

Optimal objective:       -2.54779952e-01
===========================================================================

Method:                  II-QIPM
LO_Precision:            1.00e-01
Stop_Precision:          1.00e-03
LO_Verbosity:            2
Omega:                   1.00e+01

The Quantum Inexact Infeasible Interior-Point Method starts running ...


                  Objective                Residual                                Linear system           Step-length
Iter      Primal           Dual         Primal    Dual     Compl    ||Resl||  Cond-Num  ||M||   ||RHS||    a-star   a-hat      Time
   0   8.34696079e+01 -2.15692207e+01  3.63e+00 1.39e+01  5.25e+02 *1.26e-15  4.00e+00 1.00e+00 5.87e+00  6.60e-01 5.29e-01      0s
   1   7.98079082e+01 -2.15692207e+01  2.98e+00 1.35e+01  5.09e+02  1.73e+01  7.43e+00 3.03e+00 1.73e+01  3.72e-01 3.32e-02      0s
   2   7.13604646e+01 -1.88915172e+01  1.87e+00 8.46e+00  3.41e+02 *6.56e-04  8.04e+00 3.38e+00 2.02e+01  9.53e-01 3.72e-01      1s
   3   5.25644951e+01 -1.35744837e+01  4.58e-01 2.09e+00  1.24e+02 *1.94e-02  9.14e+00 5.65e+00 2.32e+01  9.20e-01 7.53e-01      1s
   4   4.92231666e+01 -1.33165054e+01  4.16e-01 1.90e+00  1.14e+02 *1.75e-02  8.76e+00 1.41e+01 1.64e+01  6.70e-01 9.09e-02      1s
   5   4.64145749e+01 -1.31168804e+01  3.81e-01 1.75e+00  1.06e+02 *8.59e-02  8.42e+00 1.39e+01 1.50e+01  6.44e-01 7.86e-02      2s
   6   4.38684249e+01 -1.29465455e+01  3.54e-01 1.63e+00  9.90e+01 *3.30e-02  8.14e+00 1.37e+01 1.40e+01  6.18e-01 7.05e-02      2s
   7   4.00255405e+01 -1.29465455e+01  2.61e-01 1.56e+00  9.52e+01  1.32e+01  7.90e+00 1.34e+01 1.32e+01  5.00e-01 4.23e-02      2s
   8   3.80206960e+01 -1.28184649e+01  2.44e-01 1.47e+00  9.01e+01 *5.65e-02  8.28e+00 1.43e+01 1.43e+01  5.79e-01 5.97e-02      2s
   9   3.61583436e+01 -1.27047364e+01  2.31e-01 1.39e+00  8.57e+01 *7.46e-03  8.05e+00 1.40e+01 1.37e+01  5.59e-01 5.47e-02      2s
  10   3.33363920e+01 -1.27047364e+01  6.08e-01 1.35e+00  8.34e+01  1.33e+01  7.86e+00 1.38e+01 1.33e+01  4.35e-01 2.97e-02      3s
  11   3.17743512e+01 -1.26141805e+01  5.78e-01 1.28e+00  7.98e+01 *1.23e-02  8.09e+00 1.43e+01 1.40e+01  5.30e-01 4.80e-02      3s
  12   2.93519759e+01 -1.26141805e+01  8.96e-01 1.25e+00  7.81e+01  1.38e+01  7.94e+00 1.41e+01 1.38e+01  3.99e-01 2.41e-02      3s
  13   2.79990752e+01 -1.25398031e+01  8.57e-01 1.20e+00  7.51e+01 *1.36e-02  8.12e+00 1.46e+01 1.46e+01  5.07e-01 4.31e-02      3s
  14   2.67073566e+01 -1.24704372e+01  8.22e-01 1.15e+00  7.23e+01 *9.87e-04  8.01e+00 1.44e+01 1.45e+01  4.96e-01 4.09e-02      3s
  15   2.47052153e+01 -1.24704372e+01  1.07e+00 1.13e+00  7.11e+01  1.46e+01  7.96e+00 1.44e+01 1.46e+01  3.52e-01 1.78e-02      3s
  16   2.35399315e+01 -1.24100359e+01  1.03e+00 1.08e+00  6.87e+01 *9.16e-03  8.10e+00 1.47e+01 1.53e+01  4.81e-01 3.81e-02      4s
  17   2.24119788e+01 -1.23515040e+01  9.89e-01 1.04e+00  6.64e+01 *1.15e-02  8.12e+00 1.47e+01 1.56e+01  4.74e-01 3.68e-02      4s
  18   2.13164362e+01 -1.22938438e+01  9.53e-01 1.01e+00  6.43e+01 *2.31e-02  8.21e+00 1.48e+01 1.60e+01  4.68e-01 3.59e-02      4s
  19   2.02485588e+01 -1.22359676e+01  9.20e-01 9.71e-01  6.22e+01 *3.93e-02  8.39e+00 1.50e+01 1.65e+01  4.64e-01 3.52e-02      4s
  20   1.91935077e+01 -1.21756164e+01  8.88e-01 9.38e-01  6.03e+01 *2.50e-02  8.65e+00 1.53e+01 1.72e+01  4.60e-01 3.47e-02      5s
  21   1.81462826e+01 -1.21112052e+01  8.58e-01 9.05e-01  5.84e+01 *1.67e-03  9.02e+00 1.57e+01 1.80e+01  4.58e-01 3.44e-02      5s
  22   1.71199690e+01 -1.20434566e+01  8.28e-01 8.74e-01  5.66e+01 *6.34e-02  9.51e+00 1.62e+01 1.90e+01  4.58e-01 3.47e-02      5s
  23   1.60884103e+01 -1.19676698e+01  7.99e-01 8.43e-01  5.48e+01 *3.09e-02  1.01e+01 1.68e+01 2.01e+01  4.58e-01 3.49e-02      5s
  24   1.50441785e+01 -1.18811021e+01  7.71e-01 8.13e-01  5.30e+01 *2.67e-03  1.10e+01 1.77e+01 2.14e+01  4.60e-01 3.55e-02      5s
  25   1.39903676e+01 -1.17816176e+01  7.43e-01 7.84e-01  5.12e+01 *6.55e-04  1.20e+01 1.87e+01 2.29e+01  4.65e-01 3.67e-02      6s
  26   1.29804037e+01 -1.16734733e+01  7.15e-01 7.53e-01  4.95e+01 *1.96e-01  1.33e+01 1.99e+01 2.47e+01  4.73e-01 3.86e-02      6s
  27   1.18991600e+01 -1.15356682e+01  6.86e-01 7.23e-01  4.76e+01 *3.52e-02  1.49e+01 2.15e+01 2.67e+01  4.80e-01 4.06e-02      6s
  28   1.07704283e+01 -1.13637747e+01  6.56e-01 6.91e-01  4.57e+01 *2.75e-03  1.70e+01 2.35e+01 2.90e+01  4.63e-01 4.40e-02      7s
  29   9.64529530e+00 -1.11552920e+01  6.25e-01 6.57e-01  4.37e+01 *1.15e-01  1.96e+01 2.59e+01 3.17e+01  4.56e-01 4.87e-02      7s
  30   8.42433470e+00 -1.08745750e+01  5.91e-01 6.20e-01  4.14e+01 *4.06e-02  2.28e+01 2.91e+01 3.49e+01  4.38e-01 5.62e-02      7s
  31   7.08261384e+00 -1.04797834e+01  5.50e-01 5.78e-01  3.88e+01 *6.60e-04  2.70e+01 3.32e+01 3.87e+01  4.29e-01 6.88e-02      8s
  32   5.68158930e+00 -9.91818815e+00  5.03e-01 5.26e-01  3.57e+01 *8.65e-02  3.23e+01 3.90e+01 4.34e+01  4.35e-01 8.89e-02      9s
  33   3.98886649e+00 -8.95561859e+00  4.35e-01 4.55e-01  3.11e+01 *1.51e-02  3.91e+01 4.77e+01 4.94e+01  4.46e-01 1.36e-01      9s
  34   2.72283759e+00 -7.67134858e+00  3.66e-01 3.73e-01  2.59e+01 *1.69e-01  4.77e+01 6.32e+01 5.76e+01  5.01e-01 1.80e-01     10s
  35   2.45718037e+00 -7.19116373e+00  3.44e-01 3.46e-01  2.43e+01 *1.63e-01  5.51e+01 8.82e+01 6.63e+01  5.87e-01 7.13e-02     12s
  36   2.41222240e+00 -6.62769940e+00  3.47e-01 3.12e-01  2.21e+01 *8.00e-01  5.66e+01 9.80e+01 6.83e+01  6.53e-01 9.86e-02     13s
  37   2.71375512e+00 -5.94543002e+00  4.37e-01 2.69e-01  1.93e+01 *1.38e+00  5.94e+01 1.17e+02 7.28e+01  6.54e-01 1.39e-01     15s
  38  -1.15573699e+01 -5.94543002e+00  1.82e+00 2.64e-01  1.89e+01  8.21e+01  6.39e+01 1.55e+02 8.21e+01  1.22e-01 1.88e-02     16s
  39  -9.79101365e+00 -5.05635940e+00  1.55e+00 2.23e-01  1.63e+01 *1.39e-01  7.65e+01 1.93e+02 1.10e+02  7.04e-01 1.54e-01     18s
  40  -7.79799521e+00 -4.07758590e+00  1.24e+00 1.78e-01  1.33e+01 *1.34e-01  7.44e+01 2.25e+02 1.06e+02  7.83e-01 2.00e-01     21s
  41  -5.19556622e+00 -2.75633315e+00  8.29e-01 1.19e-01  9.09e+00 *4.01e-02  7.18e+01 2.75e+02 1.02e+02  8.70e-01 3.36e-01     22s
  42  -4.60114811e-01 -4.61566874e-01  1.03e-01 1.17e-02  1.03e+00 *5.15e-02  6.72e+01 3.96e+02 9.40e+01  9.85e-01 9.02e-01     24s
  43   4.96673883e-01 -2.98874062e-01  2.01e-01 1.99e-03  2.11e-01 *2.29e-01  4.53e+01 2.82e+03 4.39e+01  9.31e-01 8.29e-01     25s
  44   7.62134014e-01 -2.81036486e-01  2.62e-01 1.18e-03  1.31e-01 *3.50e-01  6.01e+01 2.83e+04 7.85e+01  9.61e-01 4.09e-01     27s
  45   7.62240587e-01 -2.81036399e-01  2.62e-01 1.18e-03  1.31e-01 *5.26e+00  6.15e+01 5.30e+04 8.73e+01  4.42e-01 5.75e-06     29s

The solution quality is limited by the precision of the linear system solver.

The algorithm stopped after 46 iterations in 28.86 seconds.

Primal variables:   [+3.386 +0.006 +26.060 +118.976 +7.270 +4.881 +4.049 +4.622 +4.638 +0.004]
Dual slacks:        [+0.004 +4.350 +0.000 +0.000 +0.002 +0.003 +0.003 +0.003 +0.003 +2.463]
Dual variables:     [-9.612 -2.767]

Primal objective:   7.62240587e-01 
Dual objective:     -2.81036399e-01

Primal residual:    2.62e-01
Dual residual:      1.18e-03
Complementraty:     1.31e-01

Number of Iter:     46
Run time:           28.86
