
--------------- Linear optimization problem characteristics ---------------
Seed:                    25
Number of variables:     8
Number of constraints:   2

Norm of primal sol:      7.60e+00
Norm of dual sol:        1.00e+01
Norm of dual slacks:     5.00e+00

Norm of vector b:        2.00e+00
Norm of vector c:        8.08e+00

Norm of matrix A:        1.00e+00
Condition number:        2.00e+00

----------------------- Linear optimization problem -----------------------
Coeff matrix A:          [[-0.393 +0.051 -0.198 +0.231 -0.178 +0.396 -0.026 +0.015]
                          [-0.159 +0.601 +0.008 +0.082 -0.568 +0.283 -0.096 -0.075]]

RHS vector b:            [-1.915 -0.576]
Obj vector c:            [-0.061 -5.334 +3.767 +0.143 +4.540 +0.873 +0.786 +0.752]

---------------------------- Optimal solution -----------------------------
Primal variables:         [+4.721 +3.159 +0.000 +1.009 +2.230 +0.000 +3.716 +2.374]
Dual slacks:              [+0.000 +0.000 +4.608 +0.000 +0.000 +1.940 +0.000 +0.000]
Dual variables:           [+3.896 -9.210]

Optimal objective:       -2.15979186e+00
===========================================================================

Method:                  II-QIPM
LO_Precision:            1.00e-01
Stop_Precision:          1.00e-03
LO_Verbosity:            2
Omega:                   1.00e+01

The Quantum Inexact Infeasible Interior-Point Method starts running ...


                  Objective                Residual                                Linear system           Step-length
Iter      Primal           Dual         Primal    Dual     Compl    ||Resl||  Cond-Num  ||M||   ||RHS||    a-star   a-hat      Time
   0   2.28622257e+01  0.00000000e+00  4.64e+00 1.29e+01  3.93e+02  7.36e+00  4.00e+00 1.00e+00 7.36e+00  6.52e-01 5.32e-01      0s
   1   2.42788191e+01  2.90991370e-03  8.82e-01 2.49e+00  9.89e+01 *2.32e-01  5.19e+00 3.47e+00 3.19e+01  8.97e-01 8.06e-01      0s
   2   2.00030109e+01  2.90991370e-03  9.89e-01 2.30e+00  9.22e+01  5.88e+00  3.80e+00 1.15e+01 5.88e+00  5.52e-01 7.52e-02      0s
   3   1.69754170e+01  2.90991370e-03  1.18e+00 2.19e+00  8.81e+01  7.33e+00  3.62e+00 1.30e+01 7.33e+00  5.15e-01 4.90e-02      1s
   4   1.41649142e+01  2.90991370e-03  1.42e+00 2.10e+00  8.46e+01  8.50e+00  3.51e+00 1.42e+01 8.50e+00  4.90e-01 4.29e-02      1s
   5   1.15380475e+01  2.90991370e-03  1.69e+00 2.02e+00  8.17e+01  9.72e+00  3.42e+00 1.53e+01 9.72e+00  4.67e-01 3.79e-02      1s
   6   9.07330121e+00  2.90991370e-03  1.97e+00 1.95e+00  7.92e+01  1.10e+01  3.34e+00 1.66e+01 1.10e+01  4.46e-01 3.37e-02      1s
   7   6.75392167e+00  2.90991370e-03  2.25e+00 1.89e+00  7.70e+01  1.23e+01  3.28e+00 1.79e+01 1.23e+01  4.27e-01 3.02e-02      1s
   8   4.56702572e+00  2.90991370e-03  2.54e+00 1.84e+00  7.51e+01  1.37e+01  3.23e+00 1.92e+01 1.37e+01  4.09e-01 2.71e-02      1s
   9   2.50083658e+00  2.90991370e-03  2.84e+00 1.80e+00  7.35e+01  1.52e+01  3.20e+00 2.06e+01 1.52e+01  3.93e-01 2.45e-02      1s
  10   5.40645391e-01  2.90991370e-03  3.13e+00 1.76e+00  7.20e+01  1.67e+01  3.18e+00 2.21e+01 1.67e+01  3.78e-01 2.22e-02      1s
  11  -1.31933727e+00  2.90991370e-03  3.42e+00 1.72e+00  7.07e+01  1.82e+01  3.17e+00 2.36e+01 1.82e+01  3.63e-01 2.03e-02      1s
  12  -3.08821919e+00  2.90991370e-03  3.71e+00 1.69e+00  6.95e+01  1.99e+01  3.17e+00 2.51e+01 1.99e+01  3.50e-01 1.85e-02      1s
  13  -4.77268835e+00  2.90991370e-03  4.00e+00 1.66e+00  6.84e+01  2.16e+01  3.18e+00 2.68e+01 2.16e+01  3.38e-01 1.70e-02      1s
  14  -6.38221255e+00  2.90991370e-03  4.30e+00 1.63e+00  6.74e+01  2.33e+01  3.20e+00 2.85e+01 2.33e+01  3.26e-01 1.57e-02      2s
  15  -7.91926528e+00  2.90991370e-03  4.59e+00 1.61e+00  6.65e+01  2.52e+01  3.22e+00 3.02e+01 2.52e+01  3.16e-01 1.45e-02      2s
  16  -9.38930396e+00  2.90991370e-03  4.88e+00 1.59e+00  6.57e+01  2.71e+01  3.25e+00 3.21e+01 2.71e+01  3.06e-01 1.34e-02      2s
  17  -1.07988305e+01  2.90991370e-03  5.17e+00 1.57e+00  6.50e+01  2.91e+01  3.29e+00 3.40e+01 2.91e+01  2.96e-01 1.25e-02      2s
  18  -1.21497734e+01  2.90991370e-03  5.46e+00 1.55e+00  6.43e+01  3.11e+01  3.33e+00 3.59e+01 3.11e+01  2.87e-01 1.16e-02      2s
  19  -1.34479751e+01  2.90991370e-03  5.76e+00 1.53e+00  6.36e+01  3.32e+01  3.38e+00 3.80e+01 3.32e+01  2.79e-01 1.09e-02      2s
  20  -1.46950708e+01  2.90991370e-03  6.05e+00 1.52e+00  6.31e+01  3.54e+01  3.43e+00 4.01e+01 3.54e+01  2.71e-01 1.02e-02      2s
  21  -1.58963096e+01  2.90991370e-03  6.34e+00 1.50e+00  6.25e+01  3.77e+01  3.49e+00 4.23e+01 3.77e+01  2.63e-01 9.55e-03      2s
  22  -1.70518997e+01  2.90991370e-03  6.63e+00 1.49e+00  6.20e+01  4.00e+01  3.55e+00 4.45e+01 4.00e+01  2.56e-01 8.96e-03      2s
  23  -1.81666462e+01  2.90991370e-03  6.93e+00 1.48e+00  6.15e+01  4.24e+01  3.62e+00 4.69e+01 4.24e+01  2.50e-01 8.44e-03      2s
  24  -1.92417522e+01  2.90991370e-03  7.22e+00 1.46e+00  6.11e+01  4.49e+01  3.69e+00 4.93e+01 4.49e+01  2.43e-01 7.96e-03      3s
  25  -2.02804988e+01  2.90991370e-03  7.51e+00 1.45e+00  6.07e+01  4.74e+01  3.76e+00 5.17e+01 4.74e+01  2.37e-01 7.52e-03      3s
  26  -2.12839348e+01  2.90991370e-03  7.81e+00 1.44e+00  6.03e+01  5.01e+01  3.84e+00 5.43e+01 5.01e+01  2.31e-01 7.12e-03      3s
  27  -2.22531077e+01  2.90991370e-03  8.10e+00 1.43e+00  5.99e+01  5.27e+01  3.92e+00 5.69e+01 5.27e+01  2.26e-01 6.74e-03      3s
  28  -8.70593230e+00 -1.53155929e+00  3.53e+00 6.25e-01  2.90e+01  8.73e-03  4.00e+00 5.96e+01 5.55e+01  8.77e-01 5.64e-01      3s
  29  -2.32023785e+01 -1.53155929e+00  5.95e+00 4.76e-01  2.24e+01  1.38e+01  3.31e+00 6.04e+01 1.38e+01  4.78e-01 2.37e-01      3s
  30  -2.48370718e+01 -1.53155929e+00  6.34e+00 4.68e-01  2.20e+01  2.96e+01  3.24e+00 1.16e+02 2.96e+01  3.15e-01 1.67e-02      3s
  31  -2.61872084e+01 -1.53155929e+00  6.68e+00 4.62e-01  2.18e+01  3.22e+01  3.28e+00 1.24e+02 3.22e+01  3.04e-01 1.33e-02      3s
  32  -2.74817725e+01 -1.53155929e+00  7.02e+00 4.57e-01  2.15e+01  3.44e+01  3.33e+00 1.31e+02 3.44e+01  2.94e-01 1.23e-02      3s
  33  -2.87247518e+01 -1.53155929e+00  7.36e+00 4.51e-01  2.13e+01  3.68e+01  3.38e+00 1.39e+02 3.68e+01  2.86e-01 1.15e-02      4s
  34  -2.99199273e+01 -1.53155929e+00  7.70e+00 4.47e-01  2.11e+01  3.93e+01  3.44e+00 1.47e+02 3.93e+01  2.77e-01 1.07e-02      4s
  35  -3.10685729e+01 -1.53155929e+00  8.04e+00 4.42e-01  2.09e+01  4.18e+01  3.51e+00 1.55e+02 4.18e+01  2.69e-01 1.00e-02      4s
  36  -3.21731302e+01 -1.53155929e+00  8.37e+00 4.38e-01  2.07e+01  4.44e+01  3.57e+00 1.64e+02 4.44e+01  2.62e-01 9.41e-03      4s
  37  -3.32391487e+01 -1.53155929e+00  8.71e+00 4.34e-01  2.06e+01  4.71e+01  3.65e+00 1.72e+02 4.71e+01  2.55e-01 8.86e-03      4s
  38  -3.42655681e+01 -1.53155929e+00  9.05e+00 4.30e-01  2.04e+01  4.99e+01  3.73e+00 1.81e+02 4.99e+01  2.48e-01 8.33e-03      4s
  39  -3.52575347e+01 -1.53155929e+00  9.39e+00 4.27e-01  2.03e+01  5.28e+01  3.81e+00 1.91e+02 5.28e+01  2.42e-01 7.87e-03      4s
  40  -3.62140360e+01 -1.53155929e+00  9.73e+00 4.24e-01  2.01e+01  5.57e+01  3.90e+00 2.00e+02 5.57e+01  2.36e-01 7.43e-03      4s
  41  -3.71389073e+01 -1.53155929e+00  1.01e+01 4.21e-01  2.00e+01  5.87e+01  3.99e+00 2.10e+02 5.87e+01  2.30e-01 7.03e-03      4s
  42  -2.14928817e+01 -1.94550001e+00  4.94e+00 2.04e-01  1.05e+01  5.80e-01  4.08e+00 2.20e+02 6.19e+01  8.96e-01 5.16e-01      4s
  43  -3.54998289e+01 -1.94550001e+00  7.36e+00 1.63e-01  8.45e+00  1.69e+01  3.26e+00 2.13e+02 1.69e+01  4.54e-01 2.02e-01      4s
  44  -3.71868952e+01 -1.94550001e+00  7.77e+00 1.60e-01  8.32e+00  3.31e+01  3.19e+00 3.77e+02 3.31e+01  3.15e-01 1.57e-02      4s
  45  -3.86734699e+01 -1.94550001e+00  8.14e+00 1.58e-01  8.22e+00  3.57e+01  3.23e+00 4.02e+02 3.57e+01  3.04e-01 1.34e-02      5s
  46  -4.01009022e+01 -1.94550001e+00  8.51e+00 1.56e-01  8.13e+00  3.82e+01  3.27e+00 4.26e+02 3.82e+01  2.95e-01 1.24e-02      5s
  47  -4.14732132e+01 -1.94550001e+00  8.88e+00 1.54e-01  8.04e+00  4.08e+01  3.32e+00 4.51e+02 4.08e+01  2.86e-01 1.16e-02      5s
  48  -4.27916233e+01 -1.94550001e+00  9.25e+00 1.52e-01  7.97e+00  4.35e+01  3.38e+00 4.77e+02 4.35e+01  2.78e-01 1.08e-02      5s
  49  -4.40612907e+01 -1.94550001e+00  9.62e+00 1.51e-01  7.89e+00  4.63e+01  3.44e+00 5.03e+02 4.63e+01  2.70e-01 1.01e-02      5s
  50  -4.52845907e+01 -1.94550001e+00  9.99e+00 1.49e-01  7.83e+00  4.92e+01  3.50e+00 5.31e+02 4.92e+01  2.62e-01 9.47e-03      5s
  51  -4.64638445e+01 -1.94550001e+00  1.04e+01 1.48e-01  7.76e+00  5.22e+01  3.57e+00 5.59e+02 5.22e+01  2.55e-01 8.90e-03      5s
  52  -4.76013073e+01 -1.94550001e+00  1.07e+01 1.47e-01  7.70e+00  5.53e+01  3.65e+00 5.89e+02 5.53e+01  2.49e-01 8.38e-03      5s
  53  -4.86991604e+01 -1.94550001e+00  1.11e+01 1.46e-01  7.65e+00  5.84e+01  3.73e+00 6.19e+02 5.84e+01  2.42e-01 7.90e-03      5s
  54  -4.97605675e+01 -1.94550001e+00  1.15e+01 1.45e-01  7.60e+00  6.17e+01  3.81e+00 6.50e+02 6.17e+01  2.36e-01 7.47e-03      5s
  55  -5.07864478e+01 -1.94550001e+00  1.18e+01 1.44e-01  7.55e+00  6.50e+01  3.89e+00 6.82e+02 6.50e+01  2.31e-01 7.06e-03      5s
  56  -5.17787383e+01 -1.94550001e+00  1.22e+01 1.43e-01  7.50e+00  6.84e+01  3.98e+00 7.15e+02 6.84e+01  2.25e-01 6.69e-03      6s
  57  -3.07012127e+01 -2.07855669e+00  6.36e+00 7.36e-02  4.13e+00  6.61e-01  4.08e+00 7.49e+02 7.20e+01  8.79e-01 4.84e-01      6s
  58  -3.72327566e+01 -2.07855669e+00  7.62e+00 6.74e-02  3.81e+00  2.13e+01  3.21e+00 6.86e+02 2.13e+01  4.25e-01 8.42e-02      6s
  59  -3.72387130e+01 -2.07855669e+00  7.62e+00 6.74e-02  3.81e+00  2.80e+01  3.15e+00 8.58e+02 2.80e+01  3.72e-01 6.44e-05      6s

The solution quality is limited by the precision of the linear system solver.

The algorithm stopped after 60 iterations in 6.10 seconds.

Primal variables:   [+28.394 +21.555 +0.170 +11.672 +11.890 +0.454 +15.227 +14.360]
Dual slacks:        [+0.009 +0.023 +4.613 +0.034 +0.020 +1.974 +0.024 +0.026]
Dual variables:     [+3.845 -9.182]

Primal objective:   -3.72387130e+01
Dual objective:     -2.07855669e+00

Primal residual:    7.62e+00
Dual residual:      6.74e-02
Complementraty:     3.81e+00

Number of Iter:     60
Run time:           6.10
