
--------------- Linear optimization problem characteristics ---------------
Seed:                    34
Number of variables:     10
Number of constraints:   2

Norm of primal sol:      5.48e+00
Norm of dual sol:        1.00e+01
Norm of dual slacks:     5.00e+00

Norm of vector b:        2.00e+00
Norm of vector c:        8.10e+00

Norm of matrix A:        1.00e+00
Condition number:        2.00e+00

----------------------- Linear optimization problem -----------------------
Coeff matrix A:          [[-0.067 -0.032 -0.140 +0.188 -0.133 -0.032 -0.080 +0.293 +0.097 -0.336]
                          [+0.047 -0.262 +0.345 +0.315 +0.371 -0.211 +0.411 +0.064 +0.280 +0.483]]

RHS vector b:            [-0.030 +2.000]
Obj vector c:            [+0.777 +4.538 +2.342 -0.882 +2.443 -0.309 +1.965 -2.613 -0.113 +4.625]

---------------------------- Optimal solution -----------------------------
Primal variables:         [+0.160 +0.000 +0.385 +2.630 +0.000 +3.890 +1.773 +1.052 +0.789 +1.724]
Dual slacks:              [+0.000 +4.999 +0.000 +0.000 +0.089 +0.000 +0.000 +0.000 +0.000 +0.000]
Dual variables:           [-9.565 +2.919]

Optimal objective:       +6.12349615e+00
===========================================================================

Method:                  II-QIPM
LO_Precision:            1.00e-01
Stop_Precision:          1.00e-03
LO_Verbosity:            2
Omega:                   1.00e+01

The Quantum Inexact Infeasible Interior-Point Method starts running ...


                  Objective                Residual                                Linear system           Step-length
Iter      Primal           Dual         Primal    Dual     Compl    ||Resl||  Cond-Num  ||M||   ||RHS||    a-star   a-hat      Time
   0   9.23428827e+01  0.00000000e+00  1.55e+01 9.41e+00  3.86e+02  1.51e+01  4.00e+00 1.00e+00 1.51e+01  7.93e-01 6.69e-01      0s
   1   6.62992683e+01 -5.55005369e+00  8.49e+00 5.06e+00  2.27e+02 *4.40e-01  1.88e+00 2.05e+00 1.73e+01  6.18e-01 4.62e-01      0s
   2   6.47091950e+01 -5.48642310e+00  8.22e+00 4.90e+00  2.21e+02 *3.59e-03  1.99e+00 2.32e+00 5.64e+00  4.38e-01 3.10e-02      0s
   3   6.31820262e+01 -5.40422406e+00  7.98e+00 4.76e+00  2.15e+02 *3.82e-02  2.05e+00 2.43e+00 5.79e+00  4.40e-01 3.01e-02      1s
   4   6.16256000e+01 -5.30033423e+00  7.73e+00 4.61e+00  2.09e+02 *1.21e-01  2.11e+00 2.56e+00 6.06e+00  4.44e-01 3.09e-02      1s
   5   6.00189601e+01 -5.17387251e+00  7.49e+00 4.46e+00  2.03e+02 *2.30e-01  2.18e+00 2.70e+00 6.47e+00  4.50e-01 3.19e-02      1s
   6   5.83523327e+01 -5.02485669e+00  7.25e+00 4.31e+00  1.97e+02 *3.34e-01  2.25e+00 2.87e+00 7.03e+00  4.56e-01 3.31e-02      1s
   7   5.66288357e+01 -4.85371477e+00  7.01e+00 4.17e+00  1.91e+02 *3.97e-01  2.34e+00 3.06e+00 7.74e+00  4.62e-01 3.44e-02      1s
   8   5.48735398e+01 -4.66159780e+00  6.77e+00 4.02e+00  1.85e+02 *3.84e-01  2.43e+00 3.28e+00 8.60e+00  4.69e-01 3.57e-02      1s
   9   5.31188927e+01 -4.44895001e+00  6.52e+00 3.87e+00  1.78e+02 *2.74e-01  2.53e+00 3.54e+00 9.60e+00  4.74e-01 3.70e-02      1s
  10   5.14042166e+01 -4.21629582e+00  6.27e+00 3.72e+00  1.72e+02 *7.26e-02  2.64e+00 3.84e+00 1.08e+01  4.81e-01 3.84e-02      1s
  11   4.97168636e+01 -3.96016370e+00  6.02e+00 3.57e+00  1.66e+02 *1.26e-01  2.78e+00 4.19e+00 1.21e+01  4.89e-01 4.03e-02      2s
  12   4.79455401e+01 -3.67285897e+00  5.75e+00 3.41e+00  1.59e+02 *1.06e-01  2.93e+00 4.60e+00 1.36e+01  5.02e-01 4.35e-02      2s
  13   4.68542357e+01 -3.67285897e+00  5.56e+00 3.38e+00  1.58e+02  1.53e+01  3.11e+00 5.09e+00 1.53e+01  2.66e-01 9.46e-03      2s
  14   4.58080223e+01 -3.67285897e+00  5.37e+00 3.35e+00  1.57e+02  1.64e+01  3.18e+00 5.31e+00 1.64e+01  2.59e-01 8.92e-03      2s
  15   4.48043453e+01 -3.67285897e+00  5.18e+00 3.32e+00  1.56e+02  1.75e+01  3.25e+00 5.54e+00 1.75e+01  2.53e-01 8.40e-03      2s
  16   4.38398806e+01 -3.67285897e+00  4.99e+00 3.30e+00  1.55e+02  1.86e+01  3.33e+00 5.78e+00 1.86e+01  2.46e-01 7.94e-03      2s
  17   4.29097400e+01 -3.67285897e+00  4.81e+00 3.27e+00  1.53e+02  1.98e+01  3.41e+00 6.02e+00 1.98e+01  2.40e-01 7.52e-03      2s
  18   4.20139922e+01 -3.67285897e+00  4.62e+00 3.25e+00  1.52e+02  2.10e+01  3.50e+00 6.28e+00 2.10e+01  2.34e-01 7.12e-03      2s
  19   4.11482980e+01 -3.67285897e+00  4.44e+00 3.23e+00  1.52e+02  2.23e+01  3.58e+00 6.54e+00 2.23e+01  2.29e-01 6.76e-03      2s
  20   4.03120650e+01 -3.67285897e+00  4.27e+00 3.21e+00  1.51e+02  2.35e+01  3.67e+00 6.80e+00 2.35e+01  2.24e-01 6.41e-03      3s
  21   3.95022802e+01 -3.67285897e+00  4.09e+00 3.19e+00  1.50e+02  2.48e+01  3.76e+00 7.08e+00 2.48e+01  2.19e-01 6.10e-03      3s
  22   3.87177529e+01 -3.67285897e+00  3.92e+00 3.17e+00  1.49e+02  2.61e+01  3.85e+00 7.36e+00 2.61e+01  2.14e-01 5.81e-03      3s
  23   3.79558449e+01 -3.67285897e+00  3.74e+00 3.15e+00  1.48e+02  2.75e+01  3.95e+00 7.65e+00 2.75e+01  2.09e-01 5.54e-03      3s
  24   3.50166436e+01 -2.90306361e+00  3.41e+00 2.87e+00  1.36e+02 *1.01e-01  4.05e+00 7.94e+00 2.89e+01  6.39e-01 9.04e-02      3s
  25   3.11135048e+01 -2.01718972e+00  3.04e+00 2.55e+00  1.22e+02 *7.11e-01  4.42e+00 9.61e+00 3.32e+01  6.78e-01 1.11e-01      3s
  26   2.76923769e+01 -1.00355236e+00  2.63e+00 2.21e+00  1.07e+02 *7.38e-02  4.76e+00 1.20e+01 3.84e+01  7.16e-01 1.35e-01      3s
  27   2.26057137e+01  1.72048547e-01  2.18e+00 1.82e+00  9.00e+01 *8.08e-01  5.30e+00 1.56e+01 4.49e+01  7.66e-01 1.77e-01      3s
  28   1.77865478e+01  1.55227796e+00  1.67e+00 1.38e+00  7.00e+01 *4.31e-01  5.72e+00 2.16e+01 5.29e+01  8.22e-01 2.41e-01      4s
  29   8.80699391e+00  3.15288867e+00  1.27e+00 8.79e-01  4.63e+01  1.44e+00  6.40e+00 3.29e+01 6.32e+01  8.53e-01 3.62e-01      4s
  30  -3.58049100e+00  5.03248748e+00  1.46e+00 3.16e-01  1.80e+01  1.81e+00  6.37e+00 6.12e+01 7.64e+01  8.93e-01 6.41e-01      4s
  31  -1.32232476e+01  5.95817217e+00  2.15e+00 5.05e-02  3.52e+00 *2.29e+00  5.48e+00 2.07e+02 9.33e+01  9.93e-01 8.40e-01      4s
  32  -4.36682267e+00  6.10604143e+00  1.17e+00 7.20e-03  7.14e-01 *1.01e+00  4.14e+00 1.07e+03 7.26e+01  9.35e-01 8.58e-01      4s
  33  -1.33186042e+00  6.11413098e+00  8.16e-01 3.91e-03  4.11e-01  3.97e-01  6.38e+00 4.89e+03 4.14e+01  9.29e-01 4.56e-01      4s
  34   2.28772522e+00  6.11900485e+00  4.19e-01 1.88e-03  2.11e-01  5.08e-02  6.81e+00 9.74e+03 4.48e+01  9.52e-01 5.19e-01      4s
  35   2.00779144e+00  6.11900485e+00  4.21e-01 1.88e-03  2.11e-01  5.05e+01  7.32e+00 2.26e+04 5.05e+01  2.94e-01 3.05e-03      5s
  36   2.00752204e+00  6.11900485e+00  4.21e-01 1.88e-03  2.11e-01  5.14e+01  7.41e+00 2.30e+04 5.14e+01  2.92e-01 2.90e-06      5s

The solution quality is limited by the precision of the linear system solver.

The algorithm stopped after 37 iterations in 4.94 seconds.

Primal variables:   [+17.011 +0.006 +9.513 +9.535 +0.763 +80.779 +8.601 +20.383 +10.605 +7.692]
Dual slacks:        [+0.001 +4.999 +0.001 +0.001 +0.090 +0.000 +0.001 +0.001 +0.001 +0.001]
Dual variables:     [-9.565 +2.916]

Primal objective:   2.00752204e+00 
Dual objective:     6.11900485e+00 

Primal residual:    4.21e-01
Dual residual:      1.88e-03
Complementraty:     2.11e-01

Number of Iter:     37
Run time:           4.94
