
--------------- Linear optimization problem characteristics ---------------
Seed:                    58
Number of variables:     8
Number of constraints:   2

Norm of primal sol:      1.12e+01
Norm of dual sol:        1.00e+01
Norm of dual slacks:     5.00e+00

Norm of vector b:        2.00e+00
Norm of vector c:        5.24e+00

Norm of matrix A:        1.00e+00
Condition number:        2.00e+00

----------------------- Linear optimization problem -----------------------
Coeff matrix A:          [[+0.228 -0.187 +0.228 -0.103 -0.460 +0.478 -0.274 -0.084]
                          [-0.002 +0.089 -0.379 -0.229 +0.291 -0.409 -0.030 -0.348]]

RHS vector b:            [-0.245 -1.985]
Obj vector c:            [+1.259 +3.539 -1.864 -2.470 -0.155 -0.728 -1.784 -0.161]

---------------------------- Optimal solution -----------------------------
Primal variables:         [+4.334 +0.000 +5.888 +0.898 +6.787 +3.438 +3.666 +0.000]
Dual slacks:              [+0.000 +3.846 +0.000 +0.000 +0.000 +0.000 +0.000 +3.195]
Dual variables:           [+5.587 +8.293]

Optimal objective:       -1.78312740e+01
===========================================================================

Method:                  II-QIPM
LO_Precision:            1.00e-01
Stop_Precision:          1.00e-03
LO_Verbosity:            2
Omega:                   1.00e+01

The Quantum Inexact Infeasible Interior-Point Method starts running ...


                  Objective                Residual                                Linear system           Step-length
Iter      Primal           Dual         Primal    Dual     Compl    ||Resl||  Cond-Num  ||M||   ||RHS||    a-star   a-hat      Time
   0  -7.20395425e+00 -4.30166216e+01  3.08e+00 1.09e+01  3.43e+02  1.78e-15  4.00e+00 1.00e+00 1.12e+01  7.59e-01 6.30e-01      0s
   1  -6.24467103e+00 -4.30166216e+01  2.89e+00 1.03e+01  3.25e+02  1.97e+00  7.80e+00 2.09e+00 1.97e+00  5.25e-01 5.82e-02      0s
   2  -5.41897948e+00 -4.30166216e+01  2.76e+00 9.88e+00  3.13e+02  2.58e+00  7.75e+00 2.24e+00 2.58e+00  4.96e-01 4.12e-02      1s
   3  -4.56943769e+00 -4.30166216e+01  2.64e+00 9.52e+00  3.02e+02  3.14e+00  7.70e+00 2.37e+00 3.14e+00  4.74e-01 3.68e-02      1s
   4  -3.70091600e+00 -4.30166216e+01  2.53e+00 9.20e+00  2.93e+02  3.75e+00  7.64e+00 2.49e+00 3.75e+00  4.54e-01 3.31e-02      1s
   5  -2.81845472e+00 -4.30166216e+01  2.44e+00 8.93e+00  2.85e+02  4.39e+00  7.59e+00 2.61e+00 4.39e+00  4.35e-01 2.98e-02      1s
   6  -1.92335006e+00 -4.30166216e+01  2.36e+00 8.69e+00  2.78e+02  5.08e+00  7.54e+00 2.73e+00 5.08e+00  4.18e-01 2.70e-02      1s
   7  -1.01849639e+00 -4.30166216e+01  2.30e+00 8.47e+00  2.72e+02  5.80e+00  7.49e+00 2.86e+00 5.80e+00  4.02e-01 2.46e-02      1s
   8  -1.07047580e-01 -4.30166216e+01  2.26e+00 8.28e+00  2.67e+02  6.56e+00  7.44e+00 2.98e+00 6.56e+00  3.87e-01 2.24e-02      1s
   9   8.10146724e-01 -4.30166216e+01  2.23e+00 8.11e+00  2.62e+02  7.36e+00  7.41e+00 3.11e+00 7.36e+00  3.73e-01 2.05e-02      2s
  10   1.73275524e+00 -4.30166216e+01  2.22e+00 7.96e+00  2.57e+02  8.20e+00  7.38e+00 3.24e+00 8.20e+00  3.59e-01 1.89e-02      2s
  11   2.65995149e+00 -4.30166216e+01  2.22e+00 7.82e+00  2.53e+02  9.08e+00  7.36e+00 3.37e+00 9.08e+00  3.47e-01 1.74e-02      2s
  12   3.58935593e+00 -4.30166216e+01  2.24e+00 7.70e+00  2.50e+02  1.00e+01  7.35e+00 3.51e+00 1.00e+01  3.36e-01 1.61e-02      2s
  13   4.52155058e+00 -4.30166216e+01  2.27e+00 7.58e+00  2.46e+02  1.10e+01  7.35e+00 3.65e+00 1.10e+01  3.25e-01 1.49e-02      2s
  14   5.45646725e+00 -4.30166216e+01  2.31e+00 7.48e+00  2.43e+02  1.19e+01  7.36e+00 3.79e+00 1.19e+01  3.14e-01 1.38e-02      2s
  15   6.39330273e+00 -4.30166216e+01  2.37e+00 7.38e+00  2.40e+02  1.30e+01  7.38e+00 3.93e+00 1.30e+01  3.05e-01 1.29e-02      2s
  16   7.33138885e+00 -4.30166216e+01  2.44e+00 7.29e+00  2.38e+02  1.40e+01  7.40e+00 4.08e+00 1.40e+01  2.96e-01 1.20e-02      3s
  17   8.27017818e+00 -4.30166216e+01  2.52e+00 7.21e+00  2.35e+02  1.51e+01  7.44e+00 4.24e+00 1.51e+01  2.87e-01 1.12e-02      3s
  18   9.21111270e+00 -4.30166216e+01  2.61e+00 7.13e+00  2.33e+02  1.63e+01  7.48e+00 4.39e+00 1.63e+01  2.79e-01 1.06e-02      3s
  19   1.01520375e+01 -4.30166216e+01  2.70e+00 7.06e+00  2.31e+02  1.75e+01  7.54e+00 4.55e+00 1.75e+01  2.71e-01 9.90e-03      3s
  20   1.10945815e+01 -4.30166216e+01  2.81e+00 7.00e+00  2.29e+02  1.87e+01  7.60e+00 4.72e+00 1.87e+01  2.64e-01 9.32e-03      3s
  21   1.20376916e+01 -4.30166216e+01  2.92e+00 6.94e+00  2.27e+02  1.99e+01  7.67e+00 4.89e+00 1.99e+01  2.57e-01 8.78e-03      3s
  22   1.29812961e+01 -4.30166216e+01  3.03e+00 6.88e+00  2.25e+02  2.12e+01  7.75e+00 5.06e+00 2.12e+01  2.51e-01 8.29e-03      3s
  23   1.39253892e+01 -4.30166216e+01  3.15e+00 6.82e+00  2.24e+02  2.26e+01  7.84e+00 5.24e+00 2.26e+01  2.44e-01 7.83e-03      4s
  24   1.48700269e+01 -4.30166216e+01  3.28e+00 6.77e+00  2.22e+02  2.39e+01  7.93e+00 5.43e+00 2.39e+01  2.38e-01 7.42e-03      4s
  25   4.04883522e+00 -2.87569425e+01  1.24e+00 2.59e+00  9.66e+01 *3.94e-02  8.03e+00 5.62e+00 2.54e+01  7.70e-01 6.18e-01      4s
  26  -2.27683356e+00 -2.41645869e+01  7.39e-01 1.54e+00  6.08e+01 *5.18e-03  1.08e+01 1.77e+01 9.72e+00  9.34e-01 4.05e-01      4s
  27  -9.84916912e+00 -1.98848542e+01  2.81e-01 5.45e-01  2.43e+01  3.45e-02  1.21e+01 3.23e+01 1.06e+01  9.73e-01 6.46e-01      4s
  28  -8.21990551e+00 -1.85073911e+01  7.91e-01 1.56e-01  8.04e+00  1.04e+00  1.36e+01 9.71e+01 1.32e+01  8.90e-01 7.14e-01      4s
  29  -1.61476147e+01 -1.78519958e+01  2.03e-01 1.67e-02  1.12e+00 *1.47e-01  1.16e+01 4.00e+02 1.33e+01  9.53e-01 8.93e-01      5s
  30  -1.64567994e+01 -1.78388499e+01  1.42e-01 2.27e-03  1.91e-01  1.37e-01  1.05e+01 2.50e+03 4.63e+00  9.32e-01 8.64e-01      5s
  31  -1.76373716e+01 -1.78319561e+01  2.54e-02 2.25e-04  2.44e-02 *1.44e-02  1.10e+01 2.55e+04 9.66e+00  9.95e-01 9.01e-01      5s

The algorithm stopped after 32 iterations in 4.96 seconds.

Primal variables:   [+46.194 +0.002 +9.606 +9.138 +31.323 +12.011 +12.178 +0.002]
Dual slacks:        [+0.000 +3.846 +0.000 +0.000 +0.000 +0.000 +0.000 +3.195]
Dual variables:     [+5.587 +8.294]

Primal objective:   -1.76373716e+01
Dual objective:     -1.78319561e+01

Primal residual:    2.54e-02
Dual residual:      2.25e-04
Complementraty:     2.44e-02

Number of Iter:     32
Run time:           4.96
