
--------------- Linear optimization problem characteristics ---------------
Seed:                    6
Number of variables:     2
Number of constraints:   2

Norm of primal sol:      2.99e+00
Norm of dual sol:        1.00e+01
Norm of dual slacks:     5.00e+00

Norm of vector b:        2.00e+00
Norm of vector c:        7.43e+00

Norm of matrix A:        1.00e+00
Condition number:        2.00e+00

----------------------- Linear optimization problem -----------------------
Coeff matrix A:          [[+0.744 -0.662]
                          [+0.392 +0.323]]

RHS vector b:            [+1.394 +1.434]
Obj vector c:            [+5.748 -4.705]

---------------------------- Optimal solution -----------------------------
Primal variables:         [+2.800 +1.041]
Dual slacks:              [+4.687 +1.743]
Dual variables:           [+5.740 -8.189]

Optimal objective:       +1.11969578e+01
===========================================================================

Method:                  II-QIPM
LO_Precision:            1.00e-01
Stop_Precision:          1.00e-03
LO_Verbosity:            2
Omega:                   1.00e+01

The Quantum Inexact Infeasible Interior-Point Method starts running ...


                  Objective                Residual                                Linear system           Step-length
Iter      Primal           Dual         Primal    Dual     Compl    ||Resl||  Cond-Num  ||M||   ||RHS||    a-star   a-hat      Time
   0   1.11969578e+01 -2.21352111e+01  3.79e-15 0.00e+00  3.33e+01  2.51e-15  4.00e+00 1.00e+00 9.73e+00  1.00e+00 1.00e+00      0s
   1   3.80833407e-01 -2.21352111e+01  1.88e+00 0.00e+00  3.33e+00  1.88e+00  7.84e+00 2.65e-01 1.88e+00  1.00e+00 1.00e+00      0s
   2   1.06773392e+00  8.55737388e-01  1.76e+00 2.51e-15  1.87e+00  4.94e-02  4.60e+00 2.19e-02 1.99e+00  7.37e-02 6.21e-02      1s
   3   1.18516993e+00  1.54084401e+00  1.74e+00 1.99e-15  1.84e+00  1.00e-03  1.80e+01 2.06e-01 1.95e+00  1.33e-01 1.16e-02      1s
   4   1.23575491e+00  1.80002173e+00  1.73e+00 2.66e-15  1.83e+00  6.28e-03  1.91e+01 2.43e-01 1.94e+00  1.44e-01 5.04e-03      1s
   5   1.28857978e+00  2.04970252e+00  1.72e+00 2.70e-15  1.82e+00  2.92e-02  1.96e+01 2.59e-01 1.94e+00  1.49e-01 5.23e-03      2s
   6   1.34746852e+00  2.32587757e+00  1.71e+00 1.90e-15  1.81e+00  2.62e-03  2.01e+01 2.76e-01 1.94e+00  1.53e-01 5.94e-03      2s
   7   1.40931374e+00  2.58938828e+00  1.70e+00 1.90e-15  1.80e+00  3.21e-02  2.06e+01 2.97e-01 1.93e+00  1.59e-01 6.18e-03      3s
   8   1.47890881e+00  2.88153495e+00  1.69e+00 1.51e-15  1.79e+00  7.71e-03  2.11e+01 3.19e-01 1.93e+00  1.64e-01 7.08e-03      3s
   9   1.55373469e+00  3.17102080e+00  1.68e+00 9.49e-16  1.77e+00  2.35e-02  2.17e+01 3.46e-01 1.93e+00  1.71e-01 7.61e-03      3s
  10   1.63515648e+00  3.46391997e+00  1.66e+00 8.88e-16  1.76e+00  3.26e-02  2.23e+01 3.76e-01 1.93e+00  1.78e-01 8.31e-03      4s
  11   1.73080400e+00  3.80446511e+00  1.65e+00 8.88e-16  1.74e+00  3.84e-04  2.30e+01 4.09e-01 1.92e+00  1.84e-01 1.00e-02      4s
  12   1.83188796e+00  4.12172927e+00  1.63e+00 8.95e-16  1.72e+00  3.40e-02  2.37e+01 4.52e-01 1.92e+00  1.94e-01 1.05e-02      5s
  13   1.94130502e+00  4.43129828e+00  1.61e+00 1.99e-15  1.70e+00  5.51e-02  2.44e+01 5.00e-01 1.92e+00  2.04e-01 1.14e-02      5s
  14   2.06687183e+00  4.76738563e+00  1.59e+00 9.49e-16  1.68e+00  4.60e-02  2.53e+01 5.53e-01 1.91e+00  2.14e-01 1.32e-02      5s
  15   2.21426636e+00  5.13868803e+00  1.56e+00 1.26e-15  1.65e+00  3.49e-02  2.62e+01 6.19e-01 1.91e+00  2.25e-01 1.58e-02      6s
  16   2.38374158e+00  5.52540421e+00  1.53e+00 4.44e-16  1.62e+00  4.03e-02  2.72e+01 7.04e-01 1.90e+00  2.39e-01 1.85e-02      6s
  17   2.56069259e+00  5.86176330e+00  1.51e+00 2.22e-16  1.59e+00  9.01e-02  2.83e+01 8.10e-01 1.90e+00  2.57e-01 1.91e-02      6s
  18   2.73741122e+00  6.12435560e+00  1.48e+00 9.16e-16  1.56e+00  1.77e-01  2.96e+01 9.26e-01 1.89e+00  2.78e-01 1.87e-02      7s
  19   1.72896637e+00  6.12435560e+00  1.68e+00 4.58e-16  8.43e-01  1.89e+00  3.11e+01 1.04e+00 1.89e+00  1.00e+00 5.09e-01      7s
  20   1.79429618e+00  6.33136436e+00  1.67e+00 6.68e-16  8.37e-01  6.77e-04  3.50e+01 6.17e-01 1.94e+00  1.64e-01 6.90e-03      8s
  21   1.82921232e+00  6.43338313e+00  1.67e+00 6.28e-16  8.33e-01  7.67e-03  3.52e+01 6.68e-01 1.94e+00  1.70e-01 3.70e-03      9s
  22   1.86598544e+00  6.53624781e+00  1.66e+00 1.09e-15  8.30e-01  1.26e-02  3.53e+01 6.95e-01 1.93e+00  1.73e-01 3.90e-03      9s
  23   1.90458902e+00  6.63969129e+00  1.65e+00 1.37e-15  8.27e-01  1.66e-02  3.54e+01 7.25e-01 1.93e+00  1.77e-01 4.10e-03     10s
  24   1.94476028e+00  6.74325353e+00  1.65e+00 9.16e-16  8.23e-01  1.75e-02  3.55e+01 7.57e-01 1.93e+00  1.81e-01 4.28e-03     11s
  25   1.98608242e+00  6.84636764e+00  1.64e+00 1.39e-15  8.20e-01  1.44e-02  3.56e+01 7.91e-01 1.93e+00  1.84e-01 4.43e-03     11s
  26   2.02831285e+00  6.94870055e+00  1.63e+00 1.26e-15  8.16e-01  9.12e-03  3.57e+01 8.27e-01 1.93e+00  1.88e-01 4.56e-03     12s
  27   2.07152679e+00  7.05026181e+00  1.62e+00 1.33e-15  8.12e-01  4.23e-03  3.58e+01 8.65e-01 1.93e+00  1.92e-01 4.70e-03     12s
  28   2.11606673e+00  7.15143834e+00  1.62e+00 1.33e-15  8.08e-01  1.06e-03  3.59e+01 9.05e-01 1.93e+00  1.96e-01 4.88e-03     13s
  29   2.16217389e+00  7.25229678e+00  1.61e+00 3.33e-16  8.04e-01  3.03e-04  3.59e+01 9.47e-01 1.92e+00  2.00e-01 5.08e-03     14s
  30   2.21025075e+00  7.35322913e+00  1.60e+00 9.04e-16  8.00e-01  9.58e-05  3.60e+01 9.92e-01 1.92e+00  2.05e-01 5.32e-03     14s
  31   2.26064415e+00  7.45443377e+00  1.59e+00 1.67e-16  7.95e-01  1.51e-03  3.61e+01 1.04e+00 1.92e+00  2.09e-01 5.60e-03     15s
  32   2.31374267e+00  7.55611299e+00  1.58e+00 5.00e-16  7.90e-01  4.44e-03  3.61e+01 1.09e+00 1.92e+00  2.14e-01 5.93e-03     16s
  33   2.36992627e+00  7.65837671e+00  1.57e+00 1.08e-15  7.86e-01  8.54e-03  3.62e+01 1.15e+00 1.92e+00  2.19e-01 6.29e-03     16s
  34   2.42960258e+00  7.76138727e+00  1.56e+00 6.28e-16  7.80e-01  1.33e-02  3.63e+01 1.21e+00 1.92e+00  2.25e-01 6.71e-03     17s
  35   2.49291463e+00  7.86503798e+00  1.55e+00 1.33e-15  7.75e-01  1.72e-02  3.64e+01 1.28e+00 1.91e+00  2.31e-01 7.15e-03     18s
  36   2.55949222e+00  7.96883127e+00  1.54e+00 1.56e-15  7.69e-01  1.80e-02  3.65e+01 1.35e+00 1.91e+00  2.37e-01 7.57e-03     18s
  37   2.62861613e+00  8.07206410e+00  1.53e+00 1.57e-15  7.63e-01  1.47e-02  3.66e+01 1.43e+00 1.91e+00  2.43e-01 7.94e-03     19s
  38   2.70006859e+00  8.17453356e+00  1.51e+00 5.00e-16  7.56e-01  9.43e-03  3.67e+01 1.52e+00 1.91e+00  2.49e-01 8.29e-03     20s
  39   2.77404151e+00  8.27616040e+00  1.50e+00 5.55e-16  7.50e-01  5.00e-03  3.68e+01 1.62e+00 1.90e+00  2.56e-01 8.68e-03     20s
  40   2.85124882e+00  8.37739622e+00  1.49e+00 1.11e-15  7.43e-01  2.15e-03  3.68e+01 1.72e+00 1.90e+00  2.63e-01 9.15e-03     21s
  41   2.93223629e+00  8.47840249e+00  1.47e+00 1.09e-15  7.36e-01  5.58e-04  3.69e+01 1.83e+00 1.90e+00  2.71e-01 9.70e-03     21s
  42   3.01748624e+00  8.57924637e+00  1.46e+00 4.00e-16  7.28e-01  1.82e-04  3.69e+01 1.95e+00 1.90e+00  2.78e-01 1.03e-02     22s
  43   3.10755148e+00  8.68005129e+00  1.44e+00 1.24e-15  7.20e-01  3.58e-04  3.70e+01 2.08e+00 1.89e+00  2.86e-01 1.10e-02     23s
  44   3.20298473e+00  8.78088534e+00  1.42e+00 1.34e-15  7.12e-01  1.41e-04  3.70e+01 2.23e+00 1.89e+00  2.94e-01 1.18e-02     23s
  45   3.30437951e+00  8.88179699e+00  1.41e+00 1.72e-15  7.03e-01  3.68e-04  3.70e+01 2.39e+00 1.89e+00  3.03e-01 1.27e-02     24s
  46   3.41249070e+00  8.98291697e+00  1.39e+00 1.57e-15  6.93e-01  1.11e-03  3.70e+01 2.57e+00 1.88e+00  3.13e-01 1.37e-02     25s
  47   3.52793046e+00  9.08415006e+00  1.37e+00 5.72e-16  6.83e-01  2.07e-03  3.71e+01 2.77e+00 1.88e+00  3.23e-01 1.48e-02     25s
  48   3.65160830e+00  9.18558771e+00  1.34e+00 2.21e-15  6.72e-01  3.22e-03  3.71e+01 3.00e+00 1.88e+00  3.34e-01 1.61e-02     26s
  49   3.78454733e+00  9.28729500e+00  1.32e+00 1.57e-15  6.60e-01  4.56e-03  3.71e+01 3.26e+00 1.87e+00  3.46e-01 1.76e-02     27s
  50   3.92789981e+00  9.38930776e+00  1.29e+00 1.05e-15  6.47e-01  6.11e-03  3.72e+01 3.56e+00 1.87e+00  3.59e-01 1.93e-02     27s
  51   4.08296136e+00  9.49162874e+00  1.27e+00 1.47e-15  6.33e-01  7.87e-03  3.72e+01 3.90e+00 1.86e+00  3.74e-01 2.12e-02     28s
  52   4.25151626e+00  9.59442803e+00  1.24e+00 1.17e-15  6.19e-01  9.85e-03  3.72e+01 4.29e+00 1.86e+00  3.89e-01 2.35e-02     28s
  53   4.43522334e+00  9.69761336e+00  1.20e+00 1.59e-15  6.02e-01  1.20e-02  3.73e+01 4.74e+00 1.85e+00  4.06e-01 2.62e-02     29s
  54   4.63625920e+00  9.80124306e+00  1.17e+00 2.39e-15  5.85e-01  1.42e-02  3.73e+01 5.28e+00 1.85e+00  4.24e-01 2.94e-02     30s
  55   4.85716723e+00  9.90539761e+00  1.13e+00 1.52e-15  5.65e-01  1.62e-02  3.73e+01 5.92e+00 1.84e+00  4.44e-01 3.33e-02     30s
  56   5.10011335e+00  1.00098432e+01  1.09e+00 2.00e-15  5.44e-01  1.76e-02  3.74e+01 6.69e+00 1.83e+00  4.65e-01 3.78e-02     31s
  57   5.36800192e+00  1.01145618e+01  1.04e+00 1.01e-15  5.20e-01  1.83e-02  3.74e+01 7.63e+00 1.83e+00  4.88e-01 4.33e-02     32s
  58   5.66348289e+00  1.02192040e+01  9.89e-01 1.09e-15  4.94e-01  1.84e-02  3.75e+01 8.78e+00 1.82e+00  5.13e-01 4.99e-02     32s
  59   5.99145631e+00  1.03239329e+01  9.31e-01 1.66e-15  4.65e-01  1.83e-02  3.75e+01 1.02e+01 1.81e+00  5.40e-01 5.83e-02     33s
  60   6.35672580e+00  1.04285604e+01  8.67e-01 1.21e-15  4.33e-01  1.80e-02  3.74e+01 1.21e+01 1.80e+00  5.70e-01 6.90e-02     33s
  61   6.76157783e+00  1.05324313e+01  7.95e-01 1.98e-15  3.98e-01  1.56e-02  3.73e+01 1.45e+01 1.79e+00  6.01e-01 8.23e-02     34s
  62   7.19523518e+00  1.06331611e+01  7.18e-01 8.62e-16  3.59e-01  5.76e-03  3.72e+01 1.77e+01 1.78e+00  6.29e-01 9.71e-02     35s
  63   7.69321594e+00  1.07345161e+01  6.29e-01 1.06e-15  3.15e-01  7.24e-03  3.67e+01 2.20e+01 1.77e+00  6.73e-01 1.23e-01     36s
  64   8.27449346e+00  1.08368600e+01  5.26e-01 1.46e-15  2.63e-01  9.97e-03  3.62e+01 2.84e+01 1.75e+00  7.25e-01 1.64e-01     38s
  65   8.96376812e+00  1.09405964e+01  4.05e-01 5.68e-16  2.02e-01  1.29e-02  3.56e+01 3.87e+01 1.74e+00  7.85e-01 2.31e-01     39s
  66   1.08314849e+01  1.11867864e+01  6.98e-02 1.15e-15  9.79e-03  4.53e-03  3.48e+01 5.78e+01 1.72e+00  8.40e-01 8.28e-01     40s

The algorithm stopped after 67 iterations in 39.62 seconds.

Primal variables:   [+2.701 +0.997]
Dual slacks:        [+0.003 +0.003]
Dual variables:     [+7.405 +0.603]

Primal objective:   1.08314849e+01 
Dual objective:     1.11867864e+01 

Primal residual:    6.98e-02
Dual residual:      1.15e-15
Complementraty:     9.79e-03

Number of Iter:     67
Run time:           39.62
