
--------------- Linear optimization problem characteristics ---------------
Seed:                    22
Number of variables:     4
Number of constraints:   2

Norm of primal sol:      1.61e+02
Norm of dual sol:        1.00e+01
Norm of dual slacks:     5.00e+00

Norm of vector b:        3.20e+01
Norm of vector c:        1.27e+01

Norm of matrix A:        1.00e+00
Condition number:        2.00e+00

----------------------- Linear optimization problem -----------------------
Coeff matrix A:          [[-0.566 +0.020 +0.329 -0.437]
                          [-0.420 -0.522 +0.425 -0.018]]

RHS vector b:            [+7.005 +31.224]
Obj vector c:            [+6.933 +4.559 -4.828 +8.363]

---------------------------- Optimal solution -----------------------------
Primal variables:         [+71.368 +0.000 +143.974 +0.000]
Dual slacks:              [+0.000 +2.445 +0.000 +4.361]
Dual variables:           [-8.980 -4.400]

Optimal objective:       -2.00293583e+02
===========================================================================

Method:                  II-IPM
LO_Precision:            1.00e-01
Stop_Precision:          1.00e-08
LO_Verbosity:            2
Omega:                   1.00e+01

The Inexact Infeasible Interior-Point Method starts running ...


                  Objective                Residual                                               Step-length
Iter      Primal           Dual         Primal    Dual     Compl    Cond-Num  ||M||   ||RHS||    a-star   a-hat      Time
   0   7.44990464e+01  3.92541755e+02  3.07e+01 1.27e+01  2.28e+02  4.00e+00 1.00e+00 3.01e+01  2.59e-01 2.14e-01      0s
   1   5.69926259e+01  5.48921275e+02  2.64e+01 1.09e+01  1.69e+02  1.01e+01 1.86e+00 1.25e+01  1.95e-01 1.39e-01      0s
   2   5.52206207e+01  5.45587117e+02  2.59e+01 1.08e+01  1.66e+02  2.03e+01 8.43e+00 1.17e+02  2.98e-01 1.77e-02      0s
   3   5.34109959e+01  5.41476220e+02  2.55e+01 1.06e+01  1.63e+02  2.10e+01 9.34e+00 1.31e+02  3.12e-01 1.84e-02      0s
   4   5.14189996e+01  5.36236167e+02  2.49e+01 1.03e+01  1.60e+02  2.17e+01 1.03e+01 1.45e+02  3.26e-01 2.07e-02      0s
   5   4.92112154e+01  5.29644875e+02  2.43e+01 1.01e+01  1.56e+02  2.24e+01 1.15e+01 1.61e+02  3.41e-01 2.34e-02      0s
   6   4.67425552e+01  5.21410718e+02  2.37e+01 9.83e+00  1.52e+02  2.32e+01 1.29e+01 1.80e+02  3.59e-01 2.67e-02      0s
   7   4.39576819e+01  5.11164010e+02  2.30e+01 9.52e+00  1.48e+02  2.41e+01 1.46e+01 2.03e+02  3.78e-01 3.09e-02      0s
   8   4.07820319e+01  4.98413978e+02  2.21e+01 9.18e+00  1.43e+02  2.50e+01 1.68e+01 2.29e+02  4.01e-01 3.62e-02      0s
   9   3.71071675e+01  4.82470492e+02  2.12e+01 8.78e+00  1.37e+02  2.60e+01 1.95e+01 2.62e+02  4.26e-01 4.33e-02      0s
  10   3.27790985e+01  4.62366759e+02  2.01e+01 8.32e+00  1.30e+02  2.71e+01 2.31e+01 3.01e+02  4.55e-01 5.28e-02      1s
  11   2.75502874e+01  4.36616858e+02  1.87e+01 7.76e+00  1.21e+02  2.84e+01 2.80e+01 3.51e+02  4.90e-01 6.65e-02      1s
  12   2.09724382e+01  4.02677804e+02  1.71e+01 7.08e+00  1.11e+02  2.98e+01 3.50e+01 4.15e+02  5.31e-01 8.79e-02      1s
  13   1.20505431e+01  3.55294856e+02  1.49e+01 6.19e+00  9.70e+01  3.16e+01 4.58e+01 5.03e+02  5.81e-01 1.26e-01      1s
  14  -2.79125138e+00  2.77093668e+02  1.16e+01 4.80e+00  7.39e+01  3.40e+01 6.51e+01 6.33e+02  6.23e-01 2.24e-01      1s
  15  -3.39988044e+01  1.36185446e+02  5.98e+00 2.48e+00  2.76e+01  3.86e+01 1.16e+02 8.92e+02  5.29e-01 4.84e-01      1s
  16  -3.55822358e+01  1.35190943e+02  5.95e+00 2.47e+00  2.75e+01  5.34e+01 4.66e+02 1.78e+03  1.14e-01 5.11e-03      1s
  17  -3.61266813e+01  1.34863151e+02  5.94e+00 2.46e+00  2.74e+01  5.44e+01 4.77e+02 1.81e+03  1.13e-01 1.67e-03      1s
  18  -3.66681154e+01  1.34541475e+02  5.93e+00 2.46e+00  2.74e+01  5.47e+01 4.81e+02 1.82e+03  1.12e-01 1.63e-03      1s
  19  -3.72145880e+01  1.34220911e+02  5.92e+00 2.45e+00  2.74e+01  5.51e+01 4.85e+02 1.83e+03  1.11e-01 1.62e-03      1s
  20  -3.77661374e+01  1.33901342e+02  5.91e+00 2.45e+00  2.73e+01  5.54e+01 4.89e+02 1.84e+03  1.11e-01 1.61e-03      1s
  21  -3.83233584e+01  1.33582336e+02  5.90e+00 2.45e+00  2.73e+01  5.57e+01 4.93e+02 1.85e+03  1.11e-01 1.60e-03      1s
  22  -3.88857426e+01  1.33264096e+02  5.89e+00 2.44e+00  2.72e+01  5.61e+01 4.98e+02 1.85e+03  1.10e-01 1.59e-03      1s
  23  -3.94538944e+01  1.32946190e+02  5.88e+00 2.44e+00  2.72e+01  5.64e+01 5.02e+02 1.86e+03  1.10e-01 1.58e-03      1s
  24  -4.00284421e+01  1.32628185e+02  5.87e+00 2.44e+00  2.72e+01  5.68e+01 5.06e+02 1.87e+03  1.09e-01 1.57e-03      1s
  25  -4.06088770e+01  1.32310283e+02  5.86e+00 2.43e+00  2.71e+01  5.71e+01 5.10e+02 1.88e+03  1.09e-01 1.56e-03      1s
  26  -4.11964264e+01  1.31991730e+02  5.85e+00 2.43e+00  2.71e+01  5.74e+01 5.15e+02 1.89e+03  1.09e-01 1.56e-03      1s
  27  -4.17911836e+01  1.31672406e+02  5.84e+00 2.42e+00  2.71e+01  5.78e+01 5.19e+02 1.91e+03  1.09e-01 1.56e-03      1s
The problem is infeasible.

The algorithm stopped after 28 iterations in 1.27 seconds.

Primal variables:   [+17.709 +0.746 +80.121 +26.094]
Dual slacks:        [+0.191 +10.181 +0.048 +0.467]
Dual variables:     [-18.993 +8.467]

Primal objective:   -4.23926398e+01
Dual objective:     1.31352507e+02 

Primal residual:    5.84e+00
Dual residual:      2.42e+00
Complementraty:     2.70e+01

Number of Iter:     28
Run time:           1.27
