
--------------- Linear optimization problem characteristics ---------------
Seed:                    29
Number of variables:     4
Number of constraints:   2

Norm of primal sol:      3.00e+00
Norm of dual sol:        1.00e+01
Norm of dual slacks:     5.00e+00

Norm of vector b:        2.00e+00
Norm of vector c:        1.01e+01

Norm of matrix A:        1.00e+00
Condition number:        2.00e+00

----------------------- Linear optimization problem -----------------------
Coeff matrix A:          [[+0.534 +0.276 +0.545 -0.584]
                          [-0.331 -0.150 -0.004 -0.344]]

RHS vector b:            [+1.736 -0.992]
Obj vector c:            [-6.194 -1.303 -4.090 +6.744]

---------------------------- Optimal solution -----------------------------
Primal variables:         [+2.990 +0.000 +0.254 +0.000]
Dual slacks:              [+0.000 +1.749 +0.000 +4.684]
Dual variables:           [-7.453 +6.667]

Optimal objective:       -1.95579618e+01
===========================================================================

Method:                  II-IPM
LO_Precision:            1.00e-01
Stop_Precision:          1.00e-08
LO_Verbosity:            2
Omega:                   1.00e+01

The Inexact Infeasible Interior-Point Method starts running ...


                  Objective                Residual                                               Step-length
Iter      Primal           Dual         Primal    Dual     Compl    Cond-Num  ||M||   ||RHS||    a-star   a-hat      Time
   0  -1.32722867e+01 -4.25315687e+01  2.57e+00 6.67e+00  1.48e+02  4.00e+00 1.00e+00 1.84e+01  8.62e-01 7.28e-01      0s
   1  -9.52675011e+00 -4.90567472e+01  5.98e-16 1.26e-15  3.95e+01  7.22e+00 6.33e-01 1.62e+00  1.00e+00 1.00e+00      0s
   2  -1.00287262e+01 -3.04975267e+01  2.22e-16 1.60e-15  2.05e+01  9.70e+00 3.74e-01 1.81e+00  8.43e-01 5.36e-01      0s
   3  -1.02396909e+01 -2.89850779e+01  2.22e-16 1.09e-15  1.87e+01  8.51e+00 6.59e-01 1.79e+00  6.58e-01 9.36e-02      0s
   4  -1.04529042e+01 -2.77957008e+01  2.22e-16 1.33e-15  1.73e+01  8.17e+00 7.00e-01 1.79e+00  6.38e-01 8.31e-02      0s
   5  -1.06742755e+01 -2.68097178e+01  2.48e-16 1.83e-15  1.61e+01  7.85e+00 7.37e-01 1.78e+00  6.23e-01 7.74e-02      0s
   6  -1.09050587e+01 -2.59766456e+01  3.14e-16 1.72e-15  1.51e+01  7.55e+00 7.73e-01 1.78e+00  6.12e-01 7.33e-02      0s
   7  -1.11466696e+01 -2.52613925e+01  2.22e-16 2.11e-15  1.41e+01  7.26e+00 8.08e-01 1.78e+00  6.04e-01 7.05e-02      0s
   8  -1.14008899e+01 -2.46383923e+01  1.11e-16 2.84e-15  1.32e+01  7.00e+00 8.44e-01 1.77e+00  5.99e-01 6.91e-02      0s
   9  -1.16696168e+01 -2.40892589e+01  2.22e-16 3.02e-15  1.24e+01  6.78e+00 8.82e-01 1.77e+00  5.98e-01 6.86e-02      0s
  10  -1.19553776e+01 -2.35995972e+01  1.11e-16 3.30e-15  1.16e+01  6.61e+00 9.24e-01 1.76e+00  6.00e-01 6.94e-02      0s
  11  -1.22608259e+01 -2.31589462e+01  2.48e-16 3.36e-15  1.09e+01  6.51e+00 9.73e-01 1.76e+00  6.06e-01 7.12e-02      0s
  12  -1.25893133e+01 -2.27588721e+01  2.48e-16 3.50e-15  1.02e+01  6.48e+00 1.03e+00 1.75e+00  6.15e-01 7.43e-02      0s
  13  -1.29449912e+01 -2.23925927e+01  4.44e-16 2.51e-15  9.45e+00  6.57e+00 1.11e+00 1.74e+00  6.27e-01 7.89e-02      0s
  14  -1.33325152e+01 -2.20550426e+01  4.44e-16 1.35e-15  8.72e+00  6.82e+00 1.20e+00 1.74e+00  6.43e-01 8.53e-02      0s
  15  -1.37586326e+01 -2.17412870e+01  4.44e-16 5.55e-16  7.98e+00  7.28e+00 1.32e+00 1.73e+00  6.64e-01 9.42e-02      0s
  16  -1.42307534e+01 -2.14479969e+01  2.22e-16 1.41e-15  7.22e+00  8.07e+00 1.49e+00 1.72e+00  6.91e-01 1.07e-01      0s
  17  -1.47585315e+01 -2.11721441e+01  4.44e-16 1.42e-15  6.41e+00  9.39e+00 1.73e+00 1.71e+00  7.23e-01 1.24e-01      0s
  18  -1.53554244e+01 -2.09105770e+01  2.48e-16 4.97e-16  5.56e+00  1.16e+01 2.08e+00 1.70e+00  7.62e-01 1.49e-01      0s
  19  -1.60380992e+01 -2.06607608e+01  0.00e+00 1.62e-15  4.62e+00  1.55e+01 2.61e+00 1.69e+00  8.10e-01 1.87e-01      0s
  20  -1.68294962e+01 -2.04194960e+01  0.00e+00 4.48e-16  3.59e+00  2.31e+01 3.48e+00 1.68e+00  8.69e-01 2.48e-01      1s
  21  -1.77632151e+01 -2.01809295e+01  0.00e+00 6.57e-16  2.42e+00  4.07e+01 5.08e+00 1.67e+00  9.43e-01 3.63e-01      1s
  22  -1.88845211e+01 -1.99286227e+01  4.97e-16 6.65e-16  1.04e+00  9.71e+01 8.78e+00 1.65e+00  9.50e-01 6.31e-01      1s
  23  -1.93809746e+01 -1.97727626e+01  1.30e-15 8.74e-16  3.92e-01  5.15e+02 2.44e+01 1.63e+00  8.41e-01 6.94e-01      1s
  24  -1.94314107e+01 -1.97206629e+01  2.48e-16 1.01e-15  2.89e-01  1.68e+03 6.28e+01 1.66e+00  8.90e-01 2.91e-01      1s
  25  -1.94805997e+01 -1.96628207e+01  3.53e-15 9.18e-16  1.82e-01  1.78e+03 8.33e+01 1.67e+00  9.66e-01 4.11e-01      1s
  26  -1.95333148e+01 -1.95933292e+01  5.02e-15 1.83e-15  6.00e-02  1.82e+03 1.27e+02 1.68e+00  1.00e+00 7.45e-01      1s

The algorithm stopped after 27 iterations in 0.55 seconds.

Primal variables:   [+2.984 +0.010 +0.257 +0.002]
Dual slacks:        [+0.003 +1.756 +0.099 +4.479]
Dual variables:     [-7.636 +6.382]

Primal objective:   -1.95333148e+01
Dual objective:     -1.95933292e+01

Primal residual:    5.02e-15
Dual residual:      1.83e-15
Complementraty:     6.00e-02

Number of Iter:     27
Run time:           0.55
