
--------------- Linear optimization problem characteristics ---------------
Seed:                    52
Number of variables:     4
Number of constraints:   2

Norm of primal sol:      3.27e+01
Norm of dual sol:        1.00e+01
Norm of dual slacks:     5.00e+00

Norm of vector b:        4.00e+00
Norm of vector c:        1.20e+01

Norm of matrix A:        1.00e+00
Condition number:        2.00e+00

----------------------- Linear optimization problem -----------------------
Coeff matrix A:          [[-0.631 -0.559 -0.372 +0.256]
                          [-0.548 +0.189 -0.001 -0.007]]

RHS vector b:            [+3.994 -0.221]
Obj vector c:            [+9.471 +6.052 +3.561 -2.472]

---------------------------- Optimal solution -----------------------------
Primal variables:         [+0.000 +0.000 +10.535 +30.911]
Dual slacks:              [+4.997 +0.159 +0.000 +0.000]
Dual variables:           [-9.581 +2.865]

Optimal objective:       -3.88970746e+01
===========================================================================

Method:                  II-IPM
LO_Precision:            1.00e-01
Stop_Precision:          1.00e-08
LO_Verbosity:            2
Omega:                   1.00e+01

The Inexact Infeasible Interior-Point Method starts running ...


                  Objective                Residual                                               Step-length
Iter      Primal           Dual         Primal    Dual     Compl    Cond-Num  ||M||   ||RHS||    a-star   a-hat      Time
   0   4.77339583e+01  2.29803374e+01  7.47e+00 6.27e+00  1.55e+02  4.00e+00 1.00e+00 7.04e+00  6.67e-01 5.70e-01      0s
   1   4.40603566e+01  2.13153441e+01  7.14e+00 5.99e+00  1.49e+02  8.42e+00 9.60e-01 7.74e+00  4.75e-01 4.50e-02      0s
   2   4.06402034e+01  1.95808064e+01  6.82e+00 5.72e+00  1.43e+02  9.38e+00 1.06e+00 9.31e+00  4.94e-01 4.40e-02      0s
   3   3.70215388e+01  1.75778738e+01  6.49e+00 5.44e+00  1.36e+02  1.04e+01 1.17e+00 1.09e+01  5.13e-01 4.88e-02      0s
   4   3.31665438e+01  1.52702258e+01  6.14e+00 5.15e+00  1.30e+02  1.18e+01 1.31e+00 1.27e+01  5.36e-01 5.47e-02      0s
   5   2.90233752e+01  1.26092209e+01  5.75e+00 4.83e+00  1.22e+02  1.35e+01 1.49e+00 1.48e+01  5.61e-01 6.24e-02      0s
   6   2.45373950e+01  9.53947486e+00  5.34e+00 4.48e+00  1.14e+02  1.58e+01 1.71e+00 1.72e+01  5.91e-01 7.22e-02      0s
   7   1.96342249e+01  5.98734350e+00  4.88e+00 4.10e+00  1.05e+02  1.88e+01 2.01e+00 2.00e+01  6.25e-01 8.52e-02      0s
   8   1.42293116e+01  1.86615159e+00  4.38e+00 3.67e+00  9.56e+01  2.29e+01 2.41e+00 2.33e+01  6.65e-01 1.03e-01      0s
   9   8.21684237e+00 -2.93150387e+00  3.82e+00 3.20e+00  8.44e+01  2.87e+01 2.98e+00 2.72e+01  7.11e-01 1.28e-01      0s
  10   1.44694175e+00 -8.55084118e+00  3.19e+00 2.67e+00  7.18e+01  3.72e+01 3.83e+00 3.19e+01  7.67e-01 1.65e-01      0s
  11  -6.24575395e+00 -1.51439572e+01  2.47e+00 2.07e+00  5.71e+01  5.03e+01 5.18e+00 3.76e+01  8.36e-01 2.25e-01      0s
  12  -1.50979449e+01 -2.28787765e+01  1.65e+00 1.38e+00  4.00e+01  7.16e+01 7.59e+00 4.41e+01  9.25e-01 3.32e-01      0s
  13  -2.54592369e+01 -3.17933900e+01  7.22e-01 6.05e-01  2.01e+01  1.11e+02 1.28e+01 5.10e+01  9.82e-01 5.63e-01      0s
  14  -3.36304996e+01 -3.75234397e+01  1.23e-01 1.03e-01  6.06e+00  2.08e+02 2.97e+01 5.26e+01  9.34e-01 8.29e-01      0s
  15  -3.43226984e+01 -3.76729156e+01  1.05e-01 8.79e-02  5.23e+00  6.14e+02 9.56e+01 2.45e+01  6.95e-01 1.49e-01      0s
  16  -3.47577708e+01 -3.77611332e+01  9.39e-02 7.87e-02  4.74e+00  7.93e+02 1.14e+02 2.40e+01  6.66e-01 1.04e-01      0s
  17  -3.51369901e+01 -3.78357068e+01  8.47e-02 7.10e-02  4.31e+00  9.54e+02 1.30e+02 2.40e+01  6.48e-01 9.79e-02      0s
  18  -3.54751634e+01 -3.79011608e+01  7.68e-02 6.44e-02  3.95e+00  1.14e+03 1.49e+02 2.42e+01  6.35e-01 9.34e-02      0s
  19  -3.57834089e+01 -3.79608305e+01  6.98e-02 5.85e-02  3.62e+00  1.35e+03 1.71e+02 2.46e+01  6.26e-01 9.10e-02      0s
  20  -3.60717221e+01 -3.80176228e+01  6.34e-02 5.32e-02  3.31e+00  1.58e+03 1.98e+02 2.52e+01  6.22e-01 9.10e-02      1s
  21  -3.63496375e+01 -3.80743675e+01  5.75e-02 4.82e-02  3.03e+00  1.84e+03 2.30e+02 2.59e+01  6.24e-01 9.41e-02      1s
  22  -3.66264204e+01 -3.81341211e+01  5.16e-02 4.33e-02  2.74e+00  2.13e+03 2.70e+02 2.69e+01  6.35e-01 1.02e-01      1s
  23  -3.69144817e+01 -3.82013213e+01  4.56e-02 3.83e-02  2.45e+00  2.44e+03 3.23e+02 2.81e+01  6.57e-01 1.16e-01      1s
  24  -3.72329125e+01 -3.82836678e+01  3.90e-02 3.27e-02  2.11e+00  2.78e+03 3.96e+02 2.95e+01  6.95e-01 1.46e-01      1s
  25  -3.76218436e+01 -3.83989781e+01  3.06e-02 2.57e-02  1.69e+00  3.15e+03 5.10e+02 3.12e+01  7.61e-01 2.14e-01      1s
  26  -3.82175111e+01 -3.86129234e+01  1.70e-02 1.42e-02  9.61e-01  3.56e+03 7.26e+02 3.33e+01  8.24e-01 4.45e-01      1s
  27  -3.87328315e+01 -3.88724387e+01  2.79e-03 2.34e-03  2.33e-01  4.04e+03 1.50e+03 3.51e+01  9.05e-01 8.36e-01      1s
  28  -3.88166425e+01 -3.89021422e+01  9.76e-04 8.18e-04  1.11e-01  4.56e+03 4.99e+03 1.80e+01  1.00e+00 6.50e-01      1s
  29  -3.88900022e+01 -3.89089151e+01  4.44e-16 1.22e-15  1.89e-02  5.27e+03 6.45e+03 7.33e+00  1.00e+00 1.00e+00      1s

The algorithm stopped after 30 iterations in 0.60 seconds.

Primal variables:   [+0.001 +0.027 +10.940 +31.560]
Dual slacks:        [+5.040 +0.145 +0.001 +0.000]
Dual variables:     [-9.580 +2.942]

Primal objective:   -3.88900022e+01
Dual objective:     -3.89089151e+01

Primal residual:    4.44e-16
Dual residual:      1.22e-15
Complementraty:     1.89e-02

Number of Iter:     30
Run time:           0.60
