
--------------- Linear optimization problem characteristics ---------------
Seed:                    50
Number of variables:     4
Number of constraints:   2

Norm of primal sol:      9.47e+01
Norm of dual sol:        1.00e+01
Norm of dual slacks:     5.00e+00

Norm of vector b:        1.60e+01
Norm of vector c:        1.12e+01

Norm of matrix A:        1.00e+00
Condition number:        2.00e+00

----------------------- Linear optimization problem -----------------------
Coeff matrix A:          [[-0.267 -0.189 -0.056 -0.375]
                          [+0.145 +0.716 -0.612 -0.301]]

RHS vector b:            [-15.889 +1.882]
Obj vector c:            [+5.952 +7.401 -5.809 +1.101]

---------------------------- Optimal solution -----------------------------
Primal variables:         [+0.000 +63.045 +70.617 +0.000]
Dual slacks:              [+3.902 +0.000 +0.000 +3.127]
Dual variables:           [-2.399 +9.708]

Optimal objective:       +5.63765756e+01
===========================================================================

Method:                  II-IPM
LO_Precision:            1.00e-01
Stop_Precision:          1.00e-08
LO_Verbosity:            2
Omega:                   1.00e+01

The Inexact Infeasible Interior-Point Method starts running ...


                  Objective                Residual                                               Step-length
Iter      Primal           Dual         Primal    Dual     Compl    Cond-Num  ||M||   ||RHS||    a-star   a-hat      Time
   0   1.30859543e+02  2.73059872e+02  3.95e+00 1.00e+01  1.35e+02  4.00e+00 1.00e+00 1.50e+01  5.28e-01 4.67e-01      0s
   1   1.36798120e+02  2.56060411e+02  3.07e+00 7.76e+00  1.05e+02  2.47e+00 5.67e+00 2.72e+01  6.42e-01 2.24e-01      0s
   2   1.42349286e+02  2.14598424e+02  1.40e+00 3.55e+00  4.11e+01  2.63e+00 9.58e+00 3.50e+01  6.66e-01 5.43e-01      0s
   3   1.30653422e+02  1.95029038e+02  8.85e-01 2.24e+00  2.00e+01  3.98e+00 5.81e+01 6.10e+01  4.19e-01 3.69e-01      0s
   4   1.27798748e+02  1.94423784e+02  8.75e-01 2.21e+00  1.97e+01  1.04e+01 2.35e+02 1.96e+02  1.17e-01 1.12e-02      0s
   5   1.27263056e+02  1.94311622e+02  8.73e-01 2.21e+00  1.97e+01  1.19e+01 2.66e+02 2.27e+02  1.16e-01 1.90e-03      0s
   6   1.26724199e+02  1.94198689e+02  8.72e-01 2.21e+00  1.97e+01  1.21e+01 2.71e+02 2.33e+02  1.16e-01 1.89e-03      0s
   7   1.26174060e+02  1.94083196e+02  8.70e-01 2.20e+00  1.96e+01  1.24e+01 2.77e+02 2.39e+02  1.16e-01 1.90e-03      0s
   8   1.25612380e+02  1.93964983e+02  8.68e-01 2.20e+00  1.96e+01  1.27e+01 2.83e+02 2.46e+02  1.16e-01 1.91e-03      0s
   9   1.25038897e+02  1.93843885e+02  8.67e-01 2.19e+00  1.96e+01  1.30e+01 2.89e+02 2.52e+02  1.16e-01 1.93e-03      0s
  10   1.24451583e+02  1.93719349e+02  8.65e-01 2.19e+00  1.95e+01  1.34e+01 2.96e+02 2.59e+02  1.16e-01 1.95e-03      1s
  11   1.23850061e+02  1.93591155e+02  8.63e-01 2.18e+00  1.95e+01  1.37e+01 3.03e+02 2.67e+02  1.17e-01 1.98e-03      1s
  12   1.23233327e+02  1.93458934e+02  8.61e-01 2.18e+00  1.95e+01  1.40e+01 3.10e+02 2.74e+02  1.17e-01 2.00e-03      1s
  13   1.22599681e+02  1.93322143e+02  8.60e-01 2.18e+00  1.94e+01  1.44e+01 3.17e+02 2.82e+02  1.18e-01 2.04e-03      1s
  14   1.21947938e+02  1.93180325e+02  8.58e-01 2.17e+00  1.94e+01  1.47e+01 3.24e+02 2.90e+02  1.18e-01 2.07e-03      1s
  15   1.21277508e+02  1.93033122e+02  8.56e-01 2.17e+00  1.93e+01  1.51e+01 3.32e+02 2.99e+02  1.19e-01 2.11e-03      1s
  16   1.20585014e+02  1.92879528e+02  8.54e-01 2.16e+00  1.93e+01  1.55e+01 3.40e+02 3.08e+02  1.20e-01 2.17e-03      1s
  17   1.19869616e+02  1.92719045e+02  8.52e-01 2.16e+00  1.93e+01  1.59e+01 3.49e+02 3.18e+02  1.21e-01 2.22e-03      1s
  18   1.19127480e+02  1.92550448e+02  8.50e-01 2.15e+00  1.92e+01  1.63e+01 3.58e+02 3.28e+02  1.22e-01 2.29e-03      1s
  19   1.18357450e+02  1.92373039e+02  8.48e-01 2.15e+00  1.92e+01  1.67e+01 3.67e+02 3.39e+02  1.23e-01 2.36e-03      1s
  20   1.17555117e+02  1.92185287e+02  8.46e-01 2.14e+00  1.91e+01  1.71e+01 3.77e+02 3.50e+02  1.25e-01 2.45e-03      1s
  21   1.16717247e+02  1.91985806e+02  8.44e-01 2.14e+00  1.91e+01  1.76e+01 3.88e+02 3.62e+02  1.26e-01 2.55e-03      1s
  22   1.15837649e+02  1.91772349e+02  8.42e-01 2.13e+00  1.90e+01  1.81e+01 3.99e+02 3.75e+02  1.28e-01 2.67e-03      1s
  23   1.14912095e+02  1.91542920e+02  8.39e-01 2.12e+00  1.90e+01  1.86e+01 4.11e+02 3.89e+02  1.30e-01 2.81e-03      1s
  24   1.13931008e+02  1.91293920e+02  8.37e-01 2.12e+00  1.89e+01  1.91e+01 4.24e+02 4.04e+02  1.33e-01 2.99e-03      1s
  25   1.12886441e+02  1.91021730e+02  8.34e-01 2.11e+00  1.89e+01  1.97e+01 4.38e+02 4.20e+02  1.36e-01 3.19e-03      1s
  26   1.11764834e+02  1.90720703e+02  8.31e-01 2.10e+00  1.88e+01  2.02e+01 4.53e+02 4.37e+02  1.39e-01 3.45e-03      1s
  27   1.10549661e+02  1.90383497e+02  8.28e-01 2.10e+00  1.87e+01  2.09e+01 4.70e+02 4.57e+02  1.40e-01 3.77e-03      1s
  28   1.09215894e+02  1.89999035e+02  8.25e-01 2.09e+00  1.87e+01  2.15e+01 4.89e+02 4.78e+02  1.38e-01 4.20e-03      1s
  29   1.07728569e+02  1.89551060e+02  8.21e-01 2.08e+00  1.86e+01  2.22e+01 5.09e+02 5.03e+02  1.37e-01 4.77e-03      1s
  30   1.06029977e+02  1.89012362e+02  8.16e-01 2.07e+00  1.85e+01  2.30e+01 5.33e+02 5.31e+02  1.36e-01 5.58e-03      1s
  31   1.04022675e+02  1.88334888e+02  8.11e-01 2.05e+00  1.84e+01  2.38e+01 5.62e+02 5.63e+02  1.35e-01 6.82e-03      1s
  32   1.01500681e+02  1.87414704e+02  8.03e-01 2.03e+00  1.82e+01  2.47e+01 5.97e+02 6.04e+02  1.35e-01 8.99e-03      2s
  33   9.79208949e+01  1.85964649e+02  7.92e-01 2.01e+00  1.79e+01  2.58e+01 6.43e+02 6.57e+02  1.36e-01 1.37e-02      2s
  34   9.03729429e+01  1.82374808e+02  7.66e-01 1.94e+00  1.72e+01  2.72e+01 7.13e+02 7.37e+02  1.40e-01 3.27e-02      2s
  35   7.42418920e+01  1.71137448e+02  6.92e-01 1.75e+00  1.43e+01  2.93e+01 8.85e+02 9.30e+02  1.55e-01 9.75e-02      2s
  36   7.36535834e+01  1.69881456e+02  6.84e-01 1.73e+00  1.41e+01  3.15e+01 1.42e+03 1.47e+03  2.26e-01 1.11e-02      2s
  37   7.32506324e+01  1.68967553e+02  6.78e-01 1.72e+00  1.40e+01  3.16e+01 1.45e+03 1.48e+03  2.35e-01 8.15e-03      2s
  38   7.28415080e+01  1.68000054e+02  6.73e-01 1.70e+00  1.39e+01  3.16e+01 1.47e+03 1.50e+03  2.41e-01 8.68e-03      2s
  39   7.24254888e+01  1.66973396e+02  6.66e-01 1.69e+00  1.38e+01  3.16e+01 1.49e+03 1.51e+03  2.48e-01 9.29e-03      2s
  40   7.20022686e+01  1.65882462e+02  6.60e-01 1.67e+00  1.37e+01  3.17e+01 1.52e+03 1.52e+03  2.56e-01 9.95e-03      2s
  41   7.15706840e+01  1.64719328e+02  6.53e-01 1.65e+00  1.35e+01  3.17e+01 1.54e+03 1.53e+03  2.64e-01 1.07e-02      2s
  42   7.11299905e+01  1.63476254e+02  6.45e-01 1.63e+00  1.34e+01  3.17e+01 1.57e+03 1.54e+03  2.73e-01 1.16e-02      2s
  43   7.06798902e+01  1.62145917e+02  6.37e-01 1.61e+00  1.32e+01  3.18e+01 1.60e+03 1.55e+03  2.82e-01 1.25e-02      2s
  44   7.02187229e+01  1.60715999e+02  6.28e-01 1.59e+00  1.31e+01  3.18e+01 1.63e+03 1.56e+03  2.92e-01 1.36e-02      2s
  45   6.97457384e+01  1.59175425e+02  6.19e-01 1.57e+00  1.29e+01  3.18e+01 1.66e+03 1.57e+03  3.03e-01 1.48e-02      2s
  46   6.92597174e+01  1.57510132e+02  6.09e-01 1.54e+00  1.27e+01  3.18e+01 1.69e+03 1.58e+03  3.15e-01 1.63e-02      2s
  47   6.87594460e+01  1.55704142e+02  5.98e-01 1.51e+00  1.25e+01  3.18e+01 1.73e+03 1.59e+03  3.27e-01 1.79e-02      2s
  48   6.82427000e+01  1.53735381e+02  5.86e-01 1.48e+00  1.23e+01  3.19e+01 1.77e+03 1.60e+03  3.41e-01 1.99e-02      2s
  49   6.77083039e+01  1.51582469e+02  5.73e-01 1.45e+00  1.20e+01  3.19e+01 1.82e+03 1.61e+03  3.56e-01 2.22e-02      2s
  50   6.71529546e+01  1.49211744e+02  5.59e-01 1.41e+00  1.17e+01  3.19e+01 1.87e+03 1.62e+03  3.73e-01 2.49e-02      2s
  51   6.65750581e+01  1.46591201e+02  5.43e-01 1.37e+00  1.14e+01  3.19e+01 1.93e+03 1.63e+03  3.92e-01 2.82e-02      2s
  52   6.59708082e+01  1.43672723e+02  5.26e-01 1.33e+00  1.11e+01  3.19e+01 2.00e+03 1.64e+03  4.13e-01 3.23e-02      2s
  53   6.53365179e+01  1.40399204e+02  5.06e-01 1.28e+00  1.07e+01  3.19e+01 2.08e+03 1.65e+03  4.36e-01 3.75e-02      2s
  54   6.46681582e+01  1.36699714e+02  4.84e-01 1.22e+00  1.03e+01  3.20e+01 2.17e+03 1.66e+03  4.63e-01 4.40e-02      2s
  55   6.39587680e+01  1.32469961e+02  4.58e-01 1.16e+00  9.76e+00  3.20e+01 2.28e+03 1.67e+03  4.93e-01 5.26e-02      2s
  56   6.32014238e+01  1.27579171e+02  4.29e-01 1.09e+00  9.18e+00  3.20e+01 2.42e+03 1.67e+03  5.28e-01 6.41e-02      3s
  57   6.23869350e+01  1.21844327e+02  3.94e-01 9.98e-01  8.49e+00  3.20e+01 2.59e+03 1.68e+03  5.69e-01 8.03e-02      3s
  58   6.15024373e+01  1.14996520e+02  3.53e-01 8.94e-01  7.66e+00  3.20e+01 2.82e+03 1.68e+03  6.18e-01 1.04e-01      3s
  59   6.05312857e+01  1.06636537e+02  3.03e-01 7.67e-01  6.63e+00  3.20e+01 3.15e+03 1.68e+03  6.78e-01 1.42e-01      3s
  60   5.94512835e+01  9.61400827e+01  2.40e-01 6.08e-01  5.33e+00  3.20e+01 3.64e+03 1.66e+03  7.53e-01 2.08e-01      3s
  61   5.82284068e+01  8.24214199e+01  1.58e-01 3.99e-01  3.59e+00  3.20e+01 4.52e+03 1.63e+03  8.50e-01 3.43e-01      3s
  62   5.68208183e+01  6.35209636e+01  4.39e-02 1.11e-01  1.10e+00  3.21e+01 6.54e+03 1.54e+03  9.60e-01 7.21e-01      3s
  63   5.64142163e+01  5.63237241e+01  1.30e-13 9.40e-16  9.05e-02  3.21e+01 1.78e+04 1.15e+03  1.00e+00 1.00e+00      3s

The algorithm stopped after 64 iterations in 2.62 seconds.

Primal variables:   [+0.004 +63.031 +70.598 +0.007]
Dual slacks:        [+3.903 +0.000 +0.000 +3.128]
Dual variables:     [-2.395 +9.708]

Primal objective:   5.64142163e+01 
Dual objective:     5.63237241e+01 

Primal residual:    1.30e-13
Dual residual:      9.40e-16
Complementraty:     9.05e-02

Number of Iter:     64
Run time:           2.62
