
--------------- Linear optimization problem characteristics ---------------
Seed:                    48
Number of variables:     4
Number of constraints:   2

Norm of primal sol:      5.17e+01
Norm of dual sol:        1.00e+01
Norm of dual slacks:     5.00e+00

Norm of vector b:        1.60e+01
Norm of vector c:        1.02e+01

Norm of matrix A:        1.00e+00
Condition number:        2.00e+00

----------------------- Linear optimization problem -----------------------
Coeff matrix A:          [[+0.450 -0.090 +0.278 +0.678]
                          [+0.423 -0.307 +0.479 +0.004]]

RHS vector b:            [-4.195 -15.440]
Obj vector c:            [+1.682 +0.810 +3.367 +9.405]

---------------------------- Optimal solution -----------------------------
Primal variables:         [+1.014 +51.707 +0.000 +0.000]
Dual slacks:              [+0.000 +0.000 +3.449 +3.620]
Dual variables:           [+8.571 -5.152]

Optimal objective:       +4.35886865e+01
===========================================================================

Method:                  II-IPM
LO_Precision:            1.00e-01
Stop_Precision:          1.00e-08
LO_Verbosity:            2
Omega:                   1.00e+01

The Inexact Infeasible Interior-Point Method starts running ...


                  Objective                Residual                                               Step-length
Iter      Primal           Dual         Primal    Dual     Compl    Cond-Num  ||M||   ||RHS||    a-star   a-hat      Time
   0   1.02427669e+02  2.58043916e+02  1.68e+01 8.55e+00  1.55e+02  4.00e+00 1.00e+00 2.26e+01  4.50e-01 3.93e-01      0s
   1   1.00732082e+02  2.56182491e+02  1.63e+01 8.30e+00  1.51e+02  3.23e+00 1.40e+00 4.80e+00  2.96e-01 2.91e-02      0s
   2   9.98515316e+01  2.54773642e+02  1.60e+01 8.17e+00  1.49e+02  3.80e+00 1.62e+00 8.21e+00  3.18e-01 1.55e-02      0s
   3   9.89111039e+01  2.53063889e+02  1.57e+01 8.03e+00  1.46e+02  4.13e+00 1.74e+00 1.00e+01  3.30e-01 1.68e-02      0s
   4   9.79004937e+01  2.51013831e+02  1.55e+01 7.89e+00  1.44e+02  4.53e+00 1.89e+00 1.21e+01  3.42e-01 1.84e-02      0s
   5   9.68088297e+01  2.48577144e+02  1.51e+01 7.73e+00  1.41e+02  5.01e+00 2.05e+00 1.43e+01  3.56e-01 2.02e-02      0s
   6   9.56271242e+01  2.45706743e+02  1.48e+01 7.55e+00  1.38e+02  5.58e+00 2.25e+00 1.68e+01  3.71e-01 2.23e-02      0s
   7   9.43403365e+01  2.42336610e+02  1.44e+01 7.37e+00  1.35e+02  6.27e+00 2.47e+00 1.97e+01  3.87e-01 2.49e-02      0s
   8   9.29324032e+01  2.38390979e+02  1.40e+01 7.16e+00  1.32e+02  7.12e+00 2.74e+00 2.29e+01  4.06e-01 2.79e-02      0s
   9   9.13849308e+01  2.33780638e+02  1.36e+01 6.93e+00  1.28e+02  8.18e+00 3.05e+00 2.66e+01  4.26e-01 3.16e-02      0s
  10   8.96735953e+01  2.28390775e+02  1.31e+01 6.68e+00  1.24e+02  9.53e+00 3.44e+00 3.08e+01  4.48e-01 3.60e-02      0s
  11   8.77665203e+01  2.22072015e+02  1.26e+01 6.41e+00  1.19e+02  1.13e+01 3.91e+00 3.57e+01  4.74e-01 4.17e-02      0s
  12   8.56265675e+01  2.14644011e+02  1.19e+01 6.09e+00  1.14e+02  1.36e+01 4.49e+00 4.13e+01  5.03e-01 4.88e-02      1s
  13   8.31992388e+01  2.05849617e+02  1.12e+01 5.74e+00  1.08e+02  1.68e+01 5.24e+00 4.80e+01  5.36e-01 5.82e-02      1s
  14   8.04179963e+01  1.95364051e+02  1.04e+01 5.33e+00  1.01e+02  2.13e+01 6.22e+00 5.59e+01  5.74e-01 7.09e-02      1s
  15   7.71885140e+01  1.82726867e+02  9.52e+00 4.86e+00  9.25e+01  2.80e+01 7.53e+00 6.53e+01  6.19e-01 8.88e-02      1s
  16   7.33758248e+01  1.67271114e+02  8.42e+00 4.30e+00  8.27e+01  3.88e+01 9.40e+00 7.69e+01  6.73e-01 1.15e-01      1s
  17   6.87981201e+01  1.48065679e+02  7.10e+00 3.62e+00  7.07e+01  5.75e+01 1.22e+01 9.10e+01  7.40e-01 1.57e-01      1s
  18   6.32008897e+01  1.23754974e+02  5.46e+00 2.79e+00  5.58e+01  9.49e+01 1.68e+01 1.09e+02  8.23e-01 2.30e-01      1s
  19   5.64620348e+01  9.33949876e+01  3.48e+00 1.77e+00  3.74e+01  1.86e+02 2.54e+01 1.30e+02  9.01e-01 3.64e-01      1s
  20   4.99205691e+01  6.29253233e+01  1.51e+00 7.70e-01  1.89e+01  4.96e+02 4.59e+01 1.52e+02  9.83e-01 5.66e-01      1s
  21   4.69367379e+01  4.97730158e+01  6.28e-01 3.21e-01  9.82e+00  1.95e+03 1.06e+02 1.53e+02  1.00e+00 5.84e-01      1s
  22   4.55662315e+01  4.52934008e+01  2.66e-01 1.36e-01  5.25e+00  5.15e+03 2.14e+02 1.27e+02  1.00e+00 5.76e-01      1s
  23   4.45173875e+01  4.35374441e+01  4.92e-02 2.51e-02  1.81e+00  8.72e+03 4.07e+02 1.00e+02  1.00e+00 8.15e-01      1s
  24   4.39818136e+01  4.36047081e+01  1.01e-02 5.15e-03  5.40e-01  9.91e+03 1.20e+03 4.85e+01  8.98e-01 7.95e-01      1s
  25   4.37261594e+01  4.35807587e+01  2.85e-03 1.45e-03  1.91e-01  3.01e+03 3.33e+03 2.15e+01  1.00e+00 7.17e-01      1s
  26   4.35992552e+01  4.35801188e+01  9.27e-15 4.75e-16  1.91e-02  2.20e+03 8.36e+03 1.11e+01  1.00e+00 1.00e+00      1s

The algorithm stopped after 27 iterations in 0.79 seconds.

Primal variables:   [+1.011 +51.703 +0.001 +0.002]
Dual slacks:        [+0.004 +0.000 +3.451 +3.628]
Dual variables:     [+8.559 -5.148]

Primal objective:   4.35992552e+01 
Dual objective:     4.35801188e+01 

Primal residual:    9.27e-15
Dual residual:      4.75e-16
Complementraty:     1.91e-02

Number of Iter:     27
Run time:           0.79
