
--------------- Linear optimization problem characteristics ---------------
Seed:                    81
Number of variables:     4
Number of constraints:   2

Norm of primal sol:      6.65e+01
Norm of dual sol:        1.00e+01
Norm of dual slacks:     5.00e+00

Norm of vector b:        8.00e+00
Norm of vector c:        8.54e+00

Norm of matrix A:        1.00e+00
Condition number:        2.00e+00

----------------------- Linear optimization problem -----------------------
Coeff matrix A:          [[-0.272 +0.429 -0.355 +0.086]
                          [-0.468 -0.441 +0.665 +0.054]]

RHS vector b:            [-1.247 -7.902]
Obj vector c:            [+2.057 +7.824 -2.745 +0.089]

---------------------------- Optimal solution -----------------------------
Primal variables:         [+24.113 +0.000 +0.000 +61.998]
Dual slacks:              [+0.000 +1.716 +4.696 +0.000]
Dual variables:           [+6.081 -7.938]

Optimal objective:       +5.51433636e+01
===========================================================================

Method:                  II-IPM
LO_Precision:            1.00e-01
Stop_Precision:          1.00e-08
LO_Verbosity:            2
Omega:                   1.00e+01

The Inexact Infeasible Interior-Point Method starts running ...


                  Objective                Residual                                               Step-length
Iter      Primal           Dual         Primal    Dual     Compl    Cond-Num  ||M||   ||RHS||    a-star   a-hat      Time
   0   8.31579004e+01  6.38064714e+01  2.70e+00 8.13e+00  1.82e+02  4.00e+00 1.00e+00 1.26e+01  6.65e-01 5.51e-01      0s
   1   8.35025805e+01  6.01057994e+01  1.50e+00 4.51e+00  1.11e+02  2.95e+00 2.56e+00 7.76e+00  9.96e-01 4.46e-01      0s
   2   7.59003095e+01  5.56611764e+01  3.03e-01 9.13e-01  3.67e+01  4.23e+00 4.64e+00 8.84e+00  9.85e-01 7.97e-01      0s
   3   6.69390889e+01  5.72179866e+01  1.10e-01 3.30e-01  1.56e+01  1.06e+01 1.48e+01 4.28e+00  8.81e-01 6.39e-01      0s
   4   6.63094538e+01  5.75252976e+01  9.94e-02 3.00e-01  1.43e+01  1.99e+01 3.06e+01 1.82e+00  6.17e-01 9.20e-02      0s
   5   6.58445532e+01  5.77408576e+01  9.24e-02 2.78e-01  1.34e+01  2.12e+01 3.41e+01 1.68e+00  5.82e-01 7.07e-02      0s
   6   6.54413993e+01  5.79146550e+01  8.66e-02 2.61e-01  1.26e+01  2.23e+01 3.71e+01 1.57e+00  5.57e-01 6.24e-02      0s
   7   6.50812822e+01  5.80558274e+01  8.18e-02 2.46e-01  1.20e+01  2.33e+01 4.01e+01 1.47e+00  5.35e-01 5.60e-02      0s
   8   6.47511457e+01  5.81710006e+01  7.76e-02 2.34e-01  1.14e+01  2.42e+01 4.32e+01 1.37e+00  5.17e-01 5.11e-02      0s
   9   6.44420310e+01  5.82647662e+01  7.39e-02 2.23e-01  1.09e+01  2.51e+01 4.64e+01 1.30e+00  5.02e-01 4.74e-02      0s
  10   6.41473544e+01  5.83403960e+01  7.06e-02 2.13e-01  1.05e+01  2.60e+01 4.96e+01 1.26e+00  4.89e-01 4.46e-02      0s
  11   6.38621268e+01  5.84001976e+01  6.76e-02 2.04e-01  1.01e+01  2.68e+01 5.31e+01 1.26e+00  4.80e-01 4.24e-02      0s
  12   6.35813515e+01  5.84459444e+01  6.49e-02 1.95e-01  9.71e+00  2.75e+01 5.67e+01 1.33e+00  4.73e-01 4.11e-02      0s
  13   6.33014177e+01  5.84785938e+01  6.22e-02 1.88e-01  9.35e+00  2.82e+01 6.05e+01 1.46e+00  4.68e-01 4.03e-02      0s
  14   6.30184459e+01  5.84986585e+01  5.97e-02 1.80e-01  9.01e+00  2.89e+01 6.47e+01 1.66e+00  4.66e-01 4.01e-02      0s
  15   6.27283715e+01  5.85061018e+01  5.73e-02 1.73e-01  8.67e+00  2.94e+01 6.93e+01 1.94e+00  4.67e-01 4.06e-02      0s
  16   6.24270408e+01  5.85002701e+01  5.49e-02 1.66e-01  8.34e+00  2.99e+01 7.43e+01 2.30e+00  4.70e-01 4.18e-02      0s
  17   6.21091065e+01  5.84797751e+01  5.25e-02 1.58e-01  8.00e+00  3.04e+01 8.00e+01 2.73e+00  4.77e-01 4.40e-02      0s
  18   6.17679700e+01  5.84421734e+01  5.00e-02 1.51e-01  7.65e+00  3.07e+01 8.65e+01 3.26e+00  4.88e-01 4.74e-02      0s
  19   6.13942313e+01  5.83833513e+01  4.74e-02 1.43e-01  7.28e+00  3.09e+01 9.42e+01 3.89e+00  5.04e-01 5.27e-02      0s
  20   6.09750563e+01  5.82965403e+01  4.45e-02 1.34e-01  6.87e+00  3.10e+01 1.03e+02 4.66e+00  5.27e-01 6.07e-02      1s
  21   6.04895666e+01  5.81698397e+01  4.12e-02 1.24e-01  6.40e+00  3.09e+01 1.15e+02 5.62e+00  5.58e-01 7.34e-02      1s
  22   5.99009095e+01  5.79804403e+01  3.73e-02 1.12e-01  5.83e+00  3.06e+01 1.31e+02 6.83e+00  6.01e-01 9.56e-02      1s
  23   5.91358568e+01  5.76786847e+01  3.21e-02 9.68e-02  5.06e+00  3.00e+01 1.54e+02 8.45e+00  6.64e-01 1.39e-01      1s
  24   5.80119727e+01  5.71286211e+01  2.42e-02 7.28e-02  3.85e+00  2.90e+01 1.92e+02 1.08e+01  7.62e-01 2.48e-01      1s
  25   5.58150850e+01  5.57339752e+01  6.98e-03 2.10e-02  1.07e+00  2.72e+01 2.79e+02 1.46e+01  8.20e-01 7.11e-01      1s
  26   5.52124125e+01  5.51113317e+01  2.13e-04 6.42e-04  1.31e-01  2.21e+01 1.05e+03 2.60e+01  1.00e+00 9.69e-01      1s
  27   5.51499181e+01  5.51367597e+01  2.75e-15 2.77e-17  1.32e-02  2.72e+01 6.51e+03 8.15e+00  1.00e+00 1.00e+00      1s

The algorithm stopped after 28 iterations in 0.63 seconds.

Primal variables:   [+24.111 +0.002 +0.001 +61.983]
Dual slacks:        [+0.000 +1.717 +4.695 +0.000]
Dual variables:     [+6.080 -7.937]

Primal objective:   5.51499181e+01 
Dual objective:     5.51367597e+01 

Primal residual:    2.75e-15
Dual residual:      2.77e-17
Complementraty:     1.32e-02

Number of Iter:     28
Run time:           0.63
