
--------------- Linear optimization problem characteristics ---------------
Seed:                    59
Number of variables:     4
Number of constraints:   2

Norm of primal sol:      5.97e+01
Norm of dual sol:        1.00e+01
Norm of dual slacks:     5.00e+00

Norm of vector b:        3.20e+01
Norm of vector c:        1.28e+01

Norm of matrix A:        1.00e+00
Condition number:        2.00e+00

----------------------- Linear optimization problem -----------------------
Coeff matrix A:          [[-0.422 +0.211 +0.152 -0.178]
                          [-0.242 -0.086 -0.544 -0.782]]

RHS vector b:            [-26.042 -18.596]
Obj vector c:            [+0.941 +2.381 +10.559 +6.840]

---------------------------- Optimal solution -----------------------------
Primal variables:         [+59.429 +0.000 +0.000 +5.413]
Dual slacks:              [+0.000 +0.896 +4.919 +0.000]
Dual variables:           [+3.197 -9.475]

Optimal objective:       +9.29476573e+01
===========================================================================

Method:                  II-IPM
LO_Precision:            1.00e-01
Stop_Precision:          1.00e-08
LO_Verbosity:            2
Omega:                   1.00e+01

The Inexact Infeasible Interior-Point Method starts running ...


                  Objective                Residual                                               Step-length
Iter      Primal           Dual         Primal    Dual     Compl    Cond-Num  ||M||   ||RHS||    a-star   a-hat      Time
   0   1.74420474e+02  3.91499691e+02  1.95e+01 1.00e+01  2.63e+02  4.00e+00 1.00e+00 2.59e+01  2.27e-01 1.81e-01      0s
   1   1.72791762e+02  3.91190962e+02  1.90e+01 9.83e+00  2.58e+02  4.47e+00 2.63e+00 1.72e+00  2.79e-01 2.10e-02      0s
   2   1.71833831e+02  3.90426685e+02  1.88e+01 9.70e+00  2.55e+02  4.75e+00 2.88e+00 5.07e+00  2.94e-01 1.28e-02      0s
   3   1.70826368e+02  3.89296012e+02  1.85e+01 9.57e+00  2.52e+02  4.95e+00 3.04e+00 7.23e+00  3.04e-01 1.38e-02      0s
   4   1.69763928e+02  3.87764412e+02  1.83e+01 9.43e+00  2.48e+02  5.19e+00 3.22e+00 9.62e+00  3.14e-01 1.49e-02      0s
   5   1.68638239e+02  3.85788861e+02  1.80e+01 9.27e+00  2.45e+02  5.47e+00 3.43e+00 1.23e+01  3.26e-01 1.61e-02      0s
   6   1.67443527e+02  3.83325084e+02  1.77e+01 9.11e+00  2.41e+02  5.80e+00 3.67e+00 1.52e+01  3.38e-01 1.75e-02      0s
   7   1.66170961e+02  3.80319139e+02  1.73e+01 8.94e+00  2.37e+02  6.19e+00 3.94e+00 1.84e+01  3.51e-01 1.91e-02      0s
   8   1.64810636e+02  3.76709015e+02  1.70e+01 8.75e+00  2.32e+02  6.65e+00 4.26e+00 2.21e+01  3.65e-01 2.10e-02      0s
   9   1.63351444e+02  3.72423919e+02  1.66e+01 8.55e+00  2.27e+02  7.20e+00 4.62e+00 2.61e+01  3.80e-01 2.31e-02      0s
  10   1.61779386e+02  3.67378631e+02  1.61e+01 8.33e+00  2.22e+02  7.86e+00 5.05e+00 3.07e+01  3.97e-01 2.56e-02      0s
  11   1.60078636e+02  3.61475107e+02  1.57e+01 8.09e+00  2.16e+02  8.66e+00 5.56e+00 3.58e+01  4.16e-01 2.86e-02      0s
  12   1.58233224e+02  3.54608711e+02  1.52e+01 7.83e+00  2.10e+02  9.63e+00 6.16e+00 4.16e+01  4.36e-01 3.21e-02      0s
  13   1.56221586e+02  3.46649269e+02  1.46e+01 7.55e+00  2.03e+02  1.08e+01 6.88e+00 4.82e+01  4.59e-01 3.63e-02      0s
  14   1.54015146e+02  3.37432083e+02  1.40e+01 7.24e+00  1.95e+02  1.23e+01 7.76e+00 5.57e+01  4.84e-01 4.14e-02      1s
  15   1.51588735e+02  3.26800878e+02  1.34e+01 6.89e+00  1.87e+02  1.42e+01 8.84e+00 6.43e+01  5.12e-01 4.76e-02      1s
  16   1.48907744e+02  3.14558953e+02  1.26e+01 6.51e+00  1.78e+02  1.66e+01 1.02e+01 7.43e+01  5.43e-01 5.52e-02      1s
  17   1.45931882e+02  3.00486396e+02  1.18e+01 6.09e+00  1.67e+02  1.97e+01 1.19e+01 8.58e+01  5.78e-01 6.49e-02      1s
  18   1.42615759e+02  2.84350368e+02  1.09e+01 5.62e+00  1.55e+02  2.38e+01 1.41e+01 9.91e+01  6.17e-01 7.71e-02      1s
  19   1.38922235e+02  2.65985543e+02  9.88e+00 5.10e+00  1.43e+02  2.95e+01 1.70e+01 1.14e+02  6.62e-01 9.27e-02      1s
  20   1.34803791e+02  2.45228982e+02  8.76e+00 4.52e+00  1.28e+02  3.73e+01 2.10e+01 1.32e+02  7.13e-01 1.13e-01      1s
  21   1.30247611e+02  2.22183656e+02  7.53e+00 3.89e+00  1.12e+02  4.86e+01 2.65e+01 1.52e+02  7.71e-01 1.40e-01      1s
  22   1.25266777e+02  1.97236002e+02  6.21e+00 3.21e+00  9.47e+01  6.49e+01 3.45e+01 1.75e+02  8.36e-01 1.75e-01      1s
  23   1.19944060e+02  1.71350841e+02  4.83e+00 2.49e+00  7.63e+01  8.91e+01 4.66e+01 1.98e+02  9.07e-01 2.22e-01      1s
  24   1.14415090e+02  1.46063685e+02  3.44e+00 1.78e+00  5.74e+01  1.25e+02 6.58e+01 2.21e+02  9.84e-01 2.87e-01      1s
  25   1.08822863e+02  1.23358634e+02  2.13e+00 1.10e+00  3.88e+01  1.76e+02 9.84e+01 2.38e+02  1.00e+00 3.81e-01      1s
  26   1.03077514e+02  1.04985468e+02  9.59e-01 4.95e-01  2.10e+01  2.41e+02 1.61e+02 2.43e+02  1.00e+00 5.50e-01      1s
  27   9.69977401e+01  9.38228431e+01  1.03e-01 5.31e-02  5.47e+00  2.91e+02 3.23e+02 2.17e+02  1.00e+00 8.93e-01      1s
  28   9.51187065e+01  9.32737340e+01  4.85e-02 2.50e-02  2.90e+00  1.21e+02 1.23e+03 7.31e+01  1.00e+00 5.29e-01      1s
  29   9.31492196e+01  9.28291555e+01  7.94e-15 4.80e-16  3.20e-01  9.17e+01 2.10e+03 5.31e+01  1.00e+00 1.00e+00      1s
  30   9.29638834e+01  9.29318770e+01  1.46e-14 9.60e-16  3.20e-02  4.78e+01 1.12e+04 2.84e+01  1.00e+00 1.00e+00      1s

The algorithm stopped after 31 iterations in 0.78 seconds.

Primal variables:   [+59.436 +0.009 +0.002 +5.408]
Dual slacks:        [+0.000 +0.896 +4.920 +0.001]
Dual variables:     [+3.196 -9.473]

Primal objective:   9.29638834e+01 
Dual objective:     9.29318770e+01 

Primal residual:    1.46e-14
Dual residual:      9.60e-16
Complementraty:     3.20e-02

Number of Iter:     31
Run time:           0.78
