
--------------- Linear optimization problem characteristics ---------------
Seed:                    91
Number of variables:     4
Number of constraints:   2

Norm of primal sol:      1.74e+02
Norm of dual sol:        1.00e+01
Norm of dual slacks:     5.00e+00

Norm of vector b:        3.20e+01
Norm of vector c:        4.39e+00

Norm of matrix A:        1.00e+00
Condition number:        2.00e+00

----------------------- Linear optimization problem -----------------------
Coeff matrix A:          [[+0.427 -0.407 -0.198 -0.527]
                          [-0.044 -0.701 -0.287 -0.094]]

RHS vector b:            [+28.840 -13.865]
Obj vector c:            [-2.898 +0.503 +2.216 +2.382]

---------------------------- Optimal solution -----------------------------
Primal variables:         [+158.010 +0.000 +0.000 +73.370]
Dual slacks:              [+0.000 +3.714 +3.347 +0.000]
Dual variables:           [-5.954 +8.034]

Optimal objective:       -2.83118733e+02
===========================================================================

Method:                  II-IPM
LO_Precision:            1.00e-01
Stop_Precision:          1.00e-08
LO_Verbosity:            2
Omega:                   1.00e+01

The Inexact Infeasible Interior-Point Method starts running ...


                  Objective                Residual                                               Step-length
Iter      Primal           Dual         Primal    Dual     Compl    Cond-Num  ||M||   ||RHS||    a-star   a-hat      Time
   0  -1.20173936e+01  5.04394212e+02  3.02e+01 1.63e+01  2.56e+02  4.00e+00 1.00e+00 3.35e+01  1.98e-01 1.60e-01      0s
   1  -1.50976051e+01  5.02380659e+02  2.98e+01 1.60e+01  2.52e+02  2.72e+00 2.03e+00 5.04e+00  2.05e-01 1.51e-02      0s
   2  -1.64104494e+01  5.00964858e+02  2.96e+01 1.59e+01  2.51e+02  2.87e+00 2.24e+00 1.02e+01  2.18e-01 6.51e-03      0s
   3  -1.77866683e+01  4.99265625e+02  2.94e+01 1.58e+01  2.49e+02  2.94e+00 2.34e+00 1.25e+01  2.23e-01 6.87e-03      0s
   4  -1.92312242e+01  4.97261811e+02  2.92e+01 1.57e+01  2.47e+02  3.02e+00 2.44e+00 1.49e+01  2.29e-01 7.26e-03      0s
   5  -2.07495164e+01  4.94930137e+02  2.89e+01 1.56e+01  2.46e+02  3.11e+00 2.56e+00 1.76e+01  2.35e-01 7.68e-03      0s
   6  -2.23490219e+01  4.92242310e+02  2.87e+01 1.54e+01  2.44e+02  3.21e+00 2.69e+00 2.04e+01  2.41e-01 8.15e-03      0s
   7  -2.40363475e+01  4.89169143e+02  2.84e+01 1.53e+01  2.42e+02  3.32e+00 2.82e+00 2.35e+01  2.47e-01 8.67e-03      0s
   8  -2.58169163e+01  4.85682064e+02  2.82e+01 1.52e+01  2.40e+02  3.45e+00 2.98e+00 2.68e+01  2.55e-01 9.22e-03      0s
   9  -2.77021149e+01  4.81739240e+02  2.79e+01 1.50e+01  2.38e+02  3.59e+00 3.15e+00 3.04e+01  2.62e-01 9.85e-03      0s
  10  -2.97007664e+01  4.77300849e+02  2.76e+01 1.49e+01  2.36e+02  3.74e+00 3.34e+00 3.44e+01  2.70e-01 1.05e-02      0s
  11  -3.18225013e+01  4.72323266e+02  2.73e+01 1.47e+01  2.33e+02  3.91e+00 3.55e+00 3.87e+01  2.78e-01 1.13e-02      0s
  12  -3.40800826e+01  4.66753196e+02  2.70e+01 1.45e+01  2.30e+02  4.11e+00 3.79e+00 4.34e+01  2.88e-01 1.22e-02      0s
  13  -3.64877081e+01  4.60530624e+02  2.66e+01 1.43e+01  2.28e+02  4.32e+00 4.05e+00 4.85e+01  2.97e-01 1.31e-02      0s
  14  -3.90611745e+01  4.53588097e+02  2.62e+01 1.41e+01  2.25e+02  4.56e+00 4.35e+00 5.42e+01  3.08e-01 1.42e-02      0s
  15  -4.18180522e+01  4.45849963e+02  2.58e+01 1.39e+01  2.22e+02  4.82e+00 4.69e+00 6.05e+01  3.19e-01 1.54e-02      0s
  16  -4.47778670e+01  4.37231600e+02  2.54e+01 1.37e+01  2.18e+02  5.12e+00 5.07e+00 6.74e+01  3.31e-01 1.68e-02      1s
  17  -4.79718549e+01  4.27609822e+02  2.49e+01 1.34e+01  2.15e+02  5.46e+00 5.51e+00 7.51e+01  3.44e-01 1.85e-02      1s
  18  -5.14188339e+01  4.16893085e+02  2.44e+01 1.31e+01  2.11e+02  5.84e+00 6.02e+00 8.37e+01  3.58e-01 2.03e-02      1s
  19  -5.51571737e+01  4.04926364e+02  2.39e+01 1.29e+01  2.06e+02  6.26e+00 6.60e+00 9.33e+01  3.73e-01 2.24e-02      1s
  20  -5.92269877e+01  3.91542011e+02  2.33e+01 1.25e+01  2.02e+02  6.75e+00 7.28e+00 1.04e+02  3.90e-01 2.50e-02      1s
  21  -6.36737794e+01  3.76548624e+02  2.26e+01 1.22e+01  1.96e+02  7.30e+00 8.08e+00 1.16e+02  4.08e-01 2.79e-02      1s
  22  -6.85488773e+01  3.59729524e+02  2.19e+01 1.18e+01  1.91e+02  7.94e+00 9.04e+00 1.30e+02  4.28e-01 3.15e-02      1s
  23  -7.39311626e+01  3.40766594e+02  2.11e+01 1.14e+01  1.84e+02  8.68e+00 1.02e+01 1.46e+02  4.51e-01 3.58e-02      1s
  24  -7.98888180e+01  3.19371286e+02  2.03e+01 1.09e+01  1.78e+02  9.53e+00 1.16e+01 1.64e+02  4.75e-01 4.11e-02      1s
  25  -8.65356164e+01  2.95087482e+02  1.93e+01 1.04e+01  1.70e+02  1.05e+01 1.33e+01 1.85e+02  5.03e-01 4.77e-02      1s
  26  -9.39959728e+01  2.67413525e+02  1.82e+01 9.81e+00  1.61e+02  1.17e+01 1.55e+01 2.10e+02  5.34e-01 5.61e-02      1s
  27  -1.02433890e+02  2.35700657e+02  1.70e+01 9.15e+00  1.51e+02  1.31e+01 1.83e+01 2.39e+02  5.69e-01 6.70e-02      1s
  28  -1.12060630e+02  1.99129596e+02  1.56e+01 8.40e+00  1.40e+02  1.48e+01 2.20e+01 2.73e+02  6.10e-01 8.17e-02      1s
  29  -1.23171876e+02  1.56584949e+02  1.40e+01 7.54e+00  1.27e+02  1.68e+01 2.71e+01 3.14e+02  6.56e-01 1.02e-01      1s
  30  -1.36159087e+02  1.06649520e+02  1.22e+01 6.55e+00  1.12e+02  1.93e+01 3.43e+01 3.64e+02  7.10e-01 1.32e-01      1s
  31  -1.51644363e+02  4.71885869e+01  9.98e+00 5.37e+00  9.34e+01  2.25e+01 4.55e+01 4.24e+02  7.74e-01 1.79e-01      1s
  32  -1.70748550e+02 -2.53632978e+01  7.34e+00 3.95e+00  7.07e+01  2.63e+01 6.43e+01 4.99e+02  8.50e-01 2.64e-01      1s
  33  -1.96783706e+02 -1.20954770e+02  3.89e+00 2.09e+00  3.98e+01  3.12e+01 1.02e+02 5.91e+02  8.26e-01 4.70e-01      1s
The problem is infeasible.

The algorithm stopped after 34 iterations in 0.90 seconds.

Primal variables:   [+84.134 +11.841 +3.796 +6.682]
Dual slacks:        [+0.034 +0.567 +2.303 +0.391]
Dual variables:     [-4.969 +2.228]

Primal objective:   -2.13518950e+02
Dual objective:     -1.74204726e+02

Primal residual:    1.98e+00
Dual residual:      1.07e+00
Complementraty:     2.09e+01

Number of Iter:     34
Run time:           0.90
