
--------------- Linear optimization problem characteristics ---------------
Seed:                    55
Number of variables:     4
Number of constraints:   2

Norm of primal sol:      1.72e+02
Norm of dual sol:        1.00e+01
Norm of dual slacks:     5.00e+00

Norm of vector b:        3.20e+01
Norm of vector c:        1.43e+01

Norm of matrix A:        1.00e+00
Condition number:        2.00e+00

----------------------- Linear optimization problem -----------------------
Coeff matrix A:          [[-0.384 +0.221 -0.283 -0.051]
                          [-0.202 -0.624 -0.734 +0.051]]

RHS vector b:            [-31.719 -4.230]
Obj vector c:            [+1.448 +10.972 +9.083 -0.579]

---------------------------- Optimal solution -----------------------------
Primal variables:         [+61.468 +0.000 +0.000 +160.109]
Dual slacks:              [+0.000 +4.476 +2.229 +0.000]
Dual variables:           [+1.436 -9.896]

Optimal objective:       -3.69639254e+00
===========================================================================

Method:                  II-IPM
LO_Precision:            1.00e-01
Stop_Precision:          1.00e-08
LO_Verbosity:            2
Omega:                   1.00e+01

The Inexact Infeasible Interior-Point Method starts running ...


                  Objective                Residual                                               Step-length
Iter      Primal           Dual         Primal    Dual     Compl    Cond-Num  ||M||   ||RHS||    a-star   a-hat      Time
   0   1.52955233e+02  5.91840994e+02  2.36e+01 1.12e+01  2.21e+02  4.00e+00 1.00e+00 2.70e+01  2.19e-01 1.83e-01      0s
   1   1.51244075e+02  5.95054331e+02  2.34e+01 1.11e+01  2.19e+02  6.50e+00 2.73e+00 1.19e+01  1.90e-01 8.46e-03      0s
   2   1.50074197e+02  5.96957398e+02  2.33e+01 1.10e+01  2.18e+02  6.76e+00 2.85e+00 1.28e+01  1.97e-01 5.84e-03      0s
   3   1.48841826e+02  5.98773486e+02  2.31e+01 1.09e+01  2.17e+02  6.97e+00 2.94e+00 1.36e+01  2.02e-01 6.19e-03      0s
   4   1.47537651e+02  6.00503090e+02  2.30e+01 1.09e+01  2.16e+02  7.22e+00 3.04e+00 1.47e+01  2.07e-01 6.60e-03      0s
   5   1.46151036e+02  6.02145590e+02  2.28e+01 1.08e+01  2.14e+02  7.52e+00 3.15e+00 1.60e+01  2.13e-01 7.07e-03      0s
   6   1.44671240e+02  6.03697906e+02  2.26e+01 1.07e+01  2.13e+02  7.87e+00 3.27e+00 1.75e+01  2.19e-01 7.60e-03      0s
   7   1.43084391e+02  6.05158303e+02  2.24e+01 1.06e+01  2.11e+02  8.29e+00 3.41e+00 1.94e+01  2.25e-01 8.21e-03      0s
   8   1.41374395e+02  6.06525104e+02  2.22e+01 1.05e+01  2.09e+02  8.80e+00 3.58e+00 2.15e+01  2.32e-01 8.93e-03      0s
   9   1.39518774e+02  6.07800246e+02  2.20e+01 1.04e+01  2.07e+02  9.42e+00 3.76e+00 2.40e+01  2.40e-01 9.78e-03      0s
  10   1.37488692e+02  6.08988728e+02  2.18e+01 1.03e+01  2.05e+02  1.02e+01 3.97e+00 2.69e+01  2.48e-01 1.08e-02      0s
  11   1.35240245e+02  6.10104508e+02  2.15e+01 1.02e+01  2.03e+02  1.11e+01 4.22e+00 3.02e+01  2.57e-01 1.21e-02      0s
  12   1.32713331e+02  6.11172526e+02  2.12e+01 1.00e+01  2.00e+02  1.23e+01 4.51e+00 3.41e+01  2.68e-01 1.38e-02      0s
  13   1.29810375e+02  6.12245718e+02  2.09e+01 9.88e+00  1.97e+02  1.38e+01 4.87e+00 3.88e+01  2.79e-01 1.61e-02      0s
  14   1.26361481e+02  6.13438274e+02  2.05e+01 9.69e+00  1.93e+02  1.59e+01 5.31e+00 4.44e+01  2.93e-01 1.94e-02      1s
  15   1.21998953e+02  6.15039687e+02  2.00e+01 9.45e+00  1.89e+02  1.90e+01 5.88e+00 5.14e+01  3.10e-01 2.51e-02      1s
  16   1.15602848e+02  6.18053045e+02  1.92e+01 9.09e+00  1.81e+02  2.38e+01 6.68e+00 6.09e+01  3.18e-01 3.78e-02      1s
  17   9.64455875e+01  6.33135884e+02  1.69e+01 8.02e+00  1.51e+02  3.38e+01 8.03e+00 7.62e+01  2.98e-01 1.18e-01      1s
  18   6.71719314e+01  7.28857785e+02  1.34e+01 6.34e+00  7.19e+01  1.08e+02 1.42e+01 1.38e+02  2.35e-01 2.09e-01      1s
  19   5.68910361e+01  8.57454020e+02  1.16e+01 5.51e+00  3.39e+01  4.84e+02 3.17e+01 2.64e+02  1.40e-01 1.31e-01      1s
  20   5.52804050e+01  8.35854684e+02  1.13e+01 5.36e+00  3.30e+01  2.88e+01 3.96e+01 3.21e+02  2.24e-01 2.73e-02      1s
  21   5.47740868e+01  8.28923839e+02  1.12e+01 5.32e+00  3.28e+01  2.39e+01 4.12e+01 3.34e+02  2.48e-01 8.82e-03      1s
  22   5.42404685e+01  8.21582479e+02  1.11e+01 5.27e+00  3.25e+01  2.27e+01 4.17e+01 3.38e+02  2.55e-01 9.38e-03      1s
  23   5.36740012e+01  8.13751361e+02  1.10e+01 5.21e+00  3.22e+01  2.16e+01 4.22e+01 3.43e+02  2.63e-01 1.01e-02      1s
  24   5.30724658e+01  8.05396361e+02  1.09e+01 5.16e+00  3.19e+01  2.04e+01 4.28e+01 3.49e+02  2.71e-01 1.08e-02      1s
  25   5.24309468e+01  7.96445566e+02  1.08e+01 5.10e+00  3.15e+01  1.93e+01 4.35e+01 3.55e+02  2.80e-01 1.16e-02      1s
  26   5.17465688e+01  7.86854852e+02  1.06e+01 5.03e+00  3.12e+01  1.82e+01 4.42e+01 3.61e+02  2.90e-01 1.26e-02      1s
  27   5.10140853e+01  7.76546525e+02  1.05e+01 4.96e+00  3.08e+01  1.72e+01 4.49e+01 3.68e+02  3.00e-01 1.36e-02      1s
  28   5.02275631e+01  7.65432489e+02  1.03e+01 4.89e+00  3.04e+01  1.62e+01 4.58e+01 3.77e+02  3.11e-01 1.48e-02      1s
  29   4.93828265e+01  7.53448838e+02  1.02e+01 4.81e+00  2.99e+01  1.52e+01 4.67e+01 3.86e+02  3.23e-01 1.62e-02      1s
  30   4.84709137e+01  7.40463273e+02  9.99e+00 4.73e+00  2.94e+01  1.42e+01 4.77e+01 3.96e+02  3.35e-01 1.77e-02      1s
  31   4.74834355e+01  7.26350535e+02  9.79e+00 4.63e+00  2.89e+01  1.33e+01 4.89e+01 4.08e+02  3.49e-01 1.95e-02      1s
  32   4.64109310e+01  7.10969156e+02  9.58e+00 4.53e+00  2.83e+01  1.24e+01 5.02e+01 4.21e+02  3.64e-01 2.16e-02      1s
  33   4.52427653e+01  6.94159919e+02  9.35e+00 4.42e+00  2.77e+01  1.15e+01 5.16e+01 4.37e+02  3.81e-01 2.41e-02      1s
  34   4.39632107e+01  6.75689243e+02  9.10e+00 4.30e+00  2.70e+01  1.07e+01 5.33e+01 4.55e+02  3.99e-01 2.70e-02      1s
  35   4.25568410e+01  6.55326430e+02  8.82e+00 4.17e+00  2.63e+01  9.86e+00 5.53e+01 4.75e+02  4.19e-01 3.06e-02      1s
  36   4.10032534e+01  6.32767492e+02  8.51e+00 4.03e+00  2.54e+01  9.09e+00 5.75e+01 4.99e+02  4.41e-01 3.48e-02      1s
  37   3.92774314e+01  6.07639907e+02  8.17e+00 3.87e+00  2.45e+01  8.34e+00 6.02e+01 5.27e+02  4.66e-01 4.01e-02      1s
  38   3.73489143e+01  5.79490305e+02  7.79e+00 3.69e+00  2.34e+01  7.63e+00 6.34e+01 5.60e+02  4.93e-01 4.66e-02      1s
The problem is infeasible.

The algorithm stopped after 39 iterations in 1.26 seconds.

Primal variables:   [+53.934 +0.269 +0.220 +82.670]
Dual slacks:        [+0.143 +28.177 +18.943 +0.034]
Dual variables:     [-20.048 +20.844]

Primal objective:   3.51788830e+01 
Dual objective:     5.47741858e+02 

Primal residual:    7.36e+00
Dual residual:      3.48e+00
Complementraty:     2.23e+01

Number of Iter:     39
Run time:           1.26
