
--------------- Linear optimization problem characteristics ---------------
Seed:                    60
Number of variables:     4
Number of constraints:   2

Norm of primal sol:      1.12e+02
Norm of dual sol:        1.00e+01
Norm of dual slacks:     5.00e+00

Norm of vector b:        3.20e+01
Norm of vector c:        8.43e+00

Norm of matrix A:        1.00e+00
Condition number:        2.00e+00

----------------------- Linear optimization problem -----------------------
Coeff matrix A:          [[+0.279 +0.539 +0.496 -0.433]
                          [+0.039 +0.649 -0.132 -0.080]]

RHS vector b:            [-31.366 -6.339]
Obj vector c:            [+1.208 +0.046 +8.163 -1.715]

---------------------------- Optimal solution -----------------------------
Primal variables:         [+46.208 +0.000 +0.000 +102.246]
Dual slacks:              [+0.000 +2.504 +4.328 +0.000]
Dual variables:           [+5.498 -8.353]

Optimal objective:       -1.19500924e+02
===========================================================================

Method:                  II-IPM
LO_Precision:            1.00e-01
Stop_Precision:          1.00e-08
LO_Verbosity:            2
Omega:                   1.00e+01

The Inexact Infeasible Interior-Point Method starts running ...


                  Objective                Residual                                               Step-length
Iter      Primal           Dual         Primal    Dual     Compl    Cond-Num  ||M||   ||RHS||    a-star   a-hat      Time
   0  -8.80345247e+00  3.94048257e+02  3.04e+01 1.30e+01  1.75e+02  4.00e+00 1.00e+00 3.80e+01  3.14e-01 2.71e-01      0s
   1  -1.20896603e+01  3.89173428e+02  2.94e+01 1.26e+01  1.70e+02  2.47e+01 2.52e+00 1.10e+01  2.22e-01 3.06e-02      0s
   2  -1.29957873e+01  3.87072055e+02  2.92e+01 1.25e+01  1.68e+02  3.20e+01 3.18e+00 2.25e+01  2.46e-01 8.77e-03      0s
   3  -1.39375877e+01  3.84716749e+02  2.89e+01 1.23e+01  1.67e+02  3.43e+01 3.38e+00 2.58e+01  2.53e-01 9.21e-03      0s
   4  -1.49323855e+01  3.82054688e+02  2.86e+01 1.22e+01  1.65e+02  3.67e+01 3.59e+00 2.93e+01  2.61e-01 9.83e-03      0s
   5  -1.59846039e+01  3.79058897e+02  2.83e+01 1.21e+01  1.64e+02  3.95e+01 3.83e+00 3.31e+01  2.69e-01 1.05e-02      0s
   6  -1.71001745e+01  3.75696432e+02  2.80e+01 1.20e+01  1.62e+02  4.26e+01 4.09e+00 3.72e+01  2.77e-01 1.13e-02      0s
   7  -1.82844942e+01  3.71933851e+02  2.77e+01 1.18e+01  1.60e+02  4.62e+01 4.39e+00 4.18e+01  2.86e-01 1.21e-02      0s
   8  -1.95472178e+01  3.67721938e+02  2.73e+01 1.17e+01  1.58e+02  5.02e+01 4.71e+00 4.68e+01  2.95e-01 1.31e-02      0s
   9  -2.08939452e+01  3.63021659e+02  2.69e+01 1.15e+01  1.56e+02  5.49e+01 5.08e+00 5.23e+01  3.06e-01 1.42e-02      0s
  10  -2.23363415e+01  3.57770853e+02  2.65e+01 1.13e+01  1.54e+02  6.02e+01 5.50e+00 5.84e+01  3.17e-01 1.55e-02      0s
  11  -2.38845978e+01  3.51908584e+02  2.61e+01 1.11e+01  1.52e+02  6.64e+01 5.97e+00 6.51e+01  3.29e-01 1.69e-02      0s
  12  -2.55533239e+01  3.45353593e+02  2.56e+01 1.09e+01  1.49e+02  7.37e+01 6.51e+00 7.26e+01  3.41e-01 1.85e-02      1s
  13  -2.73573466e+01  3.38018800e+02  2.51e+01 1.07e+01  1.46e+02  8.23e+01 7.14e+00 8.10e+01  3.55e-01 2.04e-02      1s
  14  -2.93152296e+01  3.29797033e+02  2.45e+01 1.05e+01  1.43e+02  9.26e+01 7.86e+00 9.05e+01  3.71e-01 2.27e-02      1s
  15  -3.14479935e+01  3.20564799e+02  2.39e+01 1.02e+01  1.40e+02  1.05e+02 8.71e+00 1.01e+02  3.87e-01 2.53e-02      1s
  16  -3.37839797e+01  3.10159855e+02  2.32e+01 9.90e+00  1.36e+02  1.20e+02 9.72e+00 1.13e+02  4.06e-01 2.85e-02      1s
  17  -3.63557469e+01  2.98391736e+02  2.24e+01 9.58e+00  1.32e+02  1.39e+02 1.09e+01 1.27e+02  4.26e-01 3.24e-02      1s
  18  -3.92060657e+01  2.85012106e+02  2.16e+01 9.22e+00  1.28e+02  1.63e+02 1.24e+01 1.43e+02  4.49e-01 3.72e-02      1s
  19  -4.23873862e+01  2.69712279e+02  2.07e+01 8.82e+00  1.23e+02  1.94e+02 1.42e+01 1.62e+02  4.74e-01 4.32e-02      1s
  20  -4.59668841e+01  2.52093608e+02  1.96e+01 8.38e+00  1.17e+02  2.35e+02 1.65e+01 1.84e+02  5.03e-01 5.09e-02      1s
  21  -5.00413909e+01  2.31583933e+02  1.84e+01 7.86e+00  1.10e+02  2.91e+02 1.94e+01 2.10e+02  5.36e-01 6.13e-02      1s
  22  -5.47320938e+01  2.07445644e+02  1.70e+01 7.27e+00  1.03e+02  3.71e+02 2.33e+01 2.41e+02  5.74e-01 7.55e-02      1s
  23  -6.02273399e+01  1.78527365e+02  1.54e+01 6.57e+00  9.34e+01  4.90e+02 2.87e+01 2.80e+02  6.18e-01 9.63e-02      1s
  24  -6.68253242e+01  1.42963694e+02  1.34e+01 5.72e+00  8.22e+01  6.77e+02 3.66e+01 3.28e+02  6.71e-01 1.29e-01      1s
  25  -7.50435805e+01  9.73937363e+01  1.09e+01 4.65e+00  6.77e+01  1.00e+03 4.93e+01 3.90e+02  7.37e-01 1.87e-01      1s
  26  -8.59254026e+01  3.46312946e+01  7.50e+00 3.20e+00  4.75e+01  1.62e+03 7.29e+01 4.76e+02  8.21e-01 3.12e-01      1s
  27  -1.00786070e+02 -5.67960165e+01  2.66e+00 1.13e+00  1.71e+01  2.92e+03 1.33e+02 6.05e+02  8.84e-01 6.46e-01      1s
  28  -1.07310287e+02 -9.43744584e+01  7.58e-01 3.24e-01  4.95e+00  4.24e+03 4.97e+02 8.13e+02  7.78e-01 7.15e-01      1s
The problem is infeasible.

The algorithm stopped after 29 iterations in 0.96 seconds.

Primal variables:   [+10.374 +0.192 +2.122 +80.144]
Dual slacks:        [+0.058 +13.156 +0.424 +0.010]
Dual variables:     [+8.467 -26.953]

Primal objective:   -1.07554861e+02
Dual objective:     -9.47112102e+01

Primal residual:    7.42e-01
Dual residual:      3.17e-01
Complementraty:     4.85e+00

Number of Iter:     29
Run time:           0.96
