
================= Linear optimization problem Information =================
Number of variables:     8
Number of constraints:   2

Norm of primal sol:      1.30e+01
Norm of dual sol:        1.00e+01
Norm of dual slacks:     5.00e+00

Norm of vector b:        1.00e+01
Norm of vector c:        1.90e+01

Norm of matrix A:        2.00e+00
Condition number:        3.20e+01
Seed:                    63

======================= Linear optimization problem =======================
coeff matrix A:          [[+0.006 -0.109 +0.263 +0.259 -0.786 +0.314 +0.525 +0.597]
                          [-0.003 +0.217 -0.395 -0.299 +1.006 -0.400 -0.667 -0.773]]

RHS vector b:            [+6.229 -7.823]
Obj vector c:            [+0.044 +1.870 +4.350 +3.396 -11.270 +4.487 +10.191 +8.650]

============================ Optimal solution =============================
Primal variables:        [+6.726 +0.000 +0.584 +6.382 +1.858 +6.071 +0.000 +6.594]
Dual slacks:             [+0.000 +4.199 +0.000 +0.000 +0.000 +0.000 +2.714 +0.000]
Dual variables:          [+1.734 -9.849]

Optimal objective:       +8.78453840e+01
===========================================================================

Method:             II-QIPM
LO_Precision:       1.00e-01
Stop_Precision:     1.00e-03
LO_Verbosity:       2
Omega:              1.00e+01
num_ancillae:       4

The Quantum Inexact Infeasible Interior-Point Method starts running ...


                  Objective                Residual                      Quantum                    Step-length
Iter      Primal           Dual         Primal    Dual     Compl    ||Resl||   Prob    Cond-Num   a-star   a-hat      Time
   0   1.61874153e+02  4.84247020e+01  2.16e+00 8.36e+00  2.97e+02  1.15e-01 1.56e-02  1.02e+03  8.13e-01 6.90e-01      2s
   1   1.35666860e+02  7.03907245e+01  9.69e-01 3.76e+00  1.49e+02  1.01e-01 1.56e-02  2.26e+03  9.74e-01 5.50e-01      5s
   2   1.07344345e+02  8.54682329e+01  2.21e-01 6.87e-01  3.76e+01  1.65e-01 1.56e-02  3.23e+03  9.30e-01 8.17e-01      7s
   3   1.05267909e+02  8.58047677e+01  1.91e-01 6.07e-01  3.36e+01  6.54e-02 1.56e-02  3.10e+03  6.57e-01 1.16e-01      9s
   4   1.03943622e+02  8.60060978e+01  1.69e-01 5.59e-01  3.11e+01  1.52e-01 1.56e-02  3.05e+03  6.16e-01 8.02e-02     11s
   5   1.02853268e+02  8.61638348e+01  1.50e-01 5.20e-01  2.92e+01  2.26e-01 1.56e-02  2.99e+03  5.87e-01 6.94e-02     13s
   6   1.01937710e+02  8.62899602e+01  1.33e-01 4.88e-01  2.76e+01  3.01e-01 1.56e-02  2.92e+03  5.59e-01 6.06e-02     16s
   7   1.01154181e+02  8.63927467e+01  1.21e-01 4.62e-01  2.62e+01  3.79e-01 1.56e-02  2.85e+03  5.34e-01 5.34e-02     18s
   8   1.00474530e+02  8.64776081e+01  1.14e-01 4.40e-01  2.51e+01  4.59e-01 1.56e-02  2.77e+03  5.11e-01 4.74e-02     20s
   9   9.98757996e+01  8.65487117e+01  1.11e-01 4.22e-01  2.41e+01  5.42e-01 1.56e-02  2.69e+03  4.90e-01 4.24e-02     22s
  10   9.93423285e+01  8.66089097e+01  1.15e-01 4.06e-01  2.33e+01  6.28e-01 1.56e-02  2.62e+03  4.71e-01 3.82e-02     25s
  11   9.88624363e+01  8.66603104e+01  1.23e-01 3.92e-01  2.26e+01  7.17e-01 1.56e-02  2.54e+03  4.53e-01 3.45e-02     27s
  12   9.84255799e+01  8.67046786e+01  1.35e-01 3.79e-01  2.19e+01  8.08e-01 1.56e-02  2.47e+03  4.36e-01 3.14e-02     29s
  13   9.80254406e+01  8.67431689e+01  1.51e-01 3.68e-01  2.14e+01  9.03e-01 1.56e-02  2.41e+03  4.21e-01 2.87e-02     32s
  14   9.76553602e+01  8.67768519e+01  1.68e-01 3.59e-01  2.09e+01  1.00e+00 1.56e-02  2.34e+03  4.07e-01 2.64e-02     34s
  15   9.73106233e+01  8.68065079e+01  1.87e-01 3.50e-01  2.04e+01  1.10e+00 1.56e-02  2.28e+03  3.93e-01 2.43e-02     36s
  16   9.69879725e+01  8.68327154e+01  2.07e-01 3.42e-01  2.00e+01  1.21e+00 1.56e-02  2.23e+03  3.81e-01 2.25e-02     38s
  17   9.66840591e+01  8.68560032e+01  2.28e-01 3.35e-01  1.96e+01  1.31e+00 1.56e-02  2.18e+03  3.70e-01 2.09e-02     40s
  18   9.63963514e+01  8.68767834e+01  2.49e-01 3.28e-01  1.93e+01  1.43e+00 1.56e-02  2.13e+03  3.59e-01 1.95e-02     43s
  19   9.61226945e+01  8.68953997e+01  2.71e-01 3.22e-01  1.89e+01  1.54e+00 1.56e-02  2.08e+03  3.49e-01 1.82e-02     45s
  20   9.58612393e+01  8.69121400e+01  2.94e-01 3.17e-01  1.86e+01  1.66e+00 1.56e-02  2.04e+03  3.39e-01 1.71e-02     47s
  21   9.56106383e+01  8.69272320e+01  3.17e-01 3.12e-01  1.84e+01  1.78e+00 1.56e-02  2.00e+03  3.30e-01 1.60e-02     49s
  22   9.53694785e+01  8.69408851e+01  3.40e-01 3.07e-01  1.81e+01  1.91e+00 1.56e-02  1.97e+03  3.22e-01 1.51e-02     51s
  23   9.51365211e+01  8.69532772e+01  3.63e-01 3.03e-01  1.79e+01  2.04e+00 1.56e-02  1.93e+03  3.14e-01 1.43e-02     53s
  24   9.49113478e+01  8.69645262e+01  3.87e-01 2.99e-01  1.77e+01  2.17e+00 1.56e-02  1.90e+03  3.06e-01 1.35e-02     56s
  25   9.46925062e+01  8.69747906e+01  4.11e-01 2.95e-01  1.75e+01  2.31e+00 1.56e-02  1.88e+03  2.99e-01 1.28e-02     58s
  26   9.44797515e+01  8.69841555e+01  4.35e-01 2.91e-01  1.73e+01  2.45e+00 1.56e-02  1.85e+03  2.92e-01 1.21e-02     59s
  27   9.42724624e+01  8.69927167e+01  4.60e-01 2.88e-01  1.71e+01  2.59e+00 1.56e-02  1.83e+03  2.86e-01 1.15e-02     62s
  28   9.40696766e+01  8.70005735e+01  4.85e-01 2.85e-01  1.69e+01  2.74e+00 1.56e-02  1.80e+03  2.80e-01 1.10e-02     64s
  29   9.38715027e+01  8.70077746e+01  5.09e-01 2.82e-01  1.68e+01  2.90e+00 1.56e-02  1.78e+03  2.74e-01 1.04e-02     67s
  30   9.36770889e+01  8.70143997e+01  5.35e-01 2.79e-01  1.66e+01  3.05e+00 1.56e-02  1.77e+03  2.68e-01 9.98e-03     68s
  31   9.34864081e+01  8.70204929e+01  5.60e-01 2.76e-01  1.65e+01  3.22e+00 1.56e-02  1.75e+03  2.63e-01 9.52e-03     71s
  32   9.32988874e+01  8.70261118e+01  5.85e-01 2.74e-01  1.63e+01  3.38e+00 1.56e-02  1.73e+03  2.57e-01 9.11e-03     73s
  33   9.31141772e+01  8.70313016e+01  6.11e-01 2.71e-01  1.62e+01  3.56e+00 1.56e-02  1.72e+03  2.52e-01 8.73e-03     75s
  34   9.29323185e+01  8.70360927e+01  6.37e-01 2.69e-01  1.61e+01  3.73e+00 1.56e-02  1.70e+03  2.47e-01 8.36e-03     78s
  35   9.27530042e+01  8.70405227e+01  6.63e-01 2.67e-01  1.60e+01  3.91e+00 1.56e-02  1.69e+03  2.43e-01 8.02e-03     80s
  36   9.25759483e+01  8.70446251e+01  6.90e-01 2.65e-01  1.58e+01  4.10e+00 1.56e-02  1.68e+03  2.38e-01 7.70e-03     82s
  37   9.24008839e+01  8.70484297e+01  7.16e-01 2.63e-01  1.57e+01  4.29e+00 1.55e-02  1.67e+03  2.34e-01 7.40e-03     84s
  38   9.22279060e+01  8.70519560e+01  7.43e-01 2.61e-01  1.56e+01  4.48e+00 1.55e-02  1.66e+03  2.30e-01 7.11e-03     87s
  39   9.20566027e+01  8.70552325e+01  7.70e-01 2.59e-01  1.55e+01  4.68e+00 1.55e-02  1.65e+03  2.26e-01 6.85e-03     89s
  40   9.18870875e+01  8.70582751e+01  7.97e-01 2.58e-01  1.54e+01  4.89e+00 1.55e-02  1.64e+03  2.22e-01 6.59e-03     91s
  41   9.17191432e+01  8.70611043e+01  8.24e-01 2.56e-01  1.54e+01  5.10e+00 1.55e-02  1.63e+03  2.18e-01 6.35e-03     94s
  42   9.15525631e+01  8.70637389e+01  8.51e-01 2.54e-01  1.53e+01  5.31e+00 1.55e-02  1.63e+03  2.15e-01 6.13e-03     95s
  43   9.13874804e+01  8.70661905e+01  8.79e-01 2.53e-01  1.52e+01  5.53e+00 1.55e-02  1.62e+03  2.11e-01 5.91e-03     97s
  44   9.12235407e+01  8.70684774e+01  9.07e-01 2.51e-01  1.51e+01  5.76e+00 1.55e-02  1.61e+03  2.08e-01 5.71e-03     99s
  45   9.10610499e+01  8.70706068e+01  9.35e-01 2.50e-01  1.50e+01  5.99e+00 1.55e-02  1.61e+03  2.04e-01 5.50e-03    101s
  46   9.08996696e+01  8.70725945e+01  9.63e-01 2.49e-01  1.50e+01  6.23e+00 1.55e-02  1.60e+03  2.01e-01 5.32e-03    104s
  47   9.07392298e+01  8.70744521e+01  9.91e-01 2.47e-01  1.49e+01  6.47e+00 1.55e-02  1.60e+03  1.98e-01 5.15e-03    106s
  48   9.05800445e+01  8.70761853e+01  1.02e+00 2.46e-01  1.48e+01  6.72e+00 1.54e-02  1.59e+03  1.95e-01 4.97e-03    108s
  49   9.04217956e+01  8.70778061e+01  1.05e+00 2.45e-01  1.48e+01  6.98e+00 1.54e-02  1.59e+03  1.92e-01 4.81e-03    111s
  50   9.02646434e+01  8.70793206e+01  1.08e+00 2.44e-01  1.47e+01  7.24e+00 1.54e-02  1.59e+03  1.89e-01 4.65e-03    113s
  51   9.01082813e+01  8.70807391e+01  1.11e+00 2.43e-01  1.46e+01  7.50e+00 1.54e-02  1.58e+03  1.86e-01 4.51e-03    115s
  52   8.99530298e+01  8.70820653e+01  1.14e+00 2.42e-01  1.46e+01  7.78e+00 1.54e-02  1.58e+03  1.83e-01 4.37e-03    117s
  53   8.97985925e+01  8.70833080e+01  1.16e+00 2.41e-01  1.45e+01  8.05e+00 1.54e-02  1.58e+03  1.81e-01 4.23e-03    119s
  54   8.96449848e+01  8.70844727e+01  1.19e+00 2.40e-01  1.45e+01  8.34e+00 1.54e-02  1.57e+03  1.78e-01 4.11e-03    121s
  55   8.94923777e+01  8.70855635e+01  1.22e+00 2.39e-01  1.44e+01  8.63e+00 1.53e-02  1.57e+03  1.75e-01 3.98e-03    123s
  56   8.93406400e+01  8.70865864e+01  1.25e+00 2.38e-01  1.44e+01  8.93e+00 1.53e-02  1.57e+03  1.73e-01 3.86e-03    125s
  57   8.91896438e+01  8.70875466e+01  1.28e+00 2.37e-01  1.43e+01  9.23e+00 1.53e-02  1.57e+03  1.70e-01 3.75e-03    128s
  58   8.90397150e+01  8.70884464e+01  1.31e+00 2.36e-01  1.43e+01  9.54e+00 1.53e-02  1.57e+03  1.68e-01 3.63e-03    130s
  59   8.88904333e+01  8.70892923e+01  1.34e+00 2.35e-01  1.42e+01  9.86e+00 1.53e-02  1.56e+03  1.66e-01 3.53e-03    132s
  60   8.87421257e+01  8.70900861e+01  1.37e+00 2.34e-01  1.42e+01  1.02e+01 1.52e-02  1.56e+03  1.63e-01 3.43e-03    134s
  61   8.85948240e+01  8.70908311e+01  1.40e+00 2.34e-01  1.41e+01  1.05e+01 1.52e-02  1.56e+03  1.61e-01 3.33e-03    136s
  62   8.84482686e+01  8.70915319e+01  1.43e+00 2.33e-01  1.41e+01  1.08e+01 1.52e-02  1.56e+03  1.59e-01 3.24e-03    138s
  63   8.83024960e+01  8.70921911e+01  1.47e+00 2.32e-01  1.40e+01  1.12e+01 1.52e-02  1.56e+03  1.57e-01 3.15e-03    140s
  64   8.81578347e+01  8.70928101e+01  1.50e+00 2.31e-01  1.40e+01  1.15e+01 1.51e-02  1.56e+03  1.55e-01 3.06e-03    142s
  65   8.80140360e+01  8.70933925e+01  1.53e+00 2.31e-01  1.40e+01  1.19e+01 1.51e-02  1.56e+03  1.53e-01 2.98e-03    145s
  66   8.78712855e+01  8.70939400e+01  1.56e+00 2.30e-01  1.39e+01  1.23e+01 1.51e-02  1.56e+03  1.51e-01 2.90e-03    147s
  67   8.77293430e+01  8.70944559e+01  1.59e+00 2.29e-01  1.39e+01  1.26e+01 1.50e-02  1.55e+03  1.49e-01 2.82e-03    149s
  68   8.75885378e+01  8.70949410e+01  1.62e+00 2.29e-01  1.39e+01  1.30e+01 1.50e-02  1.55e+03  1.47e-01 2.74e-03    152s
  69   8.74486376e+01  8.70953981e+01  1.65e+00 2.28e-01  1.38e+01  1.34e+01 1.49e-02  1.55e+03  1.45e-01 2.67e-03    154s
  70   8.73099720e+01  8.70958280e+01  1.68e+00 2.28e-01  1.38e+01  1.38e+01 1.49e-02  1.55e+03  1.43e-01 2.60e-03    156s
  71   8.71723168e+01  8.70962332e+01  1.72e+00 2.27e-01  1.38e+01  1.42e+01 1.48e-02  1.55e+03  1.42e-01 2.54e-03    158s
  72   8.70357283e+01  8.70966151e+01  1.75e+00 2.26e-01  1.37e+01  1.46e+01 1.48e-02  1.55e+03  1.40e-01 2.47e-03    160s
  73   8.69004007e+01  8.70969747e+01  1.78e+00 2.26e-01  1.37e+01  1.50e+01 1.47e-02  1.55e+03  1.38e-01 2.41e-03    163s
  74   8.67662590e+01  8.70973136e+01  1.81e+00 2.25e-01  1.37e+01  1.54e+01 1.47e-02  1.55e+03  1.36e-01 2.35e-03    165s
  75   8.66335000e+01  8.70976328e+01  1.84e+00 2.25e-01  1.36e+01  1.59e+01 1.46e-02  1.55e+03  1.35e-01 2.29e-03    167s
  76   8.65019244e+01  8.70979340e+01  1.88e+00 2.24e-01  1.36e+01  1.63e+01 1.45e-02  1.55e+03  1.33e-01 2.23e-03    169s
  77   8.63717339e+01  8.70982180e+01  1.91e+00 2.24e-01  1.36e+01  1.68e+01 1.45e-02  1.55e+03  1.32e-01 2.18e-03    172s
  78   8.62430006e+01  8.70984857e+01  1.94e+00 2.23e-01  1.36e+01  1.72e+01 1.44e-02  1.55e+03  1.30e-01 2.12e-03    174s
  79   8.61157997e+01  8.70987380e+01  1.97e+00 2.23e-01  1.35e+01  1.77e+01 1.43e-02  1.55e+03  1.29e-01 2.07e-03    176s
  80   8.59900837e+01  8.70989761e+01  2.01e+00 2.22e-01  1.35e+01  1.82e+01 1.42e-02  1.55e+03  1.27e-01 2.02e-03    178s
  81   8.58660620e+01  8.70992006e+01  2.04e+00 2.22e-01  1.35e+01  1.87e+01 1.41e-02  1.55e+03  1.26e-01 1.98e-03    180s
  82   8.57436976e+01  8.70994124e+01  2.07e+00 2.22e-01  1.35e+01  1.91e+01 1.40e-02  1.55e+03  1.24e-01 1.93e-03    181s
  83   8.56232046e+01  8.70996121e+01  2.10e+00 2.21e-01  1.34e+01  1.97e+01 1.39e-02  1.55e+03  1.23e-01 1.88e-03    183s
  84   8.55044392e+01  8.70998007e+01  2.14e+00 2.21e-01  1.34e+01  2.02e+01 1.38e-02  1.55e+03  1.21e-01 1.84e-03    185s
  85   8.53876252e+01  8.70999786e+01  2.17e+00 2.20e-01  1.34e+01  2.07e+01 1.37e-02  1.55e+03  1.20e-01 1.80e-03    186s
  86   8.52729857e+01  8.71001463e+01  2.20e+00 2.20e-01  1.34e+01  2.12e+01 1.35e-02  1.55e+03  1.19e-01 1.76e-03    188s
  87   8.51604041e+01  8.71003046e+01  2.24e+00 2.20e-01  1.34e+01  2.18e+01 1.34e-02  1.55e+03  1.17e-01 1.72e-03    191s
  88   8.50501159e+01  8.71004540e+01  2.27e+00 2.19e-01  1.33e+01  2.23e+01 1.32e-02  1.55e+03  1.16e-01 1.68e-03    193s
  89   8.49422476e+01  8.71005949e+01  2.31e+00 2.19e-01  1.33e+01  2.29e+01 1.31e-02  1.55e+03  1.15e-01 1.64e-03    194s
  90   8.48368274e+01  8.71007279e+01  2.34e+00 2.19e-01  1.33e+01  2.35e+01 1.29e-02  1.55e+03  1.14e-01 1.61e-03    196s
  91   8.47341059e+01  8.71008534e+01  2.37e+00 2.18e-01  1.33e+01  2.41e+01 1.27e-02  1.55e+03  1.12e-01 1.57e-03    198s
  92   8.46341331e+01  8.71009718e+01  2.41e+00 2.18e-01  1.33e+01  2.47e+01 1.25e-02  1.55e+03  1.11e-01 1.54e-03    201s
  93   8.45370754e+01  8.71010836e+01  2.44e+00 2.18e-01  1.32e+01  2.53e+01 1.23e-02  1.55e+03  1.10e-01 1.50e-03    203s
  94   8.44432043e+01  8.71011891e+01  2.48e+00 2.17e-01  1.32e+01  2.59e+01 1.20e-02  1.55e+03  1.09e-01 1.47e-03    205s
  95   8.43526091e+01  8.71012886e+01  2.51e+00 2.17e-01  1.32e+01  2.66e+01 1.18e-02  1.55e+03  1.08e-01 1.44e-03    207s
  96   8.42654907e+01  8.71013825e+01  2.54e+00 2.17e-01  1.32e+01  2.72e+01 1.15e-02  1.55e+03  1.07e-01 1.41e-03    209s
  97   8.41820638e+01  8.71014712e+01  2.58e+00 2.16e-01  1.32e+01  2.79e+01 1.12e-02  1.55e+03  1.06e-01 1.38e-03    212s
  98   8.41024784e+01  8.71015550e+01  2.61e+00 2.16e-01  1.32e+01  2.86e+01 1.08e-02  1.55e+03  1.05e-01 1.35e-03    214s
  99   8.40271427e+01  8.71016340e+01  2.65e+00 2.16e-01  1.31e+01  2.94e+01 1.05e-02  1.55e+03  1.03e-01 1.32e-03    216s
 100   8.39561664e+01  8.71017086e+01  2.68e+00 2.15e-01  1.31e+01  3.01e+01 1.01e-02  1.55e+03  1.02e-01 1.30e-03    218s
 101   8.38899115e+01  8.71017791e+01  2.72e+00 2.15e-01  1.31e+01  3.09e+01 9.73e-03  1.55e+03  1.01e-01 1.27e-03    220s
 102   8.38286818e+01  8.71018457e+01  2.75e+00 2.15e-01  1.31e+01  3.17e+01 9.30e-03  1.55e+03  1.00e-01 1.24e-03    222s
 103   8.37727475e+01  8.71019087e+01  2.79e+00 2.15e-01  1.31e+01  3.25e+01 8.85e-03  1.55e+03  9.94e-02 1.22e-03    225s
 104   8.37225261e+01  8.71019682e+01  2.82e+00 2.14e-01  1.31e+01  3.34e+01 8.36e-03  1.55e+03  9.85e-02 1.19e-03    227s
 105   8.36783949e+01  8.71020244e+01  2.86e+00 2.14e-01  1.30e+01  3.43e+01 7.85e-03  1.55e+03  9.75e-02 1.17e-03    229s
 106   8.36406838e+01  8.71020778e+01  2.90e+00 2.14e-01  1.30e+01  3.53e+01 7.32e-03  1.55e+03  9.66e-02 1.15e-03    232s
 107   8.36099615e+01  8.71021282e+01  2.93e+00 2.14e-01  1.30e+01  3.63e+01 6.75e-03  1.55e+03  9.56e-02 1.12e-03    234s
