
================= Linear optimization problem Information =================
Number of variables:     8
Number of constraints:   2

Norm of primal sol:      1.09e+01
Norm of dual sol:        1.00e+01
Norm of dual slacks:     5.00e+00

Norm of vector b:        1.00e+01
Norm of vector c:        2.07e+01

Norm of matrix A:        2.00e+00
Condition number:        1.60e+01
Seed:                    16

======================= Linear optimization problem =======================
coeff matrix A:          [[-0.542 -0.358 +0.571 +0.428 -0.809 -0.147 -1.003 +0.470]
                          [+0.330 +0.199 -0.379 -0.369 +0.534 +0.096 +0.650 -0.194]]

RHS vector b:            [-8.491 +5.282]
Obj vector c:            [+10.176 +3.923 -6.695 -5.629 +9.475 +1.715 +11.649 -1.714]

============================ Optimal solution =============================
Primal variables:        [+0.000 +5.114 +5.383 +0.446 +3.526 +2.181 +6.733 +0.000]
Dual slacks:             [+4.032 +0.000 +0.000 +0.000 +0.000 +0.000 +0.000 +2.957]
Dual variables:          [-6.978 +7.163]

Optimal objective:       +9.70878584e+01
===========================================================================

Method:             II-QIPM
LO_Precision:       1.00e-01
Stop_Precision:     1.00e-03
LO_Verbosity:       2
Omega:              1.00e+01
num_ancillae:       4

The Quantum Inexact Infeasible Interior-Point Method starts running ...


                  Objective                Residual                      Quantum                    Step-length
Iter      Primal           Dual         Primal    Dual     Compl    ||Resl||   Prob    Cond-Num   a-star   a-hat      Time
   0   1.63851915e+02  6.27908571e+01  1.41e+00 5.99e+00  2.27e+02 *3.29e-01 1.56e-02  2.56e+02  8.92e-01 7.84e-01      2s
   1   1.43011794e+02  7.70816717e+01  1.04e+00 3.49e+00  1.41e+02 *1.15e+00 1.56e-02  2.13e+02  8.73e-01 4.17e-01      4s
   2   1.33508883e+02  8.22682001e+01  1.06e+00 2.63e+00  1.09e+02 *1.50e+00 1.56e-02  2.41e+02  8.40e-01 2.47e-01      6s
   3   1.26618632e+02  8.56762237e+01  1.16e+00 2.07e+00  8.76e+01 *1.75e+00 1.56e-02  2.44e+02  8.05e-01 2.13e-01      8s
   4   1.21700907e+02  8.79304503e+01  1.29e+00 1.70e+00  7.34e+01 *2.01e+00 1.56e-02  2.40e+02  7.63e-01 1.77e-01     10s
   5   1.18115442e+02  8.94811416e+01  1.43e+00 1.45e+00  6.34e+01 *2.31e+00 1.56e-02  2.33e+02  7.22e-01 1.47e-01     12s
   6   1.15407667e+02  9.05997852e+01  1.57e+00 1.27e+00  5.62e+01 *2.63e+00 1.56e-02  2.25e+02  6.84e-01 1.23e-01     13s
   7   1.13287704e+02  9.14431100e+01  1.72e+00 1.14e+00  5.08e+01 *2.97e+00 1.56e-02  2.19e+02  6.50e-01 1.05e-01     15s
   8   1.11572840e+02  9.21033696e+01  1.86e+00 1.04e+00  4.66e+01 *3.33e+00 1.56e-02  2.13e+02  6.19e-01 9.11e-02     17s
   9   1.10145625e+02  9.26369179e+01  2.01e+00 9.52e-01  4.31e+01 *3.72e+00 1.56e-02  2.09e+02  5.92e-01 8.02e-02     19s
  10   1.08929244e+02  9.30792349e+01  2.16e+00 8.84e-01  4.03e+01 *4.13e+00 1.56e-02  2.07e+02  5.68e-01 7.15e-02     21s
  11   1.07870905e+02  9.34538716e+01  2.31e+00 8.27e-01  3.79e+01 *4.56e+00 1.56e-02  2.05e+02  5.46e-01 6.45e-02     22s
  12   1.06936164e+02  9.37759725e+01  2.47e+00 7.79e-01  3.58e+01 *5.02e+00 1.56e-02  2.05e+02  5.27e-01 5.87e-02     24s
  13   1.06097391e+02  9.40571656e+01  2.64e+00 7.37e-01  3.40e+01 *5.51e+00 1.56e-02  2.05e+02  5.09e-01 5.38e-02     26s
  14   1.05336577e+02  9.43050240e+01  2.80e+00 7.00e-01  3.25e+01 *6.02e+00 1.56e-02  2.06e+02  4.93e-01 4.96e-02     28s
  15   1.04637396e+02  9.45260411e+01  2.98e+00 6.68e-01  3.11e+01 *6.57e+00 1.56e-02  2.08e+02  4.78e-01 4.61e-02     30s
  16   1.03989469e+02  9.47243949e+01  3.16e+00 6.39e-01  2.99e+01 *7.15e+00 1.56e-02  2.10e+02  4.63e-01 4.29e-02     32s
  17   1.03384285e+02  9.49034324e+01  3.34e+00 6.14e-01  2.88e+01 *7.77e+00 1.56e-02  2.13e+02  4.50e-01 4.00e-02     34s
  18   1.02814783e+02  9.50658656e+01  3.53e+00 5.91e-01  2.78e+01 *8.44e+00 1.56e-02  2.16e+02  4.37e-01 3.75e-02     36s
  19   1.02275042e+02  9.52139165e+01  3.73e+00 5.70e-01  2.69e+01 *9.14e+00 1.56e-02  2.19e+02  4.25e-01 3.52e-02     37s
  20   1.01760552e+02  9.53492883e+01  3.93e+00 5.51e-01  2.60e+01 *9.89e+00 1.56e-02  2.23e+02  4.13e-01 3.31e-02     39s
  21   1.01267445e+02  9.54734220e+01  4.14e+00 5.34e-01  2.53e+01 *1.07e+01 1.56e-02  2.26e+02  4.02e-01 3.11e-02     41s
  22   1.00793331e+02  9.55873189e+01  4.36e+00 5.18e-01  2.46e+01 *1.16e+01 1.56e-02  2.30e+02  3.91e-01 2.92e-02     43s
  23   1.00334323e+02  9.56922928e+01  4.58e+00 5.04e-01  2.40e+01 *1.25e+01 1.56e-02  2.34e+02  3.80e-01 2.76e-02     44s
  24   9.98892230e+01  9.57889646e+01  4.81e+00 4.91e-01  2.34e+01 *1.34e+01 1.56e-02  2.38e+02  3.70e-01 2.59e-02     46s
  25   9.94557362e+01  9.58781856e+01  5.05e+00 4.79e-01  2.28e+01 *1.45e+01 1.56e-02  2.42e+02  3.59e-01 2.44e-02     48s
  26   9.90318449e+01  9.59606990e+01  5.29e+00 4.68e-01  2.23e+01 *1.56e+01 1.56e-02  2.46e+02  3.49e-01 2.30e-02     50s
  27   9.86165954e+01  9.60370039e+01  5.54e+00 4.58e-01  2.19e+01 *1.68e+01 1.56e-02  2.50e+02  3.40e-01 2.17e-02     52s
  28   9.82087905e+01  9.61076330e+01  5.80e+00 4.48e-01  2.15e+01 *1.80e+01 1.56e-02  2.54e+02  3.30e-01 2.04e-02     54s
  29   9.78073989e+01  9.61730665e+01  6.06e+00 4.40e-01  2.11e+01 *1.93e+01 1.56e-02  2.57e+02  3.21e-01 1.92e-02     56s
  30   9.74111398e+01  9.62337990e+01  6.32e+00 4.32e-01  2.07e+01 *2.07e+01 1.56e-02  2.61e+02  3.12e-01 1.81e-02     58s
  31   9.70192609e+01  9.62902125e+01  6.59e+00 4.24e-01  2.04e+01 *2.22e+01 1.56e-02  2.64e+02  3.03e-01 1.71e-02     60s
  32   9.66315100e+01  9.63426017e+01  6.87e+00 4.18e-01  2.01e+01 *2.38e+01 1.56e-02  2.67e+02  2.95e-01 1.61e-02     62s
  33   9.62473493e+01  9.63912923e+01  7.15e+00 4.11e-01  1.98e+01 *2.55e+01 1.56e-02  2.70e+02  2.87e-01 1.51e-02     63s
  34   9.58663335e+01  9.64365805e+01  7.44e+00 4.05e-01  1.95e+01 *2.72e+01 1.56e-02  2.73e+02  2.79e-01 1.43e-02     65s
  35   9.54873416e+01  9.64788209e+01  7.73e+00 4.00e-01  1.93e+01 *2.90e+01 1.56e-02  2.76e+02  2.71e-01 1.34e-02     67s
  36   9.51108264e+01  9.65181666e+01  8.02e+00 3.95e-01  1.91e+01 *3.10e+01 1.56e-02  2.79e+02  2.64e-01 1.27e-02     69s
  37   9.47361856e+01  9.65548800e+01  8.32e+00 3.90e-01  1.88e+01 *3.30e+01 1.56e-02  2.81e+02  2.56e-01 1.19e-02     71s
  38   9.43632430e+01  9.65891615e+01  8.62e+00 3.86e-01  1.86e+01 *3.51e+01 1.56e-02  2.83e+02  2.49e-01 1.13e-02     73s
  39   9.39919178e+01  9.66211905e+01  8.93e+00 3.82e-01  1.85e+01 *3.74e+01 1.56e-02  2.86e+02  2.42e-01 1.06e-02     74s
  40   9.36220284e+01  9.66511440e+01  9.24e+00 3.78e-01  1.83e+01 *3.97e+01 1.56e-02  2.88e+02  2.34e-01 1.00e-02     76s
  41   9.32530401e+01  9.66792128e+01  9.55e+00 3.74e-01  1.81e+01 *4.21e+01 1.56e-02  2.90e+02  2.25e-01 9.47e-03     77s
  42   9.28851844e+01  9.67055140e+01  9.86e+00 3.71e-01  1.80e+01 *4.46e+01 1.56e-02  2.91e+02  2.18e-01 8.95e-03     79s
  43   9.25187262e+01  9.67301580e+01  1.02e+01 3.68e-01  1.78e+01 *4.73e+01 1.56e-02  2.93e+02  2.10e-01 8.45e-03     81s
  44   9.21528626e+01  9.67533183e+01  1.05e+01 3.65e-01  1.77e+01 *5.00e+01 1.56e-02  2.95e+02  2.03e-01 8.00e-03     83s
  45   9.17882652e+01  9.67750597e+01  1.08e+01 3.62e-01  1.76e+01 *5.28e+01 1.56e-02  2.96e+02  1.97e-01 7.56e-03     85s
  46   9.14245417e+01  9.67955088e+01  1.11e+01 3.59e-01  1.74e+01 *5.58e+01 1.56e-02  2.98e+02  1.90e-01 7.16e-03     87s
  47   9.10616756e+01  9.68147592e+01  1.15e+01 3.57e-01  1.73e+01 *5.88e+01 1.56e-02  2.99e+02  1.84e-01 6.78e-03     88s
  48   9.06996652e+01  9.68328969e+01  1.18e+01 3.55e-01  1.72e+01 *6.20e+01 1.56e-02  3.00e+02  1.79e-01 6.43e-03     90s
  49   9.03385217e+01  9.68500003e+01  1.21e+01 3.53e-01  1.71e+01 *6.53e+01 1.56e-02  3.01e+02  1.73e-01 6.09e-03     91s
  50   8.99782669e+01  9.68661418e+01  1.24e+01 3.51e-01  1.70e+01 *6.86e+01 1.56e-02  3.02e+02  1.68e-01 5.78e-03     93s
  51   8.96189321e+01  9.68813876e+01  1.28e+01 3.49e-01  1.69e+01 *7.21e+01 1.56e-02  3.03e+02  1.63e-01 5.49e-03     95s
  52   8.92605567e+01  9.68957985e+01  1.31e+01 3.47e-01  1.69e+01 *7.57e+01 1.56e-02  3.04e+02  1.58e-01 5.22e-03     96s
