
================= Linear optimization problem Information =================
Number of variables:     8
Number of constraints:   2

Norm of primal sol:      2.02e+01
Norm of dual sol:        1.00e+01
Norm of dual slacks:     5.00e+00

Norm of vector b:        1.00e+01
Norm of vector c:        1.85e+01

Norm of matrix A:        2.00e+00
Condition number:        3.20e+01
Seed:                    62

======================= Linear optimization problem =======================
coeff matrix A:          [[+0.454 +0.252 -0.245 +0.280 +0.111 -0.177 +0.414 +0.252]
                          [-0.949 -0.525 +0.586 -0.651 -0.312 +0.302 -0.899 -0.613]]

RHS vector b:            [+4.006 -9.163]
Obj vector c:            [-9.765 -5.813 +6.309 -7.037 -3.260 +3.499 -9.857 -1.624]

============================ Optimal solution =============================
Primal variables:        [+0.000 +7.160 +12.386 +6.022 +9.243 +4.259 +7.946 +0.000]
Dual slacks:             [+0.732 +0.000 +0.000 +0.000 +0.000 +0.000 +0.000 +4.946]
Dual variables:          [-4.970 +8.677]

Optimal objective:       -9.94171286e+01
===========================================================================

Method:             II-QIPM
LO_Precision:       1.00e-01
Stop_Precision:     1.00e-03
LO_Verbosity:       2
Omega:              1.00e+01
num_ancillae:       4

The Quantum Inexact Infeasible Interior-Point Method starts running ...


                  Objective                Residual                      Quantum                    Step-length
Iter      Primal           Dual         Primal    Dual     Compl    ||Resl||   Prob    Cond-Num   a-star   a-hat      Time
   0  -1.60306604e+02 -9.43989227e+01  9.28e+00 1.63e+01  3.62e+02 *2.54e-01 1.56e-02  1.02e+03  7.34e-01 6.04e-01      2s
   1  -1.49359331e+02 -9.66125603e+01  7.97e+00 1.40e+01  3.16e+02 *2.05e-01 1.56e-02  6.41e+02  7.20e-01 1.41e-01      4s
   2  -1.39259084e+02 -9.81111252e+01  6.75e+00 1.19e+01  2.72e+02 *1.95e-01 1.56e-02  6.42e+02  7.60e-01 1.53e-01      6s
   3  -1.28747150e+02 -9.91749744e+01  5.45e+00 9.56e+00  2.25e+02 *1.87e-01 1.56e-02  6.47e+02  8.05e-01 1.93e-01      8s
   4  -1.17758258e+02 -9.97705485e+01  4.03e+00 7.08e+00  1.71e+02 *1.81e-01 1.56e-02  6.58e+02  8.62e-01 2.60e-01     10s
   5  -1.06334612e+02 -9.98481880e+01  2.45e+00 4.32e+00  1.10e+02 *1.81e-01 1.25e-02  6.76e+02  9.33e-01 3.90e-01     12s
   6  -9.56421794e+01 -9.93202966e+01  6.55e-01 1.11e+00  3.44e+01  1.76e-01 1.56e-02  7.05e+02  9.80e-01 7.43e-01     14s
   7  -9.63966293e+01 -9.91727947e+01  1.86e-01 2.05e-01  8.59e+00  1.35e-01 1.56e-02  7.80e+02  9.21e-01 8.15e-01     16s
   8  -9.68084744e+01 -9.92059419e+01  1.26e-01 1.76e-01  7.48e+00 *3.50e-01 1.56e-02  1.11e+03  7.25e-01 1.41e-01     17s
   9  -9.71289681e+01 -9.92301278e+01  8.93e-02 1.55e-01  6.68e+00 *5.26e-01 1.56e-02  1.24e+03  6.84e-01 1.17e-01     19s
  10  -9.73853884e+01 -9.92481879e+01  1.03e-01 1.40e-01  6.09e+00 *7.06e-01 1.56e-02  1.36e+03  6.44e-01 9.76e-02     21s
  11  -9.75952118e+01 -9.92619564e+01  1.52e-01 1.29e-01  5.63e+00 *8.90e-01 1.56e-02  1.47e+03  6.06e-01 8.20e-02     22s
  12  -9.77705467e+01 -9.92726733e+01  2.10e-01 1.20e-01  5.27e+00 *1.08e+00 1.56e-02  1.57e+03  5.71e-01 6.93e-02     25s
  13  -9.79200480e+01 -9.92811900e+01  2.69e-01 1.13e-01  4.99e+00 *1.27e+00 1.56e-02  1.65e+03  5.40e-01 5.92e-02     27s
  14  -9.80500053e+01 -9.92880965e+01  3.29e-01 1.07e-01  4.75e+00 *1.47e+00 1.56e-02  1.73e+03  5.11e-01 5.10e-02     29s
  15  -9.81647410e+01 -9.92937909e+01  3.87e-01 1.02e-01  4.56e+00 *1.67e+00 1.56e-02  1.79e+03  4.84e-01 4.44e-02     30s
  16  -9.82673683e+01 -9.92985531e+01  4.45e-01 9.81e-02  4.40e+00 *1.88e+00 1.56e-02  1.84e+03  4.60e-01 3.88e-02     32s
  17  -9.83604397e+01 -9.93025964e+01  5.01e-01 9.47e-02  4.26e+00 *2.10e+00 1.56e-02  1.88e+03  4.38e-01 3.43e-02     34s
  18  -9.84455794e+01 -9.93060635e+01  5.56e-01 9.18e-02  4.14e+00 *2.32e+00 1.56e-02  1.91e+03  4.18e-01 3.05e-02     36s
  19  -9.85243081e+01 -9.93090732e+01  6.10e-01 8.93e-02  4.04e+00 *2.54e+00 1.56e-02  1.94e+03  4.00e-01 2.73e-02     37s
  20  -9.85976203e+01 -9.93117076e+01  6.62e-01 8.71e-02  3.95e+00 *2.77e+00 1.56e-02  1.97e+03  3.83e-01 2.45e-02     39s
  21  -9.86663252e+01 -9.93140316e+01  7.14e-01 8.52e-02  3.87e+00 *3.01e+00 1.56e-02  1.98e+03  3.68e-01 2.22e-02     41s
  22  -9.87311547e+01 -9.93160989e+01  7.65e-01 8.35e-02  3.80e+00 *3.25e+00 1.56e-02  2.00e+03  3.54e-01 2.02e-02     43s
  23  -9.87925968e+01 -9.93179485e+01  8.15e-01 8.20e-02  3.73e+00 *3.50e+00 1.56e-02  2.01e+03  3.40e-01 1.84e-02     45s
  24  -9.88511802e+01 -9.93196158e+01  8.65e-01 8.06e-02  3.67e+00 *3.75e+00 1.56e-02  2.02e+03  3.28e-01 1.69e-02     47s
  25  -9.89071894e+01 -9.93211248e+01  9.13e-01 7.93e-02  3.62e+00 *4.01e+00 1.56e-02  2.03e+03  3.17e-01 1.55e-02     49s
  26  -9.89609221e+01 -9.93224973e+01  9.61e-01 7.82e-02  3.57e+00 *4.28e+00 1.56e-02  2.04e+03  3.06e-01 1.43e-02     50s
  27  -9.90126886e+01 -9.93237525e+01  1.01e+00 7.72e-02  3.53e+00 *4.55e+00 1.56e-02  2.04e+03  2.96e-01 1.32e-02     52s
  28  -9.90627122e+01 -9.93249055e+01  1.06e+00 7.62e-02  3.49e+00 *4.83e+00 1.56e-02  2.04e+03  2.87e-01 1.23e-02     54s
  29  -9.91111424e+01 -9.93259679e+01  1.10e+00 7.53e-02  3.46e+00 *5.11e+00 1.56e-02  2.04e+03  2.78e-01 1.14e-02     55s
  30  -9.91581582e+01 -9.93269508e+01  1.15e+00 7.45e-02  3.42e+00 *5.40e+00 1.56e-02  2.04e+03  2.70e-01 1.07e-02     57s
  31  -9.92038752e+01 -9.93278627e+01  1.19e+00 7.38e-02  3.39e+00 *5.69e+00 1.56e-02  2.04e+03  2.62e-01 9.98e-03     58s
  32  -9.92484412e+01 -9.93287118e+01  1.24e+00 7.31e-02  3.36e+00 *5.99e+00 1.56e-02  2.04e+03  2.55e-01 9.36e-03     60s
  33  -9.92919481e+01 -9.93295045e+01  1.28e+00 7.25e-02  3.33e+00 *6.29e+00 1.56e-02  2.04e+03  2.48e-01 8.80e-03     62s
  34  -9.93344791e+01 -9.93302464e+01  1.33e+00 7.19e-02  3.31e+00 *6.60e+00 1.56e-02  2.04e+03  2.42e-01 8.28e-03     64s
  35  -9.93761521e+01 -9.93309431e+01  1.37e+00 7.13e-02  3.29e+00 *6.92e+00 1.56e-02  2.04e+03  2.35e-01 7.81e-03     66s
  36  -9.94169950e+01 -9.93315981e+01  1.41e+00 7.08e-02  3.26e+00 *7.24e+00 1.56e-02  2.03e+03  2.30e-01 7.38e-03     68s
  37  -9.94570726e+01 -9.93322152e+01  1.46e+00 7.03e-02  3.24e+00 *7.57e+00 1.56e-02  2.03e+03  2.24e-01 6.98e-03     70s
  38  -9.94964451e+01 -9.93327980e+01  1.50e+00 6.98e-02  3.22e+00 *7.90e+00 1.56e-02  2.03e+03  2.19e-01 6.62e-03     72s
  39  -9.95352075e+01 -9.93333499e+01  1.54e+00 6.94e-02  3.20e+00 *8.23e+00 1.56e-02  2.02e+03  2.14e-01 6.29e-03     74s
  40  -9.95733736e+01 -9.93338732e+01  1.58e+00 6.90e-02  3.19e+00 *8.58e+00 1.56e-02  2.02e+03  2.09e-01 5.97e-03     76s
  41  -9.96109933e+01 -9.93343702e+01  1.62e+00 6.86e-02  3.17e+00 *8.93e+00 1.56e-02  2.01e+03  2.04e-01 5.69e-03     78s
  42  -9.96481138e+01 -9.93348432e+01  1.67e+00 6.82e-02  3.15e+00 *9.28e+00 1.56e-02  2.01e+03  2.00e-01 5.42e-03     80s
  43  -9.96847068e+01 -9.93352933e+01  1.71e+00 6.78e-02  3.14e+00 *9.64e+00 1.56e-02  2.00e+03  1.96e-01 5.17e-03     82s
  44  -9.97208885e+01 -9.93357231e+01  1.75e+00 6.75e-02  3.13e+00 *1.00e+01 1.56e-02  2.00e+03  1.92e-01 4.94e-03     84s
  45  -9.97566643e+01 -9.93361339e+01  1.79e+00 6.72e-02  3.11e+00 *1.04e+01 1.56e-02  2.00e+03  1.88e-01 4.73e-03     86s
  46  -9.97920034e+01 -9.93365264e+01  1.83e+00 6.69e-02  3.10e+00 *1.08e+01 1.56e-02  1.99e+03  1.84e-01 4.52e-03     88s
  47  -9.98270153e+01 -9.93369028e+01  1.87e+00 6.66e-02  3.09e+00 *1.11e+01 1.56e-02  1.99e+03  1.81e-01 4.34e-03     90s
  48  -9.98616678e+01 -9.93372636e+01  1.91e+00 6.63e-02  3.07e+00 *1.15e+01 1.56e-02  1.98e+03  1.77e-01 4.16e-03     92s
  49  -9.98959978e+01 -9.93376100e+01  1.95e+00 6.61e-02  3.06e+00 *1.19e+01 1.56e-02  1.98e+03  1.74e-01 4.00e-03     94s
  50  -9.99300071e+01 -9.93379428e+01  1.99e+00 6.58e-02  3.05e+00 *1.23e+01 1.56e-02  1.97e+03  1.71e-01 3.84e-03     96s
  51  -9.99637644e+01 -9.93382633e+01  2.03e+00 6.56e-02  3.04e+00 *1.27e+01 1.56e-02  1.97e+03  1.68e-01 3.70e-03     98s
  52  -9.99972035e+01 -9.93385715e+01  2.07e+00 6.53e-02  3.03e+00 *1.31e+01 1.56e-02  1.96e+03  1.65e-01 3.55e-03    100s
  53  -1.00030425e+02 -9.93388689e+01  2.11e+00 6.51e-02  3.02e+00 *1.36e+01 1.56e-02  1.95e+03  1.62e-01 3.43e-03    102s
  54  -1.00063395e+02 -9.93391558e+01  2.15e+00 6.49e-02  3.01e+00 *1.40e+01 1.56e-02  1.95e+03  1.60e-01 3.30e-03    104s
  55  -1.00096113e+02 -9.93394326e+01  2.19e+00 6.47e-02  3.01e+00 *1.44e+01 1.56e-02  1.94e+03  1.57e-01 3.18e-03    106s
  56  -1.00128646e+02 -9.93397003e+01  2.23e+00 6.45e-02  3.00e+00 *1.48e+01 1.56e-02  1.94e+03  1.54e-01 3.08e-03    108s
  57  -1.00160958e+02 -9.93399591e+01  2.26e+00 6.43e-02  2.99e+00 *1.53e+01 1.56e-02  1.93e+03  1.52e-01 2.97e-03    109s
  58  -1.00193082e+02 -9.93402097e+01  2.30e+00 6.41e-02  2.98e+00 *1.57e+01 1.56e-02  1.93e+03  1.50e-01 2.87e-03    111s
  59  -1.00225016e+02 -9.93404522e+01  2.34e+00 6.39e-02  2.97e+00 *1.62e+01 1.56e-02  1.92e+03  1.47e-01 2.78e-03    113s
  60  -1.00256792e+02 -9.93406875e+01  2.38e+00 6.38e-02  2.97e+00 *1.66e+01 1.56e-02  1.92e+03  1.45e-01 2.69e-03    115s
  61  -1.00288375e+02 -9.93409154e+01  2.42e+00 6.36e-02  2.96e+00 *1.71e+01 1.56e-02  1.92e+03  1.43e-01 2.60e-03    117s
  62  -1.00319828e+02 -9.93411368e+01  2.46e+00 6.34e-02  2.95e+00 *1.76e+01 1.56e-02  1.91e+03  1.41e-01 2.52e-03    119s
  63  -1.00351117e+02 -9.93413517e+01  2.49e+00 6.33e-02  2.95e+00 *1.80e+01 1.56e-02  1.91e+03  1.39e-01 2.45e-03    121s
  64  -1.00382272e+02 -9.93415605e+01  2.53e+00 6.31e-02  2.94e+00 *1.85e+01 1.56e-02  1.90e+03  1.37e-01 2.37e-03    124s
  65  -1.00413292e+02 -9.93417636e+01  2.57e+00 6.30e-02  2.93e+00 *1.90e+01 1.56e-02  1.90e+03  1.35e-01 2.30e-03    126s
  66  -1.00444174e+02 -9.93419610e+01  2.61e+00 6.28e-02  2.93e+00 *1.95e+01 1.56e-02  1.89e+03  1.33e-01 2.24e-03    128s
  67  -1.00474948e+02 -9.93421532e+01  2.65e+00 6.27e-02  2.92e+00 *2.00e+01 1.56e-02  1.89e+03  1.31e-01 2.17e-03    129s
  68  -1.00505612e+02 -9.93423404e+01  2.68e+00 6.26e-02  2.92e+00 *2.05e+01 1.56e-02  1.88e+03  1.30e-01 2.11e-03    132s
  69  -1.00536163e+02 -9.93425227e+01  2.72e+00 6.24e-02  2.91e+00 *2.10e+01 1.56e-02  1.88e+03  1.28e-01 2.05e-03    133s
  70  -1.00566600e+02 -9.93427004e+01  2.76e+00 6.23e-02  2.90e+00 *2.15e+01 1.56e-02  1.87e+03  1.26e-01 2.00e-03    136s
  71  -1.00596921e+02 -9.93428735e+01  2.80e+00 6.22e-02  2.90e+00 *2.21e+01 1.56e-02  1.87e+03  1.25e-01 1.94e-03    138s
  72  -1.00627184e+02 -9.93430426e+01  2.83e+00 6.21e-02  2.89e+00 *2.26e+01 1.56e-02  1.87e+03  1.23e-01 1.89e-03    140s
  73  -1.00657327e+02 -9.93432075e+01  2.87e+00 6.20e-02  2.89e+00 *2.31e+01 1.56e-02  1.86e+03  1.22e-01 1.84e-03    142s
  74  -1.00687408e+02 -9.93433685e+01  2.91e+00 6.18e-02  2.89e+00 *2.37e+01 1.56e-02  1.86e+03  1.20e-01 1.79e-03    144s
  75  -1.00717395e+02 -9.93435258e+01  2.95e+00 6.17e-02  2.88e+00 *2.42e+01 1.56e-02  1.85e+03  1.19e-01 1.75e-03    146s
  76  -1.00747317e+02 -9.93436796e+01  2.98e+00 6.16e-02  2.88e+00 *2.48e+01 1.56e-02  1.85e+03  1.17e-01 1.71e-03    147s
  77  -1.00777140e+02 -9.93438297e+01  3.02e+00 6.15e-02  2.87e+00 *2.53e+01 1.56e-02  1.84e+03  1.16e-01 1.66e-03    149s
  78  -1.00806923e+02 -9.93439767e+01  3.06e+00 6.14e-02  2.87e+00 *2.59e+01 1.56e-02  1.84e+03  1.14e-01 1.62e-03    152s
  79  -1.00836635e+02 -9.93441204e+01  3.09e+00 6.13e-02  2.86e+00 *2.65e+01 1.56e-02  1.84e+03  1.13e-01 1.58e-03    154s
  80  -1.00866272e+02 -9.93442610e+01  3.13e+00 6.12e-02  2.86e+00 *2.70e+01 1.56e-02  1.83e+03  1.12e-01 1.55e-03    155s
  81  -1.00895862e+02 -9.93443986e+01  3.17e+00 6.11e-02  2.86e+00 *2.76e+01 1.56e-02  1.83e+03  1.11e-01 1.51e-03    157s
  82  -1.00925375e+02 -9.93445333e+01  3.21e+00 6.11e-02  2.85e+00 *2.82e+01 1.56e-02  1.83e+03  1.09e-01 1.47e-03    159s
  83  -1.00954837e+02 -9.93446653e+01  3.24e+00 6.10e-02  2.85e+00 *2.88e+01 1.56e-02  1.82e+03  1.08e-01 1.44e-03    161s
  84  -1.00984277e+02 -9.93447947e+01  3.28e+00 6.09e-02  2.84e+00 *2.94e+01 1.56e-02  1.82e+03  1.07e-01 1.41e-03    164s
  85  -1.01013632e+02 -9.93449213e+01  3.32e+00 6.08e-02  2.84e+00 *3.00e+01 1.56e-02  1.81e+03  1.06e-01 1.38e-03    166s
  86  -1.01042960e+02 -9.93450456e+01  3.35e+00 6.07e-02  2.84e+00 *3.06e+01 1.56e-02  1.81e+03  1.05e-01 1.35e-03    168s
  87  -1.01072230e+02 -9.93451673e+01  3.39e+00 6.06e-02  2.83e+00 *3.13e+01 1.56e-02  1.81e+03  1.04e-01 1.32e-03    170s
  88  -1.01101469e+02 -9.93452868e+01  3.43e+00 6.06e-02  2.83e+00 *3.19e+01 1.56e-02  1.80e+03  1.03e-01 1.29e-03    172s
  89  -1.01130675e+02 -9.93454040e+01  3.46e+00 6.05e-02  2.83e+00 *3.25e+01 1.56e-02  1.80e+03  1.02e-01 1.26e-03    175s
  90  -1.01159818e+02 -9.93455190e+01  3.50e+00 6.04e-02  2.82e+00 *3.32e+01 1.56e-02  1.80e+03  1.01e-01 1.23e-03    177s
  91  -1.01188952e+02 -9.93456319e+01  3.54e+00 6.03e-02  2.82e+00 *3.38e+01 1.56e-02  1.79e+03  9.95e-02 1.21e-03    179s
  92  -1.01218048e+02 -9.93457428e+01  3.57e+00 6.03e-02  2.82e+00 *3.45e+01 1.56e-02  1.79e+03  9.86e-02 1.18e-03    181s
  93  -1.01247104e+02 -9.93458516e+01  3.61e+00 6.02e-02  2.81e+00 *3.51e+01 1.56e-02  1.79e+03  9.76e-02 1.16e-03    183s
  94  -1.01276118e+02 -9.93459584e+01  3.65e+00 6.01e-02  2.81e+00 *3.58e+01 1.56e-02  1.79e+03  9.67e-02 1.14e-03    185s
  95  -1.01305145e+02 -9.93460636e+01  3.68e+00 6.01e-02  2.81e+00 *3.65e+01 1.56e-02  1.78e+03  9.57e-02 1.12e-03    187s
  96  -1.01334098e+02 -9.93461667e+01  3.72e+00 6.00e-02  2.81e+00 *3.72e+01 1.56e-02  1.78e+03  9.48e-02 1.09e-03    189s
  97  -1.01363061e+02 -9.93462682e+01  3.76e+00 5.99e-02  2.80e+00 *3.78e+01 1.56e-02  1.78e+03  9.39e-02 1.07e-03    191s
  98  -1.01391975e+02 -9.93463679e+01  3.79e+00 5.99e-02  2.80e+00 *3.85e+01 1.56e-02  1.77e+03  9.31e-02 1.05e-03    193s
  99  -1.01420896e+02 -9.93464660e+01  3.83e+00 5.98e-02  2.80e+00 *3.92e+01 1.56e-02  1.77e+03  9.22e-02 1.03e-03    196s
 100  -1.01449764e+02 -9.93465624e+01  3.87e+00 5.97e-02  2.80e+00 *3.99e+01 1.56e-02  1.77e+03  9.14e-02 1.01e-03    198s
 101  -1.01478635e+02 -9.93466573e+01  3.90e+00 5.97e-02  2.79e+00 *4.07e+01 1.56e-02  1.76e+03  9.06e-02 9.93e-04    200s

The solution quality is limited by the precision of the linear system solver.

The II-IPM stopped after 102 iterations in 200.48 seconds.

Primal variables:   [+1.043 +112.033 +151.271 +10.768 +8.244 +7.685 +32.306 +0.113]
Dual slacks:        [+0.722 +0.002 +0.001 +0.023 +0.037 +0.047 +0.006 +4.971]
Dual variables:     [-4.192 +9.010]

Primal objective:   -1.01478635e+02
Dual objective:     -9.93466573e+01

Primal residual:    3.90e+00
Dual residual:      5.97e-02
Complementraty:     2.79e+00

Number of Iter:     102
Run time:           200.48
