
================= Linear optimization problem Information =================
Number of variables:     8
Number of constraints:   2

Norm of primal sol:      1.55e+02
Norm of dual sol:        1.00e+01
Norm of dual slacks:     5.00e+00

Norm of vector b:        1.00e+01
Norm of vector c:        7.73e+00

Norm of matrix A:        2.00e+00
Condition number:        3.20e+01
Seed:                    69

======================= Linear optimization problem =======================
coeff matrix A:          [[-0.370 +0.286 -0.506 -0.085 +0.090 +0.221 -0.209 -0.782]
                          [+0.553 -0.491 +0.725 +0.074 -0.169 -0.360 +0.270 +1.225]]

RHS vector b:            [-3.527 -9.357]
Obj vector c:            [+5.526 -1.808 +2.121 -0.001 -0.674 +2.005 +0.655 +4.061]

============================ Optimal solution =============================
Primal variables:        [+0.000 +95.593 +41.383 +93.270 +66.324 +0.000 +12.403 +6.907]
Dual slacks:             [+3.798 +0.000 +0.000 +0.000 +0.000 +3.251 +0.000 +0.000]
Dual variables:          [+6.589 +7.522]

Optimal objective:       -9.36273735e+01
===========================================================================

Method:             II-QIPM
LO_Precision:       1.00e-01
Stop_Precision:     1.00e-03
LO_Verbosity:       2
Omega:              1.00e+01
num_ancillae:       4

The Quantum Inexact Infeasible Interior-Point Method starts running ...


                  Objective                Residual                      Quantum                    Step-length
Iter      Primal           Dual         Primal    Dual     Compl    ||Resl||   Prob    Cond-Num   a-star   a-hat      Time
   0   5.77480021e+01  1.66392060e+01  1.35e+01 1.08e+01  3.58e+02  6.68e+00 1.39e-02  1.02e+03  6.83e-01 5.67e-01      2s
   1   5.46548393e+01  1.55613774e+01  1.30e+01 1.02e+01  3.41e+02 *6.31e+00 1.35e-02  5.46e+02  5.25e-01 5.39e-02      4s
   2   5.17076713e+01  1.44845040e+01  1.25e+01 9.70e+00  3.25e+02 *6.23e+00 1.41e-02  5.59e+02  5.31e-01 5.14e-02      6s
   3   4.86438417e+01  1.33216633e+01  1.21e+01 9.18e+00  3.09e+02 *6.17e+00 1.45e-02  5.75e+02  5.38e-01 5.36e-02      8s
   4   4.54317648e+01  1.20620904e+01  1.16e+01 8.66e+00  2.94e+02 *6.12e+00 1.48e-02  5.94e+02  5.48e-01 5.65e-02     11s
   5   4.20340597e+01  1.06926359e+01  1.11e+01 8.13e+00  2.77e+02 *6.06e+00 1.50e-02  6.17e+02  5.60e-01 6.04e-02     12s
   6   3.84135662e+01  9.20043152e+00  1.07e+01 7.60e+00  2.61e+02 *6.01e+00 1.51e-02  6.44e+02  5.74e-01 6.54e-02     13s
   7   3.45147357e+01  7.56579953e+00  1.02e+01 7.06e+00  2.44e+02 *5.96e+00 1.53e-02  6.76e+02  5.92e-01 7.19e-02     15s
   8   3.02714910e+01  5.76604181e+00  9.68e+00 6.49e+00  2.26e+02 *5.91e+00 1.54e-02  7.14e+02  6.12e-01 8.03e-02     18s
   9   2.56151286e+01  3.78038098e+00  9.17e+00 5.90e+00  2.07e+02 *5.85e+00 1.54e-02  7.58e+02  6.35e-01 9.12e-02     20s
  10   2.04313098e+01  1.57436727e+00  8.64e+00 5.27e+00  1.87e+02 *5.78e+00 1.55e-02  8.09e+02  6.61e-01 1.06e-01     22s
  11   1.45921381e+01 -8.81274344e-01  8.09e+00 4.61e+00  1.66e+02 *5.71e+00 1.55e-02  8.67e+02  6.90e-01 1.26e-01     23s
  12   7.90291861e+00 -3.62236915e+00  7.53e+00 3.90e+00  1.42e+02 *5.61e+00 1.56e-02  9.32e+02  7.21e-01 1.54e-01     25s
  13   9.93834030e-02 -6.66774801e+00  6.95e+00 3.13e+00  1.16e+02 *5.47e+00 1.56e-02  1.00e+03  7.51e-01 1.96e-01     27s
  14  -9.22404654e+00 -9.98748913e+00  6.35e+00 2.33e+00  8.72e+01 *5.24e+00 1.56e-02  1.07e+03  7.73e-01 2.57e-01     28s
  15  -2.05254201e+01 -1.33145733e+01  5.71e+00 1.54e+00  5.69e+01 *4.79e+00 1.56e-02  1.11e+03  7.00e-01 3.38e-01     30s
  16  -3.26084954e+01 -1.55305282e+01  4.94e+00 1.02e+00  3.48e+01 *3.58e+00 1.56e-02  1.07e+03  5.47e-01 3.38e-01     32s
  17  -3.94476297e+01 -1.59827660e+01  4.36e+00 9.11e-01  3.05e+01 *4.88e-01 1.56e-02  8.68e+02  3.16e-01 1.07e-01     34s
  18  -4.47178735e+01 -1.61811268e+01  3.88e+00 8.62e-01  2.87e+01 *4.78e+00 1.56e-02  7.64e+02  2.35e-01 5.38e-02     37s
  19  -4.93426583e+01 -1.63000770e+01  3.44e+00 8.32e-01  2.76e+01 *9.09e+00 1.56e-02  7.00e+02  1.92e-01 3.46e-02     39s
  20  -5.36139652e+01 -1.63814973e+01  3.04e+00 8.11e-01  2.68e+01 *1.36e+01 1.56e-02  6.52e+02  1.63e-01 2.48e-02     41s
  21  -5.76691049e+01 -1.64415718e+01  2.65e+00 7.96e-01  2.63e+01 *1.84e+01 1.56e-02  6.13e+02  1.42e-01 1.90e-02     42s
  22  -6.15892045e+01 -1.64881428e+01  2.29e+00 7.84e-01  2.59e+01 *2.36e+01 1.56e-02  5.79e+02  1.25e-01 1.52e-02     44s
  23  -6.54299916e+01 -1.65255500e+01  1.94e+00 7.74e-01  2.55e+01 *2.92e+01 1.56e-02  5.49e+02  1.12e-01 1.25e-02     46s
  24  -6.92161391e+01 -1.65562698e+01  1.61e+00 7.66e-01  2.52e+01 *3.53e+01 1.56e-02  5.22e+02  1.01e-01 1.05e-02     48s
  25  -7.29864522e+01 -1.65820800e+01  1.32e+00 7.59e-01  2.50e+01 *4.19e+01 1.56e-02  4.97e+02  9.15e-02 8.97e-03     50s
  26  -7.67529755e+01 -1.66040381e+01  1.09e+00 7.53e-01  2.48e+01 *4.92e+01 1.56e-02  4.74e+02  8.34e-02 7.77e-03     52s
  27  -8.05374381e+01 -1.66229710e+01  9.73e-01 7.48e-01  2.46e+01 *5.71e+01 1.56e-02  4.51e+02  7.63e-02 6.81e-03     54s
  28  -8.43450852e+01 -1.66394138e+01  1.01e+00 7.43e-01  2.44e+01 *6.58e+01 1.56e-02  4.30e+02  7.00e-02 6.01e-03     56s
  29  -8.81940648e+01 -1.66538328e+01  1.18e+00 7.39e-01  2.43e+01 *7.54e+01 1.56e-02  4.09e+02  6.45e-02 5.35e-03     58s
  30  -9.20852481e+01 -1.66665260e+01  1.46e+00 7.36e-01  2.42e+01 *8.59e+01 1.56e-02  3.89e+02  5.95e-02 4.77e-03     60s
  31  -9.60241705e+01 -1.66777515e+01  1.79e+00 7.33e-01  2.41e+01 *9.74e+01 1.56e-02  3.70e+02  5.51e-02 4.28e-03     62s
  32  -1.00013340e+02 -1.66877113e+01  2.16e+00 7.30e-01  2.40e+01 *1.10e+02 1.55e-02  3.51e+02  5.11e-02 3.85e-03     64s
  33  -1.04047779e+02 -1.66965571e+01  2.54e+00 7.27e-01  2.39e+01 *1.24e+02 1.55e-02  3.34e+02  4.75e-02 3.47e-03     66s
  34  -1.08126499e+02 -1.67044289e+01  2.95e+00 7.25e-01  2.38e+01 *1.39e+02 1.55e-02  3.17e+02  4.42e-02 3.14e-03     67s
  35  -1.12244512e+02 -1.67114398e+01  3.36e+00 7.23e-01  2.37e+01 *1.56e+02 1.55e-02  3.01e+02  4.13e-02 2.83e-03     69s
  36  -1.16384149e+02 -1.67176701e+01  3.78e+00 7.21e-01  2.37e+01 *1.74e+02 1.55e-02  2.85e+02  3.86e-02 2.56e-03     71s
