
================= Linear optimization problem Information =================
Number of variables:     8
Number of constraints:   2

Norm of primal sol:      8.20e+01
Norm of dual sol:        1.00e+01
Norm of dual slacks:     5.00e+00

Norm of vector b:        1.00e+01
Norm of vector c:        1.61e+01

Norm of matrix A:        2.00e+00
Condition number:        1.60e+01
Seed:                    32

======================= Linear optimization problem =======================
coeff matrix A:          [[+0.222 +0.029 +0.016 -0.231 -0.096 +0.076 -0.015 +0.048]
                          [+1.085 -0.033 -0.174 -1.140 -0.651 +0.644 -0.625 +0.396]]

RHS vector b:            [+2.477 +9.688]
Obj vector c:            [+8.853 +0.001 -1.027 -9.284 -1.920 +4.839 -4.256 +6.901]

============================ Optimal solution =============================
Primal variables:        [+42.271 +18.343 +27.321 +47.033 +0.000 +40.170 +4.975 +0.000]
Dual slacks:             [+0.000 +0.000 +0.000 +0.000 +3.108 +0.000 +0.000 +3.917]
Dual variables:          [+7.489 +6.627]

Optimal objective:       +8.27546748e+01
===========================================================================

Method:             II-QIPM
LO_Precision:       1.00e-01
Stop_Precision:     1.00e-03
LO_Verbosity:       2
Omega:              1.00e+01
num_ancillae:       4

The Quantum Inexact Infeasible Interior-Point Method starts running ...


                  Objective                Residual                      Quantum                    Step-length
Iter      Primal           Dual         Primal    Dual     Compl    ||Resl||   Prob    Cond-Num   a-star   a-hat      Time
   0   9.85419015e+01  6.86879735e+01  5.91e+00 1.25e+01  3.46e+02  4.99e-01 1.56e-02  2.56e+02  7.23e-01 6.02e-01      2s
   1   1.04159079e+02  7.29674936e+01  3.87e+00 8.12e+00  2.38e+02  5.41e-01 1.56e-02  3.91e+02  8.52e-01 3.48e-01      3s
   2   1.04159235e+02  7.63659751e+01  1.65e+00 3.37e+00  1.13e+02  3.85e-01 1.56e-02  4.27e+02  8.38e-01 5.85e-01      5s
   3   1.02472085e+02  7.64994800e+01  1.46e+00 3.01e+00  1.02e+02  3.36e-01 1.56e-02  4.30e+02  6.84e-01 1.07e-01      6s
   4   1.00963437e+02  7.65865976e+01  1.31e+00 2.73e+00  9.36e+01  5.49e-01 1.55e-02  4.21e+02  6.58e-01 9.29e-02      7s
   5   9.95599549e+01  7.66442122e+01  1.19e+00 2.50e+00  8.64e+01  7.57e-01 1.53e-02  4.15e+02  6.37e-01 8.48e-02      9s
   6   9.82625696e+01  7.66793702e+01  1.07e+00 2.30e+00  8.03e+01  9.71e-01 1.46e-02  4.12e+02  6.19e-01 7.84e-02     11s
   7   9.71278355e+01  7.66975366e+01  9.69e-01 2.13e+00  7.50e+01  1.22e+00 1.15e-02  4.13e+02  6.02e-01 7.30e-02     12s
   8   9.65532399e+01  7.67068154e+01  8.25e-01 1.99e+00  7.05e+01 *1.90e+00 6.90e-05  4.19e+02  5.80e-01 6.61e-02     13s
   9   9.48351020e+01  7.66902696e+01  8.26e-01 1.85e+00  6.60e+01 *1.68e+00 9.36e-03  4.29e+02  5.92e-01 7.11e-02     14s
  10   9.32699231e+01  7.66648733e+01  8.34e-01 1.72e+00  6.19e+01 *1.85e+00 1.30e-02  4.44e+02  5.81e-01 6.82e-02     16s
  11   9.17628272e+01  7.66316680e+01  8.58e-01 1.61e+00  5.81e+01 *2.07e+00 1.41e-02  4.65e+02  5.72e-01 6.63e-02     17s
  12   9.02788108e+01  7.65923610e+01  9.03e-01 1.51e+00  5.47e+01 *2.32e+00 1.46e-02  4.91e+02  5.64e-01 6.46e-02     19s
  13   8.88053618e+01  7.65490576e+01  9.67e-01 1.41e+00  5.16e+01 *2.59e+00 1.49e-02  5.21e+02  5.54e-01 6.28e-02     21s
  14   8.73403086e+01  7.65040981e+01  1.05e+00 1.33e+00  4.87e+01 *2.90e+00 1.50e-02  5.53e+02  5.35e-01 6.04e-02     22s
  15   8.58871458e+01  7.64598018e+01  1.15e+00 1.25e+00  4.62e+01 *3.25e+00 1.51e-02  5.87e+02  5.01e-01 5.72e-02     23s
  16   8.44535062e+01  7.64181920e+01  1.26e+00 1.18e+00  4.39e+01 *3.66e+00 1.51e-02  6.19e+02  4.67e-01 5.32e-02     25s
  17   8.30454186e+01  7.63806300e+01  1.39e+00 1.13e+00  4.19e+01 *4.12e+00 1.51e-02  6.48e+02  4.35e-01 4.86e-02     26s
  18   8.16728372e+01  7.63479129e+01  1.52e+00 1.08e+00  4.02e+01 *4.65e+00 1.51e-02  6.73e+02  4.05e-01 4.36e-02     27s
  19   8.03385014e+01  7.63200705e+01  1.65e+00 1.04e+00  3.88e+01 *5.25e+00 1.51e-02  6.92e+02  3.78e-01 3.86e-02     29s
  20   7.90433708e+01  7.62967348e+01  1.79e+00 1.00e+00  3.76e+01 *5.91e+00 1.51e-02  7.06e+02  3.53e-01 3.40e-02     31s
  21   7.77870838e+01  7.62773420e+01  1.93e+00 9.71e-01  3.65e+01 *6.64e+00 1.51e-02  7.16e+02  3.31e-01 2.98e-02     32s
  22   7.65667515e+01  7.62612562e+01  2.07e+00 9.45e-01  3.57e+01 *7.42e+00 1.50e-02  7.23e+02  3.11e-01 2.61e-02     33s
  23   7.53791943e+01  7.62478914e+01  2.21e+00 9.24e-01  3.49e+01 *8.25e+00 1.50e-02  7.27e+02  2.94e-01 2.29e-02     35s
  24   7.42217149e+01  7.62367483e+01  2.35e+00 9.05e-01  3.42e+01 *9.14e+00 1.49e-02  7.29e+02  2.78e-01 2.02e-02     37s
  25   7.30883063e+01  7.62273830e+01  2.48e+00 8.89e-01  3.37e+01 *1.01e+01 1.49e-02  7.30e+02  2.64e-01 1.79e-02     38s
  26   7.19772310e+01  7.62194735e+01  2.62e+00 8.75e-01  3.32e+01 *1.10e+01 1.48e-02  7.31e+02  2.52e-01 1.59e-02     39s
  27   7.08862700e+01  7.62127539e+01  2.75e+00 8.62e-01  3.27e+01 *1.21e+01 1.47e-02  7.30e+02  2.40e-01 1.43e-02     40s
  28   6.98125629e+01  7.62070060e+01  2.88e+00 8.51e-01  3.23e+01 *1.31e+01 1.46e-02  7.29e+02  2.30e-01 1.28e-02     41s
  29   6.87524822e+01  7.62020518e+01  3.01e+00 8.41e-01  3.20e+01 *1.42e+01 1.45e-02  7.28e+02  2.21e-01 1.16e-02     42s
  30   6.77057210e+01  7.61977635e+01  3.14e+00 8.32e-01  3.17e+01 *1.54e+01 1.45e-02  7.26e+02  2.12e-01 1.06e-02     44s
  31   6.66700326e+01  7.61940286e+01  3.27e+00 8.24e-01  3.14e+01 *1.65e+01 1.44e-02  7.24e+02  2.05e-01 9.64e-03     46s
  32   6.56422028e+01  7.61907531e+01  3.40e+00 8.17e-01  3.11e+01 *1.77e+01 1.43e-02  7.23e+02  1.97e-01 8.84e-03     47s
  33   6.46230971e+01  7.61878731e+01  3.53e+00 8.10e-01  3.09e+01 *1.90e+01 1.41e-02  7.21e+02  1.91e-01 8.13e-03     49s
  34   6.36095779e+01  7.61853242e+01  3.65e+00 8.04e-01  3.07e+01 *2.03e+01 1.40e-02  7.19e+02  1.85e-01 7.51e-03     50s
  35   6.26024856e+01  7.61830632e+01  3.78e+00 7.99e-01  3.05e+01 *2.16e+01 1.39e-02  7.17e+02  1.79e-01 6.95e-03     51s
  36   6.15986719e+01  7.61810450e+01  3.90e+00 7.94e-01  3.03e+01 *2.29e+01 1.38e-02  7.16e+02  1.74e-01 6.47e-03     53s
  37   6.05989010e+01  7.61792401e+01  4.02e+00 7.89e-01  3.01e+01 *2.43e+01 1.36e-02  7.14e+02  1.69e-01 6.02e-03     55s
  38   5.96009564e+01  7.61776179e+01  4.15e+00 7.84e-01  3.00e+01 *2.58e+01 1.35e-02  7.12e+02  1.64e-01 5.63e-03     56s
  39   5.86055294e+01  7.61761576e+01  4.27e+00 7.80e-01  2.98e+01 *2.72e+01 1.33e-02  7.11e+02  1.60e-01 5.27e-03     57s
  40   5.76093358e+01  7.61748353e+01  4.39e+00 7.76e-01  2.97e+01 *2.87e+01 1.31e-02  7.09e+02  1.55e-01 4.96e-03     59s
  41   5.66149351e+01  7.61736388e+01  4.51e+00 7.73e-01  2.96e+01 *3.03e+01 1.30e-02  7.08e+02  1.51e-01 4.66e-03     61s
  42   5.56189842e+01  7.61725501e+01  4.63e+00 7.69e-01  2.94e+01 *3.19e+01 1.28e-02  7.06e+02  1.48e-01 4.40e-03     62s
  43   5.46219851e+01  7.61715580e+01  4.75e+00 7.66e-01  2.93e+01 *3.35e+01 1.26e-02  7.05e+02  1.44e-01 4.15e-03     63s
  44   5.36224428e+01  7.61706512e+01  4.87e+00 7.63e-01  2.92e+01 *3.51e+01 1.24e-02  7.03e+02  1.41e-01 3.93e-03     64s
  45   5.26217891e+01  7.61698220e+01  4.99e+00 7.60e-01  2.91e+01 *3.68e+01 1.21e-02  7.02e+02  1.38e-01 3.72e-03     65s
  46   5.16164737e+01  7.61690599e+01  5.11e+00 7.58e-01  2.90e+01 *3.86e+01 1.19e-02  7.01e+02  1.35e-01 3.54e-03     67s
  47   5.06088272e+01  7.61683601e+01  5.23e+00 7.55e-01  2.89e+01 *4.04e+01 1.17e-02  6.99e+02  1.32e-01 3.36e-03     68s
  48   4.95962030e+01  7.61677148e+01  5.34e+00 7.53e-01  2.88e+01 *4.22e+01 1.14e-02  6.98e+02  1.29e-01 3.21e-03     69s
  49   4.85788700e+01  7.61671192e+01  5.46e+00 7.50e-01  2.88e+01 *4.41e+01 1.11e-02  6.97e+02  1.26e-01 3.06e-03     70s
  50   4.75560716e+01  7.61665684e+01  5.58e+00 7.48e-01  2.87e+01 *4.60e+01 1.09e-02  6.96e+02  1.24e-01 2.92e-03     72s
  51   4.65280291e+01  7.61660585e+01  5.70e+00 7.46e-01  2.86e+01 *4.80e+01 1.06e-02  6.95e+02  1.22e-01 2.79e-03     73s
  52   4.54928906e+01  7.61655851e+01  5.82e+00 7.44e-01  2.85e+01 *5.01e+01 1.03e-02  6.94e+02  1.19e-01 2.67e-03     75s
  53   4.44507811e+01  7.61651452e+01  5.93e+00 7.42e-01  2.85e+01 *5.22e+01 9.93e-03  6.93e+02  1.17e-01 2.56e-03     76s
  54   4.34007703e+01  7.61647356e+01  6.05e+00 7.40e-01  2.84e+01 *5.43e+01 9.60e-03  6.91e+02  1.15e-01 2.46e-03     78s
  55   4.23418661e+01  7.61643534e+01  6.17e+00 7.39e-01  2.83e+01 *5.65e+01 9.25e-03  6.90e+02  1.13e-01 2.36e-03     79s
  56   4.12751472e+01  7.61639971e+01  6.29e+00 7.37e-01  2.83e+01 *5.88e+01 8.88e-03  6.89e+02  1.11e-01 2.26e-03     81s
  57   4.01974358e+01  7.61636633e+01  6.41e+00 7.35e-01  2.82e+01 *6.12e+01 8.51e-03  6.89e+02  1.09e-01 2.18e-03     82s
  58   3.91097100e+01  7.61633509e+01  6.53e+00 7.34e-01  2.82e+01 *6.36e+01 8.12e-03  6.88e+02  1.07e-01 2.10e-03     84s
  59   3.80119021e+01  7.61630581e+01  6.64e+00 7.32e-01  2.81e+01 *6.61e+01 7.71e-03  6.87e+02  1.05e-01 2.02e-03     86s
  60   3.69017148e+01  7.61627830e+01  6.76e+00 7.31e-01  2.81e+01 *6.87e+01 7.30e-03  6.86e+02  1.04e-01 1.95e-03     87s
  61   3.57789461e+01  7.61625242e+01  6.88e+00 7.29e-01  2.80e+01 *7.13e+01 6.87e-03  6.85e+02  1.02e-01 1.88e-03     88s
  62   3.46422426e+01  7.61622802e+01  7.00e+00 7.28e-01  2.80e+01 *7.41e+01 6.44e-03  6.84e+02  1.00e-01 1.82e-03     89s
  63   3.34913106e+01  7.61620501e+01  7.12e+00 7.27e-01  2.79e+01 *7.70e+01 5.99e-03  6.83e+02  9.88e-02 1.76e-03     91s
  64   3.23258385e+01  7.61618327e+01  7.24e+00 7.26e-01  2.79e+01 *8.00e+01 5.54e-03  6.82e+02  9.72e-02 1.70e-03     93s
  65   3.11443161e+01  7.61616271e+01  7.37e+00 7.24e-01  2.78e+01 *8.31e+01 5.09e-03  6.81e+02  9.58e-02 1.65e-03     94s
  66   2.99451291e+01  7.61614320e+01  7.49e+00 7.23e-01  2.78e+01 *8.63e+01 4.63e-03  6.81e+02  9.43e-02 1.60e-03     95s
  67   2.87277691e+01  7.61612469e+01  7.61e+00 7.22e-01  2.78e+01 *8.96e+01 4.17e-03  6.80e+02  9.29e-02 1.55e-03     96s
  68   2.74917029e+01  7.61610709e+01  7.74e+00 7.21e-01  2.77e+01 *9.31e+01 3.72e-03  6.79e+02  9.16e-02 1.50e-03     98s
  69   2.62338590e+01  7.61609032e+01  7.86e+00 7.20e-01  2.77e+01 *9.68e+01 3.27e-03  6.78e+02  9.03e-02 1.46e-03     99s
  70   2.49560503e+01  7.61607433e+01  7.99e+00 7.19e-01  2.77e+01 *1.01e+02 2.84e-03  6.78e+02  8.90e-02 1.42e-03    101s
  71   2.36537653e+01  7.61605903e+01  8.11e+00 7.18e-01  2.76e+01 *1.05e+02 2.42e-03  6.77e+02  8.77e-02 1.38e-03    103s
  72   2.23274336e+01  7.61604439e+01  8.24e+00 7.17e-01  2.76e+01 *1.09e+02 2.02e-03  6.76e+02  8.65e-02 1.34e-03    105s
