
================= Linear optimization problem Information =================
Number of variables:     8
Number of constraints:   2

Norm of primal sol:      1.44e+01
Norm of dual sol:        1.00e+01
Norm of dual slacks:     5.00e+00

Norm of vector b:        1.00e+01
Norm of vector c:        2.15e+01

Norm of matrix A:        2.24e+00
Condition number:        2.00e+00
Seed:                    53

======================= Linear optimization problem =======================
coeff matrix A:          [[-0.224 +0.108 +0.670 -0.609 -0.168 +0.296 +0.150 +0.096]
                          [+0.052 +0.278 -0.914 -0.816 -0.157 +0.932 +1.014 -0.684]]

RHS vector b:            [+0.597 +9.982]
Obj vector c:            [+4.205 -2.903 +10.476 +8.931 +1.787 -9.645 -10.255 +6.637]

============================ Optimal solution =============================
Primal variables:        [+0.000 +5.992 +0.000 +3.761 +6.256 +5.721 +8.836 +2.825]
Dual slacks:             [+4.405 +0.000 +2.366 +0.000 +0.000 +0.000 +0.000 +0.000]
Dual variables:          [-1.406 -9.901]

Optimal objective:       -9.96692747e+01
===========================================================================

Method:             II-QIPM
LO_Precision:       1.00e-01
Stop_Precision:     1.00e-03
LO_Verbosity:       2
Omega:              1.00e+01
num_ancillae:       4

The Quantum Inexact Infeasible Interior-Point Method starts running ...


                  Objective                Residual                      Quantum                    Step-length
Iter      Primal           Dual         Primal    Dual     Compl    ||Resl||   Prob    Cond-Num   a-star   a-hat      Time
   0  -9.83515630e+00 -4.82104878e+01  4.23e+00 1.05e+01  2.80e+02 *2.99e-02 1.96e-02  4.00e+00  7.91e-01 6.80e-01      2s
   1  -3.09022588e+01 -6.26149416e+01  2.80e+00 7.32e+00  2.02e+02 *1.38e+00 1.59e-02  1.44e+01  7.98e-01 3.03e-01      4s
   2  -4.57479523e+01 -7.12970607e+01  2.02e+00 5.42e+00  1.54e+02 *3.60e+00 1.60e-02  1.68e+01  7.15e-01 2.60e-01      6s
   3  -5.50259058e+01 -7.59467019e+01  2.21e+00 4.40e+00  1.27e+02 *6.51e+00 1.62e-02  1.81e+01  6.30e-01 1.89e-01      8s
   4  -6.09620663e+01 -7.85664506e+01  2.95e+00 3.82e+00  1.11e+02 *9.77e+00 1.65e-02  1.85e+01  5.59e-01 1.32e-01     10s
   5  -6.50971686e+01 -8.02095881e+01  3.83e+00 3.45e+00  1.01e+02 *1.32e+01 1.69e-02  1.85e+01  5.06e-01 9.64e-02     11s
   6  -6.82066733e+01 -8.13367520e+01  4.72e+00 3.19e+00  9.43e+01 *1.66e+01 1.72e-02  1.84e+01  4.65e-01 7.36e-02     12s
   7  -7.06762772e+01 -8.21596281e+01  5.60e+00 3.01e+00  8.92e+01 *2.02e+01 1.76e-02  1.82e+01  4.32e-01 5.83e-02     14s
   8  -7.27251959e+01 -8.27902767e+01  6.45e+00 2.86e+00  8.52e+01 *2.38e+01 1.80e-02  1.80e+01  4.05e-01 4.76e-02     16s
   9  -7.44747942e+01 -8.32893573e+01  7.28e+00 2.75e+00  8.21e+01 *2.76e+01 1.84e-02  1.78e+01  3.81e-01 3.97e-02     18s
  10  -7.60068399e+01 -8.36954327e+01  8.08e+00 2.66e+00  7.95e+01 *3.15e+01 1.87e-02  1.77e+01  3.61e-01 3.37e-02     20s
  11  -7.73761612e+01 -8.40333709e+01  8.88e+00 2.58e+00  7.74e+01 *3.56e+01 1.90e-02  1.76e+01  3.43e-01 2.91e-02     22s
  12  -7.86168101e+01 -8.43189355e+01  9.65e+00 2.52e+00  7.56e+01 *3.98e+01 1.93e-02  1.75e+01  3.28e-01 2.53e-02     24s
  13  -7.97558696e+01 -8.45638605e+01  1.04e+01 2.46e+00  7.40e+01 *4.41e+01 1.96e-02  1.74e+01  3.13e-01 2.23e-02     26s
  14  -8.08123688e+01 -8.47763953e+01  1.12e+01 2.41e+00  7.27e+01 *4.85e+01 1.99e-02  1.73e+01  3.00e-01 1.98e-02     28s
  15  -8.18025108e+01 -8.49630130e+01  1.19e+01 2.37e+00  7.15e+01 *5.31e+01 2.01e-02  1.72e+01  2.89e-01 1.78e-02     30s
  16  -8.27348723e+01 -8.51278627e+01  1.27e+01 2.33e+00  7.04e+01 *5.79e+01 2.03e-02  1.71e+01  2.78e-01 1.60e-02     33s
  17  -8.36209530e+01 -8.52750398e+01  1.34e+01 2.30e+00  6.95e+01 *6.28e+01 2.05e-02  1.71e+01  2.68e-01 1.46e-02     35s
  18  -8.44662758e+01 -8.54071009e+01  1.41e+01 2.27e+00  6.86e+01 *6.78e+01 2.07e-02  1.70e+01  2.59e-01 1.33e-02     36s
  19  -8.52771430e+01 -8.55264014e+01  1.48e+01 2.24e+00  6.78e+01 *7.30e+01 2.09e-02  1.70e+01  2.51e-01 1.22e-02     38s
  20  -8.60574582e+01 -8.56346512e+01  1.55e+01 2.21e+00  6.71e+01 *7.84e+01 2.11e-02  1.69e+01  2.43e-01 1.12e-02     40s
  21  -8.68121142e+01 -8.57334854e+01  1.62e+01 2.19e+00  6.65e+01 *8.39e+01 2.12e-02  1.69e+01  2.35e-01 1.03e-02     42s
  22  -8.75425388e+01 -8.58238973e+01  1.69e+01 2.17e+00  6.59e+01 *8.95e+01 2.14e-02  1.68e+01  2.28e-01 9.55e-03     44s
  23  -8.82534874e+01 -8.59071729e+01  1.76e+01 2.15e+00  6.54e+01 *9.53e+01 2.15e-02  1.68e+01  2.22e-01 8.89e-03     45s
  24  -8.89458395e+01 -8.59839962e+01  1.83e+01 2.13e+00  6.49e+01 *1.01e+02 2.16e-02  1.68e+01  2.16e-01 8.28e-03     48s
  25  -8.96216889e+01 -8.60551166e+01  1.90e+01 2.12e+00  6.44e+01 *1.07e+02 2.18e-02  1.67e+01  2.10e-01 7.74e-03     49s
  26  -9.02836041e+01 -8.61212469e+01  1.97e+01 2.10e+00  6.40e+01 *1.14e+02 2.19e-02  1.67e+01  2.04e-01 7.25e-03     52s
  27  -9.09320253e+01 -8.61828129e+01  2.04e+01 2.09e+00  6.36e+01 *1.20e+02 2.20e-02  1.67e+01  1.99e-01 6.81e-03     53s
  28  -9.15679553e+01 -8.62402553e+01  2.11e+01 2.07e+00  6.32e+01 *1.27e+02 2.21e-02  1.66e+01  1.94e-01 6.40e-03     55s
  29  -9.21941864e+01 -8.62941256e+01  2.17e+01 2.06e+00  6.28e+01 *1.33e+02 2.22e-02  1.66e+01  1.90e-01 6.04e-03     57s
  30  -9.28096843e+01 -8.63445934e+01  2.24e+01 2.05e+00  6.25e+01 *1.40e+02 2.23e-02  1.66e+01  1.85e-01 5.70e-03     59s
  31  -9.34170504e+01 -8.63921101e+01  2.31e+01 2.04e+00  6.22e+01 *1.47e+02 2.24e-02  1.66e+01  1.81e-01 5.40e-03     61s
  32  -9.40157948e+01 -8.64368417e+01  2.37e+01 2.03e+00  6.19e+01 *1.54e+02 2.24e-02  1.66e+01  1.77e-01 5.11e-03     63s
  33  -9.46065949e+01 -8.64790293e+01  2.44e+01 2.02e+00  6.16e+01 *1.62e+02 2.25e-02  1.65e+01  1.73e-01 4.85e-03     65s
  34  -9.51912590e+01 -8.65189694e+01  2.51e+01 2.01e+00  6.14e+01 *1.69e+02 2.26e-02  1.65e+01  1.69e-01 4.61e-03     67s
  35  -9.57692332e+01 -8.65567703e+01  2.57e+01 2.00e+00  6.11e+01 *1.77e+02 2.26e-02  1.65e+01  1.66e-01 4.39e-03     69s
  36  -9.63410988e+01 -8.65926078e+01  2.64e+01 1.99e+00  6.09e+01 *1.84e+02 2.27e-02  1.65e+01  1.63e-01 4.18e-03     71s
  37  -9.69074146e+01 -8.66266408e+01  2.71e+01 1.98e+00  6.07e+01 *1.92e+02 2.28e-02  1.65e+01  1.59e-01 3.99e-03     73s
  38  -9.74687197e+01 -8.66590126e+01  2.77e+01 1.97e+00  6.05e+01 *2.00e+02 2.28e-02  1.65e+01  1.56e-01 3.81e-03     75s
  39  -9.80249803e+01 -8.66898225e+01  2.84e+01 1.97e+00  6.02e+01 *2.09e+02 2.29e-02  1.65e+01  1.53e-01 3.64e-03     77s
  40  -9.85772579e+01 -8.67192215e+01  2.90e+01 1.96e+00  6.01e+01 *2.17e+02 2.29e-02  1.64e+01  1.50e-01 3.49e-03     79s
  41  -9.91249541e+01 -8.67472607e+01  2.97e+01 1.95e+00  5.99e+01 *2.25e+02 2.30e-02  1.64e+01  1.48e-01 3.34e-03     81s
  42  -9.96690994e+01 -8.67740707e+01  3.04e+01 1.95e+00  5.97e+01 *2.34e+02 2.30e-02  1.64e+01  1.45e-01 3.20e-03     83s
  43  -1.00209633e+02 -8.67997176e+01  3.10e+01 1.94e+00  5.95e+01 *2.43e+02 2.31e-02  1.64e+01  1.42e-01 3.07e-03     85s
  44  -1.00747025e+02 -8.68242878e+01  3.17e+01 1.94e+00  5.94e+01 *2.52e+02 2.31e-02  1.64e+01  1.40e-01 2.96e-03     87s
  45  -1.01280673e+02 -8.68478132e+01  3.23e+01 1.93e+00  5.92e+01 *2.61e+02 2.32e-02  1.64e+01  1.37e-01 2.84e-03     89s
  46  -1.01811566e+02 -8.68703934e+01  3.30e+01 1.93e+00  5.91e+01 *2.70e+02 2.32e-02  1.64e+01  1.35e-01 2.73e-03     91s
  47  -1.02339629e+02 -8.68920752e+01  3.36e+01 1.92e+00  5.89e+01 *2.80e+02 2.32e-02  1.64e+01  1.33e-01 2.63e-03     93s
  48  -1.02864788e+02 -8.69129022e+01  3.43e+01 1.92e+00  5.88e+01 *2.89e+02 2.33e-02  1.64e+01  1.31e-01 2.54e-03     95s
  49  -1.03387488e+02 -8.69329361e+01  3.49e+01 1.91e+00  5.86e+01 *2.99e+02 2.33e-02  1.64e+01  1.29e-01 2.45e-03     97s
  50  -1.03908173e+02 -8.69522332e+01  3.55e+01 1.91e+00  5.85e+01 *3.09e+02 2.34e-02  1.64e+01  1.27e-01 2.36e-03     98s
  51  -1.04426248e+02 -8.69708081e+01  3.62e+01 1.90e+00  5.84e+01 *3.19e+02 2.34e-02  1.64e+01  1.25e-01 2.28e-03    100s
  52  -1.04942151e+02 -8.69887121e+01  3.68e+01 1.90e+00  5.83e+01 *3.29e+02 2.34e-02  1.63e+01  1.23e-01 2.20e-03    102s
  53  -1.05456317e+02 -8.70059923e+01  3.75e+01 1.89e+00  5.82e+01 *3.39e+02 2.34e-02  1.63e+01  1.21e-01 2.13e-03    103s
  54  -1.05968160e+02 -8.70226586e+01  3.81e+01 1.89e+00  5.80e+01 *3.50e+02 2.35e-02  1.63e+01  1.19e-01 2.06e-03    105s
  55  -1.06478620e+02 -8.70387701e+01  3.88e+01 1.89e+00  5.79e+01 *3.60e+02 2.35e-02  1.63e+01  1.18e-01 2.00e-03    107s
  56  -1.06987115e+02 -8.70543340e+01  3.94e+01 1.88e+00  5.78e+01 *3.71e+02 2.35e-02  1.63e+01  1.16e-01 1.93e-03    109s
  57  -1.07493569e+02 -8.70693731e+01  4.01e+01 1.88e+00  5.77e+01 *3.82e+02 2.36e-02  1.63e+01  1.14e-01 1.87e-03    111s
  58  -1.07998915e+02 -8.70839385e+01  4.07e+01 1.88e+00  5.76e+01 *3.93e+02 2.36e-02  1.63e+01  1.13e-01 1.82e-03    113s
  59  -1.08502579e+02 -8.70980343e+01  4.13e+01 1.87e+00  5.76e+01 *4.04e+02 2.36e-02  1.63e+01  1.11e-01 1.76e-03    115s
  60  -1.09004989e+02 -8.71116929e+01  4.20e+01 1.87e+00  5.75e+01 *4.16e+02 2.36e-02  1.63e+01  1.10e-01 1.71e-03    118s
  61  -1.09506073e+02 -8.71249309e+01  4.26e+01 1.87e+00  5.74e+01 *4.27e+02 2.37e-02  1.63e+01  1.08e-01 1.66e-03    120s
  62  -1.10005763e+02 -8.71377644e+01  4.33e+01 1.86e+00  5.73e+01 *4.39e+02 2.37e-02  1.63e+01  1.07e-01 1.61e-03    122s
  63  -1.10503986e+02 -8.71502086e+01  4.39e+01 1.86e+00  5.72e+01 *4.51e+02 2.37e-02  1.63e+01  1.05e-01 1.57e-03    124s
  64  -1.11001170e+02 -8.71622901e+01  4.45e+01 1.86e+00  5.71e+01 *4.63e+02 2.37e-02  1.63e+01  1.04e-01 1.52e-03    126s
  65  -1.11497249e+02 -8.71740220e+01  4.52e+01 1.85e+00  5.70e+01 *4.75e+02 2.37e-02  1.63e+01  1.03e-01 1.48e-03    128s
  66  -1.11991660e+02 -8.71854054e+01  4.58e+01 1.85e+00  5.70e+01 *4.87e+02 2.38e-02  1.63e+01  1.01e-01 1.44e-03    130s
  67  -1.12485815e+02 -8.71964862e+01  4.64e+01 1.85e+00  5.69e+01 *4.99e+02 2.38e-02  1.63e+01  1.00e-01 1.40e-03    132s
  68  -1.12978671e+02 -8.72072528e+01  4.71e+01 1.85e+00  5.68e+01 *5.12e+02 2.38e-02  1.63e+01  9.89e-02 1.37e-03    134s
  69  -1.13470654e+02 -8.72177266e+01  4.77e+01 1.84e+00  5.68e+01 *5.25e+02 2.38e-02  1.63e+01  9.78e-02 1.33e-03    135s
  70  -1.13961210e+02 -8.72279074e+01  4.84e+01 1.84e+00  5.67e+01 *5.38e+02 2.38e-02  1.63e+01  9.66e-02 1.30e-03    137s
  71  -1.14451256e+02 -8.72378250e+01  4.90e+01 1.84e+00  5.66e+01 *5.51e+02 2.38e-02  1.63e+01  9.55e-02 1.26e-03    139s
  72  -1.14940733e+02 -8.72474879e+01  4.96e+01 1.84e+00  5.66e+01 *5.64e+02 2.39e-02  1.63e+01  9.44e-02 1.23e-03    141s
  73  -1.15429096e+02 -8.72568947e+01  5.03e+01 1.83e+00  5.65e+01 *5.77e+02 2.39e-02  1.63e+01  9.33e-02 1.20e-03    143s
  74  -1.15916285e+02 -8.72660538e+01  5.09e+01 1.83e+00  5.64e+01 *5.91e+02 2.39e-02  1.63e+01  9.22e-02 1.17e-03    145s
  75  -1.16403214e+02 -8.72749912e+01  5.15e+01 1.83e+00  5.64e+01 *6.04e+02 2.39e-02  1.62e+01  9.12e-02 1.15e-03    147s
  76  -1.16889344e+02 -8.72837047e+01  5.22e+01 1.83e+00  5.63e+01 *6.18e+02 2.39e-02  1.62e+01  9.02e-02 1.12e-03    149s
  77  -1.17374619e+02 -8.72922013e+01  5.28e+01 1.83e+00  5.63e+01 *6.32e+02 2.39e-02  1.62e+01  8.92e-02 1.09e-03    151s
  78  -1.17858984e+02 -8.73004876e+01  5.34e+01 1.82e+00  5.62e+01 *6.46e+02 2.39e-02  1.62e+01  8.83e-02 1.07e-03    153s
  79  -1.18342869e+02 -8.73085782e+01  5.41e+01 1.82e+00  5.62e+01 *6.60e+02 2.40e-02  1.62e+01  8.73e-02 1.04e-03    155s
  80  -1.18826222e+02 -8.73164788e+01  5.47e+01 1.82e+00  5.61e+01 *6.74e+02 2.40e-02  1.62e+01  8.64e-02 1.02e-03    157s
  81  -1.19308993e+02 -8.73241949e+01  5.53e+01 1.82e+00  5.60e+01 *6.89e+02 2.40e-02  1.62e+01  8.55e-02 9.96e-04    159s

The solution quality is limited by the precision of the linear system solver.

The II-IPM stopped after 82 iterations in 158.84 seconds.

Primal variables:   [+2.286 +12.211 +2.066 +121.941 +18.293 +13.628 +112.336 +7.010]
Dual slacks:        [+4.248 +0.539 +4.792 +0.047 +0.360 +0.374 +0.031 +1.282]
Dual variables:     [-3.230 -8.555]

Primal objective:   -1.19308993e+02
Dual objective:     -8.73241949e+01

Primal residual:    5.53e+01
Dual residual:      1.82e+00
Complementraty:     5.60e+01

Number of Iter:     82
Run time:           158.84
