
================= Linear optimization problem Information =================
Number of variables:     8
Number of constraints:   2

Norm of primal sol:      9.59e+00
Norm of dual sol:        1.00e+01
Norm of dual slacks:     5.00e+00

Norm of vector b:        1.00e+01
Norm of vector c:        1.40e+01

Norm of matrix A:        2.00e+00
Condition number:        1.60e+01
Seed:                    77

======================= Linear optimization problem =======================
coeff matrix A:          [[-0.477 -0.168 +0.150 -0.982 +0.242 -0.193 -0.747 -0.518]
                          [-0.442 -0.273 +0.199 -0.913 +0.168 -0.196 -0.700 -0.391]]

RHS vector b:            [-7.139 -7.003]
Obj vector c:            [+7.807 +1.183 +2.041 +8.097 -2.096 +1.563 +6.152 +4.426]

============================ Optimal solution =============================
Primal variables:        [+0.000 +5.099 +0.000 +1.106 +0.693 +6.256 +2.590 +4.296]
Dual slacks:             [+3.866 +0.000 +3.171 +0.000 +0.000 +0.000 +0.000 +0.000]
Dual variables:          [-9.851 +1.722]

Optimal objective:       +5.82566416e+01
===========================================================================

Method:             II-QIPM
LO_Precision:       1.00e-01
Stop_Precision:     1.00e-03
LO_Verbosity:       2
Omega:              1.00e+01
num_ancillae:       4

The Quantum Inexact Infeasible Interior-Point Method starts running ...


                  Objective                Residual                      Quantum                    Step-length
Iter      Primal           Dual         Primal    Dual     Compl    ||Resl||   Prob    Cond-Num   a-star   a-hat      Time
   0   1.59121693e+02 -8.02595478e+00  8.97e+00 6.74e+00  3.30e+02  4.37e-01 1.55e-02  2.56e+02  8.03e-01 6.68e-01      2s
   1   1.52231311e+02 -5.06083489e+00  8.27e+00 6.20e+00  3.07e+02 *1.17e+00 1.55e-02  8.69e+01  5.76e-01 7.94e-02      3s
   2   1.47344761e+02 -2.75812639e+00  7.79e+00 5.84e+00  2.90e+02 *1.31e+00 1.55e-02  8.37e+01  5.69e-01 5.89e-02      5s
   3   1.42677914e+02 -4.25423425e-01  7.35e+00 5.50e+00  2.75e+02 *1.41e+00 1.55e-02  8.17e+01  5.65e-01 5.82e-02      7s
   4   1.38186587e+02  1.94016169e+00  6.93e+00 5.18e+00  2.61e+02 *1.53e+00 1.55e-02  8.01e+01  5.62e-01 5.78e-02      9s
   5   1.33841364e+02  4.33754046e+00  6.55e+00 4.88e+00  2.47e+02 *1.64e+00 1.55e-02  7.88e+01  5.60e-01 5.78e-02     11s
   6   1.29608130e+02  6.77064615e+00  6.19e+00 4.60e+00  2.34e+02 *1.76e+00 1.55e-02  7.78e+01  5.60e-01 5.81e-02     13s
   7   1.25464995e+02  9.23851899e+00  5.85e+00 4.33e+00  2.22e+02 *1.89e+00 1.55e-02  7.72e+01  5.60e-01 5.87e-02     14s
   8   1.21392499e+02  1.17396556e+01  5.53e+00 4.07e+00  2.10e+02 *2.02e+00 1.55e-02  7.68e+01  5.61e-01 5.96e-02     16s
   9   1.17365163e+02  1.42767733e+01  5.22e+00 3.82e+00  1.98e+02 *2.16e+00 1.55e-02  7.67e+01  5.63e-01 6.09e-02     17s
  10   1.13375583e+02  1.68412920e+01  4.94e+00 3.58e+00  1.87e+02 *2.31e+00 1.55e-02  7.68e+01  5.65e-01 6.23e-02     19s
  11   1.09405269e+02  1.94307737e+01  4.67e+00 3.35e+00  1.76e+02 *2.48e+00 1.55e-02  7.72e+01  5.67e-01 6.40e-02     21s
  12   1.05444659e+02  2.20358054e+01  4.42e+00 3.13e+00  1.66e+02 *2.66e+00 1.55e-02  7.78e+01  5.70e-01 6.59e-02     22s
  13   1.01492261e+02  2.46397169e+01  4.20e+00 2.92e+00  1.55e+02 *2.87e+00 1.55e-02  7.85e+01  5.72e-01 6.78e-02     24s
  14   9.75458138e+01  2.72239840e+01  4.00e+00 2.72e+00  1.45e+02 *3.10e+00 1.55e-02  7.94e+01  5.73e-01 6.97e-02     26s
  15   9.36092421e+01  2.97635271e+01  3.83e+00 2.52e+00  1.36e+02 *3.37e+00 1.55e-02  8.02e+01  5.73e-01 7.13e-02     27s
  16   8.96832529e+01  3.22330000e+01  3.70e+00 2.34e+00  1.27e+02 *3.68e+00 1.55e-02  8.10e+01  5.71e-01 7.26e-02     28s
  17   8.57794082e+01  3.45983805e+01  3.60e+00 2.17e+00  1.18e+02 *4.06e+00 1.55e-02  8.17e+01  5.67e-01 7.32e-02     29s
  18   8.19099506e+01  3.68252407e+01  3.55e+00 2.01e+00  1.10e+02 *4.51e+00 1.55e-02  8.20e+01  5.60e-01 7.27e-02     31s
  19   7.80784609e+01  3.88861043e+01  3.55e+00 1.87e+00  1.03e+02 *5.07e+00 1.55e-02  8.19e+01  5.36e-01 7.13e-02     32s
  20   7.42935945e+01  4.07546736e+01  3.61e+00 1.74e+00  9.64e+01 *5.75e+00 1.55e-02  8.12e+01  4.97e-01 6.86e-02     34s
  21   7.05584666e+01  4.24146468e+01  3.72e+00 1.63e+00  9.05e+01 *6.59e+00 1.55e-02  7.99e+01  4.58e-01 6.47e-02     36s
  22   6.68710162e+01  4.38609252e+01  3.88e+00 1.53e+00  8.54e+01 *7.63e+00 1.55e-02  7.79e+01  4.18e-01 5.97e-02     37s
  23   6.32349362e+01  4.50959252e+01  4.09e+00 1.45e+00  8.10e+01 *8.92e+00 1.55e-02  7.53e+01  3.80e-01 5.39e-02     38s
  24   5.96495067e+01  4.61335481e+01  4.35e+00 1.38e+00  7.73e+01 *1.05e+01 1.55e-02  7.23e+01  3.45e-01 4.77e-02     40s
  25   5.61112092e+01  4.69953505e+01  4.64e+00 1.32e+00  7.42e+01 *1.24e+01 1.55e-02  6.89e+01  3.12e-01 4.16e-02     42s
  26   5.26314470e+01  4.77030649e+01  4.97e+00 1.27e+00  7.17e+01 *1.46e+01 1.55e-02  6.54e+01  2.82e-01 3.57e-02     44s
  27   4.92243551e+01  4.82801447e+01  5.31e+00 1.24e+00  6.96e+01 *1.72e+01 1.55e-02  6.19e+01  2.56e-01 3.03e-02     45s
  28   4.58903957e+01  4.87514260e+01  5.67e+00 1.20e+00  6.79e+01 *2.01e+01 1.55e-02  5.87e+01  2.34e-01 2.57e-02     46s
  29   4.26451239e+01  4.91362633e+01  6.04e+00 1.18e+00  6.65e+01 *2.34e+01 1.55e-02  5.56e+01  2.14e-01 2.17e-02     48s
  30   3.94881750e+01  4.94528240e+01  6.41e+00 1.16e+00  6.53e+01 *2.70e+01 1.54e-02  5.29e+01  1.98e-01 1.84e-02     49s
  31   3.64238383e+01  4.97150020e+01  6.78e+00 1.14e+00  6.43e+01 *3.08e+01 1.54e-02  5.05e+01  1.84e-01 1.56e-02     51s
  32   3.34503228e+01  4.99341704e+01  7.15e+00 1.12e+00  6.35e+01 *3.49e+01 1.54e-02  4.83e+01  1.72e-01 1.34e-02     52s
  33   3.05619018e+01  5.01193276e+01  7.51e+00 1.11e+00  6.28e+01 *3.93e+01 1.54e-02  4.65e+01  1.61e-01 1.16e-02     54s
  34   2.77568182e+01  5.02771179e+01  7.87e+00 1.10e+00  6.22e+01 *4.38e+01 1.54e-02  4.48e+01  1.52e-01 1.01e-02     55s
  35   2.50283583e+01  5.04129424e+01  8.22e+00 1.09e+00  6.17e+01 *4.85e+01 1.54e-02  4.34e+01  1.44e-01 8.86e-03     57s
  36   2.23728157e+01  5.05308338e+01  8.57e+00 1.08e+00  6.12e+01 *5.33e+01 1.54e-02  4.21e+01  1.37e-01 7.83e-03     58s
  37   1.97865446e+01  5.06339544e+01  8.91e+00 1.07e+00  6.08e+01 *5.83e+01 1.54e-02  4.09e+01  1.31e-01 6.97e-03     60s
  38   1.72608013e+01  5.07249915e+01  9.25e+00 1.07e+00  6.05e+01 *6.33e+01 1.54e-02  3.99e+01  1.26e-01 6.25e-03     61s
  39   1.47942999e+01  5.08058184e+01  9.58e+00 1.06e+00  6.01e+01 *6.85e+01 1.54e-02  3.90e+01  1.21e-01 5.63e-03     63s
  40   1.23807398e+01  5.08781093e+01  9.90e+00 1.05e+00  5.98e+01 *7.38e+01 1.54e-02  3.82e+01  1.16e-01 5.11e-03     64s
  41   1.00184937e+01  5.09430865e+01  1.02e+01 1.05e+00  5.96e+01 *7.92e+01 1.54e-02  3.74e+01  1.12e-01 4.66e-03     66s
  42   7.70112634e+00  5.10018824e+01  1.05e+01 1.05e+00  5.93e+01 *8.47e+01 1.54e-02  3.68e+01  1.09e-01 4.27e-03     67s
  43   5.42670424e+00  5.10553182e+01  1.08e+01 1.04e+00  5.91e+01 *9.02e+01 1.54e-02  3.62e+01  1.05e-01 3.93e-03     69s
  44   3.19315500e+00  5.11040855e+01  1.12e+01 1.04e+00  5.89e+01 *9.59e+01 1.54e-02  3.56e+01  1.02e-01 3.63e-03     71s
  45   9.98282528e-01  5.11487699e+01  1.15e+01 1.03e+00  5.87e+01 *1.02e+02 1.54e-02  3.51e+01  9.95e-02 3.36e-03     72s
  46  -1.16237837e+00  5.11899112e+01  1.18e+01 1.03e+00  5.86e+01 *1.07e+02 1.54e-02  3.46e+01  9.68e-02 3.13e-03     75s
  47  -3.29121953e+00  5.12279280e+01  1.20e+01 1.03e+00  5.84e+01 *1.13e+02 1.54e-02  3.42e+01  9.44e-02 2.92e-03     76s
  48  -5.38861498e+00  5.12631451e+01  1.23e+01 1.02e+00  5.83e+01 *1.19e+02 1.54e-02  3.38e+01  9.21e-02 2.73e-03     77s
  49  -7.45711223e+00  5.12958799e+01  1.26e+01 1.02e+00  5.81e+01 *1.25e+02 1.54e-02  3.34e+01  8.99e-02 2.56e-03     79s
  50  -9.49727810e+00  5.13263768e+01  1.29e+01 1.02e+00  5.80e+01 *1.31e+02 1.54e-02  3.31e+01  8.79e-02 2.41e-03     80s
  51  -1.15137934e+01  5.13549084e+01  1.32e+01 1.02e+00  5.79e+01 *1.37e+02 1.54e-02  3.27e+01  8.60e-02 2.27e-03     82s
  52  -1.35053820e+01  5.13816298e+01  1.35e+01 1.02e+00  5.77e+01 *1.44e+02 1.54e-02  3.24e+01  8.42e-02 2.15e-03     83s
  53  -1.54728260e+01  5.14067069e+01  1.37e+01 1.01e+00  5.76e+01 *1.50e+02 1.54e-02  3.22e+01  8.25e-02 2.03e-03     85s
  54  -1.74189117e+01  5.14303107e+01  1.40e+01 1.01e+00  5.75e+01 *1.56e+02 1.55e-02  3.19e+01  8.09e-02 1.93e-03     87s
  55  -1.93445291e+01  5.14525699e+01  1.43e+01 1.01e+00  5.74e+01 *1.62e+02 1.55e-02  3.16e+01  7.93e-02 1.83e-03     88s
  56  -2.12506140e+01  5.14735994e+01  1.46e+01 1.01e+00  5.73e+01 *1.69e+02 1.55e-02  3.14e+01  7.79e-02 1.74e-03     90s
  57  -2.31381430e+01  5.14935026e+01  1.48e+01 1.01e+00  5.72e+01 *1.75e+02 1.55e-02  3.12e+01  7.65e-02 1.66e-03     92s
  58  -2.50081296e+01  5.15123725e+01  1.51e+01 1.00e+00  5.72e+01 *1.82e+02 1.55e-02  3.10e+01  7.52e-02 1.59e-03     93s
  59  -2.68616207e+01  5.15302930e+01  1.54e+01 1.00e+00  5.71e+01 *1.89e+02 1.55e-02  3.08e+01  7.39e-02 1.52e-03     95s
  60  -2.86978552e+01  5.15473230e+01  1.56e+01 1.00e+00  5.70e+01 *1.95e+02 1.56e-02  3.06e+01  7.27e-02 1.45e-03     96s
  61  -3.05179354e+01  5.15635329e+01  1.59e+01 1.00e+00  5.69e+01 *2.02e+02 1.56e-02  3.04e+01  7.16e-02 1.39e-03     98s
  62  -3.23247949e+01  5.15790025e+01  1.61e+01 9.98e-01  5.69e+01 *2.09e+02 1.56e-02  3.02e+01  7.05e-02 1.33e-03    100s
  63  -3.41160002e+01  5.15937586e+01  1.64e+01 9.97e-01  5.68e+01 *2.16e+02 1.56e-02  3.00e+01  6.94e-02 1.28e-03    102s
