
================= Linear optimization problem Information =================
Number of variables:     8
Number of constraints:   2

Norm of primal sol:      2.36e+01
Norm of dual sol:        1.00e+01
Norm of dual slacks:     5.00e+00

Norm of vector b:        1.00e+01
Norm of vector c:        3.67e+00

Norm of matrix A:        2.00e+00
Condition number:        1.60e+01
Seed:                    87

======================= Linear optimization problem =======================
coeff matrix A:          [[-0.059 +0.166 +0.008 -0.153 +0.117 +0.050 -0.055 +0.103]
                          [+0.681 -0.924 -0.425 +0.737 -0.762 -0.088 -0.045 -1.140]]

RHS vector b:            [+2.195 -9.756]
Obj vector c:            [+1.233 -0.852 +2.971 +0.477 -0.891 +0.246 -0.646 +0.948]

============================ Optimal solution =============================
Primal variables:        [+9.872 +14.364 +0.000 +1.472 +3.621 +13.066 +8.235 +0.000]
Dual slacks:             [+0.000 +0.000 +4.018 +0.000 +0.000 +0.000 +0.000 +2.976]
Dual variables:          [+9.642 +2.651]

Optimal objective:       -4.69507310e+00
===========================================================================

Method:             II-QIPM
LO_Precision:       1.00e-01
Stop_Precision:     1.00e-03
LO_Verbosity:       2
Omega:              1.00e+01
num_ancillae:       4

The Quantum Inexact Infeasible Interior-Point Method starts running ...


                  Objective                Residual                      Quantum                    Step-length
Iter      Primal           Dual         Primal    Dual     Compl    ||Resl||   Prob    Cond-Num   a-star   a-hat      Time
   0   2.83292736e+01 -2.22590287e+01  3.03e+00 7.30e+00  2.60e+02 *1.63e+00 1.53e-02  2.56e+02  8.47e-01 7.32e-01      2s
   1   2.11939767e+01 -1.69167890e+01  2.38e+00 4.58e+00  1.72e+02  1.85e+00 1.55e-02  2.21e+02  7.88e-01 3.72e-01      4s
   2   1.17680074e+01 -1.32715504e+01  2.19e+00 2.82e+00  1.10e+02  2.19e+00 1.55e-02  2.15e+02  6.62e-01 3.84e-01      6s
   3   4.31549645e+00 -1.20275093e+01  2.39e+00 2.21e+00  8.77e+01  3.32e+00 1.53e-02  1.82e+02  4.52e-01 2.16e-01      8s
   4   3.59610289e+00 -1.19687573e+01  2.43e+00 2.18e+00  8.67e+01  5.60e+00 1.46e-02  1.27e+02  3.01e-01 1.35e-02     10s
   5   2.92884358e+00 -1.19176087e+01  2.47e+00 2.16e+00  8.57e+01  5.91e+00 1.45e-02  1.21e+02  2.92e-01 1.19e-02     12s
   6   2.27760343e+00 -1.18705466e+01  2.51e+00 2.13e+00  8.48e+01  6.22e+00 1.44e-02  1.16e+02  2.83e-01 1.11e-02     15s
   7   1.63978177e+00 -1.18270370e+01  2.56e+00 2.11e+00  8.40e+01  6.53e+00 1.43e-02  1.12e+02  2.75e-01 1.04e-02     17s
   8   1.01483542e+00 -1.17867470e+01  2.60e+00 2.09e+00  8.33e+01  6.86e+00 1.41e-02  1.07e+02  2.68e-01 9.78e-03     19s
   9   4.01682907e-01 -1.17493424e+01  2.64e+00 2.07e+00  8.26e+01  7.20e+00 1.40e-02  1.03e+02  2.61e-01 9.19e-03     21s
  10  -2.00667211e-01 -1.17145296e+01  2.68e+00 2.05e+00  8.20e+01  7.54e+00 1.38e-02  9.92e+01  2.54e-01 8.65e-03     23s
  11  -7.93721800e-01 -1.16820175e+01  2.72e+00 2.04e+00  8.14e+01  7.90e+00 1.37e-02  9.54e+01  2.47e-01 8.16e-03     24s
  12  -1.37831993e+00 -1.16515829e+01  2.76e+00 2.02e+00  8.08e+01  8.27e+00 1.35e-02  9.18e+01  2.41e-01 7.72e-03     26s
  13  -1.95466851e+00 -1.16230561e+01  2.81e+00 2.01e+00  8.02e+01  8.65e+00 1.33e-02  8.83e+01  2.35e-01 7.30e-03     28s
  14  -2.52350864e+00 -1.15962566e+01  2.85e+00 1.99e+00  7.97e+01  9.03e+00 1.32e-02  8.51e+01  2.30e-01 6.92e-03     30s
  15  -3.08610112e+00 -1.15709980e+01  2.89e+00 1.98e+00  7.93e+01  9.43e+00 1.30e-02  8.20e+01  2.24e-01 6.57e-03     32s
  16  -3.64254807e+00 -1.15471636e+01  2.94e+00 1.97e+00  7.88e+01  9.85e+00 1.28e-02  7.90e+01  2.19e-01 6.24e-03     34s
  17  -4.19292920e+00 -1.15246468e+01  2.98e+00 1.96e+00  7.84e+01  1.03e+01 1.25e-02  7.62e+01  2.14e-01 5.94e-03     36s
  18  -4.73839493e+00 -1.15033069e+01  3.02e+00 1.94e+00  7.80e+01  1.07e+01 1.23e-02  7.36e+01  2.10e-01 5.66e-03     38s
  19  -5.27952586e+00 -1.14830395e+01  3.07e+00 1.93e+00  7.76e+01  1.12e+01 1.21e-02  7.10e+01  2.05e-01 5.40e-03     40s
  20  -5.81580958e+00 -1.14637883e+01  3.11e+00 1.92e+00  7.72e+01  1.16e+01 1.18e-02  6.86e+01  2.01e-01 5.15e-03     42s
  21  -6.34832185e+00 -1.14454450e+01  3.15e+00 1.91e+00  7.69e+01  1.21e+01 1.16e-02  6.63e+01  1.97e-01 4.93e-03     44s
  22  -6.87706296e+00 -1.14279472e+01  3.20e+00 1.91e+00  7.66e+01  1.26e+01 1.13e-02  6.41e+01  1.93e-01 4.72e-03     46s
  23  -7.40254832e+00 -1.14112204e+01  3.24e+00 1.90e+00  7.63e+01  1.31e+01 1.11e-02  6.20e+01  1.89e-01 4.52e-03     48s
  24  -7.92476039e+00 -1.13952128e+01  3.29e+00 1.89e+00  7.60e+01  1.36e+01 1.08e-02  6.00e+01  1.86e-01 4.33e-03     50s
  25  -8.44419288e+00 -1.13798606e+01  3.33e+00 1.88e+00  7.57e+01  1.41e+01 1.05e-02  5.81e+01  1.82e-01 4.16e-03     52s
  26  -8.96081529e+00 -1.13651201e+01  3.38e+00 1.87e+00  7.54e+01  1.46e+01 1.03e-02  5.63e+01  1.79e-01 4.00e-03     54s
  27  -9.47561965e+00 -1.13509221e+01  3.42e+00 1.87e+00  7.51e+01  1.52e+01 1.00e-02  5.45e+01  1.76e-01 3.85e-03     56s
  28  -9.98805749e+00 -1.13372444e+01  3.47e+00 1.86e+00  7.49e+01  1.58e+01 9.75e-03  5.29e+01  1.73e-01 3.70e-03     58s
  29  -1.04985943e+01 -1.13240390e+01  3.52e+00 1.85e+00  7.46e+01  1.64e+01 9.50e-03  5.13e+01  1.70e-01 3.57e-03     60s
  30  -1.10076933e+01 -1.13112612e+01  3.56e+00 1.85e+00  7.44e+01  1.70e+01 9.27e-03  4.97e+01  1.67e-01 3.44e-03     62s
  31  -1.15153088e+01 -1.12988818e+01  3.61e+00 1.84e+00  7.42e+01  1.76e+01 9.06e-03  4.83e+01  1.64e-01 3.32e-03     64s
  32  -1.20213910e+01 -1.12868731e+01  3.65e+00 1.83e+00  7.40e+01  1.82e+01 8.86e-03  4.69e+01  1.62e-01 3.21e-03     66s
  33  -1.25268972e+01 -1.12751853e+01  3.70e+00 1.83e+00  7.38e+01  1.89e+01 8.69e-03  4.55e+01  1.59e-01 3.10e-03     68s
  34  -1.30312770e+01 -1.12638057e+01  3.75e+00 1.82e+00  7.36e+01  1.95e+01 8.55e-03  4.42e+01  1.57e-01 3.00e-03     70s
  35  -1.35354837e+01 -1.12526885e+01  3.80e+00 1.82e+00  7.34e+01  2.02e+01 8.45e-03  4.30e+01  1.54e-01 2.91e-03     72s
  36  -1.40389685e+01 -1.12418227e+01  3.84e+00 1.81e+00  7.32e+01  2.09e+01 8.39e-03  4.18e+01  1.52e-01 2.82e-03     74s
  37  -1.45421803e+01 -1.12311756e+01  3.89e+00 1.81e+00  7.30e+01  2.16e+01 8.38e-03  4.06e+01  1.50e-01 2.74e-03     76s
  38  -1.50460760e+01 -1.12207053e+01  3.94e+00 1.80e+00  7.28e+01  2.23e+01 8.43e-03  3.95e+01  1.48e-01 2.67e-03     79s
  39  -1.55501144e+01 -1.12104018e+01  3.99e+00 1.80e+00  7.26e+01  2.31e+01 8.54e-03  3.84e+01  1.46e-01 2.59e-03     81s
  40  -1.60547527e+01 -1.12002340e+01  4.04e+00 1.79e+00  7.25e+01  2.38e+01 8.72e-03  3.74e+01  1.45e-01 2.53e-03     83s
  41  -1.65604555e+01 -1.11901709e+01  4.09e+00 1.79e+00  7.23e+01  2.46e+01 8.99e-03  3.64e+01  1.43e-01 2.47e-03     85s
  42  -1.70676961e+01 -1.11801809e+01  4.14e+00 1.78e+00  7.22e+01  2.54e+01 9.35e-03  3.54e+01  1.41e-01 2.41e-03     87s
  43  -1.75769582e+01 -1.11702313e+01  4.19e+00 1.78e+00  7.20e+01  2.62e+01 9.82e-03  3.45e+01  1.40e-01 2.36e-03     89s
  44  -1.80887378e+01 -1.11602876e+01  4.24e+00 1.78e+00  7.19e+01  2.70e+01 1.04e-02  3.36e+01  1.39e-01 2.32e-03     91s
  45  -1.86035448e+01 -1.11503129e+01  4.29e+00 1.77e+00  7.17e+01  2.78e+01 1.11e-02  3.27e+01  1.38e-01 2.28e-03     93s
  46  -1.91219053e+01 -1.11402665e+01  4.35e+00 1.77e+00  7.16e+01  2.87e+01 1.20e-02  3.19e+01  1.37e-01 2.24e-03     95s
  47  -1.96448868e+01 -1.11300929e+01  4.40e+00 1.76e+00  7.14e+01  2.95e+01 1.30e-02  3.11e+01  1.36e-01 2.22e-03     97s
  48  -2.01741302e+01 -1.11197188e+01  4.45e+00 1.76e+00  7.13e+01  3.03e+01 1.42e-02  3.03e+01  1.36e-01 2.20e-03     98s
  49  -2.07097500e+01 -1.11090912e+01  4.51e+00 1.76e+00  7.11e+01  3.11e+01 1.56e-02  2.95e+01  1.35e-01 2.19e-03    100s
  50  -2.12545841e+01 -1.10980902e+01  4.57e+00 1.75e+00  7.10e+01  3.19e+01 1.72e-02  2.87e+01  1.35e-01 2.20e-03    102s
  51  -2.18111031e+01 -1.10865814e+01  4.63e+00 1.75e+00  7.08e+01  3.27e+01 1.91e-02  2.80e+01  1.36e-01 2.22e-03    104s
  52  -2.23813999e+01 -1.10744064e+01  4.69e+00 1.74e+00  7.07e+01  3.34e+01 2.13e-02  2.73e+01  1.37e-01 2.26e-03    106s
  53  -2.29700987e+01 -1.10613019e+01  4.75e+00 1.74e+00  7.06e+01  3.41e+01 2.39e-02  2.66e+01  1.39e-01 2.33e-03    108s
  54  -2.35847855e+01 -1.10468468e+01  4.82e+00 1.74e+00  7.04e+01  3.46e+01 2.68e-02  2.58e+01  1.43e-01 2.45e-03    110s
  55  -2.42347839e+01 -1.10304030e+01  4.89e+00 1.73e+00  7.02e+01  3.49e+01 3.03e-02  2.51e+01  1.48e-01 2.64e-03    112s
  56  -2.49394677e+01 -1.10107110e+01  4.97e+00 1.73e+00  7.00e+01  3.49e+01 3.45e-02  2.44e+01  1.56e-01 2.97e-03    114s
  57  -2.57341499e+01 -1.09851078e+01  5.07e+00 1.72e+00  6.98e+01  3.44e+01 3.96e-02  2.36e+01  1.70e-01 3.59e-03    116s
  58  -2.67108676e+01 -1.09458086e+01  5.19e+00 1.71e+00  6.95e+01 *3.29e+01 4.60e-02  2.28e+01  1.99e-01 5.04e-03    118s
  59  -2.82516812e+01 -1.08512378e+01  5.39e+00 1.69e+00  6.88e+01 *2.87e+01 5.51e-02  2.19e+01  2.80e-01 1.10e-02    120s
  60  -4.54895094e+01 -4.90235344e+00  1.10e+01 5.83e-01  2.39e+01 *1.48e+01 7.17e-02  2.06e+01  7.58e-01 6.56e-01    121s
  61  -6.36242443e+01 -5.13783880e+00  1.06e+01 5.29e-01  2.13e+01 *2.49e+01 1.41e-02  3.81e+01  1.61e-01 9.25e-02    122s
  62  -6.51986536e+01 -5.15193266e+00  1.05e+01 5.24e-01  2.11e+01  3.27e+01 2.64e-01  1.14e+01  2.23e-01 8.50e-03    124s
  63  -6.68377231e+01 -5.16770269e+00  1.04e+01 5.18e-01  2.09e+01  2.69e+01 3.23e-01  1.06e+01  2.96e-01 1.25e-02    126s
  64  -6.93177626e+01 -5.19513646e+00  1.00e+01 5.00e-01  2.02e+01  1.99e+01 3.88e-01  9.87e+00  4.46e-01 3.47e-02    128s
  65  -5.92402309e+01 -5.20721177e+00  6.07e+00 1.72e-01  7.56e+00  8.12e+00 4.80e-01  8.72e+00  8.14e-01 6.55e-01    130s
  66  -5.96507758e+01 -5.17588448e+00  6.65e+00 1.53e-01  6.77e+00  1.53e+01 5.46e-01  1.10e+01  6.57e-01 1.14e-01    132s
  67  -5.86079363e+01 -5.13493181e+00  7.30e+00 1.33e-01  6.00e+00  1.48e+01 5.61e-01  1.11e+01  7.05e-01 1.25e-01    134s
  68  -5.68651776e+01 -5.09310939e+00  8.13e+00 1.16e-01  5.29e+00  1.60e+01 4.89e-01  1.20e+01  7.14e-01 1.31e-01    136s
  69  -5.20398101e+01 -5.03623130e+00  8.98e+00 9.68e-02  4.49e+00  1.50e+01 3.73e-01  1.32e+01  8.02e-01 1.66e-01    137s
  70  -2.73638849e+01 -4.70062752e+00  2.40e+00 3.27e-02  1.59e+00  4.79e+00 1.76e-01  1.65e+01  7.99e-01 6.62e-01    140s
  71  -3.21882758e+01 -4.70995064e+00  2.83e+00 2.90e-02  1.41e+00 *6.74e+00 1.47e-02  1.04e+02  3.73e-01 1.12e-01    141s
  72  -3.21886676e+01 -4.70995107e+00  2.83e+00 2.90e-02  1.41e+00 *1.02e+01 1.38e-02  7.06e+01  2.95e-01 5.58e-06    144s

The solution quality is limited by the precision of the linear system solver.

The II-IPM stopped after 73 iterations in 144.00 seconds.

Primal variables:   [+8.999 +12.270 +0.077 +12.506 +15.280 +11.941 +44.050 +0.099]
Dual slacks:        [+0.020 +0.008 +4.015 +0.011 +0.006 +0.014 +0.003 +2.968]
Dual variables:     [+9.516 +2.624]

Primal objective:   -3.21886676e+01
Dual objective:     -4.70995107e+00

Primal residual:    2.83e+00
Dual residual:      2.90e-02
Complementraty:     1.41e+00

Number of Iter:     73
Run time:           144.00
