
================= Linear optimization problem Information =================
Number of variables:     8
Number of constraints:   2

Norm of primal sol:      1.08e+01
Norm of dual sol:        1.00e+01
Norm of dual slacks:     5.00e+00

Norm of vector b:        1.00e+01
Norm of vector c:        6.34e+00

Norm of matrix A:        2.00e+00
Condition number:        1.60e+01
Seed:                    81

======================= Linear optimization problem =======================
coeff matrix A:          [[+0.282 -0.334 +0.280 +0.114 +0.408 +0.599 +0.224 -0.160]
                          [+0.622 -0.492 +0.694 +0.294 +0.776 +1.029 +0.422 -0.307]]

RHS vector b:            [+3.858 +9.226]
Obj vector c:            [+1.232 -0.062 +1.662 +0.741 +1.076 +2.120 +5.429 -0.438]

============================ Optimal solution =============================
Primal variables:        [+2.241 +2.149 +5.883 +5.761 +5.280 +0.000 +0.000 +3.210]
Dual slacks:             [+0.000 +0.000 +0.000 +0.000 +0.000 +1.165 +4.862 +0.000]
Dual variables:          [-8.213 +5.705]

Optimal objective:       +2.09534309e+01
===========================================================================

Method:             II-QIPM
LO_Precision:       1.00e-01
Stop_Precision:     1.00e-03
LO_Verbosity:       2
Omega:              1.00e+01
num_ancillae:       4

The Quantum Inexact Infeasible Interior-Point Method starts running ...


                  Objective                Residual                      Quantum                    Step-length
Iter      Primal           Dual         Primal    Dual     Compl    ||Resl||   Prob    Cond-Num   a-star   a-hat      Time
   0   7.37192644e+01 -2.95948536e+01  8.27e+00 8.62e+00  3.39e+02 *8.72e-01 1.56e-02  2.56e+02  7.83e-01 6.49e-01      2s
   1   6.47909245e+01 -1.93991219e+01  5.44e+00 5.61e+00  2.34e+02  9.40e-01 1.56e-02  1.72e+02  8.29e-01 3.50e-01      4s
   2   5.37182384e+01 -7.22943451e+00  2.87e+00 2.86e+00  1.34e+02  7.17e-01 1.56e-02  1.76e+02  8.38e-01 4.89e-01      6s
   3   5.01364374e+01 -4.54285284e+00  2.40e+00 2.39e+00  1.14e+02  1.89e-01 1.56e-02  1.90e+02  8.10e-01 1.66e-01      8s
   4   4.66453792e+01 -2.11767157e+00  2.00e+00 1.98e+00  9.72e+01  2.31e-02 1.56e-02  2.01e+02  8.17e-01 1.69e-01     10s
   5   4.30367159e+01  2.50958496e-01  1.62e+00 1.61e+00  8.12e+01  1.21e-01 1.56e-02  2.20e+02  8.38e-01 1.86e-01     12s
   6   3.90254651e+01  2.77668897e+00  1.24e+00 1.25e+00  6.51e+01  2.46e-01 1.56e-02  2.55e+02  8.83e-01 2.25e-01     13s
   7   3.38790849e+01  5.89789268e+00  8.17e-01 8.43e-01  4.64e+01  3.52e-01 1.56e-02  3.23e+02  9.70e-01 3.27e-01     15s
   8   2.43247837e+01  1.12366564e+01  3.83e-01 2.11e-01  1.70e+01  4.59e-01 1.56e-02  4.93e+02  9.15e-01 7.49e-01     17s
   9   2.11240490e+01  1.18931018e+01  4.89e-01 1.33e-01  1.14e+01  7.17e-01 1.56e-02  1.67e+03  6.68e-01 3.72e-01     19s
  10   2.05207231e+01  1.19498393e+01  5.14e-01 1.22e-01  1.06e+01  8.11e-01 1.56e-02  3.41e+03  6.33e-01 8.30e-02     21s
  11   1.99359585e+01  1.19967991e+01  5.39e-01 1.11e-01  9.79e+00  8.25e-01 1.55e-02  4.16e+03  6.39e-01 8.44e-02     23s
  12   1.93560339e+01  1.20363611e+01  5.64e-01 1.02e-01  9.01e+00  8.38e-01 1.55e-02  5.14e+03  6.46e-01 8.81e-02     25s
  13   1.87829573e+01  1.20692844e+01  5.89e-01 9.23e-02  8.26e+00  8.50e-01 1.55e-02  6.47e+03  6.53e-01 9.21e-02     27s
  14   1.82218603e+01  1.20962227e+01  6.15e-01 8.34e-02  7.54e+00  8.63e-01 1.55e-02  8.29e+03  6.59e-01 9.59e-02     29s
  15   1.76810317e+01  1.21178122e+01  6.40e-01 7.52e-02  6.87e+00  8.75e-01 1.55e-02  1.08e+04  6.62e-01 9.88e-02     31s
  16   1.71697594e+01  1.21347813e+01  6.64e-01 6.76e-02  6.24e+00  8.87e-01 1.55e-02  1.43e+04  6.61e-01 1.00e-01     33s
  17   1.67007886e+01  1.21478149e+01  6.87e-01 6.10e-02  5.68e+00  8.99e-01 1.55e-02  1.91e+04  6.53e-01 9.84e-02     34s
  18   1.62814937e+01  1.21577423e+01  7.08e-01 5.53e-02  5.20e+00  9.12e-01 1.55e-02  2.55e+04  6.20e-01 9.39e-02     36s
  19   1.59172288e+01  1.21652790e+01  7.27e-01 5.05e-02  4.79e+00  9.27e-01 1.55e-02  3.39e+04  5.73e-01 8.63e-02     38s
  20   1.56063573e+01  1.21710728e+01  7.43e-01 4.66e-02  4.45e+00  9.42e-01 1.55e-02  4.41e+04  5.28e-01 7.70e-02     40s
  21   1.53438649e+01  1.21756071e+01  7.58e-01 4.35e-02  4.18e+00  9.59e-01 1.55e-02  5.60e+04  4.87e-01 6.69e-02     42s
  22   1.51216277e+01  1.21792451e+01  7.70e-01 4.10e-02  3.96e+00  9.78e-01 1.55e-02  6.92e+04  4.50e-01 5.75e-02     44s
  23   1.49322409e+01  1.21822255e+01  7.81e-01 3.90e-02  3.78e+00  9.99e-01 1.56e-02  8.29e+04  4.18e-01 4.90e-02     46s
  24   1.47686967e+01  1.21847190e+01  7.91e-01 3.73e-02  3.63e+00  1.02e+00 1.56e-02  9.68e+04  3.89e-01 4.18e-02     48s
  25   1.46254631e+01  1.21868414e+01  8.00e-01 3.60e-02  3.51e+00  1.05e+00 1.56e-02  1.10e+05  3.64e-01 3.58e-02     50s
  26   1.44982627e+01  1.21886740e+01  8.09e-01 3.49e-02  3.41e+00  1.07e+00 1.56e-02  1.23e+05  3.43e-01 3.09e-02     52s
  27   1.43838398e+01  1.21902751e+01  8.16e-01 3.40e-02  3.33e+00  1.10e+00 1.56e-02  1.36e+05  3.24e-01 2.69e-02     53s
  28   1.42795572e+01  1.21916903e+01  8.24e-01 3.32e-02  3.26e+00  1.12e+00 1.56e-02  1.47e+05  3.07e-01 2.36e-02     55s
  29   1.41837006e+01  1.21929495e+01  8.31e-01 3.25e-02  3.19e+00  1.15e+00 1.56e-02  1.58e+05  2.92e-01 2.08e-02     57s
  30   1.40947637e+01  1.21940788e+01  8.37e-01 3.19e-02  3.14e+00  1.18e+00 1.56e-02  1.67e+05  2.78e-01 1.84e-02     58s
  31   1.40113931e+01  1.21951007e+01  8.43e-01 3.13e-02  3.09e+00  1.22e+00 1.56e-02  1.76e+05  2.66e-01 1.65e-02     60s
  32   1.39328119e+01  1.21960292e+01  8.49e-01 3.09e-02  3.05e+00  1.25e+00 1.56e-02  1.84e+05  2.55e-01 1.48e-02     62s
  33   1.38583141e+01  1.21968772e+01  8.55e-01 3.05e-02  3.01e+00  1.28e+00 1.56e-02  1.92e+05  2.45e-01 1.34e-02     64s
  34   1.37872446e+01  1.21976559e+01  8.61e-01 3.01e-02  2.98e+00  1.32e+00 1.56e-02  1.99e+05  2.36e-01 1.22e-02     66s
  35   1.37191184e+01  1.21983742e+01  8.66e-01 2.98e-02  2.95e+00  1.35e+00 1.56e-02  2.05e+05  2.28e-01 1.11e-02     68s
  36   1.36536529e+01  1.21990382e+01  8.71e-01 2.94e-02  2.92e+00  1.39e+00 1.56e-02  2.10e+05  2.20e-01 1.02e-02     70s
  37   1.35904195e+01  1.21996551e+01  8.77e-01 2.92e-02  2.89e+00  1.43e+00 1.56e-02  2.15e+05  2.13e-01 9.41e-03     71s
  38   1.35292247e+01  1.22002293e+01  8.82e-01 2.89e-02  2.87e+00  1.47e+00 1.56e-02  2.20e+05  2.06e-01 8.69e-03     72s
  39   1.34697826e+01  1.22007658e+01  8.87e-01 2.87e-02  2.85e+00  1.51e+00 1.56e-02  2.24e+05  2.00e-01 8.05e-03     74s
  40   1.34118950e+01  1.22012685e+01  8.92e-01 2.85e-02  2.83e+00  1.55e+00 1.56e-02  2.28e+05  1.94e-01 7.49e-03     76s
  41   1.33554971e+01  1.22017399e+01  8.97e-01 2.83e-02  2.81e+00  1.59e+00 1.56e-02  2.32e+05  1.89e-01 6.98e-03     79s
  42   1.33003144e+01  1.22021839e+01  9.01e-01 2.81e-02  2.80e+00  1.63e+00 1.56e-02  2.35e+05  1.84e-01 6.53e-03     80s
  43   1.32462538e+01  1.22026028e+01  9.06e-01 2.79e-02  2.78e+00  1.67e+00 1.56e-02  2.38e+05  1.79e-01 6.12e-03     83s
  44   1.31932845e+01  1.22029983e+01  9.11e-01 2.78e-02  2.77e+00  1.72e+00 1.56e-02  2.41e+05  1.74e-01 5.74e-03     85s
  45   1.31412770e+01  1.22033725e+01  9.15e-01 2.76e-02  2.75e+00  1.77e+00 1.56e-02  2.44e+05  1.70e-01 5.40e-03     87s
  46   1.30901102e+01  1.22037275e+01  9.20e-01 2.75e-02  2.74e+00  1.81e+00 1.56e-02  2.46e+05  1.66e-01 5.10e-03     89s
  47   1.30397707e+01  1.22040644e+01  9.24e-01 2.73e-02  2.73e+00  1.86e+00 1.56e-02  2.48e+05  1.62e-01 4.81e-03     90s
  48   1.29900991e+01  1.22043853e+01  9.29e-01 2.72e-02  2.72e+00  1.91e+00 1.56e-02  2.51e+05  1.58e-01 4.56e-03     92s
  49   1.29411873e+01  1.22046904e+01  9.33e-01 2.71e-02  2.70e+00  1.96e+00 1.56e-02  2.52e+05  1.55e-01 4.32e-03     94s
  50   1.28928367e+01  1.22049818e+01  9.38e-01 2.70e-02  2.69e+00  2.01e+00 1.56e-02  2.54e+05  1.52e-01 4.10e-03     96s
  51   1.28450934e+01  1.22052599e+01  9.42e-01 2.69e-02  2.68e+00  2.06e+00 1.56e-02  2.56e+05  1.49e-01 3.90e-03     98s
  52   1.27978623e+01  1.22055259e+01  9.46e-01 2.68e-02  2.68e+00  2.11e+00 1.56e-02  2.58e+05  1.46e-01 3.72e-03    100s
  53   1.27511442e+01  1.22057804e+01  9.51e-01 2.67e-02  2.67e+00  2.16e+00 1.56e-02  2.59e+05  1.43e-01 3.54e-03    102s
  54   1.27049412e+01  1.22060241e+01  9.55e-01 2.66e-02  2.66e+00  2.22e+00 1.56e-02  2.60e+05  1.40e-01 3.38e-03    104s
  55   1.26591187e+01  1.22062580e+01  9.59e-01 2.65e-02  2.65e+00  2.27e+00 1.56e-02  2.62e+05  1.37e-01 3.23e-03    106s
  56   1.26137260e+01  1.22064826e+01  9.63e-01 2.64e-02  2.64e+00  2.33e+00 1.56e-02  2.63e+05  1.35e-01 3.09e-03    108s
  57   1.25687222e+01  1.22066984e+01  9.68e-01 2.63e-02  2.64e+00  2.39e+00 1.56e-02  2.64e+05  1.32e-01 2.96e-03    111s
  58   1.25240677e+01  1.22069060e+01  9.72e-01 2.63e-02  2.63e+00  2.44e+00 1.56e-02  2.65e+05  1.30e-01 2.84e-03    113s
