
================= Linear optimization problem Information =================
Number of variables:     8
Number of constraints:   2

Norm of primal sol:      9.50e+00
Norm of dual sol:        1.00e+01
Norm of dual slacks:     5.00e+00

Norm of vector b:        1.00e+01
Norm of vector c:        5.26e+00

Norm of matrix A:        2.00e+00
Condition number:        1.60e+01
Seed:                    8

======================= Linear optimization problem =======================
coeff matrix A:          [[-0.232 -0.235 -0.599 +0.195 -0.257 +0.100 -0.557 +0.909]
                          [-0.344 -0.286 -0.721 +0.103 -0.284 +0.224 -0.592 +1.041]]

RHS vector b:            [-6.102 -7.922]
Obj vector c:            [+0.699 +4.888 +0.636 +0.704 +0.102 -0.818 +0.055 +1.318]

============================ Optimal solution =============================
Primal variables:        [+5.810 +0.000 +5.782 +3.531 +1.548 +0.076 +2.863 +0.000]
Dual slacks:             [+0.000 +4.617 +0.000 +0.000 +0.000 +0.000 +0.000 +1.918]
Dual variables:          [+7.239 -6.899]

Optimal objective:       +1.04757093e+01
===========================================================================

Method:             II-QIPM
LO_Precision:       1.00e-01
Stop_Precision:     1.00e-03
LO_Verbosity:       2
Omega:              1.00e+01
num_ancillae:       4

The Quantum Inexact Infeasible Interior-Point Method starts running ...


                  Objective                Residual                      Quantum                    Step-length
Iter      Primal           Dual         Primal    Dual     Compl    ||Resl||   Prob    Cond-Num   a-star   a-hat      Time
   0   5.90589897e+01 -2.13534452e+00  2.30e-01 4.59e+00  1.92e+02  2.06e-01 1.50e-02  2.56e+02  9.19e-01 8.23e-01      2s
   1   5.60656132e+01 -1.99941396e+00  3.03e-01 4.28e+00  1.80e+02 *1.42e+00 1.30e-02  1.67e+02  5.59e-01 6.81e-02      3s
   2   5.38343733e+01 -1.89109779e+00  3.68e-01 4.07e+00  1.72e+02 *1.67e+00 1.28e-02  1.53e+02  5.29e-01 4.96e-02      5s
   3   5.17982277e+01 -1.78643785e+00  4.33e-01 3.89e+00  1.66e+02 *1.89e+00 1.27e-02  1.43e+02  5.07e-01 4.43e-02      6s
   4   4.99204863e+01 -1.68435293e+00  4.99e-01 3.73e+00  1.60e+02 *2.12e+00 1.27e-02  1.33e+02  4.86e-01 3.99e-02      7s
   5   4.81731011e+01 -1.58409812e+00  5.65e-01 3.60e+00  1.54e+02 *2.35e+00 1.27e-02  1.25e+02  4.67e-01 3.61e-02      9s
   6   4.65362154e+01 -1.48526861e+00  6.31e-01 3.48e+00  1.50e+02 *2.59e+00 1.27e-02  1.17e+02  4.50e-01 3.29e-02     11s
   7   4.49932117e+01 -1.38754910e+00  6.97e-01 3.37e+00  1.46e+02 *2.84e+00 1.28e-02  1.09e+02  4.34e-01 3.01e-02     13s
   8   4.35286094e+01 -1.29058514e+00  7.63e-01 3.28e+00  1.42e+02 *3.09e+00 1.28e-02  1.03e+02  4.19e-01 2.76e-02     15s
   9   4.21320178e+01 -1.19424990e+00  8.28e-01 3.20e+00  1.39e+02 *3.36e+00 1.29e-02  9.71e+01  4.05e-01 2.55e-02     16s
  10   4.07918415e+01 -1.09824961e+00  8.94e-01 3.12e+00  1.36e+02 *3.63e+00 1.30e-02  9.17e+01  3.92e-01 2.37e-02     18s
  11   3.95018621e+01 -1.00258821e+00  9.60e-01 3.05e+00  1.33e+02 *3.91e+00 1.31e-02  8.68e+01  3.81e-01 2.20e-02     20s
  12   3.82541946e+01 -9.07091209e-01  1.03e+00 2.99e+00  1.31e+02 *4.19e+00 1.31e-02  8.23e+01  3.70e-01 2.06e-02     21s
  13   3.70418651e+01 -8.11586340e-01  1.09e+00 2.93e+00  1.28e+02 *4.49e+00 1.32e-02  7.83e+01  3.60e-01 1.93e-02     23s
  14   3.58609950e+01 -7.16091384e-01  1.16e+00 2.88e+00  1.26e+02 *4.79e+00 1.33e-02  7.46e+01  3.50e-01 1.81e-02     24s
  15   3.47070025e+01 -6.20532084e-01  1.23e+00 2.83e+00  1.24e+02 *5.11e+00 1.34e-02  7.13e+01  3.41e-01 1.71e-02     26s
  16   3.35746175e+01 -5.24736958e-01  1.30e+00 2.78e+00  1.22e+02 *5.43e+00 1.35e-02  6.82e+01  3.33e-01 1.62e-02     28s
  17   3.24623178e+01 -4.28816374e-01  1.36e+00 2.74e+00  1.21e+02 *5.76e+00 1.35e-02  6.54e+01  3.26e-01 1.54e-02     30s
  18   3.13655078e+01 -3.32595871e-01  1.43e+00 2.70e+00  1.19e+02 *6.09e+00 1.36e-02  6.29e+01  3.19e-01 1.46e-02     31s
  19   3.02831200e+01 -2.36182901e-01  1.50e+00 2.66e+00  1.18e+02 *6.44e+00 1.37e-02  6.06e+01  3.12e-01 1.39e-02     33s
  20   2.92099545e+01 -1.39300493e-01  1.57e+00 2.63e+00  1.16e+02 *6.79e+00 1.38e-02  5.85e+01  3.06e-01 1.34e-02     35s
  21   2.81463199e+01 -4.21456791e-02  1.64e+00 2.59e+00  1.15e+02 *7.15e+00 1.39e-02  5.66e+01  3.00e-01 1.28e-02     37s
  22   2.70894559e+01  5.53711597e-02  1.72e+00 2.56e+00  1.14e+02 *7.53e+00 1.39e-02  5.48e+01  2.95e-01 1.23e-02     39s
  23   2.60377588e+01  1.53246764e-01  1.79e+00 2.53e+00  1.12e+02 *7.90e+00 1.40e-02  5.32e+01  2.89e-01 1.18e-02     41s
  24   2.49897070e+01  2.51479452e-01  1.86e+00 2.50e+00  1.11e+02 *8.29e+00 1.41e-02  5.17e+01  2.85e-01 1.14e-02     43s
  25   2.39427984e+01  3.50167932e-01  1.94e+00 2.48e+00  1.10e+02 *8.69e+00 1.41e-02  5.04e+01  2.80e-01 1.10e-02     44s
  26   2.28956126e+01  4.49316925e-01  2.02e+00 2.45e+00  1.09e+02 *9.09e+00 1.42e-02  4.92e+01  2.76e-01 1.07e-02     46s
  27   2.18478127e+01  5.48833153e-01  2.09e+00 2.42e+00  1.08e+02 *9.51e+00 1.43e-02  4.80e+01  2.72e-01 1.03e-02     48s
  28   2.07980601e+01  6.48721810e-01  2.17e+00 2.40e+00  1.07e+02 *9.93e+00 1.43e-02  4.70e+01  2.68e-01 1.00e-02     49s
  29   1.97460871e+01  7.48889659e-01  2.25e+00 2.38e+00  1.06e+02 *1.04e+01 1.44e-02  4.61e+01  2.64e-01 9.73e-03     50s
  30   1.86884948e+01  8.49544321e-01  2.33e+00 2.35e+00  1.05e+02 *1.08e+01 1.45e-02  4.53e+01  2.61e-01 9.48e-03     52s
  31   1.76260679e+01  9.50496893e-01  2.42e+00 2.33e+00  1.04e+02 *1.13e+01 1.45e-02  4.45e+01  2.58e-01 9.23e-03     54s
  32   1.65575166e+01  1.05175738e+00  2.50e+00 2.31e+00  1.03e+02 *1.17e+01 1.46e-02  4.38e+01  2.55e-01 9.01e-03     55s
  33   1.54815385e+01  1.15333762e+00  2.58e+00 2.29e+00  1.03e+02 *1.22e+01 1.46e-02  4.32e+01  2.52e-01 8.79e-03     56s
  34   1.43978942e+01  1.25514925e+00  2.67e+00 2.27e+00  1.02e+02 *1.27e+01 1.47e-02  4.26e+01  2.49e-01 8.59e-03     57s
  35   1.33052708e+01  1.35720554e+00  2.76e+00 2.25e+00  1.01e+02 *1.32e+01 1.47e-02  4.21e+01  2.46e-01 8.40e-03     59s
  36   1.22034262e+01  1.45941913e+00  2.85e+00 2.23e+00  1.00e+02 *1.37e+01 1.47e-02  4.17e+01  2.43e-01 8.22e-03     61s
  37   1.10910198e+01  1.56180495e+00  2.94e+00 2.22e+00  9.95e+01 *1.42e+01 1.48e-02  4.13e+01  2.41e-01 8.06e-03     63s
  38   9.96891658e+00  1.66417448e+00  3.03e+00 2.20e+00  9.88e+01 *1.48e+01 1.48e-02  4.10e+01  2.38e-01 7.89e-03     64s
  39   8.83464358e+00  1.76664580e+00  3.13e+00 2.18e+00  9.81e+01 *1.53e+01 1.49e-02  4.07e+01  2.36e-01 7.74e-03     66s
  40   7.68906184e+00  1.86903214e+00  3.23e+00 2.16e+00  9.74e+01 *1.59e+01 1.49e-02  4.04e+01  2.34e-01 7.59e-03     68s
  41   6.53078014e+00  1.97135135e+00  3.33e+00 2.15e+00  9.67e+01 *1.65e+01 1.49e-02  4.02e+01  2.31e-01 7.45e-03     69s
  42   5.35952404e+00  2.07352047e+00  3.43e+00 2.13e+00  9.61e+01 *1.71e+01 1.49e-02  4.00e+01  2.29e-01 7.31e-03     71s
  43   4.17502306e+00  2.17545760e+00  3.53e+00 2.12e+00  9.54e+01 *1.77e+01 1.50e-02  3.98e+01  2.27e-01 7.18e-03     73s
  44   2.97581081e+00  2.27718386e+00  3.63e+00 2.10e+00  9.48e+01 *1.84e+01 1.50e-02  3.97e+01  2.25e-01 7.05e-03     75s
  45   1.76399671e+00  2.37841733e+00  3.74e+00 2.09e+00  9.42e+01 *1.90e+01 1.50e-02  3.96e+01  2.23e-01 6.92e-03     77s
  46   5.36916500e-01  2.47928293e+00  3.85e+00 2.07e+00  9.36e+01 *1.97e+01 1.50e-02  3.95e+01  2.21e-01 6.80e-03     79s
  47  -7.05745178e-01  2.57970504e+00  3.96e+00 2.06e+00  9.31e+01 *2.04e+01 1.51e-02  3.95e+01  2.19e-01 6.68e-03     81s
  48  -1.96304575e+00  2.67950999e+00  4.07e+00 2.05e+00  9.25e+01 *2.11e+01 1.51e-02  3.95e+01  2.17e-01 6.56e-03     83s
  49  -3.23524461e+00  2.77862727e+00  4.19e+00 2.03e+00  9.20e+01 *2.19e+01 1.51e-02  3.95e+01  2.15e-01 6.44e-03     84s
  50  -4.52388850e+00  2.87708753e+00  4.30e+00 2.02e+00  9.14e+01 *2.26e+01 1.51e-02  3.95e+01  2.13e-01 6.33e-03     86s
  51  -5.82929365e+00  2.97482434e+00  4.42e+00 2.01e+00  9.09e+01 *2.34e+01 1.51e-02  3.95e+01  2.11e-01 6.22e-03     88s
  52  -7.14913385e+00  3.07158009e+00  4.54e+00 2.00e+00  9.04e+01 *2.42e+01 1.51e-02  3.95e+01  2.09e-01 6.10e-03     89s
  53  -8.48628063e+00  3.16748946e+00  4.67e+00 1.98e+00  8.99e+01 *2.51e+01 1.51e-02  3.96e+01  2.07e-01 5.99e-03     90s
  54  -9.83969611e+00  3.26239965e+00  4.79e+00 1.97e+00  8.94e+01 *2.60e+01 1.52e-02  3.97e+01  2.05e-01 5.88e-03     92s
  55  -1.12082650e+01  3.35616419e+00  4.92e+00 1.96e+00  8.89e+01 *2.69e+01 1.52e-02  3.97e+01  2.03e-01 5.76e-03     94s
  56  -1.25949511e+01  3.44892186e+00  5.05e+00 1.95e+00  8.85e+01 *2.78e+01 1.52e-02  3.98e+01  2.00e-01 5.66e-03     96s
  57  -1.39972607e+01  3.54044109e+00  5.18e+00 1.94e+00  8.80e+01 *2.88e+01 1.52e-02  3.99e+01  1.98e-01 5.54e-03     98s
  58  -1.54167999e+01  3.63077264e+00  5.31e+00 1.93e+00  8.76e+01 *2.98e+01 1.52e-02  4.00e+01  1.96e-01 5.44e-03    100s
  59  -1.68509420e+01  3.71969945e+00  5.45e+00 1.92e+00  8.72e+01 *3.08e+01 1.52e-02  4.01e+01  1.94e-01 5.32e-03    102s
  60  -1.83027065e+01  3.80736761e+00  5.59e+00 1.91e+00  8.67e+01 *3.19e+01 1.52e-02  4.03e+01  1.92e-01 5.22e-03    104s
  61  -1.97708618e+01  3.89365872e+00  5.73e+00 1.90e+00  8.63e+01 *3.30e+01 1.52e-02  4.04e+01  1.90e-01 5.11e-03    106s
  62  -2.12540922e+01  3.97846247e+00  5.87e+00 1.89e+00  8.59e+01 *3.41e+01 1.52e-02  4.05e+01  1.88e-01 5.00e-03    108s
  63  -2.27539976e+01  4.06184370e+00  6.01e+00 1.88e+00  8.56e+01 *3.53e+01 1.52e-02  4.06e+01  1.86e-01 4.89e-03    110s
  64  -2.42692179e+01  4.14370177e+00  6.16e+00 1.87e+00  8.52e+01 *3.66e+01 1.52e-02  4.07e+01  1.84e-01 4.79e-03    112s
  65  -2.57998390e+01  4.22402479e+00  6.31e+00 1.86e+00  8.48e+01 *3.78e+01 1.52e-02  4.09e+01  1.82e-01 4.68e-03    114s
  66  -2.73459389e+01  4.30280404e+00  6.46e+00 1.85e+00  8.45e+01 *3.91e+01 1.52e-02  4.10e+01  1.80e-01 4.58e-03    116s
  67  -2.89075875e+01  4.38003379e+00  6.61e+00 1.84e+00  8.41e+01 *4.05e+01 1.53e-02  4.11e+01  1.78e-01 4.47e-03    117s
  68  -3.04832689e+01  4.45563549e+00  6.76e+00 1.84e+00  8.38e+01 *4.19e+01 1.53e-02  4.12e+01  1.76e-01 4.37e-03    119s
  69  -3.20729731e+01  4.52961289e+00  6.92e+00 1.83e+00  8.34e+01 *4.33e+01 1.53e-02  4.13e+01  1.73e-01 4.26e-03    121s
  70  -3.36766800e+01  4.60197233e+00  7.08e+00 1.82e+00  8.31e+01 *4.48e+01 1.53e-02  4.15e+01  1.71e-01 4.16e-03    123s
  71  -3.52943598e+01  4.67272253e+00  7.24e+00 1.81e+00  8.28e+01 *4.63e+01 1.53e-02  4.16e+01  1.69e-01 4.06e-03    125s
  72  -3.69243407e+01  4.74180531e+00  7.40e+00 1.81e+00  8.25e+01 *4.79e+01 1.53e-02  4.17e+01  1.67e-01 3.96e-03    127s
  73  -3.85681566e+01  4.80930519e+00  7.56e+00 1.80e+00  8.22e+01 *4.95e+01 1.53e-02  4.18e+01  1.65e-01 3.86e-03    129s
  74  -4.02240891e+01  4.87517113e+00  7.72e+00 1.79e+00  8.19e+01 *5.12e+01 1.53e-02  4.19e+01  1.63e-01 3.76e-03    131s
  75  -4.18936769e+01  4.93948804e+00  7.89e+00 1.79e+00  8.16e+01 *5.30e+01 1.53e-02  4.20e+01  1.61e-01 3.67e-03    133s
  76  -4.35734735e+01  5.00214857e+00  8.06e+00 1.78e+00  8.14e+01 *5.47e+01 1.53e-02  4.21e+01  1.59e-01 3.57e-03    135s
  77  -4.52649638e+01  5.06324125e+00  8.23e+00 1.77e+00  8.11e+01 *5.66e+01 1.53e-02  4.22e+01  1.57e-01 3.48e-03    137s
  78  -4.69662831e+01  5.12273113e+00  8.40e+00 1.77e+00  8.09e+01 *5.85e+01 1.53e-02  4.22e+01  1.55e-01 3.39e-03    139s
  79  -4.86806323e+01  5.18076374e+00  8.57e+00 1.76e+00  8.06e+01 *6.04e+01 1.53e-02  4.23e+01  1.53e-01 3.30e-03    141s
  80  -5.04027108e+01  5.23719230e+00  8.74e+00 1.76e+00  8.04e+01 *6.24e+01 1.53e-02  4.24e+01  1.51e-01 3.21e-03    142s
  81  -5.21356879e+01  5.29216158e+00  8.92e+00 1.75e+00  8.01e+01 *6.45e+01 1.53e-02  4.25e+01  1.49e-01 3.13e-03    144s
  82  -5.38776195e+01  5.34564591e+00  9.09e+00 1.75e+00  7.99e+01 *6.66e+01 1.53e-02  4.25e+01  1.47e-01 3.04e-03    146s
  83  -5.56282435e+01  5.39767731e+00  9.27e+00 1.74e+00  7.97e+01 *6.88e+01 1.53e-02  4.26e+01  1.45e-01 2.96e-03    147s
  84  -5.73879524e+01  5.44830711e+00  9.45e+00 1.74e+00  7.95e+01 *7.10e+01 1.53e-02  4.27e+01  1.42e-01 2.88e-03    149s
  85  -5.91544073e+01  5.49750857e+00  9.62e+00 1.73e+00  7.93e+01 *7.33e+01 1.53e-02  4.27e+01  1.40e-01 2.80e-03    151s
  86  -6.09294740e+01  5.54537602e+00  9.80e+00 1.73e+00  7.91e+01 *7.56e+01 1.53e-02  4.28e+01  1.37e-01 2.73e-03    153s
  87  -6.27114895e+01  5.59190425e+00  9.99e+00 1.72e+00  7.89e+01 *7.80e+01 1.53e-02  4.28e+01  1.34e-01 2.65e-03    155s
  88  -6.45005280e+01  5.63713670e+00  1.02e+01 1.72e+00  7.87e+01 *8.05e+01 1.53e-02  4.28e+01  1.32e-01 2.58e-03    157s
  89  -6.62966559e+01  5.68111531e+00  1.03e+01 1.71e+00  7.85e+01 *8.30e+01 1.53e-02  4.29e+01  1.30e-01 2.51e-03    159s
  90  -6.80981282e+01  5.72383783e+00  1.05e+01 1.71e+00  7.83e+01 *8.56e+01 1.53e-02  4.29e+01  1.27e-01 2.44e-03    161s
  91  -6.99067685e+01  5.76538808e+00  1.07e+01 1.70e+00  7.82e+01 *8.82e+01 1.53e-02  4.29e+01  1.25e-01 2.37e-03    162s
  92  -7.17189899e+01  5.80572291e+00  1.09e+01 1.70e+00  7.80e+01 *9.09e+01 1.53e-02  4.29e+01  1.23e-01 2.31e-03    164s
  93  -7.35365773e+01  5.84492389e+00  1.11e+01 1.70e+00  7.78e+01 *9.37e+01 1.53e-02  4.30e+01  1.21e-01 2.24e-03    166s
  94  -7.53595228e+01  5.88302878e+00  1.13e+01 1.69e+00  7.77e+01 *9.65e+01 1.53e-02  4.30e+01  1.18e-01 2.18e-03    168s
  95  -7.71859829e+01  5.92003693e+00  1.15e+01 1.69e+00  7.75e+01 *9.94e+01 1.53e-02  4.30e+01  1.16e-01 2.12e-03    169s
  96  -7.90177354e+01  5.95602211e+00  1.16e+01 1.69e+00  7.74e+01 *1.02e+02 1.53e-02  4.30e+01  1.14e-01 2.07e-03    170s
  97  -8.08529144e+01  5.99098302e+00  1.18e+01 1.68e+00  7.72e+01 *1.05e+02 1.53e-02  4.30e+01  1.13e-01 2.01e-03    171s
  98  -8.26914529e+01  6.02495466e+00  1.20e+01 1.68e+00  7.71e+01 *1.08e+02 1.53e-02  4.30e+01  1.11e-01 1.95e-03    173s
  99  -8.45332775e+01  6.05797069e+00  1.22e+01 1.68e+00  7.70e+01 *1.12e+02 1.53e-02  4.30e+01  1.09e-01 1.90e-03    174s
