
================= Linear optimization problem Information =================
Number of variables:     8
Number of constraints:   2

Norm of primal sol:      8.01e+01
Norm of dual sol:        1.00e+01
Norm of dual slacks:     5.00e+00

Norm of vector b:        1.00e+01
Norm of vector c:        1.86e+01

Norm of matrix A:        2.00e+00
Condition number:        3.20e+01
Seed:                    90

======================= Linear optimization problem =======================
coeff matrix A:          [[+0.796 -0.560 -0.173 +0.318 +0.088 +0.715 -0.451 +0.089]
                          [-0.874 +0.638 +0.183 -0.409 -0.099 -0.768 +0.471 -0.037]]

RHS vector b:            [+4.809 -8.768]
Obj vector c:            [-10.016 +7.962 +2.396 -4.748 -1.244 -9.952 +6.217 +3.906]

============================ Optimal solution =============================
Primal variables:        [+0.000 +8.865 +55.403 +50.849 +10.461 +15.050 +18.780 +0.000]
Dual slacks:             [+1.155 +0.000 +0.000 +0.000 +0.000 +0.000 +0.000 +4.865]
Dual variables:          [-8.785 +4.778]

Optimal objective:       -8.41344407e+01
===========================================================================

Method:             II-QIPM
LO_Precision:       1.00e-01
Stop_Precision:     1.00e-03
LO_Verbosity:       2
Omega:              1.00e+01
num_ancillae:       4

The Quantum Inexact Infeasible Interior-Point Method starts running ...


                  Objective                Residual                      Quantum                    Step-length
Iter      Primal           Dual         Primal    Dual     Compl    ||Resl||   Prob    Cond-Num   a-star   a-hat      Time
   0  -5.03779179e+01 -8.52507915e+01  2.23e+00 4.11e+00  1.37e+02 *2.20e+00 1.56e-02  1.02e+03  9.57e-01 8.84e-01      2s
   1  -6.93599661e+01 -8.86796771e+01  2.06e+00 1.07e+00  4.53e+01 *2.00e+00 1.53e-02  1.47e+03  8.64e-01 7.39e-01      4s
   2  -7.15168300e+01 -8.89921018e+01  2.07e+00 9.44e-01  4.04e+01 *2.15e+00 1.56e-02  1.70e+03  6.99e-01 1.21e-01      6s
   3  -7.34284432e+01 -8.92730742e+01  2.08e+00 8.35e-01  3.62e+01 *2.21e+00 1.56e-02  1.84e+03  7.00e-01 1.15e-01      8s
   4  -7.52325993e+01 -8.95408310e+01  2.11e+00 7.37e-01  3.23e+01 *2.27e+00 1.56e-02  2.00e+03  7.01e-01 1.17e-01     10s
   5  -7.69269846e+01 -8.97934275e+01  2.13e+00 6.49e-01  2.88e+01 *2.34e+00 1.56e-02  2.21e+03  7.02e-01 1.19e-01     12s
   6  -7.85043495e+01 -9.00280743e+01  2.17e+00 5.71e-01  2.57e+01 *2.42e+00 1.56e-02  2.46e+03  7.01e-01 1.20e-01     14s
   7  -7.99507596e+01 -9.02409998e+01  2.21e+00 5.03e-01  2.29e+01 *2.51e+00 1.56e-02  2.76e+03  6.97e-01 1.19e-01     16s
   8  -8.12517659e+01 -9.04285936e+01  2.26e+00 4.45e-01  2.05e+01 *2.61e+00 1.56e-02  3.10e+03  6.87e-01 1.16e-01     18s
   9  -8.23957729e+01 -9.05881974e+01  2.31e+00 3.96e-01  1.84e+01 *2.73e+00 1.56e-02  3.46e+03  6.34e-01 1.09e-01     20s
  10  -8.33798805e+01 -9.07192045e+01  2.36e+00 3.57e-01  1.68e+01 *2.87e+00 1.56e-02  3.81e+03  5.82e-01 9.91e-02     22s
  11  -8.42118000e+01 -9.08233638e+01  2.42e+00 3.26e-01  1.54e+01 *3.04e+00 1.56e-02  4.12e+03  5.33e-01 8.68e-02     24s
  12  -8.49130212e+01 -9.09048503e+01  2.48e+00 3.02e-01  1.44e+01 *3.23e+00 1.56e-02  4.37e+03  4.88e-01 7.42e-02     26s
  13  -8.55058139e+01 -9.09680920e+01  2.54e+00 2.83e-01  1.36e+01 *3.44e+00 1.56e-02  4.56e+03  4.48e-01 6.24e-02     28s
  14  -8.60135617e+01 -9.10174464e+01  2.60e+00 2.68e-01  1.29e+01 *3.68e+00 1.56e-02  4.69e+03  4.13e-01 5.22e-02     30s
  15  -8.64555387e+01 -9.10564113e+01  2.66e+00 2.56e-01  1.24e+01 *3.94e+00 1.56e-02  4.78e+03  3.83e-01 4.38e-02     32s
  16  -8.68466959e+01 -9.10876240e+01  2.72e+00 2.47e-01  1.20e+01 *4.22e+00 1.56e-02  4.84e+03  3.57e-01 3.70e-02     34s
  17  -8.71985343e+01 -9.11130308e+01  2.77e+00 2.39e-01  1.16e+01 *4.52e+00 1.56e-02  4.87e+03  3.35e-01 3.15e-02     36s
  18  -8.75189374e+01 -9.11339909e+01  2.83e+00 2.33e-01  1.13e+01 *4.83e+00 1.56e-02  4.90e+03  3.15e-01 2.71e-02     38s
  19  -8.78148445e+01 -9.11515637e+01  2.89e+00 2.27e-01  1.11e+01 *5.15e+00 1.56e-02  4.91e+03  2.98e-01 2.36e-02     40s
  20  -8.80904007e+01 -9.11664545e+01  2.94e+00 2.22e-01  1.09e+01 *5.49e+00 1.56e-02  4.92e+03  2.83e-01 2.06e-02     42s
  21  -8.83498194e+01 -9.11792477e+01  2.99e+00 2.18e-01  1.07e+01 *5.84e+00 1.56e-02  4.93e+03  2.70e-01 1.82e-02     44s
  22  -8.85954901e+01 -9.11903349e+01  3.04e+00 2.15e-01  1.05e+01 *6.21e+00 1.56e-02  4.93e+03  2.58e-01 1.62e-02     46s
  23  -8.88297982e+01 -9.12000408e+01  3.10e+00 2.12e-01  1.04e+01 *6.59e+00 1.56e-02  4.93e+03  2.47e-01 1.45e-02     47s
  24  -8.90545053e+01 -9.12086091e+01  3.15e+00 2.09e-01  1.03e+01 *6.97e+00 1.56e-02  4.93e+03  2.38e-01 1.31e-02     49s
  25  -8.92706675e+01 -9.12162175e+01  3.20e+00 2.07e-01  1.02e+01 *7.38e+00 1.56e-02  4.92e+03  2.29e-01 1.19e-02     51s
  26  -8.94797972e+01 -9.12230311e+01  3.25e+00 2.04e-01  1.01e+01 *7.79e+00 1.56e-02  4.92e+03  2.20e-01 1.08e-02     53s
  27  -8.96826239e+01 -9.12291639e+01  3.29e+00 2.02e-01  9.96e+00 *8.21e+00 1.56e-02  4.92e+03  2.13e-01 9.89e-03     54s
  28  -8.98797807e+01 -9.12347100e+01  3.34e+00 2.00e-01  9.88e+00 *8.64e+00 1.56e-02  4.91e+03  2.06e-01 9.08e-03     56s
  29  -9.00722100e+01 -9.12397584e+01  3.39e+00 1.99e-01  9.80e+00 *9.09e+00 1.56e-02  4.91e+03  2.00e-01 8.39e-03     58s
  30  -9.02602128e+01 -9.12443684e+01  3.44e+00 1.97e-01  9.73e+00 *9.54e+00 1.56e-02  4.90e+03  1.94e-01 7.76e-03     59s
  31  -9.04444212e+01 -9.12485995e+01  3.49e+00 1.96e-01  9.67e+00 *1.00e+01 1.56e-02  4.90e+03  1.88e-01 7.21e-03     61s
  32  -9.06250625e+01 -9.12524939e+01  3.53e+00 1.94e-01  9.61e+00 *1.05e+01 1.56e-02  4.90e+03  1.83e-01 6.72e-03     62s
  33  -9.08025184e+01 -9.12560915e+01  3.58e+00 1.93e-01  9.55e+00 *1.10e+01 1.56e-02  4.89e+03  1.78e-01 6.28e-03     64s
  34  -9.09771471e+01 -9.12594270e+01  3.63e+00 1.92e-01  9.50e+00 *1.15e+01 1.56e-02  4.89e+03  1.73e-01 5.88e-03     66s
  35  -9.11492878e+01 -9.12625301e+01  3.67e+00 1.91e-01  9.45e+00 *1.20e+01 1.56e-02  4.89e+03  1.69e-01 5.52e-03     68s
  36  -9.13189253e+01 -9.12654206e+01  3.72e+00 1.90e-01  9.41e+00 *1.25e+01 1.56e-02  4.88e+03  1.65e-01 5.19e-03     70s
  37  -9.14862059e+01 -9.12681193e+01  3.76e+00 1.89e-01  9.37e+00 *1.30e+01 1.56e-02  4.88e+03  1.61e-01 4.89e-03     72s
  38  -9.16515986e+01 -9.12706494e+01  3.81e+00 1.88e-01  9.33e+00 *1.36e+01 1.56e-02  4.88e+03  1.57e-01 4.62e-03     74s
  39  -9.18152351e+01 -9.12730263e+01  3.85e+00 1.87e-01  9.29e+00 *1.41e+01 1.56e-02  4.87e+03  1.54e-01 4.38e-03     76s
  40  -9.19769185e+01 -9.12752592e+01  3.90e+00 1.87e-01  9.25e+00 *1.47e+01 1.56e-02  4.87e+03  1.50e-01 4.15e-03     78s
  41  -9.21372529e+01 -9.12773673e+01  3.94e+00 1.86e-01  9.22e+00 *1.52e+01 1.56e-02  4.87e+03  1.47e-01 3.94e-03     80s
  42  -9.22958822e+01 -9.12793553e+01  3.99e+00 1.85e-01  9.19e+00 *1.58e+01 1.56e-02  4.87e+03  1.44e-01 3.74e-03     82s
  43  -9.24532387e+01 -9.12812372e+01  4.03e+00 1.85e-01  9.16e+00 *1.64e+01 1.56e-02  4.86e+03  1.41e-01 3.57e-03     84s
  44  -9.26091268e+01 -9.12830183e+01  4.08e+00 1.84e-01  9.13e+00 *1.70e+01 1.56e-02  4.86e+03  1.39e-01 3.40e-03     86s
  45  -9.27639699e+01 -9.12847102e+01  4.12e+00 1.83e-01  9.10e+00 *1.76e+01 1.56e-02  4.86e+03  1.36e-01 3.25e-03     88s
  46  -9.29175751e+01 -9.12863170e+01  4.16e+00 1.83e-01  9.08e+00 *1.82e+01 1.56e-02  4.86e+03  1.33e-01 3.10e-03     90s
  47  -9.30700545e+01 -9.12878455e+01  4.21e+00 1.82e-01  9.05e+00 *1.89e+01 1.56e-02  4.85e+03  1.31e-01 2.97e-03     92s
  48  -9.32216718e+01 -9.12893032e+01  4.25e+00 1.82e-01  9.03e+00 *1.95e+01 1.56e-02  4.85e+03  1.29e-01 2.84e-03     94s
  49  -9.33722379e+01 -9.12906929e+01  4.29e+00 1.81e-01  9.01e+00 *2.01e+01 1.56e-02  4.85e+03  1.26e-01 2.73e-03     96s
  50  -9.35218640e+01 -9.12920199e+01  4.34e+00 1.81e-01  8.98e+00 *2.08e+01 1.56e-02  4.85e+03  1.24e-01 2.62e-03     97s
  51  -9.36706611e+01 -9.12932888e+01  4.38e+00 1.80e-01  8.96e+00 *2.15e+01 1.56e-02  4.85e+03  1.22e-01 2.51e-03     99s
  52  -9.38185925e+01 -9.12945029e+01  4.42e+00 1.80e-01  8.94e+00 *2.21e+01 1.56e-02  4.84e+03  1.20e-01 2.42e-03    101s
  53  -9.39657692e+01 -9.12956662e+01  4.47e+00 1.79e-01  8.92e+00 *2.28e+01 1.56e-02  4.84e+03  1.18e-01 2.33e-03    103s
  54  -9.41123024e+01 -9.12967825e+01  4.51e+00 1.79e-01  8.91e+00 *2.35e+01 1.56e-02  4.84e+03  1.16e-01 2.24e-03    105s
  55  -9.42580126e+01 -9.12978531e+01  4.55e+00 1.79e-01  8.89e+00 *2.42e+01 1.56e-02  4.84e+03  1.15e-01 2.16e-03    107s
  56  -9.44031557e+01 -9.12988824e+01  4.59e+00 1.78e-01  8.87e+00 *2.49e+01 1.56e-02  4.84e+03  1.13e-01 2.08e-03    109s
  57  -9.45476995e+01 -9.12998723e+01  4.64e+00 1.78e-01  8.85e+00 *2.57e+01 1.56e-02  4.84e+03  1.11e-01 2.01e-03    111s
  58  -9.46914685e+01 -9.13008238e+01  4.68e+00 1.78e-01  8.84e+00 *2.64e+01 1.56e-02  4.83e+03  1.09e-01 1.94e-03    113s
  59  -9.48348602e+01 -9.13017414e+01  4.72e+00 1.77e-01  8.82e+00 *2.71e+01 1.56e-02  4.83e+03  1.08e-01 1.88e-03    115s
  60  -9.49775603e+01 -9.13026249e+01  4.76e+00 1.77e-01  8.81e+00 *2.79e+01 1.56e-02  4.83e+03  1.06e-01 1.81e-03    118s
  61  -9.51196803e+01 -9.13034768e+01  4.81e+00 1.77e-01  8.79e+00 *2.87e+01 1.56e-02  4.83e+03  1.05e-01 1.76e-03    120s
  62  -9.52613329e+01 -9.13042991e+01  4.85e+00 1.76e-01  8.78e+00 *2.94e+01 1.56e-02  4.83e+03  1.03e-01 1.70e-03    121s
  63  -9.54026316e+01 -9.13050941e+01  4.89e+00 1.76e-01  8.77e+00 *3.02e+01 1.56e-02  4.83e+03  1.02e-01 1.65e-03    123s
  64  -9.55432684e+01 -9.13058613e+01  4.93e+00 1.76e-01  8.76e+00 *3.10e+01 1.56e-02  4.83e+03  1.01e-01 1.60e-03    126s
  65  -9.56836363e+01 -9.13066041e+01  4.97e+00 1.75e-01  8.74e+00 *3.18e+01 1.56e-02  4.83e+03  9.94e-02 1.55e-03    128s
  66  -9.58234308e+01 -9.13073221e+01  5.01e+00 1.75e-01  8.73e+00 *3.26e+01 1.56e-02  4.82e+03  9.81e-02 1.50e-03    130s
  67  -9.59629046e+01 -9.13080177e+01  5.06e+00 1.75e-01  8.72e+00 *3.34e+01 1.56e-02  4.82e+03  9.68e-02 1.46e-03    133s
  68  -9.61018947e+01 -9.13086910e+01  5.10e+00 1.75e-01  8.71e+00 *3.43e+01 1.56e-02  4.82e+03  9.56e-02 1.42e-03    136s
  69  -9.62405152e+01 -9.13093437e+01  5.14e+00 1.74e-01  8.70e+00 *3.51e+01 1.56e-02  4.82e+03  9.44e-02 1.38e-03    138s
  70  -9.63787428e+01 -9.13099765e+01  5.18e+00 1.74e-01  8.69e+00 *3.60e+01 1.56e-02  4.82e+03  9.33e-02 1.34e-03    141s
  71  -9.65166925e+01 -9.13105907e+01  5.22e+00 1.74e-01  8.68e+00 *3.68e+01 1.56e-02  4.82e+03  9.21e-02 1.30e-03    143s
  72  -9.66542050e+01 -9.13111865e+01  5.26e+00 1.74e-01  8.67e+00 *3.77e+01 1.56e-02  4.82e+03  9.10e-02 1.27e-03    146s
  73  -9.67915327e+01 -9.13117657e+01  5.30e+00 1.74e-01  8.66e+00 *3.86e+01 1.56e-02  4.82e+03  9.00e-02 1.24e-03    148s
  74  -9.69283815e+01 -9.13123277e+01  5.34e+00 1.73e-01  8.65e+00 *3.94e+01 1.56e-02  4.82e+03  8.89e-02 1.20e-03    150s
  75  -9.70650030e+01 -9.13128744e+01  5.39e+00 1.73e-01  8.64e+00 *4.03e+01 1.56e-02  4.82e+03  8.79e-02 1.17e-03    152s
  76  -9.72012413e+01 -9.13134055e+01  5.43e+00 1.73e-01  8.63e+00 *4.12e+01 1.56e-02  4.82e+03  8.69e-02 1.14e-03    155s
  77  -9.73372123e+01 -9.13139223e+01  5.47e+00 1.73e-01  8.62e+00 *4.22e+01 1.56e-02  4.81e+03  8.60e-02 1.11e-03    157s
  78  -9.74728969e+01 -9.13144253e+01  5.51e+00 1.73e-01  8.61e+00 *4.31e+01 1.56e-02  4.81e+03  8.50e-02 1.09e-03    160s
  79  -9.76082766e+01 -9.13149148e+01  5.55e+00 1.72e-01  8.60e+00 *4.40e+01 1.56e-02  4.81e+03  8.41e-02 1.06e-03    162s
  80  -9.77434679e+01 -9.13153917e+01  5.59e+00 1.72e-01  8.59e+00 *4.50e+01 1.56e-02  4.81e+03  8.32e-02 1.03e-03    164s
  81  -9.78784538e+01 -9.13158566e+01  5.63e+00 1.72e-01  8.59e+00 *4.59e+01 1.56e-02  4.81e+03  8.23e-02 1.01e-03    166s
  82  -9.80130824e+01 -9.13163093e+01  5.67e+00 1.72e-01  8.58e+00 *4.69e+01 1.56e-02  4.81e+03  8.14e-02 9.85e-04    168s

The solution quality is limited by the precision of the linear system solver.

The II-IPM stopped after 83 iterations in 168.30 seconds.

Primal variables:   [+1.562 +147.123 +11.917 +5.417 +13.971 +129.720 +8.033 +0.466]
Dual slacks:        [+1.190 +0.004 +0.067 +0.176 +0.055 +0.004 +0.107 +4.757]
Dual variables:     [-6.326 +6.946]

Primal objective:   -9.80130824e+01
Dual objective:     -9.13163093e+01

Primal residual:    5.67e+00
Dual residual:      1.72e-01
Complementraty:     8.58e+00

Number of Iter:     83
Run time:           168.30
