
================= Linear optimization problem Information =================
Number of variables:     8
Number of constraints:   2

Norm of primal sol:      9.64e+00
Norm of dual sol:        1.00e+01
Norm of dual slacks:     5.00e+00

Norm of vector b:        1.00e+01
Norm of vector c:        1.46e+01

Norm of matrix A:        2.00e+00
Condition number:        1.60e+01
Seed:                    23

======================= Linear optimization problem =======================
coeff matrix A:          [[+0.070 -0.129 -0.084 +0.208 +0.141 -0.184 +0.022 -0.186]
                          [+0.193 +0.628 +0.700 -0.864 -0.700 +0.913 -0.148 +0.917]]

RHS vector b:            [-1.556 +9.878]
Obj vector c:            [-0.588 -4.783 -0.053 +6.837 +6.705 -6.934 +1.057 -6.977]

============================ Optimal solution =============================
Primal variables:        [+3.620 +6.627 +0.000 +1.976 +0.000 +4.802 +1.170 +2.746]
Dual slacks:             [+0.000 +0.000 +4.804 +0.000 +1.387 +0.000 +0.000 +0.000]
Dual variables:          [+8.015 -5.980]

Optimal objective:       -7.15423009e+01
===========================================================================

Method:             II-QIPM
LO_Precision:       1.00e-01
Stop_Precision:     1.00e-03
LO_Verbosity:       2
Omega:              1.00e+01
num_ancillae:       4

The Quantum Inexact Infeasible Interior-Point Method starts running ...


                  Objective                Residual                      Quantum                    Step-length
Iter      Primal           Dual         Primal    Dual     Compl    ||Resl||   Prob    Cond-Num   a-star   a-hat      Time
   0  -2.95056809e+01 -7.11515695e+01  1.72e+00 6.36e+00  2.06e+02  1.20e+00 1.56e-02  2.56e+02  9.10e-01 8.09e-01      2s
   1  -3.99998521e+01 -7.39674260e+01  1.17e+00 3.00e+00  1.10e+02  8.57e-01 1.55e-02  3.38e+02  9.53e-01 5.28e-01      4s
   2  -5.35325527e+01 -7.54116342e+01  7.30e-01 1.03e+00  4.67e+01  5.36e-01 1.55e-02  4.41e+02  9.05e-01 6.58e-01      6s
   3  -5.56123906e+01 -7.54662831e+01  6.35e-01 8.91e-01  4.13e+01  7.81e-03 1.56e-02  7.37e+02  7.34e-01 1.31e-01      8s
   4  -5.71853781e+01 -7.54981487e+01  5.58e-01 7.96e-01  3.73e+01  9.43e-02 1.56e-02  7.87e+02  6.97e-01 1.06e-01     10s
   5  -5.84718636e+01 -7.55174128e+01  4.90e-01 7.23e-01  3.42e+01  1.81e-01 1.55e-02  8.24e+02  6.63e-01 9.20e-02     12s
   6  -5.95352276e+01 -7.55279597e+01  4.30e-01 6.65e-01  3.18e+01  2.61e-01 1.51e-02  8.51e+02  6.32e-01 8.02e-02     13s
   7  -6.04046518e+01 -7.55325207e+01  3.76e-01 6.18e-01  2.98e+01  3.44e-01 1.20e-02  8.69e+02  6.03e-01 7.04e-02     15s
   8  -6.13414490e+01 -7.55300711e+01  3.33e-01 5.79e-01  2.81e+01 *4.98e-01 1.36e-03  8.80e+02  5.78e-01 6.28e-02     17s
   9  -6.20781356e+01 -7.55252556e+01  2.92e-01 5.47e-01  2.67e+01 *4.84e-01 1.17e-02  8.85e+02  5.52e-01 5.57e-02     19s
  10  -6.27124022e+01 -7.55179494e+01  2.55e-01 5.20e-01  2.55e+01 *5.40e-01 1.39e-02  8.86e+02  5.29e-01 4.98e-02     21s
  11  -6.32736752e+01 -7.55085741e+01  2.21e-01 4.96e-01  2.44e+01 *6.01e-01 1.46e-02  8.83e+02  5.08e-01 4.50e-02     23s
  12  -6.37765665e+01 -7.54975291e+01  1.91e-01 4.76e-01  2.35e+01 *6.62e-01 1.49e-02  8.78e+02  4.89e-01 4.08e-02     25s
  13  -6.42337364e+01 -7.54850801e+01  1.63e-01 4.58e-01  2.27e+01 *7.23e-01 1.51e-02  8.71e+02  4.71e-01 3.73e-02     26s
  14  -6.46522319e+01 -7.54714849e+01  1.40e-01 4.43e-01  2.20e+01 *7.83e-01 1.52e-02  8.63e+02  4.55e-01 3.42e-02     28s
  15  -6.50392318e+01 -7.54569009e+01  1.20e-01 4.29e-01  2.14e+01 *8.44e-01 1.52e-02  8.54e+02  4.41e-01 3.16e-02     30s
  16  -6.53997810e+01 -7.54414664e+01  1.06e-01 4.16e-01  2.08e+01 *9.06e-01 1.53e-02  8.45e+02  4.27e-01 2.93e-02     32s
  17  -6.57380299e+01 -7.54252875e+01  9.91e-02 4.05e-01  2.03e+01 *9.67e-01 1.53e-02  8.35e+02  4.15e-01 2.73e-02     33s
  18  -6.60571180e+01 -7.54084614e+01  9.91e-02 3.95e-01  1.98e+01 *1.03e+00 1.54e-02  8.26e+02  4.03e-01 2.55e-02     35s
  19  -6.63603027e+01 -7.53910327e+01  1.06e-01 3.85e-01  1.94e+01 *1.09e+00 1.54e-02  8.18e+02  3.93e-01 2.40e-02     37s
  20  -6.66497783e+01 -7.53730617e+01  1.17e-01 3.76e-01  1.90e+01 *1.15e+00 1.54e-02  8.10e+02  3.83e-01 2.26e-02     39s
  21  -6.69274364e+01 -7.53545973e+01  1.33e-01 3.68e-01  1.86e+01 *1.22e+00 1.54e-02  8.03e+02  3.74e-01 2.14e-02     41s
  22  -6.71946538e+01 -7.53356973e+01  1.50e-01 3.61e-01  1.83e+01 *1.28e+00 1.54e-02  7.97e+02  3.66e-01 2.03e-02     42s
  23  -6.74534083e+01 -7.53163557e+01  1.69e-01 3.54e-01  1.80e+01 *1.35e+00 1.55e-02  7.92e+02  3.58e-01 1.94e-02     44s
  24  -6.77049564e+01 -7.52965943e+01  1.89e-01 3.47e-01  1.77e+01 *1.41e+00 1.55e-02  7.88e+02  3.51e-01 1.86e-02     47s
  25  -6.79499317e+01 -7.52764696e+01  2.09e-01 3.41e-01  1.74e+01 *1.48e+00 1.55e-02  7.85e+02  3.45e-01 1.78e-02     48s
  26  -6.81893719e+01 -7.52559954e+01  2.30e-01 3.35e-01  1.71e+01 *1.55e+00 1.55e-02  7.84e+02  3.38e-01 1.71e-02     51s
  27  -6.84244533e+01 -7.52351601e+01  2.51e-01 3.30e-01  1.69e+01 *1.61e+00 1.55e-02  7.83e+02  3.33e-01 1.65e-02     53s
  28  -6.86555695e+01 -7.52140095e+01  2.73e-01 3.24e-01  1.66e+01 *1.68e+00 1.55e-02  7.84e+02  3.28e-01 1.59e-02     55s
  29  -6.88832993e+01 -7.51925676e+01  2.94e-01 3.19e-01  1.64e+01 *1.75e+00 1.55e-02  7.85e+02  3.23e-01 1.54e-02     57s
  30  -6.91086258e+01 -7.51708131e+01  3.16e-01 3.15e-01  1.62e+01 *1.82e+00 1.55e-02  7.88e+02  3.18e-01 1.50e-02     59s
  31  -6.93318134e+01 -7.51487858e+01  3.39e-01 3.10e-01  1.59e+01 *1.89e+00 1.55e-02  7.92e+02  3.14e-01 1.46e-02     61s
  32  -6.95533229e+01 -7.51265036e+01  3.61e-01 3.06e-01  1.57e+01 *1.97e+00 1.55e-02  7.97e+02  3.10e-01 1.42e-02     63s
  33  -6.97738105e+01 -7.51039602e+01  3.84e-01 3.01e-01  1.55e+01 *2.04e+00 1.55e-02  8.03e+02  3.06e-01 1.38e-02     65s
  34  -6.99932524e+01 -7.50812152e+01  4.06e-01 2.97e-01  1.54e+01 *2.12e+00 1.55e-02  8.11e+02  3.03e-01 1.35e-02     67s
  35  -7.02122669e+01 -7.50582604e+01  4.30e-01 2.93e-01  1.52e+01 *2.19e+00 1.56e-02  8.19e+02  2.99e-01 1.32e-02     69s
  36  -7.04312412e+01 -7.50351085e+01  4.53e-01 2.90e-01  1.50e+01 *2.27e+00 1.56e-02  8.28e+02  2.96e-01 1.29e-02     71s
  37  -7.06501160e+01 -7.50118178e+01  4.77e-01 2.86e-01  1.48e+01 *2.35e+00 1.56e-02  8.39e+02  2.93e-01 1.27e-02     73s
  38  -7.08696973e+01 -7.49883533e+01  5.01e-01 2.82e-01  1.46e+01 *2.44e+00 1.56e-02  8.50e+02  2.90e-01 1.24e-02     75s
  39  -7.10896948e+01 -7.49647955e+01  5.25e-01 2.79e-01  1.45e+01 *2.52e+00 1.56e-02  8.62e+02  2.87e-01 1.22e-02     77s
  40  -7.13106866e+01 -7.49411310e+01  5.50e-01 2.76e-01  1.43e+01 *2.61e+00 1.56e-02  8.75e+02  2.85e-01 1.20e-02     79s
  41  -7.15328127e+01 -7.49173922e+01  5.75e-01 2.72e-01  1.42e+01 *2.70e+00 1.56e-02  8.90e+02  2.82e-01 1.18e-02     81s
  42  -7.17562093e+01 -7.48936112e+01  6.00e-01 2.69e-01  1.40e+01 *2.79e+00 1.56e-02  9.04e+02  2.79e-01 1.16e-02     83s
  43  -7.19812347e+01 -7.48697954e+01  6.26e-01 2.66e-01  1.39e+01 *2.89e+00 1.56e-02  9.20e+02  2.77e-01 1.14e-02     85s
  44  -7.22077997e+01 -7.48459989e+01  6.52e-01 2.63e-01  1.37e+01 *2.98e+00 1.56e-02  9.37e+02  2.74e-01 1.12e-02     87s
  45  -7.24362621e+01 -7.48222273e+01  6.79e-01 2.60e-01  1.36e+01 *3.09e+00 1.56e-02  9.54e+02  2.72e-01 1.10e-02     88s
  46  -7.26665269e+01 -7.47985328e+01  7.06e-01 2.58e-01  1.35e+01 *3.19e+00 1.56e-02  9.72e+02  2.70e-01 1.08e-02     90s
  47  -7.28989537e+01 -7.47749190e+01  7.34e-01 2.55e-01  1.33e+01 *3.30e+00 1.56e-02  9.90e+02  2.67e-01 1.07e-02     92s
  48  -7.31339123e+01 -7.47513886e+01  7.62e-01 2.52e-01  1.32e+01 *3.42e+00 1.56e-02  1.01e+03  2.65e-01 1.05e-02     94s
  49  -7.33708350e+01 -7.47280367e+01  7.90e-01 2.50e-01  1.31e+01 *3.53e+00 1.56e-02  1.03e+03  2.62e-01 1.03e-02     96s
  50  -7.36105584e+01 -7.47048166e+01  8.19e-01 2.47e-01  1.30e+01 *3.66e+00 1.56e-02  1.05e+03  2.60e-01 1.02e-02     98s
  51  -7.38527437e+01 -7.46817971e+01  8.49e-01 2.45e-01  1.28e+01 *3.78e+00 1.56e-02  1.07e+03  2.57e-01 9.97e-03    100s
  52  -7.40975183e+01 -7.46589985e+01  8.79e-01 2.42e-01  1.27e+01 *3.92e+00 1.56e-02  1.09e+03  2.55e-01 9.80e-03    102s
  53  -7.43452574e+01 -7.46364169e+01  9.09e-01 2.40e-01  1.26e+01 *4.05e+00 1.56e-02  1.11e+03  2.52e-01 9.64e-03    104s
  54  -7.45958487e+01 -7.46140927e+01  9.40e-01 2.38e-01  1.25e+01 *4.20e+00 1.56e-02  1.13e+03  2.50e-01 9.46e-03    106s
  55  -7.48491672e+01 -7.45920636e+01  9.72e-01 2.35e-01  1.24e+01 *4.35e+00 1.56e-02  1.15e+03  2.47e-01 9.28e-03    109s
  56  -7.51055868e+01 -7.45703216e+01  1.00e+00 2.33e-01  1.23e+01 *4.50e+00 1.56e-02  1.18e+03  2.45e-01 9.12e-03    111s
  57  -7.53652360e+01 -7.45488796e+01  1.04e+00 2.31e-01  1.22e+01 *4.67e+00 1.56e-02  1.20e+03  2.42e-01 8.95e-03    113s
  58  -7.56279804e+01 -7.45277700e+01  1.07e+00 2.29e-01  1.21e+01 *4.83e+00 1.56e-02  1.22e+03  2.40e-01 8.77e-03    115s
  59  -7.58939363e+01 -7.45070022e+01  1.10e+00 2.27e-01  1.20e+01 *5.01e+00 1.56e-02  1.24e+03  2.37e-01 8.60e-03    117s
  60  -7.61629504e+01 -7.44866044e+01  1.14e+00 2.25e-01  1.19e+01 *5.19e+00 1.56e-02  1.27e+03  2.34e-01 8.42e-03    119s
  61  -7.64356700e+01 -7.44665424e+01  1.17e+00 2.23e-01  1.18e+01 *5.38e+00 1.56e-02  1.29e+03  2.32e-01 8.25e-03    121s
  62  -7.67113933e+01 -7.44468814e+01  1.21e+00 2.22e-01  1.17e+01 *5.58e+00 1.56e-02  1.31e+03  2.29e-01 8.07e-03    123s
  63  -7.69907657e+01 -7.44275852e+01  1.24e+00 2.20e-01  1.16e+01 *5.79e+00 1.56e-02  1.33e+03  2.26e-01 7.90e-03    125s
  64  -7.72733324e+01 -7.44086949e+01  1.28e+00 2.18e-01  1.15e+01 *6.00e+00 1.56e-02  1.35e+03  2.24e-01 7.72e-03    127s
  65  -7.75594620e+01 -7.43901922e+01  1.32e+00 2.16e-01  1.15e+01 *6.23e+00 1.56e-02  1.38e+03  2.21e-01 7.55e-03    129s
  66  -7.78489582e+01 -7.43720954e+01  1.36e+00 2.15e-01  1.14e+01 *6.46e+00 1.56e-02  1.40e+03  2.18e-01 7.38e-03    131s
