
================= Linear optimization problem Information =================
Number of variables:     8
Number of constraints:   2

Norm of primal sol:      1.65e+01
Norm of dual sol:        1.00e+01
Norm of dual slacks:     5.00e+00

Norm of vector b:        1.00e+01
Norm of vector c:        1.14e+01

Norm of matrix A:        2.00e+00
Condition number:        1.60e+01
Seed:                    15

======================= Linear optimization problem =======================
coeff matrix A:          [[-0.462 -0.554 -1.006 -0.532 -0.474 +1.030 -0.232 +0.546]
                          [+0.157 +0.198 +0.452 +0.102 +0.159 -0.442 +0.090 -0.237]]

RHS vector b:            [-9.491 +3.149]
Obj vector c:            [+3.030 +3.588 +6.008 +6.736 +3.119 -2.137 +1.462 -3.311]

============================ Optimal solution =============================
Primal variables:        [+13.872 +2.924 +0.888 +0.000 +4.501 +0.000 +4.999 +4.976]
Dual slacks:             [+0.000 +0.000 +0.000 +2.818 +0.000 +4.131 +0.000 +0.000]
Dual variables:          [-8.407 -5.415]

Optimal objective:       +6.27363314e+01
===========================================================================

Method:             II-QIPM
LO_Precision:       1.00e-01
Stop_Precision:     1.00e-03
LO_Verbosity:       2
Omega:              1.00e+01
num_ancillae:       4

The Quantum Inexact Infeasible Interior-Point Method starts running ...


                  Objective                Residual                      Quantum                    Step-length
Iter      Primal           Dual         Primal    Dual     Compl    ||Resl||   Prob    Cond-Num   a-star   a-hat      Time
   0   1.43091648e+02  1.98271305e+01  2.25e+00 6.46e+00  2.87e+02 *8.29e-01 1.56e-02  2.56e+02  8.56e-01 7.27e-01      3s
   1   1.36307546e+02  2.26852528e+01  2.01e+00 5.70e+00  2.57e+02 *4.03e-01 1.56e-02  4.87e+02  6.89e-01 1.18e-01      5s
   2   1.30634937e+02  2.50478648e+01  1.82e+00 5.12e+00  2.33e+02 *3.64e-01 1.56e-02  5.16e+02  6.88e-01 1.01e-01      7s
   3   1.24940793e+02  2.74303774e+01  1.64e+00 4.58e+00  2.11e+02 *3.35e-01 1.56e-02  5.45e+02  6.94e-01 1.06e-01      9s
   4   1.19121801e+02  2.99034343e+01  1.47e+00 4.06e+00  1.90e+02 *3.07e-01 1.56e-02  5.82e+02  7.08e-01 1.13e-01     10s
   5   1.13013485e+02  3.25648654e+01  1.30e+00 3.54e+00  1.68e+02 *2.78e-01 1.56e-02  6.30e+02  7.31e-01 1.27e-01     12s
   6   1.06392539e+02  3.55435878e+01  1.13e+00 3.01e+00  1.45e+02 *2.44e-01 1.56e-02  6.95e+02  7.66e-01 1.51e-01     13s
   7   9.89287009e+01  3.90239242e+01  9.30e-01 2.43e+00  1.20e+02 *1.99e-01 1.56e-02  7.88e+02  8.17e-01 1.93e-01     15s
   8   9.00043739e+01  4.33208438e+01  6.96e-01 1.76e+00  9.02e+01 *1.34e-01 1.56e-02  9.30e+02  8.89e-01 2.75e-01     18s
   9   7.82817655e+01  4.89974884e+01  3.77e-01 9.34e-01  5.22e+01 *2.47e-02 1.56e-02  1.17e+03  9.26e-01 4.69e-01     20s
  10   6.69916173e+01  5.37303108e+01  1.22e-01 2.77e-01  1.98e+01 *2.21e-01 1.56e-02  1.69e+03  8.27e-01 7.04e-01     22s
  11   6.64471551e+01  5.38048761e+01  1.49e-01 2.63e-01  1.89e+01 *8.48e-01 1.56e-02  3.34e+03  5.31e-01 5.05e-02     24s
  12   6.59365280e+01  5.38696619e+01  1.79e-01 2.50e-01  1.81e+01 *8.99e-01 1.56e-02  3.67e+03  5.20e-01 4.78e-02     25s
  13   6.54556556e+01  5.39262553e+01  2.10e-01 2.39e-01  1.73e+01 *9.49e-01 1.56e-02  4.04e+03  5.09e-01 4.54e-02     27s
  14   6.50019285e+01  5.39758485e+01  2.42e-01 2.29e-01  1.67e+01 *9.98e-01 1.56e-02  4.44e+03  4.97e-01 4.30e-02     29s
  15   6.45730127e+01  5.40194437e+01  2.73e-01 2.19e-01  1.60e+01 *1.05e+00 1.56e-02  4.88e+03  4.86e-01 4.07e-02     31s
  16   6.41672019e+01  5.40578474e+01  3.04e-01 2.11e-01  1.55e+01 *1.10e+00 1.56e-02  5.35e+03  4.74e-01 3.85e-02     33s
  17   6.37828998e+01  5.40917516e+01  3.34e-01 2.03e-01  1.50e+01 *1.15e+00 1.56e-02  5.86e+03  4.63e-01 3.63e-02     35s
  18   6.34189691e+01  5.41217202e+01  3.63e-01 1.96e-01  1.45e+01 *1.20e+00 1.56e-02  6.39e+03  4.51e-01 3.42e-02     37s
  19   6.30739524e+01  5.41482721e+01  3.91e-01 1.90e-01  1.41e+01 *1.26e+00 1.56e-02  6.95e+03  4.39e-01 3.21e-02     40s
  20   6.27461559e+01  5.41718755e+01  4.18e-01 1.84e-01  1.37e+01 *1.31e+00 1.56e-02  7.53e+03  4.27e-01 3.01e-02     42s
  21   6.24346527e+01  5.41928840e+01  4.45e-01 1.79e-01  1.34e+01 *1.37e+00 1.56e-02  8.12e+03  4.15e-01 2.82e-02     44s
  22   6.21379599e+01  5.42116445e+01  4.71e-01 1.74e-01  1.30e+01 *1.43e+00 1.56e-02  8.72e+03  4.03e-01 2.64e-02     46s
  23   6.18550148e+01  5.42284339e+01  4.96e-01 1.70e-01  1.27e+01 *1.50e+00 1.56e-02  9.32e+03  3.91e-01 2.46e-02     48s
  24   6.15845725e+01  5.42435060e+01  5.20e-01 1.66e-01  1.25e+01 *1.56e+00 1.56e-02  9.91e+03  3.80e-01 2.30e-02     50s
  25   6.13257720e+01  5.42570635e+01  5.44e-01 1.63e-01  1.22e+01 *1.63e+00 1.56e-02  1.05e+04  3.68e-01 2.14e-02     52s
  26   6.10775879e+01  5.42692940e+01  5.67e-01 1.59e-01  1.20e+01 *1.71e+00 1.56e-02  1.11e+04  3.57e-01 1.99e-02     54s
  27   6.08386281e+01  5.42803802e+01  5.89e-01 1.56e-01  1.18e+01 *1.78e+00 1.56e-02  1.16e+04  3.46e-01 1.86e-02     56s
  28   6.06085755e+01  5.42904345e+01  6.11e-01 1.54e-01  1.16e+01 *1.86e+00 1.56e-02  1.22e+04  3.36e-01 1.74e-02     58s
  29   6.03864863e+01  5.42995852e+01  6.32e-01 1.51e-01  1.14e+01 *1.94e+00 1.56e-02  1.27e+04  3.26e-01 1.62e-02     60s
  30   6.01715229e+01  5.43079414e+01  6.53e-01 1.49e-01  1.13e+01 *2.03e+00 1.56e-02  1.32e+04  3.16e-01 1.51e-02     62s
  31   5.99629399e+01  5.43155963e+01  6.74e-01 1.47e-01  1.11e+01 *2.12e+00 1.56e-02  1.36e+04  3.07e-01 1.41e-02     64s
  32   5.97602759e+01  5.43226232e+01  6.94e-01 1.45e-01  1.10e+01 *2.21e+00 1.56e-02  1.41e+04  2.98e-01 1.32e-02     66s
  33   5.95633227e+01  5.43290797e+01  7.14e-01 1.43e-01  1.09e+01 *2.31e+00 1.56e-02  1.45e+04  2.90e-01 1.24e-02     68s
  34   5.93709486e+01  5.43350471e+01  7.34e-01 1.41e-01  1.08e+01 *2.41e+00 1.56e-02  1.49e+04  2.81e-01 1.16e-02     70s
  35   5.91832414e+01  5.43405606e+01  7.53e-01 1.40e-01  1.07e+01 *2.51e+00 1.56e-02  1.52e+04  2.74e-01 1.09e-02     72s
  36   5.89996302e+01  5.43456715e+01  7.72e-01 1.38e-01  1.06e+01 *2.62e+00 1.56e-02  1.56e+04  2.66e-01 1.02e-02     74s
  37   5.88196590e+01  5.43504228e+01  7.91e-01 1.37e-01  1.05e+01 *2.73e+00 1.56e-02  1.59e+04  2.58e-01 9.64e-03     77s
  38   5.86432617e+01  5.43548429e+01  8.09e-01 1.36e-01  1.04e+01 *2.84e+00 1.56e-02  1.62e+04  2.50e-01 9.07e-03     79s
  39   5.84698780e+01  5.43589701e+01  8.28e-01 1.35e-01  1.03e+01 *2.96e+00 1.56e-02  1.65e+04  2.43e-01 8.56e-03     80s
  40   5.82993320e+01  5.43628294e+01  8.46e-01 1.34e-01  1.02e+01 *3.08e+00 1.56e-02  1.68e+04  2.36e-01 8.09e-03     82s
  41   5.81314729e+01  5.43664435e+01  8.64e-01 1.33e-01  1.02e+01 *3.20e+00 1.56e-02  1.70e+04  2.30e-01 7.65e-03     83s
  42   5.79661715e+01  5.43698323e+01  8.82e-01 1.32e-01  1.01e+01 *3.33e+00 1.56e-02  1.72e+04  2.24e-01 7.23e-03     85s
  43   5.78029914e+01  5.43730204e+01  9.00e-01 1.31e-01  1.00e+01 *3.47e+00 1.56e-02  1.75e+04  2.18e-01 6.86e-03     87s
  44   5.76420045e+01  5.43760200e+01  9.17e-01 1.30e-01  9.96e+00 *3.60e+00 1.56e-02  1.77e+04  2.13e-01 6.50e-03     89s
  45   5.74829746e+01  5.43788482e+01  9.34e-01 1.29e-01  9.91e+00 *3.74e+00 1.56e-02  1.79e+04  2.07e-01 6.17e-03     91s
  46   5.73256814e+01  5.43815202e+01  9.52e-01 1.28e-01  9.85e+00 *3.88e+00 1.56e-02  1.80e+04  2.02e-01 5.87e-03     93s
  47   5.71699178e+01  5.43840496e+01  9.69e-01 1.28e-01  9.80e+00 *4.03e+00 1.56e-02  1.82e+04  1.98e-01 5.59e-03     95s
  48   5.70157969e+01  5.43864437e+01  9.86e-01 1.27e-01  9.75e+00 *4.18e+00 1.56e-02  1.84e+04  1.93e-01 5.32e-03     97s
  49   5.68632847e+01  5.43887117e+01  1.00e+00 1.26e-01  9.71e+00 *4.33e+00 1.56e-02  1.85e+04  1.89e-01 5.07e-03     98s
  50   5.67119007e+01  5.43908686e+01  1.02e+00 1.26e-01  9.67e+00 *4.49e+00 1.56e-02  1.87e+04  1.85e-01 4.85e-03    100s
  51   5.65617753e+01  5.43929192e+01  1.04e+00 1.25e-01  9.63e+00 *4.65e+00 1.56e-02  1.88e+04  1.81e-01 4.63e-03    102s
  52   5.64128942e+01  5.43948702e+01  1.05e+00 1.24e-01  9.59e+00 *4.82e+00 1.56e-02  1.89e+04  1.77e-01 4.42e-03    104s
  53   5.62650997e+01  5.43967295e+01  1.07e+00 1.24e-01  9.55e+00 *4.98e+00 1.56e-02  1.90e+04  1.73e-01 4.23e-03    106s
  54   5.61183863e+01  5.43985026e+01  1.09e+00 1.23e-01  9.51e+00 *5.16e+00 1.56e-02  1.91e+04  1.70e-01 4.05e-03    109s
  55   5.59726062e+01  5.44001963e+01  1.10e+00 1.23e-01  9.48e+00 *5.33e+00 1.56e-02  1.92e+04  1.66e-01 3.89e-03    111s
  56   5.58277600e+01  5.44018150e+01  1.12e+00 1.23e-01  9.45e+00 *5.51e+00 1.56e-02  1.93e+04  1.63e-01 3.73e-03    113s
  57   5.56838514e+01  5.44033630e+01  1.14e+00 1.22e-01  9.42e+00 *5.69e+00 1.56e-02  1.94e+04  1.60e-01 3.58e-03    115s
  58   5.55406000e+01  5.44048471e+01  1.15e+00 1.22e-01  9.39e+00 *5.88e+00 1.56e-02  1.95e+04  1.57e-01 3.44e-03    117s
  59   5.53981554e+01  5.44062692e+01  1.17e+00 1.21e-01  9.36e+00 *6.07e+00 1.56e-02  1.96e+04  1.54e-01 3.31e-03    119s
  60   5.52563853e+01  5.44076340e+01  1.18e+00 1.21e-01  9.33e+00 *6.26e+00 1.56e-02  1.97e+04  1.51e-01 3.19e-03    122s
  61   5.51154412e+01  5.44089430e+01  1.20e+00 1.20e-01  9.31e+00 *6.46e+00 1.56e-02  1.97e+04  1.49e-01 3.06e-03    124s
  62   5.49750551e+01  5.44102016e+01  1.22e+00 1.20e-01  9.28e+00 *6.66e+00 1.56e-02  1.98e+04  1.46e-01 2.95e-03    126s
  63   5.48352393e+01  5.44114123e+01  1.23e+00 1.20e-01  9.26e+00 *6.86e+00 1.56e-02  1.99e+04  1.44e-01 2.85e-03    128s
  64   5.46961468e+01  5.44125761e+01  1.25e+00 1.19e-01  9.23e+00 *7.07e+00 1.56e-02  1.99e+04  1.41e-01 2.75e-03    130s
  65   5.45575154e+01  5.44136977e+01  1.26e+00 1.19e-01  9.21e+00 *7.28e+00 1.56e-02  2.00e+04  1.39e-01 2.65e-03    132s
  66   5.44193598e+01  5.44147789e+01  1.28e+00 1.19e-01  9.19e+00 *7.49e+00 1.56e-02  2.00e+04  1.37e-01 2.56e-03    134s
  67   5.42818327e+01  5.44158205e+01  1.30e+00 1.19e-01  9.17e+00 *7.71e+00 1.56e-02  2.01e+04  1.35e-01 2.47e-03    136s
  68   5.41446768e+01  5.44168264e+01  1.31e+00 1.18e-01  9.15e+00 *7.93e+00 1.56e-02  2.02e+04  1.32e-01 2.39e-03    138s
  69   5.40079074e+01  5.44177980e+01  1.33e+00 1.18e-01  9.13e+00 *8.15e+00 1.56e-02  2.02e+04  1.30e-01 2.32e-03    140s
  70   5.38716770e+01  5.44187360e+01  1.34e+00 1.18e-01  9.11e+00 *8.38e+00 1.56e-02  2.02e+04  1.28e-01 2.24e-03    141s
  71   5.37358671e+01  5.44196426e+01  1.36e+00 1.17e-01  9.09e+00 *8.61e+00 1.56e-02  2.03e+04  1.26e-01 2.17e-03    143s
  72   5.36004944e+01  5.44205192e+01  1.38e+00 1.17e-01  9.07e+00 *8.85e+00 1.56e-02  2.03e+04  1.25e-01 2.10e-03    145s
  73   5.34654412e+01  5.44213678e+01  1.39e+00 1.17e-01  9.06e+00 *9.09e+00 1.56e-02  2.04e+04  1.23e-01 2.04e-03    147s
  74   5.33307238e+01  5.44221896e+01  1.41e+00 1.17e-01  9.04e+00 *9.33e+00 1.56e-02  2.04e+04  1.21e-01 1.98e-03    149s
  75   5.31963587e+01  5.44229857e+01  1.42e+00 1.17e-01  9.02e+00 *9.58e+00 1.56e-02  2.04e+04  1.19e-01 1.92e-03    151s
  76   5.30623630e+01  5.44237570e+01  1.44e+00 1.16e-01  9.01e+00 *9.82e+00 1.56e-02  2.05e+04  1.18e-01 1.86e-03    153s
  77   5.29287536e+01  5.44245045e+01  1.45e+00 1.16e-01  8.99e+00 *1.01e+01 1.56e-02  2.05e+04  1.16e-01 1.81e-03    155s
  78   5.27952809e+01  5.44252307e+01  1.47e+00 1.16e-01  8.98e+00 *1.03e+01 1.56e-02  2.06e+04  1.14e-01 1.76e-03    156s
  79   5.26622263e+01  5.44259347e+01  1.49e+00 1.16e-01  8.97e+00 *1.06e+01 1.56e-02  2.06e+04  1.13e-01 1.71e-03    159s
  80   5.25294744e+01  5.44266182e+01  1.50e+00 1.16e-01  8.95e+00 *1.09e+01 1.56e-02  2.06e+04  1.11e-01 1.66e-03    161s
  81   5.23969090e+01  5.44272825e+01  1.52e+00 1.15e-01  8.94e+00 *1.11e+01 1.56e-02  2.06e+04  1.10e-01 1.61e-03    163s
  82   5.22645454e+01  5.44279284e+01  1.53e+00 1.15e-01  8.93e+00 *1.14e+01 1.56e-02  2.07e+04  1.09e-01 1.57e-03    165s
  83   5.21325313e+01  5.44285559e+01  1.55e+00 1.15e-01  8.91e+00 *1.17e+01 1.56e-02  2.07e+04  1.07e-01 1.53e-03    167s
  84   5.20007514e+01  5.44291661e+01  1.56e+00 1.15e-01  8.90e+00 *1.19e+01 1.56e-02  2.07e+04  1.06e-01 1.49e-03    170s
  85   5.18692212e+01  5.44297598e+01  1.58e+00 1.15e-01  8.89e+00 *1.22e+01 1.56e-02  2.07e+04  1.05e-01 1.45e-03    172s
  86   5.17378247e+01  5.44303380e+01  1.59e+00 1.14e-01  8.88e+00 *1.25e+01 1.56e-02  2.08e+04  1.03e-01 1.41e-03    174s
  87   5.16067077e+01  5.44309007e+01  1.61e+00 1.14e-01  8.87e+00 *1.28e+01 1.56e-02  2.08e+04  1.02e-01 1.38e-03    176s
  88   5.14758856e+01  5.44314484e+01  1.62e+00 1.14e-01  8.86e+00 *1.31e+01 1.56e-02  2.08e+04  1.01e-01 1.34e-03    178s
  89   5.13451123e+01  5.44319826e+01  1.64e+00 1.14e-01  8.85e+00 *1.34e+01 1.56e-02  2.08e+04  9.96e-02 1.31e-03    180s
  90   5.12146624e+01  5.44325028e+01  1.66e+00 1.14e-01  8.84e+00 *1.37e+01 1.56e-02  2.08e+04  9.84e-02 1.28e-03    182s
  91   5.10842905e+01  5.44330104e+01  1.67e+00 1.14e-01  8.83e+00 *1.40e+01 1.56e-02  2.09e+04  9.73e-02 1.25e-03    184s
  92   5.09541401e+01  5.44335052e+01  1.69e+00 1.14e-01  8.82e+00 *1.43e+01 1.56e-02  2.09e+04  9.62e-02 1.22e-03    187s
  93   5.08242254e+01  5.44339878e+01  1.70e+00 1.13e-01  8.81e+00 *1.46e+01 1.56e-02  2.09e+04  9.51e-02 1.19e-03    188s
