
================= Linear optimization problem Information =================
Number of variables:     8
Number of constraints:   2

Norm of primal sol:      4.94e+01
Norm of dual sol:        1.00e+01
Norm of dual slacks:     5.00e+00

Norm of vector b:        1.00e+01
Norm of vector c:        1.32e+01

Norm of matrix A:        2.00e+00
Condition number:        3.20e+01
Seed:                    29

======================= Linear optimization problem =======================
coeff matrix A:          [[-0.804 -0.938 -0.954 +1.048 -0.339 +0.249 -0.416 +0.097]
                          [+0.152 +0.138 +0.171 -0.175 +0.042 -0.023 +0.042 -0.060]]

RHS vector b:            [-9.997 +0.243]
Obj vector c:            [-5.074 -3.848 -6.079 +6.762 -2.286 +6.152 -2.865 +0.341]

============================ Optimal solution =============================
Primal variables:        [+25.572 +0.000 +2.169 +22.596 +13.403 +0.000 +21.512 +25.132]
Dual slacks:             [+0.000 +2.325 +0.000 +0.000 +0.000 +4.426 +0.000 +0.000]
Dual variables:          [+7.547 +6.561]

Optimal objective:       -7.38567466e+01
===========================================================================

Method:             II-QIPM
LO_Precision:       1.00e-01
Stop_Precision:     1.00e-03
LO_Verbosity:       2
Omega:              1.00e+01
num_ancillae:       4

The Quantum Inexact Infeasible Interior-Point Method starts running ...


                  Objective                Residual                      Quantum                    Step-length
Iter      Primal           Dual         Primal    Dual     Compl    ||Resl||   Prob    Cond-Num   a-star   a-hat      Time
   0  -3.96211669e+01 -5.82688131e+01  4.08e+00 1.23e+01  3.42e+02  7.40e-01 1.56e-02  1.02e+03  7.60e-01 6.31e-01      2s
   1  -4.09683978e+01 -6.03702508e+01  2.88e+00 8.58e+00  2.47e+02  5.63e-01 1.56e-02  1.28e+03  8.75e-01 3.03e-01      4s
   2  -4.61960914e+01 -6.18756460e+01  1.49e+00 4.26e+00  1.32e+02  4.69e-01 1.56e-02  1.32e+03  8.66e-01 5.04e-01      6s
   3  -5.49654446e+01 -6.22187985e+01  7.18e-01 1.92e+00  6.29e+01  1.86e-01 1.56e-02  1.18e+03  7.35e-01 5.49e-01      7s
   4  -5.57451642e+01 -6.22308469e+01  6.67e-01 1.85e+00  6.08e+01 *1.10e+00 1.38e-02  5.77e+02  4.11e-01 3.60e-02      9s
   5  -5.62821348e+01 -6.22385504e+01  6.30e-01 1.81e+00  5.95e+01 *1.36e+00 1.29e-02  5.23e+02  3.89e-01 2.40e-02     11s
   6  -5.67797565e+01 -6.22453206e+01  5.95e-01 1.77e+00  5.83e+01 *1.58e+00 1.20e-02  4.87e+02  3.74e-01 2.18e-02     13s
   7  -5.72406696e+01 -6.22512973e+01  5.61e-01 1.73e+00  5.73e+01 *1.80e+00 1.09e-02  4.54e+02  3.60e-01 1.99e-02     15s
   8  -5.76672202e+01 -6.22566097e+01  5.28e-01 1.70e+00  5.63e+01 *2.05e+00 9.57e-03  4.24e+02  3.47e-01 1.82e-02     17s
   9  -5.80606176e+01 -6.22613673e+01  4.95e-01 1.67e+00  5.55e+01 *2.31e+00 8.09e-03  3.98e+02  3.35e-01 1.67e-02     18s
  10  -5.84218846e+01 -6.22656736e+01  4.64e-01 1.65e+00  5.47e+01 *2.61e+00 6.47e-03  3.74e+02  3.24e-01 1.54e-02     20s
  11  -5.87508125e+01 -6.22696137e+01  4.33e-01 1.62e+00  5.40e+01 *2.93e+00 4.80e-03  3.52e+02  3.13e-01 1.42e-02     22s
  12  -5.90475409e+01 -6.22732732e+01  4.03e-01 1.60e+00  5.33e+01 *3.30e+00 3.20e-03  3.31e+02  3.03e-01 1.32e-02     24s
  13  -5.93113261e+01 -6.22767224e+01  3.73e-01 1.58e+00  5.27e+01 *3.73e+00 1.82e-03  3.13e+02  2.94e-01 1.23e-02     26s
  14  -5.95416663e+01 -6.22800291e+01  3.45e-01 1.56e+00  5.22e+01 *4.21e+00 7.84e-04  2.96e+02  2.85e-01 1.14e-02     28s
  15  -5.97376762e+01 -6.22832544e+01  3.19e-01 1.55e+00  5.17e+01 *4.76e+00 1.76e-04  2.81e+02  2.77e-01 1.07e-02     30s
  16  -6.04063652e+01 -6.22803809e+01  3.67e-01 1.53e+00  5.12e+01 *5.38e+00 1.70e-06  2.66e+02  2.74e-01 1.04e-02     32s
  17  -6.10432970e+01 -6.22771505e+01  4.14e-01 1.52e+00  5.07e+01 *5.57e+00 1.07e-04  2.52e+02  2.66e-01 9.72e-03     34s
  18  -6.16559468e+01 -6.22738815e+01  4.59e-01 1.50e+00  5.03e+01 *5.76e+00 3.65e-04  2.39e+02  2.58e-01 9.15e-03     36s
  19  -6.22451373e+01 -6.22705824e+01  5.03e-01 1.49e+00  4.99e+01 *5.96e+00 7.44e-04  2.26e+02  2.52e-01 8.61e-03     37s
  20  -6.28150473e+01 -6.22672361e+01  5.46e-01 1.48e+00  4.96e+01 *6.18e+00 1.21e-03  2.15e+02  2.46e-01 8.14e-03     39s
  21  -6.33672277e+01 -6.22638381e+01  5.88e-01 1.47e+00  4.92e+01 *6.42e+00 1.73e-03  2.05e+02  2.40e-01 7.70e-03     41s
  22  -6.39035978e+01 -6.22603821e+01  6.30e-01 1.46e+00  4.89e+01 *6.66e+00 2.29e-03  1.95e+02  2.34e-01 7.29e-03     43s
  23  -6.44253524e+01 -6.22568660e+01  6.70e-01 1.45e+00  4.86e+01 *6.92e+00 2.85e-03  1.86e+02  2.28e-01 6.91e-03     45s
  24  -6.49350694e+01 -6.22532787e+01  7.10e-01 1.44e+00  4.83e+01 *7.20e+00 3.41e-03  1.77e+02  2.23e-01 6.58e-03     47s
  25  -6.54336044e+01 -6.22496201e+01  7.50e-01 1.43e+00  4.80e+01 *7.48e+00 3.96e-03  1.69e+02  2.18e-01 6.26e-03     49s
  26  -6.59221949e+01 -6.22458873e+01  7.89e-01 1.42e+00  4.77e+01 *7.78e+00 4.48e-03  1.62e+02  2.14e-01 5.97e-03     51s
  27  -6.64009991e+01 -6.22420855e+01  8.28e-01 1.41e+00  4.75e+01 *8.09e+00 4.98e-03  1.55e+02  2.09e-01 5.69e-03     53s
  28  -6.68724705e+01 -6.22382018e+01  8.67e-01 1.40e+00  4.73e+01 *8.40e+00 5.45e-03  1.49e+02  2.05e-01 5.45e-03     55s
  29  -6.73361291e+01 -6.22342459e+01  9.05e-01 1.40e+00  4.70e+01 *8.73e+00 5.89e-03  1.43e+02  2.01e-01 5.21e-03     57s
  30  -6.77932996e+01 -6.22302128e+01  9.44e-01 1.39e+00  4.68e+01 *9.07e+00 6.31e-03  1.37e+02  1.97e-01 4.99e-03     59s
  31  -6.82443207e+01 -6.22261051e+01  9.82e-01 1.38e+00  4.66e+01 *9.41e+00 6.70e-03  1.32e+02  1.93e-01 4.79e-03     60s
  32  -6.86899324e+01 -6.22219220e+01  1.02e+00 1.38e+00  4.64e+01 *9.77e+00 7.06e-03  1.27e+02  1.90e-01 4.60e-03     62s
  33  -6.91303832e+01 -6.22176664e+01  1.06e+00 1.37e+00  4.62e+01 *1.01e+01 7.40e-03  1.22e+02  1.86e-01 4.41e-03     64s
  34  -6.95667607e+01 -6.22133331e+01  1.10e+00 1.36e+00  4.61e+01 *1.05e+01 7.71e-03  1.17e+02  1.83e-01 4.25e-03     66s
  35  -6.99988104e+01 -6.22089292e+01  1.13e+00 1.36e+00  4.59e+01 *1.09e+01 8.01e-03  1.13e+02  1.80e-01 4.09e-03     68s
  36  -7.04271171e+01 -6.22044538e+01  1.17e+00 1.35e+00  4.57e+01 *1.13e+01 8.28e-03  1.09e+02  1.77e-01 3.94e-03     70s
  37  -7.08522372e+01 -6.21999054e+01  1.21e+00 1.35e+00  4.56e+01 *1.17e+01 8.54e-03  1.05e+02  1.74e-01 3.80e-03     72s
  38  -7.12747038e+01 -6.21952825e+01  1.25e+00 1.34e+00  4.54e+01 *1.21e+01 8.78e-03  1.02e+02  1.71e-01 3.68e-03     73s
  39  -7.16941902e+01 -6.21905925e+01  1.29e+00 1.34e+00  4.53e+01 *1.25e+01 9.01e-03  9.83e+01  1.68e-01 3.55e-03     75s
  40  -7.21111929e+01 -6.21858338e+01  1.32e+00 1.33e+00  4.51e+01 *1.29e+01 9.22e-03  9.50e+01  1.66e-01 3.43e-03     77s
  41  -7.25257775e+01 -6.21810094e+01  1.36e+00 1.33e+00  4.50e+01 *1.33e+01 9.42e-03  9.19e+01  1.63e-01 3.32e-03     79s
  42  -7.29388243e+01 -6.21761124e+01  1.40e+00 1.32e+00  4.49e+01 *1.37e+01 9.61e-03  8.90e+01  1.61e-01 3.22e-03     80s
  43  -7.33499682e+01 -6.21711504e+01  1.44e+00 1.32e+00  4.47e+01 *1.42e+01 9.79e-03  8.62e+01  1.59e-01 3.12e-03     82s
  44  -7.37596549e+01 -6.21661211e+01  1.48e+00 1.32e+00  4.46e+01 *1.46e+01 9.97e-03  8.36e+01  1.56e-01 3.03e-03     84s
  45  -7.41679142e+01 -6.21610270e+01  1.51e+00 1.31e+00  4.45e+01 *1.51e+01 1.01e-02  8.11e+01  1.54e-01 2.94e-03     86s
  46  -7.45747686e+01 -6.21558707e+01  1.55e+00 1.31e+00  4.44e+01 *1.55e+01 1.03e-02  7.87e+01  1.52e-01 2.85e-03     88s
  47  -7.49810461e+01 -6.21506445e+01  1.59e+00 1.31e+00  4.43e+01 *1.60e+01 1.04e-02  7.64e+01  1.50e-01 2.77e-03     89s
  48  -7.53863576e+01 -6.21453556e+01  1.63e+00 1.30e+00  4.42e+01 *1.65e+01 1.06e-02  7.42e+01  1.48e-01 2.70e-03     91s
  49  -7.57907105e+01 -6.21400065e+01  1.67e+00 1.30e+00  4.41e+01 *1.69e+01 1.07e-02  7.21e+01  1.46e-01 2.62e-03     93s
  50  -7.61949158e+01 -6.21345888e+01  1.71e+00 1.30e+00  4.40e+01 *1.74e+01 1.08e-02  7.01e+01  1.44e-01 2.56e-03     95s
  51  -7.65985759e+01 -6.21291099e+01  1.75e+00 1.29e+00  4.39e+01 *1.79e+01 1.10e-02  6.82e+01  1.43e-01 2.49e-03     97s
  52  -7.70016889e+01 -6.21235719e+01  1.79e+00 1.29e+00  4.38e+01 *1.84e+01 1.11e-02  6.64e+01  1.41e-01 2.43e-03     99s
  53  -7.74050555e+01 -6.21179658e+01  1.82e+00 1.29e+00  4.37e+01 *1.89e+01 1.12e-02  6.46e+01  1.39e-01 2.37e-03    101s
  54  -7.78082729e+01 -6.21122991e+01  1.86e+00 1.28e+00  4.36e+01 *1.94e+01 1.13e-02  6.30e+01  1.38e-01 2.31e-03    103s
  55  -7.82117370e+01 -6.21065679e+01  1.90e+00 1.28e+00  4.35e+01 *1.99e+01 1.14e-02  6.14e+01  1.36e-01 2.26e-03    105s
  56  -7.86150389e+01 -6.21007798e+01  1.94e+00 1.28e+00  4.34e+01 *2.04e+01 1.15e-02  5.98e+01  1.35e-01 2.21e-03    107s
  57  -7.90189730e+01 -6.20949252e+01  1.98e+00 1.27e+00  4.33e+01 *2.10e+01 1.16e-02  5.84e+01  1.33e-01 2.16e-03    108s
  58  -7.94235350e+01 -6.20890055e+01  2.02e+00 1.27e+00  4.32e+01 *2.15e+01 1.17e-02  5.70e+01  1.32e-01 2.11e-03    110s
  59  -7.98283130e+01 -6.20830283e+01  2.06e+00 1.27e+00  4.31e+01 *2.20e+01 1.18e-02  5.56e+01  1.31e-01 2.07e-03    111s
  60  -8.02341036e+01 -6.20769832e+01  2.10e+00 1.27e+00  4.31e+01 *2.26e+01 1.19e-02  5.43e+01  1.29e-01 2.03e-03    113s
  61  -8.06400895e+01 -6.20708839e+01  2.14e+00 1.26e+00  4.30e+01 *2.31e+01 1.20e-02  5.31e+01  1.28e-01 1.98e-03    115s
  62  -8.10474731e+01 -6.20647137e+01  2.19e+00 1.26e+00  4.29e+01 *2.36e+01 1.21e-02  5.19e+01  1.27e-01 1.95e-03    117s
  63  -8.14558452e+01 -6.20584799e+01  2.23e+00 1.26e+00  4.28e+01 *2.42e+01 1.22e-02  5.07e+01  1.26e-01 1.91e-03    119s
  64  -8.18647872e+01 -6.20521902e+01  2.27e+00 1.26e+00  4.28e+01 *2.48e+01 1.23e-02  4.96e+01  1.24e-01 1.87e-03    121s
  65  -8.22755122e+01 -6.20458271e+01  2.31e+00 1.25e+00  4.27e+01 *2.53e+01 1.24e-02  4.86e+01  1.23e-01 1.84e-03    123s
  66  -8.26871988e+01 -6.20394045e+01  2.35e+00 1.25e+00  4.26e+01 *2.59e+01 1.25e-02  4.75e+01  1.22e-01 1.81e-03    124s
  67  -8.31002461e+01 -6.20329172e+01  2.39e+00 1.25e+00  4.26e+01 *2.65e+01 1.26e-02  4.66e+01  1.21e-01 1.77e-03    126s
  68  -8.35146461e+01 -6.20263664e+01  2.44e+00 1.25e+00  4.25e+01 *2.70e+01 1.27e-02  4.56e+01  1.20e-01 1.74e-03    128s
  69  -8.39308058e+01 -6.20197469e+01  2.48e+00 1.25e+00  4.24e+01 *2.76e+01 1.28e-02  4.47e+01  1.19e-01 1.72e-03    130s
  70  -8.43487228e+01 -6.20130594e+01  2.52e+00 1.24e+00  4.24e+01 *2.82e+01 1.29e-02  4.38e+01  1.18e-01 1.69e-03    132s
  71  -8.47683936e+01 -6.20063050e+01  2.56e+00 1.24e+00  4.23e+01 *2.88e+01 1.30e-02  4.30e+01  1.18e-01 1.66e-03    134s
  72  -8.51898137e+01 -6.19994848e+01  2.61e+00 1.24e+00  4.22e+01 *2.94e+01 1.31e-02  4.22e+01  1.17e-01 1.64e-03    136s
  73  -8.56129772e+01 -6.19925997e+01  2.65e+00 1.24e+00  4.22e+01 *3.00e+01 1.32e-02  4.14e+01  1.16e-01 1.61e-03    138s
  74  -8.60387285e+01 -6.19856369e+01  2.69e+00 1.24e+00  4.21e+01 *3.06e+01 1.33e-02  4.06e+01  1.15e-01 1.59e-03    140s
  75  -8.64662224e+01 -6.19786109e+01  2.74e+00 1.23e+00  4.20e+01 *3.12e+01 1.34e-02  3.99e+01  1.14e-01 1.57e-03    142s
  76  -8.68963098e+01 -6.19715087e+01  2.78e+00 1.23e+00  4.20e+01 *3.18e+01 1.35e-02  3.92e+01  1.13e-01 1.55e-03    144s
  77  -8.73285673e+01 -6.19643380e+01  2.83e+00 1.23e+00  4.19e+01 *3.24e+01 1.36e-02  3.85e+01  1.13e-01 1.53e-03    146s
  78  -8.77634280e+01 -6.19570923e+01  2.87e+00 1.23e+00  4.19e+01 *3.30e+01 1.37e-02  3.79e+01  1.12e-01 1.51e-03    148s
  79  -8.82008994e+01 -6.19497724e+01  2.92e+00 1.23e+00  4.18e+01 *3.36e+01 1.38e-02  3.73e+01  1.11e-01 1.49e-03    150s
  80  -8.86409882e+01 -6.19423787e+01  2.96e+00 1.22e+00  4.18e+01 *3.43e+01 1.39e-02  3.67e+01  1.11e-01 1.47e-03    152s
  81  -8.90837001e+01 -6.19349120e+01  3.01e+00 1.22e+00  4.17e+01 *3.49e+01 1.40e-02  3.61e+01  1.10e-01 1.46e-03    154s
  82  -8.95294860e+01 -6.19273653e+01  3.05e+00 1.22e+00  4.16e+01 *3.55e+01 1.41e-02  3.55e+01  1.10e-01 1.44e-03    156s
  83  -8.99783610e+01 -6.19197390e+01  3.10e+00 1.22e+00  4.16e+01 *3.61e+01 1.42e-02  3.50e+01  1.09e-01 1.43e-03    158s
  84  -9.04303396e+01 -6.19120335e+01  3.15e+00 1.22e+00  4.15e+01 *3.68e+01 1.43e-02  3.44e+01  1.08e-01 1.41e-03    160s
  85  -9.08858914e+01 -6.19042413e+01  3.19e+00 1.22e+00  4.15e+01 *3.74e+01 1.44e-02  3.39e+01  1.08e-01 1.40e-03    162s
  86  -9.13445825e+01 -6.18963707e+01  3.24e+00 1.21e+00  4.14e+01 *3.80e+01 1.45e-02  3.35e+01  1.07e-01 1.39e-03    164s
  87  -9.18064255e+01 -6.18884218e+01  3.29e+00 1.21e+00  4.14e+01 *3.87e+01 1.46e-02  3.30e+01  1.07e-01 1.37e-03    166s
  88  -9.22723636e+01 -6.18803792e+01  3.34e+00 1.21e+00  4.13e+01 *3.93e+01 1.47e-02  3.25e+01  1.06e-01 1.36e-03    168s
  89  -9.27414942e+01 -6.18722590e+01  3.39e+00 1.21e+00  4.13e+01 *4.00e+01 1.48e-02  3.21e+01  1.06e-01 1.35e-03    170s
  90  -9.32147740e+01 -6.18640451e+01  3.44e+00 1.21e+00  4.12e+01 *4.06e+01 1.49e-02  3.17e+01  1.06e-01 1.34e-03    172s
  91  -9.36922390e+01 -6.18557375e+01  3.49e+00 1.21e+00  4.12e+01 *4.13e+01 1.50e-02  3.13e+01  1.05e-01 1.33e-03    174s
  92  -9.41734432e+01 -6.18473445e+01  3.54e+00 1.20e+00  4.11e+01 *4.19e+01 1.51e-02  3.09e+01  1.05e-01 1.32e-03    176s
  93  -9.46588938e+01 -6.18388577e+01  3.59e+00 1.20e+00  4.11e+01 *4.26e+01 1.52e-02  3.05e+01  1.04e-01 1.31e-03    178s
  94  -9.51491160e+01 -6.18302686e+01  3.64e+00 1.20e+00  4.10e+01 *4.32e+01 1.53e-02  3.01e+01  1.04e-01 1.31e-03    180s
  95  -9.56431696e+01 -6.18215941e+01  3.69e+00 1.20e+00  4.10e+01 *4.39e+01 1.54e-02  2.98e+01  1.04e-01 1.30e-03    182s
  96  -9.61420723e+01 -6.18128168e+01  3.74e+00 1.20e+00  4.09e+01 *4.46e+01 1.55e-02  2.95e+01  1.03e-01 1.29e-03    184s
  97  -9.66458734e+01 -6.18039365e+01  3.80e+00 1.20e+00  4.09e+01 *4.52e+01 1.56e-02  2.91e+01  1.03e-01 1.28e-03    186s
  98  -9.71546219e+01 -6.17949527e+01  3.85e+00 1.19e+00  4.08e+01 *4.59e+01 1.57e-02  2.88e+01  1.03e-01 1.28e-03    188s
  99  -9.76683667e+01 -6.17858650e+01  3.90e+00 1.19e+00  4.08e+01 *4.66e+01 1.58e-02  2.85e+01  1.03e-01 1.27e-03    190s
 100  -9.81871571e+01 -6.17766732e+01  3.96e+00 1.19e+00  4.07e+01 *4.72e+01 1.59e-02  2.82e+01  1.02e-01 1.27e-03    192s
 101  -9.87110417e+01 -6.17673767e+01  4.01e+00 1.19e+00  4.07e+01 *4.79e+01 1.59e-02  2.80e+01  1.02e-01 1.26e-03    193s
 102  -9.92405992e+01 -6.17579660e+01  4.07e+00 1.19e+00  4.07e+01 *4.86e+01 1.60e-02  2.77e+01  1.02e-01 1.26e-03    195s
 103  -9.97758955e+01 -6.17484403e+01  4.13e+00 1.19e+00  4.06e+01 *4.93e+01 1.61e-02  2.75e+01  1.02e-01 1.25e-03    197s
 104  -1.00316456e+02 -6.17388086e+01  4.18e+00 1.19e+00  4.06e+01 *5.00e+01 1.62e-02  2.72e+01  1.01e-01 1.25e-03    199s
 105  -1.00863423e+02 -6.17290510e+01  4.24e+00 1.18e+00  4.05e+01 *5.07e+01 1.62e-02  2.70e+01  1.01e-01 1.25e-03    201s
 106  -1.01416328e+02 -6.17191765e+01  4.30e+00 1.18e+00  4.05e+01 *5.14e+01 1.63e-02  2.68e+01  1.01e-01 1.24e-03    203s
 107  -1.01975240e+02 -6.17091843e+01  4.36e+00 1.18e+00  4.04e+01 *5.21e+01 1.64e-02  2.66e+01  1.01e-01 1.24e-03    205s
 108  -1.02540226e+02 -6.16990739e+01  4.42e+00 1.18e+00  4.04e+01 *5.28e+01 1.65e-02  2.64e+01  1.01e-01 1.24e-03    207s
 109  -1.03112497e+02 -6.16888242e+01  4.48e+00 1.18e+00  4.03e+01 *5.35e+01 1.65e-02  2.62e+01  1.01e-01 1.24e-03    209s
 110  -1.03691005e+02 -6.16784545e+01  4.54e+00 1.18e+00  4.03e+01 *5.42e+01 1.66e-02  2.60e+01  1.00e-01 1.23e-03    211s
 111  -1.04275818e+02 -6.16679644e+01  4.60e+00 1.18e+00  4.02e+01 *5.49e+01 1.66e-02  2.58e+01  1.00e-01 1.23e-03    213s
 112  -1.04868190e+02 -6.16573319e+01  4.66e+00 1.17e+00  4.02e+01 *5.56e+01 1.67e-02  2.56e+01  1.00e-01 1.23e-03    215s
 113  -1.05467634e+02 -6.16465666e+01  4.73e+00 1.17e+00  4.01e+01 *5.63e+01 1.67e-02  2.55e+01  1.00e-01 1.23e-03    218s
 114  -1.06074241e+02 -6.16356675e+01  4.79e+00 1.17e+00  4.01e+01 *5.71e+01 1.68e-02  2.53e+01  9.99e-02 1.23e-03    220s
 115  -1.06688718e+02 -6.16246228e+01  4.85e+00 1.17e+00  4.01e+01 *5.78e+01 1.68e-02  2.52e+01  9.98e-02 1.23e-03    221s
 116  -1.07310560e+02 -6.16134425e+01  4.92e+00 1.17e+00  4.00e+01 *5.86e+01 1.68e-02  2.51e+01  9.97e-02 1.23e-03    223s
 117  -1.07939861e+02 -6.16021257e+01  4.99e+00 1.17e+00  4.00e+01 *5.93e+01 1.68e-02  2.50e+01  9.97e-02 1.22e-03    224s
 118  -1.08577992e+02 -6.15906488e+01  5.05e+00 1.17e+00  3.99e+01 *6.01e+01 1.69e-02  2.48e+01  9.96e-02 1.23e-03    227s
 119  -1.09223161e+02 -6.15790450e+01  5.12e+00 1.16e+00  3.99e+01 *6.08e+01 1.69e-02  2.47e+01  9.95e-02 1.22e-03    228s
 120  -1.09877403e+02 -6.15672789e+01  5.19e+00 1.16e+00  3.98e+01 *6.16e+01 1.69e-02  2.46e+01  9.95e-02 1.23e-03    229s
 121  -1.10540204e+02 -6.15553610e+01  5.26e+00 1.16e+00  3.98e+01 *6.24e+01 1.69e-02  2.45e+01  9.94e-02 1.23e-03    231s
 122  -1.11211019e+02 -6.15433023e+01  5.33e+00 1.16e+00  3.97e+01 *6.32e+01 1.69e-02  2.45e+01  9.93e-02 1.23e-03    232s
 123  -1.11891311e+02 -6.15310779e+01  5.40e+00 1.16e+00  3.97e+01 *6.40e+01 1.69e-02  2.44e+01  9.93e-02 1.23e-03    233s
 124  -1.12580545e+02 -6.15186990e+01  5.48e+00 1.16e+00  3.97e+01 *6.48e+01 1.69e-02  2.43e+01  9.92e-02 1.23e-03    235s
 125  -1.13278853e+02 -6.15061648e+01  5.55e+00 1.16e+00  3.96e+01 *6.56e+01 1.69e-02  2.43e+01  9.92e-02 1.23e-03    237s
 126  -1.13986368e+02 -6.14934746e+01  5.63e+00 1.15e+00  3.96e+01 *6.64e+01 1.69e-02  2.42e+01  9.91e-02 1.23e-03    239s
 127  -1.14703226e+02 -6.14806279e+01  5.70e+00 1.15e+00  3.95e+01 *6.73e+01 1.69e-02  2.42e+01  9.91e-02 1.23e-03    241s
 128  -1.15430292e+02 -6.14676111e+01  5.78e+00 1.15e+00  3.95e+01 *6.81e+01 1.69e-02  2.41e+01  9.90e-02 1.23e-03    243s
 129  -1.16167734e+02 -6.14544234e+01  5.86e+00 1.15e+00  3.94e+01 *6.90e+01 1.69e-02  2.41e+01  9.90e-02 1.23e-03    245s
 130  -1.16914228e+02 -6.14410908e+01  5.93e+00 1.15e+00  3.94e+01 *6.99e+01 1.69e-02  2.41e+01  9.90e-02 1.23e-03    247s
 131  -1.17672163e+02 -6.14275729e+01  6.01e+00 1.15e+00  3.93e+01 *7.08e+01 1.68e-02  2.40e+01  9.89e-02 1.24e-03    249s
 132  -1.18439442e+02 -6.14139099e+01  6.10e+00 1.15e+00  3.93e+01 *7.17e+01 1.68e-02  2.40e+01  9.89e-02 1.24e-03    251s
 133  -1.19218520e+02 -6.14000607e+01  6.18e+00 1.14e+00  3.93e+01 *7.26e+01 1.68e-02  2.40e+01  9.88e-02 1.24e-03    253s
 134  -1.20008031e+02 -6.13860526e+01  6.26e+00 1.14e+00  3.92e+01 *7.35e+01 1.68e-02  2.40e+01  9.88e-02 1.24e-03    255s
 135  -1.20808132e+02 -6.13718860e+01  6.35e+00 1.14e+00  3.92e+01 *7.45e+01 1.67e-02  2.40e+01  9.87e-02 1.24e-03    257s
 136  -1.21619791e+02 -6.13575470e+01  6.43e+00 1.14e+00  3.91e+01 *7.54e+01 1.67e-02  2.40e+01  9.87e-02 1.24e-03    259s
 137  -1.22443202e+02 -6.13430358e+01  6.52e+00 1.14e+00  3.91e+01 *7.64e+01 1.67e-02  2.40e+01  9.86e-02 1.24e-03    261s
 138  -1.23278562e+02 -6.13283526e+01  6.61e+00 1.14e+00  3.90e+01 *7.74e+01 1.67e-02  2.41e+01  9.86e-02 1.25e-03    263s
