
================= Linear optimization problem Information =================
Number of variables:     8
Number of constraints:   2

Norm of primal sol:      6.04e+01
Norm of dual sol:        1.00e+01
Norm of dual slacks:     5.00e+00

Norm of vector b:        1.00e+01
Norm of vector c:        1.39e+01

Norm of matrix A:        2.00e+00
Condition number:        1.60e+01
Seed:                    64

======================= Linear optimization problem =======================
coeff matrix A:          [[+0.507 -0.043 +0.465 -0.529 +0.219 -0.289 +0.264 -0.628]
                          [+0.642 -0.176 +0.683 -0.769 +0.230 -0.514 +0.277 -0.877]]

RHS vector b:            [+8.935 +4.491]
Obj vector c:            [-1.486 +1.567 -5.232 +9.696 -1.580 +4.102 -1.910 +6.627]

============================ Optimal solution =============================
Primal variables:        [+0.000 +31.713 +33.306 +0.000 +25.557 +17.428 +17.522 +16.489]
Dual slacks:             [+3.222 +0.000 +0.000 +3.823 +0.000 +0.000 +0.000 +0.000]
Dual variables:          [+2.843 -9.587]

Optimal objective:       -1.76522932e+01
===========================================================================

Method:             II-QIPM
LO_Precision:       1.00e-01
Stop_Precision:     1.00e-03
LO_Verbosity:       2
Omega:              1.00e+01
num_ancillae:       4

The Quantum Inexact Infeasible Interior-Point Method starts running ...


                  Objective                Residual                      Quantum                    Step-length
Iter      Primal           Dual         Primal    Dual     Compl    ||Resl||   Prob    Cond-Num   a-star   a-hat      Time
   0   4.91807537e+01 -1.80805373e+01  4.95e+00 9.14e+00  3.02e+02 *2.10e+00 1.51e-02  2.56e+02  7.87e-01 6.68e-01      2s
   1   4.12538628e+01 -2.19822798e+01  4.49e+00 8.01e+00  2.68e+02 *2.57e+00 1.56e-02  2.54e+02  7.18e-01 1.23e-01      4s
   2   3.33843777e+01 -2.57805848e+01  4.09e+00 6.97e+00  2.37e+02 *2.67e+00 1.56e-02  2.68e+02  7.37e-01 1.30e-01      7s
   3   2.52374105e+01 -2.96305648e+01  3.74e+00 5.97e+00  2.07e+02 *2.77e+00 1.56e-02  2.87e+02  7.61e-01 1.44e-01      8s
   4   1.67234636e+01 -3.35510771e+01  3.45e+00 4.99e+00  1.76e+02 *2.89e+00 1.56e-02  3.14e+02  7.91e-01 1.63e-01     11s
   5   7.82112059e+00 -3.75094824e+01  3.23e+00 4.05e+00  1.47e+02 *3.02e+00 1.56e-02  3.52e+02  8.27e-01 1.89e-01     12s
   6  -1.37076720e+00 -4.13948358e+01  3.11e+00 3.15e+00  1.18e+02 *3.18e+00 1.56e-02  4.07e+02  8.65e-01 2.21e-01     14s
   7  -1.05771763e+01 -4.50041050e+01  3.10e+00 2.35e+00  9.09e+01 *3.39e+00 1.56e-02  4.90e+02  9.02e-01 2.56e-01     16s
   8  -1.92785071e+01 -4.80601817e+01  3.21e+00 1.68e+00  6.79e+01 *3.65e+00 1.56e-02  6.22e+02  8.88e-01 2.86e-01     18s
   9  -2.68850158e+01 -5.03605934e+01  3.41e+00 1.18e+00  5.00e+01 *3.96e+00 1.56e-02  8.40e+02  8.36e-01 2.98e-01     20s
  10  -3.29656743e+01 -5.18925774e+01  3.65e+00 8.43e-01  3.74e+01 *4.30e+00 1.56e-02  1.21e+03  7.65e-01 2.83e-01     22s
  11  -3.73262965e+01 -5.27924630e+01  3.87e+00 6.46e-01  2.95e+01 *4.63e+00 1.56e-02  1.80e+03  6.78e-01 2.34e-01     24s
  12  -4.02283190e+01 -5.32843776e+01  4.05e+00 5.37e-01  2.49e+01 *4.95e+00 1.56e-02  2.59e+03  5.88e-01 1.70e-01     26s
  13  -4.21980542e+01 -5.35628327e+01  4.19e+00 4.73e-01  2.22e+01 *5.24e+00 1.56e-02  3.42e+03  5.11e-01 1.18e-01     28s
  14  -4.36254702e+01 -5.37338812e+01  4.30e+00 4.34e-01  2.05e+01 *5.52e+00 1.56e-02  4.15e+03  4.53e-01 8.36e-02     30s
  15  -4.47392772e+01 -5.38486488e+01  4.39e+00 4.07e-01  1.93e+01 *5.80e+00 1.56e-02  4.74e+03  4.08e-01 6.22e-02     32s
  16  -4.56548288e+01 -5.39306710e+01  4.48e+00 3.87e-01  1.84e+01 *6.08e+00 1.56e-02  5.20e+03  3.74e-01 4.81e-02     34s
  17  -4.64390638e+01 -5.39923400e+01  4.55e+00 3.72e-01  1.78e+01 *6.36e+00 1.56e-02  5.57e+03  3.45e-01 3.85e-02     36s
  18  -4.71291614e+01 -5.40403577e+01  4.61e+00 3.61e-01  1.72e+01 *6.65e+00 1.56e-02  5.86e+03  3.22e-01 3.15e-02     38s
  19  -4.77524020e+01 -5.40790152e+01  4.68e+00 3.51e-01  1.68e+01 *6.95e+00 1.56e-02  6.09e+03  3.03e-01 2.64e-02     40s
  20  -4.83234343e+01 -5.41107846e+01  4.73e+00 3.43e-01  1.65e+01 *7.26e+00 1.56e-02  6.27e+03  2.86e-01 2.25e-02     42s
  21  -4.88538276e+01 -5.41374070e+01  4.79e+00 3.37e-01  1.62e+01 *7.57e+00 1.56e-02  6.43e+03  2.71e-01 1.95e-02     44s
  22  -4.93521601e+01 -5.41600922e+01  4.84e+00 3.31e-01  1.59e+01 *7.89e+00 1.56e-02  6.55e+03  2.58e-01 1.70e-02     46s
  23  -4.98239744e+01 -5.41796623e+01  4.89e+00 3.26e-01  1.57e+01 *8.22e+00 1.56e-02  6.65e+03  2.47e-01 1.51e-02     48s
  24  -5.02743006e+01 -5.41967556e+01  4.94e+00 3.21e-01  1.55e+01 *8.56e+00 1.56e-02  6.74e+03  2.36e-01 1.34e-02     50s
  25  -5.07057002e+01 -5.42117986e+01  4.99e+00 3.18e-01  1.53e+01 *8.91e+00 1.56e-02  6.81e+03  2.27e-01 1.21e-02     52s
  26  -5.11215913e+01 -5.42251707e+01  5.04e+00 3.14e-01  1.52e+01 *9.27e+00 1.56e-02  6.88e+03  2.18e-01 1.09e-02     54s
  27  -5.15241956e+01 -5.42371463e+01  5.08e+00 3.11e-01  1.50e+01 *9.63e+00 1.56e-02  6.93e+03  2.11e-01 9.93e-03     55s
  28  -5.19147123e+01 -5.42479253e+01  5.13e+00 3.08e-01  1.49e+01 *1.00e+01 1.56e-02  6.97e+03  2.04e-01 9.07e-03     58s
  29  -5.22949590e+01 -5.42576930e+01  5.17e+00 3.06e-01  1.48e+01 *1.04e+01 1.56e-02  7.01e+03  1.97e-01 8.33e-03     60s
  30  -5.26658617e+01 -5.42665833e+01  5.21e+00 3.03e-01  1.47e+01 *1.08e+01 1.56e-02  7.05e+03  1.91e-01 7.68e-03     62s
  31  -5.30289881e+01 -5.42747255e+01  5.25e+00 3.01e-01  1.46e+01 *1.12e+01 1.56e-02  7.08e+03  1.85e-01 7.12e-03     64s
  32  -5.33851004e+01 -5.42822117e+01  5.30e+00 2.99e-01  1.45e+01 *1.16e+01 1.56e-02  7.10e+03  1.80e-01 6.61e-03     66s
  33  -5.37342109e+01 -5.42891071e+01  5.34e+00 2.97e-01  1.44e+01 *1.20e+01 1.56e-02  7.12e+03  1.75e-01 6.16e-03     68s
  34  -5.40776850e+01 -5.42954943e+01  5.38e+00 2.96e-01  1.43e+01 *1.24e+01 1.56e-02  7.14e+03  1.70e-01 5.76e-03     70s
  35  -5.44158220e+01 -5.43014255e+01  5.42e+00 2.94e-01  1.43e+01 *1.29e+01 1.56e-02  7.16e+03  1.66e-01 5.39e-03     72s
  36  -5.47489028e+01 -5.43069462e+01  5.46e+00 2.92e-01  1.42e+01 *1.33e+01 1.56e-02  7.18e+03  1.62e-01 5.06e-03     74s
  37  -5.50775212e+01 -5.43121018e+01  5.50e+00 2.91e-01  1.41e+01 *1.38e+01 1.56e-02  7.19e+03  1.58e-01 4.77e-03     75s
  38  -5.54022539e+01 -5.43169317e+01  5.54e+00 2.90e-01  1.41e+01 *1.42e+01 1.56e-02  7.20e+03  1.54e-01 4.50e-03     78s
  39  -5.57230213e+01 -5.43214612e+01  5.58e+00 2.88e-01  1.40e+01 *1.47e+01 1.56e-02  7.21e+03  1.51e-01 4.25e-03     80s
  40  -5.60403756e+01 -5.43257221e+01  5.61e+00 2.87e-01  1.40e+01 *1.52e+01 1.56e-02  7.22e+03  1.47e-01 4.02e-03     82s
  41  -5.63542316e+01 -5.43297338e+01  5.65e+00 2.86e-01  1.39e+01 *1.56e+01 1.56e-02  7.23e+03  1.44e-01 3.81e-03     84s
  42  -5.66654354e+01 -5.43335258e+01  5.69e+00 2.85e-01  1.39e+01 *1.61e+01 1.56e-02  7.24e+03  1.41e-01 3.63e-03     86s
  43  -5.69735921e+01 -5.43371095e+01  5.73e+00 2.84e-01  1.38e+01 *1.66e+01 1.56e-02  7.24e+03  1.38e-01 3.45e-03     88s
  44  -5.72792254e+01 -5.43405056e+01  5.77e+00 2.83e-01  1.38e+01 *1.71e+01 1.56e-02  7.25e+03  1.35e-01 3.29e-03     90s
  45  -5.75822490e+01 -5.43437264e+01  5.80e+00 2.82e-01  1.38e+01 *1.77e+01 1.56e-02  7.25e+03  1.33e-01 3.13e-03     92s
  46  -5.78828780e+01 -5.43467862e+01  5.84e+00 2.82e-01  1.37e+01 *1.82e+01 1.56e-02  7.26e+03  1.30e-01 2.99e-03     94s
  47  -5.81816254e+01 -5.43497007e+01  5.88e+00 2.81e-01  1.37e+01 *1.87e+01 1.56e-02  7.26e+03  1.28e-01 2.86e-03     96s
  48  -5.84781130e+01 -5.43524756e+01  5.91e+00 2.80e-01  1.36e+01 *1.93e+01 1.56e-02  7.27e+03  1.26e-01 2.74e-03     98s
  49  -5.87728487e+01 -5.43551246e+01  5.95e+00 2.79e-01  1.36e+01 *1.98e+01 1.56e-02  7.27e+03  1.23e-01 2.63e-03    100s
  50  -5.90657541e+01 -5.43576547e+01  5.99e+00 2.79e-01  1.36e+01 *2.04e+01 1.56e-02  7.27e+03  1.21e-01 2.52e-03    102s
  51  -5.93567520e+01 -5.43600726e+01  6.02e+00 2.78e-01  1.36e+01 *2.09e+01 1.56e-02  7.27e+03  1.19e-01 2.42e-03    104s
  52  -5.96460557e+01 -5.43623867e+01  6.06e+00 2.77e-01  1.35e+01 *2.15e+01 1.56e-02  7.28e+03  1.17e-01 2.32e-03    106s
  53  -5.99341674e+01 -5.43646070e+01  6.09e+00 2.77e-01  1.35e+01 *2.21e+01 1.56e-02  7.28e+03  1.15e-01 2.24e-03    108s
  54  -6.02204447e+01 -5.43667340e+01  6.13e+00 2.76e-01  1.35e+01 *2.27e+01 1.56e-02  7.28e+03  1.13e-01 2.15e-03    111s
  55  -6.05053861e+01 -5.43687765e+01  6.17e+00 2.75e-01  1.34e+01 *2.33e+01 1.56e-02  7.28e+03  1.12e-01 2.07e-03    112s
  56  -6.07892081e+01 -5.43707408e+01  6.20e+00 2.75e-01  1.34e+01 *2.39e+01 1.56e-02  7.28e+03  1.10e-01 2.00e-03    115s
  57  -6.10715639e+01 -5.43726286e+01  6.24e+00 2.74e-01  1.34e+01 *2.45e+01 1.56e-02  7.28e+03  1.08e-01 1.93e-03    117s
  58  -6.13529507e+01 -5.43744473e+01  6.27e+00 2.74e-01  1.34e+01 *2.51e+01 1.56e-02  7.28e+03  1.07e-01 1.87e-03    119s
  59  -6.16327476e+01 -5.43761965e+01  6.31e+00 2.73e-01  1.33e+01 *2.57e+01 1.56e-02  7.29e+03  1.05e-01 1.80e-03    121s
  60  -6.19117282e+01 -5.43778846e+01  6.34e+00 2.73e-01  1.33e+01 *2.64e+01 1.56e-02  7.29e+03  1.03e-01 1.74e-03    123s
  61  -6.21895578e+01 -5.43795126e+01  6.38e+00 2.72e-01  1.33e+01 *2.70e+01 1.56e-02  7.29e+03  1.02e-01 1.69e-03    125s
  62  -6.24664554e+01 -5.43810847e+01  6.41e+00 2.72e-01  1.33e+01 *2.77e+01 1.56e-02  7.29e+03  1.01e-01 1.63e-03    127s
  63  -6.27423662e+01 -5.43826033e+01  6.45e+00 2.72e-01  1.33e+01 *2.83e+01 1.56e-02  7.29e+03  9.92e-02 1.58e-03    129s
  64  -6.30172358e+01 -5.43840707e+01  6.48e+00 2.71e-01  1.32e+01 *2.90e+01 1.56e-02  7.29e+03  9.79e-02 1.53e-03    131s
  65  -6.32912850e+01 -5.43854905e+01  6.51e+00 2.71e-01  1.32e+01 *2.97e+01 1.56e-02  7.29e+03  9.66e-02 1.49e-03    133s
  66  -6.35644632e+01 -5.43868644e+01  6.55e+00 2.70e-01  1.32e+01 *3.04e+01 1.56e-02  7.29e+03  9.53e-02 1.44e-03    135s
  67  -6.38367206e+01 -5.43881945e+01  6.58e+00 2.70e-01  1.32e+01 *3.11e+01 1.56e-02  7.29e+03  9.41e-02 1.40e-03    137s
  68  -6.41082797e+01 -5.43894837e+01  6.62e+00 2.70e-01  1.32e+01 *3.18e+01 1.56e-02  7.29e+03  9.29e-02 1.36e-03    139s
  69  -6.43788231e+01 -5.43907324e+01  6.65e+00 2.69e-01  1.32e+01 *3.25e+01 1.56e-02  7.29e+03  9.17e-02 1.32e-03    140s
  70  -6.46488434e+01 -5.43919444e+01  6.69e+00 2.69e-01  1.31e+01 *3.32e+01 1.56e-02  7.29e+03  9.06e-02 1.28e-03    142s
  71  -6.49182976e+01 -5.43931213e+01  6.72e+00 2.69e-01  1.31e+01 *3.39e+01 1.56e-02  7.29e+03  8.95e-02 1.25e-03    144s
  72  -6.51868744e+01 -5.43942631e+01  6.75e+00 2.68e-01  1.31e+01 *3.47e+01 1.56e-02  7.29e+03  8.84e-02 1.21e-03    146s
  73  -6.54545301e+01 -5.43953711e+01  6.79e+00 2.68e-01  1.31e+01 *3.54e+01 1.56e-02  7.29e+03  8.73e-02 1.18e-03    148s
  74  -6.57217562e+01 -5.43964486e+01  6.82e+00 2.68e-01  1.31e+01 *3.61e+01 1.56e-02  7.29e+03  8.63e-02 1.15e-03    150s
  75  -6.59885140e+01 -5.43974969e+01  6.85e+00 2.67e-01  1.31e+01 *3.69e+01 1.56e-02  7.28e+03  8.53e-02 1.12e-03    152s
  76  -6.62544992e+01 -5.43985157e+01  6.89e+00 2.67e-01  1.31e+01 *3.77e+01 1.56e-02  7.28e+03  8.44e-02 1.09e-03    155s
  77  -6.65199380e+01 -5.43995072e+01  6.92e+00 2.67e-01  1.30e+01 *3.84e+01 1.56e-02  7.28e+03  8.34e-02 1.07e-03    156s
  78  -6.67847932e+01 -5.44004722e+01  6.96e+00 2.66e-01  1.30e+01 *3.92e+01 1.56e-02  7.28e+03  8.25e-02 1.04e-03    159s
  79  -6.70490282e+01 -5.44014117e+01  6.99e+00 2.66e-01  1.30e+01 *4.00e+01 1.56e-02  7.28e+03  8.16e-02 1.01e-03    161s
  80  -6.73128709e+01 -5.44023273e+01  7.02e+00 2.66e-01  1.30e+01 *4.08e+01 1.56e-02  7.28e+03  8.07e-02 9.89e-04    162s

The solution quality is limited by the precision of the linear system solver.

The II-IPM stopped after 81 iterations in 162.46 seconds.

Primal variables:   [+0.467 +3.083 +156.292 +0.537 +3.456 +3.634 +2.951 +111.255]
Dual slacks:        [+3.657 +0.610 +0.005 +3.947 +0.466 +0.549 +0.540 +0.012]
Dual variables:     [-3.563 -5.026]

Primal objective:   -6.73128709e+01
Dual objective:     -5.44023273e+01

Primal residual:    7.02e+00
Dual residual:      2.66e-01
Complementraty:     1.30e+01

Number of Iter:     81
Run time:           162.46
