
================= Linear optimization problem Information =================
Number of variables:     8
Number of constraints:   2

Norm of primal sol:      8.11e+01
Norm of dual sol:        1.00e+01
Norm of dual slacks:     5.00e+00

Norm of vector b:        1.00e+01
Norm of vector c:        1.61e+01

Norm of matrix A:        2.02e+00
Condition number:        8.00e+00
Seed:                    32

======================= Linear optimization problem =======================
coeff matrix A:          [[+0.263 +0.063 +0.060 -0.273 -0.084 +0.047 +0.071 +0.031]
                          [+1.078 -0.038 -0.181 -1.133 -0.653 +0.649 -0.640 +0.399]]

RHS vector b:            [+3.295 +9.441]
Obj vector c:            [+9.120 +0.216 -0.746 -9.552 -1.847 +4.652 -3.706 +6.794]

============================ Optimal solution =============================
Primal variables:        [+41.802 +18.140 +27.018 +46.512 +0.000 +39.725 +4.920 +0.000]
Dual slacks:             [+0.000 +0.000 +0.000 +0.000 +3.108 +0.000 +0.000 +3.917]
Dual variables:          [+7.489 +6.627]

Optimal objective:       +8.72462211e+01
===========================================================================

Method:             II-QIPM
LO_Precision:       1.00e-01
Stop_Precision:     1.00e-03
LO_Verbosity:       2
Omega:              1.00e+01
num_ancillae:       4

The Quantum Inexact Infeasible Interior-Point Method starts running ...


                  Objective                Residual                      Quantum                    Step-length
Iter      Primal           Dual         Primal    Dual     Compl    ||Resl||   Prob    Cond-Num   a-star   a-hat      Time
   0   1.07352447e+02  6.95209136e+01  5.68e+00 1.19e+01  3.37e+02  8.20e-01 1.56e-02  6.40e+01  7.39e-01 6.17e-01      2s
   1   1.12605236e+02  7.48708884e+01  2.99e+00 6.16e+00  1.92e+02  4.80e-01 1.56e-02  1.01e+02  7.69e-01 4.81e-01      3s
   2   1.11320215e+02  7.51092894e+01  2.72e+00 5.64e+00  1.77e+02  8.48e-01 1.55e-02  1.08e+02  6.39e-01 8.38e-02      5s
   3   1.10000083e+02  7.52804876e+01  2.49e+00 5.21e+00  1.65e+02  1.21e+00 1.53e-02  1.06e+02  6.19e-01 7.64e-02      7s
   4   1.08682899e+02  7.54014798e+01  2.28e+00 4.84e+00  1.55e+02  1.57e+00 1.48e-02  1.05e+02  6.01e-01 7.05e-02      8s
   5   1.07417446e+02  7.54837021e+01  2.10e+00 4.52e+00  1.45e+02  1.96e+00 1.36e-02  1.04e+02  5.84e-01 6.56e-02     10s
   6   1.06301909e+02  7.55364397e+01  1.92e+00 4.25e+00  1.37e+02  2.40e+00 1.02e-02  1.04e+02  5.68e-01 6.10e-02     11s
   7   1.05574057e+02  7.55709549e+01  1.72e+00 4.01e+00  1.31e+02  3.14e+00 2.80e-03  1.05e+02  5.50e-01 5.61e-02     13s
   8   1.02480077e+02  7.55320986e+01  1.79e+00 3.74e+00  1.22e+02 *3.74e+00 1.20e-03  1.06e+02  5.85e-01 6.78e-02     14s
   9   9.99066085e+01  7.54825097e+01  1.83e+00 3.50e+00  1.15e+02 *3.74e+00 6.72e-03  1.09e+02  5.69e-01 6.33e-02     15s
  10   9.75146110e+01  7.54191096e+01  1.87e+00 3.29e+00  1.09e+02 *4.01e+00 1.03e-02  1.13e+02  5.60e-01 6.13e-02     17s
  11   9.51744839e+01  7.53422731e+01  1.94e+00 3.09e+00  1.03e+02 *4.37e+00 1.21e-02  1.19e+02  5.53e-01 6.02e-02     18s
  12   9.28218969e+01  7.52538442e+01  2.03e+00 2.91e+00  9.75e+01 *4.79e+00 1.31e-02  1.25e+02  5.48e-01 5.95e-02     20s
  13   9.04260399e+01  7.51568409e+01  2.15e+00 2.73e+00  9.23e+01 *5.27e+00 1.36e-02  1.33e+02  5.42e-01 5.88e-02     21s
  14   8.79732233e+01  7.50551622e+01  2.30e+00 2.58e+00  8.74e+01 *5.81e+00 1.40e-02  1.42e+02  5.33e-01 5.76e-02     23s
  15   8.54664539e+01  7.49534126e+01  2.48e+00 2.43e+00  8.29e+01 *6.45e+00 1.42e-02  1.51e+02  5.00e-01 5.56e-02     25s
  16   8.29130941e+01  7.48558945e+01  2.69e+00 2.31e+00  7.89e+01 *7.18e+00 1.43e-02  1.60e+02  4.67e-01 5.27e-02     27s
  17   8.03337497e+01  7.47663714e+01  2.92e+00 2.19e+00  7.53e+01 *8.05e+00 1.44e-02  1.68e+02  4.35e-01 4.89e-02     29s
  18   7.77500738e+01  7.46871617e+01  3.17e+00 2.10e+00  7.22e+01 *9.06e+00 1.44e-02  1.75e+02  4.04e-01 4.44e-02     31s
  19   7.51820316e+01  7.46190689e+01  3.43e+00 2.01e+00  6.96e+01 *1.02e+01 1.44e-02  1.80e+02  3.76e-01 3.96e-02     32s
  20   7.26418915e+01  7.45616072e+01  3.70e+00 1.94e+00  6.73e+01 *1.15e+01 1.43e-02  1.84e+02  3.51e-01 3.50e-02     33s
  21   7.01423224e+01  7.45137196e+01  3.97e+00 1.88e+00  6.54e+01 *1.30e+01 1.43e-02  1.86e+02  3.28e-01 3.06e-02     35s
  22   6.76812571e+01  7.44738683e+01  4.24e+00 1.83e+00  6.38e+01 *1.45e+01 1.42e-02  1.88e+02  3.07e-01 2.68e-02     37s
  23   6.52630629e+01  7.44407367e+01  4.52e+00 1.79e+00  6.24e+01 *1.62e+01 1.41e-02  1.89e+02  2.89e-01 2.34e-02     38s
  24   6.28856192e+01  7.44130754e+01  4.79e+00 1.75e+00  6.12e+01 *1.80e+01 1.40e-02  1.89e+02  2.73e-01 2.05e-02     40s
  25   6.05442618e+01  7.43898279e+01  5.06e+00 1.72e+00  6.01e+01 *1.99e+01 1.38e-02  1.89e+02  2.59e-01 1.81e-02     41s
  26   5.82357490e+01  7.43701603e+01  5.33e+00 1.69e+00  5.92e+01 *2.19e+01 1.37e-02  1.89e+02  2.46e-01 1.61e-02     43s
  27   5.59554875e+01  7.43533954e+01  5.59e+00 1.67e+00  5.84e+01 *2.40e+01 1.35e-02  1.88e+02  2.34e-01 1.44e-02     45s
  28   5.36994294e+01  7.43390005e+01  5.86e+00 1.65e+00  5.77e+01 *2.62e+01 1.34e-02  1.88e+02  2.24e-01 1.29e-02     46s
  29   5.14660648e+01  7.43265662e+01  6.12e+00 1.63e+00  5.71e+01 *2.85e+01 1.32e-02  1.87e+02  2.15e-01 1.16e-02     48s
  30   4.92496404e+01  7.43157413e+01  6.38e+00 1.61e+00  5.66e+01 *3.09e+01 1.30e-02  1.87e+02  2.06e-01 1.05e-02     50s
  31   4.70509715e+01  7.43062756e+01  6.64e+00 1.60e+00  5.60e+01 *3.33e+01 1.28e-02  1.86e+02  1.98e-01 9.57e-03     51s
  32   4.48643765e+01  7.42979378e+01  6.89e+00 1.58e+00  5.56e+01 *3.59e+01 1.26e-02  1.85e+02  1.91e-01 8.76e-03     53s
  33   4.26883504e+01  7.42905570e+01  7.15e+00 1.57e+00  5.52e+01 *3.85e+01 1.24e-02  1.85e+02  1.84e-01 8.04e-03     55s
  34   4.05191359e+01  7.42839854e+01  7.40e+00 1.56e+00  5.48e+01 *4.12e+01 1.22e-02  1.84e+02  1.78e-01 7.41e-03     56s
  35   3.83571206e+01  7.42781138e+01  7.65e+00 1.55e+00  5.44e+01 *4.40e+01 1.20e-02  1.83e+02  1.73e-01 6.85e-03     57s
  36   3.62004817e+01  7.42728442e+01  7.90e+00 1.54e+00  5.41e+01 *4.69e+01 1.18e-02  1.83e+02  1.67e-01 6.36e-03     59s
  37   3.40451020e+01  7.42680902e+01  8.15e+00 1.53e+00  5.38e+01 *4.98e+01 1.16e-02  1.82e+02  1.62e-01 5.92e-03     61s
  38   3.18909430e+01  7.42637882e+01  8.39e+00 1.52e+00  5.35e+01 *5.29e+01 1.13e-02  1.81e+02  1.58e-01 5.53e-03     63s
  39   2.97357356e+01  7.42598798e+01  8.64e+00 1.51e+00  5.33e+01 *5.60e+01 1.11e-02  1.81e+02  1.53e-01 5.17e-03     64s
  40   2.75770460e+01  7.42563155e+01  8.89e+00 1.50e+00  5.30e+01 *5.92e+01 1.08e-02  1.80e+02  1.49e-01 4.86e-03     65s
  41   2.54165941e+01  7.42530595e+01  9.13e+00 1.50e+00  5.28e+01 *6.26e+01 1.06e-02  1.80e+02  1.45e-01 4.56e-03     67s
  42   2.32517732e+01  7.42500744e+01  9.38e+00 1.49e+00  5.26e+01 *6.60e+01 1.03e-02  1.79e+02  1.42e-01 4.30e-03     68s
  43   2.10819707e+01  7.42473306e+01  9.62e+00 1.48e+00  5.24e+01 *6.95e+01 1.00e-02  1.79e+02  1.38e-01 4.06e-03     69s
  44   1.89043083e+01  7.42448000e+01  9.86e+00 1.48e+00  5.22e+01 *7.31e+01 9.74e-03  1.78e+02  1.35e-01 3.84e-03     70s
  45   1.67200928e+01  7.42424627e+01  1.01e+01 1.47e+00  5.20e+01 *7.68e+01 9.45e-03  1.78e+02  1.32e-01 3.64e-03     72s
  46   1.45262488e+01  7.42402969e+01  1.03e+01 1.47e+00  5.19e+01 *8.06e+01 9.16e-03  1.77e+02  1.29e-01 3.45e-03     74s
  47   1.23217109e+01  7.42382854e+01  1.06e+01 1.46e+00  5.17e+01 *8.45e+01 8.86e-03  1.77e+02  1.26e-01 3.28e-03     76s
  48   1.01053174e+01  7.42364133e+01  1.08e+01 1.46e+00  5.16e+01 *8.86e+01 8.56e-03  1.77e+02  1.23e-01 3.13e-03     77s
  49   7.87803689e+00  7.42346688e+01  1.11e+01 1.45e+00  5.14e+01 *9.27e+01 8.25e-03  1.76e+02  1.21e-01 2.98e-03     78s
  50   5.63636245e+00  7.42330382e+01  1.13e+01 1.45e+00  5.13e+01 *9.70e+01 7.94e-03  1.76e+02  1.18e-01 2.85e-03     80s
  51   3.38108621e+00  7.42315125e+01  1.16e+01 1.45e+00  5.12e+01 *1.01e+02 7.62e-03  1.75e+02  1.16e-01 2.72e-03     81s
  52   1.11073644e+00  7.42300820e+01  1.18e+01 1.44e+00  5.10e+01 *1.06e+02 7.30e-03  1.75e+02  1.14e-01 2.60e-03     82s
  53  -1.17397898e+00  7.42287394e+01  1.21e+01 1.44e+00  5.09e+01 *1.10e+02 6.97e-03  1.75e+02  1.11e-01 2.49e-03     83s
  54  -3.47695032e+00  7.42274757e+01  1.23e+01 1.44e+00  5.08e+01 *1.15e+02 6.64e-03  1.74e+02  1.09e-01 2.39e-03     84s
  55  -5.79998180e+00  7.42262838e+01  1.25e+01 1.43e+00  5.07e+01 *1.20e+02 6.31e-03  1.74e+02  1.07e-01 2.30e-03     85s
  56  -8.14031204e+00  7.42251598e+01  1.28e+01 1.43e+00  5.06e+01 *1.25e+02 5.98e-03  1.74e+02  1.05e-01 2.21e-03     86s
  57  -1.05021333e+01  7.42240968e+01  1.30e+01 1.43e+00  5.05e+01 *1.30e+02 5.65e-03  1.73e+02  1.03e-01 2.13e-03     88s
  58  -1.28851245e+01  7.42230906e+01  1.33e+01 1.42e+00  5.04e+01 *1.36e+02 5.31e-03  1.73e+02  1.02e-01 2.05e-03     90s
  59  -1.52913666e+01  7.42221363e+01  1.35e+01 1.42e+00  5.03e+01 *1.41e+02 4.98e-03  1.73e+02  9.98e-02 1.97e-03     91s
  60  -1.77206429e+01  7.42212306e+01  1.38e+01 1.42e+00  5.02e+01 *1.47e+02 4.65e-03  1.72e+02  9.81e-02 1.90e-03     93s
  61  -2.01751885e+01  7.42203694e+01  1.40e+01 1.42e+00  5.01e+01 *1.53e+02 4.32e-03  1.72e+02  9.65e-02 1.84e-03     94s
  62  -2.26548985e+01  7.42195499e+01  1.43e+01 1.41e+00  5.00e+01 *1.59e+02 3.99e-03  1.72e+02  9.49e-02 1.78e-03     95s
  63  -2.51621734e+01  7.42187686e+01  1.45e+01 1.41e+00  5.00e+01 *1.65e+02 3.67e-03  1.71e+02  9.33e-02 1.72e-03     97s
  64  -2.76995657e+01  7.42180224e+01  1.48e+01 1.41e+00  4.99e+01 *1.72e+02 3.36e-03  1.71e+02  9.18e-02 1.66e-03     98s
  65  -3.02672199e+01  7.42173092e+01  1.51e+01 1.41e+00  4.98e+01 *1.79e+02 3.05e-03  1.71e+02  9.04e-02 1.61e-03    100s
  66  -3.28652836e+01  7.42166270e+01  1.53e+01 1.40e+00  4.97e+01 *1.86e+02 2.74e-03  1.70e+02  8.90e-02 1.56e-03    102s
  67  -3.54991717e+01  7.42159726e+01  1.56e+01 1.40e+00  4.97e+01 *1.93e+02 2.45e-03  1.70e+02  8.76e-02 1.52e-03    103s
  68  -3.81666479e+01  7.42153452e+01  1.58e+01 1.40e+00  4.96e+01 *2.01e+02 2.17e-03  1.70e+02  8.62e-02 1.47e-03    105s
  69  -4.08707146e+01  7.42147425e+01  1.61e+01 1.40e+00  4.95e+01 *2.08e+02 1.90e-03  1.70e+02  8.49e-02 1.43e-03    107s
  70  -4.36118224e+01  7.42141632e+01  1.64e+01 1.40e+00  4.95e+01 *2.16e+02 1.64e-03  1.69e+02  8.37e-02 1.39e-03    108s
  71  -4.63959972e+01  7.42136049e+01  1.66e+01 1.39e+00  4.94e+01 *2.25e+02 1.39e-03  1.69e+02  8.24e-02 1.35e-03    110s
  72  -4.92212008e+01  7.42130671e+01  1.69e+01 1.39e+00  4.94e+01 *2.34e+02 1.16e-03  1.69e+02  8.12e-02 1.31e-03    112s
  73  -5.20909494e+01  7.42125482e+01  1.72e+01 1.39e+00  4.93e+01 *2.43e+02 9.51e-04  1.69e+02  8.00e-02 1.28e-03    114s
  74  -5.50060753e+01  7.42120475e+01  1.75e+01 1.39e+00  4.92e+01 *2.52e+02 7.58e-04  1.68e+02  7.89e-02 1.24e-03    116s
  75  -5.79733687e+01  7.42115632e+01  1.78e+01 1.39e+00  4.92e+01 *2.62e+02 5.83e-04  1.68e+02  7.78e-02 1.21e-03    117s
