
================= Linear optimization problem Information =================
Number of variables:     8
Number of constraints:   2

Norm of primal sol:      1.30e+01
Norm of dual sol:        1.00e+01
Norm of dual slacks:     5.00e+00

Norm of vector b:        1.00e+01
Norm of vector c:        1.87e+01

Norm of matrix A:        2.06e+00
Condition number:        4.00e+00
Seed:                    63

======================= Linear optimization problem =======================
coeff matrix A:          [[+0.021 +0.146 +0.075 +0.382 -0.826 +0.336 +0.571 +0.596]
                          [+0.008 +0.414 -0.540 -0.204 +0.975 -0.383 -0.631 -0.774]]

RHS vector b:            [+7.012 -7.129]
Obj vector c:            [-0.046 +0.371 +5.449 +2.672 -11.033 +4.359 +9.922 +8.654]

============================ Optimal solution =============================
Primal variables:        [+6.678 +0.000 +0.580 +6.337 +1.845 +6.028 +0.000 +6.547]
Dual slacks:             [+0.000 +4.199 +0.000 +0.000 +0.000 +0.000 +2.714 +0.000]
Dual variables:          [+1.734 -9.849]

Optimal objective:       +8.23699982e+01
===========================================================================

Method:             II-QIPM
LO_Precision:       1.00e-01
Stop_Precision:     1.00e-03
LO_Verbosity:       2
Omega:              1.00e+01
num_ancillae:       4

The Quantum Inexact Infeasible Interior-Point Method starts running ...


                  Objective                Residual                      Quantum                    Step-length
Iter      Primal           Dual         Primal    Dual     Compl    ||Resl||   Prob    Cond-Num   a-star   a-hat      Time
   0   1.51767260e+02  4.72778253e+01  2.74e+00 8.19e+00  2.88e+02  1.50e+00 1.66e-02  1.60e+01  8.21e-01 7.00e-01      2s
   1   1.23415781e+02  7.34877827e+01  1.23e+00 2.56e+00  1.09e+02  7.47e-01 1.56e-02  3.40e+01  8.46e-01 6.88e-01      4s
   2   1.14507406e+02  7.58766872e+01  1.48e+00 2.03e+00  8.79e+01  2.73e+00 1.56e-02  5.07e+01  5.12e-01 2.07e-01      5s
   3   1.13182958e+02  7.61001388e+01  1.58e+00 1.97e+00  8.58e+01  5.41e+00 1.55e-02  4.63e+01  3.97e-01 2.63e-02      7s
   4   1.12016847e+02  7.62824299e+01  1.67e+00 1.93e+00  8.40e+01  5.99e+00 1.55e-02  4.53e+01  3.83e-01 2.24e-02     10s
   5   1.10900832e+02  7.64451260e+01  1.76e+00 1.89e+00  8.25e+01  6.55e+00 1.55e-02  4.44e+01  3.71e-01 2.07e-02     12s
   6   1.09827590e+02  7.65911378e+01  1.86e+00 1.85e+00  8.10e+01  7.12e+00 1.55e-02  4.35e+01  3.59e-01 1.93e-02     14s
   7   1.08791775e+02  7.67227317e+01  1.96e+00 1.82e+00  7.97e+01  7.72e+00 1.55e-02  4.26e+01  3.49e-01 1.80e-02     16s
   8   1.07789712e+02  7.68416901e+01  2.06e+00 1.79e+00  7.85e+01  8.33e+00 1.54e-02  4.18e+01  3.39e-01 1.68e-02     18s
   9   1.06817230e+02  7.69496457e+01  2.17e+00 1.76e+00  7.74e+01  8.96e+00 1.54e-02  4.09e+01  3.30e-01 1.57e-02     20s
  10   1.05870628e+02  7.70479807e+01  2.28e+00 1.73e+00  7.63e+01  9.61e+00 1.54e-02  4.02e+01  3.21e-01 1.48e-02     22s
  11   1.04948447e+02  7.71376914e+01  2.38e+00 1.71e+00  7.54e+01  1.03e+01 1.54e-02  3.94e+01  3.13e-01 1.39e-02     24s
  12   1.04045839e+02  7.72199863e+01  2.50e+00 1.69e+00  7.45e+01  1.10e+01 1.54e-02  3.87e+01  3.05e-01 1.32e-02     26s
  13   1.03162758e+02  7.72954975e+01  2.61e+00 1.67e+00  7.36e+01  1.17e+01 1.53e-02  3.80e+01  2.98e-01 1.24e-02     28s
  14   1.02296661e+02  7.73650118e+01  2.72e+00 1.65e+00  7.28e+01  1.24e+01 1.53e-02  3.74e+01  2.91e-01 1.18e-02     30s
  15   1.01446067e+02  7.74291432e+01  2.84e+00 1.63e+00  7.21e+01  1.31e+01 1.53e-02  3.68e+01  2.84e-01 1.12e-02     33s
  16   1.00608802e+02  7.74884908e+01  2.95e+00 1.61e+00  7.14e+01  1.39e+01 1.53e-02  3.62e+01  2.78e-01 1.07e-02     35s
  17   9.97853171e+01  7.75434093e+01  3.07e+00 1.60e+00  7.07e+01  1.47e+01 1.53e-02  3.56e+01  2.72e-01 1.01e-02     36s
  18   9.89736772e+01  7.75943817e+01  3.19e+00 1.58e+00  7.01e+01  1.55e+01 1.53e-02  3.51e+01  2.66e-01 9.67e-03     38s
  19   9.81736694e+01  7.76417335e+01  3.31e+00 1.57e+00  6.95e+01  1.63e+01 1.53e-02  3.46e+01  2.61e-01 9.23e-03     40s
  20   9.73835587e+01  7.76858486e+01  3.43e+00 1.55e+00  6.90e+01  1.72e+01 1.52e-02  3.42e+01  2.55e-01 8.83e-03     42s
  21   9.66032642e+01  7.77269800e+01  3.55e+00 1.54e+00  6.85e+01  1.80e+01 1.52e-02  3.37e+01  2.50e-01 8.45e-03     44s
  22   9.58319767e+01  7.77653975e+01  3.68e+00 1.53e+00  6.80e+01  1.89e+01 1.52e-02  3.33e+01  2.46e-01 8.10e-03     45s
  23   9.50697058e+01  7.78013059e+01  3.80e+00 1.51e+00  6.75e+01  1.98e+01 1.53e-02  3.29e+01  2.41e-01 7.77e-03     47s
  24   9.43149853e+01  7.78349603e+01  3.93e+00 1.50e+00  6.70e+01  2.08e+01 1.53e-02  3.26e+01  2.37e-01 7.47e-03     49s
  25   9.35693968e+01  7.78664588e+01  4.06e+00 1.49e+00  6.66e+01  2.17e+01 1.53e-02  3.22e+01  2.33e-01 7.17e-03     51s
  26   9.28308217e+01  7.78960491e+01  4.19e+00 1.48e+00  6.62e+01  2.27e+01 1.53e-02  3.19e+01  2.28e-01 6.91e-03     53s
  27   9.20994032e+01  7.79238630e+01  4.32e+00 1.47e+00  6.58e+01  2.37e+01 1.53e-02  3.16e+01  2.25e-01 6.66e-03     55s
  28   9.13760285e+01  7.79499962e+01  4.45e+00 1.46e+00  6.54e+01  2.48e+01 1.53e-02  3.13e+01  2.21e-01 6.41e-03     57s
  29   9.06594366e+01  7.79746147e+01  4.58e+00 1.45e+00  6.50e+01  2.58e+01 1.54e-02  3.10e+01  2.17e-01 6.18e-03     59s
  30   8.99498311e+01  7.79978189e+01  4.71e+00 1.44e+00  6.47e+01  2.69e+01 1.54e-02  3.08e+01  2.14e-01 5.97e-03     61s
  31   8.92474293e+01  7.80197020e+01  4.85e+00 1.44e+00  6.43e+01  2.80e+01 1.55e-02  3.06e+01  2.10e-01 5.76e-03     63s
  32   8.85524608e+01  7.80403505e+01  4.98e+00 1.43e+00  6.40e+01  2.91e+01 1.55e-02  3.03e+01  2.07e-01 5.56e-03     65s
  33   8.78637886e+01  7.80598840e+01  5.12e+00 1.42e+00  6.37e+01  3.03e+01 1.56e-02  3.01e+01  2.04e-01 5.39e-03     67s
  34   8.71830440e+01  7.80783345e+01  5.26e+00 1.41e+00  6.34e+01  3.15e+01 1.56e-02  2.99e+01  2.01e-01 5.20e-03     69s
  35   8.65084618e+01  7.80958242e+01  5.39e+00 1.41e+00  6.31e+01  3.27e+01 1.57e-02  2.97e+01  1.98e-01 5.04e-03     71s
  36   8.58416727e+01  7.81123774e+01  5.53e+00 1.40e+00  6.28e+01  3.39e+01 1.58e-02  2.95e+01  1.95e-01 4.88e-03     73s
  37   8.51822997e+01  7.81280684e+01  5.67e+00 1.39e+00  6.25e+01  3.52e+01 1.59e-02  2.94e+01  1.92e-01 4.73e-03     74s
  38   8.45299903e+01  7.81429644e+01  5.81e+00 1.39e+00  6.23e+01  3.65e+01 1.60e-02  2.92e+01  1.89e-01 4.59e-03     76s
  39   8.38857080e+01  7.81570982e+01  5.96e+00 1.38e+00  6.20e+01  3.79e+01 1.61e-02  2.91e+01  1.86e-01 4.45e-03     78s
  40   8.32491277e+01  7.81705291e+01  6.10e+00 1.37e+00  6.18e+01  3.92e+01 1.62e-02  2.89e+01  1.84e-01 4.31e-03     81s
  41   8.26199503e+01  7.81833111e+01  6.25e+00 1.37e+00  6.15e+01  4.06e+01 1.63e-02  2.88e+01  1.81e-01 4.19e-03     83s
  42   8.19997684e+01  7.81954568e+01  6.39e+00 1.36e+00  6.13e+01  4.20e+01 1.64e-02  2.87e+01  1.79e-01 4.06e-03     85s
  43   8.13870696e+01  7.82070388e+01  6.54e+00 1.36e+00  6.11e+01  4.35e+01 1.65e-02  2.86e+01  1.76e-01 3.95e-03     87s
  44   8.07834399e+01  7.82180661e+01  6.68e+00 1.35e+00  6.09e+01  4.50e+01 1.67e-02  2.84e+01  1.74e-01 3.84e-03     89s
  45   8.01886341e+01  7.82285813e+01  6.83e+00 1.35e+00  6.07e+01  4.65e+01 1.68e-02  2.83e+01  1.72e-01 3.73e-03     91s
  46   7.96030238e+01  7.82386132e+01  6.98e+00 1.34e+00  6.05e+01  4.81e+01 1.69e-02  2.82e+01  1.69e-01 3.63e-03     93s
  47   7.90269857e+01  7.82481890e+01  7.13e+00 1.34e+00  6.03e+01  4.97e+01 1.71e-02  2.81e+01  1.67e-01 3.53e-03     95s
  48   7.84597667e+01  7.82573524e+01  7.28e+00 1.33e+00  6.01e+01  5.13e+01 1.73e-02  2.80e+01  1.65e-01 3.44e-03     97s
  49   7.79034678e+01  7.82660991e+01  7.44e+00 1.33e+00  5.99e+01  5.30e+01 1.74e-02  2.80e+01  1.63e-01 3.34e-03     99s
  50   7.73568172e+01  7.82744782e+01  7.59e+00 1.32e+00  5.97e+01  5.47e+01 1.76e-02  2.79e+01  1.61e-01 3.26e-03    101s
  51   7.68207942e+01  7.82825010e+01  7.75e+00 1.32e+00  5.96e+01  5.65e+01 1.78e-02  2.78e+01  1.59e-01 3.17e-03    103s
  52   7.62958253e+01  7.82901871e+01  7.90e+00 1.32e+00  5.94e+01  5.83e+01 1.80e-02  2.77e+01  1.57e-01 3.09e-03    105s
  53   7.57818292e+01  7.82975621e+01  8.06e+00 1.31e+00  5.92e+01  6.01e+01 1.81e-02  2.77e+01  1.55e-01 3.01e-03    107s
  54   7.52797758e+01  7.83046356e+01  8.21e+00 1.31e+00  5.91e+01  6.20e+01 1.83e-02  2.76e+01  1.53e-01 2.93e-03    109s
  55   7.47896220e+01  7.83114308e+01  8.37e+00 1.30e+00  5.89e+01  6.39e+01 1.85e-02  2.75e+01  1.52e-01 2.86e-03    111s
  56   7.43118528e+01  7.83179627e+01  8.53e+00 1.30e+00  5.88e+01  6.59e+01 1.87e-02  2.75e+01  1.50e-01 2.79e-03    113s
  57   7.38469638e+01  7.83242456e+01  8.69e+00 1.30e+00  5.86e+01  6.79e+01 1.89e-02  2.74e+01  1.48e-01 2.72e-03    115s
  58   7.33954611e+01  7.83302929e+01  8.85e+00 1.29e+00  5.85e+01  6.99e+01 1.92e-02  2.74e+01  1.46e-01 2.66e-03    116s
  59   7.29574241e+01  7.83361233e+01  9.02e+00 1.29e+00  5.83e+01  7.20e+01 1.94e-02  2.73e+01  1.45e-01 2.60e-03    118s
  60   7.25334206e+01  7.83417486e+01  9.18e+00 1.29e+00  5.82e+01  7.42e+01 1.96e-02  2.73e+01  1.43e-01 2.54e-03    120s
  61   7.21244448e+01  7.83471746e+01  9.35e+00 1.28e+00  5.81e+01  7.64e+01 1.98e-02  2.73e+01  1.42e-01 2.48e-03    122s
  62   7.17306646e+01  7.83524178e+01  9.51e+00 1.28e+00  5.80e+01  7.86e+01 2.00e-02  2.72e+01  1.40e-01 2.42e-03    124s
  63   7.13523233e+01  7.83574937e+01  9.68e+00 1.28e+00  5.78e+01  8.09e+01 2.03e-02  2.72e+01  1.39e-01 2.37e-03    126s
  64   7.09904722e+01  7.83624070e+01  9.85e+00 1.27e+00  5.77e+01  8.33e+01 2.05e-02  2.71e+01  1.37e-01 2.32e-03    128s
  65   7.06454377e+01  7.83671720e+01  1.00e+01 1.27e+00  5.76e+01  8.57e+01 2.07e-02  2.71e+01  1.36e-01 2.27e-03    130s
  66   7.03182968e+01  7.83717932e+01  1.02e+01 1.27e+00  5.75e+01  8.82e+01 2.10e-02  2.71e+01  1.34e-01 2.22e-03    132s
  67   7.00091657e+01  7.83762888e+01  1.04e+01 1.27e+00  5.74e+01  9.07e+01 2.12e-02  2.70e+01  1.33e-01 2.18e-03    134s
  68   6.97192154e+01  7.83806628e+01  1.05e+01 1.26e+00  5.72e+01  9.33e+01 2.14e-02  2.70e+01  1.32e-01 2.13e-03    136s
  69   6.94490535e+01  7.83849281e+01  1.07e+01 1.26e+00  5.71e+01  9.60e+01 2.17e-02  2.70e+01  1.31e-01 2.09e-03    138s
  70   6.91996753e+01  7.83890929e+01  1.09e+01 1.26e+00  5.70e+01  9.87e+01 2.19e-02  2.70e+01  1.30e-01 2.05e-03    140s
  71   6.89719218e+01  7.83931699e+01  1.11e+01 1.26e+00  5.69e+01  1.01e+02 2.21e-02  2.69e+01  1.28e-01 2.02e-03    142s
  72   6.87672218e+01  7.83971635e+01  1.12e+01 1.25e+00  5.68e+01  1.04e+02 2.24e-02  2.69e+01  1.27e-01 1.98e-03    144s
  73   6.85864795e+01  7.84010905e+01  1.14e+01 1.25e+00  5.67e+01  1.07e+02 2.26e-02  2.69e+01  1.26e-01 1.95e-03    146s
  74   6.84312411e+01  7.84049600e+01  1.16e+01 1.25e+00  5.66e+01  1.10e+02 2.28e-02  2.69e+01  1.26e-01 1.92e-03    148s
  75   6.83032335e+01  7.84087821e+01  1.18e+01 1.25e+00  5.65e+01  1.13e+02 2.30e-02  2.69e+01  1.25e-01 1.89e-03    150s
  76   6.82042112e+01  7.84125753e+01  1.20e+01 1.24e+00  5.64e+01  1.16e+02 2.32e-02  2.69e+01  1.24e-01 1.87e-03    152s
  77   6.81365388e+01  7.84163559e+01  1.22e+01 1.24e+00  5.63e+01  1.19e+02 2.34e-02  2.68e+01  1.23e-01 1.85e-03    153s
  78   6.81031661e+01  7.84201386e+01  1.24e+01 1.24e+00  5.62e+01  1.22e+02 2.36e-02  2.68e+01  1.23e-01 1.84e-03    155s
  79   6.81076290e+01  7.84239492e+01  1.26e+01 1.24e+00  5.61e+01  1.25e+02 2.38e-02  2.68e+01  1.23e-01 1.83e-03    157s
  80   6.81546994e+01  7.84278261e+01  1.28e+01 1.23e+00  5.61e+01  1.28e+02 2.40e-02  2.68e+01  1.23e-01 1.83e-03    159s
  81   6.82507769e+01  7.84318012e+01  1.30e+01 1.23e+00  5.60e+01  1.31e+02 2.42e-02  2.68e+01  1.23e-01 1.84e-03    160s
  82   6.84053799e+01  7.84359481e+01  1.32e+01 1.23e+00  5.59e+01  1.34e+02 2.43e-02  2.68e+01  1.24e-01 1.86e-03    163s
  83   6.86326443e+01  7.84403558e+01  1.34e+01 1.23e+00  5.58e+01  1.36e+02 2.45e-02  2.68e+01  1.25e-01 1.91e-03    164s
  84   6.89576425e+01  7.84452077e+01  1.36e+01 1.23e+00  5.57e+01  1.38e+02 2.46e-02  2.68e+01  1.28e-01 2.00e-03    166s
  85   6.94285851e+01  7.84508507e+01  1.39e+01 1.22e+00  5.56e+01  1.39e+02 2.47e-02  2.68e+01  1.34e-01 2.18e-03    168s
  86   7.01685472e+01  7.84582311e+01  1.42e+01 1.22e+00  5.54e+01  1.36e+02 2.48e-02  2.68e+01  1.45e-01 2.58e-03    170s
  87   7.17075384e+01  7.84717836e+01  1.45e+01 1.21e+00  5.52e+01  1.24e+02 2.49e-02  2.68e+01  1.78e-01 4.01e-03    171s
  88   1.35451949e+02  7.93549790e+01  1.98e+01 9.74e-01  4.50e+01 *5.17e+01 2.50e-02  2.68e+01  7.64e-01 1.98e-01    173s
  89   1.31210230e+02  7.93497715e+01  1.99e+01 9.71e-01  4.49e+01  1.30e+02 1.78e-02  2.78e+01  1.13e-01 3.48e-03    175s
  90   1.27016499e+02  7.93450054e+01  1.99e+01 9.68e-01  4.48e+01  1.37e+02 1.79e-02  2.77e+01  1.11e-01 3.27e-03    177s
  91   1.22846544e+02  7.93406104e+01  2.00e+01 9.65e-01  4.46e+01  1.44e+02 1.81e-02  2.77e+01  1.09e-01 3.10e-03    179s
  92   1.18696894e+02  7.93365486e+01  2.01e+01 9.62e-01  4.45e+01  1.51e+02 1.82e-02  2.77e+01  1.06e-01 2.95e-03    181s
  93   1.14555892e+02  7.93327795e+01  2.02e+01 9.59e-01  4.44e+01  1.58e+02 1.84e-02  2.76e+01  1.04e-01 2.81e-03    183s
  94   1.10424178e+02  7.93292786e+01  2.03e+01 9.56e-01  4.43e+01  1.65e+02 1.86e-02  2.76e+01  1.02e-01 2.68e-03    185s
  95   1.06294238e+02  7.93260174e+01  2.04e+01 9.54e-01  4.42e+01  1.73e+02 1.87e-02  2.76e+01  1.00e-01 2.56e-03    187s
  96   1.02162587e+02  7.93229741e+01  2.05e+01 9.52e-01  4.41e+01  1.80e+02 1.89e-02  2.75e+01  9.83e-02 2.45e-03    188s
  97   9.80257030e+01  7.93201294e+01  2.06e+01 9.49e-01  4.40e+01  1.88e+02 1.91e-02  2.75e+01  9.66e-02 2.35e-03    190s
  98   9.38758660e+01  7.93174634e+01  2.07e+01 9.47e-01  4.39e+01  1.96e+02 1.93e-02  2.75e+01  9.49e-02 2.26e-03    192s
  99   8.97134644e+01  7.93149635e+01  2.09e+01 9.45e-01  4.38e+01  2.04e+02 1.94e-02  2.75e+01  9.32e-02 2.17e-03    194s
 100   8.55347555e+01  7.93126162e+01  2.10e+01 9.43e-01  4.37e+01  2.13e+02 1.96e-02  2.74e+01  9.17e-02 2.09e-03    196s
 101   8.13274738e+01  7.93104046e+01  2.11e+01 9.41e-01  4.36e+01  2.22e+02 1.98e-02  2.74e+01  9.02e-02 2.02e-03    198s
 102   7.70957829e+01  7.93083226e+01  2.13e+01 9.40e-01  4.36e+01  2.30e+02 2.00e-02  2.74e+01  8.87e-02 1.95e-03    200s
 103   7.28355246e+01  7.93063604e+01  2.14e+01 9.38e-01  4.35e+01  2.40e+02 2.01e-02  2.74e+01  8.73e-02 1.88e-03    202s
 104   6.85337617e+01  7.93045055e+01  2.16e+01 9.36e-01  4.34e+01  2.49e+02 2.03e-02  2.74e+01  8.60e-02 1.83e-03    203s
 105   6.41942592e+01  7.93027541e+01  2.18e+01 9.34e-01  4.33e+01  2.59e+02 2.05e-02  2.73e+01  8.47e-02 1.77e-03    205s
 106   5.98078331e+01  7.93010976e+01  2.19e+01 9.33e-01  4.33e+01  2.68e+02 2.07e-02  2.73e+01  8.35e-02 1.72e-03    207s
 107   5.53692058e+01  7.92995299e+01  2.21e+01 9.31e-01  4.32e+01  2.79e+02 2.08e-02  2.73e+01  8.23e-02 1.67e-03    209s
 108   5.08682662e+01  7.92980443e+01  2.23e+01 9.30e-01  4.31e+01  2.89e+02 2.10e-02  2.73e+01  8.12e-02 1.63e-03    211s
 109   4.63033454e+01  7.92966380e+01  2.25e+01 9.28e-01  4.31e+01  3.00e+02 2.12e-02  2.73e+01  8.01e-02 1.59e-03    212s
 110   4.16633604e+01  7.92953058e+01  2.27e+01 9.27e-01  4.30e+01  3.11e+02 2.14e-02  2.73e+01  7.91e-02 1.56e-03    214s
 111   3.69410762e+01  7.92940446e+01  2.29e+01 9.25e-01  4.30e+01  3.22e+02 2.15e-02  2.73e+01  7.81e-02 1.53e-03    216s
 112   3.21189826e+01  7.92928500e+01  2.31e+01 9.24e-01  4.29e+01  3.34e+02 2.17e-02  2.72e+01  7.72e-02 1.50e-03    218s
 113   2.71828412e+01  7.92917195e+01  2.33e+01 9.23e-01  4.28e+01  3.46e+02 2.19e-02  2.72e+01  7.64e-02 1.48e-03    220s
 114   2.21270219e+01  7.92906545e+01  2.35e+01 9.21e-01  4.28e+01  3.58e+02 2.20e-02  2.72e+01  7.56e-02 1.46e-03    222s
 115   1.69139355e+01  7.92896508e+01  2.38e+01 9.20e-01  4.27e+01  3.71e+02 2.22e-02  2.72e+01  7.49e-02 1.45e-03    224s
 116   1.15226837e+01  7.92887111e+01  2.40e+01 9.19e-01  4.27e+01  3.84e+02 2.23e-02  2.72e+01  7.43e-02 1.45e-03    227s
 117   5.90670094e+00  7.92878370e+01  2.43e+01 9.17e-01  4.26e+01  3.97e+02 2.25e-02  2.72e+01  7.39e-02 1.46e-03    229s
