
================= Linear optimization problem Information =================
Number of variables:     8
Number of constraints:   2

Norm of primal sol:      2.25e+01
Norm of dual sol:        1.00e+01
Norm of dual slacks:     5.00e+00

Norm of vector b:        1.00e+01
Norm of vector c:        1.99e+01

Norm of matrix A:        2.24e+00
Condition number:        2.00e+00
Seed:                    71

======================= Linear optimization problem =======================
coeff matrix A:          [[+0.750 +0.380 -0.719 -0.284 +0.421 +0.334 -0.359 -0.725]
                          [-0.348 +0.785 +0.362 +0.598 -0.767 -0.521 +0.655 +0.489]]

RHS vector b:            [-5.117 +8.592]
Obj vector c:            [+8.058 -1.781 -4.270 -5.905 +8.021 +9.265 -6.836 -8.727]

============================ Optimal solution =============================
Primal variables:        [+2.597 +5.410 +0.000 +2.781 +12.827 +0.000 +10.113 +13.934]
Dual slacks:             [+0.000 +0.000 +3.629 +0.000 +0.000 +3.439 +0.000 +0.000]
Dual variables:          [+7.920 -6.106]

Optimal objective:       -9.29839368e+01
===========================================================================

Method:             II-QIPM
LO_Precision:       1.00e-01
Stop_Precision:     1.00e-03
LO_Verbosity:       2
Omega:              1.00e+01
num_ancillae:       4

The Quantum Inexact Infeasible Interior-Point Method starts running ...


                  Objective                Residual                      Quantum                    Step-length
Iter      Primal           Dual         Primal    Dual     Compl    ||Resl||   Prob    Cond-Num   a-star   a-hat      Time
   0  -2.83353777e+01 -8.09052878e+01  1.24e+00 8.85e+00  2.60e+02  2.29e-02 1.90e-02  4.00e+00  8.67e-01 7.48e-01      2s
   1  -3.46559113e+01 -8.34290524e+01  8.77e-01 7.50e+00  2.24e+02  1.15e+00 4.08e-02  9.16e+00  6.96e-01 1.52e-01      4s
   2  -3.92944960e+01 -8.50398965e+01  5.06e-01 6.64e+00  2.01e+02  2.33e+00 4.40e-02  9.91e+00  6.63e-01 1.16e-01      6s
   3  -4.30444161e+01 -8.62447243e+01  1.02e-01 5.99e+00  1.83e+02  3.64e+00 4.50e-02  1.06e+01  6.33e-01 9.75e-02      7s
   4  -4.60472859e+01 -8.71631542e+01  3.27e-01 5.50e+00  1.70e+02  5.15e+00 4.50e-02  1.12e+01  6.02e-01 8.17e-02     10s
   5  -4.84548826e+01 -8.78772272e+01  7.70e-01 5.12e+00  1.59e+02  6.81e+00 4.43e-02  1.17e+01  5.72e-01 6.84e-02     11s
   6  -5.04059333e+01 -8.84450296e+01  1.22e+00 4.83e+00  1.51e+02  8.58e+00 4.33e-02  1.22e+01  5.42e-01 5.77e-02     13s
   7  -5.20080183e+01 -8.89059178e+01  1.68e+00 4.59e+00  1.44e+02  1.04e+01 4.22e-02  1.27e+01  5.15e-01 4.92e-02     15s
   8  -5.33422068e+01 -8.92870966e+01  2.13e+00 4.40e+00  1.38e+02  1.24e+01 4.11e-02  1.30e+01  4.87e-01 4.24e-02     17s
   9  -5.44678579e+01 -8.96074256e+01  2.58e+00 4.23e+00  1.34e+02  1.44e+01 4.01e-02  1.34e+01  4.61e-01 3.69e-02     18s
  10  -5.54276425e+01 -8.98799869e+01  3.03e+00 4.10e+00  1.30e+02  1.65e+01 3.91e-02  1.37e+01  4.37e-01 3.23e-02     21s
  11  -5.62568716e+01 -9.01152691e+01  3.48e+00 3.98e+00  1.26e+02  1.87e+01 3.83e-02  1.40e+01  4.16e-01 2.86e-02     22s
  12  -5.69787207e+01 -9.03200656e+01  3.93e+00 3.88e+00  1.23e+02  2.10e+01 3.75e-02  1.42e+01  3.97e-01 2.55e-02     24s
  13  -5.76129212e+01 -9.05000694e+01  4.37e+00 3.79e+00  1.21e+02  2.33e+01 3.69e-02  1.44e+01  3.79e-01 2.29e-02     26s
  14  -5.81739034e+01 -9.06594074e+01  4.81e+00 3.71e+00  1.19e+02  2.57e+01 3.63e-02  1.46e+01  3.63e-01 2.06e-02     28s
  15  -5.86748398e+01 -9.08018206e+01  5.25e+00 3.64e+00  1.17e+02  2.82e+01 3.58e-02  1.48e+01  3.49e-01 1.88e-02     30s
  16  -5.91239459e+01 -9.09296294e+01  5.69e+00 3.58e+00  1.15e+02  3.08e+01 3.53e-02  1.50e+01  3.35e-01 1.71e-02     32s
  17  -5.95289399e+01 -9.10450079e+01  6.12e+00 3.52e+00  1.13e+02  3.34e+01 3.49e-02  1.51e+01  3.23e-01 1.57e-02     34s
  18  -5.98961952e+01 -9.11497475e+01  6.56e+00 3.47e+00  1.12e+02  3.61e+01 3.45e-02  1.53e+01  3.11e-01 1.44e-02     36s
  19  -6.02310079e+01 -9.12453350e+01  6.99e+00 3.43e+00  1.10e+02  3.89e+01 3.42e-02  1.54e+01  3.00e-01 1.33e-02     37s
  20  -6.05368869e+01 -9.13327499e+01  7.42e+00 3.38e+00  1.09e+02  4.18e+01 3.39e-02  1.55e+01  2.91e-01 1.23e-02     39s
  21  -6.08180243e+01 -9.14131697e+01  7.85e+00 3.35e+00  1.08e+02  4.48e+01 3.36e-02  1.56e+01  2.81e-01 1.15e-02     41s
  22  -6.10768844e+01 -9.14872813e+01  8.28e+00 3.31e+00  1.07e+02  4.79e+01 3.34e-02  1.57e+01  2.73e-01 1.07e-02     43s
  23  -6.13161245e+01 -9.15558291e+01  8.70e+00 3.28e+00  1.06e+02  5.10e+01 3.32e-02  1.58e+01  2.64e-01 9.97e-03     45s
  24  -6.15382514e+01 -9.16195171e+01  9.13e+00 3.25e+00  1.05e+02  5.42e+01 3.30e-02  1.58e+01  2.57e-01 9.35e-03     47s
  25  -6.17445791e+01 -9.16787096e+01  9.55e+00 3.22e+00  1.04e+02  5.75e+01 3.28e-02  1.59e+01  2.50e-01 8.77e-03     49s
  26  -6.19368908e+01 -9.17339074e+01  9.98e+00 3.19e+00  1.03e+02  6.09e+01 3.26e-02  1.60e+01  2.43e-01 8.24e-03     50s
  27  -6.21167354e+01 -9.17855455e+01  1.04e+01 3.17e+00  1.03e+02  6.44e+01 3.25e-02  1.60e+01  2.36e-01 7.77e-03     52s
  28  -6.22852944e+01 -9.18339550e+01  1.08e+01 3.14e+00  1.02e+02  6.80e+01 3.23e-02  1.61e+01  2.30e-01 7.34e-03     54s
  29  -6.24434586e+01 -9.18793847e+01  1.12e+01 3.12e+00  1.01e+02  7.16e+01 3.22e-02  1.61e+01  2.24e-01 6.94e-03     56s
  30  -6.25921852e+01 -9.19221034e+01  1.17e+01 3.10e+00  1.01e+02  7.54e+01 3.21e-02  1.62e+01  2.19e-01 6.57e-03     58s
  31  -6.27324673e+01 -9.19623911e+01  1.21e+01 3.08e+00  1.00e+02  7.92e+01 3.20e-02  1.62e+01  2.14e-01 6.23e-03     60s
  32  -6.28649147e+01 -9.20004185e+01  1.25e+01 3.06e+00  9.96e+01  8.31e+01 3.19e-02  1.63e+01  2.09e-01 5.92e-03     62s
  33  -6.29902108e+01 -9.20363782e+01  1.29e+01 3.05e+00  9.91e+01  8.72e+01 3.18e-02  1.63e+01  2.04e-01 5.63e-03     64s
  34  -6.31088505e+01 -9.20704090e+01  1.33e+01 3.03e+00  9.86e+01  9.13e+01 3.17e-02  1.63e+01  1.99e-01 5.36e-03     66s
  35  -6.32214006e+01 -9.21026709e+01  1.38e+01 3.01e+00  9.81e+01  9.54e+01 3.16e-02  1.64e+01  1.95e-01 5.11e-03     68s
  36  -6.33284788e+01 -9.21333390e+01  1.42e+01 3.00e+00  9.77e+01  9.97e+01 3.16e-02  1.64e+01  1.91e-01 4.88e-03     70s
  37  -6.34303293e+01 -9.21624812e+01  1.46e+01 2.99e+00  9.73e+01  1.04e+02 3.15e-02  1.64e+01  1.87e-01 4.66e-03     72s
  38  -6.35274785e+01 -9.21902471e+01  1.50e+01 2.97e+00  9.69e+01  1.09e+02 3.14e-02  1.65e+01  1.83e-01 4.46e-03     73s
  39  -6.36201189e+01 -9.22166904e+01  1.54e+01 2.96e+00  9.65e+01  1.13e+02 3.14e-02  1.65e+01  1.80e-01 4.27e-03     75s
  40  -6.37086140e+01 -9.22419145e+01  1.59e+01 2.95e+00  9.61e+01  1.18e+02 3.13e-02  1.65e+01  1.76e-01 4.09e-03     77s
  41  -6.37932939e+01 -9.22660130e+01  1.63e+01 2.94e+00  9.58e+01  1.22e+02 3.13e-02  1.65e+01  1.73e-01 3.93e-03     79s
  42  -6.38743777e+01 -9.22890480e+01  1.67e+01 2.92e+00  9.55e+01  1.27e+02 3.12e-02  1.66e+01  1.69e-01 3.77e-03     81s
  43  -6.39522254e+01 -9.23111218e+01  1.71e+01 2.91e+00  9.51e+01  1.32e+02 3.12e-02  1.66e+01  1.66e-01 3.62e-03     83s
  44  -6.40268625e+01 -9.23322418e+01  1.75e+01 2.90e+00  9.48e+01  1.37e+02 3.11e-02  1.66e+01  1.63e-01 3.48e-03     85s
  45  -6.40986107e+01 -9.23524995e+01  1.80e+01 2.89e+00  9.46e+01  1.42e+02 3.11e-02  1.66e+01  1.60e-01 3.35e-03     87s
  46  -6.41676230e+01 -9.23719385e+01  1.84e+01 2.88e+00  9.43e+01  1.47e+02 3.10e-02  1.66e+01  1.58e-01 3.23e-03     89s
  47  -6.42340424e+01 -9.23905998e+01  1.88e+01 2.88e+00  9.40e+01  1.53e+02 3.10e-02  1.67e+01  1.55e-01 3.11e-03     91s
  48  -6.42980672e+01 -9.24085400e+01  1.92e+01 2.87e+00  9.37e+01  1.58e+02 3.10e-02  1.67e+01  1.52e-01 3.00e-03     93s
  49  -6.43598177e+01 -9.24257935e+01  1.96e+01 2.86e+00  9.35e+01  1.64e+02 3.09e-02  1.67e+01  1.50e-01 2.89e-03     94s
  50  -6.44194666e+01 -9.24424096e+01  2.00e+01 2.85e+00  9.33e+01  1.69e+02 3.09e-02  1.67e+01  1.47e-01 2.80e-03     96s
  51  -6.44770576e+01 -9.24584016e+01  2.05e+01 2.84e+00  9.30e+01  1.75e+02 3.09e-02  1.67e+01  1.45e-01 2.70e-03     98s
  52  -6.45328022e+01 -9.24738292e+01  2.09e+01 2.84e+00  9.28e+01  1.81e+02 3.09e-02  1.67e+01  1.43e-01 2.61e-03    100s
  53  -6.45867319e+01 -9.24887024e+01  2.13e+01 2.83e+00  9.26e+01  1.86e+02 3.08e-02  1.68e+01  1.40e-01 2.52e-03    101s
  54  -6.46389839e+01 -9.25030602e+01  2.17e+01 2.82e+00  9.24e+01  1.92e+02 3.08e-02  1.68e+01  1.38e-01 2.44e-03    103s
  55  -6.46896342e+01 -9.25169248e+01  2.21e+01 2.81e+00  9.22e+01  1.98e+02 3.08e-02  1.68e+01  1.36e-01 2.37e-03    105s
  56  -6.47387548e+01 -9.25303171e+01  2.25e+01 2.81e+00  9.20e+01  2.04e+02 3.08e-02  1.68e+01  1.34e-01 2.29e-03    107s
  57  -6.47864615e+01 -9.25432702e+01  2.30e+01 2.80e+00  9.18e+01  2.11e+02 3.07e-02  1.68e+01  1.32e-01 2.22e-03    109s
  58  -6.48328152e+01 -9.25558020e+01  2.34e+01 2.80e+00  9.16e+01  2.17e+02 3.07e-02  1.68e+01  1.30e-01 2.16e-03    111s
  59  -6.48778286e+01 -9.25679172e+01  2.38e+01 2.79e+00  9.15e+01  2.23e+02 3.07e-02  1.68e+01  1.28e-01 2.09e-03    113s
  60  -6.49216911e+01 -9.25796683e+01  2.42e+01 2.78e+00  9.13e+01  2.30e+02 3.07e-02  1.68e+01  1.27e-01 2.03e-03    114s
  61  -6.49643209e+01 -9.25910348e+01  2.46e+01 2.78e+00  9.11e+01  2.36e+02 3.07e-02  1.68e+01  1.25e-01 1.97e-03    116s
  62  -6.50058946e+01 -9.26020653e+01  2.51e+01 2.77e+00  9.10e+01  2.43e+02 3.06e-02  1.68e+01  1.23e-01 1.91e-03    117s
  63  -6.50464135e+01 -9.26127615e+01  2.55e+01 2.77e+00  9.08e+01  2.50e+02 3.06e-02  1.69e+01  1.21e-01 1.86e-03    119s
  64  -6.50859195e+01 -9.26231359e+01  2.59e+01 2.76e+00  9.07e+01  2.57e+02 3.06e-02  1.69e+01  1.20e-01 1.81e-03    121s
  65  -6.51244528e+01 -9.26332006e+01  2.63e+01 2.76e+00  9.05e+01  2.64e+02 3.06e-02  1.69e+01  1.18e-01 1.76e-03    123s
  66  -6.51620890e+01 -9.26429768e+01  2.67e+01 2.75e+00  9.04e+01  2.71e+02 3.06e-02  1.69e+01  1.17e-01 1.71e-03    125s
  67  -6.51988622e+01 -9.26524748e+01  2.71e+01 2.75e+00  9.02e+01  2.78e+02 3.06e-02  1.69e+01  1.15e-01 1.67e-03    127s
  68  -6.52348048e+01 -9.26617045e+01  2.76e+01 2.75e+00  9.01e+01  2.85e+02 3.06e-02  1.69e+01  1.14e-01 1.62e-03    128s
  69  -6.52699479e+01 -9.26706753e+01  2.80e+01 2.74e+00  9.00e+01  2.92e+02 3.05e-02  1.69e+01  1.12e-01 1.58e-03    130s
  70  -6.53043553e+01 -9.26794049e+01  2.84e+01 2.74e+00  8.98e+01  3.00e+02 3.05e-02  1.69e+01  1.11e-01 1.54e-03    132s
  71  -6.53380536e+01 -9.26879014e+01  2.88e+01 2.73e+00  8.97e+01  3.07e+02 3.05e-02  1.69e+01  1.10e-01 1.50e-03    134s
  72  -6.53710348e+01 -9.26961642e+01  2.92e+01 2.73e+00  8.96e+01  3.15e+02 3.05e-02  1.69e+01  1.08e-01 1.46e-03    136s
  73  -6.54033571e+01 -9.27042095e+01  2.97e+01 2.72e+00  8.95e+01  3.23e+02 3.05e-02  1.69e+01  1.07e-01 1.43e-03    138s
  74  -6.54350434e+01 -9.27120443e+01  3.01e+01 2.72e+00  8.94e+01  3.30e+02 3.05e-02  1.69e+01  1.06e-01 1.39e-03    140s
  75  -6.54661468e+01 -9.27196831e+01  3.05e+01 2.72e+00  8.93e+01  3.38e+02 3.05e-02  1.69e+01  1.04e-01 1.36e-03    142s
  76  -6.54966564e+01 -9.27271246e+01  3.09e+01 2.71e+00  8.91e+01  3.46e+02 3.05e-02  1.69e+01  1.03e-01 1.33e-03    144s
  77  -6.55266223e+01 -9.27343823e+01  3.13e+01 2.71e+00  8.90e+01  3.54e+02 3.05e-02  1.70e+01  1.02e-01 1.29e-03    146s
  78  -6.55560331e+01 -9.27414549e+01  3.18e+01 2.71e+00  8.89e+01  3.63e+02 3.05e-02  1.70e+01  1.01e-01 1.26e-03    148s
  79  -6.55849649e+01 -9.27483620e+01  3.22e+01 2.70e+00  8.88e+01  3.71e+02 3.04e-02  1.70e+01  9.98e-02 1.24e-03    150s
  80  -6.56133762e+01 -9.27550949e+01  3.26e+01 2.70e+00  8.87e+01  3.79e+02 3.04e-02  1.70e+01  9.87e-02 1.21e-03    152s
  81  -6.56413399e+01 -9.27616723e+01  3.30e+01 2.70e+00  8.86e+01  3.88e+02 3.04e-02  1.70e+01  9.76e-02 1.18e-03    154s
  82  -6.56688150e+01 -9.27680858e+01  3.34e+01 2.69e+00  8.86e+01  3.96e+02 3.04e-02  1.70e+01  9.66e-02 1.15e-03    156s
  83  -6.56958981e+01 -9.27743592e+01  3.38e+01 2.69e+00  8.85e+01  4.05e+02 3.04e-02  1.70e+01  9.55e-02 1.13e-03    158s
  84  -6.57225480e+01 -9.27804841e+01  3.43e+01 2.69e+00  8.84e+01  4.14e+02 3.04e-02  1.70e+01  9.45e-02 1.10e-03    160s
  85  -6.57488042e+01 -9.27864709e+01  3.47e+01 2.68e+00  8.83e+01  4.23e+02 3.04e-02  1.70e+01  9.35e-02 1.08e-03    162s
  86  -6.57746528e+01 -9.27923175e+01  3.51e+01 2.68e+00  8.82e+01  4.32e+02 3.04e-02  1.70e+01  9.26e-02 1.06e-03    164s
  87  -6.58001315e+01 -9.27980338e+01  3.55e+01 2.68e+00  8.81e+01  4.41e+02 3.04e-02  1.70e+01  9.16e-02 1.03e-03    166s
  88  -6.58252763e+01 -9.28036290e+01  3.59e+01 2.68e+00  8.80e+01  4.50e+02 3.04e-02  1.70e+01  9.07e-02 1.01e-03    168s
  89  -6.58500723e+01 -9.28091009e+01  3.64e+01 2.67e+00  8.80e+01  4.59e+02 3.04e-02  1.70e+01  8.98e-02 9.92e-04    170s

The solution quality is limited by the precision of the linear system solver.

The II-IPM stopped after 90 iterations in 169.68 seconds.

Primal variables:   [+6.937 +4.193 +3.904 +8.310 +102.143 +3.729 +8.539 +96.709]
Dual slacks:        [+1.845 +3.521 +3.138 +1.421 +0.054 +3.580 +1.364 +0.060]
Dual variables:     [+4.803 -7.942]

Primal objective:   -6.58500723e+01
Dual objective:     -9.28091009e+01

Primal residual:    3.64e+01
Dual residual:      2.67e+00
Complementraty:     8.80e+01

Number of Iter:     90
Run time:           169.68
