
================= Linear optimization problem Information =================
Number of variables:     8
Number of constraints:   2

Norm of primal sol:      2.53e+01
Norm of dual sol:        1.00e+01
Norm of dual slacks:     5.00e+00

Norm of vector b:        1.00e+01
Norm of vector c:        4.69e+00

Norm of matrix A:        2.00e+00
Condition number:        1.60e+01
Seed:                    50

======================= Linear optimization problem =======================
coeff matrix A:          [[-0.474 -0.527 -0.525 -0.423 -0.125 -0.403 +0.478 +0.273]
                          [-0.563 -0.726 -0.702 -0.657 -0.010 -0.525 +0.665 +0.303]]

RHS vector b:            [-5.995 -8.003]
Obj vector c:            [+4.025 +2.117 -0.109 +0.451 -0.956 -0.167 -0.058 +0.421]

============================ Optimal solution =============================
Primal variables:        [+0.000 +0.000 +4.435 +6.880 +6.550 +17.300 +7.086 +13.400]
Dual slacks:             [+4.540 +2.094 +0.000 +0.000 +0.000 +0.000 +0.000 +0.000]
Dual variables:          [+8.080 -5.892]

Optimal objective:       -1.28569808e+00
===========================================================================

Method:             II-QIPM
LO_Precision:       1.00e-01
Stop_Precision:     1.00e-03
LO_Verbosity:       2
Omega:              1.00e+01
num_ancillae:       4

The Quantum Inexact Infeasible Interior-Point Method starts running ...


                  Objective                Residual                      Quantum                    Step-length
Iter      Primal           Dual         Primal    Dual     Compl    ||Resl||   Prob    Cond-Num   a-star   a-hat      Time
   0   3.51322684e+01 -2.50000396e+01  6.87e+00 1.01e+01  3.46e+02  6.36e-01 1.56e-02  2.56e+02  7.49e-01 6.21e-01      2s
   1   3.02040534e+01 -1.94855203e+01  5.16e+00 7.51e+00  2.66e+02 *1.00e+00 1.56e-02  2.29e+02  7.86e-01 2.55e-01      4s
   2   2.20357033e+01 -1.24724425e+01  3.35e+00 4.70e+00  1.74e+02 *1.33e+00 1.56e-02  2.15e+02  7.08e-01 3.75e-01      6s
   3   1.10960849e+01 -7.94222236e+00  2.58e+00 3.05e+00  1.15e+02 *2.42e+00 1.55e-02  1.63e+02  5.30e-01 3.51e-01      8s
   4   1.02736443e+01 -7.85034476e+00  2.60e+00 3.01e+00  1.14e+02 *6.92e+00 1.48e-02  7.35e+01  2.77e-01 1.16e-02     10s
   5   9.54114141e+00 -7.77421885e+00  2.62e+00 2.98e+00  1.13e+02 *7.39e+00 1.47e-02  6.95e+01  2.69e-01 9.83e-03     12s
   6   8.81810535e+00 -7.70371520e+00  2.65e+00 2.95e+00  1.12e+02 *7.82e+00 1.46e-02  6.62e+01  2.62e-01 9.25e-03     14s
   7   8.10375130e+00 -7.63826708e+00  2.68e+00 2.93e+00  1.11e+02 *8.27e+00 1.44e-02  6.32e+01  2.55e-01 8.72e-03     15s
   8   7.39663635e+00 -7.57731306e+00  2.71e+00 2.90e+00  1.10e+02 *8.72e+00 1.43e-02  6.03e+01  2.49e-01 8.25e-03     17s
   9   6.69606546e+00 -7.52042023e+00  2.75e+00 2.88e+00  1.10e+02 *9.19e+00 1.42e-02  5.76e+01  2.43e-01 7.81e-03     20s
  10   6.00207140e+00 -7.46725663e+00  2.78e+00 2.86e+00  1.09e+02 *9.68e+00 1.40e-02  5.51e+01  2.37e-01 7.40e-03     22s
  11   5.31402266e+00 -7.41746998e+00  2.82e+00 2.84e+00  1.08e+02 *1.02e+01 1.39e-02  5.28e+01  2.32e-01 7.02e-03     24s
  12   4.63062869e+00 -7.37069874e+00  2.86e+00 2.82e+00  1.08e+02 *1.07e+01 1.38e-02  5.06e+01  2.27e-01 6.68e-03     26s
  13   3.95129766e+00 -7.32666781e+00  2.90e+00 2.80e+00  1.07e+02 *1.12e+01 1.36e-02  4.86e+01  2.22e-01 6.37e-03     28s
  14   3.27680363e+00 -7.28521256e+00  2.94e+00 2.79e+00  1.06e+02 *1.17e+01 1.35e-02  4.66e+01  2.17e-01 6.07e-03     30s
  15   2.60525076e+00 -7.24601912e+00  2.98e+00 2.77e+00  1.06e+02 *1.23e+01 1.33e-02  4.48e+01  2.13e-01 5.80e-03     32s
  16   1.93742124e+00 -7.20895973e+00  3.03e+00 2.75e+00  1.05e+02 *1.29e+01 1.32e-02  4.31e+01  2.08e-01 5.55e-03     34s
  17   1.27211598e+00 -7.17380575e+00  3.07e+00 2.74e+00  1.05e+02 *1.34e+01 1.31e-02  4.15e+01  2.04e-01 5.31e-03     36s
  18   6.08800008e-01 -7.14038569e+00  3.12e+00 2.73e+00  1.04e+02 *1.40e+01 1.30e-02  4.00e+01  2.00e-01 5.10e-03     38s
  19  -5.17352552e-02 -7.10860625e+00  3.17e+00 2.71e+00  1.04e+02 *1.46e+01 1.30e-02  3.85e+01  1.97e-01 4.89e-03     40s
  20  -7.11320447e-01 -7.07825507e+00  3.22e+00 2.70e+00  1.03e+02 *1.53e+01 1.30e-02  3.72e+01  1.93e-01 4.71e-03     42s
  21  -1.36982567e+00 -7.04922847e+00  3.27e+00 2.69e+00  1.03e+02 *1.59e+01 1.31e-02  3.59e+01  1.90e-01 4.54e-03     44s
  22  -2.02711236e+00 -7.02142785e+00  3.32e+00 2.68e+00  1.03e+02 *1.66e+01 1.32e-02  3.46e+01  1.87e-01 4.38e-03     46s
  23  -2.68369037e+00 -6.99473255e+00  3.38e+00 2.66e+00  1.02e+02 *1.72e+01 1.35e-02  3.35e+01  1.84e-01 4.23e-03     48s
  24  -3.34072772e+00 -6.96900375e+00  3.43e+00 2.65e+00  1.02e+02 *1.79e+01 1.39e-02  3.23e+01  1.81e-01 4.10e-03     50s
  25  -3.99875018e+00 -6.94413678e+00  3.49e+00 2.64e+00  1.01e+02 *1.86e+01 1.44e-02  3.13e+01  1.79e-01 3.97e-03     52s
  26  -4.65762799e+00 -6.92005546e+00  3.55e+00 2.63e+00  1.01e+02 *1.93e+01 1.52e-02  3.03e+01  1.76e-01 3.86e-03     54s
  27  -5.31854162e+00 -6.89663746e+00  3.60e+00 2.62e+00  1.01e+02 *2.00e+01 1.61e-02  2.93e+01  1.74e-01 3.76e-03     56s
  28  -5.98136571e+00 -6.87381022e+00  3.66e+00 2.61e+00  1.00e+02 *2.08e+01 1.74e-02  2.84e+01  1.72e-01 3.66e-03     58s
  29  -6.64795833e+00 -6.85143247e+00  3.73e+00 2.60e+00  1.00e+02 *2.15e+01 1.89e-02  2.75e+01  1.70e-01 3.59e-03     60s
  30  -7.31888293e+00 -6.82940813e+00  3.79e+00 2.59e+00  9.97e+01 *2.23e+01 2.09e-02  2.66e+01  1.69e-01 3.52e-03     62s
  31  -7.99538187e+00 -6.80761486e+00  3.85e+00 2.59e+00  9.94e+01 *2.30e+01 2.32e-02  2.58e+01  1.68e-01 3.47e-03     64s
  32  -8.67804251e+00 -6.78594511e+00  3.92e+00 2.58e+00  9.91e+01 *2.38e+01 2.61e-02  2.50e+01  1.67e-01 3.43e-03     66s
  33  -9.37021176e+00 -6.76419297e+00  3.99e+00 2.57e+00  9.88e+01 *2.45e+01 2.96e-02  2.43e+01  1.66e-01 3.41e-03     68s
  34  -1.00725712e+01 -6.74222032e+00  4.06e+00 2.56e+00  9.85e+01 *2.53e+01 3.39e-02  2.35e+01  1.66e-01 3.41e-03     70s
  35  -1.07893577e+01 -6.71974964e+00  4.14e+00 2.55e+00  9.82e+01 *2.60e+01 3.89e-02  2.28e+01  1.67e-01 3.44e-03     72s
  36  -1.15243074e+01 -6.69647386e+00  4.22e+00 2.54e+00  9.79e+01 *2.67e+01 4.49e-02  2.21e+01  1.69e-01 3.50e-03     74s
  37  -1.22828630e+01 -6.67195543e+00  4.30e+00 2.53e+00  9.76e+01 *2.73e+01 5.21e-02  2.14e+01  1.71e-01 3.61e-03     76s
  38  -1.30731875e+01 -6.64553315e+00  4.39e+00 2.52e+00  9.72e+01 *2.78e+01 6.07e-02  2.08e+01  1.75e-01 3.80e-03     78s
  39  -1.39091201e+01 -6.61609345e+00  4.49e+00 2.51e+00  9.69e+01 *2.81e+01 7.11e-02  2.01e+01  1.82e-01 4.12e-03     80s
  40  -1.48133042e+01 -6.58164041e+00  4.60e+00 2.50e+00  9.65e+01 *2.82e+01 8.37e-02  1.94e+01  1.92e-01 4.66e-03     82s
  41  -1.58298676e+01 -6.53789790e+00  4.73e+00 2.49e+00  9.60e+01 *2.78e+01 9.94e-02  1.87e+01  2.11e-01 5.69e-03     84s
  42  -1.70636404e+01 -6.47300170e+00  4.90e+00 2.47e+00  9.53e+01 *2.65e+01 1.20e-01  1.80e+01  2.47e-01 8.10e-03     86s
  43  -1.88999502e+01 -6.32991965e+00  5.19e+00 2.42e+00  9.38e+01  2.32e+01 1.49e-01  1.71e+01  3.41e-01 1.72e-02     88s
  44  -3.48806221e+01 -9.01580065e-01  1.10e+01 7.59e-01  3.26e+01  1.39e+01 2.02e-01  1.59e+01  8.45e-01 6.87e-01     90s
  45  -4.36896707e+01 -1.45091302e+00  7.38e+00 5.31e-01  2.36e+01  8.54e+00 3.37e-01  9.84e+00  6.90e-01 3.00e-01     92s
  46  -1.56791867e+01 -1.41665907e+00  1.69e+00 8.94e-02  5.21e+00  1.62e+00 5.20e-01  8.39e+00  9.51e-01 8.32e-01     94s
  47  -2.54520584e+01 -1.34919684e+00  2.56e+00 4.84e-02  2.86e+00 *3.61e+00 1.47e-02  9.43e+01  6.01e-01 4.59e-01     95s
  48  -2.72841114e+01 -1.34778277e+00  2.74e+00 4.75e-02  2.81e+00 *1.31e+01 9.43e-03  3.75e+01  2.71e-01 1.94e-02     97s
  49  -2.82500434e+01 -1.34709954e+00  2.84e+00 4.70e-02  2.78e+00 *1.49e+01 1.06e-02  3.41e+01  2.61e-01 9.23e-03     99s
  50  -2.92225783e+01 -1.34643272e+00  2.94e+00 4.66e-02  2.76e+00 *1.58e+01 1.18e-02  3.25e+01  2.57e-01 8.88e-03    101s
  51  -3.02090063e+01 -1.34576938e+00  3.05e+00 4.62e-02  2.74e+00 *1.68e+01 1.36e-02  3.10e+01  2.54e-01 8.67e-03    103s
  52  -3.12176419e+01 -1.34509405e+00  3.16e+00 4.58e-02  2.72e+00 *1.78e+01 1.60e-02  2.96e+01  2.53e-01 8.60e-03    105s
  53  -3.22585982e+01 -1.34438508e+00  3.28e+00 4.54e-02  2.70e+00 *1.87e+01 1.92e-02  2.83e+01  2.55e-01 8.73e-03    107s
  54  -3.33570539e+01 -1.34359764e+00  3.40e+00 4.50e-02  2.67e+00 *1.95e+01 2.34e-02  2.70e+01  2.62e-01 9.29e-03    109s
  55  -3.45649432e+01 -1.34262453e+00  3.55e+00 4.45e-02  2.65e+00 *1.99e+01 2.89e-02  2.57e+01  2.80e-01 1.08e-02    111s
  56  -3.60699630e+01 -1.34100505e+00  3.76e+00 4.37e-02  2.61e+00 *1.92e+01 3.63e-02  2.44e+01  3.37e-01 1.68e-02    112s
  57  -3.84250181e+01 -1.32780997e+00  4.57e+00 3.78e-02  2.29e+00  1.29e+01 4.78e-02  2.29e+01  8.34e-01 1.35e-01    113s
  58  -3.97529945e+01 -1.32868358e+00  4.49e+00 3.71e-02  2.24e+00 *1.91e+01 6.83e-02  2.09e+01  4.47e-01 2.06e-02    116s
  59  -4.01219446e+01 -1.32893092e+00  4.46e+00 3.68e-02  2.23e+00 *1.83e+01 7.92e-02  2.02e+01  5.34e-01 7.46e-03    118s
  60  -4.03176429e+01 -1.32906363e+00  4.44e+00 3.66e-02  2.22e+00 *1.79e+01 8.20e-02  2.00e+01  5.61e-01 4.53e-03    120s
  61  -4.04452267e+01 -1.32915091e+00  4.43e+00 3.65e-02  2.21e+00 *1.76e+01 8.33e-02  1.99e+01  5.69e-01 3.25e-03    122s
  62  -4.05396914e+01 -1.32921603e+00  4.42e+00 3.64e-02  2.21e+00 *1.73e+01 8.42e-02  1.99e+01  5.75e-01 2.60e-03    123s
  63  -4.06167177e+01 -1.32926950e+00  4.41e+00 3.63e-02  2.20e+00 *1.71e+01 8.47e-02  1.99e+01  5.80e-01 2.28e-03    125s
  64  -4.06845736e+01 -1.32931693e+00  4.40e+00 3.62e-02  2.20e+00 *1.69e+01 8.52e-02  1.98e+01  5.84e-01 2.14e-03    128s
  65  -4.07483679e+01 -1.32936185e+00  4.39e+00 3.62e-02  2.19e+00 *1.67e+01 8.55e-02  1.98e+01  5.89e-01 2.16e-03    130s
  66  -4.08121377e+01 -1.32940712e+00  4.38e+00 3.61e-02  2.19e+00 *1.65e+01 8.58e-02  1.98e+01  5.94e-01 2.33e-03    132s
  67  -4.08796414e+01 -1.32945554e+00  4.37e+00 3.60e-02  2.18e+00 *1.63e+01 8.61e-02  1.98e+01  6.00e-01 2.70e-03    134s
  68  -4.09550233e+01 -1.32951037e+00  4.36e+00 3.59e-02  2.18e+00 *1.60e+01 8.63e-02  1.98e+01  6.07e-01 3.39e-03    136s
  69  -4.10429392e+01 -1.32957576e+00  4.34e+00 3.57e-02  2.17e+00 *1.56e+01 8.65e-02  1.98e+01  6.16e-01 4.74e-03    138s
  70  -4.11445918e+01 -1.32965496e+00  4.31e+00 3.54e-02  2.15e+00 *1.50e+01 8.65e-02  1.98e+01  6.31e-01 7.64e-03    140s
  71  -4.12132547e+01 -1.32972258e+00  4.25e+00 3.49e-02  2.12e+00  1.38e+01 8.61e-02  1.98e+01  6.60e-01 1.56e-02    141s
  72  -4.03895264e+01 -1.32915166e+00  4.04e+00 3.30e-02  2.02e+00  1.07e+01 8.35e-02  2.00e+01  7.46e-01 5.49e-02    143s
  73  -4.03895051e+01 -1.32915135e+00  4.04e+00 3.30e-02  2.02e+00  1.08e+01 6.43e-02  2.13e+01  8.57e-01 4.08e-06    145s

The solution quality is limited by the precision of the linear system solver.

The II-IPM stopped after 74 iterations in 144.96 seconds.

Primal variables:   [+0.091 +0.259 +12.281 +9.464 +48.106 +14.060 +19.707 +12.446]
Dual slacks:        [+4.546 +2.109 +0.016 +0.022 +0.003 +0.015 +0.007 +0.015]
Dual variables:     [+7.987 -5.817]

Primal objective:   -4.03895051e+01
Dual objective:     -1.32915135e+00

Primal residual:    4.04e+00
Dual residual:      3.30e-02
Complementraty:     2.02e+00

Number of Iter:     74
Run time:           144.96
