
================= Linear optimization problem Information =================
Number of variables:     8
Number of constraints:   2

Norm of primal sol:      1.11e+01
Norm of dual sol:        1.00e+01
Norm of dual slacks:     5.00e+00

Norm of vector b:        1.00e+01
Norm of vector c:        4.92e+00

Norm of matrix A:        2.00e+00
Condition number:        1.60e+01
Seed:                    26

======================= Linear optimization problem =======================
coeff matrix A:          [[-0.484 -0.654 +0.937 -0.070 +0.357 +0.354 +0.306 +0.577]
                          [-0.386 -0.507 +0.846 -0.158 +0.409 +0.314 +0.326 +0.522]]

RHS vector b:            [+7.311 +6.823]
Obj vector c:            [+0.051 +3.572 -0.879 +0.807 -1.019 -0.289 -0.674 +2.907]

============================ Optimal solution =============================
Primal variables:        [+2.309 +0.000 +5.762 +5.919 +6.529 +1.409 +2.021 +0.000]
Dual slacks:             [+0.000 +3.615 +0.000 +0.000 +0.000 +0.000 +0.000 +3.454]
Dual variables:          [+6.169 -7.870]

Optimal objective:       -8.59489592e+00
===========================================================================

Method:             II-QIPM
LO_Precision:       1.00e-01
Stop_Precision:     1.00e-03
LO_Verbosity:       2
Omega:              1.00e+01
num_ancillae:       4

The Quantum Inexact Infeasible Interior-Point Method starts running ...


                  Objective                Residual                      Quantum                    Step-length
Iter      Primal           Dual         Primal    Dual     Compl    ||Resl||   Prob    Cond-Num   a-star   a-hat      Time
   0   3.80271635e+01 -2.44042210e+01  2.87e+00 8.00e+00  2.87e+02 *1.21e+00 1.55e-02  2.56e+02  8.27e-01 7.05e-01      2s
   1   3.43576634e+01 -2.32724869e+01  2.63e+00 7.14e+00  2.59e+02  1.37e+00 1.54e-02  1.94e+02  6.46e-01 1.08e-01      4s
   2   3.13617020e+01 -2.23439175e+01  2.47e+00 6.53e+00  2.39e+02  1.47e+00 1.54e-02  1.96e+02  6.33e-01 8.51e-02      5s
   3   2.83648440e+01 -2.14128815e+01  2.34e+00 5.98e+00  2.21e+02  1.58e+00 1.54e-02  1.99e+02  6.26e-01 8.32e-02      7s
   4   2.53647050e+01 -2.04815592e+01  2.24e+00 5.50e+00  2.05e+02  1.70e+00 1.55e-02  2.03e+02  6.19e-01 8.18e-02      9s
   5   2.23503158e+01 -1.95509948e+01  2.15e+00 5.05e+00  1.90e+02  1.84e+00 1.55e-02  2.08e+02  6.14e-01 8.10e-02     12s
   6   1.93202734e+01 -1.86267686e+01  2.09e+00 4.64e+00  1.76e+02  2.01e+00 1.55e-02  2.13e+02  6.10e-01 8.05e-02     14s
   7   1.62645359e+01 -1.77133456e+01  2.05e+00 4.27e+00  1.63e+02  2.20e+00 1.55e-02  2.19e+02  6.05e-01 8.02e-02     16s
   8   1.31883231e+01 -1.68211812e+01  2.04e+00 3.93e+00  1.51e+02  2.43e+00 1.55e-02  2.26e+02  5.99e-01 7.97e-02     18s
   9   1.00902772e+01 -1.59596221e+01  2.05e+00 3.62e+00  1.40e+02  2.69e+00 1.55e-02  2.34e+02  5.92e-01 7.90e-02     19s
  10   6.98338038e+00 -1.51421951e+01  2.09e+00 3.34e+00  1.30e+02  2.99e+00 1.55e-02  2.41e+02  5.84e-01 7.74e-02     21s
  11   3.86669183e+00 -1.43776940e+01  2.15e+00 3.09e+00  1.21e+02  3.35e+00 1.55e-02  2.48e+02  5.73e-01 7.53e-02     23s
  12   7.53130459e-01 -1.36767288e+01  2.24e+00 2.87e+00  1.13e+02  3.77e+00 1.55e-02  2.55e+02  5.59e-01 7.21e-02     26s
  13  -2.35439501e+00 -1.30446277e+01  2.36e+00 2.67e+00  1.06e+02  4.27e+00 1.55e-02  2.60e+02  5.31e-01 6.81e-02     28s
  14  -5.44447790e+00 -1.24852891e+01  2.50e+00 2.50e+00  9.96e+01  4.86e+00 1.55e-02  2.64e+02  4.94e-01 6.32e-02     30s
  15  -8.51681154e+00 -1.19970309e+01  2.66e+00 2.36e+00  9.42e+01  5.54e+00 1.55e-02  2.66e+02  4.57e-01 5.79e-02     32s
  16  -1.15677207e+01 -1.15761888e+01  2.84e+00 2.23e+00  8.95e+01  6.34e+00 1.55e-02  2.67e+02  4.22e-01 5.23e-02     34s
  17  -1.45913701e+01 -1.12173214e+01  3.04e+00 2.13e+00  8.56e+01  7.26e+00 1.55e-02  2.66e+02  3.89e-01 4.66e-02     36s
  18  -1.75873392e+01 -1.09131066e+01  3.25e+00 2.04e+00  8.23e+01  8.32e+00 1.55e-02  2.63e+02  3.59e-01 4.13e-02     38s
  19  -2.05508975e+01 -1.06564275e+01  3.47e+00 1.97e+00  7.95e+01  9.51e+00 1.55e-02  2.60e+02  3.31e-01 3.63e-02     40s
  20  -2.34787780e+01 -1.04402098e+01  3.70e+00 1.91e+00  7.71e+01  1.08e+01 1.55e-02  2.55e+02  3.06e-01 3.17e-02     42s
  21  -2.63636584e+01 -1.02582538e+01  3.93e+00 1.85e+00  7.50e+01  1.23e+01 1.55e-02  2.50e+02  2.84e-01 2.77e-02     44s
  22  -2.92089711e+01 -1.01044325e+01  4.17e+00 1.81e+00  7.33e+01  1.39e+01 1.55e-02  2.45e+02  2.64e-01 2.42e-02     45s
  23  -3.20097697e+01 -9.97407936e+00  4.41e+00 1.77e+00  7.19e+01  1.57e+01 1.55e-02  2.40e+02  2.46e-01 2.11e-02     47s
  24  -3.47617417e+01 -9.86322759e+00  4.66e+00 1.74e+00  7.06e+01  1.76e+01 1.55e-02  2.35e+02  2.30e-01 1.85e-02     50s
  25  -3.74644410e+01 -9.76844775e+00  4.90e+00 1.71e+00  6.95e+01  1.96e+01 1.55e-02  2.30e+02  2.16e-01 1.62e-02     51s
  26  -4.01216390e+01 -9.68682881e+00  5.14e+00 1.68e+00  6.86e+01  2.18e+01 1.55e-02  2.25e+02  2.04e-01 1.43e-02     54s
  27  -4.27311171e+01 -9.61621141e+00  5.38e+00 1.66e+00  6.78e+01  2.40e+01 1.54e-02  2.20e+02  1.93e-01 1.27e-02     56s
  28  -4.52953241e+01 -9.55471555e+00  5.61e+00 1.64e+00  6.70e+01  2.64e+01 1.54e-02  2.16e+02  1.83e-01 1.13e-02     58s
  29  -4.78138825e+01 -9.50088888e+00  5.85e+00 1.63e+00  6.64e+01  2.89e+01 1.54e-02  2.12e+02  1.74e-01 1.01e-02     59s
  30  -5.02887474e+01 -9.45349910e+00  6.08e+00 1.61e+00  6.58e+01  3.14e+01 1.54e-02  2.09e+02  1.66e-01 9.11e-03     61s
  31  -5.27218027e+01 -9.41154535e+00  6.31e+00 1.60e+00  6.53e+01  3.41e+01 1.54e-02  2.05e+02  1.59e-01 8.23e-03     63s
  32  -5.51173199e+01 -9.37417170e+00  6.54e+00 1.59e+00  6.48e+01  3.68e+01 1.54e-02  2.02e+02  1.53e-01 7.47e-03     65s
  33  -5.74748634e+01 -9.34074756e+00  6.76e+00 1.58e+00  6.44e+01  3.97e+01 1.54e-02  1.99e+02  1.47e-01 6.80e-03     67s
  34  -5.97940768e+01 -9.31074367e+00  6.98e+00 1.57e+00  6.41e+01  4.26e+01 1.54e-02  1.96e+02  1.41e-01 6.21e-03     69s
  35  -6.20815617e+01 -9.28363249e+00  7.20e+00 1.56e+00  6.37e+01  4.55e+01 1.54e-02  1.94e+02  1.36e-01 5.71e-03     70s
  36  -6.43371949e+01 -9.25905515e+00  7.42e+00 1.55e+00  6.34e+01  4.86e+01 1.53e-02  1.91e+02  1.32e-01 5.26e-03     72s
  37  -6.65609518e+01 -9.23670507e+00  7.64e+00 1.54e+00  6.31e+01  5.17e+01 1.53e-02  1.89e+02  1.28e-01 4.85e-03     74s
  38  -6.87573006e+01 -9.21627847e+00  7.85e+00 1.54e+00  6.28e+01  5.49e+01 1.53e-02  1.87e+02  1.24e-01 4.50e-03     76s
  39  -7.09242658e+01 -9.19757630e+00  8.06e+00 1.53e+00  6.26e+01  5.82e+01 1.53e-02  1.85e+02  1.20e-01 4.18e-03     78s
  40  -7.30664059e+01 -9.18037170e+00  8.27e+00 1.52e+00  6.24e+01  6.15e+01 1.53e-02  1.83e+02  1.17e-01 3.90e-03     80s
  41  -7.51819843e+01 -9.16452019e+00  8.47e+00 1.52e+00  6.21e+01  6.49e+01 1.53e-02  1.82e+02  1.13e-01 3.64e-03     82s
  42  -7.72756386e+01 -9.14984943e+00  8.68e+00 1.51e+00  6.19e+01  6.83e+01 1.53e-02  1.80e+02  1.11e-01 3.42e-03     84s
  43  -7.93458428e+01 -9.13625327e+00  8.88e+00 1.51e+00  6.18e+01  7.18e+01 1.53e-02  1.79e+02  1.08e-01 3.21e-03     86s
  44  -8.13952507e+01 -9.12361135e+00  9.08e+00 1.50e+00  6.16e+01  7.54e+01 1.52e-02  1.77e+02  1.05e-01 3.02e-03     89s
  45  -8.34225107e+01 -9.11184270e+00  9.28e+00 1.50e+00  6.14e+01  7.90e+01 1.52e-02  1.76e+02  1.03e-01 2.84e-03     91s
  46  -8.54323693e+01 -9.10084133e+00  9.47e+00 1.49e+00  6.13e+01  8.26e+01 1.52e-02  1.75e+02  1.00e-01 2.69e-03     93s
  47  -8.74236371e+01 -9.09054670e+00  9.67e+00 1.49e+00  6.11e+01  8.64e+01 1.52e-02  1.73e+02  9.81e-02 2.54e-03     95s
  48  -8.93951821e+01 -9.08090378e+00  9.86e+00 1.49e+00  6.10e+01  9.01e+01 1.52e-02  1.72e+02  9.60e-02 2.41e-03     97s
  49  -9.13517961e+01 -9.07183537e+00  1.01e+01 1.48e+00  6.09e+01  9.39e+01 1.52e-02  1.71e+02  9.40e-02 2.29e-03     99s
  50  -9.32924809e+01 -9.06329993e+00  1.02e+01 1.48e+00  6.07e+01  9.78e+01 1.52e-02  1.70e+02  9.21e-02 2.18e-03    101s
  51  -9.52162828e+01 -9.05525945e+00  1.04e+01 1.48e+00  6.06e+01  1.02e+02 1.52e-02  1.69e+02  9.03e-02 2.07e-03    103s
  52  -9.71261117e+01 -9.04766385e+00  1.06e+01 1.47e+00  6.05e+01  1.06e+02 1.51e-02  1.68e+02  8.86e-02 1.98e-03    105s
  53  -9.90211155e+01 -9.04048322e+00  1.08e+01 1.47e+00  6.04e+01  1.10e+02 1.51e-02  1.67e+02  8.70e-02 1.89e-03    107s
  54  -1.00902361e+02 -9.03368318e+00  1.10e+01 1.47e+00  6.03e+01  1.14e+02 1.51e-02  1.67e+02  8.54e-02 1.80e-03    109s
  55  -1.02770945e+02 -9.02723271e+00  1.12e+01 1.47e+00  6.02e+01  1.18e+02 1.51e-02  1.66e+02  8.39e-02 1.72e-03    111s
  56  -1.04626135e+02 -9.02110994e+00  1.14e+01 1.46e+00  6.01e+01  1.22e+02 1.51e-02  1.65e+02  8.25e-02 1.65e-03    113s
  57  -1.06469075e+02 -9.01528876e+00  1.15e+01 1.46e+00  6.00e+01  1.26e+02 1.51e-02  1.64e+02  8.11e-02 1.58e-03    115s
  58  -1.08300930e+02 -9.00974551e+00  1.17e+01 1.46e+00  5.99e+01  1.31e+02 1.51e-02  1.63e+02  7.98e-02 1.52e-03    117s
  59  -1.10121070e+02 -9.00446401e+00  1.19e+01 1.46e+00  5.98e+01  1.35e+02 1.51e-02  1.63e+02  7.85e-02 1.46e-03    119s
  60  -1.11930697e+02 -8.99942412e+00  1.21e+01 1.46e+00  5.98e+01  1.39e+02 1.51e-02  1.62e+02  7.73e-02 1.41e-03    121s
  61  -1.13729235e+02 -8.99461237e+00  1.23e+01 1.45e+00  5.97e+01  1.44e+02 1.50e-02  1.62e+02  7.61e-02 1.35e-03    123s
  62  -1.15517917e+02 -8.99001151e+00  1.24e+01 1.45e+00  5.96e+01  1.48e+02 1.50e-02  1.61e+02  7.50e-02 1.30e-03    126s
  63  -1.17297996e+02 -8.98560586e+00  1.26e+01 1.45e+00  5.96e+01  1.53e+02 1.50e-02  1.60e+02  7.39e-02 1.26e-03    128s
  64  -1.19067201e+02 -8.98138951e+00  1.28e+01 1.45e+00  5.95e+01  1.57e+02 1.50e-02  1.60e+02  7.28e-02 1.21e-03    130s
  65  -1.20828560e+02 -8.97734442e+00  1.30e+01 1.45e+00  5.94e+01  1.62e+02 1.50e-02  1.59e+02  7.18e-02 1.17e-03    132s
  66  -1.22579863e+02 -8.97346596e+00  1.31e+01 1.44e+00  5.94e+01  1.66e+02 1.50e-02  1.59e+02  7.08e-02 1.13e-03    134s
  67  -1.24322400e+02 -8.96974200e+00  1.33e+01 1.44e+00  5.93e+01  1.71e+02 1.50e-02  1.58e+02  6.99e-02 1.10e-03    136s
  68  -1.26057476e+02 -8.96616143e+00  1.35e+01 1.44e+00  5.92e+01  1.76e+02 1.50e-02  1.58e+02  6.90e-02 1.06e-03    138s
  69  -1.27782955e+02 -8.96272091e+00  1.37e+01 1.44e+00  5.92e+01  1.80e+02 1.50e-02  1.57e+02  6.81e-02 1.03e-03    140s
  70  -1.29501872e+02 -8.95940710e+00  1.38e+01 1.44e+00  5.91e+01  1.85e+02 1.49e-02  1.57e+02  6.72e-02 9.95e-04    142s

The solution quality is limited by the precision of the linear system solver.

The II-IPM stopped after 71 iterations in 141.71 seconds.

Primal variables:   [+137.876 +2.395 +11.010 +6.317 +125.167 +11.765 +24.839 +2.467]
Dual slacks:        [+0.027 +3.176 +0.829 +1.151 +0.051 +0.680 +0.293 +3.980]
Dual variables:     [-0.642 -0.625]

Primal objective:   -1.29501872e+02
Dual objective:     -8.95940710e+00

Primal residual:    1.38e+01
Dual residual:      1.44e+00
Complementraty:     5.91e+01

Number of Iter:     71
Run time:           141.71
