
================= Linear optimization problem Information =================
Number of variables:     8
Number of constraints:   2

Norm of primal sol:      7.77e+00
Norm of dual sol:        1.00e+01
Norm of dual slacks:     5.00e+00

Norm of vector b:        1.00e+01
Norm of vector c:        2.12e+01

Norm of matrix A:        2.00e+00
Condition number:        1.60e+01
Seed:                    97

======================= Linear optimization problem =======================
coeff matrix A:          [[-0.259 -0.848 -0.286 -0.398 -0.336 -0.720 +0.207 -0.584]
                          [-0.333 -0.800 -0.170 -0.475 -0.294 -0.711 +0.156 -0.593]]

RHS vector b:            [-7.115 -7.027]
Obj vector c:            [+7.522 +11.230 +3.324 +5.724 +7.732 +9.675 -2.559 +7.926]

============================ Optimal solution =============================
Primal variables:        [+0.000 +4.263 +1.965 +1.250 +0.000 +1.313 +4.289 +4.082]
Dual slacks:             [+3.677 +0.000 +0.000 +0.000 +3.388 +0.000 +0.000 +0.000]
Dual variables:          [-8.856 -4.644]

Optimal objective:       +9.56444502e+01
===========================================================================

Method:             II-QIPM
LO_Precision:       1.00e-01
Stop_Precision:     1.00e-03
LO_Verbosity:       2
Omega:              1.00e+01
num_ancillae:       4

The Quantum Inexact Infeasible Interior-Point Method starts running ...


                  Objective                Residual                      Quantum                    Step-length
Iter      Primal           Dual         Primal    Dual     Compl    ||Resl||   Prob    Cond-Num   a-star   a-hat      Time
   0   2.49843378e+02  2.06774430e+00  1.20e+01 5.19e+00  3.39e+02 *3.11e-01 1.47e-02  2.56e+02  8.01e-01 6.63e-01      1s
   1   2.39352820e+02  5.88819939e+00  1.11e+01 4.80e+00  3.16e+02 *6.31e-01 1.56e-02  1.13e+02  5.87e-01 7.61e-02      2s
   2   2.31431121e+02  9.13312288e+00  1.04e+01 4.50e+00  2.98e+02 *6.89e-01 1.56e-02  1.11e+02  5.86e-01 6.20e-02      4s
   3   2.23901663e+02  1.24945160e+01  9.76e+00 4.22e+00  2.81e+02 *7.36e-01 1.56e-02  1.10e+02  5.88e-01 6.27e-02      5s
   4   2.16681318e+02  1.59835773e+01  9.14e+00 3.95e+00  2.65e+02 *7.83e-01 1.56e-02  1.09e+02  5.91e-01 6.40e-02      6s
   5   2.09691521e+02  1.96164816e+01  8.55e+00 3.69e+00  2.50e+02 *8.30e-01 1.56e-02  1.09e+02  5.97e-01 6.59e-02      7s
   6   2.02863748e+02  2.34106450e+01  7.97e+00 3.43e+00  2.34e+02 *8.76e-01 1.56e-02  1.09e+02  6.04e-01 6.86e-02      9s
   7   1.96137448e+02  2.73839444e+01  7.40e+00 3.19e+00  2.19e+02 *9.22e-01 1.56e-02  1.09e+02  6.13e-01 7.22e-02     10s
   8   1.89452074e+02  3.15577586e+01  6.84e+00 2.94e+00  2.04e+02 *9.69e-01 1.56e-02  1.11e+02  6.25e-01 7.68e-02     11s
   9   1.82753606e+02  3.59517462e+01  6.29e+00 2.70e+00  1.89e+02 *1.02e+00 1.56e-02  1.13e+02  6.39e-01 8.27e-02     12s
  10   1.75981191e+02  4.05905606e+01  5.74e+00 2.46e+00  1.73e+02 *1.06e+00 1.56e-02  1.15e+02  6.56e-01 9.02e-02     14s
  11   1.69075347e+02  4.54969578e+01  5.19e+00 2.21e+00  1.58e+02 *1.11e+00 1.56e-02  1.19e+02  6.76e-01 9.98e-02     15s
  12   1.61994941e+02  5.06762423e+01  4.64e+00 1.96e+00  1.42e+02 *1.16e+00 1.56e-02  1.23e+02  6.97e-01 1.12e-01     16s
  13   1.54709063e+02  5.61169194e+01  4.09e+00 1.71e+00  1.26e+02 *1.22e+00 1.56e-02  1.28e+02  7.21e-01 1.27e-01     17s
  14   1.47222018e+02  6.17673834e+01  3.55e+00 1.47e+00  1.09e+02 *1.29e+00 1.56e-02  1.34e+02  7.46e-01 1.45e-01     18s
  15   1.39611472e+02  6.75030468e+01  3.05e+00 1.22e+00  9.25e+01 *1.38e+00 1.56e-02  1.42e+02  7.69e-01 1.67e-01     19s
  16   1.32080145e+02  7.30905225e+01  2.59e+00 9.88e-01  7.64e+01 *1.49e+00 1.56e-02  1.50e+02  7.88e-01 1.90e-01     20s
  17   1.25010774e+02  7.81689758e+01  2.24e+00 7.81e-01  6.17e+01 *1.66e+00 1.56e-02  1.59e+02  7.96e-01 2.09e-01     21s
  18   1.18890684e+02  8.23529252e+01  2.04e+00 6.13e-01  4.94e+01 *1.90e+00 1.56e-02  1.67e+02  7.87e-01 2.15e-01     23s
  19   1.14038575e+02  8.54611800e+01  1.98e+00 4.90e-01  4.01e+01 *2.26e+00 1.56e-02  1.75e+02  7.60e-01 2.01e-01     24s
  20   1.10412946e+02  8.76118617e+01  2.05e+00 4.05e-01  3.36e+01 *2.75e+00 1.56e-02  1.80e+02  6.98e-01 1.73e-01     25s
  21   1.07714472e+02  8.90806621e+01  2.20e+00 3.47e-01  2.90e+01 *3.36e+00 1.56e-02  1.84e+02  6.33e-01 1.42e-01     26s
  22   1.05650052e+02  9.01028266e+01  2.39e+00 3.07e-01  2.58e+01 *4.11e+00 1.56e-02  1.87e+02  5.71e-01 1.15e-01     28s
  23   1.04000154e+02  9.08396348e+01  2.62e+00 2.78e-01  2.35e+01 *4.97e+00 1.56e-02  1.88e+02  5.15e-01 9.39e-02     29s
  24   1.02631047e+02  9.13864627e+01  2.87e+00 2.57e-01  2.18e+01 *5.97e+00 1.56e-02  1.87e+02  4.64e-01 7.68e-02     31s
  25   1.01455040e+02  9.18035398e+01  3.13e+00 2.41e-01  2.05e+01 *7.09e+00 1.56e-02  1.86e+02  4.20e-01 6.34e-02     32s
  26   1.00416621e+02  9.21286795e+01  3.40e+00 2.28e-01  1.94e+01 *8.36e+00 1.56e-02  1.84e+02  3.80e-01 5.28e-02     33s
  27   9.94798807e+01  9.23865809e+01  3.67e+00 2.18e-01  1.86e+01 *9.77e+00 1.56e-02  1.81e+02  3.46e-01 4.43e-02     35s
  28   9.86197370e+01  9.25943539e+01  3.96e+00 2.10e-01  1.80e+01 *1.13e+01 1.56e-02  1.78e+02  3.16e-01 3.73e-02     36s
  29   9.78190887e+01  9.27639349e+01  4.24e+00 2.03e-01  1.74e+01 *1.31e+01 1.56e-02  1.75e+02  2.90e-01 3.17e-02     37s
  30   9.70663105e+01  9.29038506e+01  4.53e+00 1.98e-01  1.70e+01 *1.50e+01 1.56e-02  1.71e+02  2.67e-01 2.71e-02     38s
  31   9.63522441e+01  9.30205560e+01  4.82e+00 1.93e-01  1.66e+01 *1.70e+01 1.56e-02  1.67e+02  2.47e-01 2.33e-02     40s
  32   9.56707563e+01  9.31187787e+01  5.11e+00 1.89e-01  1.63e+01 *1.92e+01 1.56e-02  1.63e+02  2.29e-01 2.01e-02     42s
  33   9.50179745e+01  9.32020481e+01  5.39e+00 1.86e-01  1.60e+01 *2.16e+01 1.56e-02  1.60e+02  2.14e-01 1.74e-02     43s
  34   9.43886243e+01  9.32734004e+01  5.68e+00 1.83e-01  1.58e+01 *2.41e+01 1.56e-02  1.56e+02  2.01e-01 1.53e-02     45s
  35   9.37814640e+01  9.33348394e+01  5.96e+00 1.81e-01  1.56e+01 *2.67e+01 1.56e-02  1.53e+02  1.89e-01 1.34e-02     46s
  36   9.31934304e+01  9.33881956e+01  6.24e+00 1.78e-01  1.54e+01 *2.95e+01 1.56e-02  1.50e+02  1.78e-01 1.18e-02     47s
  37   9.26219824e+01  9.34349007e+01  6.51e+00 1.77e-01  1.52e+01 *3.24e+01 1.56e-02  1.47e+02  1.69e-01 1.05e-02     49s
  38   9.20666286e+01  9.34759634e+01  6.78e+00 1.75e-01  1.51e+01 *3.55e+01 1.56e-02  1.44e+02  1.61e-01 9.36e-03     50s
  39   9.15249213e+01  9.35123589e+01  7.05e+00 1.73e-01  1.50e+01 *3.86e+01 1.56e-02  1.41e+02  1.53e-01 8.40e-03     52s
  40   9.09962368e+01  9.35447663e+01  7.31e+00 1.72e-01  1.49e+01 *4.19e+01 1.56e-02  1.39e+02  1.46e-01 7.57e-03     53s
