
================= Linear optimization problem Information =================
Number of variables:     8
Number of constraints:   2

Norm of primal sol:      1.80e+01
Norm of dual sol:        1.00e+01
Norm of dual slacks:     5.00e+00

Norm of vector b:        1.00e+01
Norm of vector c:        1.33e+01

Norm of matrix A:        2.00e+00
Condition number:        3.20e+01
Seed:                    24

======================= Linear optimization problem =======================
coeff matrix A:          [[+0.008 +0.514 +0.381 +0.412 +0.358 +0.304 -0.353 +0.066]
                          [+0.087 +0.954 +0.726 +0.793 +0.587 +0.496 -0.635 +0.091]]

RHS vector b:            [+4.664 +8.846]
Obj vector c:            [-0.337 -7.794 -1.071 -6.340 -5.197 -4.402 +5.298 +0.606]

============================ Optimal solution =============================
Primal variables:        [+9.749 +7.103 +0.000 +2.235 +3.666 +7.513 +10.119 +0.000]
Dual slacks:             [+0.000 +0.000 +4.767 +0.000 +0.000 +0.000 +0.000 +1.508]
Dual variables:          [-9.526 -3.041]

Optimal objective:       -7.13312346e+01
===========================================================================

Method:             II-QIPM
LO_Precision:       1.00e-01
Stop_Precision:     1.00e-03
LO_Verbosity:       2
Omega:              1.00e+01
num_ancillae:       4

The Quantum Inexact Infeasible Interior-Point Method starts running ...


                  Objective                Residual                      Quantum                    Step-length
Iter      Primal           Dual         Primal    Dual     Compl    ||Resl||   Prob    Cond-Num   a-star   a-hat      Time
   0  -1.14792833e+02 -7.51860122e+01  1.11e+01 1.62e+01  3.97e+02 *1.33e-01 1.56e-02  1.02e+03  6.91e-01 5.60e-01      2s
   1  -1.08397006e+02 -7.63540560e+01  1.01e+01 1.47e+01  3.63e+02 *7.51e-02 1.56e-02  1.19e+03  6.46e-01 9.68e-02      4s
   2  -1.02521388e+02 -7.70763904e+01  9.05e+00 1.32e+01  3.30e+02 *7.75e-02 1.56e-02  1.28e+03  6.75e-01 9.98e-02      6s
   3  -9.64665875e+01 -7.75023069e+01  8.00e+00 1.17e+01  2.95e+02 *8.14e-02 1.56e-02  1.38e+03  7.07e-01 1.16e-01      8s
   4  -9.02305261e+01 -7.76127073e+01  6.88e+00 1.00e+01  2.58e+02 *8.74e-02 1.55e-02  1.50e+03  7.46e-01 1.40e-01      9s
   5  -8.38548124e+01 -7.73804819e+01  5.68e+00 8.29e+00  2.17e+02  9.66e-02 1.56e-02  1.65e+03  7.91e-01 1.75e-01     11s
   6  -7.75367003e+01 -7.67796614e+01  4.39e+00 6.40e+00  1.73e+02  1.11e-01 1.56e-02  1.83e+03  8.45e-01 2.27e-01     12s
   7  -7.18060186e+01 -7.58095845e+01  3.03e+00 4.41e+00  1.24e+02  1.38e-01 1.56e-02  2.05e+03  9.05e-01 3.11e-01     14s
   8  -6.79703981e+01 -7.45891661e+01  1.68e+00 2.45e+00  7.40e+01  1.92e-01 1.56e-02  2.33e+03  9.13e-01 4.45e-01     16s
   9  -6.82321794e+01 -7.36116250e+01  7.46e-01 1.02e+00  3.42e+01  3.34e-01 1.56e-02  2.67e+03  8.36e-01 5.83e-01     18s
  10  -7.03838411e+01 -7.34580893e+01  6.54e-01 7.09e-01  2.43e+01  8.29e-01 1.55e-02  2.90e+03  6.24e-01 3.05e-01     20s
  11  -7.16777016e+01 -7.34380586e+01  7.15e-01 6.26e-01  2.16e+01  1.50e+00 1.50e-02  2.93e+03  4.78e-01 1.17e-01     22s
  12  -7.28194988e+01 -7.34325702e+01  8.00e-01 5.81e-01  2.01e+01  2.05e+00 1.24e-02  2.95e+03  4.17e-01 7.29e-02     24s
  13  -7.43481198e+01 -7.34306766e+01  9.24e-01 5.49e-01  1.91e+01  3.08e+00 1.16e-03  2.96e+03  3.75e-01 5.48e-02     26s
  14  -7.46175977e+01 -7.34323763e+01  9.58e-01 5.29e-01  1.84e+01 *3.17e+00 8.44e-03  2.95e+03  3.47e-01 3.56e-02     28s
  15  -7.49756790e+01 -7.34342787e+01  1.01e+00 5.14e-01  1.79e+01 *3.48e+00 1.18e-02  2.97e+03  3.25e-01 2.98e-02     30s
  16  -7.53633565e+01 -7.34362614e+01  1.06e+00 5.01e-01  1.75e+01 *3.86e+00 1.32e-02  2.98e+03  3.06e-01 2.53e-02     32s
  17  -7.57606360e+01 -7.34382411e+01  1.12e+00 4.90e-01  1.71e+01 *4.28e+00 1.39e-02  2.98e+03  2.89e-01 2.17e-02     34s
  18  -7.61590590e+01 -7.34401673e+01  1.17e+00 4.80e-01  1.68e+01 *4.71e+00 1.43e-02  2.99e+03  2.75e-01 1.89e-02     36s
  19  -7.65556560e+01 -7.34420169e+01  1.23e+00 4.72e-01  1.66e+01 *5.16e+00 1.45e-02  2.99e+03  2.62e-01 1.67e-02     38s
  20  -7.69487193e+01 -7.34437777e+01  1.29e+00 4.65e-01  1.63e+01 *5.62e+00 1.47e-02  3.00e+03  2.50e-01 1.48e-02     40s
  21  -7.73381936e+01 -7.34454485e+01  1.35e+00 4.59e-01  1.61e+01 *6.09e+00 1.48e-02  3.00e+03  2.40e-01 1.33e-02     42s
  22  -7.77236132e+01 -7.34470286e+01  1.41e+00 4.54e-01  1.60e+01 *6.57e+00 1.49e-02  3.00e+03  2.30e-01 1.20e-02     44s
  23  -7.81049609e+01 -7.34485210e+01  1.47e+00 4.49e-01  1.58e+01 *7.07e+00 1.50e-02  3.00e+03  2.21e-01 1.09e-02     46s
  24  -7.84825196e+01 -7.34499308e+01  1.52e+00 4.44e-01  1.57e+01 *7.58e+00 1.50e-02  3.00e+03  2.13e-01 9.98e-03     48s
  25  -7.88564087e+01 -7.34512626e+01  1.58e+00 4.40e-01  1.55e+01 *8.10e+00 1.51e-02  3.00e+03  2.06e-01 9.16e-03     50s
  26  -7.92272686e+01 -7.34525229e+01  1.64e+00 4.36e-01  1.54e+01 *8.64e+00 1.51e-02  3.01e+03  1.99e-01 8.45e-03     52s
  27  -7.95951212e+01 -7.34537160e+01  1.69e+00 4.33e-01  1.53e+01 *9.19e+00 1.51e-02  3.01e+03  1.92e-01 7.82e-03     54s
  28  -7.99597076e+01 -7.34548451e+01  1.75e+00 4.30e-01  1.52e+01 *9.75e+00 1.52e-02  3.01e+03  1.86e-01 7.26e-03     56s
  29  -8.03219199e+01 -7.34559169e+01  1.81e+00 4.27e-01  1.51e+01 *1.03e+01 1.52e-02  3.01e+03  1.81e-01 6.77e-03     57s
  30  -8.06819943e+01 -7.34569356e+01  1.86e+00 4.24e-01  1.50e+01 *1.09e+01 1.52e-02  3.01e+03  1.75e-01 6.33e-03     60s
  31  -8.10391395e+01 -7.34579023e+01  1.92e+00 4.22e-01  1.49e+01 *1.15e+01 1.52e-02  3.01e+03  1.70e-01 5.92e-03     61s
  32  -8.13947256e+01 -7.34588239e+01  1.97e+00 4.19e-01  1.48e+01 *1.21e+01 1.52e-02  3.01e+03  1.66e-01 5.57e-03     63s
  33  -8.17476941e+01 -7.34597006e+01  2.03e+00 4.17e-01  1.48e+01 *1.27e+01 1.52e-02  3.01e+03  1.61e-01 5.23e-03     65s
  34  -8.20991109e+01 -7.34605376e+01  2.08e+00 4.15e-01  1.47e+01 *1.34e+01 1.53e-02  3.01e+03  1.57e-01 4.94e-03     68s
  35  -8.24486776e+01 -7.34613367e+01  2.14e+00 4.13e-01  1.46e+01 *1.40e+01 1.53e-02  3.01e+03  1.53e-01 4.67e-03     70s
  36  -8.27968086e+01 -7.34621011e+01  2.19e+00 4.11e-01  1.46e+01 *1.47e+01 1.53e-02  3.01e+03  1.49e-01 4.42e-03     71s
  37  -8.31432468e+01 -7.34628323e+01  2.25e+00 4.10e-01  1.45e+01 *1.54e+01 1.53e-02  3.01e+03  1.46e-01 4.19e-03     73s
  38  -8.34880934e+01 -7.34635325e+01  2.30e+00 4.08e-01  1.45e+01 *1.60e+01 1.53e-02  3.01e+03  1.42e-01 3.98e-03     75s
  39  -8.38314645e+01 -7.34642036e+01  2.36e+00 4.07e-01  1.44e+01 *1.67e+01 1.53e-02  3.01e+03  1.39e-01 3.78e-03     78s
  40  -8.41734901e+01 -7.34648476e+01  2.41e+00 4.05e-01  1.44e+01 *1.75e+01 1.53e-02  3.01e+03  1.36e-01 3.60e-03     80s
  41  -8.45143127e+01 -7.34654664e+01  2.46e+00 4.04e-01  1.43e+01 *1.82e+01 1.53e-02  3.01e+03  1.33e-01 3.43e-03     82s
  42  -8.48537470e+01 -7.34660609e+01  2.52e+00 4.02e-01  1.43e+01 *1.89e+01 1.53e-02  3.00e+03  1.30e-01 3.28e-03     84s
  43  -8.51922922e+01 -7.34666333e+01  2.57e+00 4.01e-01  1.42e+01 *1.97e+01 1.53e-02  3.00e+03  1.27e-01 3.13e-03     86s
  44  -8.55297861e+01 -7.34671846e+01  2.62e+00 4.00e-01  1.42e+01 *2.04e+01 1.53e-02  3.00e+03  1.24e-01 3.00e-03     88s
  45  -8.58660724e+01 -7.34677155e+01  2.68e+00 3.99e-01  1.42e+01 *2.12e+01 1.53e-02  3.00e+03  1.22e-01 2.87e-03     90s
  46  -8.62010009e+01 -7.34682271e+01  2.73e+00 3.98e-01  1.41e+01 *2.20e+01 1.53e-02  3.00e+03  1.19e-01 2.75e-03     92s
  47  -8.65354294e+01 -7.34687214e+01  2.78e+00 3.97e-01  1.41e+01 *2.28e+01 1.53e-02  3.00e+03  1.17e-01 2.64e-03     94s
  48  -8.68688965e+01 -7.34691988e+01  2.83e+00 3.96e-01  1.41e+01 *2.36e+01 1.54e-02  3.00e+03  1.15e-01 2.54e-03     96s
  49  -8.72012746e+01 -7.34696598e+01  2.89e+00 3.95e-01  1.40e+01 *2.45e+01 1.54e-02  3.00e+03  1.13e-01 2.44e-03     98s
  50  -8.75327718e+01 -7.34701056e+01  2.94e+00 3.94e-01  1.40e+01 *2.53e+01 1.54e-02  3.00e+03  1.10e-01 2.34e-03    100s
  51  -8.78632723e+01 -7.34705368e+01  2.99e+00 3.93e-01  1.40e+01 *2.62e+01 1.54e-02  3.00e+03  1.08e-01 2.26e-03    101s
  52  -8.81933238e+01 -7.34709547e+01  3.04e+00 3.92e-01  1.39e+01 *2.70e+01 1.54e-02  3.00e+03  1.07e-01 2.18e-03    104s
  53  -8.85221666e+01 -7.34713590e+01  3.09e+00 3.91e-01  1.39e+01 *2.79e+01 1.54e-02  3.00e+03  1.05e-01 2.09e-03    106s
  54  -8.88506801e+01 -7.34717515e+01  3.15e+00 3.90e-01  1.39e+01 *2.88e+01 1.54e-02  3.00e+03  1.03e-01 2.02e-03    108s
  55  -8.91781171e+01 -7.34721317e+01  3.20e+00 3.90e-01  1.39e+01 *2.97e+01 1.54e-02  3.00e+03  1.01e-01 1.95e-03    110s
  56  -8.95050350e+01 -7.34725009e+01  3.25e+00 3.89e-01  1.38e+01 *3.06e+01 1.54e-02  2.99e+03  9.94e-02 1.89e-03    112s
  57  -8.98310207e+01 -7.34728590e+01  3.30e+00 3.88e-01  1.38e+01 *3.16e+01 1.54e-02  2.99e+03  9.77e-02 1.82e-03    113s
  58  -9.01566377e+01 -7.34732072e+01  3.35e+00 3.87e-01  1.38e+01 *3.25e+01 1.54e-02  2.99e+03  9.61e-02 1.76e-03    116s
  59  -9.04811571e+01 -7.34735452e+01  3.40e+00 3.87e-01  1.38e+01 *3.35e+01 1.54e-02  2.99e+03  9.46e-02 1.70e-03    118s
  60  -9.08054682e+01 -7.34738742e+01  3.45e+00 3.86e-01  1.37e+01 *3.44e+01 1.54e-02  2.99e+03  9.31e-02 1.65e-03    120s
  61  -9.11288522e+01 -7.34741940e+01  3.50e+00 3.86e-01  1.37e+01 *3.54e+01 1.54e-02  2.99e+03  9.16e-02 1.60e-03    122s
  62  -9.14518791e+01 -7.34745054e+01  3.56e+00 3.85e-01  1.37e+01 *3.64e+01 1.54e-02  2.99e+03  9.02e-02 1.55e-03    124s
  63  -9.17738360e+01 -7.34748081e+01  3.61e+00 3.84e-01  1.37e+01 *3.74e+01 1.54e-02  2.99e+03  8.89e-02 1.50e-03    126s
  64  -9.20956156e+01 -7.34751033e+01  3.66e+00 3.84e-01  1.37e+01 *3.85e+01 1.54e-02  2.99e+03  8.75e-02 1.46e-03    127s
  65  -9.24165138e+01 -7.34753907e+01  3.71e+00 3.83e-01  1.36e+01 *3.95e+01 1.54e-02  2.99e+03  8.62e-02 1.41e-03    129s
  66  -9.27371057e+01 -7.34756711e+01  3.76e+00 3.83e-01  1.36e+01 *4.06e+01 1.54e-02  2.99e+03  8.50e-02 1.38e-03    131s
  67  -9.30570124e+01 -7.34759444e+01  3.81e+00 3.82e-01  1.36e+01 *4.16e+01 1.54e-02  2.98e+03  8.38e-02 1.34e-03    133s
  68  -9.33764929e+01 -7.34762110e+01  3.86e+00 3.82e-01  1.36e+01 *4.27e+01 1.54e-02  2.98e+03  8.26e-02 1.30e-03    135s
  69  -9.36951721e+01 -7.34764710e+01  3.91e+00 3.81e-01  1.36e+01 *4.38e+01 1.54e-02  2.98e+03  8.14e-02 1.26e-03    137s
  70  -9.40133105e+01 -7.34767249e+01  3.96e+00 3.81e-01  1.36e+01 *4.49e+01 1.54e-02  2.98e+03  8.03e-02 1.23e-03    139s
  71  -9.43311723e+01 -7.34769729e+01  4.01e+00 3.80e-01  1.35e+01 *4.60e+01 1.54e-02  2.98e+03  7.92e-02 1.19e-03    141s
  72  -9.46483902e+01 -7.34772151e+01  4.06e+00 3.80e-01  1.35e+01 *4.71e+01 1.54e-02  2.98e+03  7.82e-02 1.16e-03    143s
  73  -9.49652295e+01 -7.34774518e+01  4.11e+00 3.79e-01  1.35e+01 *4.83e+01 1.54e-02  2.98e+03  7.71e-02 1.13e-03    145s
  74  -9.52813259e+01 -7.34776830e+01  4.16e+00 3.79e-01  1.35e+01 *4.94e+01 1.54e-02  2.98e+03  7.61e-02 1.10e-03    147s
  75  -9.55969460e+01 -7.34779091e+01  4.21e+00 3.79e-01  1.35e+01 *5.06e+01 1.54e-02  2.98e+03  7.51e-02 1.07e-03    149s
  76  -9.59123591e+01 -7.34781304e+01  4.26e+00 3.78e-01  1.35e+01 *5.17e+01 1.54e-02  2.98e+03  7.42e-02 1.05e-03    152s
  77  -9.62268929e+01 -7.34783467e+01  4.31e+00 3.78e-01  1.35e+01 *5.29e+01 1.54e-02  2.98e+03  7.32e-02 1.02e-03    154s
  78  -9.65414442e+01 -7.34785587e+01  4.36e+00 3.77e-01  1.35e+01 *5.41e+01 1.54e-02  2.97e+03  7.23e-02 9.95e-04    156s

The solution quality is limited by the precision of the linear system solver.

The II-IPM stopped after 79 iterations in 155.87 seconds.

Primal variables:   [+5.724 +5.512 +0.422 +5.190 +103.381 +70.836 +156.642 +1.551]
Dual slacks:        [+0.353 +0.350 +5.068 +0.393 +0.010 +0.015 +0.005 +1.521]
Dual variables:     [-3.589 -6.415]

Primal objective:   -9.65414442e+01
Dual objective:     -7.34785587e+01

Primal residual:    4.36e+00
Dual residual:      3.77e-01
Complementraty:     1.35e+01

Number of Iter:     79
Run time:           155.87
