
================= Linear optimization problem Information =================
Number of variables:     8
Number of constraints:   2

Norm of primal sol:      6.81e+00
Norm of dual sol:        1.00e+01
Norm of dual slacks:     5.00e+00

Norm of vector b:        1.00e+01
Norm of vector c:        9.94e+00

Norm of matrix A:        2.02e+00
Condition number:        8.00e+00
Seed:                    59

======================= Linear optimization problem =======================
coeff matrix A:          [[-0.778 -0.230 -0.774 +0.391 -0.220 -0.452 +0.450 -0.525]
                          [-0.790 -0.025 -0.691 +0.514 +0.003 -0.416 +0.323 -0.528]]

RHS vector b:            [-7.430 -6.693]
Obj vector c:            [+3.172 +4.357 +3.601 -1.049 +1.954 +6.408 -2.461 +2.163]

============================ Optimal solution =============================
Primal variables:        [+4.126 +0.000 +3.871 +0.376 +2.561 +0.000 +1.144 +2.519]
Dual slacks:             [+0.000 +2.443 +0.000 +0.000 +0.000 +4.363 +0.000 +0.000]
Dual variables:          [-8.834 +4.686]

Optimal objective:       +3.42712722e+01
===========================================================================

Method:             II-QIPM
LO_Precision:       1.00e-01
Stop_Precision:     1.00e-03
LO_Verbosity:       2
Omega:              1.00e+01
num_ancillae:       4

The Quantum Inexact Infeasible Interior-Point Method starts running ...


                  Objective                Residual                      Quantum                    Step-length
Iter      Primal           Dual         Primal    Dual     Compl    ||Resl||   Prob    Cond-Num   a-star   a-hat      Time
   0   1.20274894e+02 -6.24771065e+00  6.13e+00 8.45e+00  3.49e+02  2.15e+00 1.14e-02  6.40e+01  7.69e-01 6.35e-01      2s
   1   1.14453314e+02 -2.77099658e+00  5.54e+00 7.60e+00  3.17e+02 *5.38e-01 1.56e-02  5.04e+01  6.54e-01 1.01e-01      4s
   2   1.09559995e+02  3.42110154e-02  5.07e+00 6.95e+00  2.93e+02 *1.81e-01 1.56e-02  5.22e+01  6.42e-01 8.57e-02      6s
   3   1.04893120e+02  2.60559485e+00  4.65e+00 6.37e+00  2.71e+02 *1.44e-01 1.56e-02  5.42e+01  6.31e-01 8.22e-02      8s
   4   1.00431587e+02  4.96381167e+00  4.27e+00 5.87e+00  2.52e+02 *4.75e-01 1.56e-02  5.65e+01  6.20e-01 7.89e-02      9s
   5   9.61523585e+01  7.13110273e+00  3.92e+00 5.43e+00  2.34e+02 *8.11e-01 1.56e-02  5.92e+01  6.10e-01 7.58e-02     11s
   6   9.20225574e+01  9.13342506e+00  3.61e+00 5.03e+00  2.19e+02 *1.15e+00 1.56e-02  6.24e+01  6.00e-01 7.31e-02     13s
   7   8.80327853e+01  1.09831929e+01  3.33e+00 4.67e+00  2.05e+02 *1.50e+00 1.56e-02  6.61e+01  5.90e-01 7.05e-02     15s
   8   8.41549361e+01  1.27001165e+01  3.07e+00 4.36e+00  1.92e+02 *1.86e+00 1.56e-02  7.04e+01  5.80e-01 6.83e-02     16s
   9   8.03858727e+01  1.42907094e+01  2.84e+00 4.07e+00  1.81e+02 *2.23e+00 1.56e-02  7.53e+01  5.71e-01 6.59e-02     18s
  10   7.67111965e+01  1.57654697e+01  2.64e+00 3.81e+00  1.70e+02 *2.61e+00 1.56e-02  8.07e+01  5.61e-01 6.37e-02     20s
  11   7.31206360e+01  1.71319671e+01  2.47e+00 3.58e+00  1.61e+02 *3.01e+00 1.56e-02  8.67e+01  5.51e-01 6.15e-02     21s
  12   6.96073810e+01  1.83956656e+01  2.33e+00 3.36e+00  1.52e+02 *3.43e+00 1.56e-02  9.33e+01  5.40e-01 5.92e-02     23s
  13   6.61710202e+01  1.95594596e+01  2.23e+00 3.17e+00  1.44e+02 *3.89e+00 1.56e-02  1.00e+02  5.29e-01 5.68e-02     25s
  14   6.28068136e+01  2.06279210e+01  2.17e+00 3.00e+00  1.37e+02 *4.37e+00 1.56e-02  1.08e+02  5.17e-01 5.43e-02     27s
  15   5.95126852e+01  2.16049065e+01  2.14e+00 2.85e+00  1.30e+02 *4.89e+00 1.56e-02  1.15e+02  5.05e-01 5.16e-02     29s
  16   5.62794559e+01  2.24966246e+01  2.16e+00 2.71e+00  1.24e+02 *5.45e+00 1.56e-02  1.23e+02  4.91e-01 4.89e-02     31s
  17   5.31074047e+01  2.33067185e+01  2.22e+00 2.58e+00  1.19e+02 *6.06e+00 1.56e-02  1.31e+02  4.78e-01 4.61e-02     32s
  18   4.99965919e+01  2.40395051e+01  2.31e+00 2.47e+00  1.14e+02 *6.72e+00 1.56e-02  1.38e+02  4.64e-01 4.32e-02     34s
  19   4.69319655e+01  2.47030985e+01  2.43e+00 2.37e+00  1.10e+02 *7.44e+00 1.56e-02  1.46e+02  4.50e-01 4.05e-02     36s
  20   4.39205401e+01  2.53005392e+01  2.58e+00 2.28e+00  1.06e+02 *8.23e+00 1.56e-02  1.52e+02  4.35e-01 3.76e-02     38s
  21   4.09491532e+01  2.58393373e+01  2.75e+00 2.20e+00  1.03e+02 *9.07e+00 1.56e-02  1.59e+02  4.21e-01 3.50e-02     40s
  22   3.80176290e+01  2.63241504e+01  2.94e+00 2.13e+00  9.96e+01 *9.99e+00 1.56e-02  1.65e+02  4.06e-01 3.24e-02     42s
  23   3.51211436e+01  2.67603966e+01  3.14e+00 2.07e+00  9.68e+01 *1.10e+01 1.56e-02  1.70e+02  3.92e-01 3.00e-02     44s
  24   3.22578374e+01  2.71527663e+01  3.35e+00 2.01e+00  9.43e+01 *1.21e+01 1.56e-02  1.75e+02  3.78e-01 2.76e-02     46s
  25   2.94196322e+01  2.75064961e+01  3.58e+00 1.96e+00  9.20e+01 *1.32e+01 1.56e-02  1.79e+02  3.59e-01 2.55e-02     48s
  26   2.66058542e+01  2.78254123e+01  3.81e+00 1.91e+00  9.00e+01 *1.44e+01 1.56e-02  1.83e+02  3.41e-01 2.35e-02     50s
  27   2.38168925e+01  2.81129890e+01  4.05e+00 1.87e+00  8.82e+01 *1.58e+01 1.56e-02  1.86e+02  3.24e-01 2.16e-02     52s
  28   2.10485812e+01  2.83728898e+01  4.30e+00 1.83e+00  8.65e+01 *1.72e+01 1.56e-02  1.89e+02  3.09e-01 1.99e-02     54s
  29   1.82976231e+01  2.86082920e+01  4.55e+00 1.80e+00  8.50e+01 *1.87e+01 1.56e-02  1.92e+02  2.94e-01 1.84e-02     55s
  30   1.55669322e+01  2.88215298e+01  4.80e+00 1.77e+00  8.37e+01 *2.02e+01 1.56e-02  1.94e+02  2.81e-01 1.69e-02     58s
  31   1.28519611e+01  2.90153057e+01  5.06e+00 1.74e+00  8.25e+01 *2.19e+01 1.56e-02  1.96e+02  2.68e-01 1.56e-02     60s
  32   1.01540878e+01  2.91915805e+01  5.32e+00 1.72e+00  8.13e+01 *2.37e+01 1.56e-02  1.97e+02  2.56e-01 1.44e-02     61s
  33   7.47249824e+00  2.93522625e+01  5.58e+00 1.69e+00  8.03e+01 *2.56e+01 1.56e-02  1.99e+02  2.45e-01 1.33e-02     63s
  34   4.80410121e+00  2.94991671e+01  5.84e+00 1.67e+00  7.94e+01 *2.75e+01 1.56e-02  2.00e+02  2.35e-01 1.23e-02     65s
  35   2.15406054e+00  2.96334556e+01  6.11e+00 1.65e+00  7.85e+01 *2.96e+01 1.56e-02  2.00e+02  2.25e-01 1.14e-02     67s
  36  -4.82680499e-01  2.97566909e+01  6.37e+00 1.64e+00  7.78e+01 *3.17e+01 1.56e-02  2.01e+02  2.16e-01 1.06e-02     69s
  37  -3.10314751e+00  2.98698652e+01  6.64e+00 1.62e+00  7.70e+01 *3.40e+01 1.56e-02  2.02e+02  2.08e-01 9.82e-03     71s
  38  -5.70936919e+00  2.99740832e+01  6.91e+00 1.60e+00  7.64e+01 *3.63e+01 1.56e-02  2.02e+02  2.00e-01 9.14e-03     73s
  39  -8.30066187e+00  3.00702087e+01  7.17e+00 1.59e+00  7.58e+01 *3.87e+01 1.56e-02  2.02e+02  1.93e-01 8.51e-03     74s
  40  -1.08762222e+01  3.01590086e+01  7.44e+00 1.58e+00  7.52e+01 *4.13e+01 1.56e-02  2.02e+02  1.86e-01 7.93e-03     76s
  41  -1.34377142e+01  3.02412474e+01  7.71e+00 1.57e+00  7.47e+01 *4.39e+01 1.56e-02  2.02e+02  1.79e-01 7.41e-03     78s
  42  -1.59867530e+01  3.03175943e+01  7.98e+00 1.56e+00  7.42e+01 *4.66e+01 1.56e-02  2.02e+02  1.73e-01 6.93e-03     79s
  43  -1.85173154e+01  3.03884237e+01  8.24e+00 1.55e+00  7.37e+01 *4.94e+01 1.56e-02  2.02e+02  1.68e-01 6.48e-03     81s
  44  -2.10358846e+01  3.04544222e+01  8.51e+00 1.54e+00  7.33e+01 *5.23e+01 1.56e-02  2.02e+02  1.62e-01 6.08e-03     83s
  45  -2.35389584e+01  3.05159319e+01  8.77e+00 1.53e+00  7.29e+01 *5.53e+01 1.56e-02  2.01e+02  1.57e-01 5.71e-03     84s
  46  -2.60279705e+01  3.05733850e+01  9.04e+00 1.52e+00  7.26e+01 *5.84e+01 1.56e-02  2.01e+02  1.53e-01 5.37e-03     86s
  47  -2.85043589e+01  3.06271634e+01  9.30e+00 1.51e+00  7.22e+01 *6.15e+01 1.56e-02  2.01e+02  1.48e-01 5.06e-03     88s
  48  -3.09646451e+01  3.06775055e+01  9.56e+00 1.50e+00  7.19e+01 *6.48e+01 1.56e-02  2.00e+02  1.44e-01 4.76e-03     90s
  49  -3.34126749e+01  3.07247757e+01  9.82e+00 1.50e+00  7.16e+01 *6.81e+01 1.56e-02  2.00e+02  1.40e-01 4.50e-03     91s
  50  -3.58450239e+01  3.07691598e+01  1.01e+01 1.49e+00  7.13e+01 *7.15e+01 1.56e-02  2.00e+02  1.36e-01 4.25e-03     93s
  51  -3.82655190e+01  3.08109583e+01  1.03e+01 1.49e+00  7.10e+01 *7.50e+01 1.56e-02  1.99e+02  1.33e-01 4.02e-03     95s
  52  -4.06732086e+01  3.08503565e+01  1.06e+01 1.48e+00  7.08e+01 *7.86e+01 1.56e-02  1.99e+02  1.29e-01 3.81e-03     97s
  53  -4.30647544e+01  3.08874869e+01  1.09e+01 1.47e+00  7.05e+01 *8.23e+01 1.56e-02  1.98e+02  1.26e-01 3.61e-03     99s
  54  -4.54463414e+01  3.09226156e+01  1.11e+01 1.47e+00  7.03e+01 *8.61e+01 1.56e-02  1.98e+02  1.23e-01 3.43e-03    101s
  55  -4.78147307e+01  3.09558423e+01  1.14e+01 1.46e+00  7.01e+01 *8.99e+01 1.56e-02  1.97e+02  1.20e-01 3.26e-03    103s
  56  -5.01690393e+01  3.09872938e+01  1.16e+01 1.46e+00  6.99e+01 *9.38e+01 1.56e-02  1.97e+02  1.17e-01 3.10e-03    105s
  57  -5.25130863e+01  3.10171468e+01  1.19e+01 1.46e+00  6.97e+01 *9.78e+01 1.56e-02  1.96e+02  1.15e-01 2.96e-03    107s
  58  -5.48460639e+01  3.10455014e+01  1.21e+01 1.45e+00  6.95e+01 *1.02e+02 1.56e-02  1.96e+02  1.12e-01 2.82e-03    109s
  59  -5.71648551e+01  3.10724236e+01  1.24e+01 1.45e+00  6.93e+01 *1.06e+02 1.56e-02  1.95e+02  1.10e-01 2.69e-03    111s
  60  -5.94732758e+01  3.10980537e+01  1.26e+01 1.44e+00  6.92e+01 *1.10e+02 1.56e-02  1.95e+02  1.07e-01 2.57e-03    113s
  61  -6.17705815e+01  3.11224685e+01  1.29e+01 1.44e+00  6.90e+01 *1.15e+02 1.56e-02  1.95e+02  1.05e-01 2.46e-03    115s
  62  -6.40560411e+01  3.11457389e+01  1.31e+01 1.44e+00  6.89e+01 *1.19e+02 1.56e-02  1.94e+02  1.03e-01 2.35e-03    117s
  63  -6.63289389e+01  3.11679313e+01  1.34e+01 1.43e+00  6.87e+01 *1.24e+02 1.56e-02  1.94e+02  1.01e-01 2.25e-03    119s
