
================= Linear optimization problem Information =================
Number of variables:     8
Number of constraints:   2

Norm of primal sol:      4.81e+01
Norm of dual sol:        1.00e+01
Norm of dual slacks:     5.00e+00

Norm of vector b:        1.00e+01
Norm of vector c:        1.33e+01

Norm of matrix A:        2.00e+00
Condition number:        1.60e+01
Seed:                    29

======================= Linear optimization problem =======================
coeff matrix A:          [[-0.801 -0.941 -0.952 +1.048 -0.341 +0.251 -0.420 +0.090]
                          [+0.171 +0.122 +0.184 -0.177 +0.028 -0.005 +0.015 -0.103]]

RHS vector b:            [-9.940 -1.093]
Obj vector c:            [-4.928 -3.972 -5.976 +6.743 -2.394 +6.290 -3.070 +0.008]

============================ Optimal solution =============================
Primal variables:        [+24.866 +0.000 +2.109 +21.972 +13.033 +0.000 +20.918 +24.438]
Dual slacks:             [+0.000 +2.325 +0.000 +0.000 +0.000 +4.426 +0.000 +0.000]
Dual variables:          [+7.547 +6.561]

Optimal objective:       -8.21915728e+01
===========================================================================

Method:             II-QIPM
LO_Precision:       1.00e-01
Stop_Precision:     1.00e-03
LO_Verbosity:       2
Omega:              1.00e+01
num_ancillae:       4

The Quantum Inexact Infeasible Interior-Point Method starts running ...


                  Objective                Residual                      Quantum                    Step-length
Iter      Primal           Dual         Primal    Dual     Compl    ||Resl||   Prob    Cond-Num   a-star   a-hat      Time
   0  -4.38054843e+01 -5.66770114e+01  4.39e+00 1.25e+01  3.42e+02  1.34e+00 1.56e-02  2.56e+02  7.54e-01 6.27e-01      1s
   1  -4.57034915e+01 -5.86216532e+01  3.17e+00 8.80e+00  2.49e+02  8.40e-01 1.55e-02  3.04e+02  8.18e-01 2.96e-01      3s
   2  -5.36071444e+01 -6.02268709e+01  1.45e+00 3.69e+00  1.11e+02  4.78e-01 1.55e-02  2.96e+02  7.47e-01 5.80e-01      5s
   3  -5.44029931e+01 -6.02387863e+01  1.33e+00 3.58e+00  1.08e+02 *2.51e+00 1.17e-03  1.68e+02  4.00e-01 3.13e-02      6s
   4  -5.49519486e+01 -6.02488690e+01  1.23e+00 3.50e+00  1.06e+02 *3.22e+00 2.53e-04  1.54e+02  3.80e-01 2.26e-02      8s
   5  -5.54268503e+01 -6.02627403e+01  1.13e+00 3.42e+00  1.04e+02 *3.85e+00 1.94e-05  1.44e+02  3.68e-01 2.08e-02     10s
   6  -5.66089446e+01 -6.02540747e+01  1.13e+00 3.36e+00  1.02e+02 *4.29e+00 1.01e-04  1.35e+02  3.57e-01 1.94e-02     12s
   7  -5.77626865e+01 -6.02452181e+01  1.14e+00 3.30e+00  1.00e+02 *4.78e+00 1.48e-04  1.26e+02  3.44e-01 1.78e-02     14s
   8  -5.88906922e+01 -6.02362068e+01  1.15e+00 3.24e+00  9.90e+01 *5.27e+00 2.11e-04  1.17e+02  3.33e-01 1.64e-02     15s
   9  -5.99934419e+01 -6.02270872e+01  1.17e+00 3.19e+00  9.76e+01 *5.77e+00 2.91e-04  1.10e+02  3.22e-01 1.52e-02     17s
  10  -6.10747967e+01 -6.02178710e+01  1.20e+00 3.15e+00  9.63e+01 *6.27e+00 3.88e-04  1.03e+02  3.12e-01 1.41e-02     19s
  11  -6.21333015e+01 -6.02086076e+01  1.23e+00 3.11e+00  9.52e+01 *6.78e+00 5.04e-04  9.63e+01  3.02e-01 1.31e-02     21s
  12  -6.31739037e+01 -6.01992866e+01  1.27e+00 3.07e+00  9.41e+01 *7.29e+00 6.38e-04  9.05e+01  2.93e-01 1.22e-02     23s
  13  -6.41953399e+01 -6.01899474e+01  1.31e+00 3.03e+00  9.32e+01 *7.82e+00 7.91e-04  8.52e+01  2.85e-01 1.14e-02     25s
  14  -6.52004782e+01 -6.01805897e+01  1.35e+00 3.00e+00  9.22e+01 *8.35e+00 9.62e-04  8.03e+01  2.77e-01 1.07e-02     27s
  15  -6.61901800e+01 -6.01712290e+01  1.40e+00 2.97e+00  9.14e+01 *8.89e+00 1.15e-03  7.58e+01  2.70e-01 1.01e-02     29s
  16  -6.71663038e+01 -6.01618695e+01  1.45e+00 2.94e+00  9.06e+01 *9.44e+00 1.36e-03  7.16e+01  2.63e-01 9.51e-03     31s
  17  -6.81287720e+01 -6.01525328e+01  1.50e+00 2.92e+00  8.99e+01 *1.00e+01 1.59e-03  6.78e+01  2.56e-01 8.97e-03     33s
  18  -6.90803867e+01 -6.01432116e+01  1.55e+00 2.89e+00  8.92e+01 *1.06e+01 1.85e-03  6.42e+01  2.50e-01 8.49e-03     35s
  19  -7.00210967e+01 -6.01339260e+01  1.61e+00 2.87e+00  8.85e+01 *1.11e+01 2.13e-03  6.09e+01  2.44e-01 8.05e-03     37s
  20  -7.09517957e+01 -6.01246867e+01  1.67e+00 2.85e+00  8.79e+01 *1.17e+01 2.43e-03  5.79e+01  2.39e-01 7.64e-03     39s
  21  -7.18742963e+01 -6.01154949e+01  1.73e+00 2.83e+00  8.73e+01 *1.23e+01 2.77e-03  5.50e+01  2.34e-01 7.28e-03     40s
  22  -7.27894851e+01 -6.01063616e+01  1.79e+00 2.81e+00  8.68e+01 *1.29e+01 3.14e-03  5.24e+01  2.29e-01 6.94e-03     42s
  23  -7.36982464e+01 -6.00972979e+01  1.85e+00 2.79e+00  8.63e+01 *1.35e+01 3.55e-03  4.99e+01  2.24e-01 6.63e-03     43s
  24  -7.46005595e+01 -6.00883247e+01  1.92e+00 2.77e+00  8.58e+01 *1.42e+01 4.00e-03  4.76e+01  2.20e-01 6.34e-03     45s
  25  -7.54990969e+01 -6.00794369e+01  1.98e+00 2.75e+00  8.53e+01 *1.48e+01 4.51e-03  4.54e+01  2.15e-01 6.09e-03     47s
  26  -7.63929587e+01 -6.00706661e+01  2.05e+00 2.74e+00  8.48e+01 *1.54e+01 5.08e-03  4.34e+01  2.12e-01 5.84e-03     49s
  27  -7.72839123e+01 -6.00620185e+01  2.12e+00 2.72e+00  8.44e+01 *1.61e+01 5.72e-03  4.15e+01  2.08e-01 5.62e-03     51s
  28  -7.81737366e+01 -6.00535021e+01  2.18e+00 2.71e+00  8.40e+01 *1.67e+01 6.44e-03  3.97e+01  2.04e-01 5.42e-03     53s
  29  -7.90615638e+01 -6.00451523e+01  2.25e+00 2.69e+00  8.36e+01 *1.74e+01 7.26e-03  3.80e+01  2.01e-01 5.23e-03     54s
  30  -7.99500633e+01 -6.00369729e+01  2.32e+00 2.68e+00  8.32e+01 *1.81e+01 8.19e-03  3.64e+01  1.98e-01 5.06e-03     56s
  31  -8.08383930e+01 -6.00290031e+01  2.39e+00 2.67e+00  8.28e+01 *1.87e+01 9.23e-03  3.49e+01  1.95e-01 4.90e-03     58s
  32  -8.17292519e+01 -6.00212525e+01  2.47e+00 2.65e+00  8.25e+01 *1.94e+01 1.04e-02  3.34e+01  1.93e-01 4.77e-03     60s
  33  -8.26236165e+01 -6.00137508e+01  2.54e+00 2.64e+00  8.21e+01 *2.01e+01 1.18e-02  3.21e+01  1.90e-01 4.64e-03     61s
  34  -8.35215908e+01 -6.00065385e+01  2.62e+00 2.63e+00  8.18e+01 *2.08e+01 1.33e-02  3.08e+01  1.88e-01 4.53e-03     64s
  35  -8.44259893e+01 -5.99996391e+01  2.69e+00 2.62e+00  8.15e+01 *2.14e+01 1.51e-02  2.96e+01  1.86e-01 4.43e-03     66s
  36  -8.53369967e+01 -5.99931036e+01  2.77e+00 2.61e+00  8.11e+01 *2.21e+01 1.71e-02  2.85e+01  1.85e-01 4.34e-03     67s
  37  -8.62557194e+01 -5.99869817e+01  2.85e+00 2.60e+00  8.08e+01 *2.28e+01 1.94e-02  2.74e+01  1.83e-01 4.26e-03     69s
  38  -8.71851649e+01 -5.99813192e+01  2.93e+00 2.58e+00  8.05e+01 *2.34e+01 2.20e-02  2.63e+01  1.82e-01 4.20e-03     70s
  39  -8.81266099e+01 -5.99761849e+01  3.01e+00 2.57e+00  8.02e+01 *2.40e+01 2.49e-02  2.54e+01  1.81e-01 4.16e-03     72s
  40  -8.90813945e+01 -5.99716585e+01  3.09e+00 2.56e+00  7.99e+01 *2.47e+01 2.83e-02  2.44e+01  1.80e-01 4.12e-03     74s
  41  -9.00528693e+01 -5.99678254e+01  3.18e+00 2.55e+00  7.96e+01 *2.53e+01 3.21e-02  2.35e+01  1.80e-01 4.10e-03     76s
  42  -9.10436158e+01 -5.99647955e+01  3.27e+00 2.54e+00  7.93e+01 *2.59e+01 3.64e-02  2.26e+01  1.80e-01 4.10e-03     78s
  43  -9.20563922e+01 -5.99627029e+01  3.36e+00 2.53e+00  7.90e+01 *2.64e+01 4.13e-02  2.18e+01  1.80e-01 4.11e-03     80s
  44  -9.30951956e+01 -5.99617095e+01  3.45e+00 2.52e+00  7.87e+01 *2.69e+01 4.68e-02  2.10e+01  1.80e-01 4.15e-03     82s
  45  -9.41643581e+01 -5.99620192e+01  3.55e+00 2.51e+00  7.84e+01 *2.74e+01 5.31e-02  2.02e+01  1.81e-01 4.20e-03     84s
  46  -9.52674979e+01 -5.99638870e+01  3.65e+00 2.50e+00  7.81e+01 *2.78e+01 6.03e-02  1.95e+01  1.83e-01 4.28e-03     86s
  47  -9.64119706e+01 -5.99676399e+01  3.75e+00 2.49e+00  7.78e+01 *2.82e+01 6.83e-02  1.88e+01  1.85e-01 4.40e-03     87s
  48  -9.76047661e+01 -5.99737034e+01  3.86e+00 2.48e+00  7.75e+01 *2.84e+01 7.74e-02  1.81e+01  1.88e-01 4.55e-03     90s
  49  -9.88549212e+01 -5.99826418e+01  3.97e+00 2.47e+00  7.71e+01 *2.86e+01 8.78e-02  1.74e+01  1.92e-01 4.75e-03     91s
  50  -1.00173942e+02 -5.99952207e+01  4.09e+00 2.45e+00  7.68e+01 *2.87e+01 9.94e-02  1.68e+01  1.96e-01 5.02e-03     93s
  51  -1.01577763e+02 -6.00125197e+01  4.22e+00 2.44e+00  7.64e+01 *2.87e+01 1.13e-01  1.61e+01  2.02e-01 5.37e-03     96s
  52  -1.03081908e+02 -6.00360169e+01  4.36e+00 2.43e+00  7.60e+01 *2.85e+01 1.28e-01  1.55e+01  2.10e-01 5.82e-03     98s
  53  -1.04715644e+02 -6.00680083e+01  4.51e+00 2.41e+00  7.56e+01 *2.82e+01 1.44e-01  1.49e+01  2.19e-01 6.45e-03     99s
  54  -1.06514350e+02 -6.01119824e+01  4.68e+00 2.39e+00  7.51e+01 *2.76e+01 1.64e-01  1.43e+01  2.32e-01 7.30e-03    102s
  55  -1.08527115e+02 -6.01735510e+01  4.87e+00 2.37e+00  7.45e+01 *2.68e+01 1.85e-01  1.36e+01  2.48e-01 8.52e-03    103s
  56  -1.10837687e+02 -6.02627719e+01  5.08e+00 2.35e+00  7.38e+01 *2.56e+01 2.10e-01  1.30e+01  2.70e-01 1.04e-02    105s
  57  -1.13574000e+02 -6.03986840e+01  5.33e+00 2.32e+00  7.29e+01 *2.40e+01 2.38e-01  1.24e+01  3.01e-01 1.34e-02    107s
  58  -1.16972540e+02 -6.06232096e+01  5.65e+00 2.27e+00  7.16e+01 *2.19e+01 2.69e-01  1.17e+01  3.46e-01 1.87e-02    109s
  59  -1.21541547e+02 -6.10504499e+01  6.06e+00 2.20e+00  6.96e+01 *1.91e+01 3.03e-01  1.11e+01  4.20e-01 3.04e-02    111s
  60  -1.28730620e+02 -6.21389446e+01  6.67e+00 2.06e+00  6.54e+01 *1.53e+01 3.39e-01  1.03e+01  5.59e-01 6.66e-02    113s
  61  -1.50614124e+02 -7.05785958e+01  8.18e+00 1.12e+00  3.75e+01 *1.00e+01 3.73e-01  9.48e+00  8.72e-01 4.55e-01    115s
  62  -1.25099730e+02 -7.65446602e+01  5.12e+00 6.23e-01  2.25e+01 *1.30e+00 4.24e-01  8.37e+00  7.50e-01 4.45e-01    117s
  63  -1.47363008e+02 -7.66806059e+01  7.27e+00 5.65e-01  2.03e+01 *2.82e+01 1.40e-01  1.58e+01  2.53e-01 9.34e-02    119s
  64  -1.65730411e+02 -7.85055541e+01  8.92e+00 3.62e-01  1.34e+01 *1.19e+01 4.01e-01  9.78e+00  8.68e-01 3.59e-01    121s
  65  -1.47133174e+02 -8.02038137e+01  6.88e+00 2.14e-01  8.46e+00 *3.95e+00 4.52e-01  8.71e+00  7.89e-01 4.09e-01    123s
  66  -1.74466482e+02 -8.03355324e+01  9.60e+00 1.85e-01  7.32e+00 *2.72e+01 2.38e-01  1.35e+01  3.42e-01 1.34e-01    125s
  67  -1.62766579e+02 -8.10078367e+01  8.35e+00 1.24e-01  5.14e+00 *5.83e+00 4.50e-01  8.90e+00  8.22e-01 3.28e-01    127s
  68  -1.74276911e+02 -8.10768194e+01  9.51e+00 1.14e-01  4.76e+00 *2.26e+01 3.44e-01  1.16e+01  4.96e-01 8.12e-02    129s
  69  -1.74281717e+02 -8.10769117e+01  9.51e+00 1.14e-01  4.76e+00 *1.49e+01 4.31e-01  1.01e+01  8.65e-01 8.93e-05    131s

The solution quality is limited by the precision of the linear system solver.

The II-IPM stopped after 70 iterations in 131.13 seconds.

Primal variables:   [+12.107 +0.384 +12.671 +13.122 +19.923 +0.192 +26.085 +89.131]
Dual slacks:        [+0.054 +2.349 +0.052 +0.023 +0.028 +4.455 +0.020 +0.004]
Dual variables:     [+7.475 +6.200]

Primal objective:   -1.74281717e+02
Dual objective:     -8.10769117e+01

Primal residual:    9.51e+00
Dual residual:      1.14e-01
Complementraty:     4.76e+00

Number of Iter:     70
Run time:           131.13
