
================= Linear optimization problem Information =================
Number of variables:     8
Number of constraints:   2

Norm of primal sol:      9.64e+00
Norm of dual sol:        1.00e+01
Norm of dual slacks:     5.00e+00

Norm of vector b:        1.00e+01
Norm of vector c:        1.45e+01

Norm of matrix A:        2.00e+00
Condition number:        3.20e+01
Seed:                    23

======================= Linear optimization problem =======================
coeff matrix A:          [[+0.018 -0.125 -0.109 +0.189 +0.139 -0.181 +0.025 -0.182]
                          [+0.183 +0.628 +0.695 -0.868 -0.701 +0.913 -0.147 +0.918]]

RHS vector b:            [-1.733 +9.849]
Obj vector c:            [-0.945 -4.761 -0.226 +6.704 +6.689 -6.912 +1.080 -6.952]

============================ Optimal solution =============================
Primal variables:        [+3.622 +6.630 +0.000 +1.977 +0.000 +4.804 +1.170 +2.748]
Dual slacks:             [+0.000 +0.000 +4.804 +0.000 +1.387 +0.000 +0.000 +0.000]
Dual variables:          [+8.015 -5.980]

Optimal objective:       -7.27793691e+01
===========================================================================

Method:             II-QIPM
LO_Precision:       1.00e-01
Stop_Precision:     1.00e-03
LO_Verbosity:       2
Omega:              1.00e+01
num_ancillae:       4

The Quantum Inexact Infeasible Interior-Point Method starts running ...


                  Objective                Residual                      Quantum                    Step-length
Iter      Primal           Dual         Primal    Dual     Compl    ||Resl||   Prob    Cond-Num   a-star   a-hat      Time
   0  -3.44098858e+01 -7.01354758e+01  1.43e+00 6.78e+00  2.12e+02  6.24e-01 1.56e-02  1.02e+03  9.00e-01 7.97e-01      2s
   1  -4.18278331e+01 -7.25580643e+01  9.43e-01 3.89e+00  1.31e+02  5.34e-01 1.56e-02  1.21e+03  9.71e-01 4.26e-01      4s
   2  -5.01577095e+01 -7.38823945e+01  6.64e-01 2.11e+00  7.77e+01  4.64e-01 1.56e-02  1.37e+03  9.58e-01 4.57e-01      6s
   3  -6.14358697e+01 -7.48052881e+01  4.20e-01 5.84e-01  2.80e+01  3.57e-01 1.56e-02  1.68e+03  9.30e-01 7.23e-01      8s
   4  -6.33991180e+01 -7.48320821e+01  3.49e-01 4.68e-01  2.30e+01  6.25e-02 1.56e-02  2.93e+03  7.61e-01 1.99e-01     10s
   5  -6.43720156e+01 -7.48400256e+01  3.07e-01 4.16e-01  2.07e+01  2.08e-02 1.56e-02  3.23e+03  7.05e-01 1.12e-01     12s
   6  -6.51536622e+01 -7.48435694e+01  2.71e-01 3.76e-01  1.89e+01  6.94e-02 1.55e-02  3.37e+03  6.71e-01 9.59e-02     14s
   7  -6.57702972e+01 -7.48441975e+01  2.39e-01 3.45e-01  1.75e+01  1.22e-01 8.38e-03  3.47e+03  6.38e-01 8.30e-02     16s
   8  -6.63252527e+01 -7.48423561e+01  2.11e-01 3.20e-01  1.64e+01 *1.56e-01 1.44e-02  3.53e+03  6.08e-01 7.27e-02     18s
   9  -6.67951656e+01 -7.48389045e+01  1.86e-01 2.99e-01  1.54e+01 *1.93e-01 1.52e-02  3.55e+03  5.81e-01 6.40e-02     20s
  10  -6.72008824e+01 -7.48342130e+01  1.63e-01 2.82e-01  1.46e+01 *2.30e-01 1.54e-02  3.56e+03  5.56e-01 5.68e-02     22s
  11  -6.75569704e+01 -7.48285423e+01  1.42e-01 2.68e-01  1.39e+01 *2.65e-01 1.54e-02  3.54e+03  5.32e-01 5.09e-02     24s
  12  -6.78728535e+01 -7.48220955e+01  1.23e-01 2.56e-01  1.34e+01 *3.00e-01 1.55e-02  3.52e+03  5.11e-01 4.58e-02     25s
  13  -6.81563904e+01 -7.48150132e+01  1.05e-01 2.45e-01  1.29e+01 *3.34e-01 1.55e-02  3.48e+03  4.92e-01 4.15e-02     27s
  14  -6.84137003e+01 -7.48073949e+01  8.91e-02 2.36e-01  1.24e+01 *3.68e-01 1.55e-02  3.44e+03  4.74e-01 3.78e-02     29s
  15  -6.86491537e+01 -7.47993255e+01  7.44e-02 2.28e-01  1.20e+01 *4.02e-01 1.55e-02  3.39e+03  4.58e-01 3.47e-02     31s
  16  -6.88667251e+01 -7.47908536e+01  6.14e-02 2.20e-01  1.17e+01 *4.35e-01 1.55e-02  3.34e+03  4.43e-01 3.20e-02     34s
  17  -6.90690344e+01 -7.47820352e+01  5.04e-02 2.14e-01  1.14e+01 *4.69e-01 1.55e-02  3.29e+03  4.29e-01 2.97e-02     36s
  18  -6.92586406e+01 -7.47728979e+01  4.26e-02 2.08e-01  1.11e+01 *5.03e-01 1.56e-02  3.25e+03  4.17e-01 2.76e-02     38s
  19  -6.94374971e+01 -7.47634678e+01  3.91e-02 2.03e-01  1.08e+01 *5.37e-01 1.56e-02  3.20e+03  4.05e-01 2.59e-02     40s
  20  -6.96070848e+01 -7.47537727e+01  4.05e-02 1.98e-01  1.06e+01 *5.71e-01 1.56e-02  3.16e+03  3.95e-01 2.43e-02     42s
  21  -6.97688305e+01 -7.47438253e+01  4.62e-02 1.93e-01  1.04e+01 *6.05e-01 1.56e-02  3.12e+03  3.85e-01 2.29e-02     44s
  22  -6.99239620e+01 -7.47336329e+01  5.46e-02 1.89e-01  1.02e+01 *6.39e-01 1.56e-02  3.09e+03  3.76e-01 2.18e-02     46s
  23  -7.00732488e+01 -7.47232187e+01  6.45e-02 1.85e-01  9.98e+00 *6.74e-01 1.56e-02  3.06e+03  3.68e-01 2.07e-02     48s
  24  -7.02177972e+01 -7.47125721e+01  7.53e-02 1.81e-01  9.80e+00 *7.09e-01 1.56e-02  3.04e+03  3.61e-01 1.98e-02     50s
  25  -7.03580293e+01 -7.47017212e+01  8.65e-02 1.78e-01  9.63e+00 *7.44e-01 1.56e-02  3.02e+03  3.54e-01 1.89e-02     52s
  26  -7.04947263e+01 -7.46906607e+01  9.81e-02 1.75e-01  9.47e+00 *7.80e-01 1.56e-02  3.01e+03  3.47e-01 1.82e-02     53s
  27  -7.06284607e+01 -7.46793934e+01  1.10e-01 1.72e-01  9.32e+00 *8.15e-01 1.56e-02  3.00e+03  3.41e-01 1.75e-02     55s
  28  -7.07594912e+01 -7.46679433e+01  1.22e-01 1.69e-01  9.18e+00 *8.52e-01 1.56e-02  3.00e+03  3.36e-01 1.69e-02     57s
  29  -7.08885630e+01 -7.46562883e+01  1.34e-01 1.66e-01  9.04e+00 *8.88e-01 1.56e-02  3.00e+03  3.31e-01 1.64e-02     59s
  30  -7.10157377e+01 -7.46444618e+01  1.46e-01 1.63e-01  8.91e+00 *9.25e-01 1.56e-02  3.01e+03  3.26e-01 1.59e-02     61s
  31  -7.11415653e+01 -7.46324505e+01  1.58e-01 1.61e-01  8.78e+00 *9.62e-01 1.56e-02  3.02e+03  3.22e-01 1.54e-02     63s
  32  -7.12661937e+01 -7.46202756e+01  1.71e-01 1.58e-01  8.66e+00 *1.00e+00 1.56e-02  3.04e+03  3.18e-01 1.50e-02     65s
  33  -7.13900048e+01 -7.46079342e+01  1.83e-01 1.56e-01  8.55e+00 *1.04e+00 1.56e-02  3.07e+03  3.14e-01 1.47e-02     66s
  34  -7.15131189e+01 -7.45954469e+01  1.96e-01 1.54e-01  8.44e+00 *1.08e+00 1.56e-02  3.10e+03  3.11e-01 1.43e-02     69s
  35  -7.16358918e+01 -7.45828096e+01  2.09e-01 1.52e-01  8.33e+00 *1.12e+00 1.56e-02  3.13e+03  3.07e-01 1.40e-02     71s
  36  -7.17583034e+01 -7.45700556e+01  2.22e-01 1.50e-01  8.22e+00 *1.16e+00 1.56e-02  3.17e+03  3.04e-01 1.37e-02     72s
  37  -7.18808161e+01 -7.45571674e+01  2.35e-01 1.48e-01  8.12e+00 *1.20e+00 1.56e-02  3.21e+03  3.01e-01 1.35e-02     74s
  38  -7.20035222e+01 -7.45441650e+01  2.48e-01 1.46e-01  8.02e+00 *1.24e+00 1.56e-02  3.26e+03  2.99e-01 1.33e-02     76s
  39  -7.21263876e+01 -7.45310817e+01  2.61e-01 1.44e-01  7.93e+00 *1.29e+00 1.56e-02  3.32e+03  2.96e-01 1.30e-02     78s
  40  -7.22497420e+01 -7.45179118e+01  2.75e-01 1.42e-01  7.84e+00 *1.33e+00 1.56e-02  3.37e+03  2.93e-01 1.28e-02     80s
  41  -7.23735464e+01 -7.45046886e+01  2.89e-01 1.40e-01  7.75e+00 *1.38e+00 1.56e-02  3.43e+03  2.91e-01 1.26e-02     82s
  42  -7.24981304e+01 -7.44914055e+01  3.03e-01 1.38e-01  7.66e+00 *1.42e+00 1.56e-02  3.50e+03  2.88e-01 1.24e-02     84s
  43  -7.26234533e+01 -7.44780952e+01  3.17e-01 1.37e-01  7.57e+00 *1.47e+00 1.56e-02  3.57e+03  2.86e-01 1.22e-02     86s
  44  -7.27495966e+01 -7.44647771e+01  3.32e-01 1.35e-01  7.49e+00 *1.53e+00 1.56e-02  3.64e+03  2.83e-01 1.20e-02     88s
  45  -7.28767680e+01 -7.44514566e+01  3.46e-01 1.33e-01  7.41e+00 *1.58e+00 1.56e-02  3.72e+03  2.81e-01 1.19e-02     90s
  46  -7.30049241e+01 -7.44381653e+01  3.61e-01 1.32e-01  7.33e+00 *1.63e+00 1.56e-02  3.80e+03  2.78e-01 1.17e-02     92s
  47  -7.31341460e+01 -7.44249207e+01  3.77e-01 1.30e-01  7.25e+00 *1.69e+00 1.56e-02  3.88e+03  2.76e-01 1.15e-02     94s
  48  -7.32646459e+01 -7.44117265e+01  3.92e-01 1.29e-01  7.17e+00 *1.75e+00 1.56e-02  3.97e+03  2.74e-01 1.13e-02     96s
  49  -7.33963786e+01 -7.43986119e+01  4.08e-01 1.27e-01  7.10e+00 *1.81e+00 1.56e-02  4.06e+03  2.71e-01 1.12e-02     98s
  50  -7.35295607e+01 -7.43855791e+01  4.24e-01 1.26e-01  7.03e+00 *1.88e+00 1.56e-02  4.15e+03  2.69e-01 1.10e-02    100s
  51  -7.36640121e+01 -7.43726684e+01  4.40e-01 1.25e-01  6.96e+00 *1.94e+00 1.56e-02  4.24e+03  2.66e-01 1.08e-02    102s
  52  -7.37998130e+01 -7.43598928e+01  4.57e-01 1.23e-01  6.89e+00 *2.01e+00 1.56e-02  4.33e+03  2.63e-01 1.06e-02    104s
  53  -7.39371811e+01 -7.43472515e+01  4.74e-01 1.22e-01  6.83e+00 *2.09e+00 1.56e-02  4.43e+03  2.61e-01 1.04e-02    106s
  54  -7.40760644e+01 -7.43347684e+01  4.91e-01 1.21e-01  6.76e+00 *2.16e+00 1.56e-02  4.52e+03  2.58e-01 1.02e-02    108s
  55  -7.42164040e+01 -7.43224655e+01  5.09e-01 1.20e-01  6.70e+00 *2.24e+00 1.56e-02  4.62e+03  2.55e-01 1.00e-02    110s
  56  -7.43584182e+01 -7.43103392e+01  5.27e-01 1.18e-01  6.64e+00 *2.32e+00 1.56e-02  4.72e+03  2.53e-01 9.85e-03    111s
  57  -7.45020457e+01 -7.42984091e+01  5.45e-01 1.17e-01  6.58e+00 *2.41e+00 1.56e-02  4.82e+03  2.50e-01 9.66e-03    113s
  58  -7.46473628e+01 -7.42866817e+01  5.63e-01 1.16e-01  6.52e+00 *2.50e+00 1.56e-02  4.91e+03  2.47e-01 9.46e-03    116s
  59  -7.47942983e+01 -7.42751739e+01  5.82e-01 1.15e-01  6.46e+00 *2.60e+00 1.56e-02  5.01e+03  2.44e-01 9.26e-03    118s
  60  -7.49430704e+01 -7.42638783e+01  6.01e-01 1.14e-01  6.41e+00 *2.70e+00 1.56e-02  5.11e+03  2.41e-01 9.07e-03    120s
  61  -7.50934529e+01 -7.42528207e+01  6.21e-01 1.13e-01  6.36e+00 *2.80e+00 1.56e-02  5.21e+03  2.38e-01 8.86e-03    122s
  62  -7.52456588e+01 -7.42419919e+01  6.40e-01 1.12e-01  6.31e+00 *2.91e+00 1.56e-02  5.30e+03  2.36e-01 8.66e-03    124s
  63  -7.53996005e+01 -7.42314040e+01  6.61e-01 1.11e-01  6.26e+00 *3.02e+00 1.56e-02  5.40e+03  2.33e-01 8.46e-03    126s
  64  -7.55553360e+01 -7.42210572e+01  6.81e-01 1.10e-01  6.21e+00 *3.14e+00 1.56e-02  5.49e+03  2.30e-01 8.26e-03    128s
