
================= Linear optimization problem Information =================
Number of variables:     8
Number of constraints:   2

Norm of primal sol:      9.67e+00
Norm of dual sol:        1.00e+01
Norm of dual slacks:     5.00e+00

Norm of vector b:        1.00e+01
Norm of vector c:        2.33e+01

Norm of matrix A:        2.00e+00
Condition number:        3.20e+01
Seed:                    92

======================= Linear optimization problem =======================
coeff matrix A:          [[-0.383 -0.180 -0.060 -0.329 +0.258 -0.206 -0.259 -0.141]
                          [+1.007 +0.544 +0.103 +0.933 -0.733 +0.597 +0.594 +0.286]]

RHS vector b:            [-3.540 +9.353]
Obj vector c:            [+14.885 +5.628 +1.105 +12.059 -7.607 +6.186 +6.227 +3.021]

============================ Optimal solution =============================
Primal variables:        [+0.000 +5.536 +2.982 +0.000 +0.002 +6.012 +2.481 +3.417]
Dual slacks:             [+4.399 +0.000 +0.000 +2.378 +0.000 +0.000 +0.000 +0.000]
Dual variables:          [-1.327 +9.912]

Optimal objective:       +9.73963326e+01
===========================================================================

Method:             II-QIPM
LO_Precision:       1.00e-01
Stop_Precision:     1.00e-03
LO_Verbosity:       2
Omega:              1.00e+01
num_ancillae:       4

The Quantum Inexact Infeasible Interior-Point Method starts running ...


                  Objective                Residual                      Quantum                    Step-length
Iter      Primal           Dual         Primal    Dual     Compl    ||Resl||   Prob    Cond-Num   a-star   a-hat      Time
   0   2.39722158e+02  2.38613327e+01  1.11e+01 9.79e+00  3.86e+02 *6.10e-01 1.56e-02  1.02e+03  6.97e-01 5.68e-01      2s
   1   2.25671367e+02  3.10359363e+01  9.87e+00 8.67e+00  3.46e+02 *7.37e-01 1.56e-02  1.11e+03  6.74e-01 1.15e-01      4s
   2   2.12114358e+02  3.83876061e+01  8.65e+00 7.59e+00  3.07e+02 *7.57e-01 1.56e-02  1.19e+03  7.17e-01 1.24e-01      6s
   3   1.96887395e+02  4.70096408e+01  7.29e+00 6.39e+00  2.63e+02 *7.76e-01 1.56e-02  1.27e+03  7.67e-01 1.58e-01      8s
   4   1.78886584e+02  5.75190012e+01  5.73e+00 5.00e+00  2.11e+02 *7.99e-01 1.56e-02  1.36e+03  8.30e-01 2.18e-01     10s
   5   1.55683314e+02  7.11708083e+01  3.80e+00 3.27e+00  1.45e+02 *8.31e-01 1.56e-02  1.46e+03  9.15e-01 3.46e-01     12s
   6   1.17700152e+02  9.23390274e+01  1.18e+00 6.99e-01  3.90e+01 *8.90e-01 1.56e-02  1.54e+03  9.49e-01 7.86e-01     13s
   7   1.05505205e+02  9.57392600e+01  1.17e+00 2.77e-01  1.61e+01 *1.29e+00 1.56e-02  1.19e+03  7.74e-01 6.04e-01     15s
   8   1.04818112e+02  9.58353873e+01  1.25e+00 2.62e-01  1.53e+01 *2.78e+00 1.56e-02  7.11e+02  4.81e-01 5.26e-02     17s
   9   1.04304801e+02  9.59021195e+01  1.32e+00 2.52e-01  1.48e+01 *3.12e+00 1.56e-02  6.91e+02  4.55e-01 3.91e-02     19s
  10   1.03843568e+02  9.59584674e+01  1.39e+00 2.43e-01  1.43e+01 *3.43e+00 1.56e-02  6.77e+02  4.34e-01 3.48e-02     22s
  11   1.03424282e+02  9.60066190e+01  1.46e+00 2.36e-01  1.39e+01 *3.74e+00 1.56e-02  6.65e+02  4.16e-01 3.11e-02     23s
  12   1.03039441e+02  9.60481806e+01  1.53e+00 2.29e-01  1.35e+01 *4.07e+00 1.56e-02  6.54e+02  3.99e-01 2.80e-02     25s
  13   1.02683444e+02  9.60843529e+01  1.60e+00 2.23e-01  1.32e+01 *4.40e+00 1.56e-02  6.45e+02  3.83e-01 2.53e-02     27s
  14   1.02351773e+02  9.61160791e+01  1.67e+00 2.18e-01  1.29e+01 *4.75e+00 1.56e-02  6.36e+02  3.68e-01 2.30e-02     29s
  15   1.02041049e+02  9.61440798e+01  1.75e+00 2.13e-01  1.27e+01 *5.10e+00 1.56e-02  6.29e+02  3.54e-01 2.10e-02     30s
  16   1.01747893e+02  9.61689875e+01  1.82e+00 2.09e-01  1.25e+01 *5.47e+00 1.56e-02  6.22e+02  3.41e-01 1.92e-02     31s
  17   1.01470316e+02  9.61912413e+01  1.89e+00 2.06e-01  1.23e+01 *5.85e+00 1.56e-02  6.16e+02  3.29e-01 1.76e-02     33s
  18   1.01206374e+02  9.62112267e+01  1.96e+00 2.02e-01  1.21e+01 *6.23e+00 1.56e-02  6.11e+02  3.18e-01 1.62e-02     34s
  19   1.00954160e+02  9.62292810e+01  2.03e+00 1.99e-01  1.19e+01 *6.63e+00 1.56e-02  6.06e+02  3.08e-01 1.50e-02     36s
  20   1.00712517e+02  9.62456492e+01  2.10e+00 1.97e-01  1.18e+01 *7.03e+00 1.56e-02  6.01e+02  2.98e-01 1.39e-02     37s
  21   1.00480212e+02  9.62605541e+01  2.16e+00 1.94e-01  1.16e+01 *7.45e+00 1.56e-02  5.97e+02  2.89e-01 1.29e-02     39s
  22   1.00256391e+02  9.62741701e+01  2.23e+00 1.92e-01  1.15e+01 *7.87e+00 1.56e-02  5.93e+02  2.80e-01 1.20e-02     41s
  23   1.00040307e+02  9.62866467e+01  2.30e+00 1.90e-01  1.14e+01 *8.30e+00 1.56e-02  5.89e+02  2.72e-01 1.12e-02     43s
  24   9.98308818e+01  9.62981355e+01  2.37e+00 1.88e-01  1.13e+01 *8.74e+00 1.56e-02  5.86e+02  2.64e-01 1.05e-02     45s
  25   9.96277587e+01  9.63087329e+01  2.43e+00 1.86e-01  1.12e+01 *9.19e+00 1.56e-02  5.83e+02  2.57e-01 9.84e-03     47s
  26   9.94302285e+01  9.63185437e+01  2.50e+00 1.84e-01  1.11e+01 *9.65e+00 1.56e-02  5.79e+02  2.50e-01 9.25e-03     49s
  27   9.92380335e+01  9.63276398e+01  2.57e+00 1.82e-01  1.10e+01 *1.01e+01 1.56e-02  5.76e+02  2.43e-01 8.69e-03     51s
  28   9.90505712e+01  9.63361023e+01  2.63e+00 1.81e-01  1.09e+01 *1.06e+01 1.56e-02  5.74e+02  2.37e-01 8.19e-03     53s
  29   9.88676553e+01  9.63439858e+01  2.70e+00 1.79e-01  1.08e+01 *1.11e+01 1.56e-02  5.71e+02  2.31e-01 7.73e-03     55s
  30   9.86885836e+01  9.63513612e+01  2.76e+00 1.78e-01  1.08e+01 *1.16e+01 1.56e-02  5.68e+02  2.25e-01 7.32e-03     57s
  31   9.85135781e+01  9.63582551e+01  2.83e+00 1.77e-01  1.07e+01 *1.21e+01 1.56e-02  5.66e+02  2.20e-01 6.92e-03     58s
  32   9.83419981e+01  9.63647258e+01  2.89e+00 1.76e-01  1.06e+01 *1.26e+01 1.56e-02  5.63e+02  2.15e-01 6.56e-03     60s
  33   9.81735783e+01  9.63708114e+01  2.95e+00 1.75e-01  1.06e+01 *1.31e+01 1.56e-02  5.61e+02  2.10e-01 6.23e-03     62s
  34   9.80084021e+01  9.63765345e+01  3.02e+00 1.74e-01  1.05e+01 *1.36e+01 1.56e-02  5.58e+02  2.05e-01 5.92e-03     65s
  35   9.78462292e+01  9.63819272e+01  3.08e+00 1.73e-01  1.04e+01 *1.41e+01 1.56e-02  5.56e+02  2.01e-01 5.63e-03     67s
  36   9.76866746e+01  9.63870233e+01  3.14e+00 1.72e-01  1.04e+01 *1.47e+01 1.56e-02  5.54e+02  1.96e-01 5.37e-03     69s
  37   9.75296867e+01  9.63918429e+01  3.20e+00 1.71e-01  1.03e+01 *1.52e+01 1.56e-02  5.52e+02  1.92e-01 5.12e-03     71s
  38   9.73750642e+01  9.63964091e+01  3.26e+00 1.70e-01  1.03e+01 *1.58e+01 1.56e-02  5.50e+02  1.88e-01 4.89e-03     73s
  39   9.72227685e+01  9.64007385e+01  3.32e+00 1.69e-01  1.03e+01 *1.63e+01 1.56e-02  5.47e+02  1.85e-01 4.68e-03     75s
  40   9.70726145e+01  9.64048502e+01  3.39e+00 1.68e-01  1.02e+01 *1.69e+01 1.56e-02  5.45e+02  1.81e-01 4.48e-03     77s
  41   9.69245736e+01  9.64087579e+01  3.45e+00 1.68e-01  1.02e+01 *1.75e+01 1.56e-02  5.43e+02  1.77e-01 4.28e-03     79s
  42   9.67786199e+01  9.64124741e+01  3.51e+00 1.67e-01  1.01e+01 *1.81e+01 1.56e-02  5.41e+02  1.74e-01 4.10e-03     81s
  43   9.66344418e+01  9.64160174e+01  3.57e+00 1.66e-01  1.01e+01 *1.87e+01 1.56e-02  5.40e+02  1.71e-01 3.94e-03     83s
  44   9.64918801e+01  9.64194011e+01  3.62e+00 1.66e-01  1.01e+01 *1.93e+01 1.56e-02  5.38e+02  1.68e-01 3.79e-03     85s
  45   9.63512039e+01  9.64226278e+01  3.68e+00 1.65e-01  1.00e+01 *1.99e+01 1.55e-02  5.36e+02  1.65e-01 3.63e-03     87s
  46   9.62121195e+01  9.64257125e+01  3.74e+00 1.65e-01  1.00e+01 *2.05e+01 1.55e-02  5.34e+02  1.62e-01 3.50e-03     89s
  47   9.60746169e+01  9.64286630e+01  3.80e+00 1.64e-01  9.97e+00 *2.11e+01 1.55e-02  5.32e+02  1.59e-01 3.36e-03     91s
  48   9.59385510e+01  9.64314893e+01  3.86e+00 1.63e-01  9.94e+00 *2.17e+01 1.55e-02  5.30e+02  1.56e-01 3.24e-03     93s
  49   9.58039156e+01  9.64341979e+01  3.92e+00 1.63e-01  9.91e+00 *2.23e+01 1.55e-02  5.29e+02  1.54e-01 3.12e-03     95s
  50   9.56705716e+01  9.64367975e+01  3.97e+00 1.62e-01  9.88e+00 *2.30e+01 1.55e-02  5.27e+02  1.51e-01 3.02e-03     97s
  51   9.55386478e+01  9.64392909e+01  4.03e+00 1.62e-01  9.86e+00 *2.36e+01 1.55e-02  5.25e+02  1.49e-01 2.91e-03     99s
  52   9.54080093e+01  9.64416859e+01  4.09e+00 1.62e-01  9.83e+00 *2.43e+01 1.55e-02  5.23e+02  1.46e-01 2.81e-03    101s
  53   9.52786535e+01  9.64439874e+01  4.14e+00 1.61e-01  9.81e+00 *2.49e+01 1.55e-02  5.22e+02  1.44e-01 2.71e-03    103s
  54   9.51503220e+01  9.64462042e+01  4.20e+00 1.61e-01  9.78e+00 *2.56e+01 1.55e-02  5.20e+02  1.42e-01 2.63e-03    105s
  55   9.50231427e+01  9.64483381e+01  4.26e+00 1.60e-01  9.76e+00 *2.63e+01 1.55e-02  5.18e+02  1.40e-01 2.54e-03    107s
  56   9.48971156e+01  9.64503928e+01  4.31e+00 1.60e-01  9.74e+00 *2.70e+01 1.55e-02  5.17e+02  1.38e-01 2.46e-03    109s
  57   9.47722406e+01  9.64523721e+01  4.37e+00 1.60e-01  9.72e+00 *2.76e+01 1.55e-02  5.15e+02  1.36e-01 2.38e-03    111s
  58   9.46482702e+01  9.64542831e+01  4.42e+00 1.59e-01  9.70e+00 *2.83e+01 1.55e-02  5.13e+02  1.34e-01 2.31e-03    113s
  59   9.45253299e+01  9.64561270e+01  4.48e+00 1.59e-01  9.68e+00 *2.90e+01 1.55e-02  5.12e+02  1.32e-01 2.23e-03    115s
  60   9.44032991e+01  9.64579083e+01  4.53e+00 1.58e-01  9.66e+00 *2.97e+01 1.55e-02  5.10e+02  1.30e-01 2.17e-03    117s
  61   9.42821804e+01  9.64596298e+01  4.59e+00 1.58e-01  9.64e+00 *3.04e+01 1.55e-02  5.09e+02  1.28e-01 2.10e-03    119s
  62   9.41620967e+01  9.64612922e+01  4.64e+00 1.58e-01  9.62e+00 *3.12e+01 1.55e-02  5.07e+02  1.26e-01 2.04e-03    121s
  63   9.40428111e+01  9.64629012e+01  4.69e+00 1.57e-01  9.60e+00 *3.19e+01 1.55e-02  5.06e+02  1.25e-01 1.98e-03    123s
  64   9.39243270e+01  9.64644590e+01  4.75e+00 1.57e-01  9.59e+00 *3.26e+01 1.55e-02  5.04e+02  1.23e-01 1.93e-03    125s
  65   9.38066478e+01  9.64659675e+01  4.80e+00 1.57e-01  9.57e+00 *3.33e+01 1.55e-02  5.03e+02  1.21e-01 1.87e-03    127s
  66   9.36898938e+01  9.64674273e+01  4.86e+00 1.57e-01  9.56e+00 *3.41e+01 1.55e-02  5.01e+02  1.20e-01 1.82e-03    129s
  67   9.35738355e+01  9.64688431e+01  4.91e+00 1.56e-01  9.54e+00 *3.48e+01 1.55e-02  5.00e+02  1.18e-01 1.77e-03    131s
  68   9.34585922e+01  9.64702151e+01  4.96e+00 1.56e-01  9.52e+00 *3.56e+01 1.55e-02  4.98e+02  1.17e-01 1.72e-03    132s
  69   9.33439379e+01  9.64715477e+01  5.01e+00 1.56e-01  9.51e+00 *3.64e+01 1.55e-02  4.97e+02  1.15e-01 1.68e-03    135s
  70   9.32301049e+01  9.64728397e+01  5.07e+00 1.56e-01  9.50e+00 *3.71e+01 1.55e-02  4.95e+02  1.14e-01 1.64e-03    137s
  71   9.31169831e+01  9.64740938e+01  5.12e+00 1.55e-01  9.48e+00 *3.79e+01 1.55e-02  4.94e+02  1.13e-01 1.59e-03    139s
  72   9.30045763e+01  9.64753115e+01  5.17e+00 1.55e-01  9.47e+00 *3.87e+01 1.55e-02  4.93e+02  1.11e-01 1.55e-03    141s
  73   9.28927763e+01  9.64764951e+01  5.22e+00 1.55e-01  9.46e+00 *3.95e+01 1.55e-02  4.91e+02  1.10e-01 1.51e-03    142s
  74   9.27815872e+01  9.64776460e+01  5.27e+00 1.55e-01  9.44e+00 *4.03e+01 1.55e-02  4.90e+02  1.09e-01 1.48e-03    144s
  75   9.26710129e+01  9.64787651e+01  5.33e+00 1.54e-01  9.43e+00 *4.11e+01 1.55e-02  4.88e+02  1.07e-01 1.44e-03    146s
  76   9.25611673e+01  9.64798525e+01  5.38e+00 1.54e-01  9.42e+00 *4.19e+01 1.55e-02  4.87e+02  1.06e-01 1.41e-03    149s
  77   9.24518351e+01  9.64809114e+01  5.43e+00 1.54e-01  9.41e+00 *4.27e+01 1.55e-02  4.86e+02  1.05e-01 1.37e-03    151s
  78   9.23430205e+01  9.64819427e+01  5.48e+00 1.54e-01  9.39e+00 *4.35e+01 1.55e-02  4.84e+02  1.04e-01 1.34e-03    153s
  79   9.22348358e+01  9.64829463e+01  5.53e+00 1.54e-01  9.38e+00 *4.43e+01 1.55e-02  4.83e+02  1.03e-01 1.31e-03    155s
  80   9.21272846e+01  9.64839232e+01  5.58e+00 1.53e-01  9.37e+00 *4.52e+01 1.55e-02  4.82e+02  1.02e-01 1.28e-03    157s
  81   9.20201563e+01  9.64848760e+01  5.63e+00 1.53e-01  9.36e+00 *4.60e+01 1.55e-02  4.81e+02  1.01e-01 1.25e-03    159s
  82   9.19136681e+01  9.64858036e+01  5.68e+00 1.53e-01  9.35e+00 *4.68e+01 1.55e-02  4.79e+02  9.95e-02 1.22e-03    161s
  83   9.18076115e+01  9.64867087e+01  5.73e+00 1.53e-01  9.34e+00 *4.77e+01 1.55e-02  4.78e+02  9.84e-02 1.20e-03    163s
  84   9.17022015e+01  9.64875902e+01  5.78e+00 1.53e-01  9.33e+00 *4.85e+01 1.55e-02  4.77e+02  9.74e-02 1.17e-03    165s
  85   9.15971262e+01  9.64884514e+01  5.83e+00 1.52e-01  9.32e+00 *4.94e+01 1.55e-02  4.75e+02  9.64e-02 1.14e-03    167s
  86   9.14925991e+01  9.64892912e+01  5.88e+00 1.52e-01  9.31e+00 *5.03e+01 1.55e-02  4.74e+02  9.54e-02 1.12e-03    169s
  87   9.13885193e+01  9.64901111e+01  5.93e+00 1.52e-01  9.30e+00 *5.11e+01 1.55e-02  4.73e+02  9.45e-02 1.10e-03    171s
  88   9.12849943e+01  9.64909108e+01  5.98e+00 1.52e-01  9.29e+00 *5.20e+01 1.55e-02  4.72e+02  9.35e-02 1.07e-03    173s
  89   9.11818210e+01  9.64916926e+01  6.03e+00 1.52e-01  9.28e+00 *5.29e+01 1.55e-02  4.70e+02  9.26e-02 1.05e-03    175s
  90   9.10792088e+01  9.64924553e+01  6.08e+00 1.52e-01  9.28e+00 *5.38e+01 1.55e-02  4.69e+02  9.17e-02 1.03e-03    177s
  91   9.09769562e+01  9.64932011e+01  6.13e+00 1.51e-01  9.27e+00 *5.47e+01 1.55e-02  4.68e+02  9.08e-02 1.01e-03    179s
  92   9.08751688e+01  9.64939296e+01  6.18e+00 1.51e-01  9.26e+00 *5.56e+01 1.55e-02  4.67e+02  9.00e-02 9.88e-04    181s

The solution quality is limited by the precision of the linear system solver.

The II-IPM stopped after 93 iterations in 181.26 seconds.

Primal variables:   [+0.458 +8.736 +28.348 +0.931 +86.677 +9.144 +50.545 +92.833]
Dual slacks:        [+4.459 +0.135 +0.026 +2.504 +0.008 +0.123 +0.012 +0.006]
Dual variables:     [-3.391 +9.034]

Primal objective:   9.08751688e+01 
Dual objective:     9.64939296e+01 

Primal residual:    6.18e+00
Dual residual:      1.51e-01
Complementraty:     9.26e+00

Number of Iter:     93
Run time:           181.26
