
================= Linear optimization problem Information =================
Number of variables:     8
Number of constraints:   2

Norm of primal sol:      4.49e+01
Norm of dual sol:        1.00e+01
Norm of dual slacks:     5.00e+00

Norm of vector b:        1.00e+01
Norm of vector c:        4.58e+00

Norm of matrix A:        2.00e+00
Condition number:        3.20e+01
Seed:                    34

======================= Linear optimization problem =======================
coeff matrix A:          [[-0.237 +0.066 +0.165 +0.119 -0.306 -0.144 +0.255 -0.073]
                          [+0.854 -0.301 -0.434 -0.324 +1.132 +0.505 -1.015 +0.197]]

RHS vector b:            [+2.233 -9.747]
Obj vector c:            [+0.022 +0.160 +4.507 -0.287 +0.690 +0.056 +0.228 +0.181]

============================ Optimal solution =============================
Primal variables:        [+1.185 +23.975 +0.000 +19.450 +0.000 +28.771 +13.110 +7.778]
Dual slacks:             [+0.000 +0.000 +4.945 +0.000 +0.741 +0.000 +0.000 +0.000]
Dual variables:          [-9.643 -2.649]

Optimal objective:       +4.28752358e+00
===========================================================================

Method:             II-QIPM
LO_Precision:       1.00e-01
Stop_Precision:     1.00e-03
LO_Verbosity:       2
Omega:              1.00e+01
num_ancillae:       4

The Quantum Inexact Infeasible Interior-Point Method starts running ...


                  Objective                Residual                      Quantum                    Step-length
Iter      Primal           Dual         Primal    Dual     Compl    ||Resl||   Prob    Cond-Num   a-star   a-hat      Time
   0   5.04066903e+01  2.59604857e+01  7.08e+00 1.15e+01  3.66e+02  4.08e-01 1.56e-02  1.02e+03  6.87e-01 5.67e-01      1s
   1   4.62081504e+01  2.30302877e+01  5.96e+00 9.70e+00  3.13e+02 *1.20e-01 1.56e-02  1.17e+03  7.58e-01 1.59e-01      3s
   2   4.05980903e+01  1.91464474e+01  4.67e+00 7.61e+00  2.52e+02 *1.00e-01 1.56e-02  1.32e+03  8.19e-01 2.16e-01      4s
   3   3.18956640e+01  1.34068438e+01  3.00e+00 4.88e+00  1.69e+02 *1.05e-01 1.56e-02  1.51e+03  8.34e-01 3.58e-01      6s
   4   1.96377956e+01  6.49499949e+00  1.25e+00 2.02e+00  7.72e+01 *2.00e-01 1.56e-02  1.66e+03  7.67e-01 5.87e-01      7s
   5   1.88317033e+01  6.26617629e+00  1.21e+00 1.94e+00  7.45e+01 *1.02e+00 1.56e-02  1.01e+03  4.64e-01 3.86e-02      9s
   6   1.81328057e+01  6.07777895e+00  1.18e+00 1.88e+00  7.23e+01 *1.16e+00 1.56e-02  9.22e+02  4.46e-01 3.24e-02     11s
   7   1.74679574e+01  5.90637598e+00  1.16e+00 1.82e+00  7.04e+01 *1.30e+00 1.56e-02  8.50e+02  4.31e-01 2.97e-02     13s
   8   1.68320562e+01  5.74912527e+00  1.14e+00 1.77e+00  6.86e+01 *1.43e+00 1.56e-02  7.86e+02  4.17e-01 2.75e-02     15s
   9   1.62184016e+01  5.60311870e+00  1.12e+00 1.73e+00  6.70e+01 *1.58e+00 1.56e-02  7.30e+02  4.05e-01 2.56e-02     16s
  10   1.56229653e+01  5.46639374e+00  1.11e+00 1.69e+00  6.56e+01 *1.72e+00 1.56e-02  6.80e+02  3.94e-01 2.39e-02     18s
  11   1.50416724e+01  5.33717888e+00  1.10e+00 1.65e+00  6.42e+01 *1.87e+00 1.56e-02  6.36e+02  3.84e-01 2.25e-02     20s
  12   1.44726032e+01  5.21434318e+00  1.10e+00 1.61e+00  6.30e+01 *2.02e+00 1.56e-02  5.97e+02  3.75e-01 2.12e-02     21s
  13   1.39113137e+01  5.09632459e+00  1.10e+00 1.58e+00  6.19e+01 *2.18e+00 1.56e-02  5.62e+02  3.67e-01 2.02e-02     22s
  14   1.33564285e+01  4.98232878e+00  1.10e+00 1.55e+00  6.08e+01 *2.33e+00 1.56e-02  5.32e+02  3.59e-01 1.93e-02     24s
  15   1.28050912e+01  4.87132164e+00  1.10e+00 1.52e+00  5.98e+01 *2.49e+00 1.56e-02  5.05e+02  3.53e-01 1.85e-02     26s
  16   1.22545864e+01  4.76236886e+00  1.11e+00 1.49e+00  5.88e+01 *2.64e+00 1.56e-02  4.82e+02  3.47e-01 1.78e-02     27s
  17   1.17033868e+01  4.65482216e+00  1.12e+00 1.47e+00  5.79e+01 *2.80e+00 1.56e-02  4.61e+02  3.42e-01 1.73e-02     29s
  18   1.11494860e+01  4.54797057e+00  1.13e+00 1.44e+00  5.70e+01 *2.95e+00 1.56e-02  4.43e+02  3.38e-01 1.69e-02     30s
  19   1.05903528e+01  4.44102880e+00  1.15e+00 1.42e+00  5.61e+01 *3.10e+00 1.56e-02  4.28e+02  3.35e-01 1.65e-02     31s
  20   1.00234305e+01  4.33322628e+00  1.16e+00 1.40e+00  5.53e+01 *3.25e+00 1.56e-02  4.16e+02  3.33e-01 1.63e-02     33s
  21   9.44725261e+00  4.22400767e+00  1.18e+00 1.37e+00  5.45e+01 *3.40e+00 1.56e-02  4.05e+02  3.31e-01 1.62e-02     34s
  22   8.85917100e+00  4.11259182e+00  1.21e+00 1.35e+00  5.37e+01 *3.55e+00 1.56e-02  3.98e+02  3.30e-01 1.61e-02     35s
  23   8.25641845e+00  3.99816690e+00  1.23e+00 1.33e+00  5.29e+01 *3.69e+00 1.56e-02  3.92e+02  3.30e-01 1.62e-02     37s
  24   7.63607297e+00  3.87987408e+00  1.26e+00 1.31e+00  5.21e+01 *3.82e+00 1.56e-02  3.89e+02  3.31e-01 1.63e-02     38s
  25   6.99502190e+00  3.75679117e+00  1.29e+00 1.29e+00  5.13e+01 *3.95e+00 1.56e-02  3.88e+02  3.32e-01 1.66e-02     40s
  26   6.32925942e+00  3.62778743e+00  1.33e+00 1.26e+00  5.05e+01 *4.06e+00 1.56e-02  3.89e+02  3.35e-01 1.70e-02     41s
  27   5.63511022e+00  3.49174732e+00  1.36e+00 1.24e+00  4.97e+01 *4.18e+00 1.56e-02  3.94e+02  3.39e-01 1.76e-02     43s
  28   4.90712626e+00  3.34715099e+00  1.41e+00 1.22e+00  4.89e+01 *4.28e+00 1.56e-02  4.02e+02  3.43e-01 1.83e-02     44s
  29   4.14000687e+00  3.19243494e+00  1.45e+00 1.20e+00  4.80e+01 *4.37e+00 1.56e-02  4.13e+02  3.49e-01 1.92e-02     46s
  30   3.32705189e+00  3.02568045e+00  1.50e+00 1.17e+00  4.71e+01 *4.46e+00 1.56e-02  4.28e+02  3.56e-01 2.04e-02     47s
  31   2.46070604e+00  2.84472001e+00  1.56e+00 1.15e+00  4.62e+01 *4.54e+00 1.56e-02  4.48e+02  3.64e-01 2.18e-02     48s
  32   1.53053442e+00  2.64673020e+00  1.62e+00 1.12e+00  4.52e+01 *4.61e+00 1.56e-02  4.74e+02  3.73e-01 2.35e-02     50s
  33   5.27405773e-01  2.42916281e+00  1.69e+00 1.09e+00  4.41e+01 *4.67e+00 1.56e-02  5.07e+02  3.84e-01 2.56e-02     51s
  34  -5.63498294e-01  2.18838425e+00  1.77e+00 1.06e+00  4.30e+01 *4.74e+00 1.56e-02  5.49e+02  3.95e-01 2.82e-02     53s
  35  -1.75522235e+00  1.92152532e+00  1.86e+00 1.03e+00  4.17e+01 *4.80e+00 1.56e-02  6.00e+02  4.07e-01 3.12e-02     54s
  36  -3.06600459e+00  1.62542400e+00  1.95e+00 9.91e-01  4.04e+01 *4.88e+00 1.56e-02  6.63e+02  4.20e-01 3.47e-02     56s
  37  -4.51297489e+00  1.29879719e+00  2.06e+00 9.52e-01  3.89e+01 *4.99e+00 1.56e-02  7.40e+02  4.32e-01 3.87e-02     57s
  38  -6.11360943e+00  9.43068947e-01  2.19e+00 9.12e-01  3.73e+01 *5.14e+00 1.56e-02  8.31e+02  4.41e-01 4.29e-02     58s
  39  -7.87752954e+00  5.65470352e-01  2.33e+00 8.69e-01  3.57e+01 *5.36e+00 1.56e-02  9.33e+02  4.22e-01 4.67e-02     59s
  40  -9.80536371e+00  1.79704217e-01  2.49e+00 8.26e-01  3.40e+01 *5.68e+00 1.56e-02  1.04e+03  3.90e-01 4.93e-02     60s
  41  -1.18723904e+01 -1.92790556e-01  2.67e+00 7.85e-01  3.24e+01 *6.15e+00 1.56e-02  1.14e+03  3.56e-01 4.96e-02     61s
  42  -1.40304069e+01 -5.29398130e-01  2.86e+00 7.48e-01  3.09e+01 *6.80e+00 1.56e-02  1.23e+03  3.21e-01 4.69e-02     63s
  43  -1.62117215e+01 -8.14102800e-01  3.05e+00 7.17e-01  2.96e+01 *7.68e+00 1.56e-02  1.28e+03  2.87e-01 4.15e-02     65s
  44  -1.83527326e+01 -1.04330295e+00  3.25e+00 6.92e-01  2.86e+01 *8.79e+00 1.56e-02  1.31e+03  2.56e-01 3.49e-02     66s
  45  -2.04090884e+01 -1.22309009e+00  3.45e+00 6.72e-01  2.78e+01 *1.01e+01 1.56e-02  1.31e+03  2.30e-01 2.85e-02     67s
  46  -2.23667626e+01 -1.36393931e+00  3.63e+00 6.57e-01  2.72e+01 *1.16e+01 1.56e-02  1.30e+03  2.08e-01 2.31e-02     68s
  47  -2.42237016e+01 -1.47532469e+00  3.81e+00 6.45e-01  2.67e+01 *1.32e+01 1.56e-02  1.28e+03  1.90e-01 1.88e-02     69s
  48  -2.59861263e+01 -1.56477492e+00  3.98e+00 6.35e-01  2.63e+01 *1.49e+01 1.56e-02  1.25e+03  1.76e-01 1.55e-02     71s
  49  -2.76643568e+01 -1.63788916e+00  4.14e+00 6.26e-01  2.59e+01 *1.66e+01 1.56e-02  1.23e+03  1.63e-01 1.30e-02     72s
  50  -2.92653710e+01 -1.69854311e+00  4.30e+00 6.19e-01  2.57e+01 *1.85e+01 1.56e-02  1.21e+03  1.53e-01 1.10e-02     73s
  51  -3.08014687e+01 -1.74974292e+00  4.45e+00 6.14e-01  2.54e+01 *2.03e+01 1.56e-02  1.18e+03  1.44e-01 9.42e-03     75s
  52  -3.22781716e+01 -1.79347966e+00  4.60e+00 6.09e-01  2.52e+01 *2.23e+01 1.56e-02  1.16e+03  1.37e-01 8.17e-03     76s
