
================= Linear optimization problem Information =================
Number of variables:     8
Number of constraints:   2

Norm of primal sol:      1.65e+01
Norm of dual sol:        1.00e+01
Norm of dual slacks:     5.00e+00

Norm of vector b:        1.00e+01
Norm of vector c:        1.13e+01

Norm of matrix A:        2.00e+00
Condition number:        3.20e+01
Seed:                    15

======================= Linear optimization problem =======================
coeff matrix A:          [[-0.457 -0.550 -1.015 -0.513 -0.469 +1.035 -0.232 +0.549]
                          [+0.169 +0.208 +0.430 +0.150 +0.172 -0.428 +0.091 -0.229]]

RHS vector b:            [-9.394 +3.429]
Obj vector c:            [+2.928 +3.499 +6.199 +6.320 +3.007 -2.253 +1.453 -3.381]

============================ Optimal solution =============================
Primal variables:        [+13.890 +2.927 +0.890 +0.000 +4.507 +0.000 +5.006 +4.982]
Dual slacks:             [+0.000 +0.000 +0.000 +2.818 +0.000 +4.131 +0.000 +0.000]
Dual variables:          [-8.407 -5.415]

Optimal objective:       +6.03992702e+01
===========================================================================

Method:             II-QIPM
LO_Precision:       1.00e-01
Stop_Precision:     1.00e-03
LO_Verbosity:       2
Omega:              1.00e+01
num_ancillae:       4

The Quantum Inexact Infeasible Interior-Point Method starts running ...


                  Objective                Residual                      Quantum                    Step-length
Iter      Primal           Dual         Primal    Dual     Compl    ||Resl||   Prob    Cond-Num   a-star   a-hat      Time
   0   1.38507626e+02  1.97216427e+01  2.12e+00 6.63e+00  2.88e+02 *4.46e-01 1.56e-02  1.02e+03  8.51e-01 7.23e-01      2s
   1   1.32464212e+02  2.24582403e+01  1.89e+00 5.90e+00  2.60e+02 *2.49e-01 1.56e-02  1.86e+03  6.74e-01 1.10e-01      4s
   2   1.27372664e+02  2.47276731e+01  1.72e+00 5.34e+00  2.38e+02 *2.33e-01 1.56e-02  1.96e+03  6.71e-01 9.48e-02      6s
   3   1.22304212e+02  2.69875899e+01  1.56e+00 4.82e+00  2.17e+02 *2.22e-01 1.56e-02  2.06e+03  6.74e-01 9.71e-02      8s
   4   1.17160852e+02  2.93068615e+01  1.40e+00 4.33e+00  1.97e+02 *2.12e-01 1.56e-02  2.18e+03  6.84e-01 1.03e-01     10s
   5   1.11833790e+02  3.17595019e+01  1.25e+00 3.84e+00  1.77e+02 *2.03e-01 1.56e-02  2.33e+03  7.01e-01 1.12e-01     12s
   6   1.06190693e+02  3.44339223e+01  1.10e+00 3.35e+00  1.56e+02 *1.93e-01 1.56e-02  2.54e+03  7.27e-01 1.28e-01     14s
   7   1.00032390e+02  3.74568380e+01  9.39e-01 2.83e+00  1.35e+02 *1.82e-01 1.56e-02  2.81e+03  7.64e-01 1.55e-01     16s
   8   9.30728652e+01  4.10061224e+01  7.63e-01 2.26e+00  1.10e+02 *1.66e-01 1.56e-02  3.20e+03  8.16e-01 2.01e-01     18s
   9   8.48071272e+01  4.53697494e+01  5.60e-01 1.61e+00  8.12e+01 *1.42e-01 1.56e-02  3.78e+03  8.88e-01 2.90e-01     19s
  10   7.41955844e+01  5.10381761e+01  3.07e-01 8.03e-01  4.43e+01 *1.02e-01 1.56e-02  4.71e+03  9.62e-01 5.00e-01     21s
  11   6.44701945e+01  5.57001337e+01  6.97e-02 1.73e-01  1.33e+01 *7.45e-03 1.56e-02  6.47e+03  8.89e-01 7.84e-01     22s
  12   6.39674955e+01  5.57824300e+01  5.19e-02 1.60e-01  1.23e+01 *3.24e-01 1.56e-02  1.04e+04  5.78e-01 7.87e-02     23s
  13   6.36100448e+01  5.58354394e+01  4.71e-02 1.51e-01  1.17e+01 *3.63e-01 1.56e-02  1.16e+04  5.60e-01 5.74e-02     25s
  14   6.32778046e+01  5.58811209e+01  5.19e-02 1.42e-01  1.11e+01 *3.92e-01 1.56e-02  1.26e+04  5.47e-01 5.42e-02     27s
  15   6.29671668e+01  5.59207484e+01  6.33e-02 1.35e-01  1.06e+01 *4.20e-01 1.56e-02  1.38e+04  5.35e-01 5.14e-02     29s
  16   6.26762891e+01  5.59552003e+01  7.79e-02 1.28e-01  1.01e+01 *4.48e-01 1.56e-02  1.52e+04  5.24e-01 4.87e-02     31s
  17   6.24032785e+01  5.59852512e+01  9.38e-02 1.23e-01  9.72e+00 *4.75e-01 1.56e-02  1.66e+04  5.12e-01 4.61e-02     33s
  18   6.21459630e+01  5.60116015e+01  1.10e-01 1.17e-01  9.34e+00 *5.02e-01 1.56e-02  1.82e+04  5.00e-01 4.37e-02     35s
  19   6.19036739e+01  5.60347072e+01  1.26e-01 1.12e-01  8.99e+00 *5.30e-01 1.56e-02  2.00e+04  4.89e-01 4.13e-02     36s
  20   6.16748277e+01  5.60550549e+01  1.43e-01 1.08e-01  8.67e+00 *5.58e-01 1.56e-02  2.19e+04  4.77e-01 3.91e-02     38s
  21   6.14586651e+01  5.60729944e+01  1.58e-01 1.04e-01  8.38e+00 *5.86e-01 1.56e-02  2.39e+04  4.65e-01 3.68e-02     40s
  22   6.12540458e+01  5.60888627e+01  1.74e-01 1.00e-01  8.12e+00 *6.15e-01 1.56e-02  2.60e+04  4.53e-01 3.47e-02     42s
  23   6.10603188e+01  5.61029158e+01  1.89e-01 9.71e-02  7.88e+00 *6.44e-01 1.56e-02  2.82e+04  4.41e-01 3.26e-02     44s
  24   6.08764895e+01  5.61154025e+01  2.03e-01 9.41e-02  7.66e+00 *6.75e-01 1.56e-02  3.05e+04  4.29e-01 3.06e-02     46s
  25   6.07020019e+01  5.61265108e+01  2.18e-01 9.14e-02  7.46e+00 *7.07e-01 1.56e-02  3.29e+04  4.18e-01 2.86e-02     48s
  26   6.05358283e+01  5.61364351e+01  2.31e-01 8.90e-02  7.28e+00 *7.40e-01 1.56e-02  3.52e+04  4.06e-01 2.68e-02     50s
  27   6.03775237e+01  5.61453110e+01  2.45e-01 8.68e-02  7.11e+00 *7.74e-01 1.56e-02  3.76e+04  3.94e-01 2.50e-02     51s
  28   6.02263683e+01  5.61532738e+01  2.58e-01 8.47e-02  6.96e+00 *8.11e-01 1.56e-02  4.00e+04  3.83e-01 2.34e-02     53s
  29   6.00815713e+01  5.61604458e+01  2.71e-01 8.29e-02  6.82e+00 *8.48e-01 1.56e-02  4.23e+04  3.71e-01 2.18e-02     55s
  30   5.99427052e+01  5.61669171e+01  2.83e-01 8.12e-02  6.69e+00 *8.87e-01 1.56e-02  4.45e+04  3.60e-01 2.04e-02     57s
  31   5.98092530e+01  5.61727719e+01  2.96e-01 7.96e-02  6.58e+00 *9.29e-01 1.56e-02  4.68e+04  3.50e-01 1.90e-02     59s
  32   5.96807548e+01  5.61780828e+01  3.08e-01 7.82e-02  6.47e+00 *9.71e-01 1.56e-02  4.89e+04  3.39e-01 1.78e-02     61s
  33   5.95565543e+01  5.61829219e+01  3.19e-01 7.69e-02  6.37e+00 *1.02e+00 1.56e-02  5.09e+04  3.29e-01 1.66e-02     63s
  34   5.94365469e+01  5.61873322e+01  3.31e-01 7.57e-02  6.28e+00 *1.06e+00 1.56e-02  5.29e+04  3.20e-01 1.55e-02     65s
  35   5.93201809e+01  5.61913689e+01  3.42e-01 7.46e-02  6.20e+00 *1.11e+00 1.56e-02  5.47e+04  3.10e-01 1.45e-02     66s
  36   5.92070754e+01  5.61950749e+01  3.53e-01 7.36e-02  6.12e+00 *1.16e+00 1.56e-02  5.65e+04  3.02e-01 1.36e-02     68s
  37   5.90971099e+01  5.61984804e+01  3.64e-01 7.27e-02  6.05e+00 *1.21e+00 1.56e-02  5.81e+04  2.93e-01 1.27e-02     70s
  38   5.89898634e+01  5.62016220e+01  3.75e-01 7.18e-02  5.99e+00 *1.27e+00 1.56e-02  5.97e+04  2.85e-01 1.19e-02     72s
  39   5.88850585e+01  5.62045280e+01  3.85e-01 7.10e-02  5.92e+00 *1.32e+00 1.56e-02  6.12e+04  2.77e-01 1.12e-02     73s
  40   5.87826506e+01  5.62072176e+01  3.96e-01 7.03e-02  5.87e+00 *1.38e+00 1.56e-02  6.25e+04  2.69e-01 1.05e-02     75s
  41   5.86823077e+01  5.62097158e+01  4.06e-01 6.96e-02  5.81e+00 *1.44e+00 1.56e-02  6.38e+04  2.62e-01 9.92e-03     76s
  42   5.85839212e+01  5.62120396e+01  4.16e-01 6.89e-02  5.76e+00 *1.50e+00 1.56e-02  6.50e+04  2.55e-01 9.35e-03     78s
  43   5.84873004e+01  5.62142063e+01  4.27e-01 6.83e-02  5.72e+00 *1.57e+00 1.56e-02  6.62e+04  2.49e-01 8.82e-03     79s
  44   5.83922714e+01  5.62162311e+01  4.37e-01 6.77e-02  5.67e+00 *1.64e+00 1.56e-02  6.72e+04  2.42e-01 8.33e-03     81s
  45   5.82986742e+01  5.62181275e+01  4.47e-01 6.72e-02  5.63e+00 *1.70e+00 1.56e-02  6.82e+04  2.36e-01 7.88e-03     82s
  46   5.82064875e+01  5.62199049e+01  4.57e-01 6.67e-02  5.59e+00 *1.77e+00 1.56e-02  6.92e+04  2.30e-01 7.46e-03     84s
  47   5.81156123e+01  5.62215736e+01  4.66e-01 6.62e-02  5.56e+00 *1.85e+00 1.56e-02  7.00e+04  2.24e-01 7.07e-03     86s
  48   5.80258140e+01  5.62231452e+01  4.76e-01 6.58e-02  5.52e+00 *1.92e+00 1.56e-02  7.09e+04  2.19e-01 6.71e-03     88s
  49   5.79371366e+01  5.62246255e+01  4.86e-01 6.54e-02  5.49e+00 *2.00e+00 1.56e-02  7.16e+04  2.13e-01 6.37e-03     90s
  50   5.78494538e+01  5.62260228e+01  4.95e-01 6.50e-02  5.46e+00 *2.07e+00 1.56e-02  7.23e+04  2.08e-01 6.06e-03     92s
  51   5.77627340e+01  5.62273430e+01  5.05e-01 6.46e-02  5.43e+00 *2.15e+00 1.56e-02  7.30e+04  2.03e-01 5.76e-03     93s
  52   5.76768653e+01  5.62285927e+01  5.14e-01 6.43e-02  5.41e+00 *2.24e+00 1.56e-02  7.36e+04  1.98e-01 5.49e-03     96s
  53   5.75917415e+01  5.62297780e+01  5.24e-01 6.39e-02  5.38e+00 *2.32e+00 1.56e-02  7.42e+04  1.94e-01 5.24e-03     97s
  54   5.75074305e+01  5.62309019e+01  5.33e-01 6.36e-02  5.36e+00 *2.41e+00 1.56e-02  7.48e+04  1.90e-01 4.99e-03     99s
  55   5.74237519e+01  5.62319707e+01  5.43e-01 6.33e-02  5.33e+00 *2.50e+00 1.56e-02  7.53e+04  1.86e-01 4.77e-03    101s
  56   5.73407789e+01  5.62329867e+01  5.52e-01 6.30e-02  5.31e+00 *2.59e+00 1.56e-02  7.58e+04  1.82e-01 4.56e-03    103s
  57   5.72583399e+01  5.62339553e+01  5.61e-01 6.27e-02  5.29e+00 *2.68e+00 1.56e-02  7.63e+04  1.78e-01 4.37e-03    104s
  58   5.71765937e+01  5.62348773e+01  5.70e-01 6.25e-02  5.27e+00 *2.77e+00 1.56e-02  7.67e+04  1.74e-01 4.18e-03    106s
  59   5.70952943e+01  5.62357583e+01  5.80e-01 6.22e-02  5.25e+00 *2.87e+00 1.56e-02  7.71e+04  1.71e-01 4.01e-03    108s
  60   5.70145216e+01  5.62365997e+01  5.89e-01 6.20e-02  5.23e+00 *2.97e+00 1.56e-02  7.75e+04  1.67e-01 3.85e-03    110s
  61   5.69341963e+01  5.62374045e+01  5.98e-01 6.17e-02  5.21e+00 *3.07e+00 1.56e-02  7.79e+04  1.64e-01 3.69e-03    112s
  62   5.68543204e+01  5.62381749e+01  6.07e-01 6.15e-02  5.20e+00 *3.17e+00 1.56e-02  7.82e+04  1.61e-01 3.55e-03    114s
  63   5.67748976e+01  5.62389126e+01  6.16e-01 6.13e-02  5.18e+00 *3.27e+00 1.56e-02  7.85e+04  1.58e-01 3.41e-03    116s
  64   5.66958532e+01  5.62396201e+01  6.25e-01 6.11e-02  5.16e+00 *3.38e+00 1.56e-02  7.88e+04  1.55e-01 3.28e-03    118s
  65   5.66171925e+01  5.62402990e+01  6.34e-01 6.09e-02  5.15e+00 *3.49e+00 1.56e-02  7.91e+04  1.52e-01 3.16e-03    120s
  66   5.65389215e+01  5.62409507e+01  6.43e-01 6.07e-02  5.13e+00 *3.60e+00 1.56e-02  7.94e+04  1.50e-01 3.04e-03    122s
  67   5.64609692e+01  5.62415772e+01  6.52e-01 6.06e-02  5.12e+00 *3.71e+00 1.56e-02  7.97e+04  1.47e-01 2.93e-03    124s
  68   5.63832650e+01  5.62421803e+01  6.61e-01 6.04e-02  5.11e+00 *3.83e+00 1.56e-02  7.99e+04  1.45e-01 2.83e-03    125s
  69   5.63058933e+01  5.62427607e+01  6.70e-01 6.02e-02  5.09e+00 *3.94e+00 1.56e-02  8.01e+04  1.42e-01 2.73e-03    127s
  70   5.62288625e+01  5.62433193e+01  6.79e-01 6.01e-02  5.08e+00 *4.06e+00 1.56e-02  8.04e+04  1.40e-01 2.64e-03    129s
  71   5.61521043e+01  5.62438577e+01  6.88e-01 5.99e-02  5.07e+00 *4.18e+00 1.56e-02  8.06e+04  1.38e-01 2.55e-03    131s
  72   5.60755509e+01  5.62443773e+01  6.97e-01 5.98e-02  5.06e+00 *4.30e+00 1.56e-02  8.08e+04  1.35e-01 2.47e-03    132s
  73   5.59992868e+01  5.62448785e+01  7.06e-01 5.96e-02  5.05e+00 *4.43e+00 1.56e-02  8.10e+04  1.33e-01 2.38e-03    134s
  74   5.59232453e+01  5.62453626e+01  7.15e-01 5.95e-02  5.04e+00 *4.55e+00 1.56e-02  8.12e+04  1.31e-01 2.31e-03    136s
  75   5.58473595e+01  5.62458308e+01  7.24e-01 5.94e-02  5.03e+00 *4.68e+00 1.56e-02  8.13e+04  1.29e-01 2.24e-03    138s
  76   5.57717892e+01  5.62462828e+01  7.33e-01 5.92e-02  5.02e+00 *4.81e+00 1.56e-02  8.15e+04  1.27e-01 2.16e-03    139s
  77   5.56963937e+01  5.62467202e+01  7.41e-01 5.91e-02  5.01e+00 *4.94e+00 1.56e-02  8.17e+04  1.25e-01 2.10e-03    141s
  78   5.56211818e+01  5.62471436e+01  7.50e-01 5.90e-02  5.00e+00 *5.08e+00 1.56e-02  8.18e+04  1.24e-01 2.03e-03    143s
  79   5.55461629e+01  5.62475535e+01  7.59e-01 5.89e-02  4.99e+00 *5.21e+00 1.56e-02  8.20e+04  1.22e-01 1.97e-03    144s
  80   5.54712712e+01  5.62479509e+01  7.68e-01 5.87e-02  4.98e+00 *5.35e+00 1.56e-02  8.21e+04  1.20e-01 1.92e-03    146s
  81   5.53965904e+01  5.62483360e+01  7.77e-01 5.86e-02  4.97e+00 *5.49e+00 1.56e-02  8.22e+04  1.18e-01 1.86e-03    147s
  82   5.53221299e+01  5.62487090e+01  7.85e-01 5.85e-02  4.96e+00 *5.63e+00 1.56e-02  8.24e+04  1.17e-01 1.80e-03    149s
  83   5.52477506e+01  5.62490714e+01  7.94e-01 5.84e-02  4.96e+00 *5.78e+00 1.56e-02  8.25e+04  1.15e-01 1.76e-03    151s
  84   5.51735352e+01  5.62494230e+01  8.03e-01 5.83e-02  4.95e+00 *5.92e+00 1.56e-02  8.26e+04  1.14e-01 1.71e-03    153s
  85   5.50994927e+01  5.62497643e+01  8.12e-01 5.82e-02  4.94e+00 *6.07e+00 1.56e-02  8.27e+04  1.12e-01 1.66e-03    155s
  86   5.50256324e+01  5.62500956e+01  8.20e-01 5.81e-02  4.93e+00 *6.22e+00 1.56e-02  8.28e+04  1.11e-01 1.61e-03    157s
  87   5.49518159e+01  5.62504180e+01  8.29e-01 5.80e-02  4.93e+00 *6.37e+00 1.56e-02  8.29e+04  1.09e-01 1.57e-03    158s
