
================= Linear optimization problem Information =================
Number of variables:     8
Number of constraints:   2

Norm of primal sol:      1.16e+01
Norm of dual sol:        1.00e+01
Norm of dual slacks:     5.00e+00

Norm of vector b:        1.00e+01
Norm of vector c:        1.68e+01

Norm of matrix A:        2.02e+00
Condition number:        8.00e+00
Seed:                    6

======================= Linear optimization problem =======================
coeff matrix A:          [[-0.124 +0.537 +0.526 +0.027 +0.195 +0.996 +0.272 +0.627]
                          [-0.126 -0.497 -0.327 -0.056 -0.101 -1.016 -0.379 -0.652]]

RHS vector b:            [+6.858 -7.278]
Obj vector c:            [+0.246 -7.281 -6.169 -0.553 -2.166 -10.322 -1.120 -8.919]

============================ Optimal solution =============================
Primal variables:        [+7.812 +2.904 +7.185 +0.365 +0.942 +0.000 +0.000 +3.664]
Dual slacks:             [+0.000 +0.000 +0.000 +0.000 +0.000 +3.734 +3.325 +0.000]
Dual variables:          [-8.022 +5.971]

Optimal objective:       -9.84697946e+01
===========================================================================

Method:             II-QIPM
LO_Precision:       1.00e-01
Stop_Precision:     1.00e-03
LO_Verbosity:       2
Omega:              1.00e+01
num_ancillae:       4

The Quantum Inexact Infeasible Interior-Point Method starts running ...


                  Objective                Residual                      Quantum                    Step-length
Iter      Primal           Dual         Primal    Dual     Compl    ||Resl||   Prob    Cond-Num   a-star   a-hat      Time
   0  -2.08906295e+02 -1.03822184e+02  1.41e+01 1.77e+01  3.78e+02 *4.55e-01 1.56e-02  6.40e+01  7.16e-01 5.85e-01      2s
   1  -1.35514540e+02 -1.44224453e+02  5.40e+00 6.72e+00  1.83e+02 *7.83e-01 1.60e-02  1.94e+01  1.00e+00 6.20e-01      3s
   2  -9.28978871e+01 -1.39167279e+02  1.15e-02 2.46e-15  4.62e+01  1.15e-02 1.96e-01  7.83e+00  1.00e+00 1.00e+00      5s
   3  -9.53298519e+01 -1.14848172e+02  3.73e-01 2.78e-15  1.89e+01  5.49e-01 4.07e-02  1.03e+01  9.25e-01 6.75e-01      6s
   4  -9.57451524e+01 -1.13720626e+02  5.25e-01 1.74e-15  1.71e+01  1.75e+00 2.06e-02  1.84e+01  6.88e-01 1.10e-01      8s
   5  -9.60566723e+01 -1.12961407e+02  6.53e-01 3.98e-15  1.57e+01  1.97e+00 1.80e-02  2.17e+01  6.57e-01 8.89e-02     10s
   6  -9.63217910e+01 -1.12366461e+02  7.72e-01 2.82e-15  1.46e+01  2.12e+00 1.66e-02  2.50e+01  6.36e-01 8.11e-02     12s
   7  -9.65528770e+01 -1.11884478e+02  8.84e-01 1.18e-15  1.36e+01  2.25e+00 1.58e-02  2.87e+01  6.20e-01 7.57e-02     13s
   8  -9.67578701e+01 -1.11484764e+02  9.90e-01 1.82e-15  1.27e+01  2.36e+00 1.52e-02  3.28e+01  6.09e-01 7.19e-02     14s
   9  -9.69427440e+01 -1.11146514e+02  1.09e+00 9.77e-16  1.19e+01  2.46e+00 1.48e-02  3.74e+01  6.01e-01 6.94e-02     16s
  10  -9.71115680e+01 -1.10856094e+02  1.19e+00 2.97e-15  1.12e+01  2.55e+00 1.46e-02  4.28e+01  5.96e-01 6.79e-02     18s
  11  -9.72677254e+01 -1.10603308e+02  1.29e+00 1.84e-15  1.05e+01  2.63e+00 1.44e-02  4.90e+01  5.94e-01 6.74e-02     19s
  12  -9.74136491e+01 -1.10381087e+02  1.38e+00 1.25e-15  9.86e+00  2.71e+00 1.43e-02  5.63e+01  5.95e-01 6.75e-02     21s
  13  -9.75515003e+01 -1.10183849e+02  1.48e+00 1.65e-15  9.25e+00  2.77e+00 1.42e-02  6.52e+01  5.98e-01 6.86e-02     23s
  14  -9.76831106e+01 -1.10007335e+02  1.57e+00 1.02e-15  8.66e+00  2.84e+00 1.41e-02  7.59e+01  6.03e-01 7.05e-02     25s
  15  -9.78100759e+01 -1.09848272e+02  1.67e+00 1.30e-15  8.09e+00  2.90e+00 1.40e-02  8.93e+01  6.11e-01 7.33e-02     27s
  16  -9.79340804e+01 -1.09703842e+02  1.77e+00 2.34e-15  7.53e+00  2.96e+00 1.39e-02  1.06e+02  6.22e-01 7.74e-02     29s
  17  -9.80566859e+01 -1.09571923e+02  1.87e+00 3.07e-15  6.96e+00  3.01e+00 1.39e-02  1.28e+02  6.37e-01 8.29e-02     31s
  18  -9.81796511e+01 -1.09450701e+02  1.98e+00 2.95e-15  6.40e+00  3.06e+00 1.38e-02  1.58e+02  6.55e-01 9.03e-02     33s
  19  -9.83047473e+01 -1.09338900e+02  2.09e+00 2.14e-15  5.82e+00  3.11e+00 1.37e-02  1.99e+02  6.77e-01 1.00e-01     34s
  20  -9.84344809e+01 -1.09235180e+02  2.21e+00 3.85e-15  5.23e+00  3.15e+00 1.37e-02  2.57e+02  7.04e-01 1.14e-01     36s
  21  -9.85719841e+01 -1.09138520e+02  2.34e+00 1.96e-15  4.60e+00  3.19e+00 1.36e-02  3.45e+02  7.36e-01 1.32e-01     38s
  22  -9.87216612e+01 -1.09048044e+02  2.48e+00 8.77e-16  3.94e+00  3.23e+00 1.35e-02  4.87e+02  7.76e-01 1.59e-01     40s
  23  -9.88902314e+01 -1.08962962e+02  2.64e+00 3.60e-15  3.23e+00  3.26e+00 1.35e-02  7.35e+02  8.24e-01 2.00e-01     42s
  24  -9.90880009e+01 -1.08882908e+02  2.81e+00 1.27e-15  2.46e+00  3.29e+00 1.34e-02  1.23e+03  8.84e-01 2.67e-01     44s
  25  -9.93350796e+01 -1.08807225e+02  3.01e+00 3.24e-15  1.59e+00  3.32e+00 1.33e-02  2.44e+03  9.57e-01 3.92e-01     46s
  26  -9.93605213e+01 -1.08801895e+02  3.03e+00 2.90e-15  1.52e+00  3.35e+00 1.33e-02  6.77e+03  1.00e+00 5.13e-02     48s
  27  -9.93605437e+01 -1.08801890e+02  3.03e+00 1.99e-15  1.52e+00  3.35e+00 1.33e-02  7.51e+03  1.00e+00 4.71e-05     49s

The solution quality is limited by the precision of the linear system solver.

The II-IPM stopped after 28 iterations in 49.28 seconds.

Primal variables:   [+0.416 +0.383 +1.230 +1.188 +39.573 +0.033 +0.059 +0.258]
Dual slacks:        [+0.519 +0.610 +0.158 +0.117 +0.002 +5.122 +3.984 +0.909]
Dual variables:     [-6.619 +8.713]

Primal objective:   -9.93605437e+01
Dual objective:     -1.08801890e+02

Primal residual:    3.03e+00
Dual residual:      1.99e-15
Complementraty:     1.52e+00

Number of Iter:     28
Run time:           49.28
