
================= Linear optimization problem Information =================
Number of variables:     8
Number of constraints:   2

Norm of primal sol:      1.16e+01
Norm of dual sol:        1.00e+01
Norm of dual slacks:     5.00e+00

Norm of vector b:        1.00e+01
Norm of vector c:        1.68e+01

Norm of matrix A:        2.00e+00
Condition number:        1.60e+01
Seed:                    6

======================= Linear optimization problem =======================
coeff matrix A:          [[-0.063 +0.531 +0.479 +0.034 +0.173 +1.007 +0.300 +0.637]
                          [-0.062 -0.504 -0.374 -0.049 -0.124 -1.005 -0.350 -0.642]]

RHS vector b:            [+7.008 -7.133]
Obj vector c:            [+0.128 -7.268 -6.080 -0.567 -2.123 -10.343 -1.174 -8.939]

============================ Optimal solution =============================
Primal variables:        [+7.817 +2.906 +7.190 +0.365 +0.942 +0.000 +0.000 +3.667]
Dual slacks:             [+0.000 +0.000 +0.000 +0.000 +0.000 +3.734 +3.325 +0.000]
Dual variables:          [-8.022 +5.971]

Optimal objective:       -9.88108672e+01
===========================================================================

Method:             II-QIPM
LO_Precision:       1.00e-01
Stop_Precision:     1.00e-03
LO_Verbosity:       2
Omega:              1.00e+01
num_ancillae:       4

The Quantum Inexact Infeasible Interior-Point Method starts running ...


                  Objective                Residual                      Quantum                    Step-length
Iter      Primal           Dual         Primal    Dual     Compl    ||Resl||   Prob    Cond-Num   a-star   a-hat      Time
   0  -2.09025744e+02 -1.04155937e+02  1.40e+01 1.76e+01  3.77e+02 *2.49e-01 1.56e-02  2.56e+02  7.17e-01 5.86e-01      2s
   1  -1.29575005e+02 -1.47112164e+02  4.62e+00 5.77e+00  1.67e+02 *4.81e-01 1.56e-02  7.58e+01  1.00e+00 6.72e-01      4s
   2  -9.53654186e+01 -1.31825652e+02  6.29e-01 4.39e-01  4.73e+01  4.85e-01 1.68e-02  2.33e+01  1.00e+00 9.24e-01      6s
   3  -9.57038607e+01 -1.05242648e+02  6.11e-02 4.57e-02  1.05e+01  6.43e-03 1.57e-02  7.76e+00  1.00e+00 8.96e-01      7s
   4  -9.62536460e+01 -1.04520670e+02  8.91e-02 3.83e-02  8.98e+00  7.41e-01 1.55e-02  4.14e+01  7.57e-01 1.61e-01      9s
   5  -9.66400272e+01 -1.04061978e+02  1.79e-01 3.35e-02  7.97e+00  8.33e-01 1.55e-02  5.32e+01  7.27e-01 1.26e-01     11s
   6  -9.69602866e+01 -1.03711441e+02  2.61e-01 2.97e-02  7.15e+00  9.06e-01 1.54e-02  6.43e+01  7.05e-01 1.13e-01     14s
   7  -9.72317398e+01 -1.03436610e+02  3.34e-01 2.66e-02  6.49e+00  9.73e-01 1.54e-02  7.62e+01  6.85e-01 1.04e-01     15s
   8  -9.74664696e+01 -1.03216520e+02  4.01e-01 2.41e-02  5.93e+00  1.04e+00 1.54e-02  8.89e+01  6.68e-01 9.60e-02     17s
   9  -9.76726774e+01 -1.03037505e+02  4.63e-01 2.19e-02  5.45e+00  1.09e+00 1.53e-02  1.03e+02  6.55e-01 8.98e-02     19s
  10  -9.78571253e+01 -1.02889430e+02  5.21e-01 2.00e-02  5.03e+00  1.15e+00 1.53e-02  1.18e+02  6.43e-01 8.52e-02     21s
  11  -9.80244633e+01 -1.02765498e+02  5.77e-01 1.84e-02  4.66e+00  1.20e+00 1.53e-02  1.35e+02  6.34e-01 8.17e-02     23s
  12  -9.81785305e+01 -1.02660583e+02  6.30e-01 1.69e-02  4.33e+00  1.25e+00 1.52e-02  1.54e+02  6.28e-01 7.93e-02     25s
  13  -9.83221462e+01 -1.02571058e+02  6.82e-01 1.56e-02  4.02e+00  1.29e+00 1.52e-02  1.77e+02  6.23e-01 7.76e-02     27s
  14  -9.84580862e+01 -1.02493910e+02  7.32e-01 1.44e-02  3.75e+00  1.34e+00 1.51e-02  2.03e+02  6.21e-01 7.70e-02     28s
  15  -9.85886099e+01 -1.02426940e+02  7.82e-01 1.33e-02  3.48e+00  1.38e+00 1.51e-02  2.34e+02  6.22e-01 7.73e-02     29s
  16  -9.87156337e+01 -1.02368522e+02  8.32e-01 1.23e-02  3.24e+00  1.42e+00 1.50e-02  2.72e+02  6.25e-01 7.85e-02     31s
  17  -9.88414891e+01 -1.02317182e+02  8.82e-01 1.13e-02  3.00e+00  1.45e+00 1.50e-02  3.19e+02  6.31e-01 8.10e-02     33s
  18  -9.89681374e+01 -1.02271957e+02  9.34e-01 1.03e-02  2.77e+00  1.49e+00 1.49e-02  3.79e+02  6.41e-01 8.46e-02     35s
  19  -9.90982257e+01 -1.02231942e+02  9.86e-01 9.39e-03  2.55e+00  1.52e+00 1.49e-02  4.57e+02  6.53e-01 8.98e-02     37s
  20  -9.92349341e+01 -1.02196448e+02  1.04e+00 8.48e-03  2.33e+00  1.55e+00 1.48e-02  5.61e+02  6.70e-01 9.72e-02     38s
  21  -9.93823435e+01 -1.02164973e+02  1.10e+00 7.57e-03  2.10e+00  1.58e+00 1.47e-02  7.07e+02  6.91e-01 1.07e-01     40s
  22  -9.95465163e+01 -1.02137087e+02  1.16e+00 6.65e-03  1.87e+00  1.61e+00 1.46e-02  9.17e+02  7.17e-01 1.21e-01     41s
  23  -9.97368210e+01 -1.02112477e+02  1.23e+00 5.71e-03  1.63e+00  1.63e+00 1.44e-02  1.24e+03  7.49e-01 1.41e-01     43s
  24  -9.99687445e+01 -1.02090952e+02  1.30e+00 4.74e-03  1.38e+00  1.65e+00 1.42e-02  1.77e+03  7.89e-01 1.70e-01     45s
  25  -1.00271177e+02 -1.02072372e+02  1.38e+00 3.72e-03  1.11e+00  1.68e+00 1.39e-02  2.71e+03  8.38e-01 2.15e-01     46s
  26  -1.00702801e+02 -1.02056709e+02  1.47e+00 2.65e-03  8.25e-01  1.70e+00 1.35e-02  4.67e+03  8.97e-01 2.89e-01     48s
  27  -1.00868586e+02 -1.02053678e+02  1.50e+00 2.38e-03  7.49e-01  1.73e+00 1.28e-02  9.70e+03  9.69e-01 1.01e-01     50s
  28  -1.00868716e+02 -1.02053676e+02  1.50e+00 2.38e-03  7.49e-01  1.73e+00 1.26e-02  1.21e+04  9.89e-01 8.08e-05     53s

The solution quality is limited by the precision of the linear system solver.

The II-IPM stopped after 29 iterations in 52.70 seconds.

Primal variables:   [+0.545 +0.524 +1.634 +1.743 +38.922 +0.026 +0.044 +0.363]
Dual slacks:        [+0.164 +0.192 +0.050 +0.037 +0.001 +4.171 +3.532 +0.286]
Dual variables:     [-6.933 +7.496]

Primal objective:   -1.00868716e+02
Dual objective:     -1.02053676e+02

Primal residual:    1.50e+00
Dual residual:      2.38e-03
Complementraty:     7.49e-01

Number of Iter:     29
Run time:           52.70
