
================= Linear optimization problem Information =================
Number of variables:     8
Number of constraints:   2

Norm of primal sol:      3.12e+01
Norm of dual sol:        1.00e+01
Norm of dual slacks:     5.00e+00

Norm of vector b:        1.00e+01
Norm of vector c:        9.34e+00

Norm of matrix A:        2.00e+00
Condition number:        1.60e+01
Seed:                    67

======================= Linear optimization problem =======================
coeff matrix A:          [[-0.678 -0.325 -0.529 -1.063 -0.196 -0.188 -0.987 +0.988]
                          [-0.024 +0.005 -0.056 -0.043 +0.010 +0.041 +0.088 +0.025]]

RHS vector b:            [-9.998 -0.180]
Obj vector c:            [-2.782 +3.514 -1.830 -4.301 -0.602 -1.203 -5.142 +4.139]

============================ Optimal solution =============================
Primal variables:        [+12.203 +0.000 +15.333 +7.413 +0.000 +8.635 +4.765 +20.846]
Dual slacks:             [+0.000 +4.988 +0.000 +0.000 +0.348 +0.000 +0.000 +0.000]
Dual variables:          [+4.413 -8.974]

Optimal objective:       -4.25085421e+01
===========================================================================

Method:             II-QIPM
LO_Precision:       1.00e-01
Stop_Precision:     1.00e-03
LO_Verbosity:       2
Omega:              1.00e+01
num_ancillae:       4

The Quantum Inexact Infeasible Interior-Point Method starts running ...


                  Objective                Residual                      Quantum                    Step-length
Iter      Primal           Dual         Primal    Dual     Compl    ||Resl||   Prob    Cond-Num   a-star   a-hat      Time
   0  -5.25157355e+01 -5.02089468e+01  9.50e+00 1.55e+01  4.23e+02 *8.87e-01 1.56e-02  2.56e+02  6.50e-01 5.21e-01      2s
   1  -5.00637712e+01 -5.03762863e+01  8.39e+00 1.38e+01  3.79e+02 *1.27e+00 6.21e-03  4.68e+02  6.71e-01 1.13e-01      4s
   2  -4.81850278e+01 -5.00777863e+01  7.30e+00 1.19e+01  3.32e+02 *1.24e+00 1.25e-02  5.07e+02  7.25e-01 1.36e-01      6s
   3  -4.65825830e+01 -4.94543012e+01  6.17e+00 9.97e+00  2.83e+02 *1.30e+00 1.49e-02  5.45e+02  7.56e-01 1.62e-01      8s
   4  -4.55362472e+01 -4.85057488e+01  5.02e+00 7.99e+00  2.31e+02 *1.42e+00 1.53e-02  5.84e+02  7.90e-01 1.99e-01     10s
   5  -4.54942921e+01 -4.73045873e+01  3.91e+00 6.02e+00  1.79e+02 *1.61e+00 1.54e-02  6.17e+02  8.01e-01 2.46e-01     11s
   6  -4.70831374e+01 -4.60798621e+01  3.04e+00 4.30e+00  1.31e+02 *1.97e+00 1.55e-02  6.31e+02  7.23e-01 2.86e-01     14s
   7  -5.04603175e+01 -4.52472305e+01  2.68e+00 3.18e+00  9.81e+01 *2.70e+00 1.54e-02  6.05e+02  6.09e-01 2.60e-01     16s
   8  -5.42464309e+01 -4.49114742e+01  2.75e+00 2.69e+00  8.34e+01 *4.10e+00 1.53e-02  5.39e+02  4.76e-01 1.56e-01     18s
   9  -5.76028539e+01 -4.47762607e+01  2.95e+00 2.45e+00  7.64e+01 *5.88e+00 1.50e-02  4.86e+02  3.87e-01 8.74e-02     20s
  10  -6.06029419e+01 -4.47087721e+01  3.18e+00 2.31e+00  7.23e+01 *7.69e+00 1.46e-02  4.54e+02  3.34e-01 5.65e-02     22s
  11  -6.33693799e+01 -4.46700062e+01  3.41e+00 2.22e+00  6.95e+01 *9.51e+00 1.40e-02  4.34e+02  2.99e-01 4.04e-02     24s
  12  -6.59853951e+01 -4.46457263e+01  3.64e+00 2.15e+00  6.75e+01 *1.14e+01 1.32e-02  4.19e+02  2.72e-01 3.09e-02     26s
  13  -6.85107433e+01 -4.46296131e+01  3.87e+00 2.10e+00  6.59e+01 *1.33e+01 1.21e-02  4.08e+02  2.52e-01 2.47e-02     28s
  14  -7.09957396e+01 -4.46184491e+01  4.11e+00 2.06e+00  6.46e+01  1.54e+01 1.07e-02  3.99e+02  2.35e-01 2.04e-02     29s
  15  -7.34870044e+01 -4.46104362e+01  4.34e+00 2.02e+00  6.36e+01  1.77e+01 8.69e-03  3.92e+02  2.20e-01 1.73e-02     31s
  16  -7.60343847e+01 -4.46044808e+01  4.58e+00 1.99e+00  6.27e+01  2.04e+01 6.17e-03  3.85e+02  2.08e-01 1.50e-02     32s
  17  -7.87127786e+01 -4.45998367e+01  4.84e+00 1.96e+00  6.19e+01  2.39e+01 3.33e-03  3.80e+02  1.96e-01 1.34e-02     34s
  18  -8.16129579e+01 -4.45959887e+01  5.12e+00 1.94e+00  6.12e+01  2.85e+01 8.98e-04  3.75e+02  1.86e-01 1.21e-02     36s
  19  -8.20852051e+01 -4.45980587e+01  5.16e+00 1.93e+00  6.08e+01  3.45e+01 9.13e-06  3.70e+02  1.89e-01 6.74e-03     38s
  20  -8.25969754e+01 -4.46000132e+01  5.22e+00 1.91e+00  6.05e+01  3.57e+01 6.38e-05  3.69e+02  1.83e-01 6.37e-03     40s
  21  -8.31477746e+01 -4.46018638e+01  5.29e+00 1.90e+00  6.01e+01  3.69e+01 1.74e-04  3.69e+02  1.78e-01 6.04e-03     42s
  22  -8.37350023e+01 -4.46036169e+01  5.37e+00 1.89e+00  5.98e+01  3.81e+01 3.44e-04  3.68e+02  1.73e-01 5.71e-03     44s
  23  -8.43580000e+01 -4.46052861e+01  5.46e+00 1.88e+00  5.95e+01  3.94e+01 5.75e-04  3.68e+02  1.68e-01 5.42e-03     46s
  24  -8.50149032e+01 -4.46068801e+01  5.56e+00 1.87e+00  5.92e+01  4.07e+01 8.64e-04  3.67e+02  1.64e-01 5.14e-03     48s
  25  -8.57036875e+01 -4.46084068e+01  5.66e+00 1.86e+00  5.90e+01  4.20e+01 1.21e-03  3.67e+02  1.59e-01 4.89e-03     50s
  26  -8.64222176e+01 -4.46098731e+01  5.77e+00 1.85e+00  5.87e+01  4.33e+01 1.60e-03  3.66e+02  1.55e-01 4.65e-03     52s
  27  -8.71675482e+01 -4.46112839e+01  5.89e+00 1.85e+00  5.85e+01  4.47e+01 2.03e-03  3.66e+02  1.52e-01 4.41e-03     54s
  28  -8.79396790e+01 -4.46126485e+01  6.01e+00 1.84e+00  5.82e+01  4.62e+01 2.48e-03  3.65e+02  1.48e-01 4.21e-03     57s
  29  -8.87341993e+01 -4.46139674e+01  6.13e+00 1.83e+00  5.80e+01  4.77e+01 2.96e-03  3.64e+02  1.44e-01 4.00e-03     59s
  30  -8.95504915e+01 -4.46152470e+01  6.26e+00 1.82e+00  5.78e+01  4.92e+01 3.45e-03  3.64e+02  1.41e-01 3.82e-03     61s
  31  -9.03865354e+01 -4.46164905e+01  6.38e+00 1.82e+00  5.76e+01  5.09e+01 3.94e-03  3.63e+02  1.38e-01 3.65e-03     63s
  32  -9.12395291e+01 -4.46176995e+01  6.51e+00 1.81e+00  5.74e+01  5.25e+01 4.42e-03  3.62e+02  1.35e-01 3.48e-03     65s
  33  -9.21084096e+01 -4.46188773e+01  6.64e+00 1.80e+00  5.73e+01  5.43e+01 4.89e-03  3.62e+02  1.32e-01 3.32e-03     67s
  34  -9.29922898e+01 -4.46200270e+01  6.78e+00 1.80e+00  5.71e+01  5.60e+01 5.35e-03  3.61e+02  1.29e-01 3.18e-03     69s
  35  -9.38877575e+01 -4.46211478e+01  6.91e+00 1.79e+00  5.69e+01  5.79e+01 5.80e-03  3.61e+02  1.27e-01 3.04e-03     71s
  36  -9.47958940e+01 -4.46222443e+01  7.05e+00 1.79e+00  5.68e+01  5.98e+01 6.22e-03  3.60e+02  1.24e-01 2.91e-03     73s
  37  -9.57134732e+01 -4.46233154e+01  7.18e+00 1.78e+00  5.66e+01  6.17e+01 6.62e-03  3.60e+02  1.22e-01 2.79e-03     75s
  38  -9.66400133e+01 -4.46243629e+01  7.32e+00 1.78e+00  5.65e+01  6.37e+01 7.00e-03  3.59e+02  1.19e-01 2.67e-03     78s
  39  -9.75751710e+01 -4.46253887e+01  7.45e+00 1.77e+00  5.64e+01  6.58e+01 7.36e-03  3.58e+02  1.17e-01 2.56e-03     80s
  40  -9.85177854e+01 -4.46263933e+01  7.59e+00 1.77e+00  5.62e+01  6.79e+01 7.70e-03  3.58e+02  1.15e-01 2.46e-03     82s
  41  -9.94658130e+01 -4.46273761e+01  7.73e+00 1.76e+00  5.61e+01  7.00e+01 8.02e-03  3.57e+02  1.13e-01 2.36e-03     84s
  42  -1.00420094e+02 -4.46283396e+01  7.86e+00 1.76e+00  5.60e+01  7.22e+01 8.32e-03  3.57e+02  1.11e-01 2.27e-03     86s
  43  -1.01378733e+02 -4.46292831e+01  8.00e+00 1.76e+00  5.59e+01  7.45e+01 8.60e-03  3.56e+02  1.09e-01 2.19e-03     88s
  44  -1.02342741e+02 -4.46302088e+01  8.13e+00 1.75e+00  5.58e+01  7.67e+01 8.86e-03  3.56e+02  1.07e-01 2.11e-03     90s
  45  -1.03310345e+02 -4.46311161e+01  8.27e+00 1.75e+00  5.57e+01  7.91e+01 9.11e-03  3.55e+02  1.05e-01 2.03e-03     92s
  46  -1.04280753e+02 -4.46320051e+01  8.41e+00 1.75e+00  5.56e+01  8.14e+01 9.34e-03  3.55e+02  1.04e-01 1.95e-03     94s
  47  -1.05255163e+02 -4.46328779e+01  8.54e+00 1.74e+00  5.55e+01  8.38e+01 9.55e-03  3.55e+02  1.02e-01 1.89e-03     96s
  48  -1.06231941e+02 -4.46337337e+01  8.68e+00 1.74e+00  5.54e+01  8.63e+01 9.76e-03  3.54e+02  1.00e-01 1.82e-03     98s
  49  -1.07210433e+02 -4.46345727e+01  8.81e+00 1.74e+00  5.53e+01  8.88e+01 9.95e-03  3.54e+02  9.89e-02 1.76e-03    100s
  50  -1.08191000e+02 -4.46353960e+01  8.95e+00 1.73e+00  5.52e+01  9.13e+01 1.01e-02  3.53e+02  9.74e-02 1.70e-03    102s
  51  -1.09174057e+02 -4.46362045e+01  9.08e+00 1.73e+00  5.51e+01  9.38e+01 1.03e-02  3.53e+02  9.60e-02 1.64e-03    104s
  52  -1.10157115e+02 -4.46369967e+01  9.22e+00 1.73e+00  5.50e+01  9.64e+01 1.05e-02  3.53e+02  9.46e-02 1.59e-03    106s
  53  -1.11142588e+02 -4.46377752e+01  9.35e+00 1.73e+00  5.50e+01  9.91e+01 1.06e-02  3.52e+02  9.32e-02 1.54e-03    108s
  54  -1.12129035e+02 -4.46385393e+01  9.49e+00 1.72e+00  5.49e+01  1.02e+02 1.07e-02  3.52e+02  9.19e-02 1.49e-03    110s
  55  -1.13115999e+02 -4.46392892e+01  9.62e+00 1.72e+00  5.48e+01  1.04e+02 1.09e-02  3.51e+02  9.07e-02 1.44e-03    112s
  56  -1.14104029e+02 -4.46400258e+01  9.76e+00 1.72e+00  5.47e+01  1.07e+02 1.10e-02  3.51e+02  8.94e-02 1.40e-03    114s
  57  -1.15092721e+02 -4.46407491e+01  9.89e+00 1.72e+00  5.47e+01  1.10e+02 1.11e-02  3.51e+02  8.82e-02 1.36e-03    116s
  58  -1.16081687e+02 -4.46414593e+01  1.00e+01 1.71e+00  5.46e+01  1.13e+02 1.12e-02  3.50e+02  8.71e-02 1.32e-03    118s
  59  -1.17070553e+02 -4.46421566e+01  1.02e+01 1.71e+00  5.45e+01  1.16e+02 1.13e-02  3.50e+02  8.60e-02 1.28e-03    120s
  60  -1.18059948e+02 -4.46428418e+01  1.03e+01 1.71e+00  5.45e+01  1.19e+02 1.14e-02  3.50e+02  8.49e-02 1.24e-03    122s
  61  -1.19049539e+02 -4.46435149e+01  1.04e+01 1.71e+00  5.44e+01  1.21e+02 1.15e-02  3.49e+02  8.38e-02 1.21e-03    125s
  62  -1.20039006e+02 -4.46441762e+01  1.06e+01 1.71e+00  5.44e+01  1.24e+02 1.16e-02  3.49e+02  8.28e-02 1.17e-03    127s
  63  -1.21029027e+02 -4.46448264e+01  1.07e+01 1.70e+00  5.43e+01  1.27e+02 1.17e-02  3.49e+02  8.18e-02 1.14e-03    129s
  64  -1.22018325e+02 -4.46454650e+01  1.08e+01 1.70e+00  5.42e+01  1.30e+02 1.18e-02  3.49e+02  8.08e-02 1.11e-03    131s
  65  -1.23007600e+02 -4.46460928e+01  1.09e+01 1.70e+00  5.42e+01  1.33e+02 1.19e-02  3.48e+02  7.98e-02 1.08e-03    133s
  66  -1.23996582e+02 -4.46467099e+01  1.11e+01 1.70e+00  5.41e+01  1.37e+02 1.19e-02  3.48e+02  7.89e-02 1.05e-03    134s
  67  -1.24985009e+02 -4.46473163e+01  1.12e+01 1.70e+00  5.41e+01  1.40e+02 1.20e-02  3.48e+02  7.80e-02 1.02e-03    136s
  68  -1.25973617e+02 -4.46479129e+01  1.13e+01 1.69e+00  5.40e+01  1.43e+02 1.21e-02  3.48e+02  7.71e-02 9.99e-04    138s

The solution quality is limited by the precision of the linear system solver.

The II-IPM stopped after 69 iterations in 137.88 seconds.

Primal variables:   [+8.480 +1.580 +6.924 +6.674 +9.011 +26.907 +92.097 +107.475]
Dual slacks:        [+0.915 +5.302 +1.152 +1.192 +0.826 +0.223 +0.056 +0.031]
Dual variables:     [+4.465 +0.014]

Primal objective:   -1.25973617e+02
Dual objective:     -4.46479129e+01

Primal residual:    1.13e+01
Dual residual:      1.69e+00
Complementraty:     5.40e+01

Number of Iter:     69
Run time:           137.88
