
================= Linear optimization problem Information =================
Number of variables:     8
Number of constraints:   2

Norm of primal sol:      8.55e+00
Norm of dual sol:        1.00e+01
Norm of dual slacks:     5.00e+00

Norm of vector b:        1.00e+01
Norm of vector c:        2.13e+01

Norm of matrix A:        2.83e+00
Condition number:        1.00e+00
Seed:                    94

======================= Linear optimization problem =======================
coeff matrix A:          [[-0.056 -0.738 -0.320 -0.932 +0.667 -0.298 +1.027 -0.945]
                          [+1.257 +0.502 -0.267 +0.351 -0.627 +0.804 +0.640 -0.724]]

RHS vector b:            [-4.346 +9.006]
Obj vector c:            [-0.699 -7.433 -3.171 -9.362 +10.510 +0.215 +10.195 -9.370]

============================ Optimal solution =============================
Primal variables:        [+4.564 +3.852 +4.376 +2.686 +0.000 +0.000 +3.247 +0.715]
Dual slacks:             [+0.000 +0.000 +0.000 +0.000 +3.771 +3.283 +0.000 +0.000]
Dual variables:          [+9.999 -0.109]

Optimal objective:       -4.44456144e+01
===========================================================================

Method:             II-QIPM
LO_Precision:       1.00e-01
Stop_Precision:     1.00e-03
LO_Verbosity:       2
Omega:              1.00e+01
num_ancillae:       4

The Quantum Inexact Infeasible Interior-Point Method starts running ...


                  Objective                Residual                      Quantum                    Step-length
Iter      Primal           Dual         Primal    Dual     Compl    ||Resl||   Prob    Cond-Num   a-star   a-hat      Time
   0  -1.69440670e+01 -6.23855259e+01  4.47e+00 1.09e+01  2.97e+02  1.07e-14 1.56e-02  1.00e+00  8.43e-01 7.13e-01      1s
   1  -1.66072398e+01 -6.37711431e+01  3.39e+00 8.36e+00  2.36e+02  1.98e-01 1.81e-02  2.30e+00  8.77e-01 2.33e-01      3s
   2  -1.87279294e+01 -6.42706162e+01  2.61e+00 6.45e+00  1.89e+02  4.87e-02 1.68e-02  3.18e+00  8.86e-01 2.28e-01      4s
   3  -2.23862970e+01 -6.40830183e+01  1.95e+00 4.86e+00  1.47e+02  4.08e-02 1.56e-02  4.53e+00  8.99e-01 2.47e-01      6s
   4  -2.74448508e+01 -6.29800747e+01  1.44e+00 3.51e+00  1.11e+02  1.25e-01 2.06e-02  6.85e+00  9.15e-01 2.79e-01      8s
   5  -2.81542400e+01 -6.17768414e+01  5.16e-01 2.49e+00  8.22e+01  1.81e+00 2.80e-02  1.10e+01  8.98e-01 2.90e-01     10s
   6  -2.27464820e+01 -6.12661584e+01  1.04e+00 1.83e+00  6.29e+01  5.28e+00 1.98e-02  1.77e+01  8.44e-01 2.63e-01     12s
   7  -1.53589997e+01 -6.10862159e+01  2.62e+00 1.41e+00  4.99e+01  7.96e+00 1.58e-02  2.83e+01  7.82e-01 2.30e-01     14s
   8  -8.27727263e+00 -6.10154989e+01  4.01e+00 1.14e+00  4.12e+01  9.90e+00 1.50e-02  4.45e+01  7.17e-01 1.91e-01     15s
   9  -2.29133845e+00 -6.09803664e+01  5.15e+00 9.68e-01  3.54e+01  1.14e+01 1.49e-02  6.71e+01  6.52e-01 1.53e-01     17s
  10   2.60623789e+00 -6.09592668e+01  6.06e+00 8.52e-01  3.14e+01  1.27e+01 1.50e-02  9.46e+01  5.92e-01 1.20e-01     18s
  11   6.64329358e+00 -6.09451239e+01  6.80e+00 7.71e-01  2.87e+01  1.39e+01 1.51e-02  1.25e+02  5.40e-01 9.46e-02     20s
  12   1.00620138e+01 -6.09349463e+01  7.43e+00 7.13e-01  2.67e+01  1.51e+01 1.52e-02  1.56e+02  4.94e-01 7.55e-02     22s
  13   1.30334345e+01 -6.09272764e+01  7.97e+00 6.69e-01  2.52e+01  1.63e+01 1.52e-02  1.86e+02  4.55e-01 6.12e-02     24s
  14   1.56754451e+01 -6.09212963e+01  8.46e+00 6.36e-01  2.40e+01  1.76e+01 1.53e-02  2.14e+02  4.22e-01 5.03e-02     25s
  15   1.80773538e+01 -6.09164909e+01  8.89e+00 6.09e-01  2.31e+01  1.88e+01 1.53e-02  2.39e+02  3.93e-01 4.21e-02     27s
  16   2.02946961e+01 -6.09125455e+01  9.29e+00 5.87e-01  2.23e+01  2.01e+01 1.54e-02  2.62e+02  3.68e-01 3.56e-02     29s
  17   2.23686018e+01 -6.09092450e+01  9.66e+00 5.69e-01  2.17e+01  2.15e+01 1.54e-02  2.82e+02  3.47e-01 3.06e-02     31s
  18   2.43286812e+01 -6.09064405e+01  1.00e+01 5.54e-01  2.11e+01  2.29e+01 1.54e-02  3.01e+02  3.27e-01 2.65e-02     32s
  19   2.61964898e+01 -6.09040262e+01  1.03e+01 5.41e-01  2.07e+01  2.44e+01 1.54e-02  3.16e+02  3.10e-01 2.32e-02     34s
  20   2.79877350e+01 -6.09019249e+01  1.07e+01 5.30e-01  2.03e+01  2.59e+01 1.55e-02  3.30e+02  2.95e-01 2.05e-02     36s
  21   2.97137082e+01 -6.09000794e+01  1.10e+01 5.20e-01  1.99e+01  2.75e+01 1.55e-02  3.43e+02  2.81e-01 1.82e-02     38s
  22   3.13855756e+01 -6.08984433e+01  1.13e+01 5.12e-01  1.96e+01  2.91e+01 1.55e-02  3.54e+02  2.68e-01 1.63e-02     39s
  23   3.30114949e+01 -6.08969815e+01  1.16e+01 5.04e-01  1.94e+01  3.08e+01 1.55e-02  3.64e+02  2.57e-01 1.47e-02     41s
  24   3.45971156e+01 -6.08956673e+01  1.18e+01 4.98e-01  1.91e+01  3.25e+01 1.55e-02  3.72e+02  2.47e-01 1.33e-02     43s
  25   3.61474711e+01 -6.08944789e+01  1.21e+01 4.92e-01  1.89e+01  3.43e+01 1.55e-02  3.80e+02  2.37e-01 1.21e-02     45s
  26   3.76671398e+01 -6.08933980e+01  1.24e+01 4.86e-01  1.87e+01  3.61e+01 1.55e-02  3.86e+02  2.29e-01 1.11e-02     47s
  27   3.91573804e+01 -6.08924119e+01  1.26e+01 4.81e-01  1.85e+01  3.80e+01 1.55e-02  3.93e+02  2.20e-01 1.01e-02     48s
  28   4.06251320e+01 -6.08915056e+01  1.29e+01 4.77e-01  1.84e+01  4.00e+01 1.55e-02  3.98e+02  2.13e-01 9.36e-03     50s
  29   4.20684264e+01 -6.08906722e+01  1.31e+01 4.73e-01  1.82e+01  4.20e+01 1.55e-02  4.03e+02  2.06e-01 8.64e-03     52s
  30   4.34923644e+01 -6.08899014e+01  1.34e+01 4.69e-01  1.81e+01  4.40e+01 1.55e-02  4.07e+02  2.00e-01 8.01e-03     54s
  31   4.48977086e+01 -6.08891865e+01  1.36e+01 4.65e-01  1.80e+01  4.61e+01 1.55e-02  4.11e+02  1.93e-01 7.45e-03     56s
  32   4.62851749e+01 -6.08885220e+01  1.39e+01 4.62e-01  1.79e+01  4.82e+01 1.55e-02  4.15e+02  1.88e-01 6.94e-03     58s
  33   4.76581918e+01 -6.08879017e+01  1.41e+01 4.59e-01  1.78e+01  5.04e+01 1.55e-02  4.18e+02  1.82e-01 6.49e-03     60s
  34   4.90174353e+01 -6.08873213e+01  1.43e+01 4.56e-01  1.77e+01  5.27e+01 1.55e-02  4.21e+02  1.77e-01 6.09e-03     62s
  35   5.03622235e+01 -6.08867777e+01  1.46e+01 4.54e-01  1.76e+01  5.50e+01 1.55e-02  4.23e+02  1.73e-01 5.71e-03     64s
  36   5.16958738e+01 -6.08862665e+01  1.48e+01 4.51e-01  1.75e+01  5.73e+01 1.55e-02  4.26e+02  1.68e-01 5.38e-03     66s
  37   5.30164119e+01 -6.08857858e+01  1.50e+01 4.49e-01  1.74e+01  5.97e+01 1.55e-02  4.28e+02  1.64e-01 5.06e-03     68s
  38   5.43271131e+01 -6.08853320e+01  1.53e+01 4.47e-01  1.73e+01  6.22e+01 1.55e-02  4.30e+02  1.60e-01 4.78e-03     69s
  39   5.56286596e+01 -6.08849028e+01  1.55e+01 4.45e-01  1.72e+01  6.47e+01 1.55e-02  4.32e+02  1.56e-01 4.53e-03     71s
  40   5.69204506e+01 -6.08844966e+01  1.57e+01 4.43e-01  1.72e+01  6.72e+01 1.55e-02  4.33e+02  1.53e-01 4.29e-03     72s
  41   5.82031769e+01 -6.08841114e+01  1.59e+01 4.41e-01  1.71e+01  6.98e+01 1.55e-02  4.35e+02  1.49e-01 4.07e-03     73s
  42   5.94775420e+01 -6.08837456e+01  1.61e+01 4.40e-01  1.71e+01  7.25e+01 1.56e-02  4.36e+02  1.46e-01 3.87e-03     75s
  43   6.07442627e+01 -6.08833977e+01  1.64e+01 4.38e-01  1.70e+01  7.52e+01 1.56e-02  4.38e+02  1.43e-01 3.68e-03     77s
  44   6.20028106e+01 -6.08830665e+01  1.66e+01 4.36e-01  1.69e+01  7.79e+01 1.56e-02  4.39e+02  1.40e-01 3.50e-03     79s
  45   6.32551714e+01 -6.08827505e+01  1.68e+01 4.35e-01  1.69e+01  8.07e+01 1.56e-02  4.40e+02  1.37e-01 3.34e-03     81s
  46   6.45008602e+01 -6.08824487e+01  1.70e+01 4.34e-01  1.68e+01  8.35e+01 1.56e-02  4.41e+02  1.34e-01 3.19e-03     82s
  47   6.57406406e+01 -6.08821601e+01  1.72e+01 4.32e-01  1.68e+01  8.64e+01 1.56e-02  4.42e+02  1.32e-01 3.05e-03     83s
  48   6.69728240e+01 -6.08818843e+01  1.74e+01 4.31e-01  1.67e+01  8.94e+01 1.56e-02  4.43e+02  1.29e-01 2.92e-03     85s
  49   6.82006355e+01 -6.08816198e+01  1.76e+01 4.30e-01  1.67e+01  9.23e+01 1.56e-02  4.44e+02  1.27e-01 2.80e-03     87s
  50   6.94224401e+01 -6.08813663e+01  1.78e+01 4.29e-01  1.67e+01  9.54e+01 1.56e-02  4.44e+02  1.25e-01 2.68e-03     89s
  51   7.06390378e+01 -6.08811229e+01  1.80e+01 4.27e-01  1.66e+01  9.85e+01 1.56e-02  4.45e+02  1.22e-01 2.58e-03     90s
  52   7.18512442e+01 -6.08808890e+01  1.83e+01 4.26e-01  1.66e+01  1.02e+02 1.56e-02  4.46e+02  1.20e-01 2.48e-03     92s
  53   7.30574746e+01 -6.08806643e+01  1.85e+01 4.25e-01  1.65e+01  1.05e+02 1.56e-02  4.46e+02  1.18e-01 2.38e-03     94s
  54   7.42597525e+01 -6.08804479e+01  1.87e+01 4.24e-01  1.65e+01  1.08e+02 1.56e-02  4.47e+02  1.16e-01 2.29e-03     96s
  55   7.54577273e+01 -6.08802395e+01  1.89e+01 4.23e-01  1.65e+01  1.11e+02 1.56e-02  4.47e+02  1.14e-01 2.21e-03     97s
  56   7.66510550e+01 -6.08800387e+01  1.91e+01 4.23e-01  1.64e+01  1.15e+02 1.56e-02  4.48e+02  1.13e-01 2.13e-03     99s
  57   7.78405879e+01 -6.08798449e+01  1.93e+01 4.22e-01  1.64e+01  1.18e+02 1.56e-02  4.48e+02  1.11e-01 2.05e-03    101s
  58   7.90260065e+01 -6.08796579e+01  1.95e+01 4.21e-01  1.64e+01  1.21e+02 1.56e-02  4.49e+02  1.09e-01 1.98e-03    103s
  59   8.02081795e+01 -6.08794772e+01  1.97e+01 4.20e-01  1.64e+01  1.25e+02 1.56e-02  4.49e+02  1.07e-01 1.91e-03    105s
  60   8.13868104e+01 -6.08793025e+01  1.99e+01 4.19e-01  1.63e+01  1.28e+02 1.56e-02  4.49e+02  1.06e-01 1.85e-03    107s
  61   8.25604332e+01 -6.08791338e+01  2.01e+01 4.19e-01  1.63e+01  1.32e+02 1.56e-02  4.50e+02  1.04e-01 1.78e-03    109s
  62   8.37322655e+01 -6.08789703e+01  2.03e+01 4.18e-01  1.63e+01  1.35e+02 1.56e-02  4.50e+02  1.03e-01 1.73e-03    111s
  63   8.48997124e+01 -6.08788121e+01  2.05e+01 4.17e-01  1.62e+01  1.39e+02 1.56e-02  4.50e+02  1.01e-01 1.67e-03    113s
  64   8.60648287e+01 -6.08786587e+01  2.07e+01 4.16e-01  1.62e+01  1.43e+02 1.56e-02  4.51e+02  9.98e-02 1.62e-03    114s
  65   8.72273655e+01 -6.08785100e+01  2.09e+01 4.16e-01  1.62e+01  1.46e+02 1.56e-02  4.51e+02  9.84e-02 1.57e-03    117s
  66   8.83859182e+01 -6.08783658e+01  2.11e+01 4.15e-01  1.62e+01  1.50e+02 1.56e-02  4.51e+02  9.71e-02 1.52e-03    119s
  67   8.95413921e+01 -6.08782260e+01  2.13e+01 4.15e-01  1.62e+01  1.54e+02 1.56e-02  4.51e+02  9.58e-02 1.48e-03    120s
  68   9.06947044e+01 -6.08780901e+01  2.15e+01 4.14e-01  1.61e+01  1.58e+02 1.56e-02  4.52e+02  9.45e-02 1.43e-03    123s
  69   9.18456331e+01 -6.08779582e+01  2.17e+01 4.13e-01  1.61e+01  1.62e+02 1.56e-02  4.52e+02  9.33e-02 1.39e-03    126s
  70   9.29928116e+01 -6.08778300e+01  2.19e+01 4.13e-01  1.61e+01  1.66e+02 1.56e-02  4.52e+02  9.21e-02 1.35e-03    128s
  71   9.41383061e+01 -6.08777054e+01  2.20e+01 4.12e-01  1.61e+01  1.70e+02 1.56e-02  4.52e+02  9.09e-02 1.32e-03    130s
  72   9.52807725e+01 -6.08775842e+01  2.22e+01 4.12e-01  1.61e+01  1.74e+02 1.56e-02  4.52e+02  8.98e-02 1.28e-03    132s
  73   9.64211439e+01 -6.08774662e+01  2.24e+01 4.11e-01  1.60e+01  1.78e+02 1.56e-02  4.53e+02  8.87e-02 1.24e-03    134s
  74   9.75603647e+01 -6.08773513e+01  2.26e+01 4.11e-01  1.60e+01  1.82e+02 1.56e-02  4.53e+02  8.76e-02 1.21e-03    136s
  75   9.86959797e+01 -6.08772395e+01  2.28e+01 4.10e-01  1.60e+01  1.86e+02 1.56e-02  4.53e+02  8.66e-02 1.18e-03    138s
  76   9.98289250e+01 -6.08771307e+01  2.30e+01 4.10e-01  1.60e+01  1.91e+02 1.56e-02  4.53e+02  8.55e-02 1.15e-03    140s
  77   1.00961279e+02 -6.08770244e+01  2.32e+01 4.09e-01  1.60e+01  1.95e+02 1.56e-02  4.53e+02  8.46e-02 1.12e-03    142s
  78   1.02090618e+02 -6.08769209e+01  2.34e+01 4.09e-01  1.60e+01  1.99e+02 1.56e-02  4.53e+02  8.36e-02 1.09e-03    143s
  79   1.03217889e+02 -6.08768200e+01  2.36e+01 4.08e-01  1.59e+01  2.03e+02 1.56e-02  4.53e+02  8.26e-02 1.06e-03    146s
  80   1.04342924e+02 -6.08767216e+01  2.38e+01 4.08e-01  1.59e+01  2.08e+02 1.56e-02  4.53e+02  8.17e-02 1.04e-03    148s
  81   1.05466682e+02 -6.08766255e+01  2.40e+01 4.08e-01  1.59e+01  2.12e+02 1.56e-02  4.53e+02  8.08e-02 1.01e-03    150s
  82   1.06589009e+02 -6.08765316e+01  2.42e+01 4.07e-01  1.59e+01  2.17e+02 1.56e-02  4.54e+02  7.99e-02 9.87e-04    153s

The solution quality is limited by the precision of the linear system solver.

The II-IPM stopped after 83 iterations in 152.74 seconds.

Primal variables:   [+1.333 +1.683 +35.277 +1.716 +0.707 +0.524 +152.993 +140.795]
Dual slacks:        [+1.930 +1.534 +0.044 +1.511 +2.306 +4.778 +0.006 +0.010]
Dual variables:     [+10.867 -1.515]

Primal objective:   1.06589009e+02 
Dual objective:     -6.08765316e+01

Primal residual:    2.42e+01
Dual residual:      4.07e-01
Complementraty:     1.59e+01

Number of Iter:     83
Run time:           152.74
