
================= Linear optimization problem Information =================
Number of variables:     8
Number of constraints:   2

Norm of primal sol:      4.59e+01
Norm of dual sol:        1.00e+01
Norm of dual slacks:     5.00e+00

Norm of vector b:        1.00e+01
Norm of vector c:        1.37e+01

Norm of matrix A:        2.00e+00
Condition number:        3.20e+01
Seed:                    46

======================= Linear optimization problem =======================
coeff matrix A:          [[-0.004 -0.346 -0.727 +0.866 -0.235 -0.037 -0.852 -0.252]
                          [-0.076 -0.303 -0.633 +0.787 -0.209 -0.061 -0.742 -0.207]]

RHS vector b:            [+7.506 +6.608]
Obj vector c:            [+3.929 +0.038 -6.539 +7.756 -2.110 -0.298 -7.667 -2.284]

============================ Optimal solution =============================
Primal variables:        [+0.000 +0.000 +8.502 +25.880 +10.688 +31.996 +1.463 +15.051]
Dual slacks:             [+3.885 +3.147 +0.000 +0.000 +0.000 +0.000 +0.000 +0.000]
Dual variables:          [+9.941 -1.084]

Optimal objective:       +6.74567276e+01
===========================================================================

Method:             II-QIPM
LO_Precision:       1.00e-01
Stop_Precision:     1.00e-03
LO_Verbosity:       2
Omega:              1.00e+01
num_ancillae:       4

The Quantum Inexact Infeasible Interior-Point Method starts running ...


                  Objective                Residual                      Quantum                    Step-length
Iter      Primal           Dual         Primal    Dual     Compl    ||Resl||   Prob    Cond-Num   a-star   a-hat      Time
   0  -2.94819963e-01  5.92734665e+01  1.88e+01 2.01e+01  4.90e+02  6.62e-02 1.56e-02  1.02e+03  5.14e-01 4.03e-01      2s
   1   6.48662163e+00  6.07638975e+01  1.75e+01 1.87e+01  4.60e+02  2.28e-01 1.56e-02  2.34e+03  5.53e-01 6.80e-02      4s
   2   1.26260561e+01  6.19004619e+01  1.63e+01 1.75e+01  4.32e+02  2.52e-01 1.56e-02  2.70e+03  5.86e-01 6.72e-02      7s
   3   1.92236844e+01  6.29401588e+01  1.50e+01 1.61e+01  4.01e+02  2.75e-01 1.56e-02  3.10e+03  6.19e-01 7.89e-02      9s
   4   2.63414454e+01  6.38744794e+01  1.36e+01 1.46e+01  3.67e+02  2.98e-01 1.56e-02  3.60e+03  6.56e-01 9.47e-02     11s
   5   3.40088214e+01  6.46883621e+01  1.20e+01 1.29e+01  3.28e+02  3.25e-01 1.56e-02  4.25e+03  7.00e-01 1.17e-01     13s
   6   4.22271125e+01  6.53644748e+01  1.02e+01 1.09e+01  2.84e+02  3.56e-01 1.56e-02  5.13e+03  7.50e-01 1.49e-01     14s
   7   5.08726372e+01  6.58792865e+01  8.21e+00 8.78e+00  2.33e+02  3.92e-01 1.56e-02  6.36e+03  8.08e-01 1.98e-01     16s
   8   5.95189386e+01  6.62057868e+01  5.91e+00 6.32e+00  1.74e+02  4.37e-01 1.55e-02  8.14e+03  8.74e-01 2.81e-01     18s
   9   6.69632618e+01  6.63247146e+01  3.33e+00 3.56e+00  1.04e+02  5.01e-01 1.49e-02  1.08e+04  9.45e-01 4.36e-01     20s
  10   6.83578173e+01  6.62635136e+01  9.18e-01 6.58e-01  2.30e+01 *6.20e-01 1.25e-02  1.44e+04  9.04e-01 8.15e-01     22s
  11   6.67966383e+01  6.62926881e+01  9.16e-01 5.54e-01  1.95e+01  1.37e+00 1.56e-02  1.29e+04  5.12e-01 1.58e-01     24s
  12   6.63654527e+01  6.62994307e+01  9.33e-01 5.35e-01  1.89e+01  1.88e+00 1.56e-02  1.22e+04  4.22e-01 3.51e-02     26s
  13   6.59598085e+01  6.63054119e+01  9.53e-01 5.18e-01  1.83e+01  2.06e+00 1.56e-02  1.20e+04  4.02e-01 3.08e-02     28s
  14   6.55685726e+01  6.63108546e+01  9.77e-01 5.04e-01  1.79e+01  2.24e+00 1.56e-02  1.18e+04  3.83e-01 2.77e-02     30s
  15   6.51894855e+01  6.63158298e+01  1.00e+00 4.91e-01  1.74e+01  2.43e+00 1.56e-02  1.16e+04  3.66e-01 2.50e-02     31s
  16   6.48202788e+01  6.63204020e+01  1.03e+00 4.80e-01  1.71e+01  2.63e+00 1.56e-02  1.14e+04  3.51e-01 2.27e-02     33s
  17   6.44600539e+01  6.63246130e+01  1.06e+00 4.70e-01  1.67e+01  2.84e+00 1.56e-02  1.13e+04  3.36e-01 2.07e-02     35s
  18   6.41073809e+01  6.63285074e+01  1.09e+00 4.61e-01  1.65e+01  3.05e+00 1.56e-02  1.11e+04  3.22e-01 1.89e-02     38s
  19   6.37606404e+01  6.63321271e+01  1.12e+00 4.53e-01  1.62e+01  3.28e+00 1.56e-02  1.10e+04  3.10e-01 1.74e-02     40s
  20   6.34190203e+01  6.63355011e+01  1.15e+00 4.46e-01  1.59e+01  3.51e+00 1.56e-02  1.08e+04  2.98e-01 1.60e-02     42s
  21   6.30824630e+01  6.63386485e+01  1.19e+00 4.39e-01  1.57e+01  3.75e+00 1.56e-02  1.07e+04  2.87e-01 1.48e-02     44s
  22   6.27493009e+01  6.63416017e+01  1.22e+00 4.33e-01  1.55e+01  4.00e+00 1.56e-02  1.05e+04  2.76e-01 1.37e-02     45s
  23   6.24198981e+01  6.63443716e+01  1.26e+00 4.28e-01  1.53e+01  4.26e+00 1.56e-02  1.04e+04  2.66e-01 1.28e-02     47s
  24   6.20930165e+01  6.63469818e+01  1.29e+00 4.23e-01  1.52e+01  4.52e+00 1.56e-02  1.03e+04  2.57e-01 1.19e-02     49s
  25   6.17687403e+01  6.63494429e+01  1.33e+00 4.18e-01  1.50e+01  4.80e+00 1.56e-02  1.02e+04  2.49e-01 1.11e-02     51s
  26   6.14468519e+01  6.63517671e+01  1.36e+00 4.14e-01  1.49e+01  5.09e+00 1.56e-02  1.00e+04  2.40e-01 1.04e-02     53s
  27   6.11265076e+01  6.63539697e+01  1.40e+00 4.10e-01  1.47e+01  5.38e+00 1.56e-02  9.94e+03  2.33e-01 9.77e-03     56s
  28   6.08078249e+01  6.63560581e+01  1.43e+00 4.06e-01  1.46e+01  5.69e+00 1.56e-02  9.83e+03  2.25e-01 9.19e-03     58s
  29   6.04902963e+01  6.63580431e+01  1.47e+00 4.02e-01  1.45e+01  6.00e+00 1.56e-02  9.73e+03  2.18e-01 8.66e-03     60s
  30   6.01740479e+01  6.63599307e+01  1.51e+00 3.99e-01  1.44e+01  6.33e+00 1.56e-02  9.63e+03  2.12e-01 8.16e-03     62s
  31   5.98582659e+01  6.63617319e+01  1.55e+00 3.96e-01  1.43e+01  6.66e+00 1.56e-02  9.53e+03  2.05e-01 7.72e-03     64s
  32   5.95433869e+01  6.63634494e+01  1.58e+00 3.93e-01  1.42e+01  7.01e+00 1.56e-02  9.44e+03  1.99e-01 7.30e-03     66s
  33   5.92292283e+01  6.63650894e+01  1.62e+00 3.90e-01  1.41e+01  7.36e+00 1.56e-02  9.35e+03  1.94e-01 6.92e-03     68s
  34   5.89149776e+01  6.63666608e+01  1.66e+00 3.88e-01  1.40e+01  7.73e+00 1.56e-02  9.26e+03  1.88e-01 6.58e-03     70s
  35   5.86010628e+01  6.63681653e+01  1.70e+00 3.85e-01  1.39e+01  8.11e+00 1.56e-02  9.17e+03  1.83e-01 6.25e-03     72s
  36   5.82872933e+01  6.63696078e+01  1.74e+00 3.83e-01  1.39e+01  8.50e+00 1.56e-02  9.09e+03  1.78e-01 5.95e-03     74s
  37   5.79731595e+01  6.63709940e+01  1.78e+00 3.81e-01  1.38e+01  8.90e+00 1.56e-02  9.01e+03  1.73e-01 5.67e-03     76s
  38   5.76590831e+01  6.63723251e+01  1.82e+00 3.79e-01  1.37e+01  9.31e+00 1.56e-02  8.93e+03  1.69e-01 5.41e-03     78s
  39   5.73445505e+01  6.63736064e+01  1.86e+00 3.77e-01  1.36e+01  9.73e+00 1.56e-02  8.85e+03  1.64e-01 5.17e-03     80s
  40   5.70296648e+01  6.63748398e+01  1.90e+00 3.75e-01  1.36e+01  1.02e+01 1.56e-02  8.78e+03  1.60e-01 4.94e-03     82s
  41   5.67142148e+01  6.63760289e+01  1.94e+00 3.73e-01  1.35e+01  1.06e+01 1.56e-02  8.70e+03  1.56e-01 4.73e-03     85s
  42   5.63982985e+01  6.63771753e+01  1.98e+00 3.72e-01  1.35e+01  1.11e+01 1.56e-02  8.63e+03  1.52e-01 4.53e-03     87s
  43   5.60813813e+01  6.63782832e+01  2.02e+00 3.70e-01  1.34e+01  1.15e+01 1.56e-02  8.56e+03  1.48e-01 4.35e-03     89s
  44   5.57638662e+01  6.63793531e+01  2.06e+00 3.68e-01  1.34e+01  1.20e+01 1.56e-02  8.49e+03  1.45e-01 4.17e-03     90s
  45   5.54452092e+01  6.63803884e+01  2.10e+00 3.67e-01  1.33e+01  1.25e+01 1.56e-02  8.42e+03  1.41e-01 4.01e-03     92s
  46   5.51254892e+01  6.63813906e+01  2.14e+00 3.65e-01  1.33e+01  1.30e+01 1.56e-02  8.35e+03  1.38e-01 3.85e-03     94s
  47   5.48047859e+01  6.63823609e+01  2.18e+00 3.64e-01  1.32e+01  1.36e+01 1.56e-02  8.29e+03  1.35e-01 3.71e-03     95s
  48   5.44828575e+01  6.63833015e+01  2.22e+00 3.63e-01  1.32e+01  1.41e+01 1.56e-02  8.22e+03  1.31e-01 3.57e-03     97s
  49   5.41594537e+01  6.63842143e+01  2.26e+00 3.62e-01  1.31e+01  1.47e+01 1.56e-02  8.16e+03  1.28e-01 3.44e-03     99s
  50   5.38349646e+01  6.63850994e+01  2.31e+00 3.60e-01  1.31e+01  1.52e+01 1.56e-02  8.10e+03  1.26e-01 3.32e-03    101s
  51   5.35088123e+01  6.63859596e+01  2.35e+00 3.59e-01  1.31e+01  1.58e+01 1.56e-02  8.03e+03  1.23e-01 3.21e-03    103s
  52   5.31810549e+01  6.63867956e+01  2.39e+00 3.58e-01  1.30e+01  1.64e+01 1.56e-02  7.97e+03  1.20e-01 3.10e-03    105s
  53   5.28517513e+01  6.63876084e+01  2.44e+00 3.57e-01  1.30e+01  1.71e+01 1.56e-02  7.91e+03  1.17e-01 2.99e-03    107s
  54   5.25206297e+01  6.63883994e+01  2.48e+00 3.56e-01  1.29e+01  1.77e+01 1.56e-02  7.85e+03  1.15e-01 2.89e-03    109s
  55   5.21877413e+01  6.63891694e+01  2.52e+00 3.55e-01  1.29e+01  1.84e+01 1.56e-02  7.79e+03  1.12e-01 2.80e-03    111s
  56   5.18528030e+01  6.63899197e+01  2.57e+00 3.54e-01  1.29e+01  1.90e+01 1.56e-02  7.73e+03  1.10e-01 2.71e-03    113s
  57   5.15158579e+01  6.63906510e+01  2.61e+00 3.53e-01  1.28e+01  1.97e+01 1.56e-02  7.68e+03  1.07e-01 2.63e-03    115s
  58   5.11769499e+01  6.63913639e+01  2.66e+00 3.52e-01  1.28e+01  2.04e+01 1.56e-02  7.62e+03  1.05e-01 2.55e-03    116s
  59   5.08354406e+01  6.63920603e+01  2.70e+00 3.51e-01  1.28e+01  2.12e+01 1.56e-02  7.56e+03  1.03e-01 2.47e-03    117s
  60   5.04920430e+01  6.63927392e+01  2.75e+00 3.50e-01  1.28e+01  2.19e+01 1.56e-02  7.50e+03  1.01e-01 2.40e-03    119s
  61   5.01457647e+01  6.63934033e+01  2.79e+00 3.50e-01  1.27e+01  2.27e+01 1.56e-02  7.45e+03  9.87e-02 2.33e-03    121s
  62   4.97969704e+01  6.63940523e+01  2.84e+00 3.49e-01  1.27e+01  2.35e+01 1.56e-02  7.39e+03  9.66e-02 2.26e-03    123s
  63   4.94456870e+01  6.63946865e+01  2.89e+00 3.48e-01  1.27e+01  2.43e+01 1.56e-02  7.34e+03  9.47e-02 2.20e-03    125s
  64   4.90915878e+01  6.63953069e+01  2.93e+00 3.47e-01  1.27e+01  2.51e+01 1.56e-02  7.28e+03  9.27e-02 2.14e-03    127s
  65   4.87346901e+01  6.63959141e+01  2.98e+00 3.47e-01  1.26e+01  2.60e+01 1.56e-02  7.23e+03  9.08e-02 2.08e-03    129s
  66   4.83746513e+01  6.63965088e+01  3.03e+00 3.46e-01  1.26e+01  2.69e+01 1.56e-02  7.18e+03  8.90e-02 2.03e-03    131s
  67   4.80114783e+01  6.63970914e+01  3.08e+00 3.45e-01  1.26e+01  2.78e+01 1.56e-02  7.12e+03  8.72e-02 1.97e-03    134s
  68   4.76451783e+01  6.63976622e+01  3.13e+00 3.45e-01  1.26e+01  2.88e+01 1.56e-02  7.07e+03  8.54e-02 1.92e-03    136s
  69   4.72753888e+01  6.63982221e+01  3.18e+00 3.44e-01  1.25e+01  2.97e+01 1.56e-02  7.01e+03  8.37e-02 1.88e-03    138s
  70   4.69017321e+01  6.63987717e+01  3.23e+00 3.43e-01  1.25e+01  3.07e+01 1.56e-02  6.96e+03  8.21e-02 1.83e-03    140s
  71   4.65245687e+01  6.63993109e+01  3.28e+00 3.43e-01  1.25e+01  3.18e+01 1.56e-02  6.91e+03  8.04e-02 1.79e-03    142s
  72   4.61438947e+01  6.63998399e+01  3.33e+00 3.42e-01  1.25e+01  3.28e+01 1.56e-02  6.86e+03  7.88e-02 1.74e-03    144s
  73   4.57585513e+01  6.64003604e+01  3.38e+00 3.42e-01  1.25e+01  3.39e+01 1.56e-02  6.80e+03  7.73e-02 1.70e-03    146s
  74   4.53692733e+01  6.64008716e+01  3.43e+00 3.41e-01  1.24e+01  3.50e+01 1.56e-02  6.75e+03  7.58e-02 1.66e-03    148s
  75   4.49760436e+01  6.64013737e+01  3.48e+00 3.40e-01  1.24e+01  3.62e+01 1.56e-02  6.70e+03  7.43e-02 1.62e-03    149s
  76   4.45776511e+01  6.64018683e+01  3.54e+00 3.40e-01  1.24e+01  3.74e+01 1.56e-02  6.65e+03  7.28e-02 1.59e-03    151s
  77   4.41748411e+01  6.64023547e+01  3.59e+00 3.39e-01  1.24e+01  3.86e+01 1.56e-02  6.59e+03  7.14e-02 1.55e-03    153s
  78   4.37667658e+01  6.64028339e+01  3.65e+00 3.39e-01  1.24e+01  3.99e+01 1.56e-02  6.54e+03  7.00e-02 1.52e-03    155s
  79   4.33537754e+01  6.64033056e+01  3.70e+00 3.38e-01  1.23e+01  4.12e+01 1.56e-02  6.49e+03  6.86e-02 1.49e-03    156s
  80   4.29349844e+01  6.64037709e+01  3.76e+00 3.38e-01  1.23e+01  4.26e+01 1.56e-02  6.44e+03  6.73e-02 1.46e-03    158s
  81   4.25107348e+01  6.64042294e+01  3.82e+00 3.37e-01  1.23e+01  4.40e+01 1.56e-02  6.39e+03  6.60e-02 1.43e-03    160s
  82   4.20805297e+01  6.64046816e+01  3.87e+00 3.37e-01  1.23e+01  4.54e+01 1.56e-02  6.33e+03  6.47e-02 1.40e-03    162s
  83   4.16442834e+01  6.64051277e+01  3.93e+00 3.36e-01  1.23e+01  4.69e+01 1.56e-02  6.28e+03  6.34e-02 1.38e-03    165s
  84   4.12010221e+01  6.64055687e+01  3.99e+00 3.36e-01  1.23e+01  4.85e+01 1.56e-02  6.23e+03  6.21e-02 1.35e-03    167s
  85   4.07515178e+01  6.64060037e+01  4.05e+00 3.36e-01  1.22e+01  5.01e+01 1.56e-02  6.18e+03  6.09e-02 1.32e-03    169s
  86   4.02943083e+01  6.64064342e+01  4.12e+00 3.35e-01  1.22e+01  5.17e+01 1.56e-02  6.12e+03  5.97e-02 1.30e-03    172s
  87   3.98297024e+01  6.64068597e+01  4.18e+00 3.35e-01  1.22e+01  5.35e+01 1.56e-02  6.07e+03  5.85e-02 1.28e-03    174s
  88   3.93575620e+01  6.64072803e+01  4.24e+00 3.34e-01  1.22e+01  5.53e+01 1.56e-02  6.02e+03  5.74e-02 1.26e-03    177s
  89   3.88763028e+01  6.64076973e+01  4.31e+00 3.34e-01  1.22e+01  5.71e+01 1.56e-02  5.97e+03  5.62e-02 1.24e-03    179s
  90   3.83866877e+01  6.64081100e+01  4.37e+00 3.33e-01  1.22e+01  5.91e+01 1.56e-02  5.91e+03  5.51e-02 1.22e-03    181s
  91   3.78880438e+01  6.64085187e+01  4.44e+00 3.33e-01  1.22e+01  6.11e+01 1.56e-02  5.86e+03  5.40e-02 1.20e-03    183s
  92   3.73791492e+01  6.64089244e+01  4.51e+00 3.33e-01  1.21e+01  6.31e+01 1.56e-02  5.81e+03  5.29e-02 1.18e-03    186s
  93   3.68597382e+01  6.64093270e+01  4.58e+00 3.32e-01  1.21e+01  6.53e+01 1.56e-02  5.75e+03  5.18e-02 1.16e-03    188s
  94   3.63295360e+01  6.64097266e+01  4.65e+00 3.32e-01  1.21e+01  6.76e+01 1.56e-02  5.70e+03  5.08e-02 1.15e-03    190s
  95   3.57871741e+01  6.64101239e+01  4.73e+00 3.31e-01  1.21e+01  7.00e+01 1.56e-02  5.64e+03  4.97e-02 1.13e-03    191s
  96   3.52328487e+01  6.64105186e+01  4.80e+00 3.31e-01  1.21e+01  7.24e+01 1.56e-02  5.59e+03  4.87e-02 1.12e-03    193s
  97   3.46645178e+01  6.64109118e+01  4.88e+00 3.31e-01  1.21e+01  7.50e+01 1.56e-02  5.53e+03  4.77e-02 1.10e-03    195s
  98   3.40823050e+01  6.64113032e+01  4.96e+00 3.30e-01  1.21e+01  7.77e+01 1.56e-02  5.48e+03  4.67e-02 1.09e-03    198s
  99   3.34845749e+01  6.64116935e+01  5.04e+00 3.30e-01  1.21e+01  8.05e+01 1.56e-02  5.42e+03  4.57e-02 1.08e-03    200s
