
================= Linear optimization problem Information =================
Number of variables:     8
Number of constraints:   2

Norm of primal sol:      7.86e+00
Norm of dual sol:        1.00e+01
Norm of dual slacks:     5.00e+00

Norm of vector b:        1.00e+01
Norm of vector c:        2.04e+01

Norm of matrix A:        2.00e+00
Condition number:        3.20e+01
Seed:                    98

======================= Linear optimization problem =======================
coeff matrix A:          [[+0.619 -0.530 -0.186 +0.175 +0.323 +0.513 -0.032 +0.729]
                          [+0.718 -0.668 -0.269 +0.153 +0.424 +0.629 -0.010 +0.861]]

RHS vector b:            [+6.424 +7.664]
Obj vector c:            [-8.932 +11.083 +3.182 +1.983 -5.123 -7.724 +0.207 -10.673]

============================ Optimal solution =============================
Primal variables:        [+5.261 +0.000 +2.164 +0.000 +3.577 +0.854 +2.792 +2.835]
Dual slacks:             [+0.000 +2.939 +0.000 +4.045 +0.000 +0.000 +0.000 +0.000]
Dual variables:          [-3.627 -9.319]

Optimal objective:       -9.47184904e+01
===========================================================================

Method:             II-QIPM
LO_Precision:       1.00e-01
Stop_Precision:     1.00e-03
LO_Verbosity:       2
Omega:              1.00e+01
num_ancillae:       4

The Quantum Inexact Infeasible Interior-Point Method starts running ...


                  Objective                Residual                      Quantum                    Step-length
Iter      Primal           Dual         Primal    Dual     Compl    ||Resl||   Prob    Cond-Num   a-star   a-hat      Time
   0  -6.62980895e+01 -1.05543183e+02  3.67e+00 9.87e+00  2.76e+02 *4.71e-01 1.56e-02  1.02e+03  8.76e-01 7.48e-01      1s
   1  -6.66094216e+01 -1.06627286e+02  3.23e+00 8.68e+00  2.46e+02 *3.70e-01 1.56e-02  8.76e+02  7.28e-01 1.21e-01      3s
   2  -6.74518204e+01 -1.07321465e+02  2.88e+00 7.72e+00  2.22e+02 *3.75e-01 1.56e-02  7.88e+02  7.11e-01 1.10e-01      4s
   3  -6.86285720e+01 -1.07750195e+02  2.59e+00 6.91e+00  2.01e+02 *3.88e-01 1.55e-02  7.08e+02  6.98e-01 1.05e-01      6s
   4  -7.00167143e+01 -1.07962039e+02  2.33e+00 6.21e+00  1.83e+02 *4.06e-01 1.51e-02  6.35e+02  6.90e-01 1.02e-01      7s
   5  -7.12762902e+01 -1.08004179e+02  2.08e+00 5.59e+00  1.66e+02  5.13e-01 2.14e-03  5.71e+02  6.82e-01 9.99e-02      8s
   6  -7.31312041e+01 -1.07831088e+02  1.87e+00 4.99e+00  1.50e+02  4.48e-01 1.47e-02  5.18e+02  6.93e-01 1.07e-01     10s
   7  -7.50862001e+01 -1.07466747e+02  1.68e+00 4.42e+00  1.35e+02  4.65e-01 1.54e-02  4.74e+02  7.05e-01 1.14e-01     11s
   8  -7.71964122e+01 -1.06876638e+02  1.48e+00 3.85e+00  1.19e+02  4.78e-01 1.55e-02  4.39e+02  7.29e-01 1.29e-01     12s
   9  -7.95451591e+01 -1.05985268e+02  1.28e+00 3.24e+00  1.02e+02  4.83e-01 1.56e-02  4.13e+02  7.67e-01 1.57e-01     14s
  10  -8.23165597e+01 -1.04620775e+02  1.05e+00 2.55e+00  8.24e+01  4.71e-01 1.56e-02  3.97e+02  8.28e-01 2.15e-01     15s
  11  -8.61370326e+01 -1.02241592e+02  7.51e-01 1.60e+00  5.44e+01  4.28e-01 1.56e-02  3.92e+02  8.82e-01 3.74e-01     17s
  12  -9.03526860e+01 -9.90928480e+01  4.19e-01 6.01e-01  2.35e+01  2.81e-01 1.56e-02  3.95e+02  8.26e-01 6.23e-01     18s
  13  -9.06427808e+01 -9.89517850e+01  3.74e-01 5.65e-01  2.22e+01  3.68e-01 1.56e-02  3.16e+02  5.44e-01 6.08e-02     20s
  14  -9.08672754e+01 -9.88500532e+01  3.39e-01 5.39e-01  2.13e+01  4.91e-01 1.56e-02  2.94e+02  5.14e-01 4.61e-02     22s
  15  -9.10715097e+01 -9.87629667e+01  3.05e-01 5.17e-01  2.05e+01  6.00e-01 1.56e-02  2.75e+02  4.91e-01 4.09e-02     23s
  16  -9.12597985e+01 -9.86874100e+01  2.75e-01 4.98e-01  1.98e+01  7.11e-01 1.56e-02  2.58e+02  4.70e-01 3.65e-02     25s
  17  -9.14350300e+01 -9.86212367e+01  2.47e-01 4.81e-01  1.92e+01  8.25e-01 1.56e-02  2.42e+02  4.50e-01 3.28e-02     27s
  18  -9.15995328e+01 -9.85627719e+01  2.22e-01 4.67e-01  1.87e+01  9.41e-01 1.56e-02  2.27e+02  4.31e-01 2.95e-02     28s
  19  -9.17553628e+01 -9.85106411e+01  2.00e-01 4.55e-01  1.83e+01  1.06e+00 1.56e-02  2.12e+02  4.14e-01 2.68e-02     29s
  20  -9.19039277e+01 -9.84638494e+01  1.83e-01 4.44e-01  1.79e+01  1.18e+00 1.55e-02  1.99e+02  3.99e-01 2.44e-02     31s
  21  -9.20466849e+01 -9.84215026e+01  1.70e-01 4.34e-01  1.75e+01  1.31e+00 1.55e-02  1.87e+02  3.84e-01 2.23e-02     32s
  22  -9.21844647e+01 -9.83829941e+01  1.63e-01 4.25e-01  1.72e+01  1.44e+00 1.55e-02  1.75e+02  3.70e-01 2.04e-02     33s
  23  -9.23183650e+01 -9.83477109e+01  1.62e-01 4.17e-01  1.69e+01  1.57e+00 1.55e-02  1.65e+02  3.57e-01 1.88e-02     34s
  24  -9.24488278e+01 -9.83152794e+01  1.66e-01 4.10e-01  1.66e+01  1.71e+00 1.54e-02  1.55e+02  3.45e-01 1.73e-02     36s
  25  -9.25765978e+01 -9.82852888e+01  1.76e-01 4.03e-01  1.64e+01  1.85e+00 1.54e-02  1.46e+02  3.34e-01 1.60e-02     38s
  26  -9.27022128e+01 -9.82574229e+01  1.89e-01 3.97e-01  1.62e+01  2.00e+00 1.54e-02  1.37e+02  3.24e-01 1.49e-02     40s
  27  -9.28261497e+01 -9.82314124e+01  2.06e-01 3.92e-01  1.60e+01  2.15e+00 1.53e-02  1.29e+02  3.14e-01 1.39e-02     41s
  28  -9.29485914e+01 -9.82070757e+01  2.25e-01 3.87e-01  1.58e+01  2.30e+00 1.53e-02  1.22e+02  3.04e-01 1.29e-02     42s
  29  -9.30700453e+01 -9.81841845e+01  2.46e-01 3.82e-01  1.56e+01  2.46e+00 1.52e-02  1.15e+02  2.96e-01 1.21e-02     43s
  30  -9.31906246e+01 -9.81626078e+01  2.68e-01 3.78e-01  1.54e+01  2.63e+00 1.52e-02  1.09e+02  2.87e-01 1.13e-02     45s
  31  -9.33107737e+01 -9.81421680e+01  2.91e-01 3.74e-01  1.53e+01  2.79e+00 1.51e-02  1.03e+02  2.79e-01 1.07e-02     46s
  32  -9.34305594e+01 -9.81227696e+01  3.15e-01 3.70e-01  1.52e+01  2.97e+00 1.51e-02  9.79e+01  2.72e-01 1.00e-02     47s
  33  -9.35501463e+01 -9.81043083e+01  3.39e-01 3.66e-01  1.50e+01  3.14e+00 1.50e-02  9.29e+01  2.65e-01 9.45e-03     48s
  34  -9.36698026e+01 -9.80866745e+01  3.64e-01 3.63e-01  1.49e+01  3.32e+00 1.50e-02  8.82e+01  2.58e-01 8.93e-03     50s
  35  -9.37896678e+01 -9.80697879e+01  3.88e-01 3.60e-01  1.48e+01  3.51e+00 1.49e-02  8.39e+01  2.52e-01 8.46e-03     51s
  36  -9.39097508e+01 -9.80535929e+01  4.14e-01 3.57e-01  1.47e+01  3.70e+00 1.49e-02  7.98e+01  2.46e-01 8.01e-03     52s
  37  -9.40302885e+01 -9.80380081e+01  4.39e-01 3.54e-01  1.46e+01  3.90e+00 1.48e-02  7.60e+01  2.40e-01 7.61e-03     53s
  38  -9.41512738e+01 -9.80229907e+01  4.64e-01 3.52e-01  1.45e+01  4.10e+00 1.47e-02  7.25e+01  2.35e-01 7.23e-03     54s
  39  -9.42728108e+01 -9.80084873e+01  4.90e-01 3.49e-01  1.44e+01  4.30e+00 1.47e-02  6.92e+01  2.30e-01 6.89e-03     55s
  40  -9.43951223e+01 -9.79944355e+01  5.16e-01 3.47e-01  1.43e+01  4.51e+00 1.46e-02  6.61e+01  2.25e-01 6.57e-03     57s
  41  -9.45181882e+01 -9.79808057e+01  5.41e-01 3.45e-01  1.42e+01  4.72e+00 1.46e-02  6.32e+01  2.20e-01 6.28e-03     59s
  42  -9.46419810e+01 -9.79675712e+01  5.67e-01 3.43e-01  1.42e+01  4.94e+00 1.45e-02  6.04e+01  2.16e-01 6.00e-03     60s
  43  -9.47667161e+01 -9.79546815e+01  5.93e-01 3.41e-01  1.41e+01  5.16e+00 1.44e-02  5.79e+01  2.12e-01 5.75e-03     62s
  44  -9.48923640e+01 -9.79421154e+01  6.19e-01 3.39e-01  1.40e+01  5.39e+00 1.44e-02  5.55e+01  2.07e-01 5.51e-03     63s
  45  -9.50190168e+01 -9.79298412e+01  6.45e-01 3.37e-01  1.39e+01  5.62e+00 1.44e-02  5.32e+01  2.04e-01 5.29e-03     65s
  46  -9.51467684e+01 -9.79178295e+01  6.72e-01 3.35e-01  1.39e+01  5.85e+00 1.43e-02  5.11e+01  2.00e-01 5.08e-03     66s
  47  -9.52755862e+01 -9.79060647e+01  6.98e-01 3.34e-01  1.38e+01  6.09e+00 1.43e-02  4.91e+01  1.96e-01 4.89e-03     68s
  48  -9.54055639e+01 -9.78945211e+01  7.24e-01 3.32e-01  1.38e+01  6.33e+00 1.43e-02  4.72e+01  1.93e-01 4.71e-03     69s
  49  -9.55367989e+01 -9.78831744e+01  7.51e-01 3.31e-01  1.37e+01  6.58e+00 1.42e-02  4.54e+01  1.90e-01 4.55e-03     70s
  50  -9.56692600e+01 -9.78720130e+01  7.77e-01 3.29e-01  1.36e+01  6.83e+00 1.42e-02  4.38e+01  1.87e-01 4.39e-03     72s
  51  -9.58029136e+01 -9.78610263e+01  8.04e-01 3.28e-01  1.36e+01  7.08e+00 1.42e-02  4.22e+01  1.84e-01 4.24e-03     73s
  52  -9.59381284e+01 -9.78501715e+01  8.31e-01 3.27e-01  1.35e+01  7.34e+00 1.43e-02  4.07e+01  1.81e-01 4.11e-03     74s
  53  -9.60746119e+01 -9.78394617e+01  8.57e-01 3.25e-01  1.35e+01  7.60e+00 1.43e-02  3.92e+01  1.78e-01 3.98e-03     75s
  54  -9.62127436e+01 -9.78288565e+01  8.84e-01 3.24e-01  1.34e+01  7.86e+00 1.44e-02  3.79e+01  1.76e-01 3.86e-03     77s
  55  -9.63523674e+01 -9.78183591e+01  9.11e-01 3.23e-01  1.34e+01  8.13e+00 1.44e-02  3.66e+01  1.73e-01 3.75e-03     79s
  56  -9.64934585e+01 -9.78079624e+01  9.39e-01 3.22e-01  1.34e+01  8.40e+00 1.46e-02  3.54e+01  1.71e-01 3.64e-03     81s
  57  -9.66364194e+01 -9.77976286e+01  9.66e-01 3.20e-01  1.33e+01  8.67e+00 1.47e-02  3.42e+01  1.69e-01 3.55e-03     82s
  58  -9.67810987e+01 -9.77873620e+01  9.94e-01 3.19e-01  1.33e+01  8.94e+00 1.48e-02  3.31e+01  1.67e-01 3.46e-03     83s
  59  -9.69276285e+01 -9.77771467e+01  1.02e+00 3.18e-01  1.32e+01  9.21e+00 1.50e-02  3.21e+01  1.65e-01 3.37e-03     85s
  60  -9.70760006e+01 -9.77669770e+01  1.05e+00 3.17e-01  1.32e+01  9.49e+00 1.53e-02  3.11e+01  1.63e-01 3.29e-03     86s
  61  -9.72265068e+01 -9.77568276e+01  1.08e+00 3.16e-01  1.32e+01  9.76e+00 1.56e-02  3.01e+01  1.62e-01 3.22e-03     88s
  62  -9.73791530e+01 -9.77466932e+01  1.11e+00 3.15e-01  1.31e+01  1.00e+01 1.59e-02  2.92e+01  1.60e-01 3.15e-03     90s
  63  -9.75340997e+01 -9.77365590e+01  1.13e+00 3.14e-01  1.31e+01  1.03e+01 1.63e-02  2.83e+01  1.58e-01 3.09e-03     91s
  64  -9.76913604e+01 -9.77264200e+01  1.16e+00 3.13e-01  1.30e+01  1.06e+01 1.67e-02  2.75e+01  1.57e-01 3.04e-03     93s
  65  -9.78511082e+01 -9.77162615e+01  1.19e+00 3.12e-01  1.30e+01  1.09e+01 1.72e-02  2.67e+01  1.56e-01 2.98e-03     95s
  66  -9.80135275e+01 -9.77060685e+01  1.22e+00 3.11e-01  1.30e+01  1.11e+01 1.77e-02  2.59e+01  1.55e-01 2.94e-03     96s
  67  -9.81788149e+01 -9.76958260e+01  1.25e+00 3.11e-01  1.29e+01  1.14e+01 1.84e-02  2.52e+01  1.54e-01 2.90e-03     98s
  68  -9.83470116e+01 -9.76855290e+01  1.28e+00 3.10e-01  1.29e+01  1.17e+01 1.91e-02  2.45e+01  1.53e-01 2.86e-03     99s
  69  -9.85185023e+01 -9.76751520e+01  1.31e+00 3.09e-01  1.29e+01  1.20e+01 1.99e-02  2.38e+01  1.52e-01 2.83e-03    101s
  70  -9.86933502e+01 -9.76646894e+01  1.34e+00 3.08e-01  1.28e+01  1.22e+01 2.08e-02  2.32e+01  1.51e-01 2.80e-03    103s
  71  -9.88717982e+01 -9.76541254e+01  1.37e+00 3.07e-01  1.28e+01  1.25e+01 2.18e-02  2.26e+01  1.50e-01 2.78e-03    104s
  72  -9.90541056e+01 -9.76434433e+01  1.40e+00 3.06e-01  1.28e+01  1.27e+01 2.29e-02  2.20e+01  1.50e-01 2.76e-03    106s
  73  -9.92403628e+01 -9.76326369e+01  1.44e+00 3.05e-01  1.27e+01  1.30e+01 2.41e-02  2.14e+01  1.50e-01 2.75e-03    108s
  74  -9.94312338e+01 -9.76216671e+01  1.47e+00 3.04e-01  1.27e+01  1.32e+01 2.54e-02  2.09e+01  1.49e-01 2.75e-03    109s
  75  -9.96268531e+01 -9.76105259e+01  1.50e+00 3.04e-01  1.27e+01  1.35e+01 2.69e-02  2.03e+01  1.49e-01 2.74e-03    110s
  76  -9.98275587e+01 -9.75991940e+01  1.53e+00 3.03e-01  1.26e+01  1.37e+01 2.85e-02  1.98e+01  1.49e-01 2.75e-03    112s
  77  -1.00033919e+02 -9.75876395e+01  1.57e+00 3.02e-01  1.26e+01  1.39e+01 3.03e-02  1.93e+01  1.50e-01 2.76e-03    114s
  78  -1.00245914e+02 -9.75758638e+01  1.60e+00 3.01e-01  1.26e+01  1.41e+01 3.21e-02  1.89e+01  1.50e-01 2.77e-03    115s
  79  -1.00464596e+02 -9.75638088e+01  1.64e+00 3.00e-01  1.26e+01  1.44e+01 3.42e-02  1.84e+01  1.51e-01 2.80e-03    117s
  80  -1.00690224e+02 -9.75514613e+01  1.68e+00 2.99e-01  1.25e+01  1.45e+01 3.64e-02  1.80e+01  1.51e-01 2.83e-03    119s
  81  -1.00923528e+02 -9.75387820e+01  1.71e+00 2.99e-01  1.25e+01  1.47e+01 3.88e-02  1.75e+01  1.52e-01 2.87e-03    120s
  82  -1.01165065e+02 -9.75257419e+01  1.75e+00 2.98e-01  1.25e+01  1.49e+01 4.13e-02  1.71e+01  1.53e-01 2.92e-03    122s
  83  -1.01415433e+02 -9.75123096e+01  1.79e+00 2.97e-01  1.24e+01  1.50e+01 4.41e-02  1.67e+01  1.55e-01 2.97e-03    124s
  84  -1.01676055e+02 -9.74984100e+01  1.83e+00 2.96e-01  1.24e+01  1.52e+01 4.70e-02  1.63e+01  1.56e-01 3.04e-03    125s
  85  -1.01947435e+02 -9.74840176e+01  1.87e+00 2.95e-01  1.24e+01  1.53e+01 5.01e-02  1.60e+01  1.58e-01 3.12e-03    126s
  86  -1.02230659e+02 -9.74690758e+01  1.92e+00 2.94e-01  1.23e+01  1.54e+01 5.33e-02  1.56e+01  1.60e-01 3.22e-03    128s
  87  -1.02527221e+02 -9.74535070e+01  1.96e+00 2.93e-01  1.23e+01  1.54e+01 5.67e-02  1.52e+01  1.63e-01 3.33e-03    129s
  88  -1.02838160e+02 -9.74372575e+01  2.01e+00 2.92e-01  1.22e+01  1.55e+01 6.03e-02  1.49e+01  1.65e-01 3.45e-03    130s
  89  -1.03165581e+02 -9.74202178e+01  2.06e+00 2.91e-01  1.22e+01  1.55e+01 6.41e-02  1.46e+01  1.69e-01 3.61e-03    132s
  90  -1.03511173e+02 -9.74023001e+01  2.11e+00 2.90e-01  1.22e+01  1.55e+01 6.80e-02  1.42e+01  1.72e-01 3.78e-03    134s
  91  -1.03877169e+02 -9.73833885e+01  2.16e+00 2.89e-01  1.21e+01  1.55e+01 7.20e-02  1.39e+01  1.76e-01 3.98e-03    135s
  92  -1.04266079e+02 -9.73633518e+01  2.21e+00 2.88e-01  1.21e+01  1.54e+01 7.62e-02  1.36e+01  1.81e-01 4.22e-03    137s
  93  -1.04680729e+02 -9.73420422e+01  2.27e+00 2.86e-01  1.20e+01  1.54e+01 8.04e-02  1.33e+01  1.86e-01 4.50e-03    138s
  94  -1.05124750e+02 -9.73192693e+01  2.33e+00 2.85e-01  1.20e+01  1.53e+01 8.46e-02  1.30e+01  1.92e-01 4.82e-03    140s
  95  -1.05602293e+02 -9.72948151e+01  2.40e+00 2.83e-01  1.19e+01  1.51e+01 8.89e-02  1.27e+01  1.99e-01 5.21e-03    142s
  96  -1.06118638e+02 -9.72684018e+01  2.47e+00 2.82e-01  1.18e+01  1.49e+01 9.31e-02  1.25e+01  2.06e-01 5.68e-03    143s
  97  -1.06678799e+02 -9.72397638e+01  2.55e+00 2.80e-01  1.18e+01  1.47e+01 9.72e-02  1.22e+01  2.15e-01 6.22e-03    144s
  98  -1.07290298e+02 -9.72085051e+01  2.63e+00 2.78e-01  1.17e+01  1.45e+01 1.01e-01  1.19e+01  2.25e-01 6.88e-03    145s
  99  -1.07962008e+02 -9.71741601e+01  2.72e+00 2.76e-01  1.16e+01  1.42e+01 1.05e-01  1.17e+01  2.35e-01 7.69e-03    147s
 100  -1.08703686e+02 -9.71362188e+01  2.81e+00 2.74e-01  1.15e+01  1.40e+01 1.08e-01  1.14e+01  2.48e-01 8.67e-03    149s
