
================= Linear optimization problem Information =================
Number of variables:     8
Number of constraints:   2

Norm of primal sol:      4.74e+01
Norm of dual sol:        1.00e+01
Norm of dual slacks:     5.00e+00

Norm of vector b:        1.00e+01
Norm of vector c:        7.84e+00

Norm of matrix A:        2.02e+00
Condition number:        8.00e+00
Seed:                    69

======================= Linear optimization problem =======================
coeff matrix A:          [[-0.389 +0.215 -0.577 -0.162 +0.049 +0.194 -0.278 -0.749]
                          [+0.541 -0.537 +0.679 +0.024 -0.195 -0.377 +0.225 +1.246]]

RHS vector b:            [-7.257 -6.880]
Obj vector c:            [+5.304 -2.623 +1.306 -0.885 -1.148 +1.694 -0.140 +4.440]

============================ Optimal solution =============================
Primal variables:        [+0.000 +29.157 +12.622 +28.448 +20.229 +0.000 +3.783 +2.107]
Dual slacks:             [+3.798 +0.000 +0.000 +0.000 +0.000 +3.251 +0.000 +0.000]
Dual variables:          [+6.589 +7.522]

Optimal objective:       -9.95704352e+01
===========================================================================

Method:             II-QIPM
LO_Precision:       1.00e-01
Stop_Precision:     1.00e-03
LO_Verbosity:       2
Omega:              1.00e+01
num_ancillae:       4

The Quantum Inexact Infeasible Interior-Point Method starts running ...


                  Objective                Residual                      Quantum                    Step-length
Iter      Primal           Dual         Primal    Dual     Compl    ||Resl||   Prob    Cond-Num   a-star   a-hat      Time
   0   2.39959377e+01  4.63327874e+00  1.13e+01 1.17e+01  3.63e+02  3.51e+00 1.48e-02  6.40e+01  6.76e-01 5.60e-01      2s
   1   1.98320693e+01  4.27515510e+00  1.07e+01 1.11e+01  3.45e+02 *1.09e+00 1.56e-02  3.27e+01  4.71e-01 5.25e-02      4s
   2   1.66096031e+01  3.94509622e+00  1.03e+01 1.06e+01  3.33e+02 *7.31e-01 1.56e-02  3.31e+01  4.74e-01 3.99e-02      6s
   3   1.32597550e+01  3.56751268e+00  9.84e+00 1.02e+01  3.20e+02 *4.45e-01 1.56e-02  3.35e+01  4.77e-01 4.10e-02      8s
   4   9.75499004e+00  3.14206121e+00  9.43e+00 9.74e+00  3.08e+02 *1.39e-01 1.56e-02  3.40e+01  4.81e-01 4.23e-02     11s
   5   6.07190282e+00  2.66918843e+00  9.01e+00 9.32e+00  2.96e+02 *1.92e-01 1.56e-02  3.46e+01  4.86e-01 4.39e-02     13s
   6   2.17650824e+00  2.14857596e+00  8.59e+00 8.89e+00  2.83e+02 *5.52e-01 1.56e-02  3.54e+01  4.91e-01 4.58e-02     15s
   7  -1.96628211e+00  1.58050099e+00  8.17e+00 8.46e+00  2.71e+02 *9.51e-01 1.56e-02  3.62e+01  4.97e-01 4.81e-02     16s
   8  -6.40190837e+00  9.64982407e-01  7.74e+00 8.03e+00  2.58e+02 *1.40e+00 1.56e-02  3.72e+01  5.03e-01 5.07e-02     18s
   9  -1.11752688e+01  3.03769814e-01  7.30e+00 7.60e+00  2.45e+02 *1.91e+00 1.56e-02  3.83e+01  5.09e-01 5.36e-02     20s
  10  -1.63459657e+01 -4.01099880e-01  6.86e+00 7.17e+00  2.32e+02 *2.51e+00 1.56e-02  3.95e+01  5.15e-01 5.69e-02     21s
  11  -2.19884226e+01 -1.14642756e+00  6.42e+00 6.74e+00  2.19e+02 *3.21e+00 1.56e-02  4.07e+01  5.19e-01 6.05e-02     23s
  12  -2.81919780e+01 -1.92667792e+00  5.98e+00 6.30e+00  2.06e+02 *4.06e+00 1.56e-02  4.20e+01  5.22e-01 6.43e-02     25s
  13  -3.50538292e+01 -2.73185370e+00  5.56e+00 5.87e+00  1.93e+02 *5.12e+00 1.56e-02  4.32e+01  5.23e-01 6.80e-02     26s
  14  -4.27049110e+01 -3.54960823e+00  5.18e+00 5.45e+00  1.80e+02 *6.46e+00 1.56e-02  4.44e+01  5.20e-01 7.14e-02     27s
  15  -5.12745273e+01 -4.36064918e+00  4.89e+00 5.05e+00  1.67e+02 *8.19e+00 1.55e-02  4.53e+01  5.12e-01 7.39e-02     29s
  16  -6.09035018e+01 -5.14210630e+00  4.76e+00 4.67e+00  1.55e+02 *1.05e+01 1.55e-02  4.60e+01  4.82e-01 7.48e-02     31s
  17  -7.17024318e+01 -5.86816624e+00  4.87e+00 4.33e+00  1.43e+02 *1.35e+01 1.55e-02  4.62e+01  4.40e-01 7.33e-02     33s
  18  -8.37025226e+01 -6.51470769e+00  5.30e+00 4.03e+00  1.33e+02 *1.77e+01 1.55e-02  4.60e+01  3.95e-01 6.90e-02     35s
  19  -9.68174186e+01 -7.06607040e+00  6.07e+00 3.78e+00  1.25e+02 *2.31e+01 1.55e-02  4.53e+01  3.51e-01 6.20e-02     37s
  20  -1.10840304e+02 -7.51931380e+00  7.12e+00 3.58e+00  1.18e+02 *3.03e+01 1.55e-02  4.42e+01  3.08e-01 5.34e-02     39s
  21  -1.25555648e+02 -7.88465682e+00  8.40e+00 3.42e+00  1.12e+02 *3.94e+01 1.54e-02  4.28e+01  2.69e-01 4.48e-02     41s
  22  -1.40739089e+02 -8.17712430e+00  9.84e+00 3.29e+00  1.08e+02 *5.04e+01 1.54e-02  4.12e+01  2.35e-01 3.68e-02     43s
  23  -1.56272386e+02 -8.41327153e+00  1.14e+01 3.19e+00  1.04e+02 *6.36e+01 1.54e-02  3.96e+01  2.06e-01 3.03e-02     45s
  24  -1.72113577e+02 -8.60707834e+00  1.30e+01 3.11e+00  1.01e+02 *7.88e+01 1.54e-02  3.80e+01  1.82e-01 2.51e-02     47s
  25  -1.88244572e+02 -8.76898824e+00  1.47e+01 3.05e+00  9.89e+01 *9.64e+01 1.54e-02  3.65e+01  1.61e-01 2.10e-02     49s
  26  -2.04731621e+02 -8.90727231e+00  1.65e+01 2.99e+00  9.70e+01 *1.16e+02 1.54e-02  3.50e+01  1.44e-01 1.78e-02     51s
  27  -2.21674204e+02 -9.02801839e+00  1.84e+01 2.95e+00  9.54e+01 *1.39e+02 1.54e-02  3.35e+01  1.29e-01 1.53e-02     53s
  28  -2.39193747e+02 -9.13574131e+00  2.03e+01 2.91e+00  9.40e+01 *1.65e+02 1.54e-02  3.21e+01  1.16e-01 1.33e-02     55s
  29  -2.57455789e+02 -9.23402261e+00  2.23e+01 2.88e+00  9.27e+01 *1.94e+02 1.55e-02  3.07e+01  1.04e-01 1.18e-02     57s
  30  -2.76699093e+02 -9.32594402e+00  2.45e+01 2.84e+00  9.16e+01 *2.27e+02 1.56e-02  2.92e+01  9.42e-02 1.06e-02     59s
  31  -2.97215147e+02 -9.41417422e+00  2.68e+01 2.82e+00  9.06e+01 *2.66e+02 1.58e-02  2.77e+01  8.52e-02 9.63e-03     61s
  32  -3.19519961e+02 -9.50188655e+00  2.94e+01 2.79e+00  8.96e+01 *3.11e+02 1.61e-02  2.62e+01  7.70e-02 8.95e-03     63s
  33  -3.44352032e+02 -9.59279640e+00  3.22e+01 2.77e+00  8.87e+01 *3.65e+02 1.66e-02  2.46e+01  6.95e-02 8.49e-03     65s
  34  -3.73186070e+02 -9.69337342e+00  3.55e+01 2.75e+00  8.78e+01 *4.31e+02 1.76e-02  2.29e+01  6.26e-02 8.38e-03     67s
  35  -4.09324448e+02 -9.81758136e+00  3.98e+01 2.72e+00  8.68e+01 *5.14e+02 1.96e-02  2.10e+01  5.62e-02 8.85e-03     69s
