
================= Linear optimization problem Information =================
Number of variables:     8
Number of constraints:   2

Norm of primal sol:      6.80e+01
Norm of dual sol:        1.00e+01
Norm of dual slacks:     5.00e+00

Norm of vector b:        1.00e+01
Norm of vector c:        1.76e+01

Norm of matrix A:        2.02e+00
Condition number:        8.00e+00
Seed:                    39

======================= Linear optimization problem =======================
coeff matrix A:          [[+0.746 -0.404 -0.409 +0.058 -0.340 -0.151 +0.415 -0.316]
                          [+0.920 -0.685 -0.535 +0.430 -0.600 -0.103 +0.676 -0.385]]

RHS vector b:            [-6.036 -7.973]
Obj vector c:            [+11.002 -7.742 -6.328 +4.281 -2.798 -1.429 +7.690 -1.531]

============================ Optimal solution =============================
Primal variables:        [+25.564 +37.298 +38.350 +5.705 +0.000 +24.565 +21.685 +0.000]
Dual slacks:             [+0.000 +0.000 +0.000 +0.000 +3.937 +0.000 +0.000 +3.083]
Dual variables:          [+2.976 +9.547]

Optimal objective:       -9.40795738e+01
===========================================================================

Method:             II-QIPM
LO_Precision:       1.00e-01
Stop_Precision:     1.00e-03
LO_Verbosity:       2
Omega:              1.00e+01
num_ancillae:       4

The Quantum Inexact Infeasible Interior-Point Method starts running ...


                  Objective                Residual                      Quantum                    Step-length
Iter      Primal           Dual         Primal    Dual     Compl    ||Resl||   Prob    Cond-Num   a-star   a-hat      Time
   0  -1.15834073e+01 -5.26547580e+01  1.96e+00 8.95e+00  2.61e+02  1.27e+00 1.56e-02  6.40e+01  8.36e-01 7.24e-01      2s
   1  -1.89634109e+01 -5.74659832e+01  1.79e+00 7.82e+00  2.31e+02  9.26e-01 1.56e-02  8.43e+01  7.12e-01 1.27e-01      4s
   2  -2.59009777e+01 -6.17683817e+01  1.64e+00 6.84e+00  2.05e+02  7.96e-01 1.56e-02  8.94e+01  7.18e-01 1.25e-01      5s
   3  -3.27148104e+01 -6.58196297e+01  1.49e+00 5.96e+00  1.81e+02  6.48e-01 1.56e-02  9.51e+01  7.24e-01 1.29e-01      7s
   4  -3.93597438e+01 -6.96207395e+01  1.33e+00 5.15e+00  1.59e+02  4.70e-01 1.56e-02  1.02e+02  7.32e-01 1.35e-01      9s
   5  -4.57484056e+01 -7.31431726e+01  1.17e+00 4.43e+00  1.39e+02  2.57e-01 1.56e-02  1.10e+02  7.39e-01 1.40e-01     10s
   6  -5.17903376e+01 -7.63543981e+01  1.00e+00 3.79e+00  1.20e+02  2.21e-03 1.56e-02  1.19e+02  7.44e-01 1.45e-01     12s
   7  -5.73872610e+01 -7.92167909e+01  8.21e-01 3.23e+00  1.04e+02  3.03e-01 1.56e-02  1.29e+02  7.45e-01 1.48e-01     13s
   8  -6.24521648e+01 -8.16999839e+01  6.32e-01 2.75e+00  9.03e+01  6.68e-01 1.56e-02  1.42e+02  7.42e-01 1.48e-01     15s
   9  -6.69433615e+01 -8.37988834e+01  4.54e-01 2.36e+00  7.84e+01  1.10e+00 1.56e-02  1.56e+02  7.34e-01 1.44e-01     16s
  10  -7.08614017e+01 -8.55307729e+01  3.61e-01 2.03e+00  6.86e+01  1.61e+00 1.56e-02  1.71e+02  7.19e-01 1.37e-01     17s
  11  -7.42360811e+01 -8.69277675e+01  4.55e-01 1.77e+00  6.06e+01  2.20e+00 1.56e-02  1.87e+02  6.75e-01 1.27e-01     18s
  12  -7.71215300e+01 -8.80331487e+01  6.84e-01 1.57e+00  5.42e+01  2.90e+00 1.56e-02  2.03e+02  6.23e-01 1.15e-01     19s
  13  -7.95914859e+01 -8.88972057e+01  9.70e-01 1.41e+00  4.92e+01  3.72e+00 1.56e-02  2.17e+02  5.72e-01 1.01e-01     21s
  14  -8.17107166e+01 -8.95649201e+01  1.28e+00 1.29e+00  4.52e+01  4.66e+00 1.56e-02  2.28e+02  5.23e-01 8.65e-02     22s
  15  -8.35481050e+01 -9.00800024e+01  1.60e+00 1.20e+00  4.22e+01  5.75e+00 1.56e-02  2.37e+02  4.78e-01 7.30e-02     24s
  16  -8.51593419e+01 -9.04781307e+01  1.93e+00 1.12e+00  3.98e+01  6.98e+00 1.56e-02  2.42e+02  4.38e-01 6.10e-02     25s
  17  -8.65953614e+01 -9.07891886e+01  2.25e+00 1.07e+00  3.79e+01  8.35e+00 1.56e-02  2.45e+02  4.03e-01 5.09e-02     27s
  18  -8.78918647e+01 -9.10348751e+01  2.57e+00 1.02e+00  3.64e+01  9.85e+00 1.56e-02  2.46e+02  3.72e-01 4.25e-02     28s
  19  -8.90821056e+01 -9.12324175e+01  2.89e+00 9.84e-01  3.52e+01  1.15e+01 1.56e-02  2.47e+02  3.46e-01 3.58e-02     29s
  20  -9.01847532e+01 -9.13931448e+01  3.20e+00 9.54e-01  3.42e+01  1.32e+01 1.56e-02  2.46e+02  3.23e-01 3.03e-02     31s
  21  -9.12197897e+01 -9.15262453e+01  3.51e+00 9.29e-01  3.34e+01  1.50e+01 1.56e-02  2.45e+02  3.03e-01 2.60e-02     32s
  22  -9.21972968e+01 -9.16376754e+01  3.81e+00 9.08e-01  3.27e+01  1.70e+01 1.56e-02  2.44e+02  2.85e-01 2.25e-02     33s
  23  -9.31292621e+01 -9.17323629e+01  4.11e+00 8.90e-01  3.21e+01  1.90e+01 1.56e-02  2.42e+02  2.70e-01 1.96e-02     34s
  24  -9.40226648e+01 -9.18136827e+01  4.40e+00 8.75e-01  3.15e+01  2.11e+01 1.56e-02  2.41e+02  2.56e-01 1.72e-02     36s
  25  -9.48831123e+01 -9.18842083e+01  4.69e+00 8.62e-01  3.11e+01  2.32e+01 1.56e-02  2.39e+02  2.44e-01 1.53e-02     37s
  26  -9.57152527e+01 -9.19459289e+01  4.97e+00 8.50e-01  3.07e+01  2.55e+01 1.56e-02  2.38e+02  2.33e-01 1.36e-02     38s
  27  -9.65238663e+01 -9.20004556e+01  5.25e+00 8.40e-01  3.04e+01  2.78e+01 1.56e-02  2.37e+02  2.24e-01 1.22e-02     39s
  28  -9.73108532e+01 -9.20489083e+01  5.53e+00 8.30e-01  3.00e+01  3.02e+01 1.56e-02  2.35e+02  2.15e-01 1.10e-02     41s
  29  -9.80793713e+01 -9.20922862e+01  5.80e+00 8.22e-01  2.98e+01  3.27e+01 1.56e-02  2.34e+02  2.07e-01 1.00e-02     43s
  30  -9.88315730e+01 -9.21313565e+01  6.07e+00 8.14e-01  2.95e+01  3.53e+01 1.56e-02  2.33e+02  1.99e-01 9.14e-03     44s
  31  -9.95694482e+01 -9.21667487e+01  6.33e+00 8.08e-01  2.93e+01  3.79e+01 1.56e-02  2.32e+02  1.92e-01 8.38e-03     46s
  32  -1.00294144e+02 -9.21989514e+01  6.60e+00 8.01e-01  2.91e+01  4.05e+01 1.56e-02  2.31e+02  1.86e-01 7.71e-03     48s
  33  -1.01006738e+02 -9.22283758e+01  6.86e+00 7.96e-01  2.89e+01  4.33e+01 1.56e-02  2.30e+02  1.80e-01 7.11e-03     49s
  34  -1.01709660e+02 -9.22554241e+01  7.12e+00 7.90e-01  2.87e+01  4.61e+01 1.56e-02  2.29e+02  1.75e-01 6.60e-03     50s
  35  -1.02401823e+02 -9.22803070e+01  7.37e+00 7.86e-01  2.85e+01  4.90e+01 1.56e-02  2.28e+02  1.70e-01 6.13e-03     51s
  36  -1.03085559e+02 -9.23033295e+01  7.63e+00 7.81e-01  2.84e+01  5.19e+01 1.56e-02  2.28e+02  1.65e-01 5.72e-03     52s
  37  -1.03761147e+02 -9.23246839e+01  7.88e+00 7.77e-01  2.82e+01  5.49e+01 1.56e-02  2.27e+02  1.60e-01 5.34e-03     53s
  38  -1.04429528e+02 -9.23445587e+01  8.13e+00 7.73e-01  2.81e+01  5.80e+01 1.56e-02  2.26e+02  1.56e-01 5.01e-03     54s
  39  -1.05090318e+02 -9.23630800e+01  8.38e+00 7.69e-01  2.80e+01  6.11e+01 1.56e-02  2.25e+02  1.52e-01 4.70e-03     55s
  40  -1.05745103e+02 -9.23804134e+01  8.63e+00 7.66e-01  2.79e+01  6.42e+01 1.56e-02  2.25e+02  1.49e-01 4.43e-03     57s
  41  -1.06394171e+02 -9.23966689e+01  8.87e+00 7.63e-01  2.78e+01  6.75e+01 1.56e-02  2.24e+02  1.45e-01 4.18e-03     58s
  42  -1.07037173e+02 -9.24119293e+01  9.12e+00 7.60e-01  2.77e+01  7.08e+01 1.56e-02  2.24e+02  1.42e-01 3.95e-03     59s
  43  -1.07675045e+02 -9.24262983e+01  9.36e+00 7.57e-01  2.76e+01  7.41e+01 1.56e-02  2.23e+02  1.38e-01 3.74e-03     60s
  44  -1.08308727e+02 -9.24398673e+01  9.60e+00 7.54e-01  2.75e+01  7.76e+01 1.56e-02  2.23e+02  1.35e-01 3.55e-03     61s
  45  -1.08937285e+02 -9.24526785e+01  9.84e+00 7.52e-01  2.74e+01  8.10e+01 1.56e-02  2.22e+02  1.33e-01 3.36e-03     62s
  46  -1.09561039e+02 -9.24647962e+01  1.01e+01 7.49e-01  2.73e+01  8.46e+01 1.56e-02  2.22e+02  1.30e-01 3.20e-03     63s
  47  -1.10181557e+02 -9.24763013e+01  1.03e+01 7.47e-01  2.72e+01  8.82e+01 1.56e-02  2.21e+02  1.27e-01 3.05e-03     65s
  48  -1.10797954e+02 -9.24872211e+01  1.06e+01 7.45e-01  2.72e+01  9.18e+01 1.56e-02  2.21e+02  1.25e-01 2.91e-03     66s
  49  -1.11410576e+02 -9.24976027e+01  1.08e+01 7.43e-01  2.71e+01  9.55e+01 1.56e-02  2.20e+02  1.22e-01 2.78e-03     68s
  50  -1.12020386e+02 -9.25074989e+01  1.10e+01 7.41e-01  2.70e+01  9.93e+01 1.56e-02  2.20e+02  1.20e-01 2.66e-03     69s
  51  -1.12625934e+02 -9.25169186e+01  1.13e+01 7.39e-01  2.70e+01  1.03e+02 1.56e-02  2.19e+02  1.18e-01 2.54e-03     70s
  52  -1.13229389e+02 -9.25259264e+01  1.15e+01 7.37e-01  2.69e+01  1.07e+02 1.56e-02  2.19e+02  1.16e-01 2.44e-03     72s
  53  -1.13829334e+02 -9.25345272e+01  1.17e+01 7.35e-01  2.68e+01  1.11e+02 1.56e-02  2.19e+02  1.14e-01 2.33e-03     73s
  54  -1.14426744e+02 -9.25427603e+01  1.20e+01 7.34e-01  2.68e+01  1.15e+02 1.56e-02  2.18e+02  1.12e-01 2.24e-03     75s
  55  -1.15021413e+02 -9.25506451e+01  1.22e+01 7.32e-01  2.67e+01  1.19e+02 1.56e-02  2.18e+02  1.10e-01 2.15e-03     76s
  56  -1.15613141e+02 -9.25581998e+01  1.24e+01 7.31e-01  2.67e+01  1.23e+02 1.56e-02  2.18e+02  1.08e-01 2.07e-03     77s
  57  -1.16202912e+02 -9.25654562e+01  1.26e+01 7.29e-01  2.66e+01  1.27e+02 1.56e-02  2.17e+02  1.06e-01 2.00e-03     79s
  58  -1.16790547e+02 -9.25724286e+01  1.29e+01 7.28e-01  2.66e+01  1.31e+02 1.56e-02  2.17e+02  1.05e-01 1.92e-03     81s
  59  -1.17375284e+02 -9.25791244e+01  1.31e+01 7.27e-01  2.65e+01  1.36e+02 1.56e-02  2.17e+02  1.03e-01 1.85e-03     82s
  60  -1.17958110e+02 -9.25855698e+01  1.33e+01 7.25e-01  2.65e+01  1.40e+02 1.56e-02  2.17e+02  1.01e-01 1.79e-03     84s
  61  -1.18539446e+02 -9.25917827e+01  1.36e+01 7.24e-01  2.65e+01  1.44e+02 1.56e-02  2.16e+02  1.00e-01 1.73e-03     86s
  62  -1.19117979e+02 -9.25977616e+01  1.38e+01 7.23e-01  2.64e+01  1.49e+02 1.56e-02  2.16e+02  9.85e-02 1.67e-03     87s
  63  -1.19695278e+02 -9.26035346e+01  1.40e+01 7.22e-01  2.64e+01  1.53e+02 1.56e-02  2.16e+02  9.71e-02 1.61e-03     89s
  64  -1.20270051e+02 -9.26090995e+01  1.42e+01 7.20e-01  2.63e+01  1.58e+02 1.56e-02  2.15e+02  9.57e-02 1.56e-03     90s
  65  -1.20843870e+02 -9.26144816e+01  1.45e+01 7.19e-01  2.63e+01  1.62e+02 1.56e-02  2.15e+02  9.44e-02 1.51e-03     91s
  66  -1.21415459e+02 -9.26196779e+01  1.47e+01 7.18e-01  2.63e+01  1.67e+02 1.56e-02  2.15e+02  9.31e-02 1.46e-03     93s
  67  -1.21985251e+02 -9.26247015e+01  1.49e+01 7.17e-01  2.62e+01  1.72e+02 1.56e-02  2.15e+02  9.18e-02 1.42e-03     95s
  68  -1.22554252e+02 -9.26295692e+01  1.51e+01 7.16e-01  2.62e+01  1.76e+02 1.56e-02  2.15e+02  9.06e-02 1.38e-03     96s
  69  -1.23121209e+02 -9.26342776e+01  1.53e+01 7.15e-01  2.62e+01  1.81e+02 1.56e-02  2.14e+02  8.94e-02 1.33e-03     98s
  70  -1.23686562e+02 -9.26388377e+01  1.56e+01 7.14e-01  2.61e+01  1.86e+02 1.56e-02  2.14e+02  8.83e-02 1.29e-03    100s
  71  -1.24250758e+02 -9.26432597e+01  1.58e+01 7.14e-01  2.61e+01  1.91e+02 1.56e-02  2.14e+02  8.71e-02 1.26e-03    101s
  72  -1.24813122e+02 -9.26475445e+01  1.60e+01 7.13e-01  2.61e+01  1.96e+02 1.56e-02  2.14e+02  8.60e-02 1.22e-03    103s
  73  -1.25374663e+02 -9.26517057e+01  1.62e+01 7.12e-01  2.60e+01  2.01e+02 1.56e-02  2.14e+02  8.50e-02 1.19e-03    105s
  74  -1.25934719e+02 -9.26557437e+01  1.64e+01 7.11e-01  2.60e+01  2.06e+02 1.56e-02  2.13e+02  8.40e-02 1.15e-03    107s
