
================= Linear optimization problem Information =================
Number of variables:     8
Number of constraints:   2

Norm of primal sol:      9.18e+00
Norm of dual sol:        1.00e+01
Norm of dual slacks:     5.00e+00

Norm of vector b:        1.00e+01
Norm of vector c:        1.63e+01

Norm of matrix A:        2.02e+00
Condition number:        8.00e+00
Seed:                    94

======================= Linear optimization problem =======================
coeff matrix A:          [[-0.582 -0.660 -0.075 -0.711 +0.672 -0.529 +0.335 -0.249]
                          [+0.687 +0.587 -0.001 +0.592 -0.621 +0.554 -0.110 +0.030]]

RHS vector b:            [-7.008 +7.134]
Obj vector c:            [-5.891 -6.666 -0.749 -7.170 +10.559 -2.066 +3.358 -2.495]

============================ Optimal solution =============================
Primal variables:        [+4.901 +4.137 +4.700 +2.885 +0.000 +0.000 +3.487 +0.768]
Dual slacks:             [+0.000 +0.000 +0.000 +0.000 +3.771 +3.283 +0.000 +0.000]
Dual variables:          [+9.999 -0.109]

Optimal objective:       -7.08532220e+01
===========================================================================

Method:             II-QIPM
LO_Precision:       1.00e-01
Stop_Precision:     1.00e-03
LO_Verbosity:       2
Omega:              1.00e+01
num_ancillae:       4

The Quantum Inexact Infeasible Interior-Point Method starts running ...


                  Objective                Residual                      Quantum                    Step-length
Iter      Primal           Dual         Primal    Dual     Compl    ||Resl||   Prob    Cond-Num   a-star   a-hat      Time
   0  -3.34748665e+01 -1.00997836e+02  2.39e+00 5.65e+00  2.08e+02  5.97e-01 1.56e-02  6.40e+01  9.53e-01 8.43e-01      2s
   1  -4.56681525e+01 -1.01688598e+02  1.34e+00 3.09e+00  1.26e+02 *1.55e+00 1.18e-02  3.51e+01  8.00e-01 4.53e-01      4s
   2  -6.20705518e+01 -9.99938270e+01  1.72e+00 2.14e+00  9.16e+01 *2.62e+00 1.11e-01  1.75e+01  7.00e-01 3.06e-01      6s
   3  -6.64412950e+01 -9.72080655e+01  1.51e+00 1.75e+00  7.65e+01  6.26e-01 4.03e-01  1.29e+01  5.78e-01 1.81e-01      8s
   4  -7.24123884e+01 -9.46646502e+01  1.69e+00 1.43e+00  6.39e+01 *2.52e+00 2.70e-01  1.38e+01  6.42e-01 1.82e-01     10s
   5  -7.41694114e+01 -9.33107913e+01  1.73e+00 1.33e+00  5.95e+01 *2.21e+00 2.41e-01  1.48e+01  6.09e-01 7.55e-02     11s
   6  -7.60041361e+01 -9.18163276e+01  1.78e+00 1.21e+00  5.50e+01 *2.34e+00 2.12e-01  1.53e+01  6.30e-01 8.40e-02     13s
   7  -7.78105145e+01 -9.01537603e+01  1.83e+00 1.10e+00  5.03e+01 *2.34e+00 1.85e-01  1.59e+01  6.52e-01 9.40e-02     15s
   8  -7.96126141e+01 -8.82754816e+01  1.88e+00 9.80e-01  4.53e+01 *2.32e+00 1.61e-01  1.66e+01  6.81e-01 1.09e-01     17s
   9  -8.15180621e+01 -8.61063356e+01  1.94e+00 8.49e-01  3.98e+01 *2.33e+00 1.39e-01  1.72e+01  7.21e-01 1.34e-01     19s
  10  -8.35992139e+01 -8.35346219e+01  2.01e+00 7.00e-01  3.35e+01 *2.33e+00 1.20e-01  1.79e+01  7.73e-01 1.75e-01     22s
  11  -8.62558953e+01 -8.03580571e+01  2.11e+00 5.22e-01  2.56e+01 *2.41e+00 1.03e-01  1.86e+01  8.43e-01 2.55e-01     23s
  12  -8.80283439e+01 -7.59817042e+01  2.07e+00 2.89e-01  1.50e+01 *2.04e+00 8.84e-02  1.93e+01  9.30e-01 4.47e-01     25s
  13  -9.70236606e+01 -7.53023635e+01  2.94e+00 2.09e-01  1.12e+01 *5.51e+00 6.58e-02  2.04e+01  5.63e-01 2.74e-01     26s
  14  -9.49082004e+01 -7.53054551e+01  2.83e+00 1.98e-01  1.06e+01 *7.73e+00 2.98e-02  2.28e+01  5.23e-01 5.59e-02     28s
  15  -9.34161948e+01 -7.53150708e+01  2.81e+00 1.89e-01  1.02e+01 *8.31e+00 2.09e-02  2.54e+01  4.89e-01 4.41e-02     30s
  16  -9.22257506e+01 -7.53275520e+01  2.85e+00 1.82e-01  9.84e+00 *8.80e+00 1.68e-02  2.79e+01  4.65e-01 3.89e-02     32s
  17  -9.12552006e+01 -7.53412499e+01  2.92e+00 1.75e-01  9.52e+00 *9.25e+00 1.47e-02  3.04e+01  4.44e-01 3.49e-02     34s
  18  -9.04509320e+01 -7.53552807e+01  3.02e+00 1.70e-01  9.25e+00 *9.70e+00 1.36e-02  3.31e+01  4.27e-01 3.16e-02     36s
  19  -8.97786055e+01 -7.53691129e+01  3.14e+00 1.65e-01  9.00e+00 *1.01e+01 1.32e-02  3.58e+01  4.11e-01 2.88e-02     38s
  20  -8.92114023e+01 -7.53824807e+01  3.26e+00 1.60e-01  8.79e+00 *1.06e+01 1.30e-02  3.85e+01  3.96e-01 2.65e-02     41s
  21  -8.87316729e+01 -7.53951939e+01  3.39e+00 1.57e-01  8.59e+00 *1.10e+01 1.31e-02  4.13e+01  3.82e-01 2.43e-02     42s
  22  -8.83244455e+01 -7.54071785e+01  3.53e+00 1.53e-01  8.41e+00 *1.15e+01 1.31e-02  4.40e+01  3.69e-01 2.24e-02     45s
  23  -8.79778688e+01 -7.54184146e+01  3.67e+00 1.50e-01  8.25e+00 *1.20e+01 1.33e-02  4.67e+01  3.57e-01 2.07e-02     47s
  24  -8.76830454e+01 -7.54288937e+01  3.81e+00 1.47e-01  8.11e+00 *1.25e+01 1.34e-02  4.93e+01  3.45e-01 1.92e-02     49s
  25  -8.74320690e+01 -7.54386506e+01  3.94e+00 1.44e-01  7.98e+00 *1.30e+01 1.35e-02  5.19e+01  3.34e-01 1.78e-02     51s
  26  -8.72191513e+01 -7.54477027e+01  4.08e+00 1.42e-01  7.86e+00 *1.36e+01 1.36e-02  5.44e+01  3.24e-01 1.65e-02     53s
  27  -8.70384001e+01 -7.54561202e+01  4.22e+00 1.40e-01  7.75e+00 *1.42e+01 1.37e-02  5.67e+01  3.14e-01 1.53e-02     55s
  28  -8.68860367e+01 -7.54639228e+01  4.35e+00 1.38e-01  7.65e+00 *1.48e+01 1.38e-02  5.90e+01  3.04e-01 1.42e-02     57s
  29  -8.67581575e+01 -7.54711653e+01  4.48e+00 1.36e-01  7.55e+00 *1.54e+01 1.39e-02  6.12e+01  2.95e-01 1.33e-02     59s
  30  -8.66516352e+01 -7.54778924e+01  4.61e+00 1.34e-01  7.47e+00 *1.60e+01 1.40e-02  6.33e+01  2.86e-01 1.24e-02     61s
  31  -8.65638146e+01 -7.54841465e+01  4.74e+00 1.33e-01  7.39e+00 *1.67e+01 1.41e-02  6.52e+01  2.77e-01 1.16e-02     63s
  32  -8.64925016e+01 -7.54899619e+01  4.87e+00 1.31e-01  7.31e+00 *1.74e+01 1.41e-02  6.71e+01  2.69e-01 1.08e-02     65s
  33  -8.64356071e+01 -7.54953871e+01  5.00e+00 1.30e-01  7.25e+00 *1.81e+01 1.42e-02  6.88e+01  2.60e-01 1.01e-02     67s
  34  -8.63916221e+01 -7.55004417e+01  5.12e+00 1.29e-01  7.18e+00 *1.88e+01 1.43e-02  7.05e+01  2.53e-01 9.51e-03     69s
  35  -8.63589838e+01 -7.55051695e+01  5.24e+00 1.28e-01  7.12e+00 *1.96e+01 1.43e-02  7.20e+01  2.45e-01 8.95e-03     71s
  36  -8.63365411e+01 -7.55095861e+01  5.36e+00 1.27e-01  7.07e+00 *2.03e+01 1.43e-02  7.35e+01  2.38e-01 8.41e-03     73s
  37  -8.63231419e+01 -7.55137282e+01  5.48e+00 1.26e-01  7.02e+00 *2.11e+01 1.44e-02  7.49e+01  2.32e-01 7.93e-03     75s
  38  -8.63178838e+01 -7.55176081e+01  5.60e+00 1.25e-01  6.97e+00 *2.20e+01 1.44e-02  7.61e+01  2.25e-01 7.48e-03     77s
  39  -8.63199135e+01 -7.55212566e+01  5.72e+00 1.24e-01  6.92e+00 *2.28e+01 1.44e-02  7.74e+01  2.19e-01 7.07e-03     79s
  40  -8.63285226e+01 -7.55246902e+01  5.83e+00 1.23e-01  6.88e+00 *2.37e+01 1.45e-02  7.85e+01  2.14e-01 6.69e-03     81s
  41  -8.63430726e+01 -7.55279239e+01  5.95e+00 1.22e-01  6.84e+00 *2.46e+01 1.45e-02  7.96e+01  2.08e-01 6.34e-03     82s
  42  -8.63629861e+01 -7.55309719e+01  6.06e+00 1.21e-01  6.80e+00 *2.55e+01 1.45e-02  8.06e+01  2.03e-01 6.01e-03     84s
  43  -8.63878146e+01 -7.55338556e+01  6.18e+00 1.21e-01  6.77e+00 *2.64e+01 1.46e-02  8.15e+01  1.98e-01 5.71e-03     86s
  44  -8.64170660e+01 -7.55365802e+01  6.29e+00 1.20e-01  6.74e+00 *2.74e+01 1.46e-02  8.24e+01  1.94e-01 5.43e-03     89s
  45  -8.64503505e+01 -7.55391591e+01  6.40e+00 1.19e-01  6.70e+00 *2.83e+01 1.46e-02  8.33e+01  1.89e-01 5.16e-03     90s
  46  -8.64873672e+01 -7.55416065e+01  6.51e+00 1.19e-01  6.67e+00 *2.93e+01 1.46e-02  8.41e+01  1.85e-01 4.92e-03     92s
  47  -8.65277938e+01 -7.55439306e+01  6.62e+00 1.18e-01  6.64e+00 *3.04e+01 1.46e-02  8.48e+01  1.81e-01 4.70e-03     94s
  48  -8.65712890e+01 -7.55461368e+01  6.73e+00 1.18e-01  6.62e+00 *3.14e+01 1.46e-02  8.55e+01  1.77e-01 4.48e-03     96s
  49  -8.66177069e+01 -7.55482386e+01  6.83e+00 1.17e-01  6.59e+00 *3.25e+01 1.47e-02  8.62e+01  1.74e-01 4.29e-03     98s
  50  -8.66667125e+01 -7.55502381e+01  6.94e+00 1.17e-01  6.57e+00 *3.35e+01 1.47e-02  8.68e+01  1.70e-01 4.10e-03     99s
  51  -8.67182224e+01 -7.55521472e+01  7.05e+00 1.16e-01  6.54e+00 *3.46e+01 1.47e-02  8.74e+01  1.67e-01 3.93e-03    101s
  52  -8.67719318e+01 -7.55539671e+01  7.16e+00 1.16e-01  6.52e+00 *3.58e+01 1.47e-02  8.80e+01  1.64e-01 3.76e-03    102s
  53  -8.68277524e+01 -7.55557064e+01  7.26e+00 1.15e-01  6.50e+00 *3.69e+01 1.47e-02  8.85e+01  1.60e-01 3.61e-03    104s
  54  -8.68855115e+01 -7.55573696e+01  7.37e+00 1.15e-01  6.48e+00 *3.81e+01 1.47e-02  8.90e+01  1.57e-01 3.46e-03    107s
  55  -8.69450467e+01 -7.55589607e+01  7.47e+00 1.15e-01  6.46e+00 *3.93e+01 1.47e-02  8.95e+01  1.55e-01 3.33e-03    108s
  56  -8.70063279e+01 -7.55604866e+01  7.57e+00 1.14e-01  6.44e+00 *4.05e+01 1.47e-02  9.00e+01  1.52e-01 3.20e-03    110s
  57  -8.70690975e+01 -7.55619477e+01  7.68e+00 1.14e-01  6.42e+00 *4.17e+01 1.47e-02  9.04e+01  1.49e-01 3.08e-03    112s
  58  -8.71333479e+01 -7.55633502e+01  7.78e+00 1.14e-01  6.40e+00 *4.30e+01 1.48e-02  9.08e+01  1.46e-01 2.96e-03    114s
  59  -8.71989615e+01 -7.55646969e+01  7.88e+00 1.13e-01  6.39e+00 *4.43e+01 1.48e-02  9.12e+01  1.44e-01 2.85e-03    116s
  60  -8.72658934e+01 -7.55659919e+01  7.99e+00 1.13e-01  6.37e+00 *4.56e+01 1.48e-02  9.16e+01  1.42e-01 2.75e-03    118s
  61  -8.73339743e+01 -7.55672364e+01  8.09e+00 1.13e-01  6.36e+00 *4.69e+01 1.48e-02  9.19e+01  1.39e-01 2.65e-03    120s
  62  -8.74032419e+01 -7.55684352e+01  8.19e+00 1.12e-01  6.34e+00 *4.82e+01 1.48e-02  9.23e+01  1.37e-01 2.56e-03    122s
  63  -8.74735386e+01 -7.55695893e+01  8.29e+00 1.12e-01  6.33e+00 *4.96e+01 1.48e-02  9.26e+01  1.35e-01 2.48e-03    123s
  64  -8.75447772e+01 -7.55707007e+01  8.39e+00 1.12e-01  6.31e+00 *5.10e+01 1.48e-02  9.29e+01  1.33e-01 2.39e-03    126s
  65  -8.76170185e+01 -7.55717734e+01  8.49e+00 1.12e-01  6.30e+00 *5.24e+01 1.48e-02  9.32e+01  1.31e-01 2.31e-03    127s
  66  -8.76901176e+01 -7.55728082e+01  8.59e+00 1.11e-01  6.29e+00 *5.38e+01 1.48e-02  9.35e+01  1.29e-01 2.24e-03    129s
  67  -8.77640017e+01 -7.55738067e+01  8.70e+00 1.11e-01  6.27e+00 *5.53e+01 1.48e-02  9.37e+01  1.27e-01 2.17e-03    131s
  68  -8.78387508e+01 -7.55747723e+01  8.80e+00 1.11e-01  6.26e+00 *5.67e+01 1.48e-02  9.40e+01  1.25e-01 2.10e-03    133s
  69  -8.79141540e+01 -7.55757046e+01  8.89e+00 1.11e-01  6.25e+00 *5.82e+01 1.48e-02  9.42e+01  1.23e-01 2.03e-03    135s
  70  -8.79903755e+01 -7.55766077e+01  8.99e+00 1.10e-01  6.24e+00 *5.97e+01 1.48e-02  9.45e+01  1.21e-01 1.97e-03    138s
  71  -8.80671328e+01 -7.55774801e+01  9.09e+00 1.10e-01  6.23e+00 *6.12e+01 1.48e-02  9.47e+01  1.20e-01 1.91e-03    139s
  72  -8.81445986e+01 -7.55783257e+01  9.19e+00 1.10e-01  6.22e+00 *6.28e+01 1.48e-02  9.49e+01  1.18e-01 1.86e-03    141s
  73  -8.82226466e+01 -7.55791445e+01  9.29e+00 1.10e-01  6.21e+00 *6.44e+01 1.48e-02  9.51e+01  1.16e-01 1.80e-03    143s
  74  -8.83013059e+01 -7.55799385e+01  9.39e+00 1.10e-01  6.20e+00 *6.60e+01 1.48e-02  9.53e+01  1.15e-01 1.75e-03    144s
  75  -8.83804523e+01 -7.55807079e+01  9.49e+00 1.09e-01  6.19e+00 *6.76e+01 1.48e-02  9.55e+01  1.13e-01 1.70e-03    146s
  76  -8.84601192e+01 -7.55814543e+01  9.59e+00 1.09e-01  6.18e+00 *6.92e+01 1.48e-02  9.57e+01  1.12e-01 1.65e-03    148s
  77  -8.85403447e+01 -7.55821793e+01  9.68e+00 1.09e-01  6.17e+00 *7.09e+01 1.48e-02  9.59e+01  1.10e-01 1.61e-03    150s
  78  -8.86209292e+01 -7.55828823e+01  9.78e+00 1.09e-01  6.16e+00 *7.26e+01 1.48e-02  9.60e+01  1.09e-01 1.56e-03    152s
  79  -8.87019930e+01 -7.55835654e+01  9.88e+00 1.09e-01  6.15e+00 *7.43e+01 1.49e-02  9.62e+01  1.07e-01 1.52e-03    154s
  80  -8.87835001e+01 -7.55842293e+01  9.98e+00 1.09e-01  6.14e+00 *7.60e+01 1.49e-02  9.64e+01  1.06e-01 1.48e-03    156s
  81  -8.88654159e+01 -7.55848748e+01  1.01e+01 1.08e-01  6.13e+00 *7.77e+01 1.49e-02  9.65e+01  1.05e-01 1.44e-03    158s
  82  -8.89477887e+01 -7.55855031e+01  1.02e+01 1.08e-01  6.13e+00  7.95e+01 1.49e-02  9.67e+01  1.04e-01 1.41e-03    161s
  83  -8.90304226e+01 -7.55861135e+01  1.03e+01 1.08e-01  6.12e+00  8.13e+01 1.49e-02  9.68e+01  1.02e-01 1.37e-03    162s
  84  -8.91134494e+01 -7.55867078e+01  1.04e+01 1.08e-01  6.11e+00  8.31e+01 1.49e-02  9.69e+01  1.01e-01 1.34e-03    164s
  85  -8.91968403e+01 -7.55872867e+01  1.05e+01 1.08e-01  6.10e+00  8.49e+01 1.49e-02  9.71e+01  9.99e-02 1.30e-03    166s
  86  -8.92804833e+01 -7.55878499e+01  1.06e+01 1.08e-01  6.10e+00  8.67e+01 1.49e-02  9.72e+01  9.88e-02 1.27e-03    168s
