
================= Linear optimization problem Information =================
Number of variables:     8
Number of constraints:   2

Norm of primal sol:      7.07e+00
Norm of dual sol:        1.00e+01
Norm of dual slacks:     5.00e+00

Norm of vector b:        1.00e+01
Norm of vector c:        2.10e+01

Norm of matrix A:        2.83e+00
Condition number:        1.00e+00
Seed:                    8

======================= Linear optimization problem =======================
coeff matrix A:          [[+0.335 -0.133 -0.394 +1.109 -0.352 -0.700 -0.942 +0.992]
                          [-0.834 -0.375 -0.898 -0.686 -0.202 +0.915 -0.259 +0.970]]

RHS vector b:            [+0.213 -9.998]
Obj vector c:            [+8.175 +6.240 +3.345 +12.761 -1.156 -11.382 -5.038 +2.402]

============================ Optimal solution =============================
Primal variables:        [+4.321 +0.000 +4.300 +2.626 +1.151 +0.056 +2.130 +0.000]
Dual slacks:             [+0.000 +4.617 +0.000 +0.000 +0.000 +0.000 +0.000 +1.918]
Dual variables:          [+7.239 -6.899]

Optimal objective:       +7.05134209e+01
===========================================================================

Method:             II-QIPM
LO_Precision:       1.00e-01
Stop_Precision:     1.00e-03
LO_Verbosity:       2
Omega:              1.00e+01
num_ancillae:       4

The Quantum Inexact Infeasible Interior-Point Method starts running ...


                  Objective                Residual                      Quantum                    Step-length
Iter      Primal           Dual         Primal    Dual     Compl    ||Resl||   Prob    Cond-Num   a-star   a-hat      Time
   0   1.24112075e+02  4.82472824e+01  6.28e-01 5.01e+00  1.84e+02  3.78e-14 1.56e-02  1.00e+00  9.30e-01 8.36e-01      1s
   1   1.13398134e+02  5.37584933e+01  4.36e-01 3.41e+00  1.32e+02  3.03e-02 1.58e-02  1.40e+00  8.65e-01 3.19e-01      3s
   2   1.05751754e+02  5.68210595e+01  3.27e-01 2.54e+00  1.02e+02  1.07e-02 1.61e-02  2.00e+00  8.25e-01 2.55e-01      5s
   3   9.99839724e+01  5.88372090e+01  2.08e-01 1.99e+00  8.23e+01  2.82e-01 1.65e-02  2.81e+00  7.89e-01 2.17e-01      7s
   4   9.49689320e+01  6.04311172e+01  2.01e-01 1.59e+00  6.76e+01  2.19e-01 1.80e-02  3.89e+00  7.72e-01 2.00e-01      9s
   5   9.10847944e+01  6.16847762e+01  1.06e-01 1.30e+00  5.65e+01  4.47e-01 1.98e-02  5.31e+00  7.50e-01 1.82e-01     11s
   6   8.66649889e+01  6.30806779e+01  2.55e-01 1.03e+00  4.57e+01  9.67e-01 2.63e-02  7.00e+00  7.76e-01 2.09e-01     13s
   7   8.45106206e+01  6.39653950e+01  1.69e-01 8.61e-01  3.88e+01  2.20e+00 2.72e-02  9.16e+00  7.27e-01 1.65e-01     15s
   8   8.37864583e+01  6.44395619e+01  9.20e-01 7.63e-01  3.48e+01  6.86e+00 2.44e-02  1.11e+01  6.51e-01 1.14e-01     18s
   9   8.36021768e+01  6.47248468e+01  1.77e+00 7.00e-01  3.22e+01  1.12e+01 2.20e-02  1.28e+01  5.88e-01 8.25e-02     20s
  10   8.36508612e+01  6.49142934e+01  2.63e+00 6.56e-01  3.04e+01  1.53e+01 2.03e-02  1.43e+01  5.38e-01 6.35e-02     22s
  11   8.38141142e+01  6.50492865e+01  3.47e+00 6.22e-01  2.90e+01  1.92e+01 1.91e-02  1.56e+01  4.98e-01 5.08e-02     24s
  12   8.40399219e+01  6.51508462e+01  4.29e+00 5.96e-01  2.78e+01  2.29e+01 1.83e-02  1.68e+01  4.65e-01 4.20e-02     26s
  13   8.43030522e+01  6.52304178e+01  5.08e+00 5.75e-01  2.69e+01  2.66e+01 1.78e-02  1.78e+01  4.37e-01 3.56e-02     29s
  14   8.45898539e+01  6.52946679e+01  5.85e+00 5.57e-01  2.62e+01  3.02e+01 1.73e-02  1.88e+01  4.13e-01 3.06e-02     30s
  15   8.48925990e+01  6.53478222e+01  6.60e+00 5.43e-01  2.55e+01  3.39e+01 1.70e-02  1.96e+01  3.92e-01 2.68e-02     32s
  16   8.52062880e+01  6.53926138e+01  7.33e+00 5.30e-01  2.50e+01  3.76e+01 1.68e-02  2.04e+01  3.74e-01 2.36e-02     34s
  17   8.55280422e+01  6.54309805e+01  8.05e+00 5.19e-01  2.45e+01  4.13e+01 1.66e-02  2.11e+01  3.57e-01 2.11e-02     36s
  18   8.58560550e+01  6.54642963e+01  8.75e+00 5.09e-01  2.41e+01  4.51e+01 1.65e-02  2.17e+01  3.42e-01 1.90e-02     38s
  19   8.61884474e+01  6.54934985e+01  9.44e+00 5.00e-01  2.37e+01  4.90e+01 1.64e-02  2.23e+01  3.29e-01 1.71e-02     40s
  20   8.65245798e+01  6.55193653e+01  1.01e+01 4.92e-01  2.34e+01  5.31e+01 1.63e-02  2.28e+01  3.16e-01 1.56e-02     42s
  21   8.68636156e+01  6.55424535e+01  1.08e+01 4.85e-01  2.31e+01  5.72e+01 1.62e-02  2.33e+01  3.05e-01 1.43e-02     44s
  22   8.72053754e+01  6.55632280e+01  1.15e+01 4.79e-01  2.28e+01  6.14e+01 1.61e-02  2.37e+01  2.94e-01 1.31e-02     46s
  23   8.75489205e+01  6.55820045e+01  1.21e+01 4.73e-01  2.25e+01  6.57e+01 1.61e-02  2.41e+01  2.84e-01 1.21e-02     48s
  24   8.78942876e+01  6.55990862e+01  1.28e+01 4.68e-01  2.23e+01  7.01e+01 1.60e-02  2.44e+01  2.75e-01 1.12e-02     51s
  25   8.82410659e+01  6.56146934e+01  1.34e+01 4.63e-01  2.21e+01  7.46e+01 1.60e-02  2.48e+01  2.66e-01 1.04e-02     52s
  26   8.85887912e+01  6.56290047e+01  1.41e+01 4.58e-01  2.19e+01  7.93e+01 1.60e-02  2.51e+01  2.58e-01 9.72e-03     54s
  27   8.89381274e+01  6.56422112e+01  1.47e+01 4.54e-01  2.17e+01  8.40e+01 1.59e-02  2.53e+01  2.50e-01 9.09e-03     56s
  28   8.92881054e+01  6.56544106e+01  1.53e+01 4.50e-01  2.15e+01  8.89e+01 1.59e-02  2.56e+01  2.43e-01 8.51e-03     58s
  29   8.96391849e+01  6.56657356e+01  1.59e+01 4.47e-01  2.14e+01  9.39e+01 1.59e-02  2.58e+01  2.36e-01 7.99e-03     60s
  30   8.99912018e+01  6.56762772e+01  1.66e+01 4.43e-01  2.12e+01  9.91e+01 1.59e-02  2.61e+01  2.30e-01 7.52e-03     62s
  31   9.03436819e+01  6.56861050e+01  1.72e+01 4.40e-01  2.11e+01  1.04e+02 1.58e-02  2.63e+01  2.24e-01 7.09e-03     65s
  32   9.06968819e+01  6.56952991e+01  1.78e+01 4.37e-01  2.10e+01  1.10e+02 1.58e-02  2.64e+01  2.18e-01 6.70e-03     67s
  33   9.10507524e+01  6.57039204e+01  1.84e+01 4.34e-01  2.08e+01  1.15e+02 1.58e-02  2.66e+01  2.13e-01 6.34e-03     69s
  34   9.14049200e+01  6.57120147e+01  1.90e+01 4.32e-01  2.07e+01  1.21e+02 1.58e-02  2.68e+01  2.08e-01 6.00e-03     71s
  35   9.17600922e+01  6.57196458e+01  1.97e+01 4.29e-01  2.06e+01  1.27e+02 1.58e-02  2.69e+01  2.03e-01 5.70e-03     74s
  36   9.21152478e+01  6.57268332e+01  2.03e+01 4.27e-01  2.05e+01  1.32e+02 1.58e-02  2.71e+01  1.98e-01 5.41e-03     75s
  37   9.24711346e+01  6.57336301e+01  2.09e+01 4.25e-01  2.04e+01  1.39e+02 1.58e-02  2.72e+01  1.93e-01 5.15e-03     77s
  38   9.28274754e+01  6.57400635e+01  2.15e+01 4.23e-01  2.03e+01  1.45e+02 1.58e-02  2.73e+01  1.89e-01 4.91e-03     78s
  39   9.31840024e+01  6.57461582e+01  2.21e+01 4.21e-01  2.02e+01  1.51e+02 1.58e-02  2.74e+01  1.85e-01 4.68e-03     80s
  40   9.35411706e+01  6.57519484e+01  2.27e+01 4.19e-01  2.02e+01  1.57e+02 1.58e-02  2.75e+01  1.81e-01 4.47e-03     82s
  41   9.38987480e+01  6.57574534e+01  2.33e+01 4.17e-01  2.01e+01  1.64e+02 1.57e-02  2.76e+01  1.77e-01 4.28e-03     84s
  42   9.42565091e+01  6.57626910e+01  2.39e+01 4.15e-01  2.00e+01  1.70e+02 1.57e-02  2.77e+01  1.74e-01 4.09e-03     86s
  43   9.46145933e+01  6.57676827e+01  2.45e+01 4.14e-01  1.99e+01  1.77e+02 1.57e-02  2.78e+01  1.70e-01 3.92e-03     88s
  44   9.49731549e+01  6.57724479e+01  2.51e+01 4.12e-01  1.99e+01  1.84e+02 1.57e-02  2.79e+01  1.67e-01 3.76e-03     90s
  45   9.53320038e+01  6.57769995e+01  2.57e+01 4.11e-01  1.98e+01  1.91e+02 1.57e-02  2.80e+01  1.64e-01 3.61e-03     93s
  46   9.56909546e+01  6.57813498e+01  2.63e+01 4.09e-01  1.97e+01  1.98e+02 1.57e-02  2.81e+01  1.61e-01 3.46e-03     95s
  47   9.60501858e+01  6.57855141e+01  2.69e+01 4.08e-01  1.97e+01  2.06e+02 1.57e-02  2.81e+01  1.58e-01 3.33e-03     96s
  48   9.64098887e+01  6.57895065e+01  2.75e+01 4.07e-01  1.96e+01  2.13e+02 1.57e-02  2.82e+01  1.55e-01 3.20e-03     99s
  49   9.67699066e+01  6.57933359e+01  2.81e+01 4.05e-01  1.96e+01  2.21e+02 1.57e-02  2.83e+01  1.52e-01 3.09e-03    100s
  50   9.71300862e+01  6.57970107e+01  2.87e+01 4.04e-01  1.95e+01  2.28e+02 1.57e-02  2.83e+01  1.50e-01 2.97e-03    102s
  51   9.74902773e+01  6.58005389e+01  2.93e+01 4.03e-01  1.95e+01  2.36e+02 1.57e-02  2.84e+01  1.47e-01 2.86e-03    105s
  52   9.78510546e+01  6.58039345e+01  2.99e+01 4.02e-01  1.94e+01  2.44e+02 1.57e-02  2.84e+01  1.45e-01 2.77e-03    106s
  53   9.82119277e+01  6.58072006e+01  3.05e+01 4.01e-01  1.94e+01  2.52e+02 1.57e-02  2.85e+01  1.42e-01 2.67e-03    108s
  54   9.85727627e+01  6.58103434e+01  3.11e+01 4.00e-01  1.93e+01  2.61e+02 1.57e-02  2.85e+01  1.40e-01 2.58e-03    111s
  55   9.89341511e+01  6.58133749e+01  3.17e+01 3.99e-01  1.93e+01  2.69e+02 1.57e-02  2.86e+01  1.38e-01 2.49e-03    113s
  56   9.92956162e+01  6.58162970e+01  3.22e+01 3.98e-01  1.92e+01  2.77e+02 1.57e-02  2.86e+01  1.36e-01 2.41e-03    115s
  57   9.96574000e+01  6.58191176e+01  3.28e+01 3.97e-01  1.92e+01  2.86e+02 1.57e-02  2.87e+01  1.34e-01 2.33e-03    117s
  58   1.00019392e+02  6.58218411e+01  3.34e+01 3.96e-01  1.92e+01  2.95e+02 1.57e-02  2.87e+01  1.32e-01 2.26e-03    119s
  59   1.00381482e+02  6.58244717e+01  3.40e+01 3.95e-01  1.91e+01  3.04e+02 1.57e-02  2.87e+01  1.30e-01 2.19e-03    122s
  60   1.00743564e+02  6.58270134e+01  3.46e+01 3.94e-01  1.91e+01  3.13e+02 1.57e-02  2.88e+01  1.28e-01 2.12e-03    123s
  61   1.01106257e+02  6.58294748e+01  3.52e+01 3.94e-01  1.90e+01  3.22e+02 1.57e-02  2.88e+01  1.26e-01 2.06e-03    126s
  62   1.01468745e+02  6.58318545e+01  3.58e+01 3.93e-01  1.90e+01  3.31e+02 1.57e-02  2.88e+01  1.24e-01 1.99e-03    128s
  63   1.01831652e+02  6.58341604e+01  3.64e+01 3.92e-01  1.90e+01  3.41e+02 1.57e-02  2.89e+01  1.22e-01 1.94e-03    130s
  64   1.02194526e+02  6.58363931e+01  3.70e+01 3.91e-01  1.89e+01  3.50e+02 1.57e-02  2.89e+01  1.21e-01 1.88e-03    132s
  65   1.02557637e+02  6.58385578e+01  3.76e+01 3.91e-01  1.89e+01  3.60e+02 1.57e-02  2.89e+01  1.19e-01 1.82e-03    133s
  66   1.02700468e+02  6.58393832e+01  3.78e+01 3.90e-01  1.89e+01  3.70e+02 1.57e-02  2.90e+01  1.17e-01 6.97e-04    136s

The solution quality is limited by the precision of the linear system solver.

The II-IPM stopped after 67 iterations in 135.57 seconds.

Primal variables:   [+7.439 +0.772 +4.745 +92.620 +7.110 +99.448 +4.826 +1.554]
Dual slacks:        [+0.335 +4.875 +0.606 +0.017 +0.324 +0.012 +0.545 +1.313]
Dual variables:     [+7.484 -6.426]

Primal objective:   1.02700468e+02 
Dual objective:     6.58393832e+01 

Primal residual:    3.78e+01
Dual residual:      3.90e-01
Complementraty:     1.89e+01

Number of Iter:     67
Run time:           135.57
