
================= Linear optimization problem Information =================
Number of variables:     8
Number of constraints:   2

Norm of primal sol:      3.00e+01
Norm of dual sol:        1.00e+01
Norm of dual slacks:     5.00e+00

Norm of vector b:        1.00e+01
Norm of vector c:        9.99e+00

Norm of matrix A:        2.02e+00
Condition number:        8.00e+00
Seed:                    3

======================= Linear optimization problem =======================
coeff matrix A:          [[-0.186 +0.312 +0.430 +0.654 -0.276 +0.359 +0.011 -0.311]
                          [-0.404 +0.251 +0.668 +0.940 -0.507 +0.737 +0.231 -0.778]]

RHS vector b:            [-1.499 -9.887]
Obj vector c:            [+2.376 -3.424 -5.142 -5.235 +3.403 -0.180 -0.416 +4.097]

============================ Optimal solution =============================
Primal variables:        [+12.511 +16.086 +6.608 +0.000 +20.283 +0.000 +2.853 +4.708]
Dual slacks:             [+0.000 +0.000 +0.000 +2.476 +0.000 +4.344 +0.000 +0.000]
Dual variables:          [-9.914 -1.308]

Optimal objective:       +2.77928566e+01
===========================================================================

Method:             II-QIPM
LO_Precision:       1.00e-01
Stop_Precision:     1.00e-03
LO_Verbosity:       2
Omega:              1.00e+01
num_ancillae:       4

The Quantum Inexact Infeasible Interior-Point Method starts running ...


                  Objective                Residual                      Quantum                    Step-length
Iter      Primal           Dual         Primal    Dual     Compl    ||Resl||   Prob    Cond-Num   a-star   a-hat      Time
   0   5.89099178e+00  5.64072207e+01  1.07e+01 1.39e+01  3.57e+02 *6.13e-02 1.56e-02  6.40e+01  6.70e-01 5.57e-01      2s
   1   1.02544527e+01  5.61493826e+01  9.38e+00 1.20e+01  3.13e+02  1.90e+00 4.09e-03  7.08e+01  6.84e-01 1.36e-01      4s
   2   1.35313647e+01  5.56754495e+01  8.26e+00 1.05e+01  2.76e+02  2.13e+00 1.28e-02  7.27e+01  6.94e-01 1.28e-01      6s
   3   1.59656665e+01  5.49910821e+01  7.20e+00 9.01e+00  2.40e+02  2.61e+00 1.40e-02  7.41e+01  7.08e-01 1.42e-01      8s
   4   1.70690601e+01  5.41656558e+01  6.25e+00 7.61e+00  2.05e+02  3.30e+00 1.43e-02  7.46e+01  6.54e-01 1.55e-01      9s
   5   1.61705525e+01  5.33053241e+01  5.54e+00 6.37e+00  1.74e+02  4.37e+00 1.43e-02  7.35e+01  5.85e-01 1.63e-01     11s
   6   1.24546103e+01  5.25334960e+01  5.22e+00 5.35e+00  1.47e+02  6.14e+00 1.40e-02  6.98e+01  5.02e-01 1.61e-01     13s
   7   5.08168981e+00  5.19473933e+01  5.45e+00 4.59e+00  1.26e+02  9.29e+00 1.30e-02  6.26e+01  4.07e-01 1.42e-01     14s
   8  -7.20375256e+00  5.15513050e+01  6.38e+00 4.06e+00  1.12e+02  1.53e+01 1.07e-02  5.24e+01  3.11e-01 1.15e-01     16s
   9  -3.38993576e+01  5.11729669e+01  8.87e+00 3.60e+00  9.74e+01  2.85e+01 6.53e-03  4.07e+01  2.26e-01 1.14e-01     18s
  10  -3.48367536e+01  5.11763890e+01  8.93e+00 3.57e+00  9.68e+01  6.21e+01 2.33e-02  2.61e+01  1.62e-01 6.28e-03     20s
  11  -3.57779509e+01  5.11791847e+01  9.01e+00 3.55e+00  9.63e+01  6.58e+01 2.45e-02  2.57e+01  1.58e-01 5.82e-03     21s
  12  -3.67372458e+01  5.11815069e+01  9.11e+00 3.53e+00  9.58e+01 *6.96e+01 2.57e-02  2.54e+01  1.54e-01 5.49e-03     23s
  13  -3.77130755e+01  5.11834267e+01  9.22e+00 3.51e+00  9.53e+01 *7.35e+01 2.69e-02  2.50e+01  1.50e-01 5.19e-03     25s
  14  -3.87048578e+01  5.11850061e+01  9.35e+00 3.50e+00  9.49e+01 *7.74e+01 2.81e-02  2.47e+01  1.46e-01 4.91e-03     27s
  15  -3.97110877e+01  5.11862954e+01  9.48e+00 3.48e+00  9.45e+01 *8.15e+01 2.92e-02  2.45e+01  1.43e-01 4.65e-03     28s
  16  -4.07312778e+01  5.11873388e+01  9.64e+00 3.47e+00  9.41e+01 *8.56e+01 3.04e-02  2.42e+01  1.40e-01 4.41e-03     30s
  17  -4.17650260e+01  5.11881731e+01  9.80e+00 3.45e+00  9.38e+01 *8.98e+01 3.15e-02  2.39e+01  1.37e-01 4.19e-03     31s
  18  -4.28120148e+01  5.11888292e+01  9.98e+00 3.44e+00  9.34e+01 *9.41e+01 3.26e-02  2.37e+01  1.34e-01 3.99e-03     33s
  19  -4.38709494e+01  5.11893325e+01  1.02e+01 3.42e+00  9.31e+01 *9.85e+01 3.37e-02  2.35e+01  1.31e-01 3.80e-03     35s
  20  -4.49405415e+01  5.11897049e+01  1.04e+01 3.41e+00  9.28e+01 *1.03e+02 3.47e-02  2.32e+01  1.28e-01 3.62e-03     37s
  21  -4.60205940e+01  5.11899652e+01  1.06e+01 3.40e+00  9.25e+01 *1.08e+02 3.58e-02  2.30e+01  1.26e-01 3.45e-03     39s
  22  -4.71120842e+01  5.11901298e+01  1.08e+01 3.39e+00  9.22e+01 *1.12e+02 3.68e-02  2.28e+01  1.23e-01 3.30e-03     40s
  23  -4.82128328e+01  5.11902117e+01  1.10e+01 3.38e+00  9.19e+01 *1.17e+02 3.78e-02  2.27e+01  1.21e-01 3.15e-03     42s
  24  -4.93217171e+01  5.11902225e+01  1.12e+01 3.37e+00  9.17e+01 *1.22e+02 3.88e-02  2.25e+01  1.19e-01 3.01e-03     43s
  25  -5.04398668e+01  5.11901722e+01  1.14e+01 3.36e+00  9.14e+01 *1.27e+02 3.97e-02  2.23e+01  1.17e-01 2.89e-03     44s
  26  -5.15662951e+01  5.11900694e+01  1.17e+01 3.35e+00  9.12e+01 *1.32e+02 4.06e-02  2.21e+01  1.14e-01 2.77e-03     46s
  27  -5.27011634e+01  5.11899212e+01  1.19e+01 3.34e+00  9.10e+01 *1.37e+02 4.15e-02  2.20e+01  1.12e-01 2.66e-03     48s
  28  -5.38424190e+01  5.11897341e+01  1.22e+01 3.33e+00  9.07e+01 *1.42e+02 4.24e-02  2.18e+01  1.10e-01 2.55e-03     50s
  29  -5.49914171e+01  5.11895133e+01  1.24e+01 3.32e+00  9.05e+01 *1.47e+02 4.32e-02  2.17e+01  1.09e-01 2.45e-03     52s
  30  -5.61461665e+01  5.11892640e+01  1.27e+01 3.32e+00  9.03e+01 *1.52e+02 4.40e-02  2.16e+01  1.07e-01 2.36e-03     54s
  31  -5.73069632e+01  5.11889900e+01  1.29e+01 3.31e+00  9.02e+01 *1.58e+02 4.48e-02  2.14e+01  1.05e-01 2.27e-03     55s
  32  -5.84741677e+01  5.11886948e+01  1.32e+01 3.30e+00  9.00e+01 *1.63e+02 4.56e-02  2.13e+01  1.03e-01 2.19e-03     57s
  33  -5.96470292e+01  5.11883817e+01  1.35e+01 3.29e+00  8.98e+01 *1.69e+02 4.63e-02  2.12e+01  1.02e-01 2.11e-03     58s
  34  -6.08248096e+01  5.11880533e+01  1.37e+01 3.29e+00  8.96e+01 *1.74e+02 4.70e-02  2.11e+01  1.00e-01 2.03e-03     60s
  35  -6.20079683e+01  5.11877120e+01  1.40e+01 3.28e+00  8.95e+01 *1.80e+02 4.77e-02  2.10e+01  9.88e-02 1.96e-03     62s
  36  -6.31958323e+01  5.11873599e+01  1.43e+01 3.27e+00  8.93e+01 *1.86e+02 4.84e-02  2.09e+01  9.73e-02 1.90e-03     64s
  37  -6.43877413e+01  5.11869990e+01  1.45e+01 3.27e+00  8.92e+01 *1.91e+02 4.91e-02  2.08e+01  9.59e-02 1.83e-03     66s
  38  -6.55842441e+01  5.11866306e+01  1.48e+01 3.26e+00  8.90e+01 *1.97e+02 4.97e-02  2.07e+01  9.46e-02 1.77e-03     68s
  39  -6.67847402e+01  5.11862563e+01  1.51e+01 3.26e+00  8.89e+01 *2.03e+02 5.03e-02  2.06e+01  9.33e-02 1.71e-03     69s
  40  -6.79886400e+01  5.11858775e+01  1.54e+01 3.25e+00  8.87e+01 *2.09e+02 5.09e-02  2.05e+01  9.20e-02 1.66e-03     71s
  41  -6.91977825e+01  5.11854944e+01  1.57e+01 3.25e+00  8.86e+01 *2.16e+02 5.15e-02  2.04e+01  9.07e-02 1.61e-03     73s
  42  -7.04092394e+01  5.11851091e+01  1.59e+01 3.24e+00  8.85e+01 *2.22e+02 5.21e-02  2.03e+01  8.95e-02 1.56e-03     75s
  43  -7.16236694e+01  5.11847221e+01  1.62e+01 3.24e+00  8.84e+01 *2.28e+02 5.26e-02  2.02e+01  8.84e-02 1.51e-03     77s
  44  -7.28417752e+01  5.11843338e+01  1.65e+01 3.23e+00  8.82e+01 *2.34e+02 5.32e-02  2.01e+01  8.72e-02 1.47e-03     78s
  45  -7.40630806e+01  5.11839450e+01  1.68e+01 3.23e+00  8.81e+01 *2.41e+02 5.37e-02  2.01e+01  8.61e-02 1.42e-03     80s
  46  -7.52871178e+01  5.11835564e+01  1.71e+01 3.22e+00  8.80e+01 *2.47e+02 5.42e-02  2.00e+01  8.51e-02 1.38e-03     82s
  47  -7.65134276e+01  5.11831686e+01  1.74e+01 3.22e+00  8.79e+01 *2.54e+02 5.47e-02  1.99e+01  8.40e-02 1.34e-03     83s
  48  -7.77427887e+01  5.11827818e+01  1.77e+01 3.21e+00  8.78e+01 *2.61e+02 5.51e-02  1.98e+01  8.30e-02 1.30e-03     85s
  49  -7.89735538e+01  5.11823968e+01  1.80e+01 3.21e+00  8.77e+01 *2.67e+02 5.56e-02  1.98e+01  8.20e-02 1.27e-03     87s
  50  -8.02077567e+01  5.11820133e+01  1.82e+01 3.21e+00  8.76e+01 *2.74e+02 5.60e-02  1.97e+01  8.10e-02 1.23e-03     89s
  51  -8.14437862e+01  5.11816320e+01  1.85e+01 3.20e+00  8.75e+01 *2.81e+02 5.65e-02  1.96e+01  8.01e-02 1.20e-03     91s
  52  -8.26824872e+01  5.11812530e+01  1.88e+01 3.20e+00  8.74e+01 *2.88e+02 5.69e-02  1.96e+01  7.92e-02 1.17e-03     93s
  53  -8.39222567e+01  5.11808769e+01  1.91e+01 3.19e+00  8.73e+01 *2.95e+02 5.73e-02  1.95e+01  7.83e-02 1.14e-03     95s
  54  -8.51652000e+01  5.11805032e+01  1.94e+01 3.19e+00  8.72e+01 *3.02e+02 5.77e-02  1.95e+01  7.74e-02 1.11e-03     97s
  55  -8.64085019e+01  5.11801331e+01  1.97e+01 3.19e+00  8.71e+01 *3.09e+02 5.81e-02  1.94e+01  7.66e-02 1.08e-03     98s
  56  -8.76555343e+01  5.11797654e+01  2.00e+01 3.18e+00  8.71e+01 *3.17e+02 5.84e-02  1.94e+01  7.58e-02 1.05e-03     99s
  57  -8.89022602e+01  5.11794017e+01  2.03e+01 3.18e+00  8.70e+01 *3.24e+02 5.88e-02  1.93e+01  7.49e-02 1.03e-03    101s
  58  -9.01520736e+01  5.11790409e+01  2.06e+01 3.18e+00  8.69e+01 *3.31e+02 5.92e-02  1.93e+01  7.42e-02 1.00e-03    103s
  59  -9.14021892e+01  5.11786839e+01  2.09e+01 3.17e+00  8.68e+01 *3.39e+02 5.95e-02  1.92e+01  7.34e-02 9.77e-04    105s

The solution quality is limited by the precision of the linear system solver.

The II-IPM stopped after 60 iterations in 104.67 seconds.

Primal variables:   [+14.578 +102.091 +14.901 +5.309 +11.476 +2.637 +7.832 +71.416]
Dual slacks:        [+0.672 +0.066 +0.851 +2.733 +0.836 +5.418 +1.759 +0.076]
Dual variables:     [-3.057 -4.713]

Primal objective:   -9.14021892e+01
Dual objective:     5.11786839e+01 

Primal residual:    2.09e+01
Dual residual:      3.17e+00
Complementraty:     8.68e+01

Number of Iter:     60
Run time:           104.67
