
================= Linear optimization problem Information =================
Number of variables:     8
Number of constraints:   2

Norm of primal sol:      7.77e+00
Norm of dual sol:        1.00e+01
Norm of dual slacks:     5.00e+00

Norm of vector b:        1.00e+01
Norm of vector c:        2.13e+01

Norm of matrix A:        2.24e+00
Condition number:        2.00e+00
Seed:                    97

======================= Linear optimization problem =======================
coeff matrix A:          [[+0.016 -0.966 -0.675 -0.105 -0.465 -0.708 +0.376 -0.517]
                          [-0.613 -0.681 +0.226 -0.773 -0.163 -0.723 -0.016 -0.661]]

RHS vector b:            [-7.001 -7.140]
Obj vector c:            [+6.385 +11.715 +4.933 +4.513 +8.265 +9.625 -3.255 +7.650]

============================ Optimal solution =============================
Primal variables:        [+0.000 +4.262 +1.964 +1.250 +0.000 +1.313 +4.289 +4.082]
Dual slacks:             [+3.677 +0.000 +0.000 +0.000 +3.388 +0.000 +0.000 +0.000]
Dual variables:          [-8.856 -4.644]

Optimal objective:       +9.51636834e+01
===========================================================================

Method:             II-QIPM
LO_Precision:       1.00e-01
Stop_Precision:     1.00e-03
LO_Verbosity:       2
Omega:              1.00e+01
num_ancillae:       4

The Quantum Inexact Infeasible Interior-Point Method starts running ...


                  Objective                Residual                      Quantum                    Step-length
Iter      Primal           Dual         Primal    Dual     Compl    ||Resl||   Prob    Cond-Num   a-star   a-hat      Time
   0   2.27085657e+02  1.49735623e+00  1.03e+01 4.60e+00  3.05e+02 *1.19e-03 2.37e-01  4.00e+00  8.47e-01 7.13e-01      2s
   1   2.12677930e+02  7.29911634e+00  9.00e+00 4.04e+00  2.72e+02 *1.62e-02 1.63e-02  2.24e+00  7.46e-01 1.23e-01      3s
   2   1.99518654e+02  1.35327118e+01  7.86e+00 3.52e+00  2.41e+02 *1.56e-01 1.79e-02  2.47e+00  7.58e-01 1.28e-01      5s
   3   1.86478235e+02  2.03837102e+01  6.73e+00 3.02e+00  2.10e+02 *1.10e-01 1.93e-02  2.76e+00  7.84e-01 1.43e-01      6s
   4   1.74343477e+02  2.77795568e+01  5.69e+00 2.55e+00  1.82e+02 *1.39e-02 2.30e-02  3.16e+00  8.00e-01 1.54e-01      7s
   5   1.63257409e+02  3.57364564e+01  4.78e+00 2.13e+00  1.55e+02 *3.56e-01 2.92e-02  3.65e+00  8.14e-01 1.66e-01      9s
   6   1.51588033e+02  4.42146981e+01  3.80e+00 1.71e+00  1.28e+02 *2.90e-01 3.07e-02  4.22e+00  8.54e-01 1.99e-01     11s
   7   1.40375863e+02  5.29585668e+01  2.86e+00 1.32e+00  1.02e+02 *5.54e-01 3.76e-02  5.01e+00  8.78e-01 2.27e-01     12s
   8   1.30803711e+02  6.26765900e+01  2.17e+00 9.72e-01  7.80e+01 *4.25e-01 6.19e-02  6.02e+00  8.96e-01 2.62e-01     13s
   9   1.21474777e+02  7.29483370e+01  1.61e+00 6.44e-01  5.44e+01 *7.43e-01 7.66e-02  6.90e+00  9.32e-01 3.37e-01     15s
  10   1.12349680e+02  8.16084526e+01  1.02e+00 3.74e-01  3.38e+01 *2.67e-01 7.65e-02  7.76e+00  9.40e-01 4.20e-01     16s
  11   1.04412572e+02  8.64567875e+01  3.59e-01 2.18e-01  2.12e+01 *1.12e+00 7.23e-02  8.92e+00  8.57e-01 4.17e-01     17s
  12   9.81209237e+01  8.79727044e+01  1.13e+00 1.62e-01  1.63e+01 *4.38e+00 6.10e-02  1.10e+01  7.10e-01 2.54e-01     18s
  13   9.34054159e+01  8.83860253e+01  2.04e+00 1.43e-01  1.45e+01  8.69e+00 4.02e-02  1.41e+01  5.71e-01 1.22e-01     20s
  14   8.98190032e+01  8.85488949e+01  2.73e+00 1.32e-01  1.36e+01  1.19e+01 2.75e-02  1.71e+01  4.94e-01 7.15e-02     22s
  15   8.68842932e+01  8.86361976e+01  3.29e+00 1.26e-01  1.29e+01  1.41e+01 2.18e-02  1.97e+01  4.50e-01 5.00e-02     23s
  16   8.43586746e+01  8.86916795e+01  3.78e+00 1.21e-01  1.25e+01  1.59e+01 1.90e-02  2.20e+01  4.19e-01 3.85e-02     25s
  17   8.21079044e+01  8.87307967e+01  4.20e+00 1.17e-01  1.21e+01  1.75e+01 1.75e-02  2.40e+01  3.95e-01 3.14e-02     26s
  18   8.00559207e+01  8.87602644e+01  4.59e+00 1.14e-01  1.18e+01  1.89e+01 1.66e-02  2.58e+01  3.76e-01 2.64e-02     27s
  19   7.81553342e+01  8.87834969e+01  4.95e+00 1.11e-01  1.16e+01  2.04e+01 1.61e-02  2.74e+01  3.59e-01 2.28e-02     28s
  20   7.63705275e+01  8.88024702e+01  5.28e+00 1.09e-01  1.14e+01  2.18e+01 1.57e-02  2.89e+01  3.45e-01 2.01e-02     30s
  21   7.46804465e+01  8.88183441e+01  5.60e+00 1.07e-01  1.12e+01  2.31e+01 1.55e-02  3.02e+01  3.31e-01 1.78e-02     31s
  22   7.30663268e+01  8.88319056e+01  5.90e+00 1.06e-01  1.10e+01  2.45e+01 1.53e-02  3.15e+01  3.19e-01 1.61e-02     33s
  23   7.15168403e+01  8.88436644e+01  6.19e+00 1.04e-01  1.09e+01  2.59e+01 1.52e-02  3.26e+01  3.07e-01 1.46e-02     34s
  24   7.00212017e+01  8.88539981e+01  6.47e+00 1.03e-01  1.07e+01  2.73e+01 1.52e-02  3.36e+01  2.95e-01 1.33e-02     36s
  25   6.85708043e+01  8.88631816e+01  6.75e+00 1.01e-01  1.06e+01  2.88e+01 1.51e-02  3.46e+01  2.84e-01 1.22e-02     37s
  26   6.71607207e+01  8.88714079e+01  7.01e+00 1.00e-01  1.05e+01  3.02e+01 1.51e-02  3.54e+01  2.75e-01 1.13e-02     39s
  27   6.57837911e+01  8.88788443e+01  7.27e+00 9.92e-02  1.04e+01  3.17e+01 1.50e-02  3.63e+01  2.66e-01 1.04e-02     41s
  28   6.44361098e+01  8.88856090e+01  7.52e+00 9.82e-02  1.03e+01  3.33e+01 1.50e-02  3.70e+01  2.57e-01 9.71e-03     43s
  29   6.31154244e+01  8.88917916e+01  7.76e+00 9.73e-02  1.02e+01  3.48e+01 1.50e-02  3.77e+01  2.50e-01 9.06e-03     44s
  30   6.18184103e+01  8.88974721e+01  8.01e+00 9.65e-02  1.01e+01  3.64e+01 1.50e-02  3.84e+01  2.42e-01 8.48e-03     45s
  31   6.05406958e+01  8.89027220e+01  8.25e+00 9.57e-02  1.01e+01  3.80e+01 1.50e-02  3.90e+01  2.36e-01 7.97e-03     46s
  32   5.92819059e+01  8.89075859e+01  8.48e+00 9.50e-02  1.00e+01  3.97e+01 1.50e-02  3.95e+01  2.29e-01 7.49e-03     48s
  33   5.80405169e+01  8.89121069e+01  8.71e+00 9.43e-02  9.94e+00  4.14e+01 1.50e-02  4.00e+01  2.23e-01 7.06e-03     50s
  34   5.68126568e+01  8.89163303e+01  8.94e+00 9.37e-02  9.87e+00  4.31e+01 1.50e-02  4.05e+01  2.18e-01 6.68e-03     52s
  35   5.55994353e+01  8.89202787e+01  9.17e+00 9.31e-02  9.82e+00  4.49e+01 1.50e-02  4.10e+01  2.12e-01 6.32e-03     53s
  36   5.43971934e+01  8.89239873e+01  9.39e+00 9.25e-02  9.76e+00  4.67e+01 1.50e-02  4.14e+01  2.07e-01 6.00e-03     55s
  37   5.32059303e+01  8.89274757e+01  9.62e+00 9.20e-02  9.71e+00  4.86e+01 1.50e-02  4.18e+01  2.02e-01 5.70e-03     56s
  38   5.20256841e+01  8.89307612e+01  9.84e+00 9.15e-02  9.66e+00  5.05e+01 1.50e-02  4.22e+01  1.98e-01 5.41e-03     58s
  39   5.08541838e+01  8.89338660e+01  1.01e+01 9.10e-02  9.62e+00  5.24e+01 1.50e-02  4.26e+01  1.93e-01 5.16e-03     60s
  40   4.96915250e+01  8.89368031e+01  1.03e+01 9.06e-02  9.58e+00  5.43e+01 1.50e-02  4.29e+01  1.89e-01 4.92e-03     61s
  41   4.85355163e+01  8.89395901e+01  1.05e+01 9.02e-02  9.53e+00  5.64e+01 1.50e-02  4.32e+01  1.85e-01 4.70e-03     62s
  42   4.73874368e+01  8.89422346e+01  1.07e+01 8.98e-02  9.50e+00  5.84e+01 1.50e-02  4.35e+01  1.82e-01 4.49e-03     64s
  43   4.62451564e+01  8.89447512e+01  1.09e+01 8.94e-02  9.46e+00  6.05e+01 1.50e-02  4.38e+01  1.78e-01 4.30e-03     65s
  44   4.51099675e+01  8.89471455e+01  1.11e+01 8.90e-02  9.42e+00  6.26e+01 1.50e-02  4.40e+01  1.74e-01 4.11e-03     66s
  45   4.39786552e+01  8.89494323e+01  1.13e+01 8.87e-02  9.39e+00  6.48e+01 1.50e-02  4.43e+01  1.71e-01 3.95e-03     67s
  46   4.28536349e+01  8.89516135e+01  1.16e+01 8.83e-02  9.36e+00  6.70e+01 1.50e-02  4.45e+01  1.68e-01 3.79e-03     69s
  47   4.17328559e+01  8.89536997e+01  1.18e+01 8.80e-02  9.32e+00  6.93e+01 1.50e-02  4.47e+01  1.65e-01 3.64e-03     71s
  48   4.06176162e+01  8.89556941e+01  1.20e+01 8.77e-02  9.29e+00  7.15e+01 1.50e-02  4.50e+01  1.62e-01 3.50e-03     72s
  49   3.95047777e+01  8.89576078e+01  1.22e+01 8.74e-02  9.27e+00  7.39e+01 1.50e-02  4.52e+01  1.59e-01 3.37e-03     74s
  50   3.83967325e+01  8.89594414e+01  1.24e+01 8.71e-02  9.24e+00  7.63e+01 1.50e-02  4.54e+01  1.56e-01 3.24e-03     76s
  51   3.72914714e+01  8.89612027e+01  1.26e+01 8.68e-02  9.21e+00  7.87e+01 1.50e-02  4.55e+01  1.53e-01 3.13e-03     77s
  52   3.61902809e+01  8.89628937e+01  1.28e+01 8.66e-02  9.19e+00  8.11e+01 1.50e-02  4.57e+01  1.51e-01 3.01e-03     79s
  53   3.50911632e+01  8.89645213e+01  1.30e+01 8.63e-02  9.16e+00  8.36e+01 1.50e-02  4.59e+01  1.48e-01 2.91e-03     80s
  54   3.39964910e+01  8.89660854e+01  1.32e+01 8.61e-02  9.14e+00  8.62e+01 1.50e-02  4.60e+01  1.46e-01 2.81e-03     82s
  55   3.29031920e+01  8.89675937e+01  1.34e+01 8.59e-02  9.12e+00  8.88e+01 1.50e-02  4.62e+01  1.44e-01 2.72e-03     84s
  56   3.18125315e+01  8.89690473e+01  1.36e+01 8.56e-02  9.09e+00  9.14e+01 1.50e-02  4.63e+01  1.41e-01 2.62e-03     85s
  57   3.07236094e+01  8.89704502e+01  1.38e+01 8.54e-02  9.07e+00  9.41e+01 1.50e-02  4.65e+01  1.39e-01 2.54e-03     87s
  58   2.96376916e+01  8.89718032e+01  1.40e+01 8.52e-02  9.05e+00  9.68e+01 1.50e-02  4.66e+01  1.37e-01 2.46e-03     88s
  59   2.85538860e+01  8.89731100e+01  1.42e+01 8.50e-02  9.03e+00  9.95e+01 1.50e-02  4.67e+01  1.35e-01 2.38e-03     90s
  60   2.74712919e+01  8.89743738e+01  1.44e+01 8.48e-02  9.01e+00  1.02e+02 1.50e-02  4.68e+01  1.33e-01 2.31e-03     91s
  61   2.63911610e+01  8.89755951e+01  1.46e+01 8.46e-02  8.99e+00  1.05e+02 1.50e-02  4.69e+01  1.31e-01 2.23e-03     92s
  62   2.53125984e+01  8.89767771e+01  1.48e+01 8.44e-02  8.98e+00  1.08e+02 1.50e-02  4.70e+01  1.29e-01 2.17e-03     95s
  63   2.42346987e+01  8.89779224e+01  1.50e+01 8.42e-02  8.96e+00  1.11e+02 1.50e-02  4.71e+01  1.27e-01 2.11e-03     96s
  64   2.31597755e+01  8.89790303e+01  1.52e+01 8.41e-02  8.94e+00  1.14e+02 1.50e-02  4.72e+01  1.25e-01 2.04e-03     98s
  65   2.20847904e+01  8.89801056e+01  1.54e+01 8.39e-02  8.93e+00  1.17e+02 1.51e-02  4.73e+01  1.24e-01 1.98e-03     99s
  66   2.10120401e+01  8.89811473e+01  1.56e+01 8.37e-02  8.91e+00  1.20e+02 1.51e-02  4.74e+01  1.22e-01 1.93e-03    101s
  67   1.99395540e+01  8.89821588e+01  1.58e+01 8.36e-02  8.90e+00  1.23e+02 1.51e-02  4.75e+01  1.20e-01 1.87e-03    103s
  68   1.88685535e+01  8.89831404e+01  1.60e+01 8.34e-02  8.88e+00  1.26e+02 1.51e-02  4.76e+01  1.19e-01 1.82e-03    104s
  69   1.77992007e+01  8.89840930e+01  1.62e+01 8.33e-02  8.87e+00  1.29e+02 1.51e-02  4.77e+01  1.17e-01 1.77e-03    106s
  70   1.67305887e+01  8.89850186e+01  1.64e+01 8.31e-02  8.85e+00  1.33e+02 1.51e-02  4.78e+01  1.16e-01 1.72e-03    108s
  71   1.56628673e+01  8.89859184e+01  1.67e+01 8.30e-02  8.84e+00  1.36e+02 1.51e-02  4.78e+01  1.14e-01 1.68e-03    109s
  72   1.45951186e+01  8.89867939e+01  1.69e+01 8.29e-02  8.82e+00  1.39e+02 1.51e-02  4.79e+01  1.13e-01 1.64e-03    110s
  73   1.35296139e+01  8.89876445e+01  1.71e+01 8.27e-02  8.81e+00  1.43e+02 1.51e-02  4.80e+01  1.11e-01 1.59e-03    111s
  74   1.24643829e+01  8.89884725e+01  1.73e+01 8.26e-02  8.80e+00  1.46e+02 1.51e-02  4.81e+01  1.10e-01 1.55e-03    113s
  75   1.13995623e+01  8.89892788e+01  1.75e+01 8.25e-02  8.79e+00  1.50e+02 1.51e-02  4.81e+01  1.09e-01 1.51e-03    114s
  76   1.08103704e+01  8.89897135e+01  1.76e+01 8.24e-02  8.78e+00  1.53e+02 1.51e-02  4.82e+01  1.07e-01 8.17e-04    116s

The solution quality is limited by the precision of the linear system solver.

The II-IPM stopped after 77 iterations in 116.06 seconds.

Primal variables:   [+0.325 +1.629 +82.269 +2.303 +0.386 +1.819 +142.625 +2.223]
Dual slacks:        [+4.103 +0.639 +0.010 +0.566 +3.599 +0.627 +0.004 +0.558]
Dual variables:     [-8.657 -3.975]

Primal objective:   1.08103704e+01 
Dual objective:     8.89897135e+01 

Primal residual:    1.76e+01
Dual residual:      8.24e-02
Complementraty:     8.78e+00

Number of Iter:     77
Run time:           116.06
