
================= Linear optimization problem Information =================
Number of variables:     8
Number of constraints:   2

Norm of primal sol:      7.77e+00
Norm of dual sol:        1.00e+01
Norm of dual slacks:     5.00e+00

Norm of vector b:        1.00e+01
Norm of vector c:        2.17e+01

Norm of matrix A:        2.83e+00
Condition number:        1.00e+00
Seed:                    97

======================= Linear optimization problem =======================
coeff matrix A:          [[+0.330 -1.100 -1.120 +0.230 -0.613 -0.694 +0.568 -0.441]
                          [-0.933 -0.545 +0.678 -1.113 -0.013 -0.737 -0.211 -0.739]]

RHS vector b:            [-6.869 -7.267]
Obj vector c:            [+5.085 +12.269 +6.771 +3.130 +8.873 +9.569 -4.050 +7.335]

============================ Optimal solution =============================
Primal variables:        [+0.000 +4.260 +1.963 +1.249 +0.000 +1.313 +4.287 +4.079]
Dual slacks:             [+3.677 +0.000 +0.000 +0.000 +3.388 +0.000 +0.000 +0.000]
Dual variables:          [-8.856 -4.644]

Optimal objective:       +9.45846237e+01
===========================================================================

Method:             II-QIPM
LO_Precision:       1.00e-01
Stop_Precision:     1.00e-03
LO_Verbosity:       2
Omega:              1.00e+01
num_ancillae:       4

The Quantum Inexact Infeasible Interior-Point Method starts running ...


                  Objective                Residual                      Quantum                    Step-length
Iter      Primal           Dual         Primal    Dual     Compl    ||Resl||   Prob    Cond-Num   a-star   a-hat      Time
   0   2.24226481e+02  1.10710210e+00  1.04e+01 4.92e+00  3.05e+02 *1.14e-14 1.56e-02  1.00e+00  8.47e-01 7.12e-01      0s
   1   2.10336873e+02  7.18139790e+00  9.12e+00 4.31e+00  2.71e+02 *4.90e-01 5.38e-02  3.73e+00  7.48e-01 1.24e-01      2s
   2   1.96763326e+02  1.30478376e+01  7.88e+00 3.75e+00  2.40e+02 *5.56e-01 5.13e-02  4.29e+00  7.60e-01 1.29e-01      3s
   3   1.83892754e+02  1.93361653e+01  6.71e+00 3.24e+00  2.11e+02 *7.03e-01 5.97e-02  5.04e+00  7.75e-01 1.38e-01      5s
   4   1.72324722e+02  2.72978911e+01  5.72e+00 2.73e+00  1.82e+02 *5.30e-01 9.06e-02  5.97e+00  8.04e-01 1.57e-01      6s
   5   1.61316698e+02  3.63421031e+01  4.83e+00 2.23e+00  1.52e+02 *9.04e-01 1.14e-01  7.00e+00  8.34e-01 1.82e-01      8s
   6   1.50240176e+02  4.43392260e+01  3.87e+00 1.81e+00  1.27e+02 *2.50e-01 1.11e-01  8.20e+00  8.44e-01 1.90e-01      9s
   7   1.39135781e+02  4.95178077e+01  2.79e+00 1.50e+00  1.08e+02 *2.86e+00 8.51e-02  9.82e+00  8.13e-01 1.68e-01     11s
   8   1.28719871e+02  5.21022088e+01  1.75e+00 1.31e+00  9.53e+01 *6.31e+00 5.28e-02  1.21e+01  7.38e-01 1.28e-01     13s
   9   1.19617684e+02  5.33048481e+01  1.01e+00 1.19e+00  8.71e+01 *9.35e+00 3.09e-02  1.52e+01  6.57e-01 9.57e-02     14s
  10   1.11936858e+02  5.39073902e+01  9.79e-01 1.10e+00  8.12e+01 *1.15e+01 2.11e-02  1.88e+01  5.93e-01 7.42e-02     16s
  11   1.05407567e+02  5.42511588e+01  1.47e+00 1.03e+00  7.67e+01 *1.30e+01 1.74e-02  2.27e+01  5.47e-01 6.04e-02     18s
  12   9.97686500e+01  5.44710382e+01  2.03e+00 9.79e-01  7.31e+01 *1.41e+01 1.60e-02  2.67e+01  5.10e-01 5.07e-02     19s
  13   9.48214969e+01  5.46246938e+01  2.56e+00 9.37e-01  7.02e+01 *1.51e+01 1.54e-02  3.08e+01  4.81e-01 4.35e-02     20s
  14   9.04073743e+01  5.47396938e+01  3.05e+00 9.01e-01  6.78e+01 *1.61e+01 1.52e-02  3.49e+01  4.55e-01 3.80e-02     22s
  15   8.64128690e+01  5.48301448e+01  3.50e+00 8.71e-01  6.57e+01 *1.70e+01 1.52e-02  3.90e+01  4.33e-01 3.36e-02     23s
  16   8.27553945e+01  5.49039006e+01  3.92e+00 8.45e-01  6.39e+01 *1.79e+01 1.51e-02  4.30e+01  4.13e-01 2.99e-02     24s
  17   7.93756231e+01  5.49656227e+01  4.32e+00 8.22e-01  6.23e+01 *1.88e+01 1.52e-02  4.69e+01  3.96e-01 2.69e-02     25s
  18   7.62191962e+01  5.50184404e+01  4.69e+00 8.02e-01  6.09e+01 *1.97e+01 1.52e-02  5.06e+01  3.79e-01 2.43e-02     27s
  19   7.32565567e+01  5.50642366e+01  5.03e+00 7.84e-01  5.97e+01 *2.07e+01 1.52e-02  5.42e+01  3.65e-01 2.21e-02     28s
  20   7.04520371e+01  5.51045273e+01  5.37e+00 7.68e-01  5.86e+01 *2.17e+01 1.52e-02  5.76e+01  3.51e-01 2.02e-02     29s
  21   6.77837877e+01  5.51403087e+01  5.68e+00 7.54e-01  5.76e+01 *2.28e+01 1.52e-02  6.09e+01  3.38e-01 1.85e-02     30s
  22   6.52308379e+01  5.51723721e+01  5.99e+00 7.41e-01  5.67e+01 *2.38e+01 1.52e-02  6.40e+01  3.26e-01 1.70e-02     32s
  23   6.27801754e+01  5.52012727e+01  6.29e+00 7.30e-01  5.59e+01 *2.49e+01 1.53e-02  6.69e+01  3.15e-01 1.57e-02     33s
  24   6.04159905e+01  5.52275084e+01  6.57e+00 7.19e-01  5.51e+01 *2.61e+01 1.53e-02  6.96e+01  3.05e-01 1.46e-02     34s
  25   5.81290691e+01  5.52514304e+01  6.85e+00 7.09e-01  5.44e+01 *2.73e+01 1.53e-02  7.22e+01  2.95e-01 1.35e-02     36s
  26   5.59092310e+01  5.52733517e+01  7.12e+00 7.00e-01  5.38e+01 *2.85e+01 1.53e-02  7.47e+01  2.86e-01 1.26e-02     38s
  27   5.37496575e+01  5.52935112e+01  7.38e+00 6.92e-01  5.32e+01 *2.98e+01 1.53e-02  7.70e+01  2.78e-01 1.17e-02     40s
  28   5.16401616e+01  5.53121487e+01  7.64e+00 6.85e-01  5.27e+01 *3.11e+01 1.53e-02  7.91e+01  2.70e-01 1.10e-02     41s
  29   4.95797436e+01  5.53293955e+01  7.90e+00 6.78e-01  5.22e+01 *3.24e+01 1.53e-02  8.12e+01  2.62e-01 1.03e-02     42s
  30   4.75596898e+01  5.53454327e+01  8.15e+00 6.71e-01  5.17e+01 *3.38e+01 1.53e-02  8.31e+01  2.55e-01 9.68e-03     44s
  31   4.55779082e+01  5.53603687e+01  8.39e+00 6.65e-01  5.13e+01 *3.52e+01 1.54e-02  8.48e+01  2.48e-01 9.11e-03     45s
  32   4.36287365e+01  5.53743276e+01  8.63e+00 6.59e-01  5.09e+01 *3.67e+01 1.54e-02  8.65e+01  2.42e-01 8.59e-03     46s
  33   4.17107615e+01  5.53873906e+01  8.87e+00 6.54e-01  5.05e+01 *3.82e+01 1.54e-02  8.81e+01  2.35e-01 8.10e-03     48s
  34   3.98190205e+01  5.53996548e+01  9.11e+00 6.49e-01  5.02e+01 *3.98e+01 1.54e-02  8.95e+01  2.29e-01 7.67e-03     49s
  35   3.79544469e+01  5.54111703e+01  9.34e+00 6.44e-01  4.98e+01 *4.14e+01 1.54e-02  9.09e+01  2.24e-01 7.25e-03     51s
  36   3.61107289e+01  5.54220270e+01  9.57e+00 6.40e-01  4.95e+01 *4.30e+01 1.54e-02  9.22e+01  2.19e-01 6.88e-03     53s
  37   3.42872734e+01  5.54322722e+01  9.80e+00 6.36e-01  4.92e+01 *4.47e+01 1.54e-02  9.34e+01  2.13e-01 6.54e-03     54s
  38   3.24836089e+01  5.54419491e+01  1.00e+01 6.32e-01  4.89e+01 *4.65e+01 1.54e-02  9.46e+01  2.09e-01 6.21e-03     55s
  39   3.06975842e+01  5.54511063e+01  1.03e+01 6.28e-01  4.87e+01 *4.82e+01 1.54e-02  9.57e+01  2.04e-01 5.91e-03     57s
  40   2.89253893e+01  5.54597960e+01  1.05e+01 6.24e-01  4.84e+01 *5.01e+01 1.54e-02  9.67e+01  1.99e-01 5.64e-03     58s
  41   2.71685960e+01  5.54680396e+01  1.07e+01 6.21e-01  4.82e+01 *5.19e+01 1.54e-02  9.76e+01  1.95e-01 5.38e-03     60s
  42   2.54253436e+01  5.54758736e+01  1.09e+01 6.18e-01  4.80e+01 *5.38e+01 1.54e-02  9.86e+01  1.91e-01 5.13e-03     62s
  43   2.36955729e+01  5.54833232e+01  1.11e+01 6.15e-01  4.77e+01 *5.58e+01 1.54e-02  9.94e+01  1.87e-01 4.90e-03     63s
  44   2.19758392e+01  5.54904261e+01  1.14e+01 6.12e-01  4.75e+01 *5.78e+01 1.54e-02  1.00e+02  1.83e-01 4.69e-03     65s
  45   2.02661686e+01  5.54972023e+01  1.16e+01 6.09e-01  4.73e+01 *5.98e+01 1.54e-02  1.01e+02  1.80e-01 4.50e-03     66s
  46   1.85666274e+01  5.55036705e+01  1.18e+01 6.06e-01  4.71e+01 *6.19e+01 1.54e-02  1.02e+02  1.76e-01 4.31e-03     67s
  47   1.68756249e+01  5.55098543e+01  1.20e+01 6.04e-01  4.70e+01 *6.40e+01 1.54e-02  1.02e+02  1.73e-01 4.13e-03     68s
  48   1.51949649e+01  5.55157631e+01  1.22e+01 6.02e-01  4.68e+01 *6.62e+01 1.54e-02  1.03e+02  1.70e-01 3.96e-03     69s
  49   1.35197835e+01  5.55214292e+01  1.24e+01 5.99e-01  4.66e+01 *6.84e+01 1.54e-02  1.04e+02  1.66e-01 3.81e-03     71s
  50   1.18518947e+01  5.55268595e+01  1.27e+01 5.97e-01  4.65e+01 *7.07e+01 1.54e-02  1.04e+02  1.63e-01 3.67e-03     73s
  51   1.01914789e+01  5.55320660e+01  1.29e+01 5.95e-01  4.63e+01 *7.30e+01 1.54e-02  1.05e+02  1.60e-01 3.53e-03     74s
  52   8.53707990e+00  5.55370653e+01  1.31e+01 5.93e-01  4.62e+01 *7.54e+01 1.54e-02  1.05e+02  1.58e-01 3.39e-03     75s
  53   6.88889837e+00  5.55418675e+01  1.33e+01 5.91e-01  4.60e+01 *7.78e+01 1.54e-02  1.06e+02  1.55e-01 3.27e-03     77s
  54   5.24550573e+00  5.55464868e+01  1.35e+01 5.89e-01  4.59e+01 *8.02e+01 1.54e-02  1.06e+02  1.52e-01 3.15e-03     79s
  55   3.60875267e+00  5.55509274e+01  1.37e+01 5.87e-01  4.58e+01 *8.27e+01 1.54e-02  1.07e+02  1.50e-01 3.04e-03     80s
  56   1.97397678e+00  5.55552107e+01  1.39e+01 5.86e-01  4.57e+01 *8.53e+01 1.54e-02  1.07e+02  1.47e-01 2.94e-03     82s
  57   3.46267948e-01  5.55593312e+01  1.41e+01 5.84e-01  4.55e+01 *8.79e+01 1.54e-02  1.08e+02  1.45e-01 2.83e-03     83s
  58  -1.27899144e+00  5.55633085e+01  1.43e+01 5.82e-01  4.54e+01 *9.05e+01 1.54e-02  1.08e+02  1.42e-01 2.74e-03     85s
  59  -2.89996381e+00  5.55671448e+01  1.45e+01 5.81e-01  4.53e+01 *9.32e+01 1.55e-02  1.08e+02  1.40e-01 2.65e-03     86s
  60  -4.51640955e+00  5.55708463e+01  1.48e+01 5.79e-01  4.52e+01 *9.59e+01 1.55e-02  1.09e+02  1.38e-01 2.56e-03     87s
  61  -6.12969702e+00  5.55744225e+01  1.50e+01 5.78e-01  4.51e+01 *9.87e+01 1.55e-02  1.09e+02  1.36e-01 2.48e-03     89s
  62  -7.73959258e+00  5.55778785e+01  1.52e+01 5.77e-01  4.50e+01 *1.02e+02 1.55e-02  1.09e+02  1.34e-01 2.40e-03     91s
  63  -9.34746602e+00  5.55812228e+01  1.54e+01 5.75e-01  4.49e+01 *1.04e+02 1.55e-02  1.10e+02  1.32e-01 2.33e-03     92s
  64  -1.09514873e+01  5.55844566e+01  1.56e+01 5.74e-01  4.48e+01 *1.07e+02 1.55e-02  1.10e+02  1.30e-01 2.26e-03     94s
  65  -1.25530130e+01  5.55875874e+01  1.58e+01 5.73e-01  4.47e+01 *1.10e+02 1.55e-02  1.10e+02  1.28e-01 2.19e-03     96s
  66  -1.41518120e+01  5.55906194e+01  1.60e+01 5.71e-01  4.46e+01 *1.13e+02 1.55e-02  1.11e+02  1.26e-01 2.12e-03     97s
  67  -1.57492480e+01  5.55935593e+01  1.62e+01 5.70e-01  4.45e+01 *1.16e+02 1.55e-02  1.11e+02  1.24e-01 2.06e-03     98s
  68  -1.73435073e+01  5.55964077e+01  1.64e+01 5.69e-01  4.45e+01 *1.19e+02 1.55e-02  1.11e+02  1.23e-01 2.00e-03    100s
  69  -1.89359448e+01  5.55991709e+01  1.66e+01 5.68e-01  4.44e+01 *1.23e+02 1.55e-02  1.11e+02  1.21e-01 1.94e-03    101s
  70  -2.05263386e+01  5.56018521e+01  1.68e+01 5.67e-01  4.43e+01 *1.26e+02 1.55e-02  1.12e+02  1.19e-01 1.89e-03    103s
  71  -2.21144654e+01  5.56044542e+01  1.70e+01 5.66e-01  4.42e+01 *1.29e+02 1.55e-02  1.12e+02  1.18e-01 1.83e-03    105s
  72  -2.37016880e+01  5.56069827e+01  1.72e+01 5.65e-01  4.42e+01 *1.32e+02 1.55e-02  1.12e+02  1.16e-01 1.79e-03    106s
  73  -2.52862127e+01  5.56094376e+01  1.74e+01 5.64e-01  4.41e+01 *1.36e+02 1.55e-02  1.12e+02  1.15e-01 1.74e-03    107s
  74  -2.68693973e+01  5.56118241e+01  1.76e+01 5.63e-01  4.40e+01 *1.39e+02 1.55e-02  1.12e+02  1.13e-01 1.69e-03    109s
  75  -2.84510326e+01  5.56141444e+01  1.78e+01 5.62e-01  4.40e+01 *1.42e+02 1.55e-02  1.13e+02  1.12e-01 1.64e-03    110s
  76  -3.00309090e+01  5.56164008e+01  1.81e+01 5.61e-01  4.39e+01 *1.46e+02 1.55e-02  1.13e+02  1.10e-01 1.60e-03    111s
  77  -3.16103959e+01  5.56185978e+01  1.83e+01 5.60e-01  4.38e+01 *1.49e+02 1.55e-02  1.13e+02  1.09e-01 1.56e-03    113s
  78  -3.31877221e+01  5.56207350e+01  1.85e+01 5.59e-01  4.38e+01 *1.53e+02 1.55e-02  1.13e+02  1.08e-01 1.52e-03    115s
  79  -3.47642544e+01  5.56228166e+01  1.87e+01 5.59e-01  4.37e+01 *1.57e+02 1.55e-02  1.13e+02  1.06e-01 1.48e-03    116s
  80  -3.63397997e+01  5.56248444e+01  1.89e+01 5.58e-01  4.37e+01 *1.60e+02 1.55e-02  1.13e+02  1.05e-01 1.45e-03    118s
  81  -3.79141649e+01  5.56268200e+01  1.91e+01 5.57e-01  4.36e+01 *1.64e+02 1.55e-02  1.14e+02  1.04e-01 1.41e-03    120s
  82  -3.94871571e+01  5.56287452e+01  1.93e+01 5.56e-01  4.35e+01 *1.68e+02 1.55e-02  1.14e+02  1.03e-01 1.38e-03    121s
  83  -4.10601568e+01  5.56306233e+01  1.95e+01 5.55e-01  4.35e+01 *1.71e+02 1.55e-02  1.14e+02  1.01e-01 1.34e-03    123s
  84  -4.26298447e+01  5.56324523e+01  1.97e+01 5.55e-01  4.34e+01 *1.75e+02 1.55e-02  1.14e+02  1.00e-01 1.31e-03    124s
  85  -4.42007243e+01  5.56342389e+01  1.99e+01 5.54e-01  4.34e+01 *1.79e+02 1.55e-02  1.14e+02  9.91e-02 1.28e-03    125s
  86  -4.57710677e+01  5.56359827e+01  2.01e+01 5.53e-01  4.33e+01 *1.83e+02 1.55e-02  1.14e+02  9.80e-02 1.25e-03    127s
  87  -4.73391308e+01  5.56376833e+01  2.03e+01 5.53e-01  4.33e+01 *1.87e+02 1.55e-02  1.14e+02  9.69e-02 1.22e-03    128s
  88  -4.89062918e+01  5.56393435e+01  2.05e+01 5.52e-01  4.32e+01 *1.91e+02 1.55e-02  1.15e+02  9.58e-02 1.19e-03    129s
  89  -5.04739449e+01  5.56409663e+01  2.07e+01 5.51e-01  4.32e+01 *1.95e+02 1.55e-02  1.15e+02  9.48e-02 1.17e-03    131s
  90  -5.20403661e+01  5.56425510e+01  2.09e+01 5.51e-01  4.31e+01 *1.99e+02 1.55e-02  1.15e+02  9.38e-02 1.14e-03    133s
  91  -5.36069496e+01  5.56441004e+01  2.11e+01 5.50e-01  4.31e+01 *2.04e+02 1.55e-02  1.15e+02  9.28e-02 1.12e-03    134s
  92  -5.51719733e+01  5.56456139e+01  2.13e+01 5.49e-01  4.31e+01 *2.08e+02 1.55e-02  1.15e+02  9.18e-02 1.09e-03    135s
  93  -5.67368314e+01  5.56470940e+01  2.15e+01 5.49e-01  4.30e+01 *2.12e+02 1.55e-02  1.15e+02  9.08e-02 1.07e-03    137s
