
--------------- Linear optimization problem characteristics ---------------
Seed:                    19
Number of variables:     4
Number of constraints:   2

Norm of primal sol:      2.44e+00
Norm of dual sol:        1.00e+01
Norm of dual slacks:     5.00e+00

Norm of vector b:        2.00e+00
Norm of vector c:        5.36e+00

Norm of matrix A:        1.00e+00
Condition number:        2.00e+00

----------------------- Linear optimization problem -----------------------
Coeff matrix A:          [[-0.589 +0.521 +0.154 +0.390]
                          [-0.007 -0.538 +0.305 -0.271]]

RHS vector b:            [+1.419 -1.409]
Obj vector c:            [+4.106 +3.036 +1.242 +1.053]

---------------------------- Optimal solution -----------------------------
Primal variables:         [+0.000 +2.400 +0.000 +0.435]
Dual slacks:              [+1.837 +0.000 +4.650 +0.000]
Dual variables:           [-3.747 -9.271]

Optimal objective:       +7.74410071e+00
===========================================================================

Method:                  II-IPM
LO_Precision:            1.00e-03
Stop_Precision:          1.00e-08
LO_Verbosity:            2
Omega:                   1.00e+01

The Inexact Infeasible Interior-Point Method starts running ...


                  Objective                Residual                                               Step-length
Iter      Primal           Dual         Primal    Dual     Compl    Cond-Num  ||M||   ||RHS||    a-star   a-hat      Time
   0   7.16519137e+01 -9.51421866e+00  6.44e-02 2.00e-01  8.46e+01  4.00e+00 1.00e+00 4.84e+00  1.00e+00 9.87e-01      0s
   1   4.99094597e+01 -8.54648107e+00  4.34e-02 1.35e-01  6.01e+01  1.90e+00 2.37e+00 2.28e+00  9.44e-01 3.25e-01      0s
   2   3.86171853e+01 -7.65783339e+00  3.31e-02 1.03e-01  4.73e+01  1.96e+00 1.62e+00 2.08e+00  8.73e-01 2.39e-01      0s
   3   3.15497082e+01 -6.80034246e+00  2.66e-02 8.28e-02  3.90e+01  2.08e+00 1.25e+00 2.00e+00  8.27e-01 1.95e-01      0s
   4   2.66865278e+01 -5.96124451e+00  2.21e-02 6.88e-02  3.31e+01  2.28e+00 1.04e+00 1.96e+00  7.94e-01 1.68e-01      0s
   5   2.31358734e+01 -5.13628854e+00  1.88e-02 5.84e-02  2.86e+01  2.57e+00 9.11e-01 1.93e+00  7.69e-01 1.51e-01      0s
   6   2.04417682e+01 -4.32596028e+00  1.62e-02 5.03e-02  2.50e+01  2.95e+00 8.34e-01 1.91e+00  7.52e-01 1.40e-01      0s
   7   1.83343559e+01 -3.52969960e+00  1.40e-02 4.36e-02  2.21e+01  3.45e+00 7.88e-01 1.90e+00  7.38e-01 1.32e-01      0s
   8   1.66527042e+01 -2.74956164e+00  1.23e-02 3.81e-02  1.96e+01  4.10e+00 7.65e-01 1.89e+00  7.29e-01 1.26e-01      0s
   9   1.52901604e+01 -1.98732000e+00  1.08e-02 3.35e-02  1.74e+01  4.90e+00 7.58e-01 1.88e+00  7.22e-01 1.23e-01      0s
  10   1.41724983e+01 -1.24387646e+00  9.47e-03 2.94e-02  1.55e+01  5.88e+00 7.66e-01 1.87e+00  7.18e-01 1.21e-01      0s
  11   1.32467220e+01 -5.19460507e-01  8.33e-03 2.59e-02  1.39e+01  7.08e+00 7.86e-01 1.87e+00  7.17e-01 1.20e-01      0s
  12   1.24709782e+01  1.88984918e-01  7.33e-03 2.28e-02  1.24e+01  8.51e+00 8.18e-01 1.86e+00  7.18e-01 1.20e-01      0s
  13   1.18157996e+01  8.83740537e-01  6.43e-03 2.00e-02  1.10e+01  1.02e+01 8.61e-01 1.86e+00  7.22e-01 1.23e-01      0s
  14   1.12558708e+01  1.57086739e+00  5.61e-03 1.74e-02  9.73e+00  1.21e+01 9.18e-01 1.86e+00  7.30e-01 1.27e-01      0s
  15   1.07720718e+01  2.25677246e+00  4.85e-03 1.51e-02  8.55e+00  1.43e+01 9.90e-01 1.85e+00  7.42e-01 1.35e-01      0s
  16   1.03476253e+01  2.95109356e+00  4.14e-03 1.29e-02  7.42e+00  1.68e+01 1.08e+00 1.85e+00  7.60e-01 1.46e-01      0s
  17   9.96887985e+00  3.66443345e+00  3.46e-03 1.08e-02  6.32e+00  1.95e+01 1.20e+00 1.85e+00  7.84e-01 1.65e-01      0s
  18   9.62227356e+00  4.41118597e+00  2.79e-03 8.68e-03  5.23e+00  2.26e+01 1.36e+00 1.85e+00  8.18e-01 1.93e-01      0s
  19   9.29185076e+00  5.21075577e+00  2.12e-03 6.59e-03  4.09e+00  2.60e+01 1.59e+00 1.85e+00  8.65e-01 2.41e-01      0s
  20   8.95065631e+00  6.09181074e+00  1.41e-03 4.39e-03  2.86e+00  3.01e+01 1.95e+00 1.85e+00  9.28e-01 3.33e-01      0s
  21   8.52039540e+00  7.10631919e+00  6.18e-04 1.92e-03  1.42e+00  3.65e+01 2.69e+00 1.84e+00  8.69e-01 5.62e-01      0s
  22   8.09720925e+00  7.58272542e+00  1.81e-04 5.62e-04  5.15e-01  6.35e+01 5.93e+00 1.82e+00  8.26e-01 7.08e-01      0s
  23   7.89055268e+00  7.63691979e+00  7.89e-05 2.45e-04  2.54e-01  5.10e+02 3.81e+01 1.65e+00  9.17e-01 5.64e-01      0s
  24   7.77668990e+00  7.68133081e+00  2.42e-05 7.52e-05  9.54e-02  2.09e+03 9.23e+01 1.63e+00  8.15e-01 6.93e-01      0s
  25   7.76859941e+00  7.69514066e+00  1.80e-05 5.60e-05  7.35e-02  6.85e+03 2.43e+02 1.66e+00  8.74e-01 2.55e-01      0s
  26   7.76012825e+00  7.71132581e+00  1.13e-05 3.51e-05  4.88e-02  7.03e+03 3.09e+02 1.66e+00  9.49e-01 3.73e-01      0s
  27   7.75074924e+00  7.73091551e+00  3.84e-06 1.20e-05  1.98e-02  6.98e+03 4.48e+02 1.68e+00  1.00e+00 6.60e-01      0s
  28   7.74502760e+00  7.74304431e+00  1.80e-14 1.05e-15  1.98e-03  6.18e+03 9.95e+02 1.71e+00  1.00e+00 1.00e+00      0s
  29   7.74419938e+00  7.74400105e+00  2.40e-15 4.69e-16  1.98e-04  2.35e+03 6.60e+03 1.80e+00  1.00e+00 1.00e+00      0s

The algorithm stopped after 30 iterations in 0.37 seconds.

Primal variables:   [+0.00003 +2.39954 +0.00001 +0.43550]
Dual slacks:        [+1.83629 +0.00002 +4.65076 +0.00012]
Dual variables:     [-3.74831 -9.27202]

Primal objective:   7.74419938e+00 
Dual objective:     7.74400105e+00 

Primal residual:    2.40e-15
Dual residual:      4.69e-16
Complementraty:     1.98e-04

Number of Iter:     30
Run time:           0.37
