
--------------- Linear optimization problem characteristics ---------------
Seed:                    15
Number of variables:     4
Number of constraints:   2

Norm of primal sol:      3.49e-01
Norm of dual sol:        1.00e+01
Norm of dual slacks:     5.00e+00

Norm of vector b:        2.00e+00
Norm of vector c:        6.66e+01

Norm of matrix A:        8.00e+00
Condition number:        2.00e+00

----------------------- Linear optimization problem -----------------------
Coeff matrix A:          [[+2.309 -3.042 +3.741 -4.883]
                          [-0.055 +0.658 +5.164 -0.684]]

RHS vector b:            [-1.997 -0.112]
Obj vector c:            [-17.974 +31.022 -29.927 +47.498]

---------------------------- Optimal solution -----------------------------
Primal variables:         [+0.000 +0.155 +0.000 +0.313]
Dual slacks:              [+4.990 +0.000 +0.320 +0.000]
Dual variables:           [-9.912 +1.324]

Optimal objective:       +1.96445882e+01
===========================================================================

Method:                  II-QIPM
LO_Precision:            1.00e-01
Stop_Precision:          1.00e-03
LO_Verbosity:            2
Omega:                   1.00e+01

The Quantum Inexact Infeasible Interior-Point Method starts running ...


                  Objective                Residual                                Linear system           Step-length
Iter      Primal           Dual         Primal    Dual     Compl    ||Resl||  Cond-Num  ||M||   ||RHS||    a-star   a-hat      Time
   0  -5.06167189e+02  0.00000000e+00  1.09e+02 5.30e+01  1.93e+02  5.12e+02  4.00e+00 6.40e+01 5.12e+02  2.15e-01 1.84e-01      0s
   1  -8.93801291e+01  1.35226676e+01  2.42e+01 1.17e+01  6.88e+01 *4.18e+00  1.85e+01 2.49e+02 1.36e+03  9.56e-01 7.80e-01      1s
   2  -1.23381909e+02  1.35226676e+01  2.80e+01 1.10e+01  6.48e+01  9.22e+01  3.66e+00 5.38e+01 9.22e+01  4.14e-01 5.89e-02      1s
   3  -1.43295296e+02  1.35226676e+01  3.04e+01 1.06e+01  6.27e+01  1.03e+02  3.90e+00 6.51e+01 1.03e+02  3.78e-01 3.28e-02      1s
   4  -9.45995020e+01  1.45698205e+01  2.18e+01 7.62e+00  4.72e+01 *3.87e-01  4.07e+00 7.38e+01 1.11e+02  9.61e-01 2.84e-01      1s
   5  -1.24253837e+02  1.45698205e+01  2.51e+01 6.95e+00  4.31e+01  6.07e+01  3.71e+00 5.24e+01 6.07e+01  5.31e-01 8.84e-02      1s
   6  -1.46033757e+02  1.45698205e+01  2.77e+01 6.51e+00  4.05e+01  6.78e+01  3.95e+00 6.55e+01 6.78e+01  4.86e-01 6.26e-02      1s
   7  -9.54209833e+01  1.52868776e+01  1.93e+01 4.54e+00  2.97e+01 *6.73e-01  4.16e+00 7.87e+01 7.49e+01  9.46e-01 3.03e-01      1s
   8  -1.26757810e+02  1.52868776e+01  2.28e+01 3.66e+00  2.41e+01  3.77e+01  3.84e+00 5.23e+01 3.77e+01  6.99e-01 1.94e-01      1s
   9  -7.64667160e+01  1.57794398e+01  1.48e+01 2.38e+00  1.65e+01 *5.77e-01  4.24e+00 7.65e+01 4.28e+01  9.41e-01 3.50e-01      1s
  10  -9.92300597e+01  1.57794398e+01  1.70e+01 1.13e+00  8.48e+00  1.89e+01  3.98e+00 4.58e+01 1.89e+01  9.52e-01 5.23e-01      2s
  11  -4.84759192e+00  1.62350199e+01  3.13e+00 2.10e-01  1.74e+00 *3.92e-02  4.90e+00 8.97e+01 1.70e+01  8.66e-01 8.15e-01      2s
  12  -4.01592653e+00  1.63118749e+01  3.01e+00 2.01e-01  1.68e+00 *3.72e-02  9.71e+00 1.19e+01 2.50e+00  2.92e-01 3.90e-02      2s
  13  -3.78855555e+00  1.63376988e+01  2.98e+00 1.99e-01  1.66e+00 *1.65e-02  1.08e+01 1.11e+01 2.45e+00  2.73e-01 1.10e-02      2s
  14  -3.56953912e+00  1.63637861e+01  2.95e+00 1.97e-01  1.64e+00 *4.03e-02  1.12e+01 1.09e+01 2.43e+00  2.71e-01 1.07e-02      2s
  15  -3.34557702e+00  1.63911507e+01  2.91e+00 1.95e-01  1.63e+00 *1.18e-01  1.15e+01 1.07e+01 2.42e+00  2.76e-01 1.11e-02      3s
  16  -3.14375465e+00  1.64180288e+01  2.88e+00 1.93e-01  1.61e+00 *2.68e-02  1.18e+01 1.05e+01 2.41e+00  2.63e-01 9.98e-03      3s
  17  -2.94665483e+00  1.64455137e+01  2.85e+00 1.91e-01  1.60e+00 *3.44e-02  1.21e+01 1.03e+01 2.39e+00  2.61e-01 9.82e-03      3s
  18  -2.73709186e+00  1.64749051e+01  2.82e+00 1.89e-01  1.58e+00 *1.48e-01  1.24e+01 1.01e+01 2.38e+00  2.70e-01 1.07e-02      3s
  19  -2.54286038e+00  1.65041852e+01  2.80e+00 1.87e-01  1.57e+00 *8.12e-02  1.27e+01 9.93e+00 2.37e+00  2.61e-01 9.87e-03      3s
  20  -2.36364459e+00  1.65332172e+01  2.77e+00 1.85e-01  1.55e+00 *1.10e-03  1.30e+01 9.76e+00 2.36e+00  2.51e-01 9.08e-03      4s
  21  -2.16825068e+00  1.65646374e+01  2.74e+00 1.84e-01  1.54e+00 *1.35e-01  1.33e+01 9.62e+00 2.35e+00  2.63e-01 1.01e-02      4s
  22  -1.96416091e+00  1.65979556e+01  2.71e+00 1.82e-01  1.52e+00 *2.05e-01  1.35e+01 9.44e+00 2.34e+00  2.69e-01 1.07e-02      4s
  23  -1.77647870e+00  1.66309752e+01  2.69e+00 1.80e-01  1.51e+00 *1.15e-01  1.37e+01 9.24e+00 2.33e+00  2.58e-01 9.82e-03      4s
  24  -1.60464700e+00  1.66635752e+01  2.66e+00 1.78e-01  1.50e+00 *3.51e-03  1.39e+01 9.08e+00 2.32e+00  2.47e-01 8.92e-03      4s
  25  -1.42376731e+00  1.66982041e+01  2.64e+00 1.77e-01  1.49e+00 *7.19e-02  1.42e+01 8.95e+00 2.31e+00  2.54e-01 9.51e-03      5s
  26  -1.21981809e+00  1.67363809e+01  2.61e+00 1.75e-01  1.47e+00 *2.22e-01  1.43e+01 8.81e+00 2.30e+00  2.71e-01 1.10e-02      5s
  27  -1.00263007e+00  1.67773575e+01  2.57e+00 1.72e-01  1.45e+00 *2.88e-01  1.44e+01 8.62e+00 2.29e+00  2.80e-01 1.20e-02      5s
  28  -7.80291406e-01  1.68204728e+01  2.54e+00 1.70e-01  1.44e+00 *3.03e-01  1.45e+01 8.40e+00 2.28e+00  2.83e-01 1.24e-02      5s
  29  -5.55463145e-01  1.68655284e+01  2.51e+00 1.68e-01  1.42e+00 *2.99e-01  1.44e+01 8.19e+00 2.27e+00  2.84e-01 1.26e-02      6s
  30  -3.30309990e-01  1.69124372e+01  2.48e+00 1.66e-01  1.40e+00 *2.73e-01  1.44e+01 7.97e+00 2.26e+00  2.84e-01 1.26e-02      6s
  31  -1.10906178e-01  1.69605561e+01  2.45e+00 1.64e-01  1.39e+00 *2.04e-01  1.43e+01 7.76e+00 2.25e+00  2.78e-01 1.23e-02      6s
  32   1.00037835e-01  1.70095669e+01  2.42e+00 1.62e-01  1.37e+00 *1.00e-01  1.42e+01 7.58e+00 2.24e+00  2.71e-01 1.17e-02      6s
  33   3.08503937e-01  1.70601993e+01  2.39e+00 1.60e-01  1.36e+00 *1.59e-02  1.41e+01 7.42e+00 2.23e+00  2.67e-01 1.15e-02      6s
  34   5.28624426e-01  1.71144349e+01  2.36e+00 1.58e-01  1.34e+00 *1.06e-02  1.39e+01 7.29e+00 2.23e+00  2.72e-01 1.22e-02      7s
  35   7.82152240e-01  1.71752513e+01  2.33e+00 1.56e-01  1.33e+00 *1.24e-01  1.37e+01 7.15e+00 2.22e+00  2.91e-01 1.44e-02      7s
  36   1.06680482e+00  1.72428923e+01  2.29e+00 1.53e-01  1.31e+00 *1.77e-01  1.34e+01 6.97e+00 2.21e+00  3.06e-01 1.64e-02      7s
  37   1.34586765e+00  1.73134542e+01  2.25e+00 1.51e-01  1.29e+00 *5.85e-04  1.29e+01 6.75e+00 2.20e+00  2.96e-01 1.58e-02      7s
  38   1.68635297e+00  1.73957261e+01  2.20e+00 1.48e-01  1.26e+00 *1.40e-01  1.25e+01 6.59e+00 2.19e+00  3.24e-01 2.00e-02      7s
  39   2.04755639e+00  1.74861883e+01  2.16e+00 1.45e-01  1.24e+00 *6.60e-03  1.19e+01 6.35e+00 2.18e+00  3.24e-01 2.10e-02      8s
  40   2.48898675e+00  1.75935359e+01  2.10e+00 1.41e-01  1.21e+00 *5.64e-02  1.12e+01 6.15e+00 2.17e+00  3.48e-01 2.63e-02      8s
  41   3.04744903e+00  1.77252297e+01  2.03e+00 1.36e-01  1.17e+00 *8.09e-02  1.04e+01 5.90e+00 2.16e+00  3.76e-01 3.40e-02      8s
  42   3.79796926e+00  1.78970750e+01  1.93e+00 1.30e-01  1.11e+00 *5.26e-02  9.25e+00 5.57e+00 2.14e+00  4.07e-01 4.68e-02      8s
  43   3.16971186e+00  1.78970750e+01  1.95e+00 1.12e-01  9.73e-01  2.12e+00  7.86e+00 5.18e+00 2.12e+00  1.00e+00 1.38e-01      8s
  44   3.82755726e+00  1.80545269e+01  1.87e+00 1.07e-01  9.33e-01 *2.57e-02  8.14e+00 4.67e+00 2.10e+00  4.12e-01 4.09e-02      9s
  45   4.49001950e+00  1.82013983e+01  1.79e+00 1.03e-01  8.94e-01 *1.74e-04  6.92e+00 4.40e+00 2.09e+00  4.45e-01 4.25e-02      9s
  46   5.20386565e+00  1.83462554e+01  1.70e+00 9.79e-02  8.51e-01 *3.76e-03  5.90e+00 4.17e+00 2.07e+00  4.57e-01 4.76e-02      9s
  47   5.99907742e+00  1.84922778e+01  1.61e+00 9.25e-02  8.04e-01 *3.64e-03  5.02e+00 3.96e+00 2.06e+00  4.74e-01 5.56e-02      9s
  48   7.02198481e+00  1.86582564e+01  1.48e+00 8.54e-02  7.42e-01 *7.37e-02  4.28e+00 3.77e+00 2.05e+00  5.04e-01 7.65e-02      9s
  49   7.02194299e+00  1.86582564e+01  1.48e+00 8.54e-02  7.42e-01  2.03e+00  3.69e+00 3.58e+00 2.03e+00  1.00e+00 5.88e-06     10s

The solution quality is limited by the precision of the linear system solver.

The algorithm stopped after 50 iterations in 9.51 seconds.

Primal variables:   [+0.026 +0.171 +0.081 +0.097]
Dual slacks:        [+3.782 +1.939 +1.301 +2.133]
Dual variables:     [-9.387 +0.764]

Primal objective:   7.02194299e+00 
Dual objective:     1.86582564e+01 

Primal residual:    1.48e+00
Dual residual:      8.54e-02
Complementraty:     7.42e-01

Number of Iter:     50
Run time:           9.51
