
--------------- Linear optimization problem characteristics ---------------
Seed:                    45
Number of variables:     4
Number of constraints:   2

Norm of primal sol:      8.01e-01
Norm of dual sol:        1.00e+01
Norm of dual slacks:     5.00e+00

Norm of vector b:        2.00e+00
Norm of vector c:        2.68e+01

Norm of matrix A:        4.00e+00
Condition number:        2.00e+00

----------------------- Linear optimization problem -----------------------
Coeff matrix A:          [[-0.546 -2.465 -1.439 -0.877]
                          [+2.296 +0.374 +1.598 +1.680]]

RHS vector b:            [-0.491 +1.939]
Obj vector c:            [-5.192 +24.943 +8.175 +0.491]

---------------------------- Optimal solution -----------------------------
Primal variables:         [+0.799 +0.000 +0.000 +0.062]
Dual slacks:              [+0.000 +4.450 +2.279 +0.000]
Dual variables:           [-8.981 -4.398]

Optimal objective:       -4.11692230e+00
===========================================================================

Method:                  II-QIPM
LO_Precision:            1.00e-01
Stop_Precision:          1.00e-03
LO_Verbosity:            2
Omega:                   1.00e+01

The Quantum Inexact Infeasible Interior-Point Method starts running ...


                  Objective                Residual                                Linear system           Step-length
Iter      Primal           Dual         Primal    Dual     Compl    ||Resl||  Cond-Num  ||M||   ||RHS||    a-star   a-hat      Time
   0   4.23738079e+01 -1.11815397e+01  1.31e+01 3.91e+00  7.75e+01 *1.59e-14  4.00e+00 1.60e+01 5.37e+01  9.09e-01 8.33e-01      0s
   1   4.90957705e+00 -1.19665922e+01  2.68e+00 8.06e-01  2.20e+01  2.80e-02  4.32e+00 2.86e+00 9.92e-01  9.11e-01 7.94e-01      0s
   2   3.88703121e+00 -1.14259958e+01  2.38e+00 7.16e-01  1.98e+01 *2.20e-02  9.63e+00 9.70e-01 1.47e+00  7.02e-01 1.12e-01      1s
   3   3.03075269e+00 -1.08996585e+01  2.13e+00 6.39e-01  1.79e+01 *2.53e-02  1.12e+01 9.57e-01 1.51e+00  6.95e-01 1.07e-01      1s
   4   2.30155063e+00 -1.03987074e+01  1.92e+00 5.76e-01  1.63e+01 *4.62e-03  1.31e+01 9.54e-01 1.54e+00  6.71e-01 9.89e-02      1s
   5   4.77659038e-01 -1.03987074e+01  1.57e+00 0.00e+00  1.99e+00  1.57e+00  1.51e+01 9.60e-01 1.57e+00  1.00e+00 1.00e+00      1s
   6  -6.57824487e-02 -5.22260895e+00  1.38e+00 1.83e-15  1.24e+00 *3.07e-02  1.14e+01 1.17e-01 1.96e+00  1.43e-01 1.22e-01      1s
   7  -1.34753998e-01 -5.14400244e+00  1.35e+00 7.11e-16  1.22e+00 *9.16e-04  7.15e+01 8.64e-01 1.91e+00  1.92e-01 1.70e-02      2s
   8  -1.57807838e-01 -5.12121013e+00  1.34e+00 1.69e-15  1.22e+00 *9.58e-04  8.25e+01 1.00e+00 1.90e+00  2.06e-01 5.80e-03      3s
   9  -1.81764337e-01 -5.09855597e+00  1.34e+00 2.28e-15  1.21e+00 *9.08e-04  8.64e+01 1.05e+00 1.90e+00  2.10e-01 6.07e-03      4s
  10  -2.06809231e-01 -5.07591475e+00  1.33e+00 3.83e-15  1.20e+00 *1.01e-03  9.06e+01 1.10e+00 1.90e+00  2.15e-01 6.39e-03      5s
  11  -2.33011379e-01 -5.05334107e+00  1.32e+00 1.89e-15  1.20e+00 *1.72e-04  9.51e+01 1.15e+00 1.90e+00  2.20e-01 6.71e-03      6s
  12  -2.60457212e-01 -5.03079621e+00  1.31e+00 2.35e-15  1.19e+00 *8.28e-05  1.00e+02 1.21e+00 1.90e+00  2.26e-01 7.08e-03      7s
  13  -2.89225748e-01 -5.00820154e+00  1.30e+00 2.28e-15  1.18e+00 *1.74e-03  1.05e+02 1.28e+00 1.90e+00  2.32e-01 7.51e-03      8s
  14  -3.19440923e-01 -4.98559531e+00  1.29e+00 2.09e-15  1.17e+00 *2.30e-03  1.11e+02 1.35e+00 1.89e+00  2.38e-01 7.96e-03      9s
  15  -3.51212875e-01 -4.96311460e+00  1.28e+00 4.10e-15  1.16e+00 *3.86e-04  1.18e+02 1.43e+00 1.89e+00  2.44e-01 8.40e-03     10s
  16  -3.84694957e-01 -4.94055805e+00  1.27e+00 2.09e-15  1.15e+00 *1.75e-03  1.25e+02 1.51e+00 1.89e+00  2.51e-01 8.96e-03     11s
  17  -4.19989260e-01 -4.91813044e+00  1.26e+00 2.33e-15  1.14e+00 *8.93e-07  1.33e+02 1.61e+00 1.89e+00  2.58e-01 9.49e-03     13s
  18  -4.57322142e-01 -4.89568210e+00  1.24e+00 5.33e-15  1.13e+00 *3.91e-05  1.42e+02 1.71e+00 1.88e+00  2.65e-01 1.01e-02     15s
  19  -4.96821544e-01 -4.87324005e+00  1.23e+00 2.13e-15  1.12e+00 *1.26e-04  1.52e+02 1.82e+00 1.88e+00  2.73e-01 1.08e-02     20s
  20  -5.38714810e-01 -4.85079035e+00  1.21e+00 4.40e-15  1.11e+00 *1.33e-04  1.63e+02 1.95e+00 1.88e+00  2.82e-01 1.16e-02     23s
  21  -5.83212764e-01 -4.82834541e+00  1.20e+00 4.28e-15  1.10e+00 *2.76e-05  1.75e+02 2.09e+00 1.88e+00  2.91e-01 1.25e-02     27s
  22  -6.30571133e-01 -4.80588872e+00  1.18e+00 4.09e-15  1.08e+00 *8.42e-05  1.89e+02 2.25e+00 1.87e+00  3.01e-01 1.35e-02     29s
  23  -6.81088675e-01 -4.78341195e+00  1.17e+00 4.08e-15  1.07e+00 *1.10e-04  2.04e+02 2.42e+00 1.87e+00  3.12e-01 1.46e-02     33s
  24  -7.35154890e-01 -4.76088879e+00  1.15e+00 3.60e-15  1.05e+00 *6.43e-05  2.22e+02 2.62e+00 1.86e+00  3.23e-01 1.58e-02     38s
  25  -7.93031387e-01 -4.73836356e+00  1.13e+00 3.56e-15  1.04e+00 *1.64e-05  2.43e+02 2.85e+00 1.86e+00  3.35e-01 1.72e-02     40s
  26  -8.55226994e-01 -4.71578591e+00  1.11e+00 9.93e-16  1.02e+00 *1.07e-05  2.66e+02 3.10e+00 1.86e+00  3.48e-01 1.88e-02     44s
  27  -9.22262358e-01 -4.69313636e+00  1.08e+00 4.44e-16  1.00e+00 *5.47e-06  2.94e+02 3.40e+00 1.85e+00  3.63e-01 2.07e-02     49s
  28  -9.94647385e-01 -4.67042206e+00  1.06e+00 4.01e-15  9.79e-01 *1.42e-06  3.26e+02 3.74e+00 1.85e+00  3.78e-01 2.28e-02     54s
  29  -1.07310076e+00 -4.64760942e+00  1.03e+00 3.65e-15  9.56e-01 *3.07e-05  3.64e+02 4.13e+00 1.84e+00  3.95e-01 2.53e-02     58s
  30  -1.15824991e+00 -4.62471139e+00  1.00e+00 3.55e-15  9.32e-01 *3.06e-05  4.09e+02 4.60e+00 1.84e+00  4.14e-01 2.82e-02     62s
  31  -1.25104335e+00 -4.60167295e+00  9.71e-01 4.33e-15  9.05e-01 *1.74e-08  4.63e+02 5.14e+00 1.83e+00  4.34e-01 3.16e-02     67s
  32  -1.35255950e+00 -4.57844892e+00  9.36e-01 5.15e-15  8.76e-01 *8.70e-06  5.29e+02 5.80e+00 1.82e+00  4.56e-01 3.58e-02     77s
  33  -1.46375830e+00 -4.55503967e+00  8.98e-01 7.42e-15  8.43e-01 *6.19e-06  6.10e+02 6.59e+00 1.81e+00  4.81e-01 4.06e-02     87s
  34  -1.58600119e+00 -4.53137445e+00  8.57e-01 4.70e-15  8.08e-01 *7.53e-06  7.11e+02 7.56e+00 1.81e+00  5.08e-01 4.66e-02     97s
  35  -1.72076209e+00 -4.50738665e+00  8.10e-01 4.58e-15  7.68e-01 *5.46e-05  8.39e+02 8.76e+00 1.80e+00  5.39e-01 5.38e-02    111s
  36  -1.87221264e+00 -4.48382183e+00  7.60e-01 7.54e-15  7.25e-01 *5.04e-03  1.00e+03 1.03e+01 1.79e+00  5.68e-01 6.25e-02    122s
  37  -2.03640096e+00 -4.45884488e+00  7.03e-01 7.41e-15  6.76e-01 *3.93e-05  1.23e+03 1.22e+01 1.78e+00  6.11e-01 7.41e-02    150s
  38  -2.21745548e+00 -4.43317412e+00  6.41e-01 3.68e-15  6.23e-01 *8.02e-05  1.52e+03 1.47e+01 1.76e+00  6.54e-01 8.82e-02    177s
  39  -2.41599117e+00 -4.40655876e+00  5.73e-01 4.35e-15  5.64e-01 *3.95e-06  1.92e+03 1.81e+01 1.75e+00  7.02e-01 1.06e-01    215s
  40  -2.63161069e+00 -4.37871982e+00  4.99e-01 1.40e-15  4.99e-01 *3.17e-07  2.48e+03 2.27e+01 1.73e+00  7.56e-01 1.29e-01    299s
  41  -2.86202023e+00 -4.34927939e+00  4.20e-01 3.88e-15  4.29e-01 *6.05e-05  3.28e+03 2.92e+01 1.72e+00  8.15e-01 1.58e-01    402s
  42  -3.10154603e+00 -4.31768014e+00  3.38e-01 8.89e-16  3.56e-01 *1.05e-05  4.43e+03 3.87e+01 1.70e+00  8.80e-01 1.95e-01    674s
  43  -3.34217553e+00 -4.28327680e+00  2.56e-01 2.11e-15  2.81e-01 *1.90e-05  6.11e+03 5.29e+01 1.68e+00  9.49e-01 2.44e-01    964s

The solution quality is limited by the condition number that the linear system solver can handel.

The algorithm stopped after 44 iterations in 963.67 seconds.

Primal variables:   [+0.690 +0.005 +0.012 +0.048]
Dual slacks:        [+0.051 +14.287 +6.695 +2.013]
Dual variables:     [-4.844 -3.436]

Primal objective:   -3.34217553e+00
Dual objective:     -4.28327680e+00

Primal residual:    2.56e-01
Dual residual:      2.11e-15
Complementraty:     2.81e-01

Number of Iter:     44
Run time:           963.67
