
--------------- Linear optimization problem characteristics ---------------
Seed:                    14
Number of variables:     4
Number of constraints:   2

Norm of primal sol:      5.00e+00
Norm of dual sol:        1.00e+01
Norm of dual slacks:     5.00e+00

Norm of vector b:        1.92e+00
Norm of vector c:        7.22e+00

Norm of matrix A:        1.00e+00
Condition number:        1.00e+00

----------------------- Linear optimization problem -----------------------
Coeff matrix A:          [[-0.624 +0.234 +0.737 +0.112]
                          [-0.384 +0.680 -0.479 -0.402]]

RHS vector b:            [-0.753 +1.768]
Obj vector c:            [-1.151 +5.379 -2.253 -4.093]

---------------------------- Optimal solution -----------------------------
Primal variables:         [+2.768 +4.164 +0.000 +0.000]
Dual slacks:              [+0.000 +0.000 +5.000 +0.046]
Dual variables:           [-3.839 +9.234]

Optimal objective:       +1.92117068e+01
===========================================================================

Method:                  IR-II-IPM
IR_Precision:            1.00e-04
LO_Precision:            1.00e-03
Stop_Precision:          1.00e-08
LO_Verbosity:            2
Omega:                   1.00e+03

The Iterative Refinement algorithm starts running ...


The Inexact Infeasible Interior-Point Method starts running ...


                  Objective                Residual                                               Step-length
Iter      Primal           Dual         Primal    Dual     Compl    Cond-Num  ||M||   ||RHS||    a-star   a-hat      Time
   0   6.27690309e+02  9.89590997e+02  2.65e+02 7.10e+02  1.51e+06  1.00e+00 1.00e+00 8.26e+02  7.58e-01 6.45e-01      0s
   1   1.37156947e+03  7.46805743e+02  1.74e+02 4.68e+02  1.03e+06  4.43e+00 5.87e+00 1.30e+03  8.36e-01 3.41e-01      0s
   2   2.23945794e+03  4.00474752e+02  7.95e+01 2.13e+02  4.96e+05  5.15e+00 1.08e+01 1.65e+03  8.85e-01 5.44e-01      0s
   3   3.05865087e+03  5.60925353e+01  7.22e+00 1.94e+01  5.17e+04  5.80e+00 2.97e+01 2.07e+03  9.65e-01 9.09e-01      0s
   4   3.06135549e+03  1.91061441e+01  6.69e-01 1.80e+00  7.74e+03  5.56e+00 3.80e+02 1.66e+03  9.60e-01 9.07e-01      0s
   5   2.79817170e+03  1.88694902e+01  5.75e-01 1.54e+00  6.77e+03  4.60e+00 1.92e+03 4.64e+02  7.55e-01 1.40e-01      0s
   6   2.54715106e+03  1.87097664e+01  4.97e-01 1.33e+00  5.95e+03  4.58e+00 2.12e+03 3.74e+02  7.52e-01 1.35e-01      0s
   7   2.29356400e+03  1.86010825e+01  4.28e-01 1.15e+00  5.20e+03  4.56e+00 2.34e+03 2.88e+02  7.56e-01 1.40e-01      0s
   8   2.03449790e+03  1.85365672e+01  3.63e-01 9.75e-01  4.49e+03  4.54e+00 2.62e+03 1.99e+02  7.67e-01 1.51e-01      0s
   9   1.76548957e+03  1.85124163e+01  3.02e-01 8.10e-01  3.81e+03  4.52e+00 3.00e+03 1.12e+02  7.86e-01 1.68e-01      0s
  10   1.48040815e+03  1.85281353e+01  2.42e-01 6.50e-01  3.13e+03  4.51e+00 3.53e+03 7.41e+01  8.16e-01 1.99e-01      0s
  11   1.17037149e+03  1.85871527e+01  1.81e-01 4.86e-01  2.41e+03  4.52e+00 4.36e+03 1.65e+02  8.60e-01 2.52e-01      0s
  12   8.16310182e+02  1.87003392e+01  1.15e-01 3.09e-01  1.62e+03  4.57e+00 5.83e+03 3.05e+02  9.27e-01 3.64e-01      0s
  13   3.52546121e+02  1.89077546e+01  3.37e-02 9.05e-02  5.77e+02  4.68e+00 9.13e+03 4.79e+02  1.00e+00 7.07e-01      0s
  14   1.18231441e+02  1.90333353e+01  2.39e-13 4.62e-16  9.92e+01  5.02e+00 2.67e+04 6.36e+02  1.00e+00 1.00e+00      0s
  15   2.89551735e+01  1.90353629e+01  3.59e-13 1.22e-15  9.92e+00  5.26e+00 7.43e+04 2.88e+01  1.00e+00 1.00e+00      0s
  16   2.00308541e+01  1.90388730e+01  7.95e-15 1.59e-15  9.92e-01  5.28e+00 6.35e+03 4.28e+00  1.00e+00 1.00e+00      0s
  17   1.95097876e+01  1.90504318e+01  2.78e-15 1.08e-15  4.59e-01  5.63e+00 6.28e+02 2.10e+00  8.78e-01 5.97e-01      0s
  18   1.94689744e+01  1.90557364e+01  2.43e-15 1.98e-15  4.13e-01  6.72e+00 3.10e+02 1.93e+00  6.97e-01 1.12e-01      0s
  19   1.94363091e+01  1.90612146e+01  3.09e-15 1.86e-15  3.75e-01  7.08e+00 2.92e+02 1.90e+00  6.82e-01 1.03e-01      0s
  20   1.94090019e+01  1.90669713e+01  2.12e-15 1.72e-15  3.42e-01  7.44e+00 2.80e+02 1.88e+00  6.73e-01 9.79e-02      0s
  21   1.93855688e+01  1.90730708e+01  1.96e-15 1.42e-15  3.12e-01  7.79e+00 2.72e+02 1.86e+00  6.68e-01 9.59e-02      0s
  22   1.93650258e+01  1.90795810e+01  1.59e-15 1.83e-15  2.85e-01  8.13e+00 2.67e+02 1.85e+00  6.69e-01 9.62e-02      0s
  23   1.93467048e+01  1.90865692e+01  1.65e-15 1.98e-15  2.60e-01  8.45e+00 2.66e+02 1.83e+00  6.74e-01 9.85e-02      0s
  24   1.93300473e+01  1.90941424e+01  1.85e-15 2.35e-15  2.36e-01  8.76e+00 2.67e+02 1.82e+00  6.84e-01 1.03e-01      0s
  25   1.93146607e+01  1.91024144e+01  1.18e-15 1.11e-15  2.12e-01  9.04e+00 2.72e+02 1.81e+00  7.00e-01 1.11e-01      0s
  26   1.93002009e+01  1.91115439e+01  8.67e-16 2.32e-15  1.89e-01  9.29e+00 2.82e+02 1.80e+00  7.22e-01 1.23e-01      0s
  27   1.92864135e+01  1.91217082e+01  7.11e-16 2.06e-15  1.65e-01  9.51e+00 2.96e+02 1.79e+00  7.51e-01 1.41e-01      0s
  28   1.92730355e+01  1.91331624e+01  1.36e-15 1.34e-15  1.40e-01  9.70e+00 3.18e+02 1.79e+00  7.88e-01 1.68e-01      0s
  29   1.92598093e+01  1.91462519e+01  1.05e-15 1.17e-15  1.14e-01  9.85e+00 3.53e+02 1.78e+00  8.34e-01 2.09e-01      0s
  30   1.92464866e+01  1.91614266e+01  1.16e-15 1.34e-15  8.51e-02  9.96e+00 4.11e+02 1.77e+00  8.93e-01 2.79e-01      0s
  31   1.92327833e+01  1.91793143e+01  7.45e-16 1.17e-15  5.35e-02  1.00e+01 5.19e+02 1.77e+00  9.67e-01 4.13e-01      0s
  32   1.92183377e+01  1.92008355e+01  4.00e-16 1.73e-15  1.75e-02  1.00e+01 7.83e+02 1.76e+00  1.00e+00 7.47e-01      0s
  33   1.92124975e+01  1.92107473e+01  9.16e-16 5.93e-16  1.75e-03  9.89e+00 2.25e+03 1.76e+00  1.00e+00 1.00e+00      0s
  34   1.92117932e+01  1.92116181e+01  9.16e-16 7.97e-16  1.75e-04  9.41e+00 2.47e+04 1.75e+00  1.00e+00 1.00e+00      0s

The algorithm stopped after 35 iterations in 0.41 seconds.

Primal variables:   [+2.76839 +4.16480 +0.00001 +0.00092]
Dual slacks:        [+0.00002 +0.00001 +4.99974 +0.04620]
Dual variables:     [-3.83916 +9.23363]

Primal objective:   1.92117932e+01 
Dual objective:     1.92116181e+01 

Primal residual:    9.16e-16
Dual residual:      7.97e-16
Complementraty:     1.75e-04

Number of Iter:     35
Run time:           0.41

-------------------------------------------------------------------------------------------------------
                  Objective                Residual                        Step-length       
Iter      Primal           Dual         Primal    Dual     Compl    r error   r-bar    nabla     Time
   0   1.92117932e+01  1.92116181e+01  9.16e-16 0.00e+00  1.75e-04  1.75e-04 1.00e-03 1.02e+03     0s

The Inexact Infeasible Interior-Point Method starts running ...


                  Objective                Residual                                               Step-length
Iter      Primal           Dual         Primal    Dual     Compl    Cond-Num  ||M||   ||RHS||    a-star   a-hat      Time
   0   1.05882469e+06 -4.98147720e+05  2.01e+03 3.33e+03  2.48e+06  1.00e+00 1.00e+00 2.50e+03  3.16e-01 2.54e-01      0s
   1   1.00545963e+06 -4.35509040e+05  1.99e+03 3.29e+03  2.45e+06  4.60e+00 1.38e+00 1.45e+03  2.08e-01 1.08e-02      0s
   2   9.74118170e+05 -3.94519652e+05  1.97e+03 3.27e+03  2.44e+06  4.83e+00 1.41e+00 1.45e+03  2.12e-01 6.84e-03      0s
   3   9.42988327e+05 -3.51072685e+05  1.96e+03 3.25e+03  2.42e+06  4.97e+00 1.44e+00 1.44e+03  2.15e-01 7.12e-03      0s
   4   9.11907245e+05 -3.04762971e+05  1.95e+03 3.22e+03  2.40e+06  5.12e+00 1.46e+00 1.44e+03  2.19e-01 7.46e-03      0s
   5   8.80844462e+05 -2.55318151e+05  1.93e+03 3.20e+03  2.39e+06  5.27e+00 1.49e+00 1.43e+03  2.23e-01 7.85e-03      0s
   6   8.49679439e+05 -2.02279897e+05  1.91e+03 3.17e+03  2.37e+06  5.44e+00 1.52e+00 1.42e+03  2.27e-01 8.31e-03      0s
   7   8.18360234e+05 -1.45235265e+05  1.90e+03 3.14e+03  2.35e+06  5.61e+00 1.56e+00 1.41e+03  2.32e-01 8.84e-03      0s
   8   7.86744814e+05 -8.35389996e+04  1.88e+03 3.11e+03  2.33e+06  5.79e+00 1.60e+00 1.40e+03  2.37e-01 9.49e-03      0s
   9   7.54632931e+05 -1.63093977e+04  1.86e+03 3.08e+03  2.30e+06  5.98e+00 1.64e+00 1.38e+03  2.43e-01 1.03e-02      0s
  10   7.21862175e+05  5.74195263e+04  1.84e+03 3.04e+03  2.28e+06  6.18e+00 1.69e+00 1.36e+03  2.50e-01 1.13e-02      0s
  11   6.88141302e+05  1.39097075e+05  1.82e+03 3.01e+03  2.25e+06  6.40e+00 1.75e+00 1.34e+03  2.59e-01 1.25e-02      0s
  12   6.53075218e+05  2.30736009e+05  1.79e+03 2.96e+03  2.22e+06  6.63e+00 1.82e+00 1.31e+03  2.69e-01 1.42e-02      0s
  13   6.16003853e+05  3.35519044e+05  1.76e+03 2.91e+03  2.19e+06  6.89e+00 1.91e+00 1.28e+03  2.81e-01 1.65e-02      0s
  14   5.75949989e+05  4.58319951e+05  1.73e+03 2.86e+03  2.14e+06  7.17e+00 2.02e+00 1.25e+03  2.96e-01 1.99e-02      0s
  15   5.30861340e+05  6.08692366e+05  1.68e+03 2.78e+03  2.09e+06  7.49e+00 2.17e+00 1.20e+03  3.16e-01 2.56e-02      0s
  16   4.75969723e+05  8.08265241e+05  1.62e+03 2.68e+03  2.01e+06  7.86e+00 2.38e+00 1.13e+03  3.43e-01 3.68e-02      0s
  17   3.93320844e+05  1.13471720e+06  1.51e+03 2.49e+03  1.85e+06  8.31e+00 2.74e+00 1.04e+03  3.64e-01 6.99e-02      1s
  18   1.34393080e+05  2.18339802e+06  1.01e+03 1.66e+03  7.61e+05  8.92e+00 3.62e+00 9.01e+02  3.75e-01 3.33e-01      1s
  19   1.22406511e+05  1.97922850e+06  8.93e+02 1.48e+03  6.80e+05  7.96e+00 2.90e+01 4.37e+03  5.66e-01 1.11e-01      1s
  20   1.11380415e+05  1.77139837e+06  7.88e+02 1.30e+03  6.04e+05  7.96e+00 3.96e+01 5.66e+03  6.34e-01 1.18e-01      1s
  21   9.82597611e+04  1.50856716e+06  6.61e+02 1.10e+03  5.13e+05  7.96e+00 5.27e+01 6.96e+03  6.91e-01 1.61e-01      1s
  22   8.22516221e+04  1.17398167e+06  5.07e+02 8.40e+02  4.00e+05  7.97e+00 7.51e+01 8.68e+03  7.59e-01 2.33e-01      1s
  23   6.24065762e+04  7.54302970e+05  3.22e+02 5.33e+02  2.63e+05  7.99e+00 1.19e+02 1.10e+04  8.47e-01 3.66e-01      1s
  24   3.91144822e+04  2.91627937e+05  1.24e+02 2.05e+02  1.16e+05  8.04e+00 2.30e+02 1.41e+04  9.60e-01 6.15e-01      1s
  25   2.11462308e+04  4.94778937e+04  2.25e+01 3.72e+01  3.71e+04  8.23e+00 6.80e+02 1.73e+04  1.00e+00 8.19e-01      1s
  26   6.49924847e+03  4.46367142e+00  8.60e-01 1.42e+00  8.85e+03  8.66e+00 2.54e+03 1.26e+04  1.00e+00 9.62e-01      1s
  27   5.76551134e+02 -3.86691005e+02  4.10e-13 1.55e-17  9.63e+02  9.11e+00 1.06e+04 9.69e+02  1.00e+00 1.00e+00      1s
  28   1.40749131e+02  4.44249169e+01  1.29e-12 7.11e-15  9.63e+01  9.33e+00 5.15e+04 1.77e+03  1.00e+00 1.00e+00      1s
  29   9.78233752e+01  8.81909538e+01  4.10e-13 7.11e-15  9.63e+00  9.40e+00 5.10e+05 1.77e+03  1.00e+00 1.00e+00      1s
  30   9.34925885e+01  9.25293463e+01  5.08e-13 5.69e-18  9.63e-01  9.40e+00 5.14e+06 1.77e+03  1.00e+00 1.00e+00      1s
  31   9.30591679e+01  9.29628436e+01  9.65e-13 9.09e-13  9.63e-02  9.41e+00 5.14e+07 1.77e+03  1.00e+00 1.00e+00      1s
  32   9.30158223e+01  9.30061899e+01  9.71e-13 2.98e-18  9.63e-03  9.41e+00 5.14e+08 1.77e+03  1.00e+00 1.00e+00      1s
  33   9.30114878e+01  9.30105245e+01  7.63e-13 7.11e-15  9.63e-04  9.41e+00 5.14e+09 1.77e+03  1.00e+00 1.00e+00      1s

The algorithm stopped after 34 iterations in 0.66 seconds.

Primal variables:   [+2834.33536 +4263.91172 +0.00000 +0.00001]
Dual slacks:        [+0.00000 +0.00000 +5119.78122 +47.33146]
Dual variables:     [-0.04589 +0.03184]

Primal objective:   9.30114878e+01 
Dual objective:     9.30105245e+01 

Primal residual:    7.63e-13
Dual residual:      7.11e-15
Complementraty:     9.63e-04

Number of Iter:     34
Run time:           0.66

-------------------------------------------------------------------------------------------------------
                  Objective                Residual                        Step-length       
Iter      Primal           Dual         Primal    Dual     Compl    r error   r-bar    nabla     Time
   1   1.92117068e+01  1.92117068e+01  7.45e-16 0.00e+00  9.19e-10  9.19e-10 9.77e-05 1.64e+04     1s

The Iterative Refinement algorithm stopped after 2 iterations in 1.07 seconds.

Primal objective:   1.92117068e+01 
Dual objective:     1.92117068e+01 

Primal residual:    7.45e-16
Dual residual:      0.00e+00
Complementraty:     9.19e-10

Primal variables:   [+2.767906 +4.163976 +0.000000 +0.000000]
Dual slacks:        [+0.000000 +0.000000 +4.999786 +0.046222]
Dual variables:     [-3.839204 +9.233662]

Number of Iter:     1
Run time:           1.07
