
--------------- Linear optimization problem characteristics ---------------
Seed:                    52
Number of variables:     4
Number of constraints:   2

Norm of primal sol:      5.00e+00
Norm of dual sol:        1.00e+01
Norm of dual slacks:     5.00e+00

Norm of vector b:        7.39e-01
Norm of vector c:        1.24e+01

Norm of matrix A:        1.00e+00
Condition number:        1.00e+00

----------------------- Linear optimization problem -----------------------
Coeff matrix A:          [[-0.529 -0.683 -0.414 +0.288]
                          [-0.832 +0.534 +0.116 -0.094]]

RHS vector b:            [+0.692 -0.259]
Obj vector c:            [+7.677 +8.231 +4.302 -3.025]

---------------------------- Optimal solution -----------------------------
Primal variables:         [+0.000 +0.000 +1.613 +4.733]
Dual slacks:              [+4.997 +0.159 +0.000 +0.000]
Dual variables:           [-9.581 +2.865]

Optimal objective:       -7.37458795e+00
===========================================================================

Method:                  IR-II-IPM
IR_Precision:            1.00e-04
LO_Precision:            1.00e-03
Stop_Precision:          1.00e-08
LO_Verbosity:            2
Omega:                   1.00e+03

The Iterative Refinement algorithm starts running ...


The Inexact Infeasible Interior-Point Method starts running ...


                  Objective                Residual                                               Step-length
Iter      Primal           Dual         Primal    Dual     Compl    Cond-Num  ||M||   ||RHS||    a-star   a-hat      Time
   0   7.10783894e+03  5.59378144e+02  5.47e+02 7.97e+02  1.70e+06  1.00e+00 1.00e+00 1.49e+03  7.17e-01 6.00e-01      0s
   1   6.57571606e+03  5.32746787e+02  5.01e+02 7.30e+02  1.57e+06  2.98e+00 1.33e+00 5.75e+02  5.93e-01 8.51e-02      0s
   2   6.12302494e+03  5.05335023e+02  4.61e+02 6.71e+02  1.45e+06  3.57e+00 1.56e+00 7.32e+02  6.13e-01 7.98e-02      0s
   3   5.66306862e+03  4.73488647e+02  4.20e+02 6.12e+02  1.34e+06  4.20e+00 1.81e+00 8.84e+02  6.34e-01 8.88e-02      0s
   4   5.19385203e+03  4.36978509e+02  3.78e+02 5.51e+02  1.21e+06  5.01e+00 2.15e+00 1.06e+03  6.58e-01 1.00e-01      0s
   5   4.71144623e+03  3.95369887e+02  3.34e+02 4.87e+02  1.09e+06  6.04e+00 2.60e+00 1.27e+03  6.85e-01 1.16e-01      0s
   6   4.21510429e+03  3.48407911e+02  2.89e+02 4.20e+02  9.51e+05  7.38e+00 3.24e+00 1.51e+03  7.16e-01 1.36e-01      0s
   7   3.70197145e+03  2.95576533e+02  2.41e+02 3.51e+02  8.06e+05  9.12e+00 4.18e+00 1.79e+03  7.53e-01 1.66e-01      0s
   8   3.17165052e+03  2.36448859e+02  1.90e+02 2.77e+02  6.50e+05  1.14e+01 5.65e+00 2.14e+03  7.95e-01 2.10e-01      0s
   9   2.62413913e+03  1.70383193e+02  1.37e+02 1.99e+02  4.80e+05  1.44e+01 8.19e+00 2.58e+03  8.46e-01 2.82e-01      0s
  10   2.06063811e+03  9.61447226e+01  7.86e+01 1.15e+02  2.89e+05  1.83e+01 1.33e+01 3.12e+03  8.97e-01 4.24e-01      0s
  11   1.49200017e+03  1.05708875e+01  1.39e+01 2.03e+01  5.63e+04  2.32e+01 2.79e+01 3.85e+03  9.29e-01 8.23e-01      0s
  12   1.44444328e+03 -7.02093138e+00  5.69e-01 8.29e-01  3.85e+03  2.85e+01 2.10e+02 4.68e+03  9.84e-01 9.59e-01      0s
  13   1.28047004e+03 -7.12676618e+00  4.40e-01 6.41e-01  3.08e+03  1.95e+01 2.02e+03 1.15e+03  8.00e-01 2.27e-01      0s
  14   1.17410995e+03 -7.17299321e+00  3.78e-01 5.51e-01  2.70e+03  2.22e+01 2.35e+03 9.74e+02  7.74e-01 1.41e-01      0s
  15   1.07080088e+03 -7.20858670e+00  3.26e-01 4.75e-01  2.37e+03  2.46e+01 2.59e+03 8.73e+02  7.62e-01 1.37e-01      0s
  16   9.70115999e+02 -7.23614734e+00  2.82e-01 4.11e-01  2.08e+03  2.79e+01 2.87e+03 7.78e+02  7.54e-01 1.36e-01      0s
  17   8.71670105e+02 -7.25748203e+00  2.44e-01 3.55e-01  1.83e+03  3.23e+01 3.23e+03 6.87e+02  7.51e-01 1.37e-01      0s
  18   7.75115947e+02 -7.27392689e+00  2.09e-01 3.05e-01  1.60e+03  3.83e+01 3.69e+03 5.98e+02  7.51e-01 1.40e-01      0s
  19   6.79850813e+02 -7.28657776e+00  1.79e-01 2.60e-01  1.38e+03  4.68e+01 4.30e+03 5.10e+02  7.55e-01 1.47e-01      0s
  20   5.85430989e+02 -7.29633418e+00  1.50e-01 2.19e-01  1.19e+03  5.93e+01 5.14e+03 4.21e+02  7.64e-01 1.58e-01      0s
  21   4.91794146e+02 -7.30402758e+00  1.24e-01 1.81e-01  9.97e+02  7.81e+01 6.34e+03 3.29e+02  7.77e-01 1.74e-01      0s
  22   3.98681969e+02 -7.31062750e+00  9.95e-02 1.45e-01  8.17e+02  1.08e+02 8.11e+03 2.33e+02  7.95e-01 1.98e-01      0s
  23   3.05842967e+02 -7.31742288e+00  7.61e-02 1.11e-01  6.40e+02  1.56e+02 1.09e+04 1.33e+02  8.20e-01 2.35e-01      0s
  24   2.11965980e+02 -7.32658527e+00  5.30e-02 7.73e-02  4.60e+02  2.39e+02 1.58e+04 4.87e+01  8.59e-01 3.03e-01      0s
  25   1.10812313e+02 -7.34340396e+00  2.79e-02 4.07e-02  2.55e+02  3.91e+02 2.58e+04 1.17e+02  9.00e-01 4.73e-01      0s
  26   2.70236892e+01 -7.37457941e+00  4.53e-03 6.60e-03  5.76e+01  7.04e+02 5.74e+04 2.27e+02  9.16e-01 8.38e-01      0s
  27   1.81729409e+01 -7.38025053e+00  2.35e-03 3.43e-03  3.50e+01  1.17e+03 2.65e+05 8.12e+01  1.00e+00 4.81e-01      0s
  28   9.17331257e+00 -7.38366158e+00  1.06e-03 1.54e-03  1.94e+01  1.14e+03 2.62e+05 5.07e+01  1.00e+00 5.50e-01      0s
  29  -1.33984799e+00 -7.38611882e+00  1.67e-04 2.44e-04  6.21e+00  1.12e+03 2.06e+05 1.61e+01  1.00e+00 8.42e-01      0s
  30  -6.61560842e+00 -7.38679563e+00  6.10e-14 1.37e-15  7.71e-01  1.08e+03 8.66e+04 5.97e+00  1.00e+00 1.00e+00      0s
  31  -7.30971798e+00 -7.38683670e+00  3.94e-15 1.52e-15  7.71e-02  1.06e+03 1.02e+04 1.64e+00  1.00e+00 1.00e+00      0s
  32  -7.36553082e+00 -7.38486643e+00  8.25e-16 2.20e-15  1.93e-02  1.25e+03 1.10e+03 8.07e-01  9.18e-01 8.33e-01      0s
  33  -7.36712746e+00 -7.38368400e+00  2.00e-16 2.59e-15  1.66e-02  2.10e+03 5.13e+02 7.38e-01  7.39e-01 1.60e-01      0s
  34  -7.36840196e+00 -7.38256071e+00  5.66e-16 1.53e-15  1.42e-02  2.22e+03 5.61e+02 7.35e-01  7.79e-01 1.61e-01      0s
  35  -7.36965642e+00 -7.38129317e+00  6.75e-16 1.34e-15  1.16e-02  2.31e+03 6.25e+02 7.32e-01  8.23e-01 1.98e-01      0s
  36  -7.37091794e+00 -7.37984117e+00  7.85e-16 1.66e-15  8.92e-03  2.40e+03 7.27e+02 7.29e-01  8.78e-01 2.59e-01      0s
  37  -7.37221776e+00 -7.37814954e+00  4.00e-16 2.31e-15  5.93e-03  2.49e+03 9.10e+02 7.26e-01  9.48e-01 3.72e-01      0s
  38  -7.37359579e+00 -7.37614127e+00  2.49e-15 9.04e-16  2.55e-03  2.57e+03 1.32e+03 7.22e-01  1.00e+00 6.34e-01      0s
  39  -7.37447540e+00 -7.37472995e+00  2.70e-15 9.40e-16  2.55e-04  2.71e+03 3.00e+03 7.15e-01  1.00e+00 1.00e+00      0s

The algorithm stopped after 40 iterations in 0.43 seconds.

Primal variables:   [+0.00001 +0.00029 +1.61683 +4.73891]
Dual slacks:        [+5.00082 +0.15750 +0.00004 +0.00001]
Dual variables:     [-9.57973 +2.86844]

Primal objective:   -7.37447540e+00
Dual objective:     -7.37472995e+00

Primal residual:    2.70e-15
Dual residual:      9.40e-16
Complementraty:     2.55e-04

Number of Iter:     40
Run time:           0.43

-------------------------------------------------------------------------------------------------------
                  Objective                Residual                        Step-length       
Iter      Primal           Dual         Primal    Dual     Compl    r error   r-bar    nabla     Time
   0  -7.37447540e+00 -7.37472995e+00  2.70e-15 0.00e+00  2.55e-04  2.55e-04 1.00e-03 1.02e+03     0s

The Inexact Infeasible Interior-Point Method starts running ...


                  Objective                Residual                                               Step-length
Iter      Primal           Dual         Primal    Dual     Compl    Cond-Num  ||M||   ||RHS||    a-star   a-hat      Time
   0   2.24283572e+06  2.94073702e+05  1.11e+03 2.41e+03  1.85e+06  1.00e+00 1.00e+00 4.18e+03  5.45e-01 4.56e-01      0s
   1   1.91966188e+06  4.35690407e+05  9.56e+02 2.07e+03  1.59e+06  1.86e+00 6.21e-01 9.77e+02  4.91e-01 1.41e-01      0s
   2   1.19031788e+06  6.65112813e+05  5.80e+02 1.26e+03  8.52e+05  2.46e+00 7.02e-01 6.72e+02  4.75e-01 3.94e-01      0s
   3   1.08701049e+06  6.21309848e+05  5.23e+02 1.13e+03  7.76e+05  1.96e+01 3.49e+00 2.28e+03  6.05e-01 9.81e-02      0s
   4   9.85050619e+05  5.75297246e+05  4.67e+02 1.01e+03  7.00e+05  2.73e+01 4.46e+00 2.78e+03  6.54e-01 1.07e-01      0s
   5   8.65939407e+05  5.19253895e+05  4.02e+02 8.72e+02  6.10e+05  3.82e+01 5.70e+00 3.31e+03  7.02e-01 1.38e-01      0s
   6   7.22329906e+05  4.49597852e+05  3.26e+02 7.06e+02  5.02e+05  5.79e+01 7.66e+00 3.98e+03  7.56e-01 1.91e-01      0s
   7   5.36557272e+05  3.58326314e+05  2.29e+02 4.96e+02  3.59e+05  1.00e+02 1.12e+01 4.87e+03  8.01e-01 2.98e-01      0s
   8   2.30155540e+05  2.12950509e+05  7.91e+01 1.71e+02  1.03e+05  2.32e+02 1.99e+01 6.24e+03  7.04e-01 6.54e-01      0s
   9   2.13318589e+05  2.09035857e+05  7.65e+01 1.66e+02  9.97e+04  1.84e+03 1.13e+02 1.06e+04  2.28e-01 3.25e-02      0s
  10   2.08198242e+05  2.07786904e+05  7.58e+01 1.64e+02  9.89e+04  2.03e+03 1.30e+02 1.14e+04  2.36e-01 9.57e-03      0s
  11   2.02708265e+05  2.06418311e+05  7.50e+01 1.63e+02  9.79e+04  2.09e+03 1.36e+02 1.17e+04  2.41e-01 1.02e-02      0s
  12   1.96749927e+05  2.04893571e+05  7.42e+01 1.61e+02  9.69e+04  2.15e+03 1.42e+02 1.20e+04  2.47e-01 1.11e-02      0s
  13   1.90176696e+05  2.03157581e+05  7.32e+01 1.59e+02  9.57e+04  2.20e+03 1.49e+02 1.22e+04  2.54e-01 1.24e-02      0s
  14   1.82759333e+05  2.01122038e+05  7.22e+01 1.56e+02  9.44e+04  2.27e+03 1.57e+02 1.26e+04  2.64e-01 1.41e-02      0s
  15   1.74117513e+05  1.98635040e+05  7.10e+01 1.54e+02  9.29e+04  2.33e+03 1.66e+02 1.29e+04  2.77e-01 1.68e-02      0s
  16   1.63474774e+05  1.95380589e+05  6.95e+01 1.51e+02  9.09e+04  2.40e+03 1.77e+02 1.34e+04  2.95e-01 2.13e-02      0s
  17   1.48926438e+05  1.90551208e+05  6.73e+01 1.46e+02  8.81e+04  2.47e+03 1.92e+02 1.39e+04  3.22e-01 3.08e-02      0s
  18   1.22154919e+05  1.80485437e+05  6.31e+01 1.37e+02  8.19e+04  2.54e+03 2.15e+02 1.46e+04  3.40e-01 6.23e-02      0s
  19   1.03789305e+04  1.25733258e+05  4.22e+01 9.15e+01  3.13e+04  2.63e+03 2.63e+02 1.60e+04  3.54e-01 3.31e-01      0s
  20   9.43073092e+03  1.16646256e+05  3.92e+01 8.50e+01  2.92e+04  2.33e+03 7.56e+02 2.05e+04  5.75e-01 7.09e-02      0s
  21   8.54951983e+03  1.07101115e+05  3.61e+01 7.82e+01  2.71e+04  2.35e+03 7.86e+02 2.02e+04  6.18e-01 8.03e-02      0s
  22   7.66894954e+03  9.63892017e+04  3.25e+01 7.05e+01  2.47e+04  2.37e+03 8.23e+02 1.99e+04  6.65e-01 9.82e-02      0s
  23   6.78993280e+03  8.43868513e+04  2.86e+01 6.19e+01  2.20e+04  2.39e+03 8.72e+02 1.94e+04  7.18e-01 1.22e-01      0s
  24   5.91512159e+03  7.10618864e+04  2.41e+01 5.23e+01  1.89e+04  2.42e+03 9.40e+02 1.89e+04  7.79e-01 1.55e-01      0s
  25   5.04655442e+03  5.65639528e+04  1.93e+01 4.18e+01  1.56e+04  2.46e+03 1.04e+03 1.82e+04  8.49e-01 2.00e-01      0s
  26   4.18727107e+03  4.14732027e+04  1.42e+01 3.09e+01  1.20e+04  2.51e+03 1.19e+03 1.74e+04  9.26e-01 2.62e-01      0s
  27   3.33784967e+03  2.70334928e+04  9.37e+00 2.03e+01  8.43e+03  2.57e+03 1.45e+03 1.63e+04  1.00e+00 3.42e-01      0s
  28   2.48544864e+03  1.49095248e+04  5.24e+00 1.13e+01  5.28e+03  2.66e+03 1.93e+03 1.49e+04  1.00e+00 4.41e-01      0s
  29   1.58579543e+03  6.08212333e+03  2.18e+00 4.72e+00  2.72e+03  2.78e+03 2.89e+03 1.31e+04  1.00e+00 5.84e-01      0s
  30   5.15509285e+02  1.90984680e+02  7.71e-02 1.67e-01  5.72e+02  2.95e+03 5.35e+03 1.06e+04  1.00e+00 9.65e-01      0s
  31   1.78030988e+02  1.18069345e+02  4.10e-13 9.31e-17  6.00e+01  3.49e+03 2.67e+04 1.62e+03  1.00e+00 1.00e+00      0s
  32   1.51881530e+02  1.45885366e+02  1.57e-12 2.84e-14  6.00e+00  3.54e+03 1.75e+05 6.78e+02  1.00e+00 1.00e+00      0s
  33   1.49198320e+02  1.48598703e+02  1.05e-12 6.48e-17  6.00e-01  3.45e+03 1.76e+06 6.81e+02  1.00e+00 1.00e+00      0s
  34   1.48928637e+02  1.48868675e+02  8.42e-12 4.27e-17  6.00e-02  3.45e+03 1.77e+07 6.81e+02  1.00e+00 1.00e+00      0s
  35   1.48901656e+02  1.48895660e+02  2.64e-12 9.98e-18  6.00e-03  3.45e+03 1.77e+08 6.81e+02  1.00e+00 1.00e+00      0s
  36   1.48898957e+02  1.48898358e+02  2.07e-12 2.84e-14  6.00e-04  3.45e+03 1.77e+09 6.81e+02  1.00e+00 1.00e+00      0s

The algorithm stopped after 37 iterations in 0.46 seconds.

Primal variables:   [+0.00000 +0.00000 +1651.70464 +4846.26372]
Dual slacks:        [+5117.42443 +162.38017 +0.00000 +0.00000]
Dual variables:     [-1.06981 -3.42718]

Primal objective:   1.48898957e+02 
Dual objective:     1.48898358e+02 

Primal residual:    2.07e-12
Dual residual:      2.84e-14
Complementraty:     6.00e-04

Number of Iter:     37
Run time:           0.46

-------------------------------------------------------------------------------------------------------
                  Objective                Residual                        Step-length       
Iter      Primal           Dual         Primal    Dual     Compl    r error   r-bar    nabla     Time
   1  -7.37458795e+00 -7.37458795e+00  2.03e-15 0.00e+00  5.72e-10  5.72e-10 9.77e-05 1.64e+04     1s

The Iterative Refinement algorithm stopped after 2 iterations in 0.90 seconds.

Primal objective:   -7.37458795e+00
Dual objective:     -7.37458795e+00

Primal residual:    2.03e-15
Dual residual:      0.00e+00
Complementraty:     5.72e-10

Primal variables:   [+0.000000 +0.000000 +1.612993 +4.732679]
Dual slacks:        [+4.997485 +0.158574 +0.000000 +0.000000]
Dual variables:     [-9.580776 +2.865090]

Number of Iter:     1
Run time:           0.90
