
--------------- Linear optimization problem characteristics ---------------
Seed:                    20
Number of variables:     4
Number of constraints:   2

Norm of primal sol:      5.00e+00
Norm of dual sol:        1.00e+01
Norm of dual slacks:     5.00e+00

Norm of vector b:        4.50e+00
Norm of vector c:        1.14e+01

Norm of matrix A:        1.00e+00
Condition number:        1.00e+00

----------------------- Linear optimization problem -----------------------
Coeff matrix A:          [[-0.618 +0.480 +0.496 +0.375]
                          [+0.442 -0.003 +0.823 -0.357]]

RHS vector b:            [+3.452 +2.889]
Obj vector c:            [+10.324 -4.452 -1.442 -0.775]

---------------------------- Optimal solution -----------------------------
Primal variables:         [+0.000 +3.548 +3.523 +0.000]
Dual slacks:              [+2.924 +0.000 +0.000 +4.056]
Dual variables:           [-9.242 +3.819]

Optimal objective:       -2.08726795e+01
===========================================================================

Method:                  II-IPM
LO_Precision:            1.00e-04
Stop_Precision:          1.00e-08
LO_Verbosity:            2
Omega:                   1.00e+03

The Inexact Infeasible Interior-Point Method starts running ...


                  Objective                Residual                                               Step-length
Iter      Primal           Dual         Primal    Dual     Compl    Cond-Num  ||M||   ||RHS||    a-star   a-hat      Time
   0   7.23463052e+03 -4.65137081e+03  2.08e+02 3.57e+02  7.84e+05  1.00e+00 1.00e+00 1.28e+03  8.96e-01 8.21e-01      0s
   1   9.24494834e+03 -4.54929254e+03  9.78e+01 1.68e+02  3.93e+05  3.25e+01 7.24e+00 3.16e+02  6.99e-01 5.29e-01      0s
   2   1.00144931e+04 -4.06063555e+03  8.16e+01 1.40e+02  3.34e+05  8.23e+01 2.41e+01 5.97e+02  7.58e-01 1.65e-01      0s
   3   1.08828302e+04 -3.47557117e+03  6.52e+01 1.12e+02  2.73e+05  9.28e+01 3.27e+01 7.49e+02  8.04e-01 2.01e-01      0s
   4   1.19081146e+04 -2.74659673e+03  4.76e+01 8.19e+01  2.05e+05  1.04e+02 4.65e+01 9.22e+02  8.64e-01 2.70e-01      0s
   5   1.31334809e+04 -1.80432833e+03  2.77e+01 4.77e+01  1.27e+05  1.15e+02 7.30e+01 1.12e+03  9.46e-01 4.18e-01      0s
   6   1.43370787e+04 -4.75454309e+02  3.06e+00 5.27e+00  2.70e+04  1.28e+02 1.43e+02 1.31e+03  1.00e+00 8.90e-01      0s
   7   7.90452208e+03 -2.73107436e+02  4.10e-12 1.69e-14  8.18e+03  1.47e+02 8.56e+02 6.46e+02  1.00e+00 1.00e+00      0s
   8   7.14919247e+02 -2.63071921e+02  1.89e-13 6.29e-15  9.78e+02  1.38e+02 7.46e+02 1.28e+01  1.00e+00 9.78e-01      0s
   9   5.05479537e+02 -2.52723177e+02  1.36e-13 1.79e-15  7.58e+02  1.15e+02 6.41e+01 5.24e+00  8.67e-01 2.50e-01      0s
  10   3.81332544e+02 -2.42397452e+02  1.16e-13 6.28e-16  6.24e+02  1.03e+02 4.26e+01 4.96e+00  8.22e-01 1.97e-01      0s
  11   2.97311747e+02 -2.31878701e+02  9.84e-14 3.72e-15  5.29e+02  9.12e+01 3.04e+01 4.79e+00  7.89e-01 1.68e-01      0s
  12   2.36444934e+02 -2.21116930e+02  8.95e-14 5.73e-15  4.58e+02  7.98e+01 2.26e+01 4.68e+00  7.64e-01 1.50e-01      0s
  13   1.90220820e+02 -2.10072537e+02  7.57e-14 1.83e-15  4.00e+02  6.90e+01 1.72e+01 4.59e+00  7.48e-01 1.39e-01      0s
  14   1.53928920e+02 -1.98727198e+02  6.56e-14 2.22e-15  3.53e+02  5.89e+01 1.34e+01 4.53e+00  7.37e-01 1.32e-01      0s
  15   1.24682235e+02 -1.87059610e+02  5.81e-14 4.40e-15  3.12e+02  4.96e+01 1.05e+01 4.48e+00  7.31e-01 1.29e-01      0s
  16   1.00662588e+02 -1.75068833e+02  4.62e-14 3.05e-15  2.76e+02  4.12e+01 8.39e+00 4.44e+00  7.30e-01 1.28e-01      0s
  17   8.06835063e+01 -1.62786151e+02  4.12e-14 4.64e-15  2.43e+02  3.38e+01 6.73e+00 4.41e+00  7.33e-01 1.30e-01      0s
  18   6.39117813e+01 -1.50259282e+02  3.30e-14 3.82e-15  2.14e+02  2.74e+01 5.44e+00 4.38e+00  7.39e-01 1.34e-01      0s
  19   4.97779047e+01 -1.37581934e+02  2.92e-14 4.97e-15  1.87e+02  2.19e+01 4.43e+00 4.36e+00  7.48e-01 1.39e-01      0s
  20   3.78412453e+01 -1.24856989e+02  2.42e-14 3.90e-15  1.63e+02  1.74e+01 3.65e+00 4.34e+00  7.58e-01 1.46e-01      0s
  21   2.77758431e+01 -1.12218492e+02  2.17e-14 1.26e-15  1.40e+02  1.38e+01 3.04e+00 4.32e+00  7.71e-01 1.55e-01      0s
  22   1.92938448e+01 -9.97742930e+01  1.79e-14 1.88e-15  1.19e+02  1.09e+01 2.58e+00 4.31e+00  7.85e-01 1.66e-01      0s
  23   1.21518689e+01 -8.76170821e+01  1.60e-14 1.83e-15  9.98e+01  8.69e+00 2.23e+00 4.29e+00  8.03e-01 1.80e-01      0s
  24   6.08489557e+00 -7.57230259e+01  1.29e-14 2.04e-15  8.18e+01  7.00e+00 1.99e+00 4.28e+00  8.25e-01 2.00e-01      0s
  25   8.42327226e-01 -6.40069487e+01  9.11e-15 1.83e-15  6.48e+01  5.71e+00 1.84e+00 4.27e+00  8.54e-01 2.30e-01      0s
  26  -3.89901677e+00 -5.22017501e+01  6.94e-15 2.39e-15  4.83e+01  4.68e+00 1.78e+00 4.25e+00  8.96e-01 2.84e-01      0s
  27  -8.66561142e+00 -3.97982585e+01  4.09e-15 1.69e-15  3.11e+01  3.76e+00 1.80e+00 4.24e+00  9.11e-01 3.95e-01      0s
  28  -1.51233774e+01 -2.56718567e+01  1.26e-15 1.28e-15  1.05e+01  2.69e+00 1.94e+00 4.21e+00  8.42e-01 7.35e-01      0s
  29  -1.69277678e+01 -2.47402694e+01  1.26e-15 1.16e-15  7.81e+00  3.56e+00 6.00e+00 3.92e+00  8.56e-01 2.88e-01      1s
  30  -1.90979529e+01 -2.34792867e+01  9.93e-16 9.19e-16  4.38e+00  6.32e+00 9.30e+00 3.88e+00  8.09e-01 4.88e-01      1s
  31  -2.02674011e+01 -2.22343013e+01  4.44e-16 5.72e-16  1.97e+00  1.46e+01 1.95e+01 3.83e+00  8.11e-01 6.12e-01      1s
  32  -2.05335746e+01 -2.16259876e+01  2.51e-15 9.43e-16  1.09e+00  2.14e+01 4.31e+01 3.86e+00  9.96e-01 4.94e-01      1s
  33  -2.08239196e+01 -2.09331609e+01  1.60e-15 9.03e-16  1.09e-01  2.03e+01 7.32e+01 3.90e+00  1.00e+00 1.00e+00      1s
  34  -2.08672088e+01 -2.08781329e+01  6.28e-16 9.48e-16  1.09e-02  7.48e+00 4.51e+02 4.07e+00  1.00e+00 1.00e+00      1s
  35  -2.08721337e+01 -2.08732261e+01  8.88e-16 1.76e-15  1.09e-03  6.18e+00 4.53e+03 4.05e+00  1.00e+00 1.00e+00      1s
  36  -2.08726249e+01 -2.08727342e+01  9.93e-16 1.06e-15  1.09e-04  6.24e+00 4.54e+04 4.05e+00  1.00e+00 1.00e+00      1s
  37  -2.08726741e+01 -2.08726850e+01  4.44e-16 1.22e-15  1.09e-05  6.23e+00 4.53e+05 4.05e+00  1.00e+00 1.00e+00      1s

The algorithm stopped after 38 iterations in 0.52 seconds.

Primal variables:   [+0.000001 +3.547731 +3.523295 +0.000001]
Dual slacks:        [+2.923905 +0.000001 +0.000001 +4.055956]
Dual variables:     [-9.242196 +3.818619]

Primal objective:   -2.08726741e+01
Dual objective:     -2.08726850e+01

Primal residual:    4.44e-16
Dual residual:      1.22e-15
Complementraty:     1.09e-05

Number of Iter:     38
Run time:           0.52
