
--------------- Linear optimization problem characteristics ---------------
Seed:                    43
Number of variables:     4
Number of constraints:   2

Norm of primal sol:      5.00e+00
Norm of dual sol:        1.00e+01
Norm of dual slacks:     5.00e+00

Norm of vector b:        4.85e+00
Norm of vector c:        1.02e+01

Norm of matrix A:        1.00e+00
Condition number:        1.00e+00

----------------------- Linear optimization problem -----------------------
Coeff matrix A:          [[-0.063 +0.232 -0.333 -0.911]
                          [-0.774 +0.015 +0.611 -0.166]]

RHS vector b:            [-4.794 +0.755]
Obj vector c:            [-5.770 +4.041 +6.954 +2.455]

---------------------------- Optimal solution -----------------------------
Primal variables:         [+0.000 +0.000 +2.424 +4.373]
Dual slacks:              [+0.928 +4.913 +0.000 +0.000]
Dual variables:           [-4.337 +9.011]

Optimal objective:       +2.75926310e+01
===========================================================================

Method:                  IR-II-IPM
IR_Precision:            1.00e-04
LO_Precision:            5.00e-03
Stop_Precision:          1.00e-08
LO_Verbosity:            2
Omega:                   1.00e+03

The Iterative Refinement algorithm starts running ...


The Inexact Infeasible Interior-Point Method starts running ...


                  Objective                Residual                                               Step-length
Iter      Primal           Dual         Primal    Dual     Compl    Cond-Num  ||M||   ||RHS||    a-star   a-hat      Time
   0   7.54722056e+03 -3.62374011e+03  3.62e+02 6.48e+02  1.39e+06  1.00e+00 1.00e+00 1.23e+03  7.85e-01 6.75e-01      0s
   1   7.98955506e+03 -3.45484834e+03  3.28e+02 5.86e+02  1.27e+06  2.08e+00 1.79e+00 3.45e+02  5.99e-01 9.55e-02      0s
   2   8.38623068e+03 -3.28060751e+03  3.00e+02 5.37e+02  1.17e+06  1.91e+00 1.94e+00 4.74e+02  6.27e-01 8.48e-02      0s
   3   8.83647921e+03 -3.06767849e+03  2.71e+02 4.84e+02  1.07e+06  1.79e+00 2.09e+00 5.88e+02  6.54e-01 9.72e-02      0s
   4   9.35498983e+03 -2.80917902e+03  2.40e+02 4.29e+02  9.58e+05  1.66e+00 2.29e+00 7.21e+02  6.86e-01 1.15e-01      0s
   5   9.96079444e+03 -2.49646770e+03  2.06e+02 3.69e+02  8.36e+05  1.54e+00 2.58e+00 8.77e+02  7.25e-01 1.40e-01      0s
   6   1.06848988e+04 -2.11626403e+03  1.69e+02 3.02e+02  6.98e+05  1.45e+00 3.03e+00 1.06e+03  7.73e-01 1.80e-01      0s
   7   1.15764486e+04 -1.64975611e+03  1.27e+02 2.27e+02  5.39e+05  1.38e+00 3.79e+00 1.29e+03  8.32e-01 2.48e-01      0s
   8   1.27332641e+04 -1.06331400e+03  7.82e+01 1.40e+02  3.46e+05  1.38e+00 5.34e+00 1.58e+03  9.08e-01 3.85e-01      0s
   9   1.43824516e+04 -2.81686014e+02  1.71e+01 3.06e+01  9.09e+04  1.47e+00 9.54e+00 1.94e+03  1.00e+00 7.81e-01      0s
  10   1.37047968e+04 -4.92266828e+01  4.46e-13 5.84e-15  1.38e+04  1.63e+00 4.52e+01 2.19e+03  1.00e+00 1.00e+00      0s
  11   1.32684318e+03 -4.85591597e+01  1.88e-13 2.00e-15  1.38e+03  1.52e+00 2.39e+02 2.63e+01  1.00e+00 1.00e+00      0s
  12   1.40465977e+02 -4.68246281e+01  8.98e-15 2.52e-15  1.87e+02  1.67e+00 2.51e+01 6.58e+00  1.00e+00 9.60e-01      0s
  13   1.20981891e+02 -4.50387295e+01  7.18e-15 1.99e-15  1.66e+02  2.61e+00 3.77e+00 4.98e+00  6.99e-01 1.26e-01      0s
  14   1.08308476e+02 -4.34245081e+01  5.39e-15 1.99e-15  1.52e+02  2.95e+00 3.49e+00 4.89e+00  6.67e-01 9.56e-02      0s
  15   9.81838790e+01 -4.17637043e+01  5.42e-15 2.18e-15  1.40e+02  3.25e+00 3.32e+00 4.82e+00  6.46e-01 8.63e-02      0s
  16   8.98550494e+01 -4.00418972e+01  6.23e-15 2.52e-15  1.30e+02  3.55e+00 3.19e+00 4.77e+00  6.29e-01 7.98e-02      1s
  17   8.28801695e+01 -3.82537523e+01  6.22e-15 3.67e-15  1.21e+02  3.86e+00 3.10e+00 4.73e+00  6.16e-01 7.50e-02      1s
  18   7.69269676e+01 -3.63859417e+01  4.49e-15 2.67e-15  1.13e+02  4.16e+00 3.04e+00 4.69e+00  6.07e-01 7.17e-02      1s
  19   7.17688466e+01 -3.44254833e+01  4.46e-15 3.83e-15  1.06e+02  4.46e+00 2.99e+00 4.66e+00  6.02e-01 6.98e-02      1s
  20   6.72389346e+01 -3.23564715e+01  4.45e-15 3.69e-15  9.96e+01  4.75e+00 2.97e+00 4.64e+00  5.99e-01 6.90e-02      1s
  21   6.32205657e+01 -3.01642876e+01  3.69e-15 3.72e-15  9.34e+01  5.03e+00 2.96e+00 4.62e+00  6.00e-01 6.93e-02      1s
  22   5.96132678e+01 -2.78250927e+01  3.60e-15 2.26e-15  8.74e+01  5.31e+00 2.96e+00 4.60e+00  6.04e-01 7.08e-02      1s
  23   5.63477111e+01 -2.53160686e+01  3.55e-15 3.79e-15  8.17e+01  5.56e+00 2.99e+00 4.58e+00  6.12e-01 7.34e-02      1s
  24   5.33674968e+01 -2.26089094e+01  3.64e-15 3.82e-15  7.60e+01  5.80e+00 3.03e+00 4.56e+00  6.23e-01 7.74e-02      1s
  25   5.06214732e+01 -1.96633204e+01  2.78e-15 2.26e-15  7.03e+01  6.01e+00 3.09e+00 4.55e+00  6.38e-01 8.32e-02      1s
  26   4.80746412e+01 -1.64371909e+01  1.86e-15 3.72e-15  6.45e+01  6.20e+00 3.17e+00 4.53e+00  6.58e-01 9.13e-02      1s
  27   4.56925781e+01 -1.28716139e+01  2.29e-15 3.70e-15  5.86e+01  6.36e+00 3.29e+00 4.52e+00  6.82e-01 1.02e-01      1s
  28   4.34480710e+01 -8.89631274e+00  2.09e-15 2.70e-15  5.23e+01  6.47e+00 3.45e+00 4.51e+00  7.12e-01 1.18e-01      1s
  29   4.13147739e+01 -4.42025994e+00  2.09e-15 1.88e-15  4.57e+01  6.54e+00 3.66e+00 4.50e+00  7.50e-01 1.40e-01      1s
  30   3.92593262e+01  6.87039400e-01  2.19e-15 2.28e-15  3.86e+01  6.54e+00 3.97e+00 4.49e+00  7.95e-01 1.74e-01      1s
  31   3.72416685e+01  6.59103604e+00  1.33e-15 1.09e-15  3.07e+01  6.44e+00 4.41e+00 4.48e+00  8.52e-01 2.28e-01      1s
  32   3.51760906e+01  1.35345973e+01  1.34e-15 1.73e-15  2.16e+01  6.17e+00 5.11e+00 4.47e+00  9.24e-01 3.27e-01      1s
  33   3.27808027e+01  2.18815811e+01  9.99e-16 1.41e-15  1.09e+01  5.49e+00 6.35e+00 4.45e+00  8.81e-01 5.52e-01      1s
  34   3.07068635e+01  2.59969782e+01  3.33e-16 1.10e-15  4.71e+00  3.45e+00 9.12e+00 4.42e+00  7.72e-01 6.31e-01      1s
  35   3.00716197e+01  2.62738691e+01  9.99e-16 2.27e-15  3.80e+00  1.72e+00 1.57e+01 4.17e+00  8.36e-01 2.15e-01      1s
  36   2.93383720e+01  2.65661162e+01  7.77e-16 1.12e-15  2.77e+00  2.52e+00 2.19e+01 4.14e+00  9.07e-01 3.00e-01      1s
  37   2.84481316e+01  2.69256207e+01  8.95e-16 1.76e-15  1.52e+00  4.32e+00 3.47e+01 4.10e+00  9.31e-01 5.01e-01      1s
  38   2.77137831e+01  2.73392141e+01  1.11e-16 6.03e-16  3.75e-01  9.72e+00 7.53e+01 4.07e+00  9.14e-01 8.38e-01      1s
  39   2.76071849e+01  2.75697280e+01  1.11e-16 1.10e-15  3.75e-02  2.36e+01 3.10e+02 4.13e+00  1.00e+00 1.00e+00      1s
  40   2.75944793e+01  2.75907336e+01  9.16e-16 6.00e-16  3.75e-03  9.81e+00 1.81e+03 4.39e+00  1.00e+00 1.00e+00      1s

The algorithm stopped after 41 iterations in 1.11 seconds.

Primal variables:   [+0.0010 +0.0002 +2.4256 +4.3724]
Dual slacks:        [+0.9278 +4.9130 +0.0004 +0.0002]
Dual variables:     [-4.3367 +9.0101]

Primal objective:   2.75944793e+01 
Dual objective:     2.75907336e+01 

Primal residual:    9.16e-16
Dual residual:      6.00e-16
Complementraty:     3.75e-03

Number of Iter:     41
Run time:           1.11

-------------------------------------------------------------------------------------------------------
                  Objective                Residual                        Step-length       
Iter      Primal           Dual         Primal    Dual     Compl    r error   r-bar    nabla     Time
   0   2.75944793e+01  2.75907336e+01  9.16e-16 0.00e+00  3.75e-03  3.75e-03 3.75e-03 5.12e+02     1s

The Inexact Infeasible Interior-Point Method starts running ...


                  Objective                Residual                                               Step-length
Iter      Primal           Dual         Primal    Dual     Compl    Cond-Num  ||M||   ||RHS||    a-star   a-hat      Time
   0   8.41296197e+05  6.06808586e+05  1.06e+03 1.46e+03  2.25e+06  1.00e+00 1.00e+00 8.22e+02  3.88e-01 3.17e-01      0s
   1   6.62334957e+05  6.57151037e+05  8.42e+02 1.16e+03  1.79e+06  1.61e+00 2.29e+00 2.40e+02  6.36e-01 2.03e-01      0s
   2   4.75612789e+05  5.70630893e+05  5.71e+02 7.89e+02  1.22e+06  2.02e+00 3.77e+00 3.98e+02  7.16e-01 3.22e-01      0s
   3   2.87317402e+05  3.21879148e+05  2.73e+02 3.78e+02  6.21e+05  2.68e+00 7.80e+00 1.39e+03  8.22e-01 5.21e-01      0s
   4   1.12468140e+05  5.51748939e+04  5.65e+01 7.81e+01  1.90e+05  4.11e+00 2.43e+01 2.98e+03  9.56e-01 7.93e-01      0s
   5   1.19796192e+04 -1.19732319e+04  9.71e-13 4.55e-13  2.40e+04  9.70e+00 1.59e+02 4.54e+03  1.00e+00 1.00e+00      0s
   6   1.59951758e+03 -7.95767530e+02  2.84e-13 6.68e-16  2.40e+03  1.58e+01 1.21e+03 2.12e+03  1.00e+00 1.00e+00      0s
   7   6.16689149e+02  3.77160638e+02  0.00e+00 8.44e-17  2.40e+02  7.85e+00 7.41e+03 2.24e+03  1.00e+00 1.00e+00      0s
   8   5.09349956e+02  4.85397105e+02  9.11e-13 4.58e-13  2.40e+01  6.72e+00 7.34e+04 2.24e+03  1.00e+00 1.00e+00      0s
   9   4.98575523e+02  4.96180238e+02  9.25e-13 2.06e-17  2.40e+00  6.66e+00 7.33e+05 2.24e+03  1.00e+00 1.00e+00      0s
  10   4.97497688e+02  4.97258159e+02  4.69e-13 1.79e-17  2.40e-01  6.65e+00 7.33e+06 2.24e+03  1.00e+00 1.00e+00      0s
  11   4.97389901e+02  4.97365948e+02  5.68e-14 4.55e-13  2.40e-02  6.65e+00 7.33e+07 2.24e+03  1.00e+00 1.00e+00      0s
  12   4.97379122e+02  4.97376726e+02  4.86e-13 4.55e-13  2.40e-03  6.65e+00 7.33e+08 2.24e+03  1.00e+00 1.00e+00      0s

The algorithm stopped after 13 iterations in 0.03 seconds.

Primal variables:   [+0.0000 +0.0000 +1241.3259 +2238.9082]
Dual slacks:        [+475.1879 +2515.5112 +0.0000 +0.0000]
Dual variables:     [-0.1643 +0.2435]

Primal objective:   4.97379122e+02 
Dual objective:     4.97376726e+02 

Primal residual:    4.86e-13
Dual residual:      4.55e-13
Complementraty:     2.40e-03

Number of Iter:     13
Run time:           0.03

-------------------------------------------------------------------------------------------------------
                  Objective                Residual                        Step-length       
Iter      Primal           Dual         Primal    Dual     Compl    r error   r-bar    nabla     Time
   1   2.75926310e+01  2.75926310e+01  9.49e-16 0.00e+00  9.14e-09  9.14e-09 1.95e-04 8.19e+03     1s

The Iterative Refinement algorithm stopped after 2 iterations in 1.14 seconds.

Primal objective:   2.75926310e+01 
Dual objective:     2.75926310e+01 

Primal residual:    9.49e-16
Dual residual:      0.00e+00
Complementraty:     9.14e-09

Primal variables:   [+0.000000 +0.000000 +2.424465 +4.372868]
Dual slacks:        [+0.928101 +4.913108 +0.000000 +0.000000]
Dual variables:     [-4.336993 +9.010577]

Number of Iter:     1
Run time:           1.14
