
--------------- Linear optimization problem characteristics ---------------
Seed:                    55
Number of variables:     4
Number of constraints:   2

Norm of primal sol:      5.00e+00
Norm of dual sol:        1.00e+01
Norm of dual slacks:     5.00e+00

Norm of vector b:        1.79e+00
Norm of vector c:        1.49e+01

Norm of matrix A:        1.00e+00
Condition number:        1.00e+00

----------------------- Linear optimization problem -----------------------
Coeff matrix A:          [[-0.714 +0.554 -0.413 -0.109]
                          [-0.136 -0.691 -0.707 +0.063]]

RHS vector b:            [-1.790 +0.049]
Obj vector c:            [+0.321 +12.107 +8.636 -0.779]

---------------------------- Optimal solution -----------------------------
Primal variables:         [+1.792 +0.000 +0.000 +4.668]
Dual slacks:              [+0.000 +4.476 +2.229 +0.000]
Dual variables:           [+1.436 -9.896]

Optimal objective:       -3.06044109e+00
===========================================================================

Method:                  II-IPM
LO_Precision:            1.00e-04
Stop_Precision:          1.00e-08
LO_Verbosity:            2
Omega:                   1.00e+03

The Inexact Infeasible Interior-Point Method starts running ...


                  Objective                Residual                                               Step-length
Iter      Primal           Dual         Primal    Dual     Compl    Cond-Num  ||M||   ||RHS||    a-star   a-hat      Time
   0   8.26302420e+03 -7.89530271e+02  6.11e+02 7.50e+02  1.60e+06  1.00e+00 1.00e+00 1.77e+03  7.38e-01 6.23e-01      0s
   1   5.67264321e+03 -1.12379715e+03  4.05e+02 4.97e+02  1.10e+06  2.46e+00 7.81e-01 3.21e+02  8.70e-01 3.37e-01      0s
   2   3.29274965e+03 -1.58807229e+03  2.17e+02 2.66e+02  6.17e+05  3.15e+00 6.12e-01 1.72e+02  8.42e-01 4.64e-01      0s
   3   2.10198592e+03 -2.07692833e+03  1.28e+02 1.57e+02  3.78e+05  5.54e+00 4.91e-01 1.19e+02  7.57e-01 4.13e-01      0s
   4   1.45087835e+03 -2.51511466e+03  8.37e+01 1.03e+02  2.57e+05  9.63e+00 4.32e-01 8.81e+01  7.51e-01 3.44e-01      0s
   5   8.87342114e+02 -2.99436569e+03  4.90e+01 6.02e+01  1.57e+05  1.30e+01 3.52e-01 5.34e+01  8.00e-01 4.14e-01      0s
   6   3.03180368e+02 -3.59885173e+03  1.58e+01 1.93e+01  5.58e+04  1.61e+01 2.41e-01 2.30e+01  8.88e-01 6.79e-01      0s
   7   3.39716880e+00 -3.93705353e+03  5.65e-15 5.21e-13  3.94e+03  1.95e+01 9.27e-02 2.23e+00  1.00e+00 1.00e+00      0s
   8   3.31103703e+00 -3.90734032e+02  6.80e-16 4.12e-13  3.94e+02  1.89e+01 5.41e-03 1.70e+00  1.00e+00 1.00e+00      0s
   9   3.16053432e+00 -3.62439726e+01  6.48e-16 2.86e-14  3.94e+01  2.54e+01 6.26e-02 1.62e+00  1.00e+00 1.00e+00      0s
  10   2.47742758e+00 -1.06891184e+01  3.61e-16 7.25e-15  1.32e+01  2.36e+01 5.80e-01 1.61e+00  9.42e-01 7.40e-01      0s
  11   2.13561275e+00 -9.31895440e+00  5.72e-16 6.58e-15  1.15e+01  1.54e+01 1.34e+00 1.60e+00  7.42e-01 1.44e-01      0s
  12   1.82085842e+00 -8.32720446e+00  6.48e-16 6.11e-15  1.01e+01  1.36e+01 1.42e+00 1.59e+00  7.28e-01 1.27e-01      0s
  13   1.51349707e+00 -7.53176914e+00  5.39e-16 5.27e-15  9.05e+00  1.20e+01 1.48e+00 1.59e+00  7.17e-01 1.21e-01      0s
  14   1.21473521e+00 -6.88357862e+00  5.72e-16 4.26e-15  8.10e+00  1.07e+01 1.54e+00 1.59e+00  7.09e-01 1.16e-01      0s
  15   9.25486682e-01 -6.34894400e+00  4.72e-16 4.73e-15  7.27e+00  9.49e+00 1.59e+00 1.59e+00  7.03e-01 1.13e-01      0s
  16   6.45596633e-01 -5.90269464e+00  2.95e-16 3.63e-15  6.55e+00  8.48e+00 1.64e+00 1.58e+00  6.99e-01 1.11e-01      0s
  17   3.74860642e-01 -5.52698147e+00  3.78e-16 3.95e-15  5.90e+00  7.63e+00 1.70e+00 1.58e+00  6.97e-01 1.10e-01      0s
  18   1.11545346e-01 -5.20685912e+00  4.85e-16 3.31e-15  5.32e+00  6.93e+00 1.77e+00 1.58e+00  6.97e-01 1.10e-01      0s
  19  -1.46517678e-01 -4.93090110e+00  5.10e-16 3.49e-15  4.78e+00  6.37e+00 1.85e+00 1.57e+00  7.00e-01 1.12e-01      0s
  20  -4.01754240e-01 -4.69027529e+00  5.72e-16 2.85e-15  4.29e+00  5.94e+00 1.96e+00 1.57e+00  7.07e-01 1.15e-01      0s
  21  -6.57198210e-01 -4.47764690e+00  5.10e-16 2.47e-15  3.82e+00  5.65e+00 2.10e+00 1.56e+00  7.18e-01 1.21e-01      0s
  22  -9.16834948e-01 -4.28654408e+00  5.39e-16 1.12e-15  3.37e+00  5.52e+00 2.29e+00 1.56e+00  7.35e-01 1.31e-01      0s
  23  -1.18489000e+00 -4.11164264e+00  3.34e-16 2.08e-15  2.93e+00  5.59e+00 2.56e+00 1.55e+00  7.58e-01 1.46e-01      0s
  24  -1.46656291e+00 -3.94778769e+00  2.37e-16 6.38e-16  2.48e+00  5.91e+00 2.97e+00 1.55e+00  7.90e-01 1.69e-01      0s
  25  -1.76903270e+00 -3.78897655e+00  2.37e-16 1.38e-15  2.02e+00  6.62e+00 3.60e+00 1.54e+00  8.32e-01 2.07e-01      0s
  26  -2.10108863e+00 -3.62755111e+00  2.37e-16 1.75e-15  1.53e+00  7.97e+00 4.67e+00 1.53e+00  8.87e-01 2.71e-01      0s
  27  -2.47559102e+00 -3.44956903e+00  2.78e-17 8.90e-16  9.74e-01  1.05e+01 6.71e+00 1.53e+00  9.62e-01 4.02e-01      0s
  28  -2.91066283e+00 -3.22023736e+00  2.24e-16 4.55e-16  3.10e-01  1.59e+01 1.18e+01 1.52e+00  1.00e+00 7.58e-01      0s
  29  -3.05210865e+00 -3.08306611e+00  1.94e-16 1.38e-15  3.10e-02  3.33e+01 4.28e+01 1.51e+00  1.00e+00 1.00e+00      0s
  30  -3.05894336e+00 -3.06203910e+00  1.11e-16 9.97e-16  3.10e-03  3.02e+01 2.66e+02 1.62e+00  1.00e+00 1.00e+00      0s
  31  -3.06028666e+00 -3.06059624e+00  4.52e-16 1.02e-15  3.10e-04  1.57e+01 2.48e+03 1.61e+00  1.00e+00 1.00e+00      0s
  32  -3.06042562e+00 -3.06045658e+00  5.55e-17 9.98e-16  3.10e-05  1.48e+01 2.48e+04 1.61e+00  1.00e+00 1.00e+00      0s

The algorithm stopped after 33 iterations in 0.29 seconds.

Primal variables:   [+1.792043 +0.000002 +0.000003 +4.667864]
Dual slacks:        [+0.000004 +4.475743 +2.228808 +0.000002]
Dual variables:     [+1.436255 -9.896334]

Primal objective:   -3.06042562e+00
Dual objective:     -3.06045658e+00

Primal residual:    5.55e-17
Dual residual:      9.98e-16
Complementraty:     3.10e-05

Number of Iter:     33
Run time:           0.29
