
--------------- Linear optimization problem characteristics ---------------
Seed:                    10
Number of variables:     4
Number of constraints:   2

Norm of primal sol:      5.00e+00
Norm of dual sol:        1.00e+01
Norm of dual slacks:     5.00e+00

Norm of vector b:        4.28e+00
Norm of vector c:        1.31e+01

Norm of matrix A:        1.00e+00
Condition number:        1.00e+00

----------------------- Linear optimization problem -----------------------
Coeff matrix A:          [[-0.293 -0.784 -0.519 +0.175]
                          [+0.444 -0.592 +0.487 -0.464]]

RHS vector b:            [-2.777 +3.262]
Obj vector c:            [-4.425 +6.100 -4.845 +9.625]

---------------------------- Optimal solution -----------------------------
Primal variables:         [+3.863 +0.000 +3.174 +0.000]
Dual slacks:              [+0.000 +0.139 +0.000 +4.998]
Dual variables:           [-0.054 -10.000]

Optimal objective:       -3.24732991e+01
===========================================================================

Method:                  II-IPM
LO_Precision:            1.00e-04
Stop_Precision:          1.00e-08
LO_Verbosity:            2
Omega:                   1.00e+03

The Inexact Infeasible Interior-Point Method starts running ...


                  Objective                Residual                                               Step-length
Iter      Primal           Dual         Primal    Dual     Compl    Cond-Num  ||M||   ||RHS||    a-star   a-hat      Time
   0   6.45864324e+03 -2.86638911e+03  3.82e+02 5.36e+02  1.16e+06  1.00e+00 1.00e+00 1.57e+03  8.30e-01 7.32e-01      0s
   1   6.23492849e+03 -2.89001441e+03  3.53e+02 4.95e+02  1.08e+06  2.04e+01 3.20e+00 1.15e+03  5.54e-01 7.61e-02      0s
   2   6.03617267e+03 -2.91811750e+03  3.31e+02 4.64e+02  1.02e+06  2.32e+01 3.19e+00 1.06e+03  5.66e-01 6.19e-02      0s
   3   5.81392904e+03 -2.95454142e+03  3.09e+02 4.34e+02  9.56e+05  2.55e+01 3.15e+00 9.87e+02  5.77e-01 6.58e-02      0s
   4   5.56530873e+03 -3.00021976e+03  2.87e+02 4.03e+02  8.95e+05  2.79e+01 3.10e+00 9.08e+02  5.92e-01 7.10e-02      0s
   5   5.28691198e+03 -3.05639733e+03  2.65e+02 3.72e+02  8.32e+05  3.04e+01 3.02e+00 8.23e+02  6.09e-01 7.76e-02      0s
   6   4.97460379e+03 -3.12472198e+03  2.42e+02 3.40e+02  7.66e+05  3.30e+01 2.92e+00 7.35e+02  6.30e-01 8.62e-02      0s
   7   4.62249514e+03 -3.20756913e+03  2.18e+02 3.06e+02  6.98e+05  3.57e+01 2.79e+00 6.42e+02  6.54e-01 9.77e-02      0s
   8   4.22338073e+03 -3.30814059e+03  1.94e+02 2.72e+02  6.26e+05  3.85e+01 2.63e+00 5.47e+02  6.82e-01 1.13e-01      0s
   9   3.76814256e+03 -3.43087956e+03  1.68e+02 2.35e+02  5.50e+05  4.15e+01 2.43e+00 4.50e+02  7.15e-01 1.34e-01      0s
  10   3.24378389e+03 -3.58253047e+03  1.40e+02 1.96e+02  4.66e+05  4.46e+01 2.19e+00 3.52e+02  7.55e-01 1.66e-01      0s
  11   2.63273243e+03 -3.77351685e+03  1.10e+02 1.54e+02  3.74e+05  4.79e+01 1.90e+00 2.56e+02  8.03e-01 2.14e-01      0s
  12   1.90762862e+03 -4.02232950e+03  7.69e+01 1.08e+02  2.70e+05  5.13e+01 1.55e+00 1.67e+02  8.61e-01 3.00e-01      0s
  13   1.02225210e+03 -4.36711483e+03  3.97e+01 5.57e+01  1.47e+05  5.48e+01 1.12e+00 8.85e+01  9.35e-01 4.84e-01      0s
  14   4.05056232e+01 -4.82733441e+03  1.95e+00 2.73e+00  1.23e+04  5.83e+01 5.94e-01 2.98e+01  9.80e-01 9.51e-01      0s
  15  -8.42115633e+00 -3.61945417e+03  4.43e-01 6.22e-01  4.95e+03  6.26e+01 4.47e-02 4.78e+00  1.00e+00 7.72e-01      0s
  16  -2.19997318e+01 -1.27844907e+03  2.66e-15 7.11e-14  1.26e+03  5.76e+01 2.26e-02 4.35e+00  1.00e+00 1.00e+00      0s
  17  -2.23334668e+01 -1.47978401e+02  1.78e-15 1.19e-13  1.26e+02  1.08e+02 4.58e-02 4.10e+00  1.00e+00 1.00e+00      0s
  18  -2.37705928e+01 -4.80416842e+01  7.12e-15 2.87e-14  2.43e+01  2.05e+02 6.37e-01 3.90e+00  9.97e-01 8.96e-01      0s
  19  -2.56275130e+01 -4.30413376e+01  5.49e-15 1.84e-14  1.74e+01  1.26e+02 2.80e+00 3.87e+00  8.00e-01 3.14e-01      0s
  20  -2.71847747e+01 -4.01360274e+01  4.21e-15 1.27e-14  1.30e+01  9.58e+01 3.51e+00 3.87e+00  8.52e-01 2.85e-01      0s
  21  -2.86635990e+01 -3.78370893e+01  2.59e-15 8.68e-15  9.17e+00  7.63e+01 4.32e+00 3.87e+00  9.22e-01 3.24e-01      0s
  22  -3.04450273e+01 -3.53270443e+01  6.28e-16 5.15e-15  4.88e+00  6.17e+01 5.59e+00 3.87e+00  1.00e+00 5.20e-01      0s
  23  -3.23000710e+01 -3.27882727e+01  8.88e-16 1.24e-15  4.88e-01  4.72e+01 9.34e+00 3.88e+00  1.00e+00 1.00e+00      0s
  24  -3.23688349e+01 -3.26084115e+01  9.93e-16 9.70e-16  2.40e-01  3.58e+01 6.60e+01 3.94e+00  9.10e-01 5.66e-01      0s
  25  -3.23796733e+01 -3.25865155e+01  9.93e-16 9.26e-16  2.07e-01  4.06e+01 1.37e+02 3.90e+00  7.65e-01 1.52e-01      0s
  26  -3.23887779e+01 -3.25699787e+01  4.44e-16 1.74e-15  1.81e-01  4.21e+01 1.59e+02 3.89e+00  7.46e-01 1.38e-01      0s
  27  -3.23969563e+01 -3.25566872e+01  0.00e+00 1.63e-15  1.60e-01  4.36e+01 1.83e+02 3.88e+00  7.36e-01 1.32e-01      0s
  28  -3.24046476e+01 -3.25455352e+01  9.93e-16 2.03e-15  1.41e-01  4.53e+01 2.09e+02 3.87e+00  7.35e-01 1.31e-01      0s
  29  -3.24121656e+01 -3.25358079e+01  4.44e-16 2.61e-15  1.24e-01  4.74e+01 2.41e+02 3.86e+00  7.43e-01 1.36e-01      0s
  30  -3.24197882e+01 -3.25269693e+01  4.44e-16 2.49e-15  1.07e-01  5.00e+01 2.80e+02 3.84e+00  7.61e-01 1.48e-01      0s
  31  -3.24278017e+01 -3.25185618e+01  6.28e-16 2.70e-15  9.08e-02  5.34e+01 3.32e+02 3.83e+00  7.91e-01 1.70e-01      0s
  32  -3.24365325e+01 -3.25101253e+01  0.00e+00 2.50e-15  7.36e-02  5.81e+01 4.07e+02 3.81e+00  8.35e-01 2.10e-01      0s
  33  -3.24464510e+01 -3.25010185e+01  0.00e+00 1.44e-15  5.46e-02  6.49e+01 5.28e+02 3.79e+00  8.99e-01 2.87e-01      0s
  34  -3.24583355e+01 -3.24900648e+01  6.28e-16 1.00e-15  3.17e-02  7.51e+01 7.59e+02 3.77e+00  9.88e-01 4.65e-01      0s
  35  -3.24710241e+01 -3.24769932e+01  1.78e-15 5.33e-16  5.97e-03  9.19e+01 1.42e+03 3.75e+00  1.00e+00 9.02e-01      0s
  36  -3.24730204e+01 -3.24736173e+01  1.88e-15 1.72e-15  5.97e-04  1.17e+02 7.58e+03 3.77e+00  1.00e+00 1.00e+00      0s
  37  -3.24732693e+01 -3.24733290e+01  6.28e-16 1.50e-15  5.97e-05  7.51e+01 5.89e+04 3.88e+00  1.00e+00 1.00e+00      0s

The algorithm stopped after 38 iterations in 0.49 seconds.

Primal variables:   [+3.864323 +0.000107 +3.173248 +0.000003]
Dual slacks:        [+0.000004 +0.138511 +0.000005 +4.998077]
Dual variables:     [-0.054248 -9.999861]

Primal objective:   -3.24732693e+01
Dual objective:     -3.24733290e+01

Primal residual:    6.28e-16
Dual residual:      1.50e-15
Complementraty:     5.97e-05

Number of Iter:     38
Run time:           0.49
