
--------------- Linear optimization problem characteristics ---------------
Seed:                    73
Number of variables:     4
Number of constraints:   2

Norm of primal sol:      5.00e+00
Norm of dual sol:        1.00e+01
Norm of dual slacks:     5.00e+00

Norm of vector b:        2.65e+00
Norm of vector c:        1.06e+01

Norm of matrix A:        1.00e+00
Condition number:        1.00e+00

----------------------- Linear optimization problem -----------------------
Coeff matrix A:          [[-0.037 +0.508 +0.855 +0.099]
                          [-0.013 +0.698 -0.477 +0.534]]

RHS vector b:            [+1.489 +2.191]
Obj vector c:            [+0.141 -7.101 +7.773 -1.533]

---------------------------- Optimal solution -----------------------------
Primal variables:         [+3.832 +3.212 +0.000 +0.000]
Dual slacks:              [+0.000 +0.000 +3.213 +3.831]
Dual variables:           [-0.245 -9.997]

Optimal objective:       -2.22641381e+01
===========================================================================

Method:                  IR-II-IPM
IR_Precision:            1.00e-04
LO_Precision:            1.00e-01
Stop_Precision:          1.00e-08
LO_Verbosity:            2
Omega:                   1.00e+03

The Iterative Refinement algorithm starts running ...


The Inexact Infeasible Interior-Point Method starts running ...


                  Objective                Residual                                               Step-length
Iter      Primal           Dual         Primal    Dual     Compl    Cond-Num  ||M||   ||RHS||    a-star   a-hat      Time
   0   1.41733100e+03 -2.83298539e+03  5.04e+02 6.28e+02  1.35e+06  1.00e+00 1.00e+00 1.77e+03  7.93e-01 6.86e-01      0s
   1   8.19599026e+02 -3.92690712e+03  1.73e+02 2.15e+02  4.94e+05  1.62e+00 4.76e-01 1.95e+02  7.88e-01 6.57e-01      0s
   2   8.18789359e+02 -3.86188169e+03  1.64e+02 2.04e+02  4.70e+05  1.37e+00 2.21e-01 9.94e+01  5.17e-01 5.21e-02      0s
   3   8.20396140e+02 -3.79378578e+03  1.56e+02 1.94e+02  4.50e+05  1.35e+00 2.24e-01 1.18e+02  5.17e-01 4.76e-02      0s
   4   8.24028092e+02 -3.71768011e+03  1.48e+02 1.85e+02  4.31e+05  1.33e+00 2.28e-01 1.36e+02  5.19e-01 4.80e-02      0s
   5   8.29644876e+02 -3.63299270e+03  1.41e+02 1.76e+02  4.11e+05  1.33e+00 2.35e-01 1.55e+02  5.22e-01 4.90e-02      0s
   6   8.37251715e+02 -3.53919314e+03  1.34e+02 1.67e+02  3.93e+05  1.34e+00 2.45e-01 1.76e+02  5.28e-01 5.06e-02      0s
   7   8.46922775e+02 -3.43530976e+03  1.27e+02 1.58e+02  3.74e+05  1.36e+00 2.59e-01 2.00e+02  5.36e-01 5.28e-02      0s
   8   8.58758402e+02 -3.32047740e+03  1.20e+02 1.49e+02  3.55e+05  1.40e+00 2.77e-01 2.27e+02  5.46e-01 5.58e-02      0s
   9   8.72964676e+02 -3.19308800e+03  1.13e+02 1.41e+02  3.36e+05  1.46e+00 3.01e-01 2.56e+02  5.59e-01 5.98e-02      0s
  10   8.89810157e+02 -3.05135815e+03  1.05e+02 1.31e+02  3.16e+05  1.54e+00 3.31e-01 2.90e+02  5.75e-01 6.50e-02      0s
  11   9.09635078e+02 -2.89325499e+03  9.78e+01 1.22e+02  2.95e+05  1.64e+00 3.69e-01 3.28e+02  5.94e-01 7.17e-02      0s
  12   9.32943535e+02 -2.71585313e+03  8.99e+01 1.12e+02  2.74e+05  1.77e+00 4.19e-01 3.72e+02  6.16e-01 8.06e-02      0s
  13   9.60412805e+02 -2.51550991e+03  8.16e+01 1.02e+02  2.51e+05  1.92e+00 4.86e-01 4.23e+02  6.43e-01 9.26e-02      0s
  14   9.92993142e+02 -2.28744907e+03  7.27e+01 9.06e+01  2.26e+05  2.10e+00 5.76e-01 4.84e+02  6.75e-01 1.09e-01      0s
  15   1.03206145e+03 -2.02528956e+03  6.30e+01 7.86e+01  1.98e+05  2.32e+00 7.03e-01 5.56e+02  7.13e-01 1.33e-01      0s
  16   1.07973252e+03 -1.72017260e+03  5.24e+01 6.53e+01  1.68e+05  2.58e+00 8.92e-01 6.43e+02  7.58e-01 1.69e-01      0s
  17   1.13955029e+03 -1.35912516e+03  4.04e+01 5.04e+01  1.33e+05  2.91e+00 1.20e+00 7.52e+02  8.13e-01 2.28e-01      0s
  18   1.21825128e+03 -9.21929884e+02  2.66e+01 3.32e+01  9.04e+04  3.32e+00 1.76e+00 8.89e+02  8.80e-01 3.41e-01      0s
  19   1.33250837e+03 -3.69313373e+02  1.00e+01 1.25e+01  3.67e+04  3.84e+00 3.10e+00 1.07e+03  9.65e-01 6.24e-01      0s
  20   1.40947505e+03 -5.82993632e+01  1.14e+00 1.42e+00  5.69e+03  4.53e+00 9.77e+00 1.31e+03  9.89e-01 8.86e-01      0s
  21   1.31990369e+03 -4.79954267e+01  8.36e-01 1.04e+00  4.35e+03  3.83e+00 5.99e+01 8.59e+02  9.39e-01 2.68e-01      0s
  22   1.21849684e+03 -4.11725522e+01  6.30e-01 7.86e-01  3.42e+03  3.88e+00 7.26e+01 7.58e+02  9.33e-01 2.47e-01      0s
  23   1.10703443e+03 -3.63237135e+01  4.79e-01 5.98e-01  2.71e+03  3.94e+00 8.48e+01 6.63e+02  9.33e-01 2.39e-01      0s
  24   9.84207353e+02 -3.26716427e+01  3.62e-01 4.51e-01  2.13e+03  4.01e+00 9.69e+01 5.72e+02  9.44e-01 2.46e-01      0s
  25   8.44360136e+02 -2.97671471e+01  2.62e-01 3.27e-01  1.62e+03  4.10e+00 1.10e+02 4.83e+02  9.75e-01 2.75e-01      0s
  26   6.67794556e+02 -2.72483165e+01  1.68e-01 2.09e-01  1.13e+03  4.19e+00 1.26e+02 3.92e+02  1.00e+00 3.60e-01      0s
  27   3.38459910e+02 -2.43596843e+01  4.00e-02 4.99e-02  4.39e+02  4.31e+00 1.49e+02 2.85e+02  1.00e+00 7.62e-01      0s
  28   6.88880558e+01 -2.39224846e+01  2.00e-04 2.49e-04  9.30e+01  4.62e+00 2.19e+02 8.29e+01  1.00e+00 9.95e-01      0s
  29  -1.44689367e+01 -2.38969159e+01  6.66e-15 2.21e-15  9.43e+00  4.92e+00 1.21e+02 1.56e+00  1.00e+00 1.00e+00      0s
  30  -2.12530750e+01 -2.32877636e+01  9.93e-16 5.98e-16  2.03e+00  5.73e+00 1.25e+01 2.49e+00  9.56e-01 8.71e-01      0s
  31  -2.15599144e+01 -2.30313393e+01  8.88e-16 4.48e-16  1.47e+00  3.46e+01 9.06e+00 2.55e+00  8.94e-01 3.08e-01      0s
  32  -2.17524840e+01 -2.28551738e+01  4.44e-16 1.90e-15  1.10e+00  6.24e+01 1.21e+01 2.53e+00  8.92e-01 2.78e-01      0s
  33  -2.18924665e+01 -2.27169879e+01  2.22e-16 4.45e-16  8.25e-01  1.00e+02 1.60e+01 2.53e+00  8.94e-01 2.80e-01      0s
  34  -2.19989900e+01 -2.26031182e+01  4.44e-16 9.04e-16  6.04e-01  1.50e+02 2.13e+01 2.52e+00  9.05e-01 2.97e-01      0s
  35  -2.20850341e+01 -2.25031260e+01  9.16e-16 5.00e-16  4.18e-01  2.11e+02 2.93e+01 2.51e+00  9.32e-01 3.42e-01      0s
  36  -2.21586576e+01 -2.24100523e+01  2.22e-16 1.26e-15  2.51e-01  2.84e+02 4.30e+01 2.51e+00  9.79e-01 4.43e-01      0s
  37  -2.22250750e+01 -2.23192756e+01  2.22e-15 1.12e-15  9.42e-02  3.73e+02 7.34e+01 2.50e+00  1.00e+00 6.95e-01      0s

The algorithm stopped after 38 iterations in 0.49 seconds.

Primal variables:   [+3.932 +3.211 +0.004 +0.007]
Dual slacks:        [+0.005 +0.011 +2.984 +3.893]
Dual variables:     [-0.061 -10.147]

Primal objective:   -2.22250750e+01
Dual objective:     -2.23192756e+01

Primal residual:    2.22e-15
Dual residual:      1.12e-15
Complementraty:     9.42e-02

Number of Iter:     38
Run time:           0.49

-------------------------------------------------------------------------------------------------------
                  Objective                Residual                        Step-length       
Iter      Primal           Dual         Primal    Dual     Compl    r error   r-bar    nabla     Time
   0  -2.22250750e+01 -2.23192756e+01  2.22e-15 0.00e+00  9.42e-02  9.42e-02 9.42e-02 1.60e+01     0s

The Inexact Infeasible Interior-Point Method starts running ...


                  Objective                Residual                                               Step-length
Iter      Primal           Dual         Primal    Dual     Compl    Cond-Num  ||M||   ||RHS||    a-star   a-hat      Time
   0   5.62943834e+04 -4.58366641e+04  4.21e+02 5.22e+02  1.20e+06  1.00e+00 1.00e+00 1.68e+03  8.35e-01 7.32e-01      0s
   1   2.88882610e+04 -5.47557541e+04  1.61e+02 2.00e+02  5.18e+05  1.57e+00 4.29e-01 1.00e+02  7.81e-01 6.16e-01      0s
   2   2.78615749e+04 -5.29671277e+04  1.49e+02 1.85e+02  4.82e+05  1.26e+00 2.35e-01 1.17e+02  5.88e-01 7.71e-02      0s
   3   2.70905459e+04 -5.12576951e+04  1.39e+02 1.73e+02  4.53e+05  1.21e+00 2.37e-01 1.37e+02  5.90e-01 6.64e-02      0s
   4   2.63902222e+04 -4.93800554e+04  1.30e+02 1.61e+02  4.25e+05  1.17e+00 2.41e-01 1.56e+02  5.96e-01 6.82e-02      0s
   5   2.57468838e+04 -4.73136583e+04  1.20e+02 1.49e+02  3.98e+05  1.15e+00 2.49e-01 1.76e+02  6.04e-01 7.12e-02      0s
   6   2.51514186e+04 -4.50388765e+04  1.11e+02 1.38e+02  3.71e+05  1.16e+00 2.63e-01 1.99e+02  6.16e-01 7.54e-02      0s
   7   2.45933030e+04 -4.25203740e+04  1.02e+02 1.27e+02  3.44e+05  1.20e+00 2.84e-01 2.25e+02  6.32e-01 8.15e-02      0s
   8   2.40629954e+04 -3.97133164e+04  9.31e+01 1.15e+02  3.16e+05  1.27e+00 3.15e-01 2.53e+02  6.52e-01 9.00e-02      0s
   9   2.35499288e+04 -3.65568058e+04  8.36e+01 1.04e+02  2.87e+05  1.37e+00 3.56e-01 2.86e+02  6.78e-01 1.02e-01      0s
  10   2.30400396e+04 -3.29645589e+04  7.36e+01 9.13e+01  2.56e+05  1.49e+00 4.13e-01 3.23e+02  7.12e-01 1.19e-01      0s
  11   2.25117437e+04 -2.88171000e+04  6.30e+01 7.81e+01  2.23e+05  1.65e+00 4.94e-01 3.67e+02  7.54e-01 1.45e-01      0s
  12   2.19196418e+04 -2.39091325e+04  5.12e+01 6.35e+01  1.85e+05  1.85e+00 6.14e-01 4.18e+02  8.09e-01 1.86e-01      0s
  13   2.11529857e+04 -1.79018679e+04  3.78e+01 4.69e+01  1.42e+05  2.11e+00 8.09e-01 4.78e+02  8.85e-01 2.62e-01      0s
  14   1.98051790e+04 -1.00174129e+04  2.12e+01 2.63e+01  8.66e+04  2.48e+00 1.18e+00 5.45e+02  9.96e-01 4.38e-01      0s
  15   1.69869947e+04 -3.12423385e+03  7.63e+00 9.47e+00  3.91e+04  3.06e+00 2.16e+00 5.95e+02  9.37e-01 6.41e-01      0s
  16   1.55110958e+04 -2.43283139e+03  6.21e+00 7.70e+00  3.27e+04  3.58e+00 4.61e+00 4.61e+02  8.56e-01 1.86e-01      0s
  17   1.40131712e+04 -1.89895936e+03  5.06e+00 6.27e+00  2.74e+04  3.68e+00 5.13e+00 4.11e+02  8.59e-01 1.86e-01      0s
  18   1.24137057e+04 -1.45943529e+03  4.05e+00 5.02e+00  2.26e+04  3.80e+00 5.71e+00 3.64e+02  8.76e-01 2.00e-01      0s
  19   1.06136569e+04 -1.08187787e+03  3.09e+00 3.84e+00  1.79e+04  3.96e+00 6.44e+00 3.18e+02  9.15e-01 2.35e-01      0s
  20   8.36713580e+03 -7.34701881e+02  2.10e+00 2.60e+00  1.29e+04  4.17e+00 7.48e+00 2.69e+02  9.94e-01 3.22e-01      0s
  21   4.61566452e+03 -3.46561571e+02  7.50e-01 9.30e-01  6.01e+03  4.56e+00 9.29e+00 2.07e+02  1.00e+00 6.43e-01      0s
  22   1.04733847e+03 -1.82885510e+02  1.46e-14 8.90e-16  1.23e+03  6.06e+00 1.50e+01 9.76e+01  1.00e+00 1.00e+00      0s
  23   8.83454532e+01 -9.35259722e+01  7.11e-15 2.29e-16  1.82e+02  1.32e+01 1.90e+01 3.67e+01  9.88e-01 9.47e-01      0s
  24   6.63229332e+01 -6.68379426e+01  1.42e-14 4.48e-16  1.33e+02  1.88e+02 2.42e+01 4.03e+01  8.65e-01 2.98e-01      0s
  25   5.19582023e+01 -4.71736242e+01  7.11e-15 4.44e-16  9.91e+01  2.66e+02 3.32e+01 4.02e+01  8.96e-01 2.84e-01      0s
  26   3.91590293e+01 -2.79216462e+01  2.16e-14 6.66e-16  6.71e+01  3.35e+02 4.50e+01 4.01e+01  9.42e-01 3.59e-01      0s
  27   2.72216501e+01 -8.32047016e+00  2.59e-14 5.01e-16  3.55e+01  4.14e+02 6.78e+01 4.01e+01  1.00e+00 5.22e-01      0s
  28   1.56107137e+01  1.20565017e+01  2.93e-14 1.14e-16  3.55e+00  5.17e+02 1.33e+02 3.99e+01  1.00e+00 1.00e+00      0s
  29   1.42903902e+01  1.39349690e+01  2.85e-13 7.11e-15  3.55e-01  1.38e+03 2.20e+03 3.81e+01  1.00e+00 1.00e+00      0s
  30   1.41328955e+01  1.40973534e+01  1.18e-13 1.01e-14  3.55e-02  1.09e+03 2.22e+04 3.81e+01  1.00e+00 1.00e+00      0s

The algorithm stopped after 31 iterations in 0.37 seconds.

Primal variables:   [+61.321 +51.386 +0.000 +0.000]
Dual slacks:        [+0.000 +0.000 +51.406 +61.294]
Dual variables:     [-2.944 +2.403]

Primal objective:   1.41328955e+01 
Dual objective:     1.40973534e+01 

Primal residual:    1.18e-13
Dual residual:      1.01e-14
Complementraty:     3.55e-02

Number of Iter:     31
Run time:           0.37

-------------------------------------------------------------------------------------------------------
                  Objective                Residual                        Step-length       
Iter      Primal           Dual         Primal    Dual     Compl    r error   r-bar    nabla     Time
   1  -2.22640690e+01 -2.22642078e+01  7.35e-15 0.00e+00  1.39e-04  1.39e-04 6.25e-03 2.56e+02     1s

The Inexact Infeasible Interior-Point Method starts running ...


                  Objective                Residual                                               Step-length
Iter      Primal           Dual         Primal    Dual     Compl    Cond-Num  ||M||   ||RHS||    a-star   a-hat      Time
   0   1.53683190e+05 -2.00140661e+05  7.93e+01 1.07e+02  5.30e+05  1.00e+00 1.00e+00 4.05e+02  9.84e-01 9.25e-01      0s
   1   1.11540861e+05 -1.32006471e+05  5.09e+01 6.84e+01  3.58e+05  2.24e+01 1.88e+00 5.28e+02  9.16e-01 3.59e-01      0s
   2   8.07582465e+04 -8.63006923e+04  3.25e+01 4.38e+01  2.41e+05  3.99e+01 2.83e+00 5.43e+02  9.33e-01 3.60e-01      0s
   3   4.56662549e+04 -4.01510847e+04  1.40e+01 1.89e+01  1.18e+05  6.06e+01 4.33e+00 5.56e+02  1.00e+00 5.69e-01      0s
   4   1.01154208e+04 -5.74804932e+03  4.86e-13 1.14e-13  1.59e+04  9.37e+01 9.59e+00 5.67e+02  1.00e+00 1.00e+00      0s
   5   1.05224973e+03 -1.95061233e+03  1.27e-12 1.07e-14  3.00e+03  6.77e+02 1.70e+02 5.89e+02  9.52e-01 9.01e-01      0s
   6   1.39415840e+02 -1.60870367e+02  2.96e-12 1.14e-13  3.00e+02  1.91e+03 7.29e+02 6.03e+02  1.00e+00 1.00e+00      0s
   7   1.94487297e+01 -1.05798910e+01  2.16e-12 1.14e-13  3.00e+01  1.27e+03 6.71e+03 6.10e+02  1.00e+00 1.00e+00      0s
   8   6.06590833e+00  3.06304626e+00  8.90e-13 1.74e-17  3.00e+00  1.08e+03 6.72e+04 6.10e+02  1.00e+00 1.00e+00      0s
   9   4.71655074e+00  4.41626453e+00  1.33e-12 1.14e-13  3.00e-01  1.07e+03 6.72e+05 6.10e+02  1.00e+00 1.00e+00      0s
  10   4.58144168e+00  4.55141305e+00  7.73e-13 1.61e-13  3.00e-02  1.06e+03 6.72e+06 6.10e+02  1.00e+00 1.00e+00      0s

The algorithm stopped after 11 iterations in 0.03 seconds.

Primal variables:   [+981.033 +822.177 +0.000 +0.000]
Dual slacks:        [+0.000 +0.000 +822.609 +980.670]
Dual variables:     [-0.087 +0.067]

Primal objective:   4.58144168e+00 
Dual objective:     4.55141305e+00 

Primal residual:    7.73e-13
Dual residual:      1.61e-13
Complementraty:     3.00e-02

Number of Iter:     11
Run time:           0.03

-------------------------------------------------------------------------------------------------------
                  Objective                Residual                        Step-length       
Iter      Primal           Dual         Primal    Dual     Compl    r error   r-bar    nabla     Time
   2  -2.22641379e+01 -2.22641383e+01  3.02e-15 0.00e+00  4.58e-07  4.58e-07 3.91e-04 4.10e+03     1s

The Iterative Refinement algorithm stopped after 3 iterations in 0.88 seconds.

Primal objective:   -2.22641379e+01
Dual objective:     -2.22641383e+01

Primal residual:    3.02e-15
Dual residual:      0.00e+00
Complementraty:     4.58e-07

Primal variables:   [+3.832160 +3.211628 +0.000000 +0.000000]
Dual slacks:        [+0.000000 +0.000000 +3.213315 +3.830744]
Dual variables:     [-0.245462 -9.996988]

Number of Iter:     2
Run time:           0.88
