
--------------- Linear optimization problem characteristics ---------------
Seed:                    9
Number of variables:     4
Number of constraints:   2

Norm of primal sol:      5.00e+00
Norm of dual sol:        1.00e+01
Norm of dual slacks:     5.00e+00

Norm of vector b:        2.90e+00
Norm of vector c:        8.63e+00

Norm of matrix A:        1.00e+00
Condition number:        1.00e+00

----------------------- Linear optimization problem -----------------------
Coeff matrix A:          [[-0.875 -0.231 +0.024 -0.425]
                          [-0.248 +0.401 +0.815 +0.337]]

RHS vector b:            [-1.664 +2.371]
Obj vector c:            [+8.512 -0.663 -0.225 +1.261]

---------------------------- Optimal solution -----------------------------
Primal variables:         [+0.000 +4.831 +0.000 +1.288]
Dual slacks:              [+0.105 +0.000 +4.999 +0.000]
Dual variables:           [-7.861 -6.182]

Optimal objective:       -1.57702905e+00
===========================================================================

Method:                  IR-II-IPM
IR_Precision:            1.00e-04
LO_Precision:            5.00e-03
Stop_Precision:          1.00e-08
LO_Verbosity:            2
Omega:                   1.00e+03

The Iterative Refinement algorithm starts running ...


The Inexact Infeasible Interior-Point Method starts running ...


                  Objective                Residual                                               Step-length
Iter      Primal           Dual         Primal    Dual     Compl    Cond-Num  ||M||   ||RHS||    a-star   a-hat      Time
   0   1.11813414e+03 -5.28050889e+03  2.81e+02 2.81e+02  6.16e+05  1.00e+00 1.00e+00 2.19e+03  9.21e-01 8.59e-01      0s
   1   3.93372686e+01 -6.62085529e+03  7.29e+00 7.31e+00  2.39e+04  1.04e+00 1.30e-01 6.38e+01  9.85e-01 9.74e-01      0s
   2   7.73823055e+00 -5.37652991e+03  1.49e-15 5.21e-13  5.38e+03  1.23e+00 4.39e-03 1.90e+00  1.00e+00 1.00e+00      0s
   3   7.76178288e+00 -5.30665031e+02  1.40e-15 2.21e-13  5.38e+02  2.06e+00 1.84e-03 2.62e+00  1.00e+00 1.00e+00      0s
   4   7.66095216e+00 -4.61817292e+01  4.44e-16 2.98e-14  5.38e+01  2.98e+00 2.21e-02 2.60e+00  1.00e+00 1.00e+00      0s
   5   6.90062733e+00 -1.57996821e+01  6.28e-16 9.48e-15  2.27e+01  2.98e+00 2.10e-01 2.60e+00  9.09e-01 6.43e-01      0s
   6   6.56794210e+00 -1.36781968e+01  0.00e+00 7.72e-15  2.02e+01  3.45e+00 4.98e-01 2.57e+00  7.14e-01 1.20e-01      0s
   7   6.24374656e+00 -1.20587500e+01  4.44e-16 6.91e-15  1.83e+01  3.70e+00 5.66e-01 2.57e+00  6.91e-01 1.07e-01      0s
   8   5.92244497e+00 -1.07670965e+01  4.44e-16 6.68e-15  1.67e+01  4.01e+00 6.39e-01 2.56e+00  6.73e-01 9.79e-02      0s
   9   5.60170078e+00 -9.71098212e+00  0.00e+00 5.43e-15  1.53e+01  4.40e+00 7.20e-01 2.55e+00  6.59e-01 9.17e-02      0s
  10   5.27897537e+00 -8.82910941e+00  4.44e-16 4.70e-15  1.41e+01  4.87e+00 8.11e-01 2.55e+00  6.48e-01 8.74e-02      0s
  11   4.95199615e+00 -8.08025328e+00  4.44e-16 4.68e-15  1.30e+01  5.46e+00 9.16e-01 2.54e+00  6.42e-01 8.47e-02      0s
  12   4.61821909e+00 -7.43461816e+00  4.44e-16 3.85e-15  1.21e+01  6.19e+00 1.04e+00 2.53e+00  6.39e-01 8.35e-02      0s
  13   4.27418613e+00 -6.86911594e+00  4.44e-16 3.82e-15  1.11e+01  7.11e+00 1.18e+00 2.53e+00  6.40e-01 8.38e-02      0s
  14   3.91686940e+00 -6.36766958e+00  4.97e-16 2.87e-15  1.03e+01  8.28e+00 1.36e+00 2.52e+00  6.44e-01 8.56e-02      0s
  15   3.54234488e+00 -5.91706420e+00  4.44e-16 1.86e-15  9.46e+00  9.80e+00 1.57e+00 2.51e+00  6.53e-01 8.91e-02      0s
  16   3.14532254e+00 -5.50590640e+00  4.44e-16 1.84e-15  8.65e+00  1.18e+01 1.84e+00 2.50e+00  6.66e-01 9.49e-02      0s
  17   2.72069516e+00 -5.12575518e+00  0.00e+00 1.91e-15  7.85e+00  1.46e+01 2.18e+00 2.49e+00  6.84e-01 1.03e-01      0s
  18   2.26082418e+00 -4.76756519e+00  4.44e-16 1.88e-15  7.03e+00  1.84e+01 2.64e+00 2.48e+00  7.08e-01 1.16e-01      0s
  19   1.75596937e+00 -4.42192751e+00  4.97e-16 1.02e-15  6.18e+00  2.42e+01 3.25e+00 2.47e+00  7.40e-01 1.34e-01      0s
  20   1.19414778e+00 -4.07750057e+00  4.97e-16 1.79e-15  5.27e+00  3.31e+01 4.14e+00 2.45e+00  7.82e-01 1.63e-01      0s
  21   5.56273054e-01 -3.71427890e+00  4.44e-16 9.04e-16  4.27e+00  4.80e+01 5.49e+00 2.44e+00  8.36e-01 2.11e-01      0s
  22  -1.83911631e-01 -3.29152901e+00  4.97e-16 9.06e-16  3.11e+00  7.58e+01 7.79e+00 2.42e+00  8.66e-01 3.03e-01      0s
  23  -1.07120994e+00 -2.68228689e+00  1.40e-15 2.62e-16  1.61e+00  1.37e+02 1.25e+01 2.40e+00  8.31e-01 5.35e-01      0s
  24  -1.47659318e+00 -2.06901309e+00  1.99e-15 9.46e-16  5.92e-01  3.22e+02 2.89e+01 2.38e+00  8.50e-01 7.03e-01      0s
  25  -1.53925713e+00 -1.71648959e+00  8.02e-15 2.90e-16  1.77e-01  4.68e+02 7.58e+01 2.42e+00  1.00e+00 7.79e-01      0s
  26  -1.55842461e+00 -1.59024977e+00  2.84e-15 8.96e-16  3.18e-02  3.95e+02 2.14e+02 2.49e+00  9.72e-01 9.12e-01      0s
  27  -1.56106134e+00 -1.58756432e+00  1.88e-15 4.55e-16  2.65e-02  1.54e+02 9.28e+02 2.53e+00  7.45e-01 1.86e-01      0s
  28  -1.56326923e+00 -1.58569068e+00  2.09e-15 1.37e-15  2.24e-02  1.31e+02 1.09e+03 2.53e+00  7.92e-01 1.71e-01      0s
  29  -1.56574306e+00 -1.58383741e+00  9.93e-16 6.99e-16  1.81e-02  1.15e+02 1.26e+03 2.53e+00  8.39e-01 2.14e-01      0s
  30  -1.56857856e+00 -1.58194665e+00  4.97e-16 1.07e-15  1.34e-02  9.90e+01 1.53e+03 2.53e+00  9.01e-01 2.90e-01      0s
  31  -1.57191456e+00 -1.57994055e+00  2.22e-16 1.02e-15  8.03e-03  8.39e+01 2.02e+03 2.53e+00  9.80e-01 4.44e-01      0s
  32  -1.57596609e+00 -1.57768763e+00  1.20e-15 9.86e-16  1.72e-03  6.94e+01 3.24e+03 2.53e+00  1.00e+00 8.73e-01      0s

The algorithm stopped after 33 iterations in 0.38 seconds.

Primal variables:   [+0.0067 +4.8598 +0.0001 +1.2590]
Dual slacks:        [+0.1050 +0.0001 +4.9989 +0.0002]
Dual variables:     [-7.8602 -6.1815]

Primal objective:   -1.57596609e+00
Dual objective:     -1.57768763e+00

Primal residual:    1.20e-15
Dual residual:      9.86e-16
Complementraty:     1.72e-03

Number of Iter:     33
Run time:           0.38

-------------------------------------------------------------------------------------------------------
                  Objective                Residual                        Step-length       
Iter      Primal           Dual         Primal    Dual     Compl    r error   r-bar    nabla     Time
   0  -1.57596609e+00 -1.57768763e+00  1.20e-15 0.00e+00  1.72e-03  1.72e-03 1.72e-03 1.02e+03     0s

The Inexact Infeasible Interior-Point Method starts running ...


                  Objective                Residual                                               Step-length
Iter      Primal           Dual         Primal    Dual     Compl    Cond-Num  ||M||   ||RHS||    a-star   a-hat      Time
   0   4.03425846e+06  3.39526170e+06  8.30e+02 3.24e+03  2.13e+06  1.00e+00 1.00e+00 5.14e+03  3.26e-01 2.71e-01      0s
   1   3.83819771e+06  3.38496699e+06  8.16e+02 3.18e+03  2.10e+06  5.17e+00 3.99e+00 2.30e+03  2.31e-01 1.65e-02      0s
   2   3.71754802e+06  3.37458182e+06  8.08e+02 3.15e+03  2.08e+06  5.78e+00 4.27e+00 2.52e+03  2.38e-01 1.06e-02      0s
   3   3.59293100e+06  3.36123854e+06  7.99e+02 3.12e+03  2.05e+06  6.20e+00 4.46e+00 2.71e+03  2.43e-01 1.13e-02      0s
   4   3.46307399e+06  3.34446420e+06  7.89e+02 3.08e+03  2.03e+06  6.67e+00 4.66e+00 2.95e+03  2.50e-01 1.21e-02      0s
   5   3.32671926e+06  3.32363429e+06  7.79e+02 3.04e+03  2.01e+06  7.21e+00 4.90e+00 3.24e+03  2.58e-01 1.32e-02      0s
   6   3.18234066e+06  3.29789386e+06  7.67e+02 2.99e+03  1.98e+06  7.82e+00 5.16e+00 3.58e+03  2.67e-01 1.45e-02      0s
   7   3.02747732e+06  3.26593895e+06  7.55e+02 2.94e+03  1.95e+06  8.55e+00 5.47e+00 3.98e+03  2.78e-01 1.63e-02      0s
   8   2.85898732e+06  3.22585560e+06  7.41e+02 2.89e+03  1.91e+06  9.43e+00 5.84e+00 4.46e+03  2.91e-01 1.87e-02      0s
   9   2.67232029e+06  3.17464152e+06  7.24e+02 2.83e+03  1.87e+06  1.05e+01 6.28e+00 5.03e+03  3.07e-01 2.22e-02      0s
  10   2.46044517e+06  3.10725935e+06  7.04e+02 2.75e+03  1.82e+06  1.19e+01 6.84e+00 5.72e+03  3.28e-01 2.74e-02      0s
  11   2.21066020e+06  3.01409830e+06  6.79e+02 2.65e+03  1.75e+06  1.38e+01 7.59e+00 6.59e+03  3.49e-01 3.59e-02      0s
  12   1.90012668e+06  2.87511767e+06  6.44e+02 2.51e+03  1.66e+06  1.67e+01 8.64e+00 7.75e+03  3.61e-01 5.14e-02      0s
  13   1.47512656e+06  2.63648816e+06  5.88e+02 2.30e+03  1.51e+06  2.13e+01 1.03e+01 9.40e+03  3.82e-01 8.66e-02      0s
  14   7.81114135e+05  2.09511051e+06  4.70e+02 1.83e+03  1.15e+06  3.10e+01 1.36e+01 1.22e+04  4.21e-01 2.02e-01      0s
  15   1.30776034e+05  1.08933915e+06  2.59e+02 1.01e+03  5.59e+05  6.67e+01 2.45e+01 1.91e+04  5.21e-01 4.48e-01      0s
  16   1.06256999e+05  8.81438610e+05  2.14e+02 8.33e+02  4.71e+05  2.27e+02 7.19e+01 3.29e+04  7.97e-01 1.76e-01      0s
  17   8.47535827e+04  6.78726729e+05  1.68e+02 6.55e+02  3.81e+05  2.61e+02 8.91e+01 3.36e+04  8.65e-01 2.14e-01      0s
  18   6.43316813e+04  4.70010290e+05  1.20e+02 4.67e+02  2.85e+05  2.99e+02 1.14e+02 3.39e+04  9.35e-01 2.87e-01      0s
  19   4.49388591e+04  2.62356052e+05  6.96e+01 2.72e+02  1.80e+05  3.45e+02 1.58e+02 3.34e+04  1.00e+00 4.18e-01      0s
  20   2.58893627e+04  6.85623384e+04  1.96e+01 7.64e+01  6.76e+04  3.93e+02 2.56e+02 3.13e+04  1.00e+00 7.19e-01      0s
  21   1.68040385e+04  2.38625490e+04  5.87e+00 2.29e+01  2.57e+04  3.88e+02 6.62e+02 2.21e+04  8.42e-01 7.00e-01      0s
  22   1.45868974e+04  1.98836148e+04  4.84e+00 1.89e+01  2.16e+04  1.73e+02 1.52e+03 1.44e+04  7.89e-01 1.76e-01      0s
  23   1.22593198e+04  1.59680459e+04  3.85e+00 1.50e+01  1.77e+04  1.49e+02 1.76e+03 1.36e+04  8.36e-01 2.05e-01      0s
  24   9.61507599e+03  1.17943446e+04  2.81e+00 1.10e+01  1.34e+04  1.28e+02 2.09e+03 1.27e+04  8.92e-01 2.70e-01      0s
  25   6.54553034e+03  7.29743218e+03  1.70e+00 6.65e+00  8.67e+03  1.07e+02 2.66e+03 1.16e+04  9.64e-01 3.93e-01      0s
  26   2.88711244e+03  2.48234274e+03  5.20e-01 2.03e+00  3.27e+03  8.77e+01 3.90e+03 1.00e+04  1.00e+00 6.95e-01      0s
  27   8.69692018e+02  5.37470241e+02  6.43e-13 6.21e-17  3.32e+02  6.74e+01 9.30e+03 6.55e+03  1.00e+00 1.00e+00      0s
  28   7.07274582e+02  6.74052404e+02  1.02e-12 7.76e-18  3.32e+01  6.87e+01 6.63e+04 2.66e+03  1.00e+00 1.00e+00      0s
  29   6.92228772e+02  6.88906555e+02  8.20e-13 1.42e-14  3.32e+00  8.65e+01 6.81e+05 2.67e+03  1.00e+00 1.00e+00      0s
  30   6.90732550e+02  6.90400328e+02  9.37e-13 1.42e-14  3.32e-01  8.81e+01 6.84e+06 2.67e+03  1.00e+00 1.00e+00      0s
  31   6.90583038e+02  6.90549815e+02  4.55e-13 9.09e-13  3.32e-02  8.83e+01 6.85e+07 2.67e+03  1.00e+00 1.00e+00      0s
  32   6.90568087e+02  6.90564765e+02  1.02e-12 1.77e-17  3.32e-03  8.83e+01 6.85e+08 2.67e+03  1.00e+00 1.00e+00      0s

The algorithm stopped after 33 iterations in 0.46 seconds.

Primal variables:   [+0.0000 +4947.1320 +0.0000 +1319.1987]
Dual slacks:        [+107.1136 +0.0000 +5118.8794 +0.0000]
Dual variables:     [-0.4191 -0.0097]

Primal objective:   6.90568087e+02 
Dual objective:     6.90564765e+02 

Primal residual:    1.02e-12
Dual residual:      1.77e-17
Complementraty:     3.32e-03

Number of Iter:     33
Run time:           0.46

-------------------------------------------------------------------------------------------------------
                  Objective                Residual                        Step-length       
Iter      Primal           Dual         Primal    Dual     Compl    r error   r-bar    nabla     Time
   1  -1.57702905e+00 -1.57702906e+00  9.93e-16 0.00e+00  3.17e-09  3.17e-09 9.77e-05 1.64e+04     1s

The Iterative Refinement algorithm stopped after 2 iterations in 0.84 seconds.

Primal objective:   -1.57702905e+00
Dual objective:     -1.57702906e+00

Primal residual:    9.93e-16
Dual residual:      0.00e+00
Complementraty:     3.17e-09

Primal variables:   [+0.000000 +4.831184 +0.000000 +1.288280]
Dual slacks:        [+0.104603 +0.000000 +4.998906 +0.000000]
Dual variables:     [-7.860591 -6.181513]

Number of Iter:     1
Run time:           0.84
