
--------------- Linear optimization problem characteristics ---------------
Seed:                    25
Number of variables:     4
Number of constraints:   2

Norm of primal sol:      5.00e+00
Norm of dual sol:        1.00e+01
Norm of dual slacks:     5.00e+00

Norm of vector b:        4.93e+00
Norm of vector c:        1.05e+01

Norm of matrix A:        1.00e+00
Condition number:        1.00e+00

----------------------- Linear optimization problem -----------------------
Coeff matrix A:          [[-0.289 -0.410 +0.500 +0.706]
                          [-0.912 +0.200 -0.357 -0.004]]

RHS vector b:            [-0.612 -4.889]
Obj vector c:            [+9.540 +3.742 +2.350 -0.039]

---------------------------- Optimal solution -----------------------------
Primal variables:         [+4.761 +0.000 +1.526 +0.000]
Dual slacks:              [+0.000 +4.763 +0.000 +1.521]
Dual variables:           [-2.263 -9.741]

Optimal objective:       +4.90080880e+01
===========================================================================

Method:                  IR-II-IPM
IR_Precision:            1.00e-04
LO_Precision:            5.00e-03
Stop_Precision:          1.00e-08
LO_Verbosity:            2
Omega:                   1.00e+03

The Iterative Refinement algorithm starts running ...


The Inexact Infeasible Interior-Point Method starts running ...


                  Objective                Residual                                               Step-length
Iter      Primal           Dual         Primal    Dual     Compl    Cond-Num  ||M||   ||RHS||    a-star   a-hat      Time
   0   1.16117226e+04 -3.02819103e+03  5.15e+02 8.67e+02  1.84e+06  1.00e+00 1.00e+00 1.30e+03  6.85e-01 5.65e-01      0s
   1   1.16613432e+04 -3.02478098e+03  4.48e+02 7.54e+02  1.62e+06  3.79e+00 2.38e+00 9.36e+02  6.80e-01 1.31e-01      0s
   2   1.17735132e+04 -2.95649867e+03  3.87e+02 6.52e+02  1.42e+06  4.77e+00 3.05e+00 1.20e+03  7.16e-01 1.34e-01      0s
   3   1.19645541e+04 -2.81168714e+03  3.25e+02 5.47e+02  1.21e+06  5.88e+00 3.91e+00 1.46e+03  7.51e-01 1.62e-01      0s
   4   1.22626948e+04 -2.56196064e+03  2.59e+02 4.36e+02  9.89e+05  7.31e+00 5.23e+00 1.78e+03  7.93e-01 2.02e-01      0s
   5   1.27141980e+04 -2.16572891e+03  1.90e+02 3.20e+02  7.45e+05  9.13e+00 7.47e+00 2.16e+03  8.43e-01 2.67e-01      0s
   6   1.34074832e+04 -1.55611590e+03  1.16e+02 1.95e+02  4.73e+05  1.14e+01 1.18e+01 2.63e+03  8.89e-01 3.91e-01      0s
   7   1.45500348e+04 -6.03320642e+02  3.28e+01 5.53e+01  1.52e+05  1.41e+01 2.30e+01 3.21e+03  9.32e-01 7.16e-01      0s
   8   1.48556444e+04 -2.92118149e+01  2.46e-13 3.48e-14  1.49e+04  1.69e+01 9.62e+01 3.67e+03  1.00e+00 1.00e+00      0s
   9   1.46128161e+03 -2.72040126e+01  2.85e-13 0.00e+00  1.49e+03  1.26e+01 7.64e+02 2.52e+01  1.00e+00 1.00e+00      0s
  10   2.19833672e+02 -2.21231813e+01  3.24e-14 1.99e-15  2.42e+02  1.21e+01 7.09e+01 6.64e+00  1.00e+00 9.30e-01      0s
  11   1.86955193e+02 -1.75339237e+01  2.75e-14 1.84e-15  2.04e+02  8.93e+00 8.05e+00 5.10e+00  7.76e-01 1.72e-01      0s
  12   1.63850050e+02 -1.31219465e+01  2.15e-14 4.44e-16  1.77e+02  7.84e+00 6.22e+00 5.00e+00  7.63e-01 1.50e-01      0s
  13   1.44900243e+02 -8.47753199e+00  1.75e-14 4.44e-16  1.53e+02  6.83e+00 5.00e+00 4.93e+00  7.61e-01 1.48e-01      0s
  14   1.28674414e+02 -3.50514086e+00  1.40e-14 1.79e-15  1.32e+02  5.81e+00 4.05e+00 4.87e+00  7.69e-01 1.54e-01      0s
  15   1.14202320e+02  1.92290975e+00  1.13e-14 1.78e-15  1.12e+02  4.79e+00 3.28e+00 4.83e+00  7.87e-01 1.67e-01      0s
  16   1.00656686e+02  8.02496709e+00  8.79e-15 8.88e-16  9.26e+01  3.77e+00 2.63e+00 4.78e+00  8.19e-01 1.94e-01      0s
  17   8.71675374e+01  1.51991193e+01  6.50e-15 9.16e-16  7.20e+01  2.76e+00 2.06e+00 4.75e+00  8.69e-01 2.48e-01      0s
  18   7.20319177e+01  2.45546690e+01  4.09e-15 8.88e-16  4.75e+01  1.80e+00 1.53e+00 4.71e+00  9.51e-01 3.78e-01      0s
  19   5.49449705e+01  3.68302925e+01  1.34e-15 1.40e-15  1.81e+01  1.50e+00 1.30e+00 4.67e+00  9.12e-01 6.87e-01      0s
  20   5.39184923e+01  3.80202375e+01  7.77e-16 1.40e-15  1.59e+01  1.01e+01 3.24e+00 4.62e+00  7.29e-01 1.36e-01      0s
  21   5.31426080e+01  3.90427526e+01  1.11e-15 9.93e-16  1.41e+01  1.27e+01 3.71e+00 4.62e+00  7.26e-01 1.26e-01      0s
  22   5.24870680e+01  4.00248981e+01  5.55e-16 4.97e-16  1.25e+01  1.53e+01 4.20e+00 4.61e+00  7.32e-01 1.29e-01      0s
  23   5.19218010e+01  4.09957423e+01  3.33e-16 8.01e-16  1.09e+01  1.79e+01 4.77e+00 4.61e+00  7.44e-01 1.37e-01      0s
  24   5.14240311e+01  4.19829351e+01  5.55e-16 4.58e-16  9.44e+00  2.07e+01 5.46e+00 4.61e+00  7.65e-01 1.51e-01      0s
  25   5.09771460e+01  4.30126784e+01  4.44e-16 1.68e-15  7.96e+00  2.34e+01 6.35e+00 4.60e+00  7.95e-01 1.74e-01      0s
  26   5.05673306e+01  4.41137861e+01  9.16e-16 1.99e-15  6.45e+00  2.62e+01 7.56e+00 4.60e+00  8.36e-01 2.11e-01      0s
  27   5.01796093e+01  4.53248719e+01  9.16e-16 3.13e-15  4.85e+00  2.89e+01 9.39e+00 4.59e+00  8.90e-01 2.75e-01      0s
  28   4.97943093e+01  4.66946992e+01  0.00e+00 1.78e-15  3.10e+00  3.13e+01 1.26e+01 4.59e+00  9.62e-01 4.02e-01      0s
  29   4.93594073e+01  4.83096371e+01  1.86e-15 1.86e-15  1.05e+00  3.28e+01 1.99e+01 4.58e+00  1.00e+00 7.35e-01      0s
  30   4.90958950e+01  4.89430209e+01  2.78e-15 1.93e-15  1.53e-01  2.94e+01 6.11e+01 4.56e+00  1.00e+00 9.49e-01      0s
  31   4.90160007e+01  4.90007133e+01  9.49e-16 2.59e-15  1.53e-02  1.20e+01 4.65e+02 4.46e+00  1.00e+00 1.00e+00      0s
  32   4.90088561e+01  4.90073273e+01  1.90e-15 2.52e-15  1.53e-03  2.27e+01 5.27e+03 4.44e+00  1.00e+00 1.00e+00      0s

The algorithm stopped after 33 iterations in 0.32 seconds.

Primal variables:   [+4.7616 +0.0001 +1.5256 +0.0003]
Dual slacks:        [+0.0001 +4.7629 +0.0002 +1.5210]
Dual variables:     [-2.2635 -9.7403]

Primal objective:   4.90088561e+01 
Dual objective:     4.90073273e+01 

Primal residual:    1.90e-15
Dual residual:      2.52e-15
Complementraty:     1.53e-03

Number of Iter:     33
Run time:           0.32

-------------------------------------------------------------------------------------------------------
                  Objective                Residual                        Step-length       
Iter      Primal           Dual         Primal    Dual     Compl    r error   r-bar    nabla     Time
   0   4.90088561e+01  4.90073273e+01  1.90e-15 0.00e+00  1.53e-03  1.53e-03 1.53e-03 1.02e+03     0s

The Inexact Infeasible Interior-Point Method starts running ...


                  Objective                Residual                                               Step-length
Iter      Primal           Dual         Primal    Dual     Compl    Cond-Num  ||M||   ||RHS||    a-star   a-hat      Time
   0   1.44286052e+06  2.94398087e+06  3.32e+03 3.38e+03  2.04e+06  1.00e+00 1.00e+00 3.54e+03  2.22e-01 1.89e-01      0s
   1   1.33139295e+06  2.91459307e+06  3.19e+03 3.24e+03  1.96e+06  1.23e+01 7.27e+00 1.65e+03  3.49e-01 4.04e-02      0s
   2   1.25381217e+06  2.87744042e+06  3.08e+03 3.13e+03  1.90e+06  1.46e+01 8.88e+00 2.72e+03  3.79e-01 3.32e-02      0s
   3   1.17311591e+06  2.82504776e+06  2.96e+03 3.01e+03  1.83e+06  1.64e+01 1.03e+01 3.61e+03  4.03e-01 3.90e-02      0s
   4   1.08811396e+06  2.75323557e+06  2.82e+03 2.87e+03  1.74e+06  1.85e+01 1.21e+01 4.69e+03  4.31e-01 4.67e-02      0s
   5   9.97150256e+05  2.65583300e+06  2.66e+03 2.71e+03  1.65e+06  2.11e+01 1.45e+01 6.02e+03  4.63e-01 5.75e-02      0s
   6   8.97698803e+05  2.52322567e+06  2.47e+03 2.51e+03  1.53e+06  2.42e+01 1.78e+01 7.68e+03  5.01e-01 7.31e-02      0s
   7   7.85808394e+05  2.33965427e+06  2.23e+03 2.26e+03  1.39e+06  2.81e+01 2.26e+01 9.85e+03  5.47e-01 9.75e-02      0s
   8   6.54321562e+05  2.07626376e+06  1.91e+03 1.95e+03  1.20e+06  3.29e+01 3.01e+01 1.28e+04  6.06e-01 1.40e-01      0s
   9   4.89139471e+05  1.67329602e+06  1.49e+03 1.51e+03  9.33e+05  3.90e+01 4.36e+01 1.70e+04  6.82e-01 2.24e-01      0s
  10   2.56527328e+05  9.77190484e+05  8.18e+02 8.32e+02  5.06e+05  4.72e+01 7.39e+01 2.38e+04  7.92e-01 4.49e-01      0s
  11   2.02925309e+04  7.42367091e+04  5.13e+01 5.22e+01  2.66e+04  5.92e+01 2.03e+02 3.85e+04  9.54e-01 9.37e-01      0s
  12   1.96670132e+03 -4.80175255e+02  5.55e-12 2.27e-13  2.45e+03  3.06e+01 6.42e+03 8.14e+04  1.00e+00 1.00e+00      0s
  13   9.20031967e+02  6.75344309e+02  1.82e-12 2.78e-17  2.45e+02  2.65e+01 3.43e+04 4.56e+03  1.00e+00 1.00e+00      0s
  14   8.09838399e+02  7.85369633e+02  1.14e-12 2.27e-13  2.45e+01  2.62e+01 3.57e+05 4.54e+03  1.00e+00 1.00e+00      0s
  15   7.98826514e+02  7.96379637e+02  4.55e-13 9.37e-13  2.45e+00  2.63e+01 3.57e+06 4.54e+03  1.00e+00 1.00e+00      0s
  16   7.97725410e+02  7.97480722e+02  1.87e-12 1.06e-17  2.45e-01  2.63e+01 3.57e+07 4.54e+03  1.00e+00 1.00e+00      0s
  17   7.97615300e+02  7.97590832e+02  1.37e-12 9.09e-13  2.45e-02  2.63e+01 3.57e+08 4.54e+03  1.00e+00 1.00e+00      0s
  18   7.97604289e+02  7.97601843e+02  0.00e+00 3.62e-17  2.45e-03  2.63e+01 3.57e+09 4.54e+03  1.00e+00 1.00e+00      0s

The algorithm stopped after 19 iterations in 0.15 seconds.

Primal variables:   [+4875.7619 +0.0000 +1562.4808 +0.0000]
Dual slacks:        [+0.0000 +4877.4255 +0.0000 +1557.2799]
Dual variables:     [+0.3606 -0.2045]

Primal objective:   7.97604289e+02 
Dual objective:     7.97601843e+02 

Primal residual:    0.00e+00
Dual residual:      3.62e-17
Complementraty:     2.45e-03

Number of Iter:     19
Run time:           0.15

-------------------------------------------------------------------------------------------------------
                  Objective                Residual                        Step-length       
Iter      Primal           Dual         Primal    Dual     Compl    r error   r-bar    nabla     Time
   1   4.90080880e+01  4.90080880e+01  0.00e+00 0.00e+00  2.33e-09  2.33e-09 9.77e-05 1.64e+04     0s

The Iterative Refinement algorithm stopped after 2 iterations in 0.47 seconds.

Primal objective:   4.90080880e+01 
Dual objective:     4.90080880e+01 

Primal residual:    0.00e+00
Dual residual:      0.00e+00
Complementraty:     2.33e-09

Primal variables:   [+4.761486 +0.000000 +1.525860 +0.000000]
Dual slacks:        [+0.000000 +4.763111 +0.000000 +1.520781]
Dual variables:     [-2.263141 -9.740544]

Number of Iter:     1
Run time:           0.47
