
--------------- Linear optimization problem characteristics ---------------
Seed:                    56
Number of variables:     4
Number of constraints:   2

Norm of primal sol:      5.00e+00
Norm of dual sol:        1.00e+01
Norm of dual slacks:     5.00e+00

Norm of vector b:        4.59e+00
Norm of vector c:        7.02e+00

Norm of matrix A:        1.00e+00
Condition number:        1.00e+00

----------------------- Linear optimization problem -----------------------
Coeff matrix A:          [[-0.687 +0.163 +0.614 +0.353]
                          [-0.553 -0.539 -0.599 +0.213]]

RHS vector b:            [-2.993 -3.483]
Obj vector c:            [-2.119 -5.574 -3.215 +1.846]

---------------------------- Optimal solution -----------------------------
Primal variables:         [+4.736 +1.604 +0.000 +0.000]
Dual slacks:              [+0.000 +0.000 +4.800 +1.399]
Dual variables:           [-4.213 +9.069]

Optimal objective:       -1.89778465e+01
===========================================================================

Method:                  II-IPM
LO_Precision:            1.00e-04
Stop_Precision:          1.00e-08
LO_Verbosity:            2
Omega:                   1.00e+03

The Inexact Infeasible Interior-Point Method starts running ...


                  Objective                Residual                                               Step-length
Iter      Primal           Dual         Primal    Dual     Compl    Cond-Num  ||M||   ||RHS||    a-star   a-hat      Time
   0  -1.44922373e+03 -3.19989386e+03  3.67e+02 4.78e+02  1.03e+06  1.00e+00 1.00e+00 1.70e+03  8.53e-01 7.62e-01      0s
   1  -9.20110020e+02 -3.12467767e+03  2.96e+02 3.86e+02  8.47e+05  1.50e+01 2.68e+00 9.72e+02  7.55e-01 1.93e-01      0s
   2  -5.55284915e+02 -3.10990056e+03  2.44e+02 3.17e+02  7.09e+05  2.27e+01 2.99e+00 8.84e+02  7.66e-01 1.77e-01      0s
   3  -2.71368337e+02 -3.14011486e+03  1.98e+02 2.58e+02  5.88e+05  3.18e+01 3.20e+00 7.82e+02  7.75e-01 1.86e-01      0s
   4  -6.38035854e+01 -3.21536185e+03  1.59e+02 2.08e+02  4.82e+05  4.37e+01 3.32e+00 6.63e+02  7.86e-01 1.97e-01      0s
   5   7.56723445e+01 -3.33622160e+03  1.25e+02 1.63e+02  3.86e+05  5.83e+01 3.31e+00 5.33e+02  7.90e-01 2.16e-01      0s
   6   1.54793811e+02 -3.50678002e+03  9.39e+01 1.22e+02  2.98e+05  7.54e+01 3.15e+00 4.00e+02  7.98e-01 2.49e-01      0s
   7   1.77772331e+02 -3.73820676e+03  6.47e+01 8.42e+01  2.12e+05  9.47e+01 2.80e+00 2.71e+02  8.20e-01 3.12e-01      0s
   8   1.42850184e+02 -4.05629811e+03  3.57e+01 4.65e+01  1.23e+05  1.15e+02 2.24e+00 1.54e+02  8.61e-01 4.48e-01      0s
   9   3.45845649e+01 -4.52395781e+03  4.87e+00 6.33e+00  2.17e+04  1.38e+02 1.42e+00 5.99e+01  9.35e-01 8.64e-01      0s
  10  -7.03556685e+00 -4.02095088e+03  6.29e-02 8.19e-02  4.21e+03  1.78e+02 2.85e-01 7.35e+00  1.00e+00 9.87e-01      0s
  11  -7.65085667e+00 -5.93106400e+02  7.59e-15 1.60e-13  5.85e+02  1.37e+02 4.82e-02 4.84e+00  1.00e+00 1.00e+00      0s
  12  -8.01184930e+00 -6.65574036e+01  5.69e-15 4.62e-14  5.85e+01  1.95e+02 3.32e-01 4.33e+00  1.00e+00 1.00e+00      0s
  13  -9.46877687e+00 -3.25807819e+01  9.93e-16 1.35e-14  2.31e+01  2.09e+02 3.42e+00 4.18e+00  8.87e-01 6.72e-01      0s
  14  -1.00367858e+01 -3.06198993e+01  1.60e-15 1.52e-14  2.06e+01  1.35e+02 6.91e+00 4.18e+00  7.02e-01 1.22e-01      0s
  15  -1.05606730e+01 -2.91383084e+01  9.93e-16 1.16e-14  1.86e+01  1.21e+02 7.30e+00 4.18e+00  6.94e-01 1.08e-01      0s
  16  -1.10866145e+01 -2.78782312e+01  1.78e-15 1.12e-14  1.68e+01  1.08e+02 7.64e+00 4.18e+00  6.91e-01 1.07e-01      0s
  17  -1.16158642e+01 -2.67903784e+01  1.83e-15 9.02e-15  1.52e+01  9.61e+01 7.98e+00 4.18e+00  6.91e-01 1.07e-01      0s
  18  -1.21510687e+01 -2.58362745e+01  9.93e-16 1.01e-14  1.37e+01  8.50e+01 8.33e+00 4.18e+00  6.96e-01 1.09e-01      0s
  19  -1.26955847e+01 -2.49864687e+01  2.22e-15 7.56e-15  1.23e+01  7.48e+01 8.70e+00 4.19e+00  7.04e-01 1.13e-01      0s
  20  -1.32532743e+01 -2.42180900e+01  1.99e-15 6.44e-15  1.10e+01  6.53e+01 9.12e+00 4.19e+00  7.16e-01 1.20e-01      0s
  21  -1.38287773e+01 -2.35124502e+01  1.99e-15 5.74e-15  9.68e+00  5.64e+01 9.60e+00 4.19e+00  7.33e-01 1.30e-01      0s
  22  -1.44282550e+01 -2.28528938e+01  1.99e-15 3.93e-15  8.42e+00  4.83e+01 1.02e+01 4.19e+00  7.56e-01 1.44e-01      0s
  23  -1.50599347e+01 -2.22235333e+01  4.44e-16 4.45e-15  7.16e+00  4.08e+01 1.09e+01 4.18e+00  7.86e-01 1.66e-01      0s
  24  -1.57326570e+01 -2.16099117e+01  8.88e-16 2.86e-15  5.88e+00  3.40e+01 1.20e+01 4.18e+00  8.24e-01 2.00e-01      0s
  25  -1.64593189e+01 -2.09944493e+01  4.44e-16 3.69e-15  4.54e+00  2.78e+01 1.35e+01 4.18e+00  8.74e-01 2.54e-01      0s
  26  -1.72551613e+01 -2.03565360e+01  4.44e-16 1.97e-15  3.10e+00  2.22e+01 1.61e+01 4.18e+00  9.37e-01 3.51e-01      0s
  27  -1.81374031e+01 -1.96685868e+01  4.44e-16 9.31e-16  1.53e+00  1.73e+01 2.14e+01 4.18e+00  1.00e+00 5.63e-01      0s
  28  -1.89044444e+01 -1.90575628e+01  1.26e-15 9.56e-16  1.53e-01  1.29e+01 3.86e+01 4.19e+00  1.00e+00 1.00e+00      0s
  29  -1.89701328e+01 -1.89854446e+01  1.40e-15 1.33e-15  1.53e-02  1.09e+01 3.16e+02 4.23e+00  1.00e+00 1.00e+00      0s
  30  -1.89770792e+01 -1.89786104e+01  1.88e-15 9.33e-16  1.53e-03  2.32e+01 4.43e+03 4.14e+00  1.00e+00 1.00e+00      0s
  31  -1.89777700e+01 -1.89779231e+01  9.93e-16 2.06e-15  1.53e-04  2.50e+01 4.57e+04 4.13e+00  1.00e+00 1.00e+00      0s
  32  -1.89778389e+01 -1.89778542e+01  9.93e-16 1.81e-15  1.53e-05  2.52e+01 4.59e+05 4.13e+00  1.00e+00 1.00e+00      0s

The algorithm stopped after 33 iterations in 0.40 seconds.

Primal variables:   [+4.735641 +1.604279 +0.000001 +0.000003]
Dual slacks:        [+0.000001 +0.000002 +4.800206 +1.399305]
Dual variables:     [-4.212596 +9.069406]

Primal objective:   -1.89778389e+01
Dual objective:     -1.89778542e+01

Primal residual:    9.93e-16
Dual residual:      1.81e-15
Complementraty:     1.53e-05

Number of Iter:     33
Run time:           0.40
