
--------------- Linear optimization problem characteristics ---------------
Seed:                    17
Number of variables:     4
Number of constraints:   2

Norm of primal sol:      5.00e+00
Norm of dual sol:        1.00e+01
Norm of dual slacks:     5.00e+00

Norm of vector b:        1.46e+00
Norm of vector c:        1.17e+01

Norm of matrix A:        1.00e+00
Condition number:        1.00e+00

----------------------- Linear optimization problem -----------------------
Coeff matrix A:          [[+0.207 +0.526 -0.734 +0.376]
                          [+0.138 -0.822 -0.552 -0.005]]

RHS vector b:            [-1.133 -0.927]
Obj vector c:            [+2.477 +5.642 -9.090 +3.916]

---------------------------- Optimal solution -----------------------------
Primal variables:         [+4.192 +0.000 +2.725 +0.000]
Dual slacks:              [+0.000 +4.960 +0.000 +0.635]
Dual variables:           [+8.782 +4.784]

Optimal objective:       -1.43839693e+01
===========================================================================

Method:                  IR-II-IPM
IR_Precision:            1.00e-04
LO_Precision:            1.00e-03
Stop_Precision:          1.00e-08
LO_Verbosity:            2
Omega:                   1.00e+03

The Iterative Refinement algorithm starts running ...


The Inexact Infeasible Interior-Point Method starts running ...


                  Objective                Residual                                               Step-length
Iter      Primal           Dual         Primal    Dual     Compl    Cond-Num  ||M||   ||RHS||    a-star   a-hat      Time
   0   4.49467281e+02 -5.69274170e+02  3.85e+02 5.94e+02  1.27e+06  1.00e+00 1.00e+00 1.42e+03  8.07e-01 7.03e-01      0s
   1   3.50555412e+02 -5.70975444e+02  3.27e+02 5.04e+02  1.10e+06  7.84e+00 1.58e+00 3.56e+02  6.97e-01 1.52e-01      0s
   2   2.72131645e+02 -5.64961436e+02  2.76e+02 4.26e+02  9.40e+05  1.02e+01 1.67e+00 3.40e+02  7.40e-01 1.55e-01      0s
   3   1.94598318e+02 -5.48732790e+02  2.23e+02 3.44e+02  7.73e+05  1.35e+01 1.79e+00 3.45e+02  7.80e-01 1.93e-01      0s
   4   1.20912723e+02 -5.18743676e+02  1.69e+02 2.60e+02  6.00e+05  1.97e+01 2.00e+00 3.73e+02  8.20e-01 2.43e-01      0s
   5   6.00090741e+01 -4.79483591e+02  1.21e+02 1.87e+02  4.42e+05  3.35e+01 2.38e+00 4.20e+02  8.45e-01 2.83e-01      0s
   6   2.06999350e+01 -4.48201505e+02  8.77e+01 1.35e+02  3.30e+05  6.51e+01 2.98e+00 4.56e+02  8.11e-01 2.75e-01      0s
   7  -1.34090545e+00 -4.32747051e+02  6.65e+01 1.03e+02  2.56e+05  1.22e+02 3.57e+00 4.44e+02  7.72e-01 2.42e-01      0s
   8  -1.38245665e+01 -4.29095611e+02  5.17e+01 7.97e+01  2.03e+05  1.98e+02 3.93e+00 3.93e+02  7.52e-01 2.23e-01      0s
   9  -2.08190898e+01 -4.33812921e+02  4.02e+01 6.19e+01  1.62e+05  2.88e+02 4.03e+00 3.25e+02  7.49e-01 2.23e-01      0s
  10  -2.41782234e+01 -4.45592498e+02  3.04e+01 4.69e+01  1.25e+05  3.86e+02 3.89e+00 2.50e+02  7.61e-01 2.42e-01      0s
  11  -2.47349336e+01 -4.64858686e+02  2.16e+01 3.33e+01  9.15e+04  4.91e+02 3.50e+00 1.74e+02  7.88e-01 2.91e-01      0s
  12  -2.27169124e+01 -4.94298877e+02  1.29e+01 1.99e+01  5.72e+04  5.99e+02 2.86e+00 1.04e+02  8.31e-01 4.00e-01      0s
  13  -1.77811238e+01 -5.42949479e+02  3.89e+00 5.99e+00  1.86e+04  7.12e+02 1.93e+00 4.47e+01  8.97e-01 6.99e-01      0s
  14  -1.42129639e+01 -5.85474639e+02  1.09e-01 1.69e-01  1.12e+03  8.56e+02 6.65e-01 6.90e+00  9.98e-01 9.72e-01      0s
  15  -1.42053757e+01 -4.00477845e+02  3.25e-02 5.01e-02  5.07e+02  6.65e+02 2.48e-02 1.54e+00  1.00e+00 7.02e-01      0s
  16  -1.42143038e+01 -1.36744370e+02  2.99e-15 2.34e-13  1.23e+02  8.84e+02 2.39e-02 1.45e+00  1.00e+00 1.00e+00      0s
  17  -1.42169807e+01 -2.64699873e+01  5.50e-15 5.41e-14  1.23e+01  2.59e+03 1.02e-01 1.34e+00  1.00e+00 1.00e+00      0s
  18  -1.42208246e+01 -1.54461253e+01  7.56e-15 1.13e-14  1.23e+00  3.07e+03 1.16e+00 1.32e+00  1.00e+00 1.00e+00      0s
  19  -1.42353925e+01 -1.46438352e+01  9.04e-15 5.39e-15  4.08e-01  3.09e+03 1.20e+01 1.32e+00  9.33e-01 7.41e-01      0s
  20  -1.42428091e+01 -1.46020492e+01  5.98e-15 4.51e-15  3.59e-01  2.89e+03 4.12e+01 1.33e+00  7.27e-01 1.34e-01      0s
  21  -1.42501392e+01 -1.45698936e+01  5.39e-15 3.62e-15  3.20e-01  2.83e+03 4.88e+01 1.34e+00  7.20e-01 1.22e-01      0s
  22  -1.42578811e+01 -1.45425512e+01  5.96e-15 3.61e-15  2.85e-01  2.77e+03 5.71e+01 1.34e+00  7.19e-01 1.22e-01      0s
  23  -1.42661210e+01 -1.45188300e+01  6.17e-15 2.70e-15  2.53e-01  2.70e+03 6.69e+01 1.34e+00  7.24e-01 1.25e-01      0s
  24  -1.42749727e+01 -1.44978594e+01  5.51e-15 1.10e-15  2.23e-01  2.62e+03 7.89e+01 1.34e+00  7.35e-01 1.31e-01      0s
  25  -1.42845874e+01 -1.44789833e+01  4.13e-15 1.79e-15  1.94e-01  2.53e+03 9.39e+01 1.35e+00  7.52e-01 1.42e-01      0s
  26  -1.42951322e+01 -1.44617514e+01  3.88e-15 2.06e-15  1.67e-01  2.43e+03 1.14e+02 1.35e+00  7.76e-01 1.59e-01      0s
  27  -1.43068511e+01 -1.44457705e+01  3.80e-15 1.31e-15  1.39e-01  2.33e+03 1.40e+02 1.35e+00  8.08e-01 1.85e-01      0s
  28  -1.43200226e+01 -1.44307810e+01  5.97e-15 1.90e-15  1.11e-01  2.23e+03 1.80e+02 1.36e+00  8.50e-01 2.25e-01      0s
  29  -1.43350824e+01 -1.44165091e+01  6.13e-15 2.83e-15  8.14e-02  2.12e+03 2.42e+02 1.36e+00  9.03e-01 2.94e-01      0s
  30  -1.43525602e+01 -1.44028005e+01  3.38e-15 1.31e-15  5.02e-02  2.01e+03 3.58e+02 1.37e+00  9.72e-01 4.26e-01      0s
  31  -1.43732761e+01 -1.43895179e+01  7.08e-15 1.65e-15  1.62e-02  1.90e+03 6.41e+02 1.37e+00  1.00e+00 7.52e-01      0s
  32  -1.43830263e+01 -1.43846505e+01  1.36e-14 1.54e-15  1.62e-03  1.83e+03 2.28e+03 1.36e+00  1.00e+00 1.00e+00      0s
  33  -1.43838865e+01 -1.43840489e+01  4.89e-15 9.54e-16  1.62e-04  2.32e+03 2.10e+04 1.30e+00  1.00e+00 1.00e+00      0s

The algorithm stopped after 34 iterations in 0.37 seconds.

Primal variables:   [+4.19066 +0.00001 +2.72441 +0.00007]
Dual slacks:        [+0.00001 +4.96047 +0.00001 +0.63490]
Dual variables:     [+8.78102 +4.78447]

Primal objective:   -1.43838865e+01
Dual objective:     -1.43840489e+01

Primal residual:    4.89e-15
Dual residual:      9.54e-16
Complementraty:     1.62e-04

Number of Iter:     34
Run time:           0.37

-------------------------------------------------------------------------------------------------------
                  Objective                Residual                        Step-length       
Iter      Primal           Dual         Primal    Dual     Compl    r error   r-bar    nabla     Time
   0  -1.43838865e+01 -1.43840489e+01  4.89e-15 0.00e+00  1.62e-04  1.62e-04 1.00e-03 1.02e+03     0s

The Inexact Infeasible Interior-Point Method starts running ...


                  Objective                Residual                                               Step-length
Iter      Primal           Dual         Primal    Dual     Compl    Cond-Num  ||M||   ||RHS||    a-star   a-hat      Time
   0   3.39649927e+06  7.81389046e+05  9.56e+02 2.65e+03  2.20e+06  1.00e+00 1.00e+00 4.00e+03  4.78e-01 3.88e-01      0s
   1   2.38024358e+06  6.62940861e+05  7.03e+02 1.95e+03  1.60e+06  1.25e+01 6.79e+00 2.93e+03  6.86e-01 2.64e-01      0s
   2   9.63853928e+05  4.32726373e+05  3.46e+02 9.59e+02  6.70e+05  3.36e+01 1.24e+01 4.36e+03  5.92e-01 5.08e-01      0s
   3   8.53783373e+05  3.93735879e+05  3.04e+02 8.42e+02  5.94e+05  1.25e+02 3.64e+01 7.02e+03  6.50e-01 1.22e-01      0s
   4   7.40207976e+05  3.52520277e+05  2.59e+02 7.18e+02  5.14e+05  1.52e+02 4.07e+01 6.88e+03  7.17e-01 1.48e-01      0s
   5   5.94941034e+05  2.99217346e+05  2.00e+02 5.55e+02  4.05e+05  1.93e+02 4.66e+01 6.70e+03  7.94e-01 2.26e-01      0s
   6   3.48037434e+05  2.09738322e+05  9.95e+01 2.76e+02  2.07e+05  2.82e+02 5.80e+01 6.39e+03  7.98e-01 5.03e-01      0s
   7   2.08943763e+05  1.69630884e+05  4.83e+01 1.34e+02  9.15e+04  7.44e+02 1.05e+02 5.40e+03  5.93e-01 5.14e-01      0s
   8   2.00304199e+05  1.67931630e+05  4.72e+01 1.31e+02  8.94e+04  1.60e+03 2.38e+02 3.57e+03  2.40e-01 2.32e-02      0s
   9   1.96610659e+05  1.67161294e+05  4.68e+01 1.30e+02  8.86e+04  1.66e+03 2.54e+02 3.40e+03  2.43e-01 9.57e-03      0s
  10   1.92746566e+05  1.66332838e+05  4.63e+01 1.28e+02  8.78e+04  1.68e+03 2.61e+02 3.32e+03  2.46e-01 9.90e-03      0s
  11   1.88664178e+05  1.65430851e+05  4.58e+01 1.27e+02  8.70e+04  1.70e+03 2.69e+02 3.23e+03  2.49e-01 1.04e-02      0s
  12   1.84308032e+05  1.64436077e+05  4.53e+01 1.26e+02  8.61e+04  1.72e+03 2.77e+02 3.13e+03  2.53e-01 1.10e-02      0s
  13   1.79617316e+05  1.63325088e+05  4.48e+01 1.24e+02  8.51e+04  1.74e+03 2.86e+02 3.02e+03  2.59e-01 1.18e-02      0s
  14   1.74499202e+05  1.62062594e+05  4.42e+01 1.23e+02  8.41e+04  1.75e+03 2.97e+02 2.89e+03  2.66e-01 1.29e-02      0s
  15   1.68811076e+05  1.60593753e+05  4.36e+01 1.21e+02  8.29e+04  1.77e+03 3.08e+02 2.73e+03  2.75e-01 1.45e-02      0s
  16   1.62344452e+05  1.58833835e+05  4.28e+01 1.19e+02  8.16e+04  1.78e+03 3.21e+02 2.55e+03  2.86e-01 1.66e-02      0s
  17   1.54738547e+05  1.56632249e+05  4.20e+01 1.16e+02  8.00e+04  1.80e+03 3.37e+02 2.33e+03  3.01e-01 2.00e-02      0s
  18   1.45244723e+05  1.53670282e+05  4.09e+01 1.13e+02  7.80e+04  1.81e+03 3.57e+02 2.05e+03  3.22e-01 2.58e-02      0s
  19   1.31988088e+05  1.49112567e+05  3.93e+01 1.09e+02  7.50e+04  1.81e+03 3.83e+02 1.68e+03  3.53e-01 3.82e-02      0s
  20   1.06231637e+05  1.38905760e+05  3.61e+01 1.00e+02  6.80e+04  1.80e+03 4.23e+02 1.11e+03  3.91e-01 8.22e-02      0s
  21   1.25846165e+04  8.88689874e+04  2.19e+01 6.08e+01  2.07e+04  1.75e+03 5.17e+02 6.09e+02  4.13e-01 3.93e-01      0s
  22   9.87862200e+03  7.38784506e+04  1.83e+01 5.07e+01  1.75e+04  1.35e+03 1.41e+03 1.53e+04  6.81e-01 1.65e-01      0s
  23   7.61904922e+03  5.94774104e+04  1.48e+01 4.10e+01  1.44e+04  1.37e+03 1.60e+03 1.35e+04  7.69e-01 1.91e-01      0s
  24   5.18979593e+03  4.20974686e+04  1.06e+01 2.93e+01  1.06e+04  1.39e+03 1.86e+03 1.17e+04  8.57e-01 2.87e-01      0s
  25   2.57417346e+03  2.09706682e+04  5.35e+00 1.48e+01  5.79e+03  1.44e+03 2.40e+03 9.40e+03  9.61e-01 4.93e-01      0s
  26   2.40761917e+02 -4.69477955e+01  6.39e-02 1.77e-01  5.77e+02  1.52e+03 4.05e+03 6.17e+03  1.00e+00 9.88e-01      0s
  27   1.12301646e+02  5.45091994e+01  5.11e-12 1.14e-13  5.78e+01  2.34e+03 3.60e+04 9.66e+02  1.00e+00 1.00e+00      0s
  28   8.63103748e+01  8.05311302e+01  1.26e-11 5.55e-17  5.78e+00  2.44e+03 5.34e+05 1.35e+03  1.00e+00 1.00e+00      0s
  29   8.37076476e+01  8.31297232e+01  2.50e-11 9.09e-13  5.78e-01  2.43e+03 5.34e+06 1.35e+03  1.00e+00 1.00e+00      0s
  30   8.34475610e+01  8.33897685e+01  1.73e-11 9.09e-13  5.78e-02  2.43e+03 5.34e+07 1.35e+03  1.00e+00 1.00e+00      0s
  31   8.34215542e+01  8.34157749e+01  1.55e-11 9.17e-13  5.78e-03  2.43e+03 5.34e+08 1.35e+03  1.00e+00 1.00e+00      0s
  32   8.34189535e+01  8.34183756e+01  5.64e-12 3.43e-17  5.78e-04  2.43e+03 5.34e+09 1.35e+03  1.00e+00 1.00e+00      0s

The algorithm stopped after 33 iterations in 0.43 seconds.

Primal variables:   [+4292.90763 +0.00000 +2790.22293 +0.00000]
Dual slacks:        [+0.00000 +5078.58320 +0.00000 +649.91750]
Dual variables:     [+0.56700 -0.78140]

Primal objective:   8.34189535e+01 
Dual objective:     8.34183756e+01 

Primal residual:    5.64e-12
Dual residual:      3.43e-17
Complementraty:     5.78e-04

Number of Iter:     33
Run time:           0.43

-------------------------------------------------------------------------------------------------------
                  Objective                Residual                        Step-length       
Iter      Primal           Dual         Primal    Dual     Compl    r error   r-bar    nabla     Time
   1  -1.43839693e+01 -1.43839693e+01  5.51e-15 0.00e+00  5.51e-10  5.51e-10 9.77e-05 1.64e+04     1s

The Iterative Refinement algorithm stopped after 2 iterations in 0.80 seconds.

Primal objective:   -1.43839693e+01
Dual objective:     -1.43839693e+01

Primal residual:    5.51e-15
Dual residual:      0.00e+00
Complementraty:     5.51e-10

Primal variables:   [+4.192293 +0.000000 +2.724827 +0.000000]
Dual slacks:        [+0.000000 +4.959554 +0.000000 +0.634685]
Dual variables:     [+8.781579 +4.783710]

Number of Iter:     1
Run time:           0.80
