
--------------- Linear optimization problem characteristics ---------------
Seed:                    35
Number of variables:     4
Number of constraints:   2

Norm of primal sol:      5.00e+00
Norm of dual sol:        1.00e+01
Norm of dual slacks:     5.00e+00

Norm of vector b:        3.49e+00
Norm of vector c:        1.02e+01

Norm of matrix A:        1.00e+00
Condition number:        1.00e+00

----------------------- Linear optimization problem -----------------------
Coeff matrix A:          [[+0.088 +0.039 +0.847 +0.522]
                          [-0.609 +0.791 +0.044 -0.028]]

RHS vector b:            [+2.302 -2.620]
Obj vector c:            [+5.273 -2.166 +5.020 +6.863]

---------------------------- Optimal solution -----------------------------
Primal variables:         [+4.463 +0.000 +2.255 +0.000]
Dual slacks:              [+0.000 +3.717 +0.000 +3.344]
Dual variables:           [+6.323 -7.747]

Optimal objective:       +3.48516181e+01
===========================================================================

Method:                  IR-II-IPM
IR_Precision:            1.00e-04
LO_Precision:            5.00e-02
Stop_Precision:          1.00e-08
LO_Verbosity:            2
Omega:                   1.00e+03

The Iterative Refinement algorithm starts running ...


The Inexact Infeasible Interior-Point Method starts running ...


                  Objective                Residual                                               Step-length
Iter      Primal           Dual         Primal    Dual     Compl    Cond-Num  ||M||   ||RHS||    a-star   a-hat      Time
   0   7.80348727e+03 -2.08605750e+03  5.17e+02 6.83e+02  1.47e+06  1.00e+00 1.00e+00 1.65e+03  7.69e-01 6.57e-01      0s
   1   6.66948061e+03 -2.60997264e+03  4.16e+02 5.50e+02  1.20e+06  8.88e+00 2.26e+00 3.34e+02  7.65e-01 1.95e-01      0s
   2   5.74603859e+03 -3.08925953e+03  3.40e+02 4.49e+02  1.00e+06  1.30e+01 2.45e+00 2.60e+02  7.73e-01 1.83e-01      0s
   3   4.89002469e+03 -3.58280021e+03  2.74e+02 3.62e+02  8.23e+05  1.79e+01 2.54e+00 2.09e+02  7.82e-01 1.93e-01      0s
   4   4.07088276e+03 -4.10564813e+03  2.17e+02 2.87e+02  6.64e+05  2.39e+01 2.55e+00 1.64e+02  7.83e-01 2.10e-01      0s
   5   3.25781665e+03 -4.67794801e+03  1.65e+02 2.18e+02  5.17e+05  3.10e+01 2.44e+00 1.23e+02  7.92e-01 2.40e-01      0s
   6   2.41522024e+03 -5.33180383e+03  1.16e+02 1.53e+02  3.75e+05  3.89e+01 2.20e+00 8.43e+01  8.14e-01 2.98e-01      0s
   7   1.49499064e+03 -6.12700081e+03  6.68e+01 8.83e+01  2.27e+05  4.78e+01 1.81e+00 4.91e+01  8.55e-01 4.22e-01      0s
   8   4.12176546e+02 -7.20166009e+03  1.46e+01 1.94e+01  5.83e+04  5.78e+01 1.21e+00 1.93e+01  9.25e-01 7.81e-01      0s
   9   6.31706850e+01 -7.21151552e+03  6.31e-15 2.36e-13  7.27e+03  7.42e+01 3.57e-01 1.02e+00  1.00e+00 1.00e+00      0s
  10   6.26993572e+01 -6.64769263e+02  2.22e-15 1.44e-13  7.27e+02  6.83e+01 4.25e-02 3.27e+00  1.00e+00 1.00e+00      0s
  11   6.16520459e+01 -1.10948161e+01  2.26e-15 6.49e-14  7.27e+01  7.08e+01 4.28e-01 3.16e+00  1.00e+00 1.00e+00      0s
  12   5.98459336e+01  1.65044120e+00  4.02e-15 5.06e-14  5.82e+01  5.08e+01 3.42e+00 3.13e+00  7.27e-01 2.22e-01      0s
  13   5.88287818e+01  6.04663008e+00  2.26e-15 4.71e-14  5.28e+01  4.16e+01 3.76e+00 3.13e+00  6.83e-01 1.03e-01      0s
  14   5.78081325e+01  9.62282066e+00  2.26e-15 4.19e-14  4.82e+01  3.72e+01 3.86e+00 3.13e+00  6.70e-01 9.68e-02      0s
  15   5.67769657e+01  1.26022250e+01  3.58e-15 3.82e-14  4.42e+01  3.30e+01 3.94e+00 3.13e+00  6.60e-01 9.25e-02      0s
  16   5.57286806e+01  1.51326939e+01  2.26e-15 3.55e-14  4.06e+01  2.91e+01 3.98e+00 3.13e+00  6.55e-01 9.00e-02      0s
  17   5.46597017e+01  1.73106986e+01  1.83e-15 3.26e-14  3.73e+01  2.55e+01 4.01e+00 3.12e+00  6.52e-01 8.89e-02      0s
  18   5.35625158e+01  1.92141213e+01  2.26e-15 3.00e-14  3.43e+01  2.22e+01 4.01e+00 3.12e+00  6.53e-01 8.93e-02      0s
  19   5.24288351e+01  2.09008531e+01  6.28e-16 2.68e-14  3.15e+01  1.91e+01 4.00e+00 3.12e+00  6.57e-01 9.12e-02      0s
  20   5.12510089e+01  2.24132236e+01  9.93e-16 2.46e-14  2.88e+01  1.63e+01 3.98e+00 3.12e+00  6.66e-01 9.48e-02      0s
  21   5.00189205e+01  2.37869340e+01  1.40e-15 2.23e-14  2.62e+01  1.37e+01 3.95e+00 3.12e+00  6.78e-01 1.00e-01      0s
  22   4.87188600e+01  2.50536908e+01  6.28e-16 1.95e-14  2.37e+01  1.14e+01 3.91e+00 3.12e+00  6.95e-01 1.09e-01      0s
  23   4.73365426e+01  2.62396177e+01  6.28e-16 1.77e-14  2.11e+01  9.26e+00 3.87e+00 3.11e+00  7.17e-01 1.21e-01      0s
  24   4.58514897e+01  2.73726912e+01  4.44e-16 1.47e-14  1.85e+01  7.40e+00 3.83e+00 3.11e+00  7.46e-01 1.38e-01      0s
  25   4.42436742e+01  2.84793318e+01  6.28e-16 1.26e-14  1.58e+01  5.78e+00 3.80e+00 3.11e+00  7.82e-01 1.63e-01      0s
  26   4.24817463e+01  2.95976749e+01  0.00e+00 1.06e-14  1.29e+01  4.38e+00 3.80e+00 3.11e+00  8.28e-01 2.03e-01      0s
  27   4.05322064e+01  3.07788938e+01  6.28e-16 8.20e-15  9.75e+00  3.20e+00 3.88e+00 3.11e+00  8.86e-01 2.70e-01      0s
  28   3.83624068e+01  3.21064128e+01  0.00e+00 4.00e-15  6.26e+00  2.24e+00 4.15e+00 3.10e+00  9.57e-01 3.98e-01      0s
  29   3.59586176e+01  3.37412716e+01  4.44e-16 2.62e-15  2.22e+00  1.49e+00 5.04e+00 3.10e+00  9.72e-01 7.17e-01      0s
  30   3.49512540e+01  3.47116306e+01  6.28e-16 1.59e-15  2.40e-01  1.32e+00 1.22e+01 3.12e+00  1.00e+00 9.91e-01      0s
  31   3.48636917e+01  3.48397293e+01  4.44e-16 1.32e-15  2.40e-02  1.20e+00 8.70e+01 3.19e+00  1.00e+00 1.00e+00      0s

The algorithm stopped after 32 iterations in 0.46 seconds.

Primal variables:   [+4.464 +0.002 +2.254 +0.002]
Dual slacks:        [+0.001 +3.716 +0.003 +3.346]
Dual variables:     [+6.320 -7.745]

Primal objective:   3.48636917e+01 
Dual objective:     3.48397293e+01 

Primal residual:    4.44e-16
Dual residual:      1.32e-15
Complementraty:     2.40e-02

Number of Iter:     32
Run time:           0.46

-------------------------------------------------------------------------------------------------------
                  Objective                Residual                        Step-length       
Iter      Primal           Dual         Primal    Dual     Compl    r error   r-bar    nabla     Time
   0   3.48636917e+01  3.48397293e+01  4.44e-16 0.00e+00  2.40e-02  2.40e-02 2.40e-02 6.40e+01     0s

The Inexact Infeasible Interior-Point Method starts running ...


                  Objective                Residual                                               Step-length
Iter      Primal           Dual         Primal    Dual     Compl    Cond-Num  ||M||   ||RHS||    a-star   a-hat      Time
   0   2.35626799e+05 -1.39987580e+05  2.39e+02 3.06e+02  9.88e+05  1.00e+00 1.00e+00 1.39e+03  9.29e-01 8.29e-01      0s
   1   9.85760009e+04 -1.61496099e+05  4.02e-14 1.42e-14  2.60e+05  1.80e+01 3.23e+00 4.25e+02  1.00e+00 1.00e+00      0s
   2   8.62345162e+04 -8.15566562e+04  5.68e-14 6.36e-14  1.68e+05  5.75e+01 4.24e+00 1.86e+02  7.39e-01 3.94e-01      0s
   3   8.21517517e+04 -7.13467380e+04  8.53e-14 6.36e-14  1.53e+05  3.66e+01 5.03e+00 1.88e+02  6.57e-01 9.46e-02      0s
   4   7.81751309e+04 -6.30122591e+04  2.84e-14 6.36e-14  1.41e+05  3.21e+01 5.10e+00 1.88e+02  6.53e-01 8.91e-02      0s
   5   7.41271927e+04 -5.57899528e+04  8.53e-14 2.84e-14  1.30e+05  2.81e+01 5.14e+00 1.89e+02  6.51e-01 8.87e-02      0s
   6   6.99875211e+04 -4.94615724e+04  5.68e-14 5.68e-14  1.19e+05  2.44e+01 5.17e+00 1.89e+02  6.54e-01 8.95e-02      0s
   7   6.57216164e+04 -4.38431285e+04  2.84e-14 4.02e-14  1.10e+05  2.11e+01 5.18e+00 1.90e+02  6.59e-01 9.19e-02      0s
   8   6.12888979e+04 -3.87903718e+04  2.84e-14 2.93e-14  1.00e+05  1.80e+01 5.19e+00 1.90e+02  6.69e-01 9.62e-02      0s
   9   5.66524844e+04 -3.41980132e+04  2.84e-14 4.08e-14  9.09e+04  1.52e+01 5.19e+00 1.90e+02  6.82e-01 1.02e-01      0s
  10   5.17580309e+04 -2.99670310e+04  2.84e-14 6.36e-14  8.17e+04  1.27e+01 5.20e+00 1.91e+02  7.01e-01 1.12e-01      0s
  11   4.65389555e+04 -2.60096348e+04  2.84e-14 6.51e-14  7.25e+04  1.04e+01 5.21e+00 1.91e+02  7.24e-01 1.25e-01      0s
  12   4.09150096e+04 -2.22436517e+04  2.84e-14 6.39e-14  6.32e+04  8.41e+00 5.24e+00 1.91e+02  7.55e-01 1.44e-01      0s
  13   3.47966032e+04 -1.85885135e+04  4.02e-14 3.18e-14  5.34e+04  6.63e+00 5.31e+00 1.92e+02  7.93e-01 1.72e-01      0s
  14   2.80446455e+04 -1.49307552e+04  2.84e-14 4.26e-14  4.30e+04  5.08e+00 5.45e+00 1.92e+02  8.41e-01 2.17e-01      0s
  15   2.05172005e+04 -1.11333513e+04  2.84e-14 7.94e-15  3.17e+04  3.75e+00 5.74e+00 1.93e+02  9.02e-01 2.93e-01      0s
  16   1.20368587e+04 -6.96266813e+03  2.84e-14 2.84e-14  1.90e+04  2.65e+00 6.41e+00 1.93e+02  9.80e-01 4.44e-01      0s
  17   2.46019719e+03 -1.95461546e+03  5.68e-14 4.09e-15  4.41e+03  1.75e+00 8.37e+00 1.94e+02  1.00e+00 8.53e-01      0s
  18   2.56457026e+02 -1.85024239e+02  2.84e-14 2.84e-14  4.41e+02  1.27e+00 2.66e+01 1.98e+02  1.00e+00 1.00e+00      0s
  19   7.08373032e+01  2.66891767e+01  6.36e-14 2.84e-14  4.41e+01  1.55e+00 2.31e+02 2.03e+02  1.00e+00 1.00e+00      0s
  20   5.09045688e+01  4.64897561e+01  4.02e-14 1.39e-17  4.41e+00  2.04e+00 2.78e+03 2.01e+02  1.00e+00 1.00e+00      0s
  21   4.89172076e+01  4.84757264e+01  4.02e-14 2.84e-14  4.41e-01  2.10e+00 2.82e+04 2.01e+02  1.00e+00 1.00e+00      0s
  22   4.87185339e+01  4.86743858e+01  5.68e-14 2.17e-17  4.41e-02  2.11e+00 2.82e+05 2.01e+02  1.00e+00 1.00e+00      0s

The algorithm stopped after 23 iterations in 0.32 seconds.

Primal variables:   [+285.601 +0.000 +144.334 +0.000]
Dual slacks:        [+0.000 +237.889 +0.000 +214.030]
Dual variables:     [+0.199 -0.115]

Primal objective:   4.87185339e+01 
Dual objective:     4.86743858e+01 

Primal residual:    5.68e-14
Dual residual:      2.17e-17
Complementraty:     4.41e-02

Number of Iter:     23
Run time:           0.32

-------------------------------------------------------------------------------------------------------
                  Objective                Residual                        Step-length       
Iter      Primal           Dual         Primal    Dual     Compl    r error   r-bar    nabla     Time
   1   3.48516235e+01  3.48516127e+01  8.88e-16 0.00e+00  1.08e-05  1.08e-05 1.56e-03 1.02e+03     1s

The Iterative Refinement algorithm stopped after 2 iterations in 0.78 seconds.

Primal objective:   3.48516235e+01 
Dual objective:     3.48516127e+01 

Primal residual:    8.88e-16
Dual residual:      0.00e+00
Complementraty:     1.08e-05

Primal variables:   [+4.462511 +0.000001 +2.255216 +0.000001]
Dual slacks:        [+0.000001 +3.717010 +0.000001 +3.344224]
Dual variables:     [+6.323366 -7.746936]

Number of Iter:     1
Run time:           0.78
