
--------------- Linear optimization problem characteristics ---------------
Seed:                    6
Number of variables:     4
Number of constraints:   2

Norm of primal sol:      5.00e+00
Norm of dual sol:        1.00e+01
Norm of dual slacks:     5.00e+00

Norm of vector b:        2.35e+00
Norm of vector c:        7.88e+00

Norm of matrix A:        1.00e+00
Condition number:        1.00e+00

----------------------- Linear optimization problem -----------------------
Coeff matrix A:          [[+0.043 -0.120 +0.704 +0.699]
                          [-0.217 -0.540 -0.611 +0.537]]

RHS vector b:            [-0.159 -2.343]
Obj vector c:            [+2.754 -0.107 -4.897 -5.527]

---------------------------- Optimal solution -----------------------------
Primal variables:         [+0.000 +4.961 +0.000 +0.623]
Dual slacks:              [+3.680 +0.000 +3.385 +0.000]
Dual variables:           [-9.719 +2.355]

Optimal objective:       -3.97556859e+00
===========================================================================

Method:                  II-IPM
LO_Precision:            1.00e-04
Stop_Precision:          1.00e-08
LO_Verbosity:            2
Omega:                   1.00e+03

The Inexact Infeasible Interior-Point Method starts running ...


                  Objective                Residual                                               Step-length
Iter      Primal           Dual         Primal    Dual     Compl    Cond-Num  ||M||   ||RHS||    a-star   a-hat      Time
   0  -2.67455142e+03 -1.05438393e+03  6.98e+02 8.94e+02  1.88e+06  1.00e+00 1.00e+00 1.73e+03  6.74e-01 5.54e-01      0s
   1  -2.41051529e+03 -1.22673700e+03  6.44e+02 8.26e+02  1.75e+06  3.92e+00 1.14e+00 5.00e+02  5.97e-01 7.65e-02      0s
   2  -2.15464603e+03 -1.40764764e+03  5.91e+02 7.57e+02  1.62e+06  4.13e+00 1.07e+00 4.35e+02  6.21e-01 8.28e-02      0s
   3  -1.89278116e+03 -1.60842183e+03  5.35e+02 6.85e+02  1.48e+06  4.31e+00 9.97e-01 3.73e+02  6.48e-01 9.55e-02      0s
   4  -1.62373313e+03 -1.83370125e+03  4.74e+02 6.08e+02  1.33e+06  4.49e+00 9.14e-01 3.12e+02  6.81e-01 1.13e-01      0s
   5  -1.34498955e+03 -2.09121014e+03  4.09e+02 5.24e+02  1.16e+06  4.65e+00 8.18e-01 2.52e+02  7.19e-01 1.38e-01      0s
   6  -1.05506615e+03 -2.39147403e+03  3.37e+02 4.31e+02  9.73e+05  4.80e+00 7.09e-01 1.93e+02  7.65e-01 1.76e-01      0s
   7  -7.51401656e+02 -2.75330466e+03  2.55e+02 3.27e+02  7.57e+05  4.92e+00 5.84e-01 1.37e+02  8.20e-01 2.41e-01      0s
   8  -4.32335311e+02 -3.21232982e+03  1.62e+02 2.07e+02  4.97e+05  5.02e+00 4.39e-01 8.44e+01  8.88e-01 3.67e-01      0s
   9  -9.49058677e+01 -3.86800688e+03  4.82e+01 6.17e+01  1.60e+05  5.08e+00 2.71e-01 3.88e+01  9.73e-01 7.02e-01      0s
  10   3.86507185e+00 -4.28586295e+03  1.85e+00 2.37e+00  1.07e+04  4.99e+00 7.56e-02 6.00e+00  9.88e-01 9.62e-01      0s
  11   4.47664729e+00 -3.84387817e+03  1.44e+00 1.84e+00  8.64e+03  4.06e+00 3.03e-03 2.19e+00  8.93e-01 2.24e-01      0s
  12   4.81104842e+00 -3.39211360e+03  1.11e+00 1.42e+00  6.94e+03  4.73e+00 2.84e-03 2.18e+00  9.09e-01 2.25e-01      0s
  13   4.92061542e+00 -2.87535478e+03  8.15e-01 1.04e+00  5.33e+03  5.92e+00 2.86e-03 2.17e+00  9.51e-01 2.67e-01      0s
  14   4.68653268e+00 -2.18415984e+03  4.96e-01 6.35e-01  3.54e+03  8.27e+00 3.13e-03 2.16e+00  1.00e+00 3.92e-01      0s
  15   3.29381339e+00 -8.35991175e+02  2.18e-02 2.80e-02  8.81e+02  1.48e+01 4.16e-03 2.15e+00  1.00e+00 9.56e-01      0s
  16   2.83837153e+00 -1.21000078e+02  9.81e-16 7.18e-14  1.24e+02  1.93e+02 3.48e-02 1.94e+00  1.00e+00 1.00e+00      0s
  17   2.36747297e+00 -3.45070590e+01  1.81e-15 2.50e-14  3.69e+01  1.62e+02 1.96e-01 2.03e+00  1.00e+00 7.80e-01      0s
  18   1.90328960e+00 -2.45096179e+01  1.35e-15 1.82e-14  2.64e+01  1.41e+02 6.22e-01 2.06e+00  9.16e-01 3.15e-01      0s
  19   1.43787210e+00 -1.87782165e+01  1.42e-15 1.72e-14  2.02e+01  1.38e+02 8.86e-01 2.06e+00  8.79e-01 2.61e-01      0s
  20   9.79340803e-01 -1.50740048e+01  1.36e-15 9.17e-15  1.61e+01  1.33e+02 1.18e+00 2.06e+00  8.53e-01 2.29e-01      0s
  21   5.34114060e-01 -1.25029738e+01  4.97e-16 8.40e-15  1.30e+01  1.29e+02 1.53e+00 2.06e+00  8.34e-01 2.09e-01      0s
  22   1.08300397e-01 -1.06379262e+01  8.95e-16 5.53e-15  1.07e+01  1.24e+02 1.93e+00 2.06e+00  8.20e-01 1.95e-01      0s
  23  -2.93083280e-01 -9.24507474e+00  4.45e-16 5.09e-15  8.95e+00  1.20e+02 2.40e+00 2.06e+00  8.09e-01 1.86e-01      0s
  24  -6.67199852e-01 -8.18223239e+00  0.00e+00 6.74e-15  7.52e+00  1.15e+02 2.96e+00 2.06e+00  8.01e-01 1.78e-01      0s
  25  -1.01322177e+00 -7.35765056e+00  1.94e-16 3.32e-15  6.34e+00  1.10e+02 3.62e+00 2.06e+00  7.94e-01 1.73e-01      0s
  26  -1.33268868e+00 -6.70781529e+00  1.94e-16 3.58e-15  5.38e+00  1.05e+02 4.39e+00 2.06e+00  7.90e-01 1.70e-01      0s
  27  -1.62827216e+00 -6.18855940e+00  4.74e-16 3.33e-15  4.56e+00  1.01e+02 5.32e+00 2.06e+00  7.89e-01 1.68e-01      0s
  28  -1.90501758e+00 -5.76559865e+00  8.92e-16 3.01e-15  3.86e+00  9.55e+01 6.43e+00 2.06e+00  7.91e-01 1.70e-01      0s
  29  -2.16764878e+00 -5.41519007e+00  4.65e-16 2.69e-15  3.25e+00  9.01e+01 7.79e+00 2.06e+00  7.98e-01 1.76e-01      0s
  30  -2.42200899e+00 -5.11864586e+00  4.74e-16 2.19e-15  2.70e+00  8.45e+01 9.52e+00 2.06e+00  8.12e-01 1.88e-01      0s
  31  -2.67317308e+00 -4.86311776e+00  8.95e-16 2.98e-15  2.19e+00  7.85e+01 1.18e+01 2.07e+00  8.34e-01 2.09e-01      0s
  32  -2.92692632e+00 -4.63838548e+00  4.45e-16 1.84e-15  1.71e+00  7.23e+01 1.50e+01 2.07e+00  8.65e-01 2.43e-01      0s
  33  -3.18991861e+00 -4.43633928e+00  4.48e-16 2.91e-15  1.25e+00  6.58e+01 1.98e+01 2.07e+00  9.08e-01 3.02e-01      0s
  34  -3.46922022e+00 -4.25104737e+00  0.00e+00 2.39e-15  7.82e-01  5.91e+01 2.81e+01 2.07e+00  9.67e-01 4.14e-01      0s
  35  -3.77230491e+00 -4.07829402e+00  1.39e-16 1.44e-15  3.06e-01  5.23e+01 4.66e+01 2.07e+00  1.00e+00 6.76e-01      1s
  36  -3.95734446e+00 -3.98794338e+00  8.92e-16 1.24e-15  3.06e-02  4.53e+01 1.24e+02 2.08e+00  1.00e+00 1.00e+00      1s
  37  -3.97399591e+00 -3.97705580e+00  4.97e-16 1.43e-15  3.06e-03  5.23e+01 1.13e+03 2.10e+00  1.00e+00 1.00e+00      1s
  38  -3.97541516e+00 -3.97572114e+00  4.85e-16 1.12e-15  3.06e-04  6.16e+01 1.02e+04 2.11e+00  1.00e+00 1.00e+00      1s
  39  -3.97555329e+00 -3.97558389e+00  1.34e-15 5.26e-16  3.06e-05  6.32e+01 1.01e+05 2.11e+00  1.00e+00 1.00e+00      1s

The algorithm stopped after 40 iterations in 0.50 seconds.

Primal variables:   [+0.000002 +4.961015 +0.000002 +0.623100]
Dual slacks:        [+3.680073 +0.000002 +3.384853 +0.000012]
Dual variables:     [-9.718873 +2.354570]

Primal objective:   -3.97555329e+00
Dual objective:     -3.97558389e+00

Primal residual:    1.34e-15
Dual residual:      5.26e-16
Complementraty:     3.06e-05

Number of Iter:     40
Run time:           0.50
