
--------------- Linear optimization problem characteristics ---------------
Seed:                    96
Number of variables:     4
Number of constraints:   2

Norm of primal sol:      5.00e+00
Norm of dual sol:        1.00e+01
Norm of dual slacks:     5.00e+00

Norm of vector b:        3.41e+00
Norm of vector c:        1.12e+01

Norm of matrix A:        1.00e+00
Condition number:        1.00e+00

----------------------- Linear optimization problem -----------------------
Coeff matrix A:          [[-0.411 +0.379 -0.390 +0.732]
                          [+0.852 +0.350 -0.377 +0.097]]

RHS vector b:            [+3.085 +1.456]
Obj vector c:            [-9.452 +2.453 +4.798 +2.634]

---------------------------- Optimal solution -----------------------------
Primal variables:         [+1.155 +0.000 +0.000 +4.865]
Dual slacks:              [+0.000 +3.719 +3.342 +0.000]
Dual variables:           [+4.763 -8.793]

Optimal objective:       +1.89129875e+00
===========================================================================

Method:                  II-IPM
LO_Precision:            1.00e-04
Stop_Precision:          1.00e-08
LO_Verbosity:            2
Omega:                   1.00e+03

The Inexact Infeasible Interior-Point Method starts running ...


                  Objective                Residual                                               Step-length
Iter      Primal           Dual         Primal    Dual     Compl    Cond-Num  ||M||   ||RHS||    a-star   a-hat      Time
   0   4.34941632e+03 -1.36370302e+03  4.45e+02 9.17e+02  1.94e+06  1.00e+00 1.00e+00 1.07e+03  6.62e-01 5.42e-01      0s
   1   5.20580079e+03 -1.17452219e+03  3.77e+02 7.76e+02  1.66e+06  3.41e+00 2.99e+00 1.13e+03  7.25e-01 1.53e-01      0s
   2   6.11958562e+03 -9.68012887e+02  3.08e+02 6.35e+02  1.39e+06  4.07e+00 3.97e+00 1.45e+03  7.72e-01 1.82e-01      0s
   3   7.19286554e+03 -7.29579666e+02  2.32e+02 4.79e+02  1.07e+06  4.85e+00 5.48e+00 1.81e+03  8.25e-01 2.45e-01      0s
   4   8.51354946e+03 -4.55150207e+02  1.47e+02 3.04e+02  7.06e+05  5.83e+00 8.34e+00 2.26e+03  8.90e-01 3.66e-01      0s
   5   1.03042604e+04 -1.37823637e+02  4.74e+01 9.77e+01  2.48e+05  7.06e+00 1.55e+01 2.84e+03  9.50e-01 6.78e-01      0s
   6   1.14029354e+04 -8.83580346e+00  1.17e+00 2.41e+00  1.76e+04  8.57e+00 5.80e+01 3.54e+03  1.00e+00 9.75e-01      0s
   7   4.92087160e+03 -8.29752621e+00  1.20e-13 1.62e-15  4.93e+03  5.00e+00 7.31e+02 4.53e+02  1.00e+00 1.00e+00      0s
   8   4.84485765e+02 -8.43114752e+00  1.32e-13 1.99e-15  4.93e+02  4.29e+00 6.13e+02 2.67e+01  1.00e+00 1.00e+00      0s
   9   4.09169295e+01 -8.37476171e+00  1.05e-14 1.28e-15  4.93e+01  4.15e+00 6.42e+01 1.53e+00  1.00e+00 1.00e+00      0s
  10   1.10831826e+01 -7.17630777e+00  3.79e-15 6.38e-16  1.83e+01  4.41e+00 6.64e+00 3.17e+00  8.66e-01 7.00e-01      0s
  11   9.92963751e+00 -6.71215655e+00  3.14e-15 9.42e-16  1.66e+01  7.16e+00 3.43e+00 3.23e+00  6.39e-01 9.84e-02      0s
  12   9.08302566e+00 -6.29584784e+00  2.92e-15 1.28e-15  1.54e+01  7.80e+00 3.48e+00 3.21e+00  6.41e-01 8.43e-02      0s
  13   8.32033454e+00 -5.85550264e+00  2.92e-15 1.68e-15  1.42e+01  8.37e+00 3.56e+00 3.20e+00  6.47e-01 8.69e-02      0s
  14   7.62169999e+00 -5.38477232e+00  2.48e-15 1.60e-15  1.30e+01  8.94e+00 3.68e+00 3.19e+00  6.59e-01 9.17e-02      0s
  15   6.97198218e+00 -4.87668011e+00  2.05e-15 3.24e-15  1.18e+01  9.52e+00 3.85e+00 3.18e+00  6.75e-01 9.89e-02      0s
  16   6.35822745e+00 -4.32274969e+00  1.83e-15 1.02e-15  1.07e+01  1.01e+01 4.08e+00 3.17e+00  6.96e-01 1.09e-01      0s
  17   5.76802541e+00 -3.71196434e+00  1.55e-15 8.88e-16  9.48e+00  1.07e+01 4.39e+00 3.16e+00  7.25e-01 1.25e-01      0s
  18   5.18837833e+00 -3.02970194e+00  1.33e-15 9.69e-16  8.22e+00  1.12e+01 4.82e+00 3.16e+00  7.61e-01 1.48e-01      0s
  19   4.60498612e+00 -2.25729162e+00  1.20e-15 5.09e-16  6.86e+00  1.17e+01 5.44e+00 3.15e+00  8.07e-01 1.83e-01      0s
  20   3.99698537e+00 -1.36646378e+00  8.88e-16 1.63e-15  5.36e+00  1.21e+01 6.41e+00 3.14e+00  8.65e-01 2.43e-01      0s
  21   3.33576678e+00 -3.21233639e-01  8.01e-16 1.40e-15  3.66e+00  1.25e+01 8.13e+00 3.14e+00  9.39e-01 3.54e-01      0s
  22   2.56586470e+00  9.34817012e-01  9.93e-16 1.03e-15  1.63e+00  1.27e+01 1.19e+01 3.13e+00  1.00e+00 6.16e-01      0s
  23   1.98148880e+00  1.81838404e+00  1.40e-15 1.28e-15  1.63e-01  1.27e+01 2.75e+01 3.12e+00  1.00e+00 1.00e+00      0s
  24   1.89955193e+00  1.88324145e+00  4.44e-16 1.04e-15  1.63e-02  1.13e+01 3.44e+02 3.04e+00  1.00e+00 1.00e+00      0s
  25   1.89211412e+00  1.89048307e+00  4.44e-16 1.51e-15  1.63e-03  1.21e+01 3.22e+03 3.07e+00  1.00e+00 1.00e+00      0s
  26   1.89138030e+00  1.89121719e+00  4.97e-16 1.01e-15  1.63e-04  1.22e+01 3.19e+04 3.07e+00  1.00e+00 1.00e+00      0s
  27   1.89130690e+00  1.89129059e+00  6.28e-16 7.41e-16  1.63e-05  1.22e+01 3.19e+05 3.07e+00  1.00e+00 1.00e+00      0s

The algorithm stopped after 28 iterations in 0.28 seconds.

Primal variables:   [+1.155440 +0.000001 +0.000001 +4.864664]
Dual slacks:        [+0.000004 +3.719149 +3.341846 +0.000001]
Dual variables:     [+4.762900 -8.792887]

Primal objective:   1.89130690e+00 
Dual objective:     1.89129059e+00 

Primal residual:    6.28e-16
Dual residual:      7.41e-16
Complementraty:     1.63e-05

Number of Iter:     28
Run time:           0.28
