
--------------- Linear optimization problem characteristics ---------------
Seed:                    26
Number of variables:     4
Number of constraints:   2

Norm of primal sol:      5.00e+00
Norm of dual sol:        1.00e+01
Norm of dual slacks:     5.00e+00

Norm of vector b:        2.76e+00
Norm of vector c:        1.24e+01

Norm of matrix A:        1.00e+00
Condition number:        1.00e+00

----------------------- Linear optimization problem -----------------------
Coeff matrix A:          [[+0.782 +0.153 -0.339 +0.500]
                          [-0.326 -0.698 -0.151 +0.619]]

RHS vector b:            [-0.976 -2.580]
Obj vector c:            [+9.895 +5.666 -1.621 +4.496]

---------------------------- Optimal solution -----------------------------
Primal variables:         [+0.000 +2.800 +4.142 +0.000]
Dual slacks:              [+1.817 +0.000 +0.000 +4.658]
Dual variables:           [+7.649 -6.442]

Optimal objective:       +9.15146530e+00
===========================================================================

Method:                  IR-II-IPM
IR_Precision:            1.00e-04
LO_Precision:            1.00e-01
Stop_Precision:          1.00e-08
LO_Verbosity:            2
Omega:                   1.00e+03

The Iterative Refinement algorithm starts running ...


The Inexact Infeasible Interior-Point Method starts running ...


                  Objective                Residual                                               Step-length
Iter      Primal           Dual         Primal    Dual     Compl    Cond-Num  ||M||   ||RHS||    a-star   a-hat      Time
   0   9.09154888e+03 -2.52983331e+02  4.34e+02 7.03e+02  1.51e+06  1.00e+00 1.00e+00 1.34e+03  7.60e-01 6.47e-01      0s
   1   8.67976017e+03 -3.04291553e+02  3.85e+02 6.24e+02  1.35e+06  3.55e+00 2.35e+00 6.78e+02  6.35e-01 1.12e-01      0s
   2   8.37420353e+03 -3.38252160e+02  3.46e+02 5.60e+02  1.23e+06  4.11e+00 2.88e+00 8.60e+02  6.61e-01 1.02e-01      0s
   3   8.08540715e+03 -3.64292494e+02  3.06e+02 4.95e+02  1.10e+06  4.64e+00 3.47e+00 1.03e+03  6.87e-01 1.16e-01      0s
   4   7.81536090e+03 -3.79293997e+02  2.64e+02 4.28e+02  9.60e+05  5.28e+00 4.29e+00 1.23e+03  7.17e-01 1.36e-01      0s
   5   7.56855491e+03 -3.79020252e+02  2.21e+02 3.57e+02  8.15e+05  6.03e+00 5.50e+00 1.47e+03  7.53e-01 1.65e-01      0s
   6   7.35338403e+03 -3.57641740e+02  1.74e+02 2.83e+02  6.59e+05  6.91e+00 7.40e+00 1.76e+03  7.97e-01 2.09e-01      0s
   7   7.18616271e+03 -3.06556637e+02  1.25e+02 2.02e+02  4.85e+05  7.94e+00 1.07e+01 2.12e+03  8.51e-01 2.86e-01      0s
   8   7.10788173e+03 -2.11726296e+02  6.94e+01 1.13e+02  2.83e+05  9.14e+00 1.73e+01 2.56e+03  9.08e-01 4.43e-01      0s
   9   7.25244667e+03 -4.58302784e+01  6.21e+00 1.01e+01  3.37e+04  1.05e+01 3.72e+01 3.12e+03  9.57e-01 9.11e-01      0s
  10   6.39672712e+03 -8.85111288e+00  7.43e-13 3.48e-15  6.41e+03  1.29e+01 5.64e+02 2.33e+03  1.00e+00 1.00e+00      0s
  11   6.31994361e+02 -8.56346186e+00  1.54e-13 1.26e-15  6.41e+02  1.11e+01 1.65e+03 2.94e+01  1.00e+00 1.00e+00      0s
  12   5.59217276e+01 -8.13405472e+00  6.04e-15 8.90e-16  6.41e+01  1.07e+01 1.57e+02 4.68e+00  1.00e+00 1.00e+00      0s
  13   3.33035713e+01 -7.10889812e+00  4.44e-15 9.42e-16  4.04e+01  9.39e+00 1.25e+01 2.86e+00  8.02e-01 4.10e-01      0s
  14   3.00783283e+01 -6.66667853e+00  3.77e-15 8.90e-16  3.67e+01  8.46e+00 6.72e+00 2.72e+00  6.77e-01 1.01e-01      0s
  15   2.75339999e+01 -6.21966712e+00  3.02e-15 2.48e-16  3.38e+01  8.25e+00 5.92e+00 2.68e+00  6.56e-01 9.05e-02      0s
  16   2.54486254e+01 -5.76103623e+00  3.47e-15 1.42e-15  3.12e+01  8.06e+00 5.32e+00 2.65e+00  6.40e-01 8.37e-02      0s
  17   2.37005388e+01 -5.28744892e+00  3.14e-15 9.04e-16  2.90e+01  7.89e+00 4.85e+00 2.63e+00  6.27e-01 7.91e-02      0s
  18   2.22098776e+01 -4.79616475e+00  3.02e-15 1.28e-15  2.70e+01  7.74e+00 4.48e+00 2.61e+00  6.19e-01 7.60e-02      0s
  19   2.09175904e+01 -4.28331126e+00  2.84e-15 9.74e-16  2.52e+01  7.59e+00 4.19e+00 2.59e+00  6.14e-01 7.43e-02      0s
  20   1.97815587e+01 -3.74482931e+00  3.20e-15 1.28e-15  2.35e+01  7.45e+00 3.95e+00 2.57e+00  6.13e-01 7.38e-02      0s
  21   1.87701583e+01 -3.17602290e+00  2.05e-15 1.04e-15  2.19e+01  7.31e+00 3.76e+00 2.56e+00  6.16e-01 7.46e-02      0s
  22   1.78574494e+01 -2.57035202e+00  2.43e-15 1.37e-15  2.04e+01  7.16e+00 3.61e+00 2.55e+00  6.22e-01 7.69e-02      0s
  23   1.70253115e+01 -1.92168178e+00  2.13e-15 1.01e-15  1.89e+01  7.00e+00 3.49e+00 2.54e+00  6.31e-01 8.05e-02      0s
  24   1.62579423e+01 -1.22199877e+00  2.13e-15 1.22e-15  1.75e+01  6.82e+00 3.41e+00 2.53e+00  6.45e-01 8.60e-02      0s
  25   1.55399941e+01 -4.59693766e-01  2.05e-15 6.50e-16  1.60e+01  6.62e+00 3.36e+00 2.53e+00  6.64e-01 9.41e-02      0s
  26   1.48599755e+01  3.76874489e-01  2.40e-15 6.30e-16  1.45e+01  6.38e+00 3.33e+00 2.52e+00  6.88e-01 1.05e-01      0s
  27   1.42043068e+01  1.30435608e+00  1.89e-15 9.16e-16  1.29e+01  6.11e+00 3.35e+00 2.51e+00  7.19e-01 1.21e-01      0s
  28   1.35564846e+01  2.34518240e+00  2.31e-15 8.90e-16  1.12e+01  5.77e+00 3.40e+00 2.51e+00  7.57e-01 1.45e-01      0s
  29   1.28945075e+01  3.52724238e+00  1.60e-15 6.66e-16  9.37e+00  5.35e+00 3.52e+00 2.50e+00  8.06e-01 1.83e-01      0s
  30   1.21797725e+01  4.88840904e+00  1.18e-15 6.87e-16  7.29e+00  4.80e+00 3.72e+00 2.50e+00  8.68e-01 2.46e-01      0s
  31   1.13311880e+01  6.47622643e+00  1.26e-15 6.87e-16  4.85e+00  4.03e+00 4.08e+00 2.50e+00  9.02e-01 3.71e-01      0s
  32   1.01308441e+01  8.33249544e+00  9.93e-16 7.45e-16  1.80e+00  2.90e+00 4.85e+00 2.50e+00  8.95e-01 7.00e-01      0s
  33   9.33987012e+00  8.96821352e+00  4.58e-16 1.61e-15  3.72e-01  1.50e+00 9.45e+00 2.46e+00  9.93e-01 8.81e-01      0s
  34   9.16648270e+00  9.12931704e+00  8.95e-16 1.27e-15  3.72e-02  4.87e+00 8.35e+01 2.36e+00  1.00e+00 1.00e+00      0s

The algorithm stopped after 35 iterations in 0.43 seconds.

Primal variables:   [+0.003 +2.798 +4.152 +0.002]
Dual slacks:        [+1.814 +0.003 +0.003 +4.651]
Dual variables:     [+7.656 -6.436]

Primal objective:   9.16648270e+00 
Dual objective:     9.12931704e+00 

Primal residual:    8.95e-16
Dual residual:      1.27e-15
Complementraty:     3.72e-02

Number of Iter:     35
Run time:           0.43

-------------------------------------------------------------------------------------------------------
                  Objective                Residual                        Step-length       
Iter      Primal           Dual         Primal    Dual     Compl    r error   r-bar    nabla     Time
   0   9.16648270e+00  9.12931704e+00  8.95e-16 0.00e+00  3.72e-02  3.72e-02 3.72e-02 3.20e+01     0s

The Inexact Infeasible Interior-Point Method starts running ...


                  Objective                Residual                                               Step-length
Iter      Primal           Dual         Primal    Dual     Compl    Cond-Num  ||M||   ||RHS||    a-star   a-hat      Time
   0   1.44618368e+05 -9.72247863e+03  4.16e+02 6.47e+02  1.51e+06  1.00e+00 1.00e+00 1.27e+03  7.76e-01 6.60e-01      0s
   1   1.43818773e+05 -1.25095415e+04  3.54e+02 5.51e+02  1.31e+06  3.21e+00 2.13e+00 7.11e+02  7.26e-01 1.48e-01      0s
   2   1.43447907e+05 -1.47291004e+04  2.99e+02 4.65e+02  1.12e+06  3.83e+00 2.67e+00 8.89e+02  7.83e-01 1.57e-01      0s
   3   1.43032577e+05 -1.66828298e+04  2.38e+02 3.69e+02  9.18e+05  4.53e+00 3.37e+00 1.06e+03  8.51e-01 2.05e-01      0s
   4   1.41573330e+05 -1.80325406e+04  1.67e+02 2.60e+02  6.79e+05  5.48e+00 4.52e+00 1.25e+03  9.52e-01 2.97e-01      0s
   5   1.34059490e+05 -1.79092862e+04  7.82e+01 1.22e+02  3.76e+05  6.83e+00 6.71e+00 1.42e+03  1.00e+00 5.32e-01      0s
   6   9.24495104e+04 -1.46719240e+04  2.51e-13 3.20e-14  1.07e+05  8.99e+00 1.26e+01 1.36e+03  1.00e+00 1.00e+00      0s
   7   1.01568035e+04 -1.34192546e+04  2.84e-14 4.26e-14  2.36e+04  1.04e+01 2.31e+01 6.00e+01  9.50e-01 8.67e-01      0s
   8   8.67583572e+03 -1.25157242e+04  2.01e-14 2.86e-14  2.12e+04  8.48e+00 4.15e+00 8.00e+01  6.18e-01 1.12e-01      0s
   9   7.82497444e+03 -1.18483107e+04  1.78e-14 2.01e-14  1.97e+04  8.20e+00 3.91e+00 7.97e+01  6.29e-01 7.96e-02      0s
  10   7.04198957e+03 -1.11285385e+04  2.84e-14 3.55e-15  1.82e+04  7.99e+00 3.80e+00 7.96e+01  6.42e-01 8.49e-02      0s
  11   6.31289988e+03 -1.03457444e+04  3.18e-14 2.47e-14  1.67e+04  7.75e+00 3.73e+00 7.94e+01  6.60e-01 9.25e-02      0s
  12   5.62609137e+03 -9.48773256e+03  2.93e-14 2.46e-14  1.51e+04  7.48e+00 3.69e+00 7.93e+01  6.83e-01 1.03e-01      0s
  13   4.96964390e+03 -8.53860456e+03  1.42e-14 1.43e-14  1.35e+04  7.17e+00 3.69e+00 7.92e+01  7.13e-01 1.18e-01      0s
  14   4.32921306e+03 -7.47618323e+03  2.27e-14 2.02e-14  1.18e+04  6.80e+00 3.74e+00 7.91e+01  7.49e-01 1.40e-01      0s
  15   3.68761552e+03 -6.27354774e+03  1.59e-14 2.14e-14  9.96e+03  6.34e+00 3.85e+00 7.91e+01  7.95e-01 1.74e-01      0s
  16   3.01572571e+03 -4.89199208e+03  2.84e-14 1.60e-14  7.91e+03  5.77e+00 4.05e+00 7.91e+01  8.53e-01 2.29e-01      0s
  17   2.25948790e+03 -3.28516530e+03  3.55e-15 1.47e-14  5.54e+03  5.00e+00 4.41e+00 7.92e+01  9.27e-01 3.32e-01      0s
  18   1.28046597e+03 -1.39583185e+03  1.59e-14 1.99e-15  2.68e+03  3.89e+00 5.14e+00 7.94e+01  9.23e-01 5.75e-01      0s
  19   3.44975897e+02 -2.14401004e+02  7.11e-15 7.12e-15  5.59e+02  2.13e+00 7.34e+00 7.96e+01  9.49e-01 8.79e-01      0s
  20   4.40067178e+01 -1.19309724e+01  2.13e-14 7.11e-15  5.59e+01  3.70e+00 5.50e+01 7.52e+01  1.00e+00 1.00e+00      0s
  21   2.54262808e+01  1.98325118e+01  0.00e+00 1.39e-17  5.59e+00  3.53e+00 3.54e+02 7.98e+01  1.00e+00 1.00e+00      0s
  22   2.29591699e+01  2.23997930e+01  0.00e+00 1.48e-17  5.59e-01  2.03e+00 3.09e+03 7.96e+01  1.00e+00 1.00e+00      0s
  23   2.27077854e+01  2.26518477e+01  1.59e-14 2.84e-14  5.59e-02  1.97e+00 3.09e+04 7.95e+01  1.00e+00 1.00e+00      0s

The algorithm stopped after 24 iterations in 0.23 seconds.

Primal variables:   [+0.000 +89.609 +132.553 +0.000]
Dual slacks:        [+58.158 +0.000 +0.000 +149.056]
Dual variables:     [-0.225 -0.189]

Primal objective:   2.27077854e+01 
Dual objective:     2.26518477e+01 

Primal residual:    1.59e-14
Dual residual:      2.84e-14
Complementraty:     5.59e-02

Number of Iter:     24
Run time:           0.23

-------------------------------------------------------------------------------------------------------
                  Objective                Residual                        Step-length       
Iter      Primal           Dual         Primal    Dual     Compl    r error   r-bar    nabla     Time
   1   9.15149261e+00  9.15143799e+00  4.97e-16 0.00e+00  5.46e-05  5.46e-05 3.13e-03 5.12e+02     1s

The Iterative Refinement algorithm stopped after 2 iterations in 0.66 seconds.

Primal objective:   9.15149261e+00 
Dual objective:     9.15143799e+00 

Primal residual:    4.97e-16
Dual residual:      0.00e+00
Complementraty:     5.46e-05

Primal variables:   [+0.000008 +2.800287 +4.142285 +0.000003]
Dual slacks:        [+1.817436 +0.000005 +0.000003 +4.657987]
Dual variables:     [+7.648850 -6.441667]

Number of Iter:     1
Run time:           0.66
