
--------------- Linear optimization problem characteristics ---------------
Seed:                    44
Number of variables:     4
Number of constraints:   2

Norm of primal sol:      5.00e+00
Norm of dual sol:        1.00e+01
Norm of dual slacks:     5.00e+00

Norm of vector b:        4.97e+00
Norm of vector c:        1.07e+01

Norm of matrix A:        1.00e+00
Condition number:        1.00e+00

----------------------- Linear optimization problem -----------------------
Coeff matrix A:          [[-0.037 +0.206 +0.936 +0.282]
                          [-0.127 -0.543 -0.132 +0.819]]

RHS vector b:            [+4.828 +1.189]
Obj vector c:            [+4.473 -4.334 -8.208 +2.797]

---------------------------- Optimal solution -----------------------------
Primal variables:         [+0.000 +0.000 +4.500 +2.179]
Dual slacks:              [+4.961 +0.623 +0.000 +0.000]
Dual variables:           [-7.899 +6.133]

Optimal objective:       -3.08468428e+01
===========================================================================

Method:                  II-IPM
LO_Precision:            1.00e-04
Stop_Precision:          1.00e-08
LO_Verbosity:            2
Omega:                   1.00e+03

The Inexact Infeasible Interior-Point Method starts running ...


                  Objective                Residual                                               Step-length
Iter      Primal           Dual         Primal    Dual     Compl    Cond-Num  ||M||   ||RHS||    a-star   a-hat      Time
   0   2.09127736e+03 -4.75375383e+03  4.94e+02 7.16e+02  1.53e+06  1.00e+00 1.00e+00 1.53e+03  7.56e-01 6.43e-01      0s
   1   2.89443002e+03 -5.60895436e+03  4.12e+02 5.97e+02  1.30e+06  5.15e+00 1.34e+00 3.08e+02  7.38e-01 1.66e-01      0s
   2   3.83650817e+03 -6.54245866e+03  3.25e+02 4.70e+02  1.04e+06  5.87e+00 1.25e+00 2.29e+02  8.02e-01 2.13e-01      0s
   3   5.25703084e+03 -7.73210517e+03  2.10e+02 3.05e+02  7.01e+05  6.93e+00 1.16e+00 1.73e+02  8.35e-01 3.52e-01      0s
   4   7.71139699e+03 -9.03493137e+03  6.15e+01 8.91e+01  2.29e+05  1.00e+01 1.08e+00 1.80e+02  8.36e-01 7.07e-01      0s
   5   7.92033896e+03 -9.67035704e+03  1.70e+01 2.47e+01  7.73e+04  8.43e+01 2.41e+00 5.55e+02  8.34e-01 7.23e-01      0s
   6   6.45529218e+03 -1.02172225e+04  1.16e+01 1.68e+01  5.58e+04  7.60e+02 4.95e+00 3.62e+02  9.61e-01 3.19e-01      0s
   7   4.22962538e+03 -1.03566130e+04  5.18e+00 7.51e+00  3.03e+04  9.39e+02 4.42e+00 2.24e+02  1.00e+00 5.53e-01      0s
   8   1.83577137e+03 -7.07910129e+03  5.63e-14 2.34e-13  8.91e+03  1.13e+03 3.35e+00 8.11e+01  1.00e+00 1.00e+00      0s
   9   1.62239577e+03 -2.46700496e+03  1.59e-13 1.51e-13  4.09e+03  1.01e+03 2.15e+00 7.93e+00  8.94e-01 6.01e-01      0s
  10   1.51490957e+03 -2.02646298e+03  1.23e-13 1.19e-13  3.54e+03  6.15e+02 3.32e+00 6.90e+00  7.58e-01 1.49e-01      0s
  11   1.40537512e+03 -1.68955594e+03  8.74e-14 1.01e-13  3.09e+03  5.07e+02 3.35e+00 6.69e+00  7.49e-01 1.40e-01      0s
  12   1.29104171e+03 -1.41699713e+03  8.01e-14 8.65e-14  2.71e+03  4.11e+02 3.32e+00 6.48e+00  7.47e-01 1.39e-01      0s
  13   1.17151560e+03 -1.19183367e+03  6.57e-14 7.86e-14  2.36e+03  3.26e+02 3.22e+00 6.28e+00  7.51e-01 1.41e-01      0s
  14   1.04681855e+03 -1.00323061e+03  4.80e-14 7.33e-14  2.05e+03  2.51e+02 3.07e+00 6.08e+00  7.60e-01 1.47e-01      0s
  15   9.17213905e+02 -8.43585708e+02  3.73e-14 6.55e-14  1.76e+03  1.87e+02 2.87e+00 5.89e+00  7.73e-01 1.57e-01      0s
  16   7.83779948e+02 -7.07894113e+02  3.74e-14 5.18e-14  1.49e+03  1.34e+02 2.63e+00 5.69e+00  7.90e-01 1.70e-01      0s
  17   6.48214811e+02 -5.92367999e+02  3.39e-14 5.04e-14  1.24e+03  9.27e+01 2.34e+00 5.50e+00  8.11e-01 1.87e-01      0s
  18   5.13107738e+02 -4.94098263e+02  2.18e-14 3.06e-14  1.01e+03  6.09e+01 2.03e+00 5.32e+00  8.34e-01 2.09e-01      0s
  19   3.81998917e+02 -4.10551664e+02  1.79e-14 2.25e-14  7.93e+02  3.79e+01 1.71e+00 5.15e+00  8.60e-01 2.37e-01      0s
  20   2.57504094e+02 -3.37924140e+02  1.17e-14 1.60e-14  5.95e+02  2.24e+01 1.39e+00 5.01e+00  8.91e-01 2.76e-01      0s
  21   1.40793788e+02 -2.69956950e+02  5.62e-15 1.04e-14  4.11e+02  1.27e+01 1.11e+00 4.88e+00  8.37e-01 3.45e-01      0s
  22   2.83218156e+01 -1.89621651e+02  3.23e-15 6.42e-15  2.18e+02  7.46e+00 9.37e-01 4.78e+00  7.73e-01 5.22e-01      0s
  23  -4.07701996e+00 -1.32251065e+02  6.66e-16 5.69e-15  1.28e+02  6.28e+00 1.11e+00 4.72e+00  7.65e-01 4.58e-01      0s
  24  -1.11769417e+01 -1.05613842e+02  9.16e-16 2.04e-15  9.44e+01  6.75e+00 1.67e+00 4.68e+00  9.02e-01 2.92e-01      0s
  25  -1.80193695e+01 -7.41628290e+01  1.11e-15 3.35e-15  5.61e+01  6.70e+00 2.16e+00 4.65e+00  9.82e-01 4.51e-01      0s
  26  -2.44489273e+01 -3.83241930e+01  2.84e-15 1.61e-15  1.39e+01  6.35e+00 3.34e+00 4.63e+00  9.81e-01 8.37e-01      0s
  27  -2.48070804e+01 -3.73004990e+01  1.60e-15 2.20e-15  1.25e+01  4.07e+00 9.68e+00 4.52e+00  6.64e-01 1.11e-01      0s
  28  -2.50984697e+01 -3.66067748e+01  1.26e-15 1.91e-15  1.15e+01  3.60e+00 9.98e+00 4.50e+00  6.49e-01 8.76e-02      0s
  29  -2.53855866e+01 -3.60199357e+01  1.99e-15 3.54e-15  1.06e+01  3.21e+00 1.01e+01 4.48e+00  6.41e-01 8.44e-02      0s
  30  -2.56745483e+01 -3.55123603e+01  1.79e-15 2.91e-15  9.84e+00  2.84e+00 1.02e+01 4.47e+00  6.38e-01 8.32e-02      0s
  31  -2.59695055e+01 -3.50667118e+01  1.42e-15 1.81e-15  9.10e+00  2.47e+00 1.02e+01 4.45e+00  6.39e-01 8.36e-02      0s
  32  -2.62758409e+01 -3.46680222e+01  9.93e-16 1.10e-15  8.39e+00  2.13e+00 1.01e+01 4.44e+00  6.45e-01 8.61e-02      0s
  33  -2.65977161e+01 -3.43066406e+01  1.11e-15 1.27e-15  7.71e+00  1.82e+00 9.95e+00 4.42e+00  6.56e-01 9.05e-02      0s
  34  -2.69409189e+01 -3.39733446e+01  9.16e-16 1.95e-15  7.03e+00  1.54e+00 9.79e+00 4.40e+00  6.72e-01 9.75e-02      0s
  35  -2.73124816e+01 -3.36599310e+01  9.93e-16 2.07e-15  6.35e+00  1.33e+00 9.78e+00 4.38e+00  6.94e-01 1.08e-01      0s
  36  -2.77202846e+01 -3.33589865e+01  9.16e-16 1.64e-15  5.64e+00  1.33e+00 1.06e+01 4.35e+00  7.23e-01 1.24e-01      0s
  37  -2.81763768e+01 -3.30603816e+01  8.88e-16 1.36e-15  4.88e+00  1.64e+00 1.27e+01 4.33e+00  7.62e-01 1.49e-01      1s
  38  -2.86968317e+01 -3.27497706e+01  1.79e-15 2.06e-15  4.05e+00  2.26e+00 1.63e+01 4.30e+00  8.13e-01 1.89e-01      1s
  39  -2.93085525e+01 -3.23975926e+01  9.16e-16 4.94e-16  3.09e+00  3.41e+00 2.24e+01 4.27e+00  8.55e-01 2.64e-01      1s
  40  -3.00597706e+01 -3.19235131e+01  8.88e-16 1.06e-15  1.86e+00  5.81e+00 3.42e+01 4.23e+00  8.17e-01 4.41e-01      1s
  41  -3.05778121e+01 -3.14154288e+01  9.93e-16 3.97e-16  8.38e-01  1.21e+01 6.75e+01 4.18e+00  8.26e-01 6.12e-01      1s
  42  -3.06990561e+01 -3.11702098e+01  9.16e-16 9.39e-16  4.71e-01  1.93e+01 1.56e+02 4.20e+00  9.95e-01 4.86e-01      1s
  43  -3.08292358e+01 -3.08763512e+01  1.79e-15 2.73e-16  4.71e-02  1.91e+01 2.65e+02 4.24e+00  1.00e+00 1.00e+00      1s
  44  -3.08445188e+01 -3.08492303e+01  9.93e-16 1.18e-15  4.71e-03  8.54e+00 1.61e+03 4.50e+00  1.00e+00 1.00e+00      1s
  45  -3.08466076e+01 -3.08470788e+01  8.88e-16 1.27e-15  4.71e-04  5.57e+00 1.56e+04 4.48e+00  1.00e+00 1.00e+00      1s
  46  -3.08468193e+01 -3.08468664e+01  4.44e-16 1.15e-15  4.71e-05  5.39e+00 1.55e+05 4.48e+00  1.00e+00 1.00e+00      1s

The algorithm stopped after 47 iterations in 0.56 seconds.

Primal variables:   [+0.000002 +0.000019 +4.500336 +2.178751]
Dual slacks:        [+4.961065 +0.622751 +0.000003 +0.000005]
Dual variables:     [-7.898598 +6.132874]

Primal objective:   -3.08468193e+01
Dual objective:     -3.08468664e+01

Primal residual:    4.44e-16
Dual residual:      1.15e-15
Complementraty:     4.71e-05

Number of Iter:     47
Run time:           0.56
