
--------------- Linear optimization problem characteristics ---------------
Seed:                    39
Number of variables:     4
Number of constraints:   2

Norm of primal sol:      5.00e+00
Norm of dual sol:        1.00e+01
Norm of dual slacks:     5.00e+00

Norm of vector b:        4.46e+00
Norm of vector c:        1.21e+01

Norm of matrix A:        1.00e+00
Condition number:        1.00e+00

----------------------- Linear optimization problem -----------------------
Coeff matrix A:          [[+0.557 -0.518 +0.630 +0.155]
                          [-0.623 +0.085 +0.703 -0.334]]

RHS vector b:            [+2.889 -3.402]
Obj vector c:            [+3.897 -1.331 +11.402 +0.698]

---------------------------- Optimal solution -----------------------------
Primal variables:         [+4.880 +0.000 +0.000 +1.089]
Dual slacks:              [+0.000 +3.486 +3.584 +0.000]
Dual variables:           [+9.701 +2.427]

Optimal objective:       +1.97764134e+01
===========================================================================

Method:                  II-IPM
LO_Precision:            1.00e-04
Stop_Precision:          1.00e-08
LO_Verbosity:            2
Omega:                   1.00e+03

The Inexact Infeasible Interior-Point Method starts running ...


                  Objective                Residual                                               Step-length
Iter      Primal           Dual         Primal    Dual     Compl    Cond-Num  ||M||   ||RHS||    a-star   a-hat      Time
   0   1.08996395e+04 -1.78899910e+03  3.73e+02 8.86e+02  1.88e+06  1.00e+00 1.00e+00 9.14e+02  6.75e-01 5.55e-01      0s
   1   1.07549509e+04 -1.56277576e+03  3.10e+02 7.36e+02  1.59e+06  2.45e+00 2.80e+00 1.11e+03  7.49e-01 1.70e-01      0s
   2   1.06567055e+04 -1.28067111e+03  2.42e+02 5.75e+02  1.27e+06  2.78e+00 3.78e+00 1.43e+03  8.04e-01 2.18e-01      0s
   3   1.06295801e+04 -9.13181512e+02  1.65e+02 3.91e+02  8.91e+05  3.17e+00 5.48e+00 1.81e+03  8.69e-01 3.20e-01      0s
   4   1.07796804e+04 -4.21274187e+02  7.14e+01 1.70e+02  4.12e+05  3.66e+00 9.31e+00 2.30e+03  9.51e-01 5.66e-01      0s
   5   1.13051206e+04 -3.47387871e+00  2.11e-13 2.08e-14  1.13e+04  4.29e+00 2.54e+01 2.96e+03  1.00e+00 1.00e+00      0s
   6   1.12730791e+03 -3.55153828e+00  1.21e-13 5.44e-16  1.13e+03  1.80e+00 6.08e+02 4.54e+01  1.00e+00 1.00e+00      0s
   7   1.09899053e+02 -3.18689181e+00  2.00e-14 2.66e-15  1.13e+02  1.72e+00 5.95e+01 4.45e+00  1.00e+00 1.00e+00      0s
   8   3.29362197e+01  5.53834347e-01  4.91e-15 1.09e-15  3.24e+01  1.48e+00 5.03e+00 4.25e+00  9.06e-01 7.93e-01      0s
   9   3.12507855e+01  1.92233136e+00  4.02e-15 7.02e-16  2.93e+01  2.23e+00 1.48e+00 4.30e+00  6.83e-01 1.05e-01      0s
  10   2.98060303e+01  3.30552579e+00  4.02e-15 1.88e-15  2.65e+01  2.58e+00 1.50e+00 4.28e+00  6.92e-01 1.07e-01      0s
  11   2.85330186e+01  4.73231084e+00  3.11e-15 4.97e-16  2.38e+01  2.99e+00 1.55e+00 4.26e+00  7.03e-01 1.13e-01      0s
  12   2.74011192e+01  6.21257202e+00  3.11e-15 1.94e-15  2.12e+01  3.49e+00 1.62e+00 4.25e+00  7.19e-01 1.22e-01      0s
  13   2.63852703e+01  7.75806346e+00  2.66e-15 1.11e-15  1.86e+01  4.09e+00 1.73e+00 4.23e+00  7.40e-01 1.34e-01      0s
  14   2.54600786e+01  9.38891353e+00  2.22e-15 1.55e-15  1.61e+01  4.81e+00 1.88e+00 4.22e+00  7.67e-01 1.52e-01      0s
  15   2.46031564e+01  1.11262321e+01  1.83e-15 1.91e-15  1.35e+01  5.70e+00 2.10e+00 4.21e+00  8.02e-01 1.79e-01      0s
  16   2.37811837e+01  1.30099728e+01  1.33e-15 1.84e-15  1.08e+01  6.85e+00 2.42e+00 4.20e+00  8.47e-01 2.23e-01      1s
  17   2.29416542e+01  1.50934574e+01  8.88e-16 2.42e-15  7.85e+00  8.50e+00 2.95e+00 4.18e+00  9.08e-01 3.02e-01      1s
  18   2.19377299e+01  1.74868461e+01  4.44e-16 4.58e-16  4.45e+00  1.15e+01 4.03e+00 4.17e+00  8.87e-01 4.81e-01      1s
  19   2.07449001e+01  1.92824634e+01  8.88e-16 8.95e-16  1.46e+00  2.21e+01 7.89e+00 4.14e+00  8.42e-01 7.46e-01      1s
  20   2.02164113e+01  1.94244339e+01  1.99e-15 1.04e-15  7.92e-01  2.60e+02 6.75e+01 3.73e+00  8.86e-01 5.09e-01      1s
  21   1.99111218e+01  1.95362025e+01  4.78e-15 9.14e-16  3.75e-01  1.05e+03 1.50e+02 3.67e+00  7.66e-01 5.85e-01      1s
  22   1.98903636e+01  1.95623670e+01  9.93e-16 1.46e-15  3.28e-01  3.60e+03 3.26e+02 3.69e+00  7.41e-01 1.39e-01      1s
  23   1.98708634e+01  1.95906434e+01  5.65e-15 2.60e-15  2.80e-01  3.87e+03 3.70e+02 3.70e+00  7.80e-01 1.62e-01      1s
  24   1.98514793e+01  1.96226639e+01  8.10e-15 1.72e-15  2.29e-01  4.09e+03 4.28e+02 3.71e+00  8.29e-01 2.04e-01      1s
  25   1.98316678e+01  1.96596305e+01  3.55e-15 1.81e-15  1.72e-01  4.25e+03 5.16e+02 3.72e+00  8.91e-01 2.76e-01      1s
  26   1.98105825e+01  1.97033884e+01  1.32e-14 7.46e-16  1.07e-01  4.33e+03 6.70e+02 3.74e+00  9.70e-01 4.19e-01      1s
  27   1.97866450e+01  1.97568652e+01  2.87e-14 1.56e-15  2.98e-02  4.23e+03 1.03e+03 3.77e+00  1.00e+00 8.02e-01      1s
  28   1.97778678e+01  1.97748898e+01  3.04e-14 6.93e-16  2.98e-03  3.29e+03 3.13e+03 3.87e+00  1.00e+00 1.00e+00      1s
  29   1.97765619e+01  1.97762641e+01  2.58e-14 4.44e-16  2.98e-04  1.31e+03 2.25e+04 4.02e+00  1.00e+00 1.00e+00      1s
  30   1.97764283e+01  1.97763985e+01  6.56e-15 7.87e-16  2.98e-05  1.26e+03 2.25e+05 4.02e+00  1.00e+00 1.00e+00      1s

The algorithm stopped after 31 iterations in 0.87 seconds.

Primal variables:   [+4.879949 +0.000002 +0.000002 +1.089076]
Dual slacks:        [+0.000002 +3.486053 +3.584295 +0.000007]
Dual variables:     [+9.701152 +2.426657]

Primal objective:   1.97764283e+01 
Dual objective:     1.97763985e+01 

Primal residual:    6.56e-15
Dual residual:      7.87e-16
Complementraty:     2.98e-05

Number of Iter:     31
Run time:           0.87
