
--------------- Linear optimization problem characteristics ---------------
Seed:                    57
Number of variables:     4
Number of constraints:   2

Norm of primal sol:      5.00e+00
Norm of dual sol:        1.00e+01
Norm of dual slacks:     5.00e+00

Norm of vector b:        2.43e+00
Norm of vector c:        6.76e+00

Norm of matrix A:        1.00e+00
Condition number:        1.00e+00

----------------------- Linear optimization problem -----------------------
Coeff matrix A:          [[-0.049 +0.537 -0.770 +0.340]
                          [+0.484 -0.210 -0.485 -0.698]]

RHS vector b:            [+2.426 -0.123]
Obj vector c:            [+2.332 +3.251 -5.107 +1.887]

---------------------------- Optimal solution -----------------------------
Primal variables:         [+1.772 +4.675 +0.000 +0.000]
Dual slacks:              [+0.000 +0.000 +3.988 +3.015]
Dual variables:           [+8.257 +5.641]

Optimal objective:       +1.93333343e+01
===========================================================================

Method:                  II-IPM
LO_Precision:            1.00e-04
Stop_Precision:          1.00e-08
LO_Verbosity:            2
Omega:                   1.00e+03

The Inexact Infeasible Interior-Point Method starts running ...


                  Objective                Residual                                               Step-length
Iter      Primal           Dual         Primal    Dual     Compl    Cond-Num  ||M||   ||RHS||    a-star   a-hat      Time
   0   3.16715866e+03 -1.42358668e+02  4.06e+02 8.92e+02  1.89e+06  1.00e+00 1.00e+00 1.00e+03  6.74e-01 5.54e-01      0s
   1   3.42901980e+03 -1.25711974e+02  3.51e+02 7.72e+02  1.65e+06  1.97e+00 2.48e+00 9.98e+02  7.14e-01 1.35e-01      0s
   2   3.73902710e+03 -1.04898047e+02  2.91e+02 6.40e+02  1.39e+06  2.20e+00 3.16e+00 1.27e+03  7.59e-01 1.71e-01      0s
   3   4.11765030e+03 -7.91733818e+01  2.23e+02 4.91e+02  1.10e+06  2.49e+00 4.26e+00 1.59e+03  8.14e-01 2.32e-01      0s
   4   4.60750134e+03 -4.73191497e+01  1.45e+02 3.20e+02  7.38e+05  2.84e+00 6.31e+00 2.00e+03  8.81e-01 3.49e-01      0s
   5   5.32593623e+03 -7.12890190e+00  5.08e+01 1.12e+02  2.77e+05  3.29e+00 1.13e+01 2.54e+03  9.64e-01 6.51e-01      0s
   6   5.98653858e+03  1.41023610e+01  5.08e-02 1.12e-01  6.27e+03  3.87e+00 3.89e+01 3.29e+03  1.00e+00 9.99e-01      0s
   7   8.87183076e+02  1.40311538e+01  6.58e-14 8.95e-16  8.73e+02  1.13e+00 1.04e+03 1.14e+02  1.00e+00 1.00e+00      0s
   8   1.01325589e+02  1.40103972e+01  1.96e-14 7.02e-16  8.73e+01  1.39e+00 2.03e+02 1.46e+01  1.00e+00 1.00e+00      0s
   9   3.34074086e+01  1.42682376e+01  1.42e-15 5.44e-16  1.91e+01  1.21e+00 1.75e+01 2.52e+00  1.00e+00 8.68e-01      0s
  10   3.10015659e+01  1.44945891e+01  2.05e-15 3.33e-16  1.65e+01  1.77e+00 4.52e+00 2.33e+00  7.67e-01 1.53e-01      0s
  11   2.91586649e+01  1.47236524e+01  1.20e-15 9.16e-16  1.44e+01  2.04e+00 4.28e+00 2.30e+00  7.48e-01 1.39e-01      0s
  12   2.76777212e+01  1.49578987e+01  1.60e-15 6.66e-16  1.27e+01  2.35e+00 4.15e+00 2.28e+00  7.36e-01 1.32e-01      0s
  13   2.64491605e+01  1.51987425e+01  1.42e-15 8.08e-16  1.13e+01  2.70e+00 4.11e+00 2.26e+00  7.30e-01 1.28e-01      0s
  14   2.54026824e+01  1.54479591e+01  1.20e-15 8.08e-16  9.95e+00  3.11e+00 4.15e+00 2.25e+00  7.30e-01 1.28e-01      0s
  15   2.44937673e+01  1.57070132e+01  9.93e-16 9.42e-16  8.79e+00  3.59e+00 4.26e+00 2.24e+00  7.34e-01 1.30e-01      0s
  16   2.36907945e+01  1.59779104e+01  1.26e-15 1.48e-15  7.71e+00  4.16e+00 4.44e+00 2.23e+00  7.42e-01 1.36e-01      0s
  17   2.29728183e+01  1.62625917e+01  9.93e-16 9.99e-16  6.71e+00  4.83e+00 4.72e+00 2.22e+00  7.56e-01 1.44e-01      0s
  18   2.23252400e+01  1.65633298e+01  4.44e-16 1.03e-15  5.76e+00  5.64e+00 5.12e+00 2.21e+00  7.74e-01 1.57e-01      0s
  19   2.17369039e+01  1.68834807e+01  6.66e-16 1.32e-15  4.85e+00  6.63e+00 5.69e+00 2.21e+00  7.97e-01 1.75e-01      0s
  20   2.12015407e+01  1.72265382e+01  4.44e-16 1.38e-15  3.98e+00  7.83e+00 6.49e+00 2.21e+00  8.26e-01 2.01e-01      0s
  21   2.07144027e+01  1.75976441e+01  0.00e+00 1.16e-15  3.12e+00  9.28e+00 7.68e+00 2.20e+00  8.63e-01 2.40e-01      0s
  22   2.02715048e+01  1.80047965e+01  2.22e-16 5.98e-16  2.27e+00  1.10e+01 9.55e+00 2.20e+00  9.09e-01 3.03e-01      0s
  23   1.98711742e+01  1.84588360e+01  9.49e-16 7.99e-16  1.41e+00  1.32e+01 1.29e+01 2.20e+00  9.70e-01 4.19e-01      0s
  24   1.95132066e+01  1.89769466e+01  1.34e-15 1.32e-15  5.36e-01  1.57e+01 2.04e+01 2.19e+00  1.00e+00 6.89e-01      0s
  25   1.93527354e+01  1.92991094e+01  5.55e-16 1.27e-15  5.36e-02  1.91e+01 5.32e+01 2.19e+00  1.00e+00 1.00e+00      0s
  26   1.93359360e+01  1.93305734e+01  1.11e-15 1.32e-15  5.36e-03  1.92e+01 5.43e+02 2.19e+00  1.00e+00 1.00e+00      0s
  27   1.93336017e+01  1.93330654e+01  8.88e-16 4.97e-16  5.36e-04  1.35e+01 5.52e+03 2.19e+00  1.00e+00 1.00e+00      0s
  28   1.93333611e+01  1.93333075e+01  1.05e-15 3.15e-16  5.36e-05  1.30e+01 5.55e+04 2.19e+00  1.00e+00 1.00e+00      0s

The algorithm stopped after 29 iterations in 0.28 seconds.

Primal variables:   [+1.771993 +4.675480 +0.000003 +0.000004]
Dual slacks:        [+0.000008 +0.000003 +3.988371 +3.015413]
Dual variables:     [+8.256793 +5.641363]

Primal objective:   1.93333611e+01 
Dual objective:     1.93333075e+01 

Primal residual:    1.05e-15
Dual residual:      3.15e-16
Complementraty:     5.36e-05

Number of Iter:     29
Run time:           0.28
