
--------------- Linear optimization problem characteristics ---------------
Seed:                    2
Number of variables:     4
Number of constraints:   2

Norm of primal sol:      5.00e+00
Norm of dual sol:        1.00e+01
Norm of dual slacks:     5.00e+00

Norm of vector b:        2.57e+00
Norm of vector c:        1.42e+01

Norm of matrix A:        1.00e+00
Condition number:        1.00e+00

----------------------- Linear optimization problem -----------------------
Coeff matrix A:          [[-0.526 -0.721 +0.451 +0.019]
                          [-0.611 +0.083 -0.601 +0.509]]

RHS vector b:            [-0.121 +2.564]
Obj vector c:            [+10.872 +2.316 +7.439 -4.685]

---------------------------- Optimal solution -----------------------------
Primal variables:         [+0.000 +0.297 +0.000 +4.991]
Dual slacks:              [+3.107 +0.000 +3.917 +0.000]
Dual variables:           [-4.249 -9.053]

Optimal objective:       -2.26957516e+01
===========================================================================

Method:                  IR-II-IPM
IR_Precision:            1.00e-04
LO_Precision:            1.00e-03
Stop_Precision:          1.00e-08
LO_Verbosity:            2
Omega:                   1.00e+03

The Iterative Refinement algorithm starts running ...


The Inexact Infeasible Interior-Point Method starts running ...


                  Objective                Residual                                               Step-length
Iter      Primal           Dual         Primal    Dual     Compl    Cond-Num  ||M||   ||RHS||    a-star   a-hat      Time
   0   9.11743592e+03  1.00086313e+03  3.80e+02 7.61e+02  1.62e+06  1.00e+00 1.00e+00 1.08e+03  7.34e-01 6.18e-01      0s
   1   8.71446982e+03  8.75264089e+02  3.20e+02 6.41e+02  1.39e+06  3.12e+00 3.39e+00 9.41e+02  7.31e-01 1.58e-01      0s
   2   8.36173380e+03  7.34270651e+02  2.61e+02 5.22e+02  1.15e+06  3.54e+00 4.52e+00 1.19e+03  7.74e-01 1.85e-01      0s
   3   8.03939340e+03  5.66783300e+02  1.97e+02 3.95e+02  8.93e+05  3.99e+00 6.28e+00 1.47e+03  8.24e-01 2.44e-01      0s
   4   7.77261454e+03  3.65962764e+02  1.27e+02 2.54e+02  5.96e+05  4.50e+00 9.57e+00 1.82e+03  8.86e-01 3.57e-01      0s
   5   7.64585685e+03  1.17910820e+02  4.57e+01 9.14e+01  2.31e+05  5.06e+00 1.76e+01 2.26e+03  9.34e-01 6.40e-01      0s
   6   7.88487767e+03 -2.81740623e+01  3.19e-01 6.38e-01  9.58e+03  5.66e+00 6.01e+01 2.78e+03  1.00e+00 9.93e-01      0s
   7   2.13994696e+03 -2.84903666e+01  1.61e-13 1.78e-15  2.17e+03  5.77e+00 1.60e+03 4.00e+02  1.00e+00 1.00e+00      0s
   8   1.88461436e+02 -2.83822960e+01  6.66e-14 5.55e-16  2.17e+02  5.42e+00 5.00e+02 3.28e+01  1.00e+00 1.00e+00      0s
   9  -5.82421941e+00 -2.80934854e+01  1.34e-14 9.42e-16  2.23e+01  5.11e+00 4.76e+01 4.93e+00  1.00e+00 9.97e-01      0s
  10  -1.14453284e+01 -2.75847147e+01  9.18e-15 8.95e-16  1.61e+01  5.11e+00 4.84e+00 2.73e+00  9.03e-01 3.06e-01      0s
  11  -1.45104035e+01 -2.71391691e+01  6.79e-15 5.09e-16  1.26e+01  5.84e+00 3.88e+00 2.63e+00  8.64e-01 2.42e-01      0s
  12  -1.64775804e+01 -2.67426694e+01  5.54e-15 1.26e-15  1.03e+01  7.13e+00 3.51e+00 2.57e+00  8.33e-01 2.08e-01      0s
  13  -1.78177672e+01 -2.63943618e+01  4.14e-15 0.00e+00  8.58e+00  9.07e+00 3.41e+00 2.53e+00  8.06e-01 1.83e-01      0s
  14  -1.87707237e+01 -2.60895908e+01  3.19e-15 3.14e-16  7.32e+00  1.18e+01 3.45e+00 2.50e+00  7.81e-01 1.63e-01      0s
  15  -1.94726637e+01 -2.58215656e+01  3.06e-15 6.87e-16  6.35e+00  1.53e+01 3.59e+00 2.48e+00  7.60e-01 1.47e-01      0s
  16  -2.00051541e+01 -2.55834020e+01  2.21e-15 1.12e-15  5.58e+00  1.96e+01 3.79e+00 2.47e+00  7.41e-01 1.35e-01      0s
  17  -2.04213284e+01 -2.53679300e+01  2.11e-15 1.79e-15  4.95e+00  2.48e+01 4.04e+00 2.46e+00  7.26e-01 1.26e-01      0s
  18  -2.07548613e+01 -2.51693518e+01  1.68e-15 6.28e-16  4.41e+00  3.09e+01 4.33e+00 2.45e+00  7.15e-01 1.20e-01      0s
  19  -2.10284548e+01 -2.49826974e+01  2.00e-15 1.19e-15  3.95e+00  3.77e+01 4.67e+00 2.44e+00  7.08e-01 1.16e-01      0s
  20  -2.12580436e+01 -2.48035205e+01  1.17e-15 1.07e-15  3.55e+00  4.52e+01 5.05e+00 2.44e+00  7.07e-01 1.15e-01      0s
  21  -2.14550466e+01 -2.46277584e+01  1.08e-15 1.19e-15  3.17e+00  5.34e+01 5.49e+00 2.43e+00  7.10e-01 1.17e-01      0s
  22  -2.16274725e+01 -2.44519290e+01  1.43e-15 5.27e-16  2.82e+00  6.20e+01 6.00e+00 2.43e+00  7.20e-01 1.22e-01      0s
  23  -2.17818448e+01 -2.42721314e+01  1.40e-15 1.04e-15  2.49e+00  7.09e+01 6.62e+00 2.42e+00  7.36e-01 1.31e-01      0s
  24  -2.19232376e+01 -2.40843662e+01  1.38e-15 3.89e-16  2.16e+00  7.98e+01 7.40e+00 2.42e+00  7.59e-01 1.47e-01      0s
  25  -2.20561986e+01 -2.38838821e+01  5.47e-16 5.39e-16  1.83e+00  8.86e+01 8.41e+00 2.42e+00  7.92e-01 1.71e-01      0s
  26  -2.21854179e+01 -2.36645350e+01  9.35e-16 1.13e-15  1.48e+00  9.67e+01 9.84e+00 2.41e+00  8.37e-01 2.12e-01      0s
  27  -2.23168393e+01 -2.34175251e+01  9.01e-16 7.39e-16  1.10e+00  1.04e+02 1.20e+01 2.41e+00  8.97e-01 2.84e-01      0s
  28  -2.24592282e+01 -2.31305561e+01  4.49e-16 1.02e-15  6.71e-01  1.08e+02 1.61e+01 2.40e+00  9.76e-01 4.33e-01      0s
  29  -2.26317650e+01 -2.27825758e+01  4.45e-16 1.56e-15  1.51e-01  1.09e+02 2.63e+01 2.40e+00  1.00e+00 8.62e-01      0s
  30  -2.26877374e+01 -2.27028184e+01  4.45e-16 7.63e-16  1.51e-02  9.70e+01 1.25e+02 2.38e+00  1.00e+00 1.00e+00      0s
  31  -2.26949956e+01 -2.26965037e+01  4.16e-17 1.02e-15  1.51e-03  1.09e+02 1.63e+03 2.32e+00  1.00e+00 1.00e+00      0s
  32  -2.26956762e+01 -2.26958270e+01  4.16e-17 1.40e-15  1.51e-04  1.38e+02 1.70e+04 2.31e+00  1.00e+00 1.00e+00      0s

The algorithm stopped after 33 iterations in 0.34 seconds.

Primal variables:   [+0.00001 +0.29725 +0.00001 +4.99118]
Dual slacks:        [+3.10730 +0.00013 +3.91720 +0.00001]
Dual variables:     [-4.24861 -9.05253]

Primal objective:   -2.26956762e+01
Dual objective:     -2.26958270e+01

Primal residual:    4.16e-17
Dual residual:      1.40e-15
Complementraty:     1.51e-04

Number of Iter:     33
Run time:           0.34

-------------------------------------------------------------------------------------------------------
                  Objective                Residual                        Step-length       
Iter      Primal           Dual         Primal    Dual     Compl    r error   r-bar    nabla     Time
   0  -2.26956762e+01 -2.26958270e+01  4.16e-17 0.00e+00  1.51e-04  1.51e-04 1.00e-03 1.02e+03     0s

The Inexact Infeasible Interior-Point Method starts running ...


                  Objective                Residual                                               Step-length
Iter      Primal           Dual         Primal    Dual     Compl    Cond-Num  ||M||   ||RHS||    a-star   a-hat      Time
   0   1.15857120e+06 -8.27311634e+05  2.35e+03 2.83e+03  2.02e+06  1.00e+00 1.00e+00 1.36e+03  3.45e-01 2.90e-01      0s
   1   1.07342590e+06 -5.62134291e+05  2.31e+03 2.78e+03  1.98e+06  1.55e+00 5.24e-01 2.02e+03  2.25e-01 1.74e-02      0s
   2   9.81568063e+05 -2.51048446e+05  2.26e+03 2.71e+03  1.93e+06  1.42e+00 5.18e-01 2.00e+03  2.31e-01 2.24e-02      0s
   3   8.21919231e+05  3.29832469e+05  2.15e+03 2.58e+03  1.82e+06  1.26e+00 5.15e-01 1.95e+03  2.35e-01 4.83e-02      0s
   4   3.39977862e+05  2.16379667e+06  1.66e+03 2.00e+03  9.37e+05  1.23e+00 5.85e-01 1.80e+03  2.53e-01 2.26e-01      0s
   5   3.22469309e+05  2.07912867e+06  1.59e+03 1.91e+03  8.98e+05  1.93e+01 8.48e+00 5.97e+03  4.16e-01 4.50e-02      0s
   6   3.09696150e+05  2.01239983e+06  1.53e+03 1.84e+03  8.69e+05  2.34e+01 1.02e+01 7.22e+03  4.49e-01 3.54e-02      0s
   7   2.95905535e+05  1.93684238e+06  1.47e+03 1.77e+03  8.37e+05  2.68e+01 1.16e+01 8.19e+03  4.73e-01 4.04e-02      0s
   8   2.80968150e+05  1.85120758e+06  1.40e+03 1.68e+03  8.02e+05  3.10e+01 1.34e+01 9.30e+03  5.01e-01 4.65e-02      0s
   9   2.64703098e+05  1.75385472e+06  1.33e+03 1.59e+03  7.62e+05  3.63e+01 1.56e+01 1.06e+04  5.31e-01 5.42e-02      0s
  10   2.46958205e+05  1.64320560e+06  1.24e+03 1.49e+03  7.18e+05  4.30e+01 1.83e+01 1.21e+04  5.66e-01 6.39e-02      0s
  11   2.27538720e+05  1.51735224e+06  1.15e+03 1.38e+03  6.68e+05  5.16e+01 2.20e+01 1.38e+04  6.05e-01 7.63e-02      0s
  12   2.06254982e+05  1.37438305e+06  1.04e+03 1.25e+03  6.12e+05  6.30e+01 2.68e+01 1.59e+04  6.49e-01 9.25e-02      0s
  13   1.82887742e+05  1.21225583e+06  9.21e+02 1.11e+03  5.49e+05  7.84e+01 3.33e+01 1.83e+04  6.99e-01 1.14e-01      0s
  14   1.57309682e+05  1.02983596e+06  7.88e+02 9.47e+02  4.78e+05  9.95e+01 4.27e+01 2.11e+04  7.57e-01 1.44e-01      0s
  15   1.29415330e+05  8.26859981e+05  6.41e+02 7.70e+02  3.98e+05  1.29e+02 5.67e+01 2.43e+04  8.23e-01 1.87e-01      0s
  16   9.93379244e+04  6.06299043e+05  4.80e+02 5.76e+02  3.09e+05  1.73e+02 7.91e+01 2.79e+04  8.99e-01 2.52e-01      0s
  17   6.73668438e+04  3.75314705e+05  3.08e+02 3.70e+02  2.12e+05  2.37e+02 1.19e+02 3.15e+04  9.83e-01 3.58e-01      0s
  18   3.37195021e+04  1.47061605e+05  1.32e+02 1.59e+02  1.07e+05  3.33e+02 2.01e+02 3.45e+04  1.00e+00 5.71e-01      0s
  19   5.01845199e+03 -9.19957059e+03  3.21e-12 4.55e-13  1.42e+04  4.76e+02 4.60e+02 3.39e+04  1.00e+00 1.00e+00      0s
  20   7.95205408e+02 -6.26596849e+02  2.84e-14 2.67e-15  1.42e+03  4.83e+02 3.25e+03 2.18e+03  1.00e+00 1.00e+00      0s
  21   1.50157994e+02  7.97776870e+00  4.63e-13 7.08e-17  1.42e+02  1.37e+02 1.90e+04 2.37e+03  1.00e+00 1.00e+00      0s
  22   8.61688353e+01  7.19508128e+01  9.13e-13 4.55e-13  1.42e+01  1.39e+02 1.90e+05 2.37e+03  1.00e+00 1.00e+00      0s
  23   7.97706740e+01  7.83488718e+01  4.63e-13 4.55e-13  1.42e+00  1.40e+02 1.90e+06 2.37e+03  1.00e+00 1.00e+00      0s
  24   7.91308625e+01  7.89886823e+01  5.68e-14 6.43e-13  1.42e-01  1.40e+02 1.90e+07 2.37e+03  1.00e+00 1.00e+00      0s
  25   7.90668814e+01  7.90526634e+01  4.57e-13 6.43e-13  1.42e-02  1.40e+02 1.90e+08 2.37e+03  1.00e+00 1.00e+00      0s
  26   7.90604833e+01  7.90590615e+01  4.91e-13 4.55e-13  1.42e-03  1.40e+02 1.90e+09 2.37e+03  1.00e+00 1.00e+00      0s
  27   7.90598435e+01  7.90597013e+01  4.26e-14 4.55e-13  1.42e-04  1.40e+02 1.90e+10 2.37e+03  1.00e+00 1.00e+00      0s

The algorithm stopped after 28 iterations in 0.31 seconds.

Primal variables:   [+0.00000 +304.38938 +0.00000 +5110.94386]
Dual slacks:        [+3181.79042 +0.00000 +4011.31022 +0.00000]
Dual variables:     [-0.17755 +0.02173]

Primal objective:   7.90598435e+01 
Dual objective:     7.90597013e+01 

Primal residual:    4.26e-14
Dual residual:      4.55e-13
Complementraty:     1.42e-04

Number of Iter:     28
Run time:           0.31

-------------------------------------------------------------------------------------------------------
                  Objective                Residual                        Step-length       
Iter      Primal           Dual         Primal    Dual     Compl    r error   r-bar    nabla     Time
   1  -2.26957516e+01 -2.26957516e+01  4.16e-17 0.00e+00  1.36e-10  1.36e-10 9.77e-05 1.64e+04     1s

The Iterative Refinement algorithm stopped after 2 iterations in 0.65 seconds.

Primal objective:   -2.26957516e+01
Dual objective:     -2.26957516e+01

Primal residual:    4.16e-17
Dual residual:      0.00e+00
Complementraty:     1.36e-10

Primal variables:   [+0.000000 +0.297255 +0.000000 +4.991156]
Dual slacks:        [+3.107217 +0.000000 +3.917295 +0.000000]
Dual variables:     [-4.248785 -9.052504]

Number of Iter:     1
Run time:           0.65
