
--------------- Linear optimization problem characteristics ---------------
Seed:                    18
Number of variables:     4
Number of constraints:   2

Norm of primal sol:      5.00e+00
Norm of dual sol:        1.00e+01
Norm of dual slacks:     5.00e+00

Norm of vector b:        4.73e+00
Norm of vector c:        1.25e+01

Norm of matrix A:        1.00e+00
Condition number:        1.00e+00

----------------------- Linear optimization problem -----------------------
Coeff matrix A:          [[+0.159 +0.676 +0.688 -0.213]
                          [+0.279 +0.642 -0.556 +0.448]]

RHS vector b:            [+4.665 -0.810]
Obj vector c:            [+7.725 +9.226 +2.385 +2.200]

---------------------------- Optimal solution -----------------------------
Primal variables:         [+0.000 +2.493 +4.334 +0.000]
Dual slacks:              [+4.815 +0.000 +0.000 +1.346]
Dual variables:           [+8.153 +5.790]

Optimal objective:       +3.33404025e+01
===========================================================================

Method:                  II-IPM
LO_Precision:            1.00e-04
Stop_Precision:          1.00e-08
LO_Verbosity:            2
Omega:                   1.00e+03

The Inexact Infeasible Interior-Point Method starts running ...


                  Objective                Residual                                               Step-length
Iter      Primal           Dual         Primal    Dual     Compl    Cond-Num  ||M||   ||RHS||    a-star   a-hat      Time
   0   1.16810824e+04 -3.40583538e+03  6.55e+02 8.48e+02  1.81e+06  1.00e+00 1.00e+00 1.68e+03  6.93e-01 5.74e-01      0s
   1   1.07279292e+04 -3.81911932e+03  5.98e+02 7.74e+02  1.66e+06  4.76e+00 1.32e+00 4.60e+02  6.11e-01 8.63e-02      0s
   2   9.81658278e+03 -4.23134648e+03  5.45e+02 7.06e+02  1.53e+06  5.28e+00 1.29e+00 3.96e+02  6.34e-01 8.86e-02      0s
   3   8.85714172e+03 -4.68424763e+03  4.90e+02 6.35e+02  1.39e+06  5.80e+00 1.25e+00 3.39e+02  6.59e-01 1.01e-01      0s
   4   7.83957423e+03 -5.18808637e+03  4.33e+02 5.60e+02  1.24e+06  6.36e+00 1.19e+00 2.84e+02  6.89e-01 1.17e-01      0s
   5   6.75090338e+03 -5.75732500e+03  3.72e+02 4.82e+02  1.08e+06  6.98e+00 1.12e+00 2.30e+02  7.24e-01 1.41e-01      0s
   6   5.57313792e+03 -6.41380054e+03  3.07e+02 3.97e+02  9.08e+05  7.65e+00 1.02e+00 1.78e+02  7.66e-01 1.76e-01      0s
   7   4.28180429e+03 -7.19215736e+03  2.35e+02 3.05e+02  7.14e+05  8.40e+00 9.00e-01 1.29e+02  8.17e-01 2.32e-01      0s
   8   2.83853344e+03 -8.15614953e+03  1.56e+02 2.02e+02  4.89e+05  9.25e+00 7.37e-01 8.22e+01  8.80e-01 3.38e-01      0s
   9   1.16916967e+03 -9.45459766e+03  6.33e+01 8.19e+01  2.14e+05  1.02e+01 5.23e-01 4.10e+01  9.46e-01 5.94e-01      0s
  10   6.62084265e+01 -1.05425323e+04  1.19e+00 1.54e+00  1.46e+04  1.16e+01 2.35e-01 9.62e+00  1.00e+00 9.81e-01      0s
  11   4.77567265e+01 -3.87193206e+03  1.26e-15 5.06e-13  3.92e+03  1.46e+01 1.71e-02 4.44e+00  1.00e+00 1.00e+00      0s
  12   4.79300397e+01 -3.44038839e+02  0.00e+00 9.67e-14  3.92e+02  2.01e+01 3.88e-02 4.39e+00  1.00e+00 1.00e+00      0s
  13   4.76596995e+01  8.46281159e+00  4.44e-15 1.35e-14  3.92e+01  2.48e+01 4.45e-01 4.28e+00  1.00e+00 1.00e+00      0s
  14   4.60709249e+01  2.00386619e+01  2.81e-15 8.72e-15  2.60e+01  2.20e+01 4.45e+00 4.25e+00  7.22e-01 3.73e-01      0s
  15   4.55538846e+01  2.15023166e+01  3.20e-15 8.05e-15  2.41e+01  1.72e+01 6.24e+00 4.23e+00  6.39e-01 8.45e-02      0s
  16   4.50248905e+01  2.27570688e+01  2.81e-15 7.33e-15  2.23e+01  1.58e+01 6.56e+00 4.23e+00  6.36e-01 8.24e-02      0s
  17   4.44718057e+01  2.38666717e+01  2.81e-15 7.88e-15  2.06e+01  1.45e+01 6.86e+00 4.23e+00  6.37e-01 8.30e-02      0s
  18   4.38894562e+01  2.48605725e+01  2.81e-15 6.76e-15  1.90e+01  1.31e+01 7.15e+00 4.22e+00  6.43e-01 8.50e-02      0s
  19   4.32698863e+01  2.57650708e+01  2.81e-15 5.80e-15  1.75e+01  1.17e+01 7.43e+00 4.22e+00  6.52e-01 8.90e-02      0s
  20   4.26044232e+01  2.66002338e+01  2.81e-15 5.10e-15  1.60e+01  1.04e+01 7.72e+00 4.22e+00  6.67e-01 9.53e-02      0s
  21   4.18810307e+01  2.73848046e+01  2.39e-15 4.13e-15  1.45e+01  9.08e+00 8.02e+00 4.21e+00  6.87e-01 1.05e-01      0s
  22   4.10862261e+01  2.81341424e+01  1.99e-15 3.50e-15  1.30e+01  7.80e+00 8.35e+00 4.21e+00  7.13e-01 1.18e-01      0s
  23   4.02008062e+01  2.88654757e+01  2.84e-15 3.24e-15  1.13e+01  6.58e+00 8.73e+00 4.21e+00  7.47e-01 1.39e-01      0s
  24   3.91992431e+01  2.95982231e+01  2.81e-15 2.63e-15  9.60e+00  5.43e+00 9.22e+00 4.20e+00  7.90e-01 1.70e-01      0s
  25   3.80476738e+01  3.03570479e+01  1.60e-15 2.33e-15  7.69e+00  4.36e+00 9.92e+00 4.20e+00  8.46e-01 2.21e-01      0s
  26   3.66941158e+01  3.11825905e+01  4.44e-16 1.89e-15  5.51e+00  3.38e+00 1.11e+01 4.19e+00  9.16e-01 3.15e-01      0s
  27   3.50630289e+01  3.21479849e+01  2.22e-16 6.62e-16  2.92e+00  2.51e+00 1.34e+01 4.19e+00  1.00e+00 5.23e-01      0s
  28   3.34594089e+01  3.31679044e+01  2.66e-15 4.52e-16  2.92e-01  1.74e+00 2.07e+01 4.19e+00  1.00e+00 1.00e+00      0s
  29   3.33547187e+01  3.33255682e+01  9.16e-16 1.13e-15  2.92e-02  1.31e+00 1.34e+02 4.32e+00  1.00e+00 1.00e+00      0s
  30   3.33418597e+01  3.33389447e+01  9.16e-16 8.77e-16  2.92e-03  2.62e+00 1.93e+03 4.28e+00  1.00e+00 1.00e+00      0s
  31   3.33405482e+01  3.33402567e+01  4.44e-16 9.57e-16  2.92e-04  2.79e+00 2.02e+04 4.26e+00  1.00e+00 1.00e+00      0s
  32   3.33404171e+01  3.33403879e+01  8.88e-16 1.47e-16  2.92e-05  2.82e+00 2.03e+05 4.26e+00  1.00e+00 1.00e+00      0s

The algorithm stopped after 33 iterations in 0.37 seconds.

Primal variables:   [+0.000002 +2.493308 +4.333986 +0.000005]
Dual slacks:        [+4.815329 +0.000003 +0.000002 +1.346333]
Dual variables:     [+8.153271 +5.790000]

Primal objective:   3.33404171e+01 
Dual objective:     3.33403879e+01 

Primal residual:    8.88e-16
Dual residual:      1.47e-16
Complementraty:     2.92e-05

Number of Iter:     33
Run time:           0.37
