
--------------- Linear optimization problem characteristics ---------------
Seed:                    77
Number of variables:     4
Number of constraints:   2

Norm of primal sol:      5.00e+00
Norm of dual sol:        1.00e+01
Norm of dual slacks:     5.00e+00

Norm of vector b:        4.01e+00
Norm of vector c:        1.03e+01

Norm of matrix A:        1.00e+00
Condition number:        1.00e+00

----------------------- Linear optimization problem -----------------------
Coeff matrix A:          [[-0.536 +0.273 -0.609 +0.517]
                          [+0.594 +0.294 -0.672 -0.330]]

RHS vector b:            [-4.004 +0.169]
Obj vector c:            [+7.797 +4.334 +1.153 -5.069]

---------------------------- Optimal solution -----------------------------
Primal variables:         [+3.866 +0.000 +3.171 +0.000]
Dual slacks:              [+0.000 +4.886 +0.000 +1.060]
Dual variables:           [-8.200 +5.723]

Optimal objective:       +3.38009222e+01
===========================================================================

Method:                  II-IPM
LO_Precision:            1.00e-04
Stop_Precision:          1.00e-08
LO_Verbosity:            2
Omega:                   1.00e+03

The Inexact Infeasible Interior-Point Method starts running ...


                  Objective                Residual                                               Step-length
Iter      Primal           Dual         Primal    Dual     Compl    Cond-Num  ||M||   ||RHS||    a-star   a-hat      Time
   0   7.59742359e+03 -1.16611509e+03  8.30e+01 4.48e+02  9.73e+05  1.00e+00 1.00e+00 4.03e+02  8.63e-01 7.76e-01      0s
   1   8.22852890e+03 -9.68475538e+00  2.84e+00 1.53e+01  4.42e+04  2.03e+00 6.31e+00 1.52e+03  9.81e-01 9.66e-01      0s
   2   7.07074129e+03  5.29408640e+00  1.08e+00 5.84e+00  2.03e+04  2.61e+00 1.96e+02 1.02e+03  9.70e-01 6.19e-01      0s
   3   5.50074147e+03  1.09214812e+01  5.46e-01 2.95e+00  1.17e+04  4.79e+00 5.29e+02 6.40e+02  9.97e-01 4.95e-01      0s
   4   3.21978992e+03  1.68911507e+01  1.47e-01 7.93e-01  4.64e+03  9.05e+00 1.06e+03 4.56e+02  1.00e+00 7.31e-01      0s
   5   1.63502084e+03  2.06765479e+01  3.58e-02 1.93e-01  1.85e+03  2.28e+01 3.02e+03 2.68e+02  9.95e-01 7.57e-01      0s
   6   7.85843841e+02  2.19135182e+01  1.15e-02 6.20e-02  8.00e+02  2.89e+01 3.31e+03 8.34e+01  1.00e+00 6.79e-01      0s
   7   1.34121960e+02  2.28226210e+01  4.36e-14 9.57e-16  1.11e+02  2.82e+01 1.71e+03 2.24e+01  1.00e+00 1.00e+00      0s
   8   5.26970422e+01  2.37152214e+01  1.71e-14 1.13e-15  2.90e+01  2.44e+01 2.20e+02 4.28e+00  9.81e-01 8.22e-01      0s
   9   4.92078419e+01  2.42054787e+01  1.28e-14 1.41e-15  2.50e+01  1.58e+01 3.85e+01 3.93e+00  7.51e-01 1.53e-01      0s
  10   4.67686518e+01  2.46592173e+01  1.16e-14 1.84e-15  2.21e+01  1.39e+01 3.10e+01 3.87e+00  7.31e-01 1.29e-01      0s
  11   4.48136189e+01  2.51166711e+01  9.34e-15 1.06e-15  1.97e+01  1.25e+01 2.62e+01 3.82e+00  7.18e-01 1.21e-01      0s
  12   4.32086498e+01  2.55802045e+01  7.38e-15 1.48e-15  1.76e+01  1.12e+01 2.26e+01 3.79e+00  7.10e-01 1.17e-01      0s
  13   4.18603409e+01  2.60538103e+01  7.38e-15 1.07e-15  1.58e+01  1.00e+01 1.98e+01 3.76e+00  7.07e-01 1.15e-01      0s
  14   4.07069232e+01  2.65411350e+01  6.53e-15 1.50e-15  1.42e+01  9.04e+00 1.77e+01 3.74e+00  7.08e-01 1.15e-01      0s
  15   3.97025410e+01  2.70472126e+01  5.91e-15 1.14e-15  1.27e+01  8.16e+00 1.61e+01 3.72e+00  7.13e-01 1.18e-01      0s
  16   3.88164161e+01  2.75763490e+01  4.58e-15 4.58e-16  1.12e+01  7.39e+00 1.49e+01 3.70e+00  7.24e-01 1.24e-01      0s
  17   3.80215142e+01  2.81360703e+01  3.66e-15 1.11e-15  9.89e+00  6.70e+00 1.41e+01 3.69e+00  7.40e-01 1.34e-01      0s
  18   3.72985737e+01  2.87344013e+01  3.95e-15 1.58e-15  8.56e+00  6.10e+00 1.35e+01 3.67e+00  7.62e-01 1.49e-01      0s
  19   3.66325672e+01  2.93809299e+01  3.97e-15 1.11e-15  7.25e+00  5.55e+00 1.34e+01 3.66e+00  7.91e-01 1.70e-01      0s
  20   3.60093738e+01  3.00896000e+01  3.61e-15 6.84e-16  5.92e+00  5.06e+00 1.36e+01 3.65e+00  8.29e-01 2.04e-01      0s
  21   3.54188447e+01  3.08760359e+01  2.32e-15 9.09e-16  4.54e+00  4.61e+00 1.44e+01 3.65e+00  8.78e-01 2.58e-01      0s
  22   3.48492959e+01  3.17641786e+01  1.94e-15 9.33e-16  3.09e+00  4.17e+00 1.63e+01 3.64e+00  9.40e-01 3.57e-01      0s
  23   3.42926029e+01  3.27804232e+01  8.33e-16 1.44e-15  1.51e+00  3.73e+00 2.08e+01 3.64e+00  1.00e+00 5.66e-01      0s
  24   3.38569362e+01  3.37057182e+01  9.39e-16 1.39e-15  1.51e-01  3.15e+00 3.54e+01 3.65e+00  1.00e+00 1.00e+00      0s
  25   3.38082495e+01  3.37931277e+01  9.93e-16 1.24e-15  1.51e-02  1.35e+00 2.17e+02 3.69e+00  1.00e+00 1.00e+00      0s
  26   3.38016753e+01  3.38001631e+01  9.09e-16 1.15e-15  1.51e-03  1.27e+00 2.56e+03 3.62e+00  1.00e+00 1.00e+00      0s
  27   3.38009978e+01  3.38008466e+01  1.18e-15 1.35e-15  1.51e-04  1.28e+00 2.64e+04 3.61e+00  1.00e+00 1.00e+00      0s
  28   3.38009298e+01  3.38009146e+01  1.67e-16 1.82e-15  1.51e-05  1.28e+00 2.65e+05 3.61e+00  1.00e+00 1.00e+00      0s

The algorithm stopped after 29 iterations in 0.26 seconds.

Primal variables:   [+3.866253 +0.000001 +3.170507 +0.000004]
Dual slacks:        [+0.000001 +4.886344 +0.000001 +1.060017]
Dual variables:     [-8.200471 +5.722958]

Primal objective:   3.38009298e+01 
Dual objective:     3.38009146e+01 

Primal residual:    1.67e-16
Dual residual:      1.82e-15
Complementraty:     1.51e-05

Number of Iter:     29
Run time:           0.26
