
--------------- Linear optimization problem characteristics ---------------
Seed:                    32
Number of variables:     4
Number of constraints:   2

Norm of primal sol:      5.00e+00
Norm of dual sol:        1.00e+01
Norm of dual slacks:     5.00e+00

Norm of vector b:        4.16e+00
Norm of vector c:        1.47e+01

Norm of matrix A:        1.00e+00
Condition number:        1.00e+00

----------------------- Linear optimization problem -----------------------
Coeff matrix A:          [[-0.279 +0.288 +0.401 -0.823]
                          [-0.260 +0.607 +0.512 +0.550]]

RHS vector b:            [-3.995 +1.176]
Obj vector c:            [-3.753 +9.371 +10.654 -0.533]

---------------------------- Optimal solution -----------------------------
Primal variables:         [+3.342 +0.000 +0.000 +3.719]
Dual slacks:              [+0.000 +2.787 +4.151 +0.000]
Dual variables:           [+5.992 +8.006]

Optimal objective:       -1.45263047e+01
===========================================================================

Method:                  IR-II-IPM
IR_Precision:            1.00e-04
LO_Precision:            1.00e-03
Stop_Precision:          1.00e-08
LO_Verbosity:            2
Omega:                   1.00e+03

The Iterative Refinement algorithm starts running ...


The Inexact Infeasible Interior-Point Method starts running ...


                  Objective                Residual                                               Step-length
Iter      Primal           Dual         Primal    Dual     Compl    Cond-Num  ||M||   ||RHS||    a-star   a-hat      Time
   0   7.00846879e+03 -2.45894544e+03  4.75e+02 6.46e+02  1.39e+06  1.00e+00 1.00e+00 1.60e+03  7.84e-01 6.76e-01      0s
   1   5.01521178e+03 -4.72248226e+03  2.40e+02 3.27e+02  7.39e+05  8.23e+00 1.93e+00 9.01e+02  6.62e-01 4.95e-01      0s
   2   4.76174483e+03 -5.17643331e+03  2.23e+02 3.03e+02  6.89e+05  4.34e+01 3.42e+00 1.01e+03  5.86e-01 7.34e-02      0s
   3   4.51098986e+03 -5.63397425e+03  2.06e+02 2.80e+02  6.43e+05  4.82e+01 3.38e+00 9.24e+02  6.02e-01 7.42e-02      0s
   4   4.24218369e+03 -6.13219863e+03  1.89e+02 2.57e+02  5.96e+05  5.29e+01 3.31e+00 8.40e+02  6.21e-01 8.15e-02      0s
   5   3.95072179e+03 -6.68027247e+03  1.72e+02 2.34e+02  5.46e+05  5.80e+01 3.22e+00 7.52e+02  6.43e-01 9.13e-02      0s
   6   3.63197639e+03 -7.28780974e+03  1.54e+02 2.09e+02  4.95e+05  6.34e+01 3.10e+00 6.57e+02  6.70e-01 1.04e-01      0s
   7   3.27816294e+03 -7.97090800e+03  1.35e+02 1.84e+02  4.40e+05  6.92e+01 2.94e+00 5.59e+02  7.02e-01 1.22e-01      0s
   8   2.88041408e+03 -8.74843107e+03  1.15e+02 1.57e+02  3.81e+05  7.55e+01 2.74e+00 4.57e+02  7.40e-01 1.48e-01      0s
   9   2.42535595e+03 -9.64858566e+03  9.37e+01 1.27e+02  3.16e+05  8.23e+01 2.48e+00 3.53e+02  7.87e-01 1.87e-01      0s
  10   1.89200855e+03 -1.07137405e+04  7.00e+01 9.52e+01  2.43e+05  8.98e+01 2.15e+00 2.49e+02  8.46e-01 2.53e-01      0s
  11   1.24350394e+03 -1.20047273e+04  4.32e+01 5.87e+01  1.57e+05  9.82e+01 1.73e+00 1.51e+02  9.26e-01 3.84e-01      0s
  12   3.94019274e+02 -1.35198835e+04  1.07e+01 1.45e+01  4.99e+04  1.08e+02 1.18e+00 6.53e+01  1.00e+00 7.53e-01      0s
  13   7.57166421e+01 -1.14612293e+04  2.04e-14 4.83e-13  1.15e+04  1.27e+02 4.28e-01 6.76e+00  1.00e+00 1.00e+00      0s
  14   7.40263054e+01 -1.07966829e+03  5.51e-14 4.21e-13  1.15e+03  1.35e+02 1.57e-01 3.44e+00  1.00e+00 1.00e+00      0s
  15   6.94332721e+01 -1.78934778e+02  2.39e-14 3.75e-14  2.48e+02  1.05e+02 1.26e+00 3.70e+00  1.00e+00 8.72e-01      0s
  16   6.57124196e+01 -1.42161172e+02  1.76e-14 2.79e-14  2.08e+02  7.99e+01 4.80e+00 3.71e+00  7.97e-01 1.81e-01      0s
  17   6.21675116e+01 -1.17495481e+02  1.84e-14 2.38e-14  1.80e+02  7.11e+01 5.29e+00 3.71e+00  7.65e-01 1.51e-01      0s
  18   5.86896359e+01 -9.92601920e+01  1.59e-14 2.00e-14  1.58e+02  6.33e+01 5.66e+00 3.70e+00  7.40e-01 1.34e-01      0s
  19   5.52839607e+01 -8.52779889e+01  1.39e-14 1.64e-14  1.41e+02  5.60e+01 5.94e+00 3.70e+00  7.20e-01 1.22e-01      0s
  20   5.19500142e+01 -7.42506598e+01  1.13e-14 1.51e-14  1.26e+02  4.94e+01 6.16e+00 3.70e+00  7.04e-01 1.14e-01      0s
  21   4.86891071e+01 -6.53743613e+01  8.72e-15 1.23e-14  1.14e+02  4.34e+01 6.32e+00 3.69e+00  6.91e-01 1.07e-01      0s
  22   4.54939171e+01 -5.80999073e+01  9.59e-15 1.21e-14  1.04e+02  3.80e+01 6.43e+00 3.69e+00  6.81e-01 1.02e-01      0s
  23   4.23570699e+01 -5.20551122e+01  7.87e-15 1.10e-14  9.44e+01  3.31e+01 6.50e+00 3.68e+00  6.74e-01 9.85e-02      0s
  24   3.92664229e+01 -4.69700771e+01  7.02e-15 1.08e-14  8.62e+01  2.86e+01 6.53e+00 3.68e+00  6.69e-01 9.62e-02      0s
  25   3.62034908e+01 -4.26414794e+01  6.68e-15 8.64e-15  7.88e+01  2.46e+01 6.52e+00 3.67e+00  6.67e-01 9.52e-02      0s
  26   3.31477791e+01 -3.89185576e+01  6.72e-15 8.43e-15  7.21e+01  2.10e+01 6.48e+00 3.66e+00  6.67e-01 9.55e-02      0s
  27   3.00715734e+01 -3.56815791e+01  6.36e-15 7.02e-15  6.58e+01  1.77e+01 6.40e+00 3.65e+00  6.71e-01 9.73e-02      0s
  28   2.69467612e+01 -3.28414143e+01  6.79e-15 5.36e-15  5.98e+01  1.47e+01 6.28e+00 3.64e+00  6.79e-01 1.01e-01      0s
  29   2.37423934e+01 -3.03287132e+01  5.79e-15 4.99e-15  5.41e+01  1.21e+01 6.13e+00 3.63e+00  6.90e-01 1.06e-01      0s
  30   2.04155711e+01 -2.80829484e+01  5.49e-15 3.61e-15  4.85e+01  9.70e+00 5.93e+00 3.62e+00  7.06e-01 1.15e-01      1s
  31   1.69183377e+01 -2.60572176e+01  4.37e-15 3.69e-15  4.30e+01  7.60e+00 5.69e+00 3.61e+00  7.27e-01 1.27e-01      1s
  32   1.31962103e+01 -2.42144518e+01  5.20e-15 4.19e-15  3.74e+01  5.77e+00 5.40e+00 3.59e+00  7.55e-01 1.44e-01      1s
  33   9.16935790e+00 -2.25169787e+01  4.78e-15 3.20e-15  3.17e+01  4.21e+00 5.05e+00 3.57e+00  7.90e-01 1.70e-01      1s
  34   4.74883237e+00 -2.09349759e+01  4.47e-15 2.45e-15  2.57e+01  2.91e+00 4.63e+00 3.55e+00  8.36e-01 2.10e-01      1s
  35  -1.97912725e-01 -1.94282204e+01  3.18e-15 2.99e-15  1.92e+01  1.89e+00 4.18e+00 3.53e+00  8.93e-01 2.79e-01      1s
  36  -5.83808465e+00 -1.79347949e+01  2.26e-15 1.34e-15  1.21e+01  1.41e+00 4.14e+00 3.50e+00  9.67e-01 4.12e-01      1s
  37  -1.24291031e+01 -1.62487136e+01  9.93e-16 8.90e-16  3.82e+00  2.80e+00 7.06e+00 3.47e+00  9.94e-01 7.60e-01      1s
  38  -1.41174303e+01 -1.52793641e+01  4.44e-16 9.62e-16  1.16e+00  1.53e+01 2.68e+01 3.45e+00  9.44e-01 7.73e-01      1s
  39  -1.44951937e+01 -1.46166053e+01  6.28e-16 4.85e-16  1.21e-01  2.71e+01 7.70e+01 3.55e+00  1.00e+00 9.95e-01      1s
  40  -1.45204548e+01 -1.45325960e+01  6.28e-16 9.93e-16  1.21e-02  1.86e+01 4.68e+02 3.77e+00  1.00e+00 1.00e+00      1s
  41  -1.45256999e+01 -1.45269140e+01  4.44e-16 1.08e-15  1.21e-03  9.63e+00 4.51e+03 3.75e+00  1.00e+00 1.00e+00      1s
  42  -1.45262440e+01 -1.45263655e+01  1.26e-15 1.28e-15  1.21e-04  9.02e+00 4.50e+04 3.75e+00  1.00e+00 1.00e+00      1s

The algorithm stopped after 43 iterations in 0.59 seconds.

Primal variables:   [+3.34227 +0.00001 +0.00001 +3.71879]
Dual slacks:        [+0.00001 +2.78706 +4.15115 +0.00001]
Dual variables:     [+5.99217 +8.00590]

Primal objective:   -1.45262440e+01
Dual objective:     -1.45263655e+01

Primal residual:    1.26e-15
Dual residual:      1.28e-15
Complementraty:     1.21e-04

Number of Iter:     43
Run time:           0.59

-------------------------------------------------------------------------------------------------------
                  Objective                Residual                        Step-length       
Iter      Primal           Dual         Primal    Dual     Compl    r error   r-bar    nabla     Time
   0  -1.45262440e+01 -1.45263655e+01  1.26e-15 0.00e+00  1.21e-04  1.21e-04 1.00e-03 1.02e+03     1s

The Inexact Infeasible Interior-Point Method starts running ...


                  Objective                Residual                                               Step-length
Iter      Primal           Dual         Primal    Dual     Compl    Cond-Num  ||M||   ||RHS||    a-star   a-hat      Time
   0   4.11930101e+06  1.83051676e+06  2.92e+03 3.17e+03  2.54e+06  1.00e+00 1.00e+00 3.73e+03  2.58e-01 2.08e-01      0s
   1   3.39216499e+06  1.68314738e+06  2.70e+03 2.93e+03  2.33e+06  1.30e+01 8.07e+00 2.71e+03  3.95e-01 7.66e-02      0s
   2   6.12787642e+05  1.24687605e+06  1.78e+03 1.94e+03  1.00e+06  2.18e+01 1.10e+01 4.42e+03  3.98e-01 3.38e-01      0s
   3   7.84626017e+04  2.23743080e+06  1.24e+03 1.35e+03  1.94e+05  2.13e+02 5.20e+01 2.20e+04  3.18e-01 3.05e-01      0s
   4   5.33756696e+04  1.56647965e+06  8.46e+02 9.18e+02  1.23e+05  1.28e+01 1.00e+02 3.23e+04  4.49e-01 3.19e-01      0s
   5   4.57045496e+04  1.33298835e+06  7.18e+02 7.80e+02  1.06e+05  4.74e+00 1.81e+02 4.87e+04  6.91e-01 1.51e-01      0s
   6   3.65824263e+04  1.05213139e+06  5.65e+02 6.14e+02  8.46e+04  4.19e+00 2.24e+02 5.37e+04  7.69e-01 2.12e-01      0s
   7   2.48214152e+04  6.88273287e+05  3.69e+02 4.01e+02  5.69e+04  3.71e+00 3.01e+02 6.00e+04  8.65e-01 3.47e-01      0s
   8   8.53988637e+03  1.92283031e+05  1.03e+02 1.12e+02  1.79e+04  3.26e+00 4.96e+02 6.86e+04  9.86e-01 7.21e-01      0s
   9   9.00483067e+02 -6.09476859e+02  5.48e-12 1.57e-15  1.51e+03  3.06e+00 1.94e+03 7.78e+04  1.00e+00 1.00e+00      0s
  10   1.39141876e+02 -1.18541170e+01  9.09e-13 9.09e-13  1.51e+02  9.84e+00 4.47e+04 3.77e+03  1.00e+00 1.00e+00      0s
  11   7.12264359e+01  5.61268367e+01  1.02e-12 1.73e-18  1.51e+01  8.95e+00 3.79e+05 3.84e+03  1.00e+00 1.00e+00      0s
  12   6.44319250e+01  6.29219651e+01  5.08e-13 4.55e-13  1.51e+00  8.94e+00 3.79e+06 3.84e+03  1.00e+00 1.00e+00      0s
  13   6.37524461e+01  6.36014501e+01  4.55e-13 4.55e-13  1.51e-01  8.94e+00 3.79e+07 3.84e+03  1.00e+00 1.00e+00      0s
  14   6.36844980e+01  6.36693984e+01  4.55e-13 4.55e-13  1.51e-02  8.94e+00 3.79e+08 3.84e+03  1.00e+00 1.00e+00      0s
  15   6.36777031e+01  6.36761932e+01  9.37e-13 4.55e-13  1.51e-03  8.94e+00 3.79e+09 3.84e+03  1.00e+00 1.00e+00      0s
  16   6.36770237e+01  6.36768727e+01  8.20e-13 1.04e-18  1.51e-04  8.94e+00 3.79e+10 3.84e+03  1.00e+00 1.00e+00      0s

The algorithm stopped after 17 iterations in 0.06 seconds.

Primal variables:   [+3422.45320 +0.00000 +0.00000 +3808.04597]
Dual slacks:        [+0.00000 +2853.96715 +4250.79657 +0.00000]
Dual variables:     [-0.01984 -0.01451]

Primal objective:   6.36770237e+01 
Dual objective:     6.36768727e+01 

Primal residual:    8.20e-13
Dual residual:      1.04e-18
Complementraty:     1.51e-04

Number of Iter:     17
Run time:           0.06

-------------------------------------------------------------------------------------------------------
                  Objective                Residual                        Step-length       
Iter      Primal           Dual         Primal    Dual     Compl    r error   r-bar    nabla     Time
   1  -1.45263047e+01 -1.45263047e+01  8.01e-16 0.00e+00  1.44e-10  1.44e-10 9.77e-05 1.64e+04     1s

The Iterative Refinement algorithm stopped after 2 iterations in 0.66 seconds.

Primal objective:   -1.45263047e+01
Dual objective:     -1.45263047e+01

Primal residual:    8.01e-16
Dual residual:      0.00e+00
Complementraty:     1.44e-10

Primal variables:   [+3.342239 +0.000000 +0.000000 +3.718795]
Dual slacks:        [+0.000000 +2.787077 +4.151169 +0.000000]
Dual variables:     [+5.992150 +8.005881]

Number of Iter:     1
Run time:           0.66
