
--------------- Linear optimization problem characteristics ---------------
Seed:                    29
Number of variables:     4
Number of constraints:   2

Norm of primal sol:      3.00e-01
Norm of dual sol:        1.00e+01
Norm of dual slacks:     5.00e+00

Norm of vector b:        2.00e+00
Norm of vector c:        8.35e+01

Norm of matrix A:        1.00e+01
Condition number:        2.00e+00

----------------------- Linear optimization problem -----------------------
Coeff matrix A:          [[+5.345 +2.755 +5.449 -5.839]
                          [-3.315 -1.497 -0.044 -3.438]]

RHS vector b:            [+1.736 -0.992]
Obj vector c:            [-61.936 -28.767 -40.903 +25.278]

---------------------------- Optimal solution -----------------------------
Primal variables:         [+0.299 +0.000 +0.025 +0.000]
Dual slacks:              [+0.000 +1.749 +0.000 +4.684]
Dual variables:           [-7.453 +6.667]

Optimal objective:       -1.95579618e+01
===========================================================================

Method:                  II-IPM
LO_Precision:            1.00e-01
Stop_Precision:          1.00e-08
LO_Verbosity:            2
Omega:                   1.00e+01

The Inexact Infeasible Interior-Point Method starts running ...


                  Objective                Residual                                               Step-length
Iter      Primal           Dual         Primal    Dual     Compl    Cond-Num  ||M||   ||RHS||    a-star   a-hat      Time
   0  -4.12353219e+02 -1.47671003e+01  4.30e+01 3.76e+01  1.72e+02  4.00e+00 1.00e+02 9.00e+02  7.38e-01 6.14e-01      0s
   1  -2.96392508e+02 -1.77436929e+01  3.04e+01 2.66e+01  1.26e+02  6.69e+00 5.92e+01 1.72e+02  8.65e-01 2.93e-01      0s
   2  -1.67733682e+02 -2.10995408e+01  1.63e+01 1.43e+01  7.22e+01  7.16e+00 4.40e+01 8.93e+01  9.54e-01 4.62e-01      0s
   3  -1.85065799e+01 -2.49405048e+01  1.10e-14 1.47e-14  6.43e+00  7.72e+00 2.56e+01 2.72e+01  1.00e+00 1.00e+00      0s
   4  -1.85427920e+01 -2.13255528e+01  4.71e-15 5.48e-15  2.78e+00  1.01e+01 2.63e+00 1.84e+00  9.33e-01 6.31e-01      0s
   5  -1.85624669e+01 -2.10138660e+01  4.21e-15 9.48e-15  2.45e+00  9.28e+00 5.61e+00 1.82e+00  7.37e-01 1.32e-01      0s
   6  -1.85825187e+01 -2.07859599e+01  3.72e-15 4.98e-15  2.20e+00  8.93e+00 6.18e+00 1.81e+00  7.02e-01 1.12e-01      0s
   7  -1.86030784e+01 -2.06111991e+01  3.23e-15 5.60e-15  2.01e+00  8.57e+00 6.67e+00 1.81e+00  6.74e-01 9.85e-02      0s
   8  -1.86242509e+01 -2.04724893e+01  3.05e-15 3.79e-15  1.85e+00  8.21e+00 7.11e+00 1.81e+00  6.51e-01 8.85e-02      0s
   9  -1.86461446e+01 -2.03593793e+01  2.35e-15 6.42e-15  1.71e+00  7.86e+00 7.50e+00 1.80e+00  6.33e-01 8.12e-02      0s
  10  -1.86688992e+01 -2.02650123e+01  2.78e-15 1.14e-14  1.60e+00  7.52e+00 7.86e+00 1.80e+00  6.19e-01 7.60e-02      0s
  11  -1.86926325e+01 -2.01849051e+01  2.32e-15 2.52e-15  1.49e+00  7.19e+00 8.21e+00 1.79e+00  6.09e-01 7.23e-02      0s
  12  -1.87175231e+01 -2.01157671e+01  1.90e-15 7.41e-15  1.40e+00  6.89e+00 8.55e+00 1.79e+00  6.02e-01 7.00e-02      0s
  13  -1.87437397e+01 -2.00553253e+01  1.69e-15 5.05e-15  1.31e+00  6.61e+00 8.90e+00 1.78e+00  5.99e-01 6.89e-02      0s
  14  -1.87715127e+01 -2.00018219e+01  1.24e-15 5.62e-15  1.23e+00  6.37e+00 9.27e+00 1.78e+00  5.99e-01 6.89e-02      0s
  15  -1.88010843e+01 -1.99539814e+01  1.11e-15 6.67e-15  1.15e+00  6.18e+00 9.69e+00 1.77e+00  6.02e-01 6.99e-02      0s
  16  -1.88327658e+01 -1.99107843e+01  1.40e-15 1.01e-14  1.08e+00  6.05e+00 1.02e+01 1.76e+00  6.09e-01 7.22e-02      0s
  17  -1.88669138e+01 -1.98714541e+01  1.16e-15 4.04e-15  1.00e+00  6.01e+00 1.08e+01 1.76e+00  6.18e-01 7.57e-02      0s
  18  -1.89039290e+01 -1.98354017e+01  1.20e-15 4.66e-15  9.31e-01  6.08e+00 1.15e+01 1.75e+00  6.32e-01 8.08e-02      0s
  19  -1.89444112e+01 -1.98020529e+01  8.01e-16 7.88e-15  8.58e-01  6.31e+00 1.25e+01 1.74e+00  6.50e-01 8.81e-02      0s
  20  -1.89889853e+01 -1.97710339e+01  9.93e-16 6.33e-15  7.82e-01  6.76e+00 1.38e+01 1.74e+00  6.73e-01 9.79e-02      0s
  21  -1.90385488e+01 -1.97419576e+01  9.49e-16 4.72e-15  7.03e-01  7.56e+00 1.57e+01 1.73e+00  7.01e-01 1.12e-01      0s
  22  -1.90941434e+01 -1.97145526e+01  5.55e-16 5.09e-15  6.20e-01  8.92e+00 1.83e+01 1.72e+00  7.35e-01 1.31e-01      0s
  23  -1.91572308e+01 -1.96885205e+01  6.75e-16 1.07e-14  5.31e-01  1.13e+01 2.22e+01 1.71e+00  7.77e-01 1.60e-01      0s
  24  -1.92296572e+01 -1.96636021e+01  4.58e-16 8.00e-15  4.34e-01  1.56e+01 2.83e+01 1.69e+00  8.29e-01 2.04e-01      0s
  25  -1.93140962e+01 -1.96394078e+01  4.44e-16 5.73e-15  3.25e-01  2.45e+01 3.87e+01 1.68e+00  8.92e-01 2.78e-01      0s
  26  -1.94141932e+01 -1.96152297e+01  4.58e-16 6.61e-15  2.01e-01  4.74e+01 5.90e+01 1.66e+00  9.72e-01 4.24e-01      0s
  27  -1.95328647e+01 -1.95886356e+01  1.24e-15 1.05e-14  5.58e-02  1.38e+02 1.12e+02 1.64e+00  9.10e-01 8.03e-01      0s

The algorithm stopped after 28 iterations in 0.44 seconds.

Primal variables:   [+0.293 +0.008 +0.030 +0.003]
Dual slacks:        [+0.024 +1.818 +0.927 +2.748]
Dual variables:     [-7.625 +6.397]

Primal objective:   -1.95328647e+01
Dual objective:     -1.95886356e+01

Primal residual:    1.24e-15
Dual residual:      1.05e-14
Complementraty:     5.58e-02

Number of Iter:     28
Run time:           0.44
