
--------------- Linear optimization problem characteristics ---------------
Seed:                    79
Number of variables:     4
Number of constraints:   2

Norm of primal sol:      4.07e+00
Norm of dual sol:        1.00e+01
Norm of dual slacks:     5.00e+00

Norm of vector b:        2.00e+00
Norm of vector c:        6.26e+00

Norm of matrix A:        1.00e+00
Condition number:        2.00e+00

----------------------- Linear optimization problem -----------------------
Coeff matrix A:          [[-0.659 -0.406 +0.328 +0.480]
                          [+0.519 -0.068 +0.173 +0.100]]

RHS vector b:            [+1.836 +0.793]
Obj vector c:            [-4.625 +0.202 +2.015 +3.708]

---------------------------- Optimal solution -----------------------------
Primal variables:         [+0.000 +0.000 +3.902 +1.162]
Dual slacks:              [+3.652 +3.415 +0.000 +0.000]
Dual variables:           [+8.733 -4.871]

Optimal objective:       +1.21720321e+01
===========================================================================

Method:                  II-QIPM
LO_Precision:            1.00e-01
Stop_Precision:          1.00e-03
LO_Verbosity:            2
Omega:                   5.00e+01

The Quantum Inexact Infeasible Interior-Point Method starts running ...


                  Objective                Residual                                Linear system           Step-length
Iter      Primal           Dual         Primal    Dual     Compl    ||Resl||  Cond-Num  ||M||   ||RHS||    a-star   a-hat      Time
   0   1.73444751e+02 -8.35558010e+01  1.17e+01 3.03e+01  3.42e+03  7.94e-15  4.00e+00 1.00e+00 4.60e+01  8.08e-01 6.96e-01      0s
   1   1.89416218e+02 -7.05731169e+01  5.23e+00 1.34e+01  1.69e+03  1.17e-01  2.22e+01 2.01e+00 4.91e+01  7.48e-01 5.57e-01      1s
   2   1.80456278e+02 -7.13133936e+01  4.46e+00 1.14e+01  1.46e+03  1.69e-01  1.10e+02 3.31e+00 3.77e+01  7.62e-01 1.52e-01      2s
   3   1.70440496e+02 -7.26734642e+01  3.79e+00 9.66e+00  1.26e+03  7.16e-05  1.36e+02 3.35e+00 3.21e+01  7.76e-01 1.51e-01      3s
   4   1.57652294e+02 -7.43824566e+01  3.09e+00 7.90e+00  1.05e+03  5.19e-03  1.64e+02 3.33e+00 2.70e+01  8.24e-01 1.83e-01      5s
   5   1.40757132e+02 -7.63485846e+01  2.37e+00 6.04e+00  8.35e+02  8.61e-03  2.01e+02 3.27e+00 2.15e+01  8.90e-01 2.36e-01      7s
   6   1.06289973e+02 -7.36984965e+01  1.27e+00 2.85e+00  4.70e+02  2.90e-01  2.52e+02 3.12e+00 1.57e+01  1.00e+00 5.28e-01      9s
   7   4.59928708e+01 -6.62150083e+01  4.32e-02 9.81e-02  1.20e+02  4.98e-04  3.63e+02 2.79e+00 7.22e+00  1.00e+00 9.66e-01     16s
   8   4.09878210e+01 -4.47187952e+01  3.07e-02 7.01e-02  8.98e+01  3.60e-04  5.87e+02 1.37e+00 2.20e+00  9.35e-01 2.86e-01     27s
   9   3.63270358e+01 -3.05809716e+01  2.06e-02 5.18e-02  6.90e+01  7.90e-03  4.26e+02 1.35e+00 2.13e+00  9.09e-01 2.61e-01     32s
  10   3.24632830e+01 -2.12568296e+01  1.59e-02 4.00e-02  5.50e+01  3.13e-05  3.00e+02 1.28e+00 2.07e+00  8.66e-01 2.27e-01     36s
  11   2.85845375e+01 -1.39027039e+01  1.06e-02 3.04e-02  4.32e+01  6.29e-03  2.11e+02 1.19e+00 2.03e+00  8.78e-01 2.41e-01     38s
  12   2.50462947e+01 -8.19977141e+00  7.17e-03 2.29e-02  3.36e+01  3.26e-03  1.42e+02 1.07e+00 1.99e+00  8.77e-01 2.47e-01     39s
  13   2.15610793e+01 -3.22621381e+00  3.88e-03 1.63e-02  2.50e+01  4.29e-03  9.28e+01 9.60e-01 1.96e+00  9.06e-01 2.87e-01     40s
  14   1.53622994e+01  4.35777309e+00  3.82e-02 5.47e-03  1.05e+01  5.94e-02  5.76e+01 8.58e-01 1.93e+00  8.63e-01 6.64e-01     41s
  15   1.46192333e+01  6.82158686e+00  2.83e-02 3.75e-03  7.53e+00  6.89e-03  2.51e+01 7.82e-01 1.91e+00  8.99e-01 3.15e-01     41s
  16   1.38990447e+01  9.35412447e+00  1.77e-02 2.04e-03  4.42e+00  4.91e-03  2.18e+01 9.79e-01 1.90e+00  8.80e-01 4.55e-01     42s
  17   1.31688460e+01  1.13698706e+01  6.46e-03 6.89e-04  1.77e+00  7.60e-04  2.09e+01 1.53e+00 1.88e+00  7.94e-01 6.63e-01     42s
  18   1.30058146e+01  1.14714779e+01  5.25e-03 5.77e-04  1.51e+00  9.70e-04  4.13e+01 5.69e+00 1.76e+00  7.73e-01 1.63e-01     43s
  19   1.28257511e+01  1.15745707e+01  3.83e-03 4.59e-04  1.23e+00  1.75e-03  5.51e+01 7.28e+00 1.75e+00  8.29e-01 2.04e-01     43s
  20   1.26138258e+01  1.16949958e+01  2.14e-03 3.25e-04  9.07e-01  1.94e-03  7.95e+01 9.86e+00 1.73e+00  8.45e-01 2.92e-01     44s
  21   1.23519973e+01  1.18704041e+01  4.48e-04 1.54e-04  4.79e-01  1.08e-03  1.30e+02 1.51e+01 1.71e+00  8.14e-01 5.25e-01     46s
  22   1.22428624e+01  1.20101664e+01  1.34e-04 6.64e-05  2.34e-01  5.72e-04  2.71e+02 3.32e+01 1.69e+00  8.63e-01 5.70e-01     51s
  23   1.22031552e+01  1.20969480e+01  1.45e-04 2.65e-05  1.07e-01  1.52e-04  3.35e+02 6.65e+01 1.71e+00  1.00e+00 6.01e-01     55s
  24   1.21709978e+01  1.21654481e+01  6.81e-04 4.55e-16  1.09e-02  6.81e-04  3.20e+02 1.34e+02 1.73e+00  1.00e+00 1.00e+00     59s

The algorithm stopped after 25 iterations in 58.76 seconds.

Primal variables:   [+0.001 +0.001 +3.905 +1.161]
Dual slacks:        [+3.637 +3.411 +0.001 +0.003]
Dual variables:     [+8.723 -4.855]

Primal objective:   1.21709978e+01 
Dual objective:     1.21654481e+01 

Primal residual:    6.81e-04
Dual residual:      4.55e-16
Complementraty:     1.09e-02

Number of Iter:     25
Run time:           58.76
