
--------------- Linear optimization problem characteristics ---------------
Seed:                    26
Number of variables:     4
Number of constraints:   2

Norm of primal sol:      4.15e+00
Norm of dual sol:        1.00e+01
Norm of dual slacks:     5.00e+00

Norm of vector b:        2.00e+00
Norm of vector c:        1.01e+01

Norm of matrix A:        1.00e+00
Condition number:        2.00e+00

----------------------- Linear optimization problem -----------------------
Coeff matrix A:          [[+0.449 +0.160 -0.162 +0.194]
                          [-0.405 -0.697 -0.108 +0.546]]

RHS vector b:            [-0.184 -1.991]
Obj vector c:            [+7.864 +5.709 -0.539 +2.623]

---------------------------- Optimal solution -----------------------------
Primal variables:         [+0.000 +2.325 +3.439 +0.000]
Dual slacks:              [+1.817 +0.000 +0.000 +4.658]
Dual variables:           [+7.649 -6.442]

Optimal objective:       +1.14184660e+01
===========================================================================

Method:                  II-QIPM
LO_Precision:            1.00e-01
Stop_Precision:          1.00e-03
LO_Verbosity:            2
Omega:                   5.00e+01

The Quantum Inexact Infeasible Interior-Point Method starts running ...


                  Objective                Residual                                Linear system           Step-length
Iter      Primal           Dual         Primal    Dual     Compl    ||Resl||  Cond-Num  ||M||   ||RHS||    a-star   a-hat      Time
   0   3.98615675e+02 -5.13527101e+00  1.54e+01 3.17e+01  3.75e+03 *7.11e-15  4.00e+00 1.00e+00 4.19e+01  7.72e-01 6.57e-01      0s
   1   3.89006042e+02 -5.13527101e+00  1.48e+01 3.06e+01  3.62e+03  1.91e+01  3.40e+00 1.12e+00 1.91e+01  4.29e-01 3.63e-02      0s
   2   3.81707201e+02 -5.13527101e+00  1.44e+01 2.97e+01  3.53e+03  2.26e+01  3.28e+00 1.15e+00 2.26e+01  4.07e-01 2.69e-02      0s
   3   3.74935904e+02 -5.13527101e+00  1.40e+01 2.90e+01  3.46e+03  2.56e+01  3.20e+00 1.17e+00 2.56e+01  3.91e-01 2.44e-02      0s
   4   3.68628316e+02 -5.13527101e+00  1.37e+01 2.84e+01  3.39e+03  2.88e+01  3.14e+00 1.21e+00 2.88e+01  3.76e-01 2.22e-02      1s
   5   3.62723092e+02 -5.13527101e+00  1.34e+01 2.78e+01  3.32e+03  3.21e+01  3.09e+00 1.24e+00 3.21e+01  3.61e-01 2.03e-02      1s
   6   3.57178372e+02 -5.13527101e+00  1.32e+01 2.73e+01  3.27e+03  3.56e+01  3.05e+00 1.27e+00 3.56e+01  3.48e-01 1.86e-02      1s
   7   3.51941626e+02 -5.13527101e+00  1.31e+01 2.68e+01  3.22e+03  3.92e+01  3.03e+00 1.31e+00 3.92e+01  3.36e-01 1.71e-02      1s
   8   3.46987243e+02 -5.13527101e+00  1.30e+01 2.64e+01  3.17e+03  4.29e+01  3.02e+00 1.36e+00 4.29e+01  3.24e-01 1.58e-02      1s
   9   3.42278218e+02 -5.13527101e+00  1.30e+01 2.60e+01  3.13e+03  4.68e+01  3.02e+00 1.40e+00 4.68e+01  3.13e-01 1.46e-02      1s
  10   3.37791105e+02 -5.13527101e+00  1.30e+01 2.56e+01  3.09e+03  5.08e+01  3.04e+00 1.45e+00 5.08e+01  3.03e-01 1.36e-02      1s
  11   3.33505069e+02 -5.13527101e+00  1.30e+01 2.53e+01  3.05e+03  5.49e+01  3.07e+00 1.50e+00 5.49e+01  2.94e-01 1.26e-02      1s
  12   3.29397454e+02 -5.13527101e+00  1.31e+01 2.50e+01  3.02e+03  5.92e+01  3.11e+00 1.56e+00 5.92e+01  2.85e-01 1.18e-02      1s
  13   3.25452047e+02 -5.13527101e+00  1.33e+01 2.48e+01  2.99e+03  6.36e+01  3.16e+00 1.62e+00 6.36e+01  2.76e-01 1.10e-02      1s
  14   3.21650525e+02 -5.13527101e+00  1.34e+01 2.45e+01  2.96e+03  6.81e+01  3.21e+00 1.68e+00 6.81e+01  2.68e-01 1.03e-02      1s
  15   3.17983785e+02 -5.13527101e+00  1.36e+01 2.43e+01  2.94e+03  7.28e+01  3.28e+00 1.75e+00 7.28e+01  2.61e-01 9.64e-03      2s
  16   3.14436520e+02 -5.13527101e+00  1.39e+01 2.40e+01  2.91e+03  7.76e+01  3.36e+00 1.82e+00 7.76e+01  2.53e-01 9.06e-03      2s
  17   3.10998325e+02 -5.13527101e+00  1.41e+01 2.38e+01  2.89e+03  8.26e+01  3.44e+00 1.89e+00 8.26e+01  2.46e-01 8.53e-03      2s
  18   3.07663100e+02 -5.13527101e+00  1.44e+01 2.36e+01  2.87e+03  8.77e+01  3.53e+00 1.97e+00 8.77e+01  2.40e-01 8.04e-03      2s
  19   3.04418835e+02 -5.13527101e+00  1.48e+01 2.35e+01  2.85e+03  9.29e+01  3.63e+00 2.05e+00 9.29e+01  2.34e-01 7.59e-03      2s
  20   3.01257694e+02 -5.13527101e+00  1.51e+01 2.33e+01  2.83e+03  9.83e+01  3.74e+00 2.13e+00 9.83e+01  2.28e-01 7.18e-03      2s
  21   2.98175584e+02 -5.13527101e+00  1.55e+01 2.31e+01  2.81e+03  1.04e+02  3.85e+00 2.22e+00 1.04e+02  2.22e-01 6.80e-03      2s
  22   2.95162763e+02 -5.13527101e+00  1.59e+01 2.30e+01  2.80e+03  1.09e+02  3.97e+00 2.31e+00 1.09e+02  2.17e-01 6.45e-03      2s
  23   2.68784182e+02 -2.04469991e+01  3.81e+00 6.04e+00  9.40e+02  7.51e-01  4.10e+00 2.40e+00 1.15e+02  8.30e-01 7.37e-01      2s
  24   2.15322932e+02 -2.04469991e+01  9.58e+00 4.48e+00  6.81e+02  3.32e+01  7.22e+00 9.11e+00 3.32e+01  4.16e-01 2.59e-01      2s
  25   2.12640939e+02 -2.04469991e+01  1.03e+01 4.45e+00  6.76e+02  1.22e+02  7.76e+00 2.06e+01 1.22e+02  2.11e-01 6.59e-03      3s
  26   2.10163872e+02 -2.04469991e+01  1.10e+01 4.42e+00  6.73e+02  1.29e+02  7.82e+00 2.13e+01 1.29e+02  2.06e-01 5.82e-03      3s
  27   2.07710608e+02 -2.04469991e+01  1.17e+01 4.40e+00  6.69e+02  1.37e+02  7.89e+00 2.21e+01 1.37e+02  2.01e-01 5.53e-03      3s
  28   2.05275974e+02 -2.04469991e+01  1.24e+01 4.37e+00  6.66e+02  1.44e+02  7.96e+00 2.28e+01 1.44e+02  1.97e-01 5.27e-03      3s
  29   1.67974039e+02 -3.48324376e+00  2.90e-01 1.11e-15  1.72e+02  2.90e-01  8.03e+00 2.36e+01 1.52e+02  1.00e+00 1.00e+00      3s
  30   3.29902679e+01 -2.88294753e+00  1.48e-01 1.67e-16  3.66e+01  1.53e-01  6.35e+00 1.67e+01 2.36e+00  1.00e+00 8.74e-01      3s
  31   2.93074466e+01 -2.46720782e+00  1.29e-01 8.95e-16  3.24e+01 *3.57e-03  4.82e+00 2.54e+00 2.02e+00  6.93e-01 1.26e-01      3s
  32   2.68723742e+01 -2.10882844e+00  1.23e-01 8.88e-16  2.96e+01 *7.46e-02  4.49e+00 2.09e+00 1.98e+00  6.68e-01 9.59e-02      3s
  33   2.49233707e+01 -1.74268192e+00  1.19e-01 2.29e-16  2.73e+01 *6.92e-02  4.26e+00 1.82e+00 1.96e+00  6.47e-01 8.71e-02      4s
  34   2.33671294e+01 -1.36373510e+00  1.10e-01 2.78e-16  2.54e+01 *1.45e-02  4.06e+00 1.62e+00 1.94e+00  6.28e-01 7.99e-02      4s
  35   1.95459407e+00 -1.36373510e+00  1.92e+00 0.00e+00  2.54e+00  1.92e+00  3.87e+00 1.46e+00 1.92e+00  1.00e+00 1.00e+00      4s
  36   1.61108846e+00  3.18400914e+00  1.72e+00 6.30e-16  1.81e+00 *2.44e-02  5.77e+00 2.37e-01 1.99e+00  1.35e-01 1.06e-01      4s
  37   8.35353473e-01  3.18400914e+00  1.86e+00 0.00e+00  9.31e-01  1.98e+00  3.30e+00 1.40e-01 1.98e+00  1.00e+00 5.41e-01      4s
  38   8.34714525e-01  3.18400914e+00  1.86e+00 0.00e+00  9.30e-01  1.99e+00  3.27e+00 7.11e-02 1.99e+00  1.00e+00 8.58e-04      4s

The solution quality is limited by the precision of the linear system solver.

The algorithm stopped after 39 iterations in 4.04 seconds.

Primal variables:   [+0.074 +0.086 +0.690 +0.053]
Dual slacks:        [+3.602 +2.930 +0.414 +2.433]
Dual variables:     [+7.425 -2.286]

Primal objective:   8.34714525e-01 
Dual objective:     3.18400914e+00 

Primal residual:    1.86e+00
Dual residual:      0.00e+00
Complementraty:     9.30e-01

Number of Iter:     39
Run time:           4.04
