
--------------- Linear optimization problem characteristics ---------------
Seed:                    83
Number of variables:     4
Number of constraints:   2

Norm of primal sol:      2.16e+00
Norm of dual sol:        1.00e+01
Norm of dual slacks:     5.00e+00

Norm of vector b:        2.00e+00
Norm of vector c:        9.23e+00

Norm of matrix A:        1.00e+00
Condition number:        2.00e+00

----------------------- Linear optimization problem -----------------------
Coeff matrix A:          [[+0.124 -0.617 -0.599 -0.025]
                          [+0.380 -0.304 -0.176 -0.477]]

RHS vector b:            [-1.860 -0.736]
Obj vector c:            [+1.181 -4.434 -4.780 +6.429]

---------------------------- Optimal solution -----------------------------
Primal variables:         [+0.000 +1.552 +1.506 +0.000]
Dual slacks:              [+1.570 +0.000 +0.000 +4.747]
Dual variables:           [+9.161 -4.010]

Optimal objective:       -1.40825965e+01
===========================================================================

Method:                  II-QIPM
LO_Precision:            1.00e-01
Stop_Precision:          1.00e-03
LO_Verbosity:            2
Omega:                   1.00e+03

The Quantum Inexact Infeasible Interior-Point Method starts running ...


                  Objective                Residual                                Linear system           Step-length
Iter      Primal           Dual         Primal    Dual     Compl    ||Resl||  Cond-Num  ||M||   ||RHS||    a-star   a-hat      Time
   0  -1.84729854e+03  0.00000000e+00  1.38e+03 1.95e+01  4.09e+04  1.39e+03  4.00e+00 1.00e+00 1.39e+03  9.95e-01 9.90e-01      0s
   1   4.49078343e+03 -2.68443549e+01  1.91e+02 2.69e+00  1.04e+04  1.36e+01  8.56e+00 1.93e+02 2.86e+03  1.00e+00 8.62e-01      0s
   2   3.11562122e+03 -2.90430128e+01  6.92e+01 8.58e-01  4.81e+03  1.35e+01  6.51e+00 1.53e+02 2.62e+02  1.00e+00 6.82e-01      0s
   3   1.35289532e+03 -3.04972806e+01  1.66e+01 1.91e-01  1.70e+03 *1.66e+00  9.42e+00 1.21e+02 7.98e+01  1.00e+00 7.77e-01      1s
   4   1.75199963e+02 -3.19836272e+01  5.00e-03 1.33e-15  2.07e+02  5.00e-03  1.19e+01 5.46e+01 1.26e+01  1.00e+00 1.00e+00      1s
   5   1.77029936e+00 -2.95534579e+01  6.02e-02 1.88e-15  3.03e+01 *6.36e-02  1.32e+01 7.01e+00 1.87e+00  1.00e+00 9.49e-01      1s
   6  -3.99968975e+00 -2.53347404e+01  5.00e-02 3.67e-15  2.06e+01 *3.32e-02  4.13e+00 6.46e-01 1.92e+00  9.33e-01 3.54e-01      1s
   7  -4.32698322e-02 -2.53347404e+01  1.89e+00 0.00e+00  2.06e+00  1.89e+00  3.86e+00 5.41e-01 1.89e+00  1.00e+00 1.00e+00      1s
   8  -1.25908502e+00 -1.60316211e+01  1.74e+00 6.66e-16  1.24e+00 *7.73e-02  4.32e+00 6.68e-02 1.99e+00  9.69e-02 8.02e-02      2s
   9  -1.39166692e+00 -1.59107217e+01  1.72e+00 9.22e-16  1.23e+00 *2.46e-02  1.46e+01 3.45e-01 1.94e+00  1.64e-01 1.04e-02      2s
  10  -1.45144424e+00 -1.58617328e+01  1.71e+00 2.14e-15  1.23e+00 *3.44e-03  1.63e+01 3.86e-01 1.94e+00  1.74e-01 4.70e-03      2s
  11  -1.51417408e+00 -1.58126151e+01  1.70e+00 2.34e-15  1.22e+00 *4.09e-04  1.71e+01 4.05e-01 1.93e+00  1.78e-01 4.95e-03      3s
  12  -1.57990907e+00 -1.57634962e+01  1.69e+00 2.18e-15  1.21e+00 *1.03e-04  1.79e+01 4.25e-01 1.93e+00  1.83e-01 5.22e-03      3s
  13  -1.64872333e+00 -1.57144804e+01  1.68e+00 1.75e-15  1.21e+00 *1.53e-03  1.87e+01 4.48e-01 1.93e+00  1.87e-01 5.49e-03      3s
  14  -1.72072851e+00 -1.56656439e+01  1.67e+00 1.67e-15  1.20e+00 *2.48e-03  1.97e+01 4.72e-01 1.93e+00  1.92e-01 5.79e-03      4s
  15  -1.79644542e+00 -1.56167989e+01  1.66e+00 1.62e-15  1.19e+00 *2.57e-03  2.07e+01 4.98e-01 1.93e+00  1.97e-01 6.12e-03      4s
  16  -1.87625128e+00 -1.55678978e+01  1.65e+00 1.91e-15  1.19e+00 *1.61e-03  2.18e+01 5.26e-01 1.93e+00  2.02e-01 6.49e-03      5s
  17  -1.96054604e+00 -1.55189089e+01  1.64e+00 1.19e-15  1.18e+00 *2.70e-05  2.29e+01 5.57e-01 1.92e+00  2.08e-01 6.90e-03      5s
  18  -2.04908982e+00 -1.54701731e+01  1.63e+00 1.07e-15  1.17e+00 *2.38e-03  2.42e+01 5.91e-01 1.92e+00  2.13e-01 7.31e-03      5s
  19  -2.14169122e+00 -1.54219581e+01  1.62e+00 1.47e-15  1.16e+00 *5.86e-03  2.56e+01 6.28e-01 1.92e+00  2.19e-01 7.71e-03      6s
  20  -2.24111337e+00 -1.53730565e+01  1.60e+00 3.55e-16  1.15e+00 *4.17e-04  2.71e+01 6.68e-01 1.92e+00  2.26e-01 8.33e-03      6s
  21  -2.34387821e+00 -1.53253982e+01  1.59e+00 1.14e-15  1.14e+00 *8.79e-03  2.87e+01 7.13e-01 1.91e+00  2.32e-01 8.72e-03      7s
  22  -2.44925616e+00 -1.52793245e+01  1.57e+00 1.56e-15  1.13e+00 *1.88e-02  3.04e+01 7.62e-01 1.91e+00  2.37e-01 9.06e-03      7s
  23  -2.56734818e+00 -1.52307085e+01  1.56e+00 1.75e-15  1.12e+00 *9.00e-04  3.23e+01 8.14e-01 1.91e+00  2.48e-01 1.02e-02      8s
  24  -2.69317926e+00 -1.51821434e+01  1.54e+00 9.49e-16  1.11e+00 *1.07e-03  3.43e+01 8.75e-01 1.91e+00  2.56e-01 1.09e-02      8s
  25  -2.82761500e+00 -1.51336021e+01  1.52e+00 2.83e-16  1.10e+00 *1.03e-03  3.66e+01 9.43e-01 1.90e+00  2.65e-01 1.18e-02      9s
  26  -2.97225680e+00 -1.50848569e+01  1.50e+00 1.18e-15  1.09e+00 *6.31e-05  3.90e+01 1.02e+00 1.90e+00  2.75e-01 1.29e-02      9s
  27  -3.12707270e+00 -1.50362907e+01  1.48e+00 1.22e-15  1.07e+00 *6.40e-04  4.17e+01 1.11e+00 1.89e+00  2.85e-01 1.40e-02     10s
  28  -3.29367034e+00 -1.49877594e+01  1.46e+00 1.49e-15  1.06e+00 *1.08e-03  4.47e+01 1.21e+00 1.89e+00  2.96e-01 1.53e-02     11s
  29  -3.47418607e+00 -1.49390689e+01  1.44e+00 2.19e-15  1.04e+00 *2.64e-04  4.79e+01 1.32e+00 1.89e+00  3.08e-01 1.68e-02     11s
  30  -3.66795974e+00 -1.48908248e+01  1.41e+00 1.70e-15  1.02e+00 *1.98e-03  5.14e+01 1.45e+00 1.88e+00  3.21e-01 1.83e-02     12s
  31  -3.87979313e+00 -1.48422798e+01  1.38e+00 2.45e-15  1.00e+00 *9.85e-04  5.52e+01 1.60e+00 1.88e+00  3.36e-01 2.04e-02     12s
  32  -4.10378158e+00 -1.47951993e+01  1.35e+00 3.20e-15  9.83e-01 *5.42e-03  5.93e+01 1.77e+00 1.87e+00  3.48e-01 2.21e-02     13s
  33  -3.24508119e+00 -1.47951993e+01  1.49e+00 2.12e-15  7.45e-01  1.86e+00  6.38e+01 1.97e+00 1.86e+00  1.00e+00 2.70e-01     13s
  34  -3.72520356e+00 -1.46849244e+01  1.42e+00 1.45e-15  7.11e-01 *3.72e-04  6.54e+01 1.55e+00 1.90e+00  2.84e-01 4.44e-02     15s
  35  -4.28928487e+00 -1.45832076e+01  1.34e+00 1.71e-15  6.72e-01 *4.38e-04  7.65e+01 2.05e+00 1.88e+00  3.21e-01 5.46e-02     16s
  36  -4.96209079e+00 -1.44891898e+01  1.25e+00 1.39e-15  6.26e-01 *4.45e-04  8.83e+01 2.77e+00 1.87e+00  3.65e-01 6.89e-02     17s
  37  -5.28275194e+00 -1.44550353e+01  1.21e+00 1.34e-15  6.06e-01 *6.78e-04  1.00e+02 3.86e+00 1.85e+00  4.19e-01 3.53e-02     18s
  38  -5.64539559e+00 -1.44204616e+01  1.16e+00 1.31e-15  5.82e-01 *1.59e-05  1.05e+02 4.45e+00 1.84e+00  4.45e-01 4.13e-02     19s
  39  -6.05101782e+00 -1.43861083e+01  1.10e+00 1.43e-15  5.56e-01 *7.88e-04  1.10e+02 5.19e+00 1.83e+00  4.74e-01 4.83e-02     20s
  40  -6.50511370e+00 -1.43521566e+01  1.04e+00 2.25e-15  5.27e-01 *1.90e-03  1.14e+02 6.14e+00 1.82e+00  5.05e-01 5.68e-02     21s
  41  -7.03897259e+00 -1.43171595e+01  9.66e-01 1.80e-15  4.92e-01 *7.66e-04  1.19e+02 7.38e+00 1.81e+00  5.44e-01 7.07e-02     22s
  42  -7.64050453e+00 -1.42830103e+01  8.83e-01 2.27e-15  4.52e-01 *2.46e-03  1.23e+02 9.09e+00 1.79e+00  5.86e-01 8.59e-02     23s
  43  -7.56242480e+00 -1.42830103e+01  8.94e-01 2.26e-15  4.47e-01  1.78e+00  1.27e+02 1.15e+01 1.78e+00  1.00e+00 1.29e-02     23s
  44  -7.56235601e+00 -1.42830103e+01  8.94e-01 2.26e-15  4.47e-01  1.78e+00  1.27e+02 1.13e+01 1.78e+00  1.00e+00 1.14e-05     25s

The solution quality is limited by the precision of the linear system solver.

The algorithm stopped after 45 iterations in 24.50 seconds.

Primal variables:   [+0.106 +0.888 +0.832 +0.035]
Dual slacks:        [+1.576 +0.063 +0.068 +4.723]
Dual variables:     [+9.292 -4.069]

Primal objective:   -7.56235601e+00
Dual objective:     -1.42830103e+01

Primal residual:    8.94e-01
Dual residual:      2.26e-15
Complementraty:     4.47e-01

Number of Iter:     45
Run time:           24.50
