
--------------- Linear optimization problem characteristics ---------------
Seed:                    71
Number of variables:     4
Number of constraints:   2

Norm of primal sol:      3.09e+00
Norm of dual sol:        1.00e+01
Norm of dual slacks:     5.00e+00

Norm of vector b:        2.00e+00
Norm of vector c:        8.91e+00

Norm of matrix A:        1.00e+00
Condition number:        2.00e+00

----------------------- Linear optimization problem -----------------------
Coeff matrix A:          [[-0.035 -0.236 +0.604 -0.111]
                          [-0.567 -0.405 +0.416 +0.397]]

RHS vector b:            [+1.799 +0.875]
Obj vector c:            [-3.513 +0.204 +7.333 +3.632]

---------------------------- Optimal solution -----------------------------
Primal variables:         [+0.673 +0.000 +3.018 +0.000]
Dual slacks:              [+0.000 +4.447 +0.000 +2.286]
Dual variables:           [+8.223 +5.691]

Optimal objective:       +1.97672230e+01
===========================================================================

Method:                  II-QIPM
LO_Precision:            1.00e-01
Stop_Precision:          1.00e-03
LO_Verbosity:            2
Omega:                   5.00e+01

The Quantum Inexact Infeasible Interior-Point Method starts running ...


                  Objective                Residual                                Linear system           Step-length
Iter      Primal           Dual         Primal    Dual     Compl    ||Resl||  Cond-Num  ||M||   ||RHS||    a-star   a-hat      Time
   0   3.95502046e+02 -2.76735107e+01  4.53e+00 3.41e+01  3.95e+03 *2.66e-15  4.00e+00 1.00e+00 1.72e+01  7.67e-01 6.46e-01      0s
   1   4.08217487e+02 -2.76735107e+01  2.47e+00 3.21e+01  3.73e+03  3.26e+01  3.41e+00 2.46e+00 3.26e+01  4.79e-01 6.14e-02      0s
   2   4.17284855e+02 -2.76735107e+01  1.53e+00 3.10e+01  3.62e+03  4.22e+01  3.56e+00 2.77e+00 4.22e+01  4.45e-01 3.36e-02      0s
   3   4.26749298e+02 -2.76735107e+01  1.77e+00 3.00e+01  3.52e+03  4.88e+01  3.69e+00 2.99e+00 4.88e+01  4.26e-01 3.02e-02      1s
   4   4.36540389e+02 -2.76735107e+01  2.90e+00 2.92e+01  3.43e+03  5.57e+01  3.84e+00 3.22e+00 5.57e+01  4.08e-01 2.72e-02      1s
   5   3.95545217e+02  5.91734072e+00  1.62e-01 1.84e+00  5.74e+02  1.00e-01  4.02e+00 3.47e+00 6.29e+01  1.00e+00 9.37e-01      1s
   6   1.59818002e+02  9.11727194e+00  3.71e-01 4.97e-16  1.49e+02  3.71e-01  5.29e+00 1.95e+01 8.37e+00  1.00e+00 1.00e+00      1s
   7   3.35293027e+01  1.04697267e+01  1.20e-01 2.48e-16  2.26e+01  1.05e-01  9.43e+00 2.42e+01 2.90e+00  1.00e+00 9.42e-01      1s
   8   2.61689066e+01  1.30008010e+01  1.04e-01 9.99e-16  1.28e+01  8.79e-02  4.46e+00 2.51e+00 2.08e+00  8.71e-01 4.81e-01      1s
   9   9.78903044e-01  1.30008010e+01  2.00e+00 0.00e+00  1.28e+00  2.00e+00  3.24e+00 1.48e+00 2.00e+00  1.00e+00 1.00e+00      1s
  10   1.68977257e+00  1.77111693e+01  1.90e+00 9.22e-16  9.99e-01  1.30e-01  6.38e+00 2.00e-01 2.00e+00  6.43e-02 4.98e-02      1s
  11   1.75617939e+00  1.77717558e+01  1.89e+00 1.04e-15  9.95e-01  6.13e-03  4.93e+00 3.69e-01 1.97e+00  9.35e-02 3.85e-03      1s
  12   1.77735114e+00  1.77892442e+01  1.89e+00 9.63e-16  9.94e-01  3.74e-02  5.20e+00 3.94e-01 1.97e+00  9.81e-02 1.22e-03      2s
  13   1.79904028e+00  1.78066022e+01  1.89e+00 1.22e-15  9.93e-01  5.28e-02  5.29e+00 4.02e-01 1.97e+00  9.96e-02 1.25e-03      2s
  14   1.82135866e+00  1.78239732e+01  1.88e+00 1.08e-15  9.92e-01  6.21e-02  5.38e+00 4.11e-01 1.97e+00  1.01e-01 1.28e-03      2s
  15   1.84421708e+00  1.78413741e+01  1.88e+00 1.14e-15  9.90e-01  6.23e-02  5.47e+00 4.19e-01 1.97e+00  1.02e-01 1.31e-03      2s
  16   1.86746105e+00  1.78587951e+01  1.88e+00 1.96e-15  9.89e-01  5.23e-02  5.57e+00 4.28e-01 1.97e+00  1.03e-01 1.34e-03      2s
  17   1.89099214e+00  1.78762562e+01  1.88e+00 1.87e-15  9.88e-01  3.37e-02  5.68e+00 4.37e-01 1.96e+00  1.04e-01 1.36e-03      2s
  18   1.91479011e+00  1.78937704e+01  1.87e+00 1.07e-15  9.87e-01  1.26e-02  5.78e+00 4.47e-01 1.96e+00  1.04e-01 1.38e-03      2s
  19   1.93895528e+00  1.79113257e+01  1.87e+00 1.04e-15  9.85e-01  1.57e-03  5.89e+00 4.57e-01 1.96e+00  1.05e-01 1.41e-03      3s
  20   1.96378722e+00  1.79289365e+01  1.87e+00 2.72e-15  9.84e-01  6.30e-04  6.01e+00 4.67e-01 1.96e+00  1.07e-01 1.45e-03      3s
  21   1.98952555e+00  1.79465324e+01  1.87e+00 2.05e-15  9.83e-01  2.08e-02  6.12e+00 4.78e-01 1.96e+00  1.09e-01 1.50e-03      3s
  22   2.01641049e+00  1.79641323e+01  1.86e+00 1.97e-15  9.81e-01  4.97e-02  6.25e+00 4.89e-01 1.96e+00  1.11e-01 1.56e-03      3s
  23   2.04442249e+00  1.79817565e+01  1.86e+00 3.01e-15  9.80e-01  7.21e-02  6.38e+00 5.01e-01 1.96e+00  1.13e-01 1.62e-03      3s
  24   2.07320472e+00  1.79993930e+01  1.86e+00 3.02e-15  9.78e-01  7.50e-02  6.52e+00 5.13e-01 1.96e+00  1.14e-01 1.66e-03      3s
  25   2.10236469e+00  1.80171024e+01  1.85e+00 2.85e-15  9.77e-01  5.36e-02  6.66e+00 5.26e-01 1.96e+00  1.15e-01 1.69e-03      3s
  26   2.13167665e+00  1.80349302e+01  1.85e+00 3.67e-15  9.75e-01  1.77e-02  6.81e+00 5.39e-01 1.96e+00  1.16e-01 1.71e-03      4s
  27   2.16143930e+00  1.80528422e+01  1.85e+00 3.14e-15  9.74e-01  1.38e-03  6.97e+00 5.53e-01 1.96e+00  1.17e-01 1.75e-03      4s
  28   2.07096825e+00  1.80528422e+01  1.85e+00 3.08e-15  9.27e-01  1.96e+00  7.12e+00 5.68e-01 1.96e+00  1.00e+00 5.37e-02      4s
  29   2.07089699e+00  1.80528422e+01  1.85e+00 3.08e-15  9.27e-01  1.96e+00  7.16e+00 5.43e-01 1.96e+00  1.00e+00 4.41e-05      4s

The solution quality is limited by the precision of the linear system solver.

The algorithm stopped after 30 iterations in 4.05 seconds.

Primal variables:   [+0.292 +0.058 +0.327 +0.189]
Dual slacks:        [+0.949 +4.742 +0.356 +1.373]
Dual variables:     [+6.400 +7.478]

Primal objective:   2.07089699e+00 
Dual objective:     1.80528422e+01 

Primal residual:    1.85e+00
Dual residual:      3.08e-15
Complementraty:     9.27e-01

Number of Iter:     30
Run time:           4.05
