
--------------- Linear optimization problem characteristics ---------------
Seed:                    19
Number of variables:     4
Number of constraints:   2

Norm of primal sol:      2.44e+00
Norm of dual sol:        1.00e+01
Norm of dual slacks:     5.00e+00

Norm of vector b:        2.00e+00
Norm of vector c:        5.36e+00

Norm of matrix A:        1.00e+00
Condition number:        2.00e+00

----------------------- Linear optimization problem -----------------------
Coeff matrix A:          [[-0.589 +0.521 +0.154 +0.390]
                          [-0.007 -0.538 +0.305 -0.271]]

RHS vector b:            [+1.419 -1.409]
Obj vector c:            [+4.106 +3.036 +1.242 +1.053]

---------------------------- Optimal solution -----------------------------
Primal variables:         [+0.000 +2.400 +0.000 +0.435]
Dual slacks:              [+1.837 +0.000 +4.650 +0.000]
Dual variables:           [-3.747 -9.271]

Optimal objective:       +7.74410071e+00
===========================================================================

Method:                  II-QIPM
LO_Precision:            1.00e-01
Stop_Precision:          1.00e-03
LO_Verbosity:            2
Omega:                   5.00e+02

The Quantum Inexact Infeasible Interior-Point Method starts running ...


                  Objective                Residual                                Linear system           Step-length
Iter      Primal           Dual         Primal    Dual     Compl    ||Resl||  Cond-Num  ||M||   ||RHS||    a-star   a-hat      Time
   0   4.47449130e+03 -5.95479827e+02  1.17e+02 3.35e+02  3.61e+05 *8.04e-14  4.00e+00 1.00e+00 3.81e+02  7.74e-01 6.63e-01      0s
   1   4.73991926e+03 -4.56994520e+02  8.02e+01 2.30e+02  2.57e+05  6.07e-01  1.85e+00 2.11e+00 3.32e+02  8.59e-01 3.13e-01      0s
   2   5.12034800e+03 -2.63382866e+02  4.05e+01 1.17e+02  1.38e+05  3.00e-01  1.93e+00 3.51e+00 4.40e+02  9.11e-01 4.93e-01      0s
   3   5.63218545e+03 -3.08356188e+01  2.87e+00 7.01e+00  1.41e+04  8.11e-01  2.06e+00 8.22e+00 5.78e+02  9.99e-01 9.40e-01      0s
   4   5.93027572e+03 -3.08356188e+01  7.96e+01 6.02e+00  1.22e+04  5.82e+02  3.20e+00 1.37e+02 5.82e+02  6.53e-01 1.41e-01      1s
   5   6.20395426e+03 -3.08356188e+01  1.37e+02 5.50e+00  1.13e+04  7.43e+02  3.40e+00 1.88e+02 7.43e+02  5.96e-01 8.64e-02      1s
   6   6.50226283e+03 -3.08356188e+01  1.91e+02 5.10e+00  1.05e+04  8.73e+02  3.52e+00 2.34e+02 8.73e+02  5.58e-01 7.32e-02      1s
   7   6.81998347e+03 -3.08356188e+01  2.42e+02 4.78e+00  9.89e+03  1.01e+03  3.60e+00 2.87e+02 1.01e+03  5.23e-01 6.24e-02      1s
   8   7.15336201e+03 -3.08356188e+01  2.91e+02 4.52e+00  9.40e+03  1.16e+03  3.67e+00 3.46e+02 1.16e+03  4.92e-01 5.36e-02      1s
   9   7.49897559e+03 -3.08356188e+01  3.39e+02 4.31e+00  8.99e+03  1.32e+03  3.72e+00 4.12e+02 1.32e+03  4.63e-01 4.64e-02      1s
  10   7.85446142e+03 -3.08356188e+01  3.85e+02 4.14e+00  8.66e+03  1.49e+03  3.76e+00 4.84e+02 1.49e+03  4.37e-01 4.04e-02      1s
  11   8.21811258e+03 -3.08356188e+01  4.31e+02 3.99e+00  8.37e+03  1.67e+03  3.79e+00 5.63e+02 1.67e+03  4.13e-01 3.54e-02      1s
  12   8.58877138e+03 -3.08356188e+01  4.76e+02 3.87e+00  8.12e+03  1.86e+03  3.81e+00 6.48e+02 1.86e+03  3.92e-01 3.13e-02      1s
  13   8.96536669e+03 -3.08356188e+01  5.20e+02 3.76e+00  7.91e+03  2.06e+03  3.82e+00 7.41e+02 2.06e+03  3.72e-01 2.78e-02      1s
  14   9.34641418e+03 -3.08356188e+01  5.64e+02 3.67e+00  7.73e+03  2.28e+03  3.83e+00 8.40e+02 2.28e+03  3.54e-01 2.48e-02      1s
  15   9.73219567e+03 -3.08356188e+01  6.07e+02 3.59e+00  7.57e+03  2.50e+03  3.84e+00 9.45e+02 2.50e+03  3.37e-01 2.24e-02      2s
  16   1.01213904e+04 -3.08356188e+01  6.50e+02 3.51e+00  7.43e+03  2.74e+03  3.85e+00 1.06e+03 2.74e+03  3.22e-01 2.02e-02      2s
  17   1.05139836e+04 -3.08356188e+01  6.93e+02 3.45e+00  7.30e+03  2.99e+03  3.85e+00 1.18e+03 2.99e+03  3.08e-01 1.83e-02      2s
  18   1.09097769e+04 -3.08356188e+01  7.35e+02 3.39e+00  7.18e+03  3.25e+03  3.85e+00 1.30e+03 3.25e+03  2.95e-01 1.67e-02      2s
  19   1.13075344e+04 -3.08356188e+01  7.78e+02 3.34e+00  7.08e+03  3.52e+03  3.85e+00 1.44e+03 3.52e+03  2.83e-01 1.52e-02      2s
  20   1.17084818e+04 -3.08356188e+01  8.20e+02 3.29e+00  6.99e+03  3.80e+03  3.85e+00 1.58e+03 3.80e+03  2.72e-01 1.40e-02      2s
  21   1.21108340e+04 -3.08356188e+01  8.62e+02 3.25e+00  6.90e+03  4.09e+03  3.85e+00 1.72e+03 4.09e+03  2.62e-01 1.29e-02      2s
  22   1.25156301e+04 -3.08356188e+01  9.04e+02 3.21e+00  6.83e+03  4.40e+03  3.84e+00 1.88e+03 4.40e+03  2.52e-01 1.19e-02      2s
  23   1.29224423e+04 -3.08356188e+01  9.46e+02 3.18e+00  6.76e+03  4.72e+03  3.84e+00 2.04e+03 4.72e+03  2.43e-01 1.10e-02      2s
  24   1.33308965e+04 -3.08356188e+01  9.88e+02 3.14e+00  6.69e+03  5.04e+03  3.84e+00 2.20e+03 5.04e+03  2.35e-01 1.02e-02      2s
  25   1.37410786e+04 -3.08356188e+01  1.03e+03 3.11e+00  6.63e+03  5.39e+03  3.83e+00 2.38e+03 5.39e+03  2.27e-01 9.53e-03      2s
  26   1.41527305e+04 -3.08356188e+01  1.07e+03 3.09e+00  6.58e+03  5.74e+03  3.83e+00 2.56e+03 5.74e+03  2.20e-01 8.89e-03      3s
  27   1.45660496e+04 -3.08356188e+01  1.11e+03 3.06e+00  6.53e+03  6.10e+03  3.82e+00 2.75e+03 6.10e+03  2.13e-01 8.32e-03      3s
  28   1.49808773e+04 -3.08356188e+01  1.16e+03 3.04e+00  6.48e+03  6.48e+03  3.81e+00 2.94e+03 6.48e+03  2.06e-01 7.80e-03      3s
  29   1.53966748e+04 -3.08356188e+01  1.20e+03 3.01e+00  6.43e+03  6.87e+03  3.81e+00 3.15e+03 6.87e+03  2.00e-01 7.32e-03      3s
  30   1.58141717e+04 -3.08356188e+01  1.24e+03 2.99e+00  6.39e+03  7.27e+03  3.80e+00 3.36e+03 7.27e+03  1.94e-01 6.89e-03      3s
  31   1.62329088e+04 -3.08356188e+01  1.28e+03 2.97e+00  6.35e+03  7.69e+03  3.79e+00 3.57e+03 7.69e+03  1.88e-01 6.49e-03      3s
  32   1.66528588e+04 -3.08356188e+01  1.32e+03 2.96e+00  6.32e+03  8.12e+03  3.79e+00 3.80e+03 8.12e+03  1.83e-01 6.13e-03      3s
  33   1.70736018e+04 -3.08356188e+01  1.36e+03 2.94e+00  6.28e+03  8.56e+03  3.78e+00 4.03e+03 8.56e+03  1.78e-01 5.79e-03      3s
  34   1.74959953e+04 -3.08356188e+01  1.41e+03 2.92e+00  6.25e+03  9.01e+03  3.77e+00 4.27e+03 9.01e+03  1.73e-01 5.49e-03      3s
  35   1.79196837e+04 -3.08356188e+01  1.45e+03 2.91e+00  6.22e+03  9.47e+03  3.76e+00 4.51e+03 9.47e+03  1.69e-01 5.21e-03      3s
  36   1.83443189e+04 -3.08356188e+01  1.49e+03 2.89e+00  6.19e+03  9.95e+03  3.76e+00 4.77e+03 9.95e+03  1.64e-01 4.94e-03      4s
  37   1.87699865e+04 -3.08356188e+01  1.53e+03 2.88e+00  6.16e+03  1.04e+04  3.75e+00 5.03e+03 1.04e+04  1.60e-01 4.70e-03      4s
  38   1.91967944e+04 -3.08356188e+01  1.57e+03 2.87e+00  6.14e+03  1.09e+04  3.74e+00 5.30e+03 1.09e+04  1.56e-01 4.47e-03      4s
The problem is infeasible.

The algorithm stopped after 39 iterations in 3.81 seconds.

Primal variables:   [+3375.598 +147.296 +4092.941 +222.773]
Dual slacks:        [+0.226 +16.040 +0.213 +9.491]
Dual variables:     [-9.154 +12.664]

Primal objective:   1.96248715e+04 
Dual objective:     -3.08356188e+01

Primal residual:    1.62e+03
Dual residual:      2.85e+00
Complementraty:     6.11e+03

Number of Iter:     39
Run time:           3.81
