
--------------- Linear optimization problem characteristics ---------------
Seed:                    20
Number of variables:     4
Number of constraints:   2

Norm of primal sol:      2.97e+00
Norm of dual sol:        1.00e+01
Norm of dual slacks:     5.00e+00

Norm of vector b:        2.00e+00
Norm of vector c:        1.12e+01

Norm of matrix A:        1.00e+00
Condition number:        2.00e+00

----------------------- Linear optimization problem -----------------------
Coeff matrix A:          [[-0.647 +0.473 +0.418 +0.400]
                          [+0.281 -0.043 +0.382 -0.216]]

RHS vector b:            [+1.871 +0.708]
Obj vector c:            [+9.973 -4.538 -2.404 -0.469]

---------------------------- Optimal solution -----------------------------
Primal variables:         [+0.000 +2.106 +2.092 +0.000]
Dual slacks:              [+2.924 +0.000 +0.000 +4.056]
Dual variables:           [-9.242 +3.819]

Optimal objective:       -1.45872987e+01
===========================================================================

Method:                  II-QIPM
LO_Precision:            1.00e-01
Stop_Precision:          1.00e-03
LO_Verbosity:            2
Omega:                   5.00e+02

The Quantum Inexact Infeasible Interior-Point Method starts running ...


                  Objective                Residual                                Linear system           Step-length
Iter      Primal           Dual         Primal    Dual     Compl    ||Resl||  Cond-Num  ||M||   ||RHS||    a-star   a-hat      Time
   0   3.50450352e+03 -1.38621513e+03  6.78e+01 1.79e+02  1.98e+05 *1.61e-13  4.00e+00 1.00e+00 4.23e+02  8.96e-01 8.21e-01      0s
   1   4.53064091e+03 -1.36694298e+03  3.07e+01 8.11e+01  9.65e+04  3.16e-03  9.24e+01 6.03e+00 1.39e+02  7.15e-01 5.47e-01      2s
   2   4.90517157e+03 -1.21839517e+03  2.52e+01 6.68e+01  8.11e+04 *7.61e-01  2.25e+02 1.97e+01 2.37e+02  7.89e-01 1.77e-01      4s
   3   5.19199921e+03 -1.20821614e+03  2.15e+01 6.31e+01  7.70e+04 *4.76e+01  2.54e+02 2.68e+01 2.95e+02  5.15e-01 5.44e-02      6s
   4   5.67886871e+03 -9.40758166e+02  1.49e+01 4.40e+01  5.59e+04 *3.69e-02  2.76e+02 3.11e+01 3.55e+02  9.05e-01 3.03e-01     11s
   5   6.19596172e+03 -5.74293558e+02  7.30e+00 2.15e+01  3.05e+04 *4.90e-03  3.10e+02 5.02e+01 4.23e+02  1.00e+00 5.12e-01     15s
   6   5.97979545e+03 -1.67174854e+02  3.37e-01 3.83e-14  6.11e+03 *3.37e-01  3.50e+02 1.09e+02 4.50e+02  1.00e+00 1.00e+00     20s
   7   5.36424109e+02 -1.61406852e+02  1.04e-02 9.27e-15  6.97e+02  7.47e-03  3.83e+02 4.84e+02 5.16e+00  1.00e+00 9.84e-01     24s
   8   3.59111356e+02 -1.55323142e+02  7.17e-03 1.33e-15  5.14e+02  2.31e-03  3.31e+02 4.11e+01 2.20e+00  8.99e-01 2.92e-01     29s
   9   2.62578873e+02 -1.49240126e+02  5.53e-03 1.99e-15  4.11e+02  1.69e-03  2.98e+02 2.58e+01 2.13e+00  8.46e-01 2.22e-01     33s
  10   2.00581642e+02 -1.43051770e+02  4.53e-03 2.92e-15  3.43e+02  4.06e-03  2.66e+02 1.79e+01 2.09e+00  8.07e-01 1.84e-01     38s
  11   1.55984881e+02 -1.36660136e+02  1.14e-02 7.17e-15  2.92e+02  6.17e-02  2.35e+02 1.30e+01 2.06e+00  7.87e-01 1.67e-01     40s
  12   1.24346196e+02 -1.30184472e+02  9.80e-03 1.50e-14  2.54e+02  1.27e-04  2.05e+02 9.74e+00 2.04e+00  7.55e-01 1.44e-01     42s
  13   9.99371724e+01 -1.23541934e+02  8.54e-03 7.70e-15  2.23e+02  5.35e-04  1.77e+02 7.51e+00 2.02e+00  7.42e-01 1.35e-01     44s
  14   8.05170026e+01 -1.16713965e+02  7.49e-03 9.16e-16  1.97e+02  5.03e-04  1.51e+02 5.89e+00 2.01e+00  7.33e-01 1.30e-01     45s
  15   1.83903608e+01 -1.16713965e+02  2.00e+00 0.00e+00  1.97e+01  2.00e+00  1.27e+02 4.68e+00 2.00e+00  1.00e+00 1.00e+00     46s
  16  -2.30069140e-01 -2.86767991e+01  1.70e+00 2.55e-15  4.13e+00  4.79e-02  2.43e+02 8.49e-01 2.00e+00  1.61e-01 1.52e-01     48s
  17  -2.14187066e+00 -1.67805867e+01  1.46e+00 2.25e-15  2.28e+00  3.60e-02  1.64e+01 2.14e-01 1.96e+00  1.59e-01 1.39e-01     48s
  18  -2.31190505e+00 -1.66661333e+01  1.44e+00 1.80e-15  2.25e+00  5.31e-02  1.05e+01 1.04e+00 1.89e+00  2.14e-01 1.37e-02     49s
  19  -2.38657765e+00 -1.66167975e+01  1.43e+00 1.44e-15  2.24e+00  2.08e-03  9.94e+00 1.08e+00 1.89e+00  2.12e-01 6.29e-03     49s
  20  -2.47114187e+00 -1.65652811e+01  1.42e+00 1.20e-15  2.22e+00  2.46e-02  9.68e+00 1.11e+00 1.88e+00  2.23e-01 7.03e-03     49s
  21  -2.56571453e+00 -1.65118387e+01  1.41e+00 1.65e-15  2.21e+00  4.55e-02  9.41e+00 1.13e+00 1.88e+00  2.34e-01 7.80e-03     49s
  22  -2.65712655e+00 -1.64607334e+01  1.40e+00 1.56e-15  2.19e+00  1.80e-02  9.15e+00 1.16e+00 1.88e+00  2.33e-01 7.72e-03     50s
  23  -2.74754106e+00 -1.64111986e+01  1.39e+00 1.77e-15  2.17e+00  2.53e-03  8.90e+00 1.18e+00 1.88e+00  2.34e-01 7.78e-03     50s
  24  -2.85030461e+00 -1.63593574e+01  1.38e+00 1.46e-15  2.16e+00  2.29e-02  8.64e+00 1.21e+00 1.88e+00  2.46e-01 8.75e-03     50s
  25  -2.96433134e+00 -1.63058209e+01  1.37e+00 1.39e-15  2.14e+00  3.88e-02  8.39e+00 1.24e+00 1.88e+00  2.57e-01 9.67e-03     50s
  26  -3.07678161e+00 -1.62541889e+01  1.35e+00 9.99e-16  2.12e+00  1.61e-02  8.15e+00 1.27e+00 1.87e+00  2.58e-01 9.76e-03     50s
  27  -1.64180269e+00 -1.62541889e+01  1.70e+00 3.38e-16  8.50e-01  1.87e+00  7.90e+00 1.31e+00 1.87e+00  1.00e+00 6.66e-01     50s
  28  -1.64043871e+00 -1.62541889e+01  1.70e+00 3.38e-16  8.49e-01  1.95e+00  7.52e+00 5.66e-01 1.95e+00  1.00e+00 1.07e-03     51s
  29  -1.64043786e+00 -1.62541889e+01  1.70e+00 3.38e-16  8.49e-01  1.95e+00  7.52e+00 5.65e-01 1.95e+00  1.00e+00 6.66e-07     51s

The solution quality is limited by the precision of the linear system solver.

The algorithm stopped after 30 iterations in 51.03 seconds.

Primal variables:   [+0.154 +0.569 +0.239 +0.037]
Dual slacks:        [+2.688 +0.278 +0.517 +4.175]
Dual variables:     [-9.888 +3.171]

Primal objective:   -1.64043786e+00
Dual objective:     -1.62541889e+01

Primal residual:    1.70e+00
Dual residual:      3.38e-16
Complementraty:     8.49e-01

Number of Iter:     30
Run time:           51.03
