
--------------- Linear optimization problem characteristics ---------------
Seed:                    2
Number of variables:     4
Number of constraints:   2

Norm of primal sol:      3.98e+00
Norm of dual sol:        1.00e+01
Norm of dual slacks:     5.00e+00

Norm of vector b:        2.00e+00
Norm of vector c:        1.41e+01

Norm of matrix A:        1.00e+00
Condition number:        2.00e+00

----------------------- Linear optimization problem -----------------------
Coeff matrix A:          [[-0.328 -0.365 +0.179 +0.056]
                          [-0.648 +0.015 -0.549 +0.502]]

RHS vector b:            [+0.136 +1.995]
Obj vector c:            [+10.369 +1.413 +8.131 -4.780]

---------------------------- Optimal solution -----------------------------
Primal variables:         [+0.000 +0.236 +0.000 +3.970]
Dual slacks:              [+3.107 +0.000 +3.917 +0.000]
Dual variables:           [-4.249 -9.053]

Optimal objective:       -1.86421991e+01
===========================================================================

Method:                  II-QIPM
LO_Precision:            1.00e-01
Stop_Precision:          1.00e-03
LO_Verbosity:            2
Omega:                   5.00e+01

The Quantum Inexact Infeasible Interior-Point Method starts running ...


                  Objective                Residual                                Linear system           Step-length
Iter      Primal           Dual         Primal    Dual     Compl    ||Resl||  Cond-Num  ||M||   ||RHS||    a-star   a-hat      Time
   0   4.14780213e+02  2.66056539e+01  1.59e+01 3.46e+01  4.02e+03  1.46e-14  4.00e+00 1.00e+00 3.44e+01  7.46e-01 6.29e-01      0s
   1   3.90620662e+02  1.96342905e+01  1.31e+01 2.85e+01  3.38e+03 *3.71e-01  1.05e+01 3.00e+00 5.83e+01  7.84e-01 1.76e-01      1s
   2   3.65290720e+02  1.12358276e+01  1.00e+01 2.19e+01  2.67e+03 *3.07e-01  1.22e+01 4.04e+00 7.09e+01  8.49e-01 2.32e-01      1s
   3   3.37310824e+02  1.04054921e+00  6.56e+00 1.46e+01  1.87e+03 *7.15e-01  1.42e+01 5.85e+00 8.51e+01  9.34e-01 3.36e-01      1s
   4   2.93833092e+02 -1.28074084e+01  2.30e+00 5.31e+00  8.38e+02 *4.73e-01  1.66e+01 9.72e+00 9.94e+01  1.00e+00 6.36e-01      1s
   5   2.03856585e+02 -2.13310122e+01  5.55e-01 1.84e-15  2.21e+02 *5.55e-01  1.93e+01 2.46e+01 9.48e+01  1.00e+00 1.00e+00      2s
   6   8.33434451e-01 -2.13691607e+01  1.67e-02 9.42e-16  2.20e+01 *1.67e-02  1.84e+01 5.35e+01 7.07e-01  1.00e+00 1.00e+00      2s
   7  -1.58615346e+01 -2.09003642e+01  2.40e-03 9.95e-16  5.01e+00  4.80e-05  2.41e+01 6.45e+00 1.77e+00  9.88e-01 8.58e-01      3s
   8  -1.63824745e+01 -2.07229353e+01  2.20e-03 1.54e-15  4.32e+00  1.58e-03  8.56e+01 3.59e+00 1.90e+00  7.50e-01 1.54e-01      4s
   9  -1.67576872e+01 -2.05714370e+01  2.75e-03 5.55e-16  3.79e+00  7.58e-03  1.14e+02 3.86e+00 1.89e+00  7.44e-01 1.36e-01      5s
  10  -1.70236113e+01 -2.04457250e+01  2.45e-03 1.04e-15  3.40e+00  7.25e-05  1.46e+02 4.16e+00 1.88e+00  7.04e-01 1.14e-01      7s
  11  -1.72412158e+01 -2.03275170e+01  2.22e-03 2.78e-16  3.07e+00  3.51e-04  1.79e+02 4.46e+00 1.88e+00  6.94e-01 1.09e-01      9s
  12  -1.74248885e+01 -2.02133372e+01  2.12e-03 1.03e-15  2.77e+00  1.46e-03  2.15e+02 4.79e+00 1.87e+00  6.92e-01 1.07e-01     11s
  13  -4.18088300e+00 -2.02133372e+01  1.51e+00 5.55e-17  7.58e-01  1.87e+00  2.55e+02 5.17e+00 1.87e+00  1.00e+00 8.07e-01     13s
  14  -4.83793020e+00 -2.00363133e+01  1.44e+00 8.88e-16  7.22e-01  4.13e-03  2.19e+02 1.30e+00 1.96e+00  2.93e-01 4.38e-02     15s
  15  -5.24004602e+00 -1.99375536e+01  1.40e+00 9.95e-16  7.01e-01  4.69e-04  2.94e+02 1.70e+00 1.96e+00  3.23e-01 2.83e-02     19s
  16  -5.66346494e+00 -1.98392892e+01  1.36e+00 1.26e-15  6.80e-01  1.43e-04  3.39e+02 1.97e+00 1.95e+00  3.41e-01 3.09e-02     24s
  17  -6.11444279e+00 -1.97410403e+01  1.31e+00 1.01e-15  6.57e-01  4.34e-04  3.85e+02 2.30e+00 1.95e+00  3.61e-01 3.41e-02     28s
  18  -6.60193926e+00 -1.96422711e+01  1.26e+00 5.97e-16  6.31e-01  1.18e-03  4.31e+02 2.69e+00 1.95e+00  3.83e-01 3.84e-02     34s
  19  -7.17534373e+00 -1.95384991e+01  1.20e+00 1.29e-15  6.02e-01  7.06e-03  4.76e+02 3.19e+00 1.94e+00  4.07e-01 4.71e-02     44s
  20  -7.74088522e+00 -1.94412322e+01  1.14e+00 1.83e-15  5.72e-01  2.39e-05  5.25e+02 3.86e+00 1.94e+00  4.36e-01 4.90e-02     56s
  21  -8.36897944e+00 -1.93437745e+01  1.08e+00 1.85e-15  5.39e-01  1.79e-04  5.57e+02 4.64e+00 1.93e+00  4.66e-01 5.74e-02     66s
  22  -9.07440526e+00 -1.92464712e+01  1.00e+00 9.95e-16  5.02e-01  1.38e-04  5.81e+02 5.66e+00 1.93e+00  4.90e-01 6.86e-02     76s
  23  -9.88056088e+00 -1.91493091e+01  9.20e-01 1.20e-15  4.60e-01  3.05e-06  5.96e+02 7.05e+00 1.92e+00  5.12e-01 8.43e-02     86s
  24  -1.08245816e+01 -1.90520799e+01  8.21e-01 7.56e-16  4.10e-01  9.69e-05  6.02e+02 9.02e+00 1.91e+00  5.45e-01 1.08e-01     97s
  25  -1.19588575e+01 -1.89546987e+01  7.01e-01 1.02e-15  3.51e-01  2.12e-04  5.98e+02 1.20e+01 1.90e+00  5.91e-01 1.45e-01    112s
  26  -1.33624265e+01 -1.88572405e+01  5.54e-01 7.70e-16  2.77e-01  2.13e-04  5.85e+02 1.71e+01 1.89e+00  6.52e-01 2.11e-01    122s
  27  -1.51762652e+01 -1.87596436e+01  3.63e-01 5.33e-16  1.82e-01  2.59e-04  5.62e+02 2.70e+01 1.88e+00  7.36e-01 3.44e-01    132s
  28  -1.78601081e+01 -1.86553031e+01  8.11e-02 6.42e-16  3.95e-02  2.70e-05  5.24e+02 5.43e+01 1.85e+00  8.56e-01 7.77e-01    143s

The algorithm stopped after 29 iterations in 142.53 seconds.

Primal variables:   [+0.005 +0.224 +0.003 +3.819]
Dual slacks:        [+3.120 +0.022 +3.901 +0.002]
Dual variables:     [-4.189 -9.063]

Primal objective:   -1.78601081e+01
Dual objective:     -1.86553031e+01

Primal residual:    8.11e-02
Dual residual:      6.42e-16
Complementraty:     3.95e-02

Number of Iter:     29
Run time:           142.53
