
--------------- Linear optimization problem characteristics ---------------
Seed:                    96
Number of variables:     4
Number of constraints:   2

Norm of primal sol:      3.28e+00
Norm of dual sol:        1.00e+01
Norm of dual slacks:     5.00e+00

Norm of vector b:        2.00e+00
Norm of vector c:        8.65e+00

Norm of matrix A:        1.00e+00
Condition number:        2.00e+00

----------------------- Linear optimization problem -----------------------
Coeff matrix A:          [[-0.454 +0.359 -0.367 +0.723]
                          [+0.453 +0.157 -0.170 +0.010]]

RHS vector b:            [+1.964 +0.376]
Obj vector c:            [-6.142 +4.050 +3.085 +3.351]

---------------------------- Optimal solution -----------------------------
Primal variables:         [+0.759 +0.000 +0.000 +3.195]
Dual slacks:              [+0.000 +3.719 +3.342 +0.000]
Dual variables:           [+4.763 -8.793]

Optimal objective:       +6.04677233e+00
===========================================================================

Method:                  II-QIPM
LO_Precision:            1.00e-01
Stop_Precision:          1.00e-03
LO_Verbosity:            2
Omega:                   1.00e+02

The Quantum Inexact Infeasible Interior-Point Method starts running ...


                  Objective                Residual                                Linear system           Step-length
Iter      Primal           Dual         Primal    Dual     Compl    ||Resl||  Cond-Num  ||M||   ||RHS||    a-star   a-hat      Time
   0   6.10616448e+02 -8.64901747e+01  2.24e+01 8.75e+01  1.89e+04 *3.18e-14  4.00e+00 1.00e+00 5.59e+01  6.80e-01 5.58e-01      0s
   1   6.65660799e+02 -7.38628790e+01  1.86e+01 7.34e+01  1.62e+04  1.42e+00  6.64e+00 2.09e+00 8.49e+01  7.58e-01 1.61e-01      0s
   2   6.84165057e+02 -7.38628790e+01  1.62e+01 7.16e+01  1.58e+04  1.04e+02  7.62e+00 2.71e+00 1.04e+02  3.94e-01 2.49e-02      1s
   3   7.02756878e+02 -7.38628790e+01  1.40e+01 7.00e+01  1.55e+04  1.18e+02  7.99e+00 2.90e+00 1.18e+02  3.78e-01 2.26e-02      1s
   4   7.86030523e+02 -5.00756704e+01  9.34e+00 4.81e+01  1.11e+04  1.25e+00  8.38e+00 3.10e+00 1.32e+02  8.91e-01 3.12e-01      1s
   5   8.79493837e+02 -2.33649414e+01  3.97e+00 2.32e+01  5.86e+03  1.50e+00  1.03e+01 5.06e+00 1.58e+02  9.54e-01 5.18e-01      1s
   6   9.01515123e+02 -1.70037775e+00  1.83e+00 9.10e-01  1.04e+03  1.99e+00  1.28e+01 1.16e+01 1.78e+02  1.00e+00 9.61e-01      1s
   7   2.44397786e+02 -1.32935534e+00  9.82e-01 1.30e-15  2.30e+02  9.82e-01  1.48e+01 8.41e+01 2.62e+01  1.00e+00 1.00e+00      2s
   8   2.54048500e+01 -1.22271045e+00  1.07e-01 1.81e-15  2.46e+01  9.93e-02  1.42e+01 3.23e+01 1.74e+00  1.00e+00 9.91e-01      2s
   9   2.12858799e+01 -9.97748045e-01  8.93e-02 2.72e-15  2.06e+01  1.01e-02  1.75e+01 3.67e+00 1.92e+00  7.76e-01 1.81e-01      2s
  10   1.88853622e+01 -8.03562200e-01  7.84e-02 9.22e-16  1.82e+01  4.68e-03  1.98e+01 3.24e+00 1.89e+00  7.29e-01 1.28e-01      2s
  11   1.70978561e+01 -6.11785657e-01  6.97e-02 1.26e-15  1.64e+01  2.20e-04  2.20e+01 3.02e+00 1.88e+00  6.96e-01 1.10e-01      3s
  12   1.56514756e+01 -4.11375213e-01  6.47e-02 9.16e-16  1.49e+01  2.43e-02  2.44e+01 2.88e+00 1.86e+00  6.87e-01 1.05e-01      3s
  13   1.44900656e+01 -2.07778763e-01  6.10e-02 1.33e-15  1.36e+01  2.96e-02  2.73e+01 2.79e+00 1.85e+00  6.70e-01 9.70e-02      4s
  14   1.33769922e+01  4.19866953e-02  6.78e-02 1.02e-15  1.20e+01  1.26e-01  3.04e+01 2.75e+00 1.84e+00  7.30e-01 1.26e-01      4s
  15   1.26486032e+01  2.42061530e-01  6.31e-02 1.29e-15  1.12e+01  6.44e-03  3.56e+01 2.75e+00 1.83e+00  6.17e-01 7.60e-02      5s
  16   1.20206588e+01  4.47131305e-01  5.85e-02 1.26e-15  1.05e+01  1.20e-04  3.90e+01 2.76e+00 1.83e+00  6.06e-01 7.23e-02      5s
  17   1.14577792e+01  6.64621535e-01  5.49e-02 2.22e-16  9.79e+00  9.91e-03  4.23e+01 2.79e+00 1.82e+00  6.11e-01 7.39e-02      6s
  18   1.09571190e+01  8.91061248e-01  5.11e-02 2.66e-15  9.15e+00  3.25e-03  4.58e+01 2.84e+00 1.82e+00  6.07e-01 7.28e-02      6s
  19   1.04980234e+01  1.13383329e+00  4.81e-02 1.46e-15  8.52e+00  1.15e-02  4.92e+01 2.91e+00 1.82e+00  6.18e-01 7.66e-02      7s
  20   1.00745415e+01  1.39421692e+00  4.53e-02 1.11e-15  7.90e+00  1.45e-02  5.28e+01 3.01e+00 1.81e+00  6.29e-01 8.07e-02      7s
  21   9.67805150e+00  1.67923702e+00  4.36e-02 9.16e-16  7.26e+00  2.84e-02  5.63e+01 3.13e+00 1.81e+00  6.53e-01 8.98e-02      8s
  22   9.30397057e+00  1.98111330e+00  3.98e-02 1.24e-15  6.67e+00  1.33e-03  6.00e+01 3.29e+00 1.81e+00  6.50e-01 9.04e-02      8s
  23   9.00497459e+00  2.38168778e+00  6.41e-02 4.48e-16  5.57e+00  1.76e-01  6.27e+01 3.49e+00 1.81e+00  8.36e-01 1.86e-01      9s
  24   8.65860530e+00  2.75109105e+00  5.75e-02 4.48e-16  5.00e+00  5.15e-03  7.66e+01 3.96e+00 1.80e+00  6.87e-01 1.12e-01     10s
  25   8.29417751e+00  3.17730670e+00  4.99e-02 6.66e-16  4.37e+00  2.86e-03  7.77e+01 4.34e+00 1.80e+00  7.30e-01 1.39e-01     11s
  26   7.89562264e+00  3.68189243e+00  4.11e-02 1.22e-15  3.64e+00  2.21e-03  7.78e+01 4.89e+00 1.80e+00  7.87e-01 1.84e-01     12s
  27   7.45048003e+00  4.28943442e+00  3.19e-02 4.44e-16  2.75e+00  6.66e-03  7.64e+01 5.81e+00 1.80e+00  8.65e-01 2.68e-01     13s
  28   6.88827553e+00  5.06050456e+00  1.87e-02 2.24e-16  1.61e+00  2.84e-03  7.37e+01 7.63e+00 1.80e+00  9.58e-01 4.52e-01     14s
  29   6.17977602e+00  5.97986952e+00  3.05e-03 5.81e-16  1.70e-01  2.68e-03  6.67e+01 1.30e+01 1.80e+00  1.00e+00 9.76e-01     15s
  30   6.31367473e+00  6.03653123e+00  2.74e-02 5.69e-16  1.85e-02  2.74e-02  2.35e+01 1.23e+02 1.84e+00  1.00e+00 1.00e+00     15s

The algorithm stopped after 31 iterations in 15.04 seconds.

Primal variables:   [+0.700 +0.001 +0.001 +3.164]
Dual slacks:        [+0.008 +3.723 +3.338 +0.001]
Dual variables:     [+4.761 -8.811]

Primal objective:   6.31367473e+00 
Dual objective:     6.03653123e+00 

Primal residual:    2.74e-02
Dual residual:      5.69e-16
Complementraty:     1.85e-02

Number of Iter:     31
Run time:           15.04
