
--------------- Linear optimization problem characteristics ---------------
Seed:                    49
Number of variables:     4
Number of constraints:   2

Norm of primal sol:      4.10e+00
Norm of dual sol:        1.00e+01
Norm of dual slacks:     5.00e+00

Norm of vector b:        2.00e+00
Norm of vector c:        9.78e+00

Norm of matrix A:        1.00e+00
Condition number:        2.00e+00

----------------------- Linear optimization problem -----------------------
Coeff matrix A:          [[-0.411 +0.446 +0.544 +0.250]
                          [-0.209 -0.636 -0.239 -0.132]]

RHS vector b:            [+1.602 -1.197]
Obj vector c:            [-4.580 +3.346 +4.294 +6.709]

---------------------------- Optimal solution -----------------------------
Primal variables:         [+1.268 +0.000 +3.902 +0.000]
Dual slacks:              [+0.000 +1.335 +0.000 +4.818]
Dual variables:           [+9.394 +3.428]

Optimal objective:       +1.09461547e+01
===========================================================================

Method:                  II-QIPM
LO_Precision:            1.00e-01
Stop_Precision:          1.00e-03
LO_Verbosity:            2
Omega:                   5.00e+02

The Quantum Inexact Infeasible Interior-Point Method starts running ...


                  Objective                Residual                                Linear system           Step-length
Iter      Primal           Dual         Primal    Dual     Compl    ||Resl||  Cond-Num  ||M||   ||RHS||    a-star   a-hat      Time
   0   5.26789851e+03  0.00000000e+00  8.00e+02 2.27e+01  3.01e+04  8.01e+02  4.00e+00 1.00e+00 8.01e+02  9.91e-01 9.77e-01      0s
   1   2.64020012e+03 -1.89269502e+01  3.31e+02 9.62e+00  1.39e+04 *3.36e+01  2.37e+00 3.80e+01 6.82e+02  6.91e-01 5.77e-01      0s
   2   5.04942263e+02 -1.89269502e+01  2.00e+02 1.83e+00  5.19e+03  1.81e+02  3.30e+00 2.47e+01 1.81e+02  1.00e+00 8.10e-01      0s
   3   1.64107241e+02 -2.48611750e+01  3.49e+01 3.04e-01  1.05e+03  2.47e+00  8.31e+00 6.59e+01 1.46e+02  9.84e-01 8.34e-01      1s
   4  -5.51281744e+01 -2.48611750e+01  9.02e+00 0.00e+00  1.26e+02  9.02e+00  7.65e+00 1.01e+01 9.02e+00  1.00e+00 1.00e+00      1s
   5   9.49151357e+00 -1.08781967e+01  9.80e-01 2.00e-15  3.60e+01  2.14e-04  1.90e+01 3.00e+00 2.13e+00  1.00e+00 8.91e-01      1s
   6  -6.00635400e-01 -1.08781967e+01  1.93e+00 0.00e+00  3.60e+00  1.93e+00  3.66e+00 4.32e-01 1.93e+00  1.00e+00 1.00e+00      1s
   7   4.16445542e-01  4.79753603e+00  1.80e+00 1.83e-15  2.55e+00  1.42e-01  6.44e+00 7.32e-02 1.99e+00  7.87e-02 6.27e-02      1s
   8   4.53966710e-01  4.92313550e+00  1.80e+00 1.62e-15  2.54e+00  4.00e-02  4.18e+00 1.50e-01 1.96e+00  1.05e-01 3.08e-03      1s
   9   4.72248898e-01  4.98077586e+00  1.80e+00 1.40e-15  2.54e+00  5.89e-02  4.29e+00 1.57e-01 1.96e+00  1.07e-01 1.49e-03      2s
  10   4.90835875e-01  5.03799996e+00  1.79e+00 1.12e-15  2.53e+00  6.35e-02  4.34e+00 1.60e-01 1.96e+00  1.08e-01 1.52e-03      2s
  11   5.09789749e-01  5.09520748e+00  1.79e+00 1.42e-15  2.53e+00  6.43e-02  4.40e+00 1.63e-01 1.96e+00  1.10e-01 1.55e-03      2s
  12   5.28995496e-01  5.15228822e+00  1.79e+00 1.84e-15  2.52e+00  6.07e-02  4.46e+00 1.66e-01 1.96e+00  1.11e-01 1.58e-03      2s
  13   5.48428525e-01  5.20942419e+00  1.79e+00 1.62e-15  2.52e+00  5.28e-02  4.52e+00 1.70e-01 1.96e+00  1.12e-01 1.61e-03      2s
  14   5.67992746e-01  5.26656164e+00  1.78e+00 1.95e-15  2.52e+00  4.11e-02  4.59e+00 1.73e-01 1.96e+00  1.13e-01 1.64e-03      2s
  15   5.87688974e-01  5.32385738e+00  1.78e+00 1.57e-15  2.51e+00  2.68e-02  4.66e+00 1.77e-01 1.95e+00  1.13e-01 1.67e-03      3s
  16   6.07492885e-01  5.38126149e+00  1.78e+00 1.36e-15  2.51e+00  1.22e-02  4.73e+00 1.81e-01 1.95e+00  1.14e-01 1.70e-03      3s
  17   6.27446779e-01  5.43873473e+00  1.77e+00 2.19e-15  2.51e+00  1.62e-04  4.80e+00 1.85e-01 1.95e+00  1.15e-01 1.74e-03      3s
  18   6.47685997e-01  5.49630095e+00  1.77e+00 2.74e-15  2.50e+00  6.44e-03  4.87e+00 1.89e-01 1.95e+00  1.17e-01 1.78e-03      3s
  19   6.68352029e-01  5.55382392e+00  1.77e+00 3.39e-15  2.50e+00  5.27e-03  4.95e+00 1.94e-01 1.95e+00  1.18e-01 1.82e-03      3s
  20   6.89650392e-01  5.61126300e+00  1.76e+00 2.67e-15  2.49e+00  4.37e-03  5.03e+00 1.98e-01 1.95e+00  1.19e-01 1.87e-03      3s
  21   7.11708448e-01  5.66842187e+00  1.76e+00 3.14e-15  2.49e+00  2.09e-02  5.11e+00 2.03e-01 1.95e+00  1.21e-01 1.92e-03      3s
  22   7.34635785e-01  5.72528175e+00  1.76e+00 2.14e-15  2.48e+00  4.06e-02  5.20e+00 2.08e-01 1.95e+00  1.23e-01 1.98e-03      3s
  23   7.58448572e-01  5.78191789e+00  1.75e+00 3.05e-15  2.48e+00  5.81e-02  5.29e+00 2.13e-01 1.95e+00  1.25e-01 2.04e-03      4s
  24   7.83005608e-01  5.83840013e+00  1.75e+00 3.05e-15  2.47e+00  6.80e-02  5.39e+00 2.19e-01 1.95e+00  1.27e-01 2.09e-03      4s
  25   8.08068173e-01  5.89489187e+00  1.75e+00 3.08e-15  2.47e+00  6.64e-02  5.49e+00 2.24e-01 1.95e+00  1.28e-01 2.15e-03      4s
  26   8.33382712e-01  5.95164995e+00  1.74e+00 3.85e-15  2.46e+00  5.21e-02  5.60e+00 2.30e-01 1.95e+00  1.29e-01 2.20e-03      4s
  27   8.58734023e-01  6.00880939e+00  1.74e+00 2.21e-15  2.46e+00  2.88e-02  5.71e+00 2.36e-01 1.95e+00  1.31e-01 2.24e-03      4s
  28   8.84156420e-01  6.06642429e+00  1.73e+00 1.90e-15  2.45e+00  6.00e-03  5.83e+00 2.43e-01 1.95e+00  1.32e-01 2.29e-03      4s
  29   9.09998656e-01  6.12432885e+00  1.73e+00 2.68e-15  2.45e+00  3.25e-03  5.94e+00 2.50e-01 1.95e+00  1.33e-01 2.36e-03      5s
  30   9.36774653e-01  6.18203978e+00  1.73e+00 2.03e-15  2.44e+00  9.45e-03  6.06e+00 2.57e-01 1.94e+00  1.35e-01 2.43e-03      5s
  31   9.64974528e-01  6.23918989e+00  1.72e+00 1.78e-15  2.44e+00  4.00e-02  6.19e+00 2.64e-01 1.94e+00  1.38e-01 2.51e-03      5s
  32   9.94764562e-01  6.29581455e+00  1.72e+00 2.03e-15  2.43e+00  7.20e-02  6.33e+00 2.72e-01 1.94e+00  1.41e-01 2.61e-03      5s
  33   1.02572672e+00  6.35225204e+00  1.71e+00 2.09e-15  2.43e+00  8.59e-02  6.47e+00 2.80e-01 1.94e+00  1.43e-01 2.70e-03      5s
  34   1.05700058e+00  6.40907982e+00  1.71e+00 2.32e-15  2.42e+00  6.89e-02  6.62e+00 2.89e-01 1.94e+00  1.45e-01 2.77e-03      5s
  35   1.08797153e+00  6.46697663e+00  1.70e+00 1.29e-15  2.41e+00  2.78e-02  6.78e+00 2.98e-01 1.94e+00  1.46e-01 2.83e-03      6s
  36   1.11901316e+00  6.52577129e+00  1.70e+00 1.68e-15  2.41e+00  1.16e-03  6.94e+00 3.08e-01 1.94e+00  1.47e-01 2.91e-03      6s
  37   6.02936315e-01  6.52577129e+00  1.86e+00 4.00e-16  9.30e-01  1.94e+00  7.11e+00 3.18e-01 1.94e+00  1.00e+00 6.82e-01      6s
  38   6.52924633e-01  6.72646695e+00  1.85e+00 1.32e-15  9.26e-01  3.43e-02  8.35e+00 1.41e-01 1.98e+00  6.62e-02 4.42e-03      6s
  39   6.80439885e-01  6.83142842e+00  1.85e+00 8.88e-16  9.23e-01  2.83e-03  9.04e+00 1.59e-01 1.97e+00  6.97e-02 2.51e-03      6s
  40   7.11734895e-01  6.93937072e+00  1.84e+00 9.22e-16  9.21e-01  3.82e-02  9.42e+00 1.69e-01 1.97e+00  7.21e-02 2.80e-03      6s
  41   7.42143027e-01  7.04416241e+00  1.84e+00 1.13e-15  9.18e-01  1.11e-03  9.85e+00 1.81e-01 1.97e+00  7.42e-02 2.80e-03      7s
  42   7.76703449e-01  7.15208802e+00  1.83e+00 6.30e-16  9.15e-01  3.25e-02  1.03e+01 1.94e-01 1.97e+00  7.69e-02 3.13e-03      7s
  43   8.11554927e-01  7.25821282e+00  1.82e+00 1.11e-16  9.12e-01  1.16e-02  1.08e+01 2.09e-01 1.97e+00  7.93e-02 3.22e-03      7s
  44   8.50755204e-01  7.36691381e+00  1.82e+00 1.56e-15  9.09e-01  3.65e-02  1.13e+01 2.25e-01 1.97e+00  8.24e-02 3.57e-03      7s
  45   8.89386091e-01  7.47283337e+00  1.81e+00 1.11e-15  9.06e-01  5.34e-03  1.19e+01 2.43e-01 1.97e+00  8.51e-02 3.62e-03      8s
  46   9.36535925e-01  7.58445714e+00  1.80e+00 1.05e-15  9.02e-01  6.17e-02  1.24e+01 2.63e-01 1.97e+00  8.89e-02 4.27e-03      8s
  47   9.82264489e-01  7.69259693e+00  1.80e+00 1.49e-15  8.98e-01  2.22e-02  1.31e+01 2.87e-01 1.97e+00  9.21e-02 4.29e-03      8s
  48   1.03103033e+00  7.80096467e+00  1.79e+00 1.69e-15  8.94e-01  2.20e-02  1.38e+01 3.13e-01 1.96e+00  9.58e-02 4.60e-03      8s
  49   1.09827672e+00  7.91902852e+00  1.78e+00 9.42e-16  8.89e-01  1.23e-01  1.46e+01 3.41e-01 1.96e+00  1.01e-01 5.94e-03      9s
  50   1.09827647e+00  7.91902852e+00  1.78e+00 9.42e-16  8.89e-01  1.96e+00  1.57e+01 3.80e-01 1.96e+00  1.00e+00 2.91e-07      9s

The solution quality is limited by the precision of the linear system solver.

The algorithm stopped after 51 iterations in 9.09 seconds.

Primal variables:   [+0.220 +0.061 +0.360 +0.053]
Dual slacks:        [+1.289 +3.390 +0.357 +5.074]
Dual variables:     [+10.493 +7.427]

Primal objective:   1.09827647e+00 
Dual objective:     7.91902852e+00 

Primal residual:    1.78e+00
Dual residual:      9.42e-16
Complementraty:     8.89e-01

Number of Iter:     51
Run time:           9.09
