
--------------- Linear optimization problem characteristics ---------------
Seed:                    74
Number of variables:     4
Number of constraints:   2

Norm of primal sol:      3.51e+00
Norm of dual sol:        1.00e+01
Norm of dual slacks:     5.00e+00

Norm of vector b:        2.00e+00
Norm of vector c:        9.49e+00

Norm of matrix A:        1.00e+00
Condition number:        2.00e+00

----------------------- Linear optimization problem -----------------------
Coeff matrix A:          [[-0.270 +0.606 +0.324 -0.415]
                          [-0.287 -0.169 -0.464 +0.454]]

RHS vector b:            [+1.822 -0.825]
Obj vector c:            [-0.534 -5.127 -0.972 +7.914]

---------------------------- Optimal solution -----------------------------
Primal variables:         [+0.875 +3.396 +0.000 +0.000]
Dual slacks:              [+0.000 +0.000 +4.674 +1.776]
Dual variables:           [-6.290 +7.774]

Optimal objective:       -1.78761377e+01
===========================================================================

Method:                  II-QIPM
LO_Precision:            1.00e-01
Stop_Precision:          1.00e-03
LO_Verbosity:            2
Omega:                   5.00e+02

The Quantum Inexact Infeasible Interior-Point Method starts running ...


                  Objective                Residual                                Linear system           Step-length
Iter      Primal           Dual         Primal    Dual     Compl    ||Resl||  Cond-Num  ||M||   ||RHS||    a-star   a-hat      Time
   0   6.14813408e+02  0.00000000e+00  2.95e+02 2.10e+01  2.36e+04  2.96e+02  4.00e+00 1.00e+00 2.96e+02  9.90e-01 9.79e-01      0s
   1   1.55753759e+03 -2.04557280e+01  4.46e+01 2.81e+00  4.81e+03 *1.24e+01  4.25e+00 6.34e+01 8.19e+02  9.16e-01 8.66e-01      0s
   2   2.13214852e+03 -2.04557280e+01  1.75e+01 2.30e+00  4.02e+03  2.88e+02  7.27e+00 3.47e+02 2.88e+02  7.19e-01 1.82e-01      0s
   3   1.01074305e+03 -2.03273163e+01  6.86e-01 1.35e-15  1.03e+03  6.86e-01  8.81e+00 4.77e+02 4.22e+02  1.00e+00 1.00e+00      1s
   4   8.28596533e+01 -2.03214423e+01  2.70e-02 8.25e-16  1.03e+02  2.70e-02  5.94e+00 6.90e+02 1.03e+01  1.00e+00 1.00e+00      1s
   5  -9.89323645e+00 -2.02623562e+01  1.48e-02 1.24e-15  1.03e+01  1.48e-02  5.75e+00 7.26e+01 2.46e+00  1.00e+00 1.00e+00      1s
   6  -1.44851410e+01 -1.99887310e+01  8.54e-03 6.38e-16  5.46e+00  2.93e-03  6.78e+00 7.66e+00 2.01e+00  8.46e-01 5.22e-01      1s
   7  -1.49889374e+01 -1.98868584e+01  9.46e-03 1.28e-15  4.85e+00  1.63e-02  1.05e+01 5.21e+00 1.94e+00  7.20e-01 1.25e-01      1s
   8  -1.53775797e+01 -1.97903939e+01  9.79e-03 1.36e-15  4.36e+00  1.26e-02  1.22e+01 5.14e+00 1.93e+00  7.01e-01 1.12e-01      2s
   9  -1.56931985e+01 -1.96974006e+01  8.92e-03 1.35e-15  3.96e+00  1.35e-03  1.40e+01 5.16e+00 1.91e+00  6.83e-01 1.03e-01      2s
  10  -2.33206430e+00 -1.96974006e+01  1.67e+00 1.67e-16  8.36e-01  1.90e+00  1.60e+01 5.24e+00 1.90e+00  1.00e+00 8.76e-01      2s
  11  -2.94426644e+00 -1.95327041e+01  1.61e+00 1.12e-15  8.03e-01  3.29e-02  1.34e+01 1.03e+00 1.98e+00  2.79e-01 3.74e-02      2s
  12  -3.32910587e+00 -1.94329606e+01  1.57e+00 1.27e-15  7.83e-01  9.94e-03  1.76e+01 1.25e+00 1.97e+00  2.82e-01 2.45e-02      2s
  13  -3.72591755e+00 -1.93329880e+01  1.53e+00 7.55e-16  7.63e-01  1.52e-02  2.05e+01 1.41e+00 1.97e+00  2.97e-01 2.62e-02      3s
  14  -4.13206734e+00 -1.92335410e+01  1.48e+00 1.80e-15  7.42e-01  1.16e-02  2.37e+01 1.62e+00 1.97e+00  3.11e-01 2.77e-02      3s
  15  -4.54894201e+00 -1.91347837e+01  1.44e+00 1.88e-15  7.20e-01  7.02e-03  2.71e+01 1.86e+00 1.96e+00  3.29e-01 2.94e-02      4s
  16  -5.11144184e+00 -1.90221683e+01  1.38e+00 2.12e-15  6.89e-01  1.23e-01  3.05e+01 2.14e+00 1.96e+00  3.48e-01 4.33e-02      4s
  17  -5.56027922e+00 -1.89261273e+01  1.33e+00 1.43e-15  6.65e-01  1.77e-04  3.70e+01 2.63e+00 1.95e+00  3.74e-01 3.44e-02      5s
  18  -6.03820506e+00 -1.88302466e+01  1.28e+00 1.43e-15  6.40e-01  3.27e-05  3.99e+01 3.07e+00 1.95e+00  3.91e-01 3.81e-02      5s
  19  -6.57719977e+00 -1.87317669e+01  1.22e+00 7.22e-16  6.11e-01  1.19e-02  4.25e+01 3.60e+00 1.94e+00  4.11e-01 4.52e-02      6s
  20  -7.14620608e+00 -1.86360036e+01  1.16e+00 1.51e-15  5.80e-01  6.88e-04  4.50e+01 4.31e+00 1.94e+00  4.35e-01 4.99e-02      6s
  21  -7.80333563e+00 -1.85380903e+01  1.09e+00 1.47e-15  5.45e-01  9.27e-03  4.67e+01 5.20e+00 1.93e+00  4.63e-01 6.11e-02      7s
  22  -8.55915843e+00 -1.84395359e+01  1.01e+00 9.76e-16  5.04e-01  1.20e-02  4.83e+01 6.44e+00 1.92e+00  4.96e-01 7.52e-02      8s
  23  -9.46347014e+00 -1.83389248e+01  9.09e-01 1.25e-15  4.55e-01  1.88e-02  4.96e+01 8.22e+00 1.92e+00  5.37e-01 9.78e-02      8s
  24  -1.04529807e+01 -1.82442321e+01  8.02e-01 1.16e-15  4.01e-01  1.12e-03  5.09e+01 1.10e+01 1.91e+00  5.65e-01 1.18e-01      9s
  25  -1.17868816e+01 -1.81418177e+01  6.56e-01 1.33e-15  3.28e-01  2.16e-02  5.05e+01 1.50e+01 1.89e+00  6.44e-01 1.82e-01      9s
  26  -1.32895321e+01 -1.80485518e+01  4.94e-01 1.07e-15  2.47e-01  2.19e-03  5.19e+01 2.34e+01 1.88e+00  6.90e-01 2.48e-01     10s
  27  -1.52760466e+01 -1.79549874e+01  2.79e-01 1.32e-15  1.39e-01  2.50e-03  5.01e+01 3.98e+01 1.86e+00  7.90e-01 4.35e-01     10s
  28  -1.75379593e+01 -1.78814254e+01  3.29e-02 1.07e-15  1.92e-02  9.96e-03  4.77e+01 9.75e+01 1.83e+00  9.44e-01 8.88e-01     11s

The algorithm stopped after 29 iterations in 10.92 seconds.

Primal variables:   [+0.835 +3.338 +0.002 +0.003]
Dual slacks:        [+0.003 +0.001 +4.678 +1.773]
Dual variables:     [-6.289 +7.784]

Primal objective:   -1.75379593e+01
Dual objective:     -1.78814254e+01

Primal residual:    3.29e-02
Dual residual:      1.07e-15
Complementraty:     1.92e-02

Number of Iter:     29
Run time:           10.92
