
--------------- Linear optimization problem characteristics ---------------
Seed:                    14
Number of variables:     4
Number of constraints:   2

Norm of primal sol:      5.46e+00
Norm of dual sol:        1.00e+01
Norm of dual slacks:     5.00e+00

Norm of vector b:        2.00e+00
Norm of vector c:        7.46e+00

Norm of matrix A:        1.00e+00
Condition number:        2.00e+00

----------------------- Linear optimization problem -----------------------
Coeff matrix A:          [[-0.303 +0.101 +0.381 +0.066]
                          [-0.369 +0.673 -0.496 -0.404]]

RHS vector b:            [-0.458 +1.947]
Obj vector c:            [-2.239 +5.830 -1.043 -3.935]

---------------------------- Optimal solution -----------------------------
Primal variables:         [+3.021 +4.545 +0.000 +0.000]
Dual slacks:              [+0.000 +0.000 +5.000 +0.046]
Dual variables:           [-3.839 +9.234]

Optimal objective:       +1.97351009e+01
===========================================================================

Method:                  II-QIPM
LO_Precision:            1.00e-01
Stop_Precision:          1.00e-03
LO_Verbosity:            2
Omega:                   1.00e+03

The Quantum Inexact Infeasible Interior-Point Method starts running ...


                  Objective                Residual                                Linear system           Step-length
Iter      Primal           Dual         Primal    Dual     Compl    ||Resl||  Cond-Num  ||M||   ||RHS||    a-star   a-hat      Time
   0   8.87019819e+02  1.07956956e+03  2.29e+02 7.10e+02  1.51e+06 *0.00e+00  4.00e+00 1.00e+00 7.16e+02  7.58e-01 6.45e-01      1s
   1   1.53700205e+03  8.28032989e+02  1.49e+02 4.69e+02  1.03e+06 *1.77e+01  1.26e+01 4.94e+00 1.28e+03  8.13e-01 3.39e-01      1s
   2   2.29250603e+03  4.62653718e+02  6.79e+01 2.23e+02  5.16e+05 *1.73e+01  1.41e+01 8.94e+00 1.63e+03  8.68e-01 5.25e-01      1s
   3   2.67584650e+03  4.62653718e+02  2.54e+01 2.18e+02  5.06e+05  2.04e+03  1.52e+01 2.33e+01 2.04e+03  3.59e-01 2.11e-02      2s
   4   3.12734577e+03  1.78630849e+01  2.03e+00 4.99e+00  1.57e+04  2.29e+00  1.61e+01 2.55e+01 2.29e+03  9.88e-01 9.77e-01      3s
   5   2.89852616e+03  1.77023806e+01  5.52e+00 3.91e+00  1.27e+04  2.04e+01  6.74e+00 5.35e+02 1.10e+03  8.31e-01 2.16e-01      3s
   6   2.67241259e+03  1.76264834e+01  4.51e+00 3.26e+00  1.08e+04  5.67e-01  6.94e+00 6.53e+02 1.02e+03  7.94e-01 1.67e-01      4s
   7   1.36027351e+03  1.76264834e+01  1.69e+02 2.69e+00  9.05e+03  9.73e+02  7.11e+00 7.58e+02 9.73e+02  6.38e-01 1.73e-01      4s
   8   1.28871121e+03  1.77418877e+01  1.37e+02 2.19e+00  7.52e+03  2.12e+00  6.88e+00 9.88e+02 1.47e+03  8.14e-01 1.88e-01      4s
   9   2.00684257e+02  1.77418877e+01  2.72e+02 1.94e+00  6.73e+03  1.33e+03  7.01e+00 1.16e+03 1.33e+03  6.25e-01 1.13e-01      5s
  10   3.35898327e+02  1.80876152e+01  1.97e+02 1.40e+00  5.04e+03  1.41e+01  6.72e+00 1.40e+03 1.72e+03  8.85e-01 2.79e-01      5s
  11  -5.04124602e+02  1.80876152e+01  2.92e+02 1.29e+00  4.69e+03  1.47e+03  7.10e+00 1.81e+03 1.47e+03  5.89e-01 7.60e-02      5s
  12  -1.22874753e+02  1.86289055e+01  1.65e+02 7.29e-01  2.82e+03  3.23e+00  6.81e+00 2.05e+03 1.74e+03  9.55e-01 4.36e-01      6s
  13   6.95103442e+01  1.91036064e+01  6.91e+01 3.06e-01  1.32e+03  1.85e+00  8.37e+00 3.45e+03 1.42e+03  9.75e-01 5.80e-01      6s
  14   1.15303240e+02  1.95205005e+01  1.19e+01 1.19e-15  1.32e+02 *1.19e+01  1.16e+01 8.20e+03 1.25e+03  1.00e+00 1.00e+00      7s
  15  -3.60591827e+00  1.95244968e+01  3.99e+00 2.83e-16  1.32e+01 *3.99e+00  2.98e+01 1.26e+05 5.18e+01  1.00e+00 1.00e+00      8s
  16   2.04183296e+01  1.95295071e+01  4.07e-02 8.03e-16  1.29e+00 *4.07e-02  2.89e+01 1.19e+04 4.05e+00  1.00e+00 1.00e+00      8s
  17   2.01026843e+01  1.95371806e+01  4.88e-02 2.66e-16  7.78e-01 *1.01e-01  2.87e+01 1.02e+03 1.79e+00  9.12e-01 4.41e-01      9s
  18   1.99073198e+01  1.95428285e+01  1.10e-01 6.35e-16  6.06e-01 *3.05e-01  3.06e+01 6.06e+02 1.78e+00  8.71e-01 2.47e-01     10s
  19   1.98743061e+01  1.95481217e+01  9.69e-02 2.20e-16  5.39e-01 *1.08e-03  3.30e+01 4.87e+02 1.76e+00  7.20e-01 1.24e-01     11s
  20   1.98478139e+01  1.95536015e+01  8.77e-02 5.06e-16  4.84e-01 *1.44e-02  3.43e+01 4.38e+02 1.75e+00  6.99e-01 1.12e-01     12s
  21   1.98266830e+01  1.95593001e+01  8.03e-02 9.37e-16  4.40e-01 *1.62e-02  3.56e+01 4.03e+02 1.74e+00  6.80e-01 1.02e-01     14s
  22   1.98111126e+01  1.95652235e+01  7.28e-02 1.94e-15  4.02e-01 *1.07e-04  3.69e+01 3.77e+02 1.73e+00  6.61e-01 9.39e-02     15s
  23   1.97976234e+01  1.95714645e+01  6.68e-02 1.31e-15  3.69e-01 *7.49e-03  3.82e+01 3.59e+02 1.73e+00  6.55e-01 9.10e-02     16s
  24   1.97849556e+01  1.95780968e+01  6.27e-02 6.92e-16  3.39e-01 *2.13e-02  3.94e+01 3.46e+02 1.72e+00  6.55e-01 9.10e-02     16s
  25   1.97740254e+01  1.95851606e+01  5.90e-02 1.67e-15  3.11e-01 *2.22e-02  4.06e+01 3.37e+02 1.72e+00  6.55e-01 9.11e-02     17s
  26   1.97650154e+01  1.95927389e+01  5.51e-02 9.51e-16  2.85e-01 *1.78e-02  4.17e+01 3.32e+02 1.72e+00  6.59e-01 9.28e-02     17s
  27   1.97566446e+01  1.96009415e+01  5.19e-02 9.44e-16  2.60e-01 *2.22e-02  4.26e+01 3.31e+02 1.71e+00  6.70e-01 9.77e-02     18s
  28   1.97484591e+01  1.96098984e+01  4.94e-02 7.12e-16  2.35e-01 *2.82e-02  4.34e+01 3.33e+02 1.71e+00  6.87e-01 1.06e-01     19s
  29   1.97438584e+01  1.96197524e+01  4.46e-02 1.04e-15  2.11e-01 *7.82e-03  4.41e+01 3.40e+02 1.71e+00  7.01e-01 1.14e-01     19s
  30   1.97364927e+01  1.96307199e+01  4.27e-02 9.59e-16  1.86e-01 *2.97e-02  4.45e+01 3.53e+02 1.71e+00  7.36e-01 1.33e-01     20s
  31   1.97343322e+01  1.96431438e+01  3.68e-02 1.06e-15  1.60e-01 *4.47e-03  4.49e+01 3.73e+02 1.71e+00  7.63e-01 1.53e-01     20s
  32   1.97295238e+01  1.96572630e+01  3.34e-02 3.46e-16  1.33e-01 *1.90e-02  4.47e+01 4.06e+02 1.71e+00  8.13e-01 1.92e-01     21s
  33   1.97222749e+01  1.96734957e+01  3.19e-02 5.68e-16  1.02e-01 *2.76e-02  4.44e+01 4.60e+02 1.71e+00  8.71e-01 2.52e-01     21s
  34   1.97245703e+01  1.96932175e+01  2.26e-02 6.16e-16  6.86e-02 *6.56e-03  4.38e+01 5.56e+02 1.71e+00  9.36e-01 3.65e-01     22s

The algorithm stopped after 35 iterations in 22.03 seconds.

Primal variables:   [+3.054 +4.706 +0.003 +0.221]
Dual slacks:        [+0.009 +0.003 +4.977 +0.039]
Dual variables:     [-3.795 +9.223]

Primal objective:   1.97245703e+01 
Dual objective:     1.96932175e+01 

Primal residual:    2.26e-02
Dual residual:      6.16e-16
Complementraty:     6.86e-02

Number of Iter:     35
Run time:           22.03
