
--------------- Linear optimization problem characteristics ---------------
Seed:                    64
Number of variables:     4
Number of constraints:   2

Norm of primal sol:      2.34e+00
Norm of dual sol:        1.00e+01
Norm of dual slacks:     5.00e+00

Norm of vector b:        2.00e+00
Norm of vector c:        1.09e+01

Norm of matrix A:        1.00e+00
Condition number:        2.00e+00

----------------------- Linear optimization problem -----------------------
Coeff matrix A:          [[+0.431 +0.234 +0.127 +0.534]
                          [+0.167 -0.321 +0.500 +0.572]]

RHS vector b:            [+0.988 +1.739]
Obj vector c:            [+0.191 +6.770 -5.160 -6.765]

---------------------------- Optimal solution -----------------------------
Primal variables:         [+0.000 +0.000 +1.865 +1.409]
Dual slacks:              [+2.779 +4.157 +0.000 +0.000]
Dual variables:           [-2.225 -9.749]

Optimal objective:       -1.91516825e+01
===========================================================================

Method:                  II-QIPM
LO_Precision:            1.00e-01
Stop_Precision:          1.00e-03
LO_Verbosity:            2
Omega:                   1.00e+02

The Quantum Inexact Infeasible Interior-Point Method starts running ...


                  Objective                Residual                                Linear system           Step-length
Iter      Primal           Dual         Primal    Dual     Compl    ||Resl||  Cond-Num  ||M||   ||RHS||    a-star   a-hat      Time
   0  -6.46627571e+02  0.00000000e+00  1.80e+02 2.12e+01  4.03e+03  1.83e+02  4.00e+00 1.00e+00 1.83e+02  9.37e-01 8.95e-01      0s
   1  -5.34282607e+02 -3.96574185e+00  1.58e+02 1.86e+01  3.58e+03 *9.10e-02  8.95e+00 2.19e+01 3.92e+02  6.39e-01 1.22e-01      0s
   2  -6.14575638e+02 -3.96574185e+00  1.65e+02 1.77e+01  3.41e+03  2.97e+02  7.40e+00 1.81e+01 2.97e+02  4.91e-01 5.00e-02      1s
   3  -6.92902645e+02 -3.96574185e+00  1.71e+02 1.69e+01  3.28e+03  3.25e+02  8.00e+00 2.10e+01 3.25e+02  4.64e-01 4.32e-02      1s
   4  -6.14016063e+02 -6.27471024e+00  1.57e+02 1.55e+01  3.03e+03 *8.17e-01  8.57e+00 2.42e+01 3.55e+02  6.35e-01 8.27e-02      1s
   5  -7.08681707e+02 -6.27471024e+00  1.65e+02 1.46e+01  2.87e+03  2.97e+02  7.72e+00 2.14e+01 2.97e+02  5.11e-01 5.70e-02      1s
   6  -6.30065999e+02 -8.36034239e+00  1.51e+02 1.34e+01  2.66e+03 *8.30e-01  8.34e+00 2.54e+01 3.30e+02  6.36e-01 8.28e-02      1s
   7  -7.48815266e+02 -8.36034239e+00  1.60e+02 1.24e+01  2.47e+03  2.78e+02  7.67e+00 2.26e+01 2.78e+02  5.08e-01 7.58e-02      1s
   8  -6.67554230e+02 -1.02289287e+01  1.47e+02 1.14e+01  2.28e+03 *6.92e-01  8.40e+00 2.81e+01 3.18e+02  6.41e-01 8.40e-02      2s
   9  -8.27549331e+02 -1.02289287e+01  1.58e+02 1.02e+01  2.06e+03  2.68e+02  7.90e+00 2.53e+01 2.68e+02  4.90e-01 1.04e-01      2s
  10  -7.40127295e+02 -1.18610417e+01  1.45e+02 9.31e+00  1.90e+03 *3.28e-02  8.90e+00 3.41e+01 3.24e+02  6.46e-01 8.59e-02      2s
  11  -6.58453281e+02 -1.34729875e+01  1.32e+02 8.47e+00  1.75e+03 *4.20e-01  8.60e+00 3.08e+01 2.74e+02  6.56e-01 9.02e-02      2s
  12  -5.82016381e+02 -1.50754765e+01  1.19e+02 7.66e+00  1.60e+03 *6.59e-01  8.42e+00 2.79e+01 2.30e+02  6.68e-01 9.57e-02      2s
  13  -5.10365876e+02 -1.66812848e+01  1.07e+02 6.87e+00  1.45e+03 *6.58e-01  8.35e+00 2.52e+01 1.92e+02  6.81e-01 1.03e-01      2s
  14  -4.42647211e+02 -1.83103775e+01  9.50e+01 6.10e+00  1.30e+03 *6.66e-01  8.37e+00 2.28e+01 1.58e+02  6.99e-01 1.12e-01      3s
  15  -3.78139320e+02 -1.99855283e+01  8.31e+01 5.33e+00  1.15e+03 *6.32e-01  8.46e+00 2.04e+01 1.27e+02  7.21e-01 1.26e-01      3s
  16  -3.17360675e+02 -2.17115805e+01  7.13e+01 4.57e+00  1.01e+03 *3.63e-01  8.63e+00 1.81e+01 1.00e+02  7.45e-01 1.42e-01      3s
  17  -2.60436897e+02 -2.35058534e+01  5.95e+01 3.82e+00  8.56e+02 *1.69e-02  8.86e+00 1.58e+01 7.63e+01  7.70e-01 1.64e-01      3s
  18  -2.03209079e+02 -2.54711418e+01  4.73e+01 3.03e+00  6.95e+02 *2.26e-01  9.19e+00 1.35e+01 5.54e+01  8.15e-01 2.07e-01      4s
  19  -1.45762703e+02 -2.76601335e+01  3.43e+01 2.20e+00  5.21e+02 *2.87e-01  9.55e+00 1.10e+01 3.64e+01  8.69e-01 2.76e-01      4s
  20  -9.13854963e+01 -3.01010062e+01  2.08e+01 1.34e+00  3.33e+02 *6.89e-03  9.97e+00 8.24e+00 2.02e+01  9.25e-01 3.92e-01      4s
  21  -3.17368014e+01 -3.30852220e+01  5.16e+00 3.29e-01  1.01e+02 *6.84e-02  1.07e+01 5.30e+00 7.85e+00  1.00e+00 7.53e-01      4s
  22  -1.55681409e+01 -3.20967698e+01  1.17e-02 1.99e-15  1.64e+01  1.17e-02  1.27e+01 1.74e+00 5.16e-01  1.00e+00 1.00e+00      4s
  23  -1.60674888e+01 -2.24052081e+01  1.47e-02 2.18e-15  6.36e+00  1.60e-02  2.42e+01 5.70e-01 1.82e+00  8.53e-01 6.83e-01      5s
  24  -1.62418436e+01 -2.20157370e+01  1.47e-02 2.20e-15  5.81e+00  1.48e-02  1.84e+01 1.39e+00 1.79e+00  6.42e-01 9.75e-02      5s
  25  -1.64006707e+01 -2.17186847e+01  1.45e-02 1.43e-15  5.35e+00  1.23e-02  1.75e+01 1.50e+00 1.78e+00  6.46e-01 8.66e-02      5s
  26  -1.65595741e+01 -2.14557115e+01  1.36e-02 2.05e-15  4.93e+00  4.06e-03  1.67e+01 1.62e+00 1.78e+00  6.47e-01 8.74e-02      6s
  27  -2.95826349e+00 -2.14557115e+01  1.64e+00 1.11e-16  8.26e-01  1.78e+00  1.60e+01 1.75e+00 1.78e+00  1.00e+00 9.25e-01      6s
  28  -3.35034790e+00 -2.11189234e+01  1.60e+00 1.12e-15  8.02e-01  2.34e-02  1.36e+01 3.05e-01 1.96e+00  1.46e-01 2.46e-02      6s
  29  -3.50117481e+00 -2.10178437e+01  1.59e+00 1.02e-15  7.94e-01  8.44e-03  1.38e+01 3.94e-01 1.96e+00  1.60e-01 9.68e-03      6s
  30  -3.66516765e+00 -2.09170318e+01  1.57e+00 1.02e-15  7.85e-01  4.49e-03  1.38e+01 4.30e-01 1.96e+00  1.66e-01 1.06e-02      6s
  31  -3.84435253e+00 -2.08164830e+01  1.55e+00 1.14e-15  7.76e-01  1.62e-03  1.39e+01 4.72e-01 1.95e+00  1.74e-01 1.17e-02      7s
  32  -4.04161148e+00 -2.07159670e+01  1.53e+00 1.27e-15  7.66e-01  1.10e-04  1.40e+01 5.21e-01 1.95e+00  1.82e-01 1.30e-02      7s
  33  -4.26009270e+00 -2.06154489e+01  1.51e+00 1.43e-15  7.55e-01  2.41e-04  1.40e+01 5.80e-01 1.95e+00  1.93e-01 1.46e-02      7s
  34  -4.50329187e+00 -2.05150214e+01  1.48e+00 2.27e-15  7.42e-01  2.00e-03  1.41e+01 6.49e-01 1.95e+00  2.05e-01 1.65e-02      7s
  35  -4.77571937e+00 -2.04146212e+01  1.46e+00 1.51e-15  7.29e-01  4.64e-03  1.42e+01 7.32e-01 1.94e+00  2.19e-01 1.87e-02      8s
  36  -5.08242903e+00 -2.03142996e+01  1.43e+00 1.29e-15  7.13e-01  6.62e-03  1.43e+01 8.34e-01 1.94e+00  2.34e-01 2.14e-02      8s
  37  -5.42980846e+00 -2.02140388e+01  1.39e+00 4.74e-16  6.95e-01  6.53e-03  1.44e+01 9.60e-01 1.94e+00  2.51e-01 2.48e-02      8s
  38  -5.82540221e+00 -2.01139951e+01  1.35e+00 1.02e-15  6.75e-01  4.11e-03  1.45e+01 1.12e+00 1.93e+00  2.69e-01 2.89e-02      8s
  39  -6.28082053e+00 -2.00139469e+01  1.30e+00 9.98e-16  6.52e-01  5.49e-04  1.46e+01 1.32e+00 1.93e+00  2.90e-01 3.43e-02      8s
  40  -6.81016013e+00 -1.99140493e+01  1.25e+00 2.27e-15  6.25e-01  1.33e-03  1.48e+01 1.59e+00 1.92e+00  3.15e-01 4.13e-02      9s
  41  -7.43387333e+00 -1.98141825e+01  1.19e+00 2.27e-15  5.93e-01  6.91e-06  1.50e+01 1.95e+00 1.92e+00  3.46e-01 5.07e-02      9s
  42  -7.43386815e+00 -1.98141825e+01  1.19e+00 2.27e-15  5.93e-01  1.91e+00  1.52e+01 2.45e+00 1.91e+00  1.00e+00 7.85e-07      9s

The solution quality is limited by the precision of the linear system solver.

The algorithm stopped after 43 iterations in 9.21 seconds.

Primal variables:   [+0.054 +0.042 +0.831 +0.509]
Dual slacks:        [+2.831 +4.020 +0.196 +0.211]
Dual variables:     [-2.190 -10.150]

Primal objective:   -7.43386815e+00
Dual objective:     -1.98141825e+01

Primal residual:    1.19e+00
Dual residual:      2.27e-15
Complementraty:     5.93e-01

Number of Iter:     43
Run time:           9.21
