
--------------- Linear optimization problem characteristics ---------------
Seed:                    19
Number of variables:     4
Number of constraints:   2

Norm of primal sol:      2.44e+00
Norm of dual sol:        1.00e+01
Norm of dual slacks:     5.00e+00

Norm of vector b:        2.00e+00
Norm of vector c:        5.36e+00

Norm of matrix A:        1.00e+00
Condition number:        2.00e+00

----------------------- Linear optimization problem -----------------------
Coeff matrix A:          [[-0.589 +0.521 +0.154 +0.390]
                          [-0.007 -0.538 +0.305 -0.271]]

RHS vector b:            [+1.419 -1.409]
Obj vector c:            [+4.106 +3.036 +1.242 +1.053]

---------------------------- Optimal solution -----------------------------
Primal variables:         [+0.000 +2.400 +0.000 +0.435]
Dual slacks:              [+1.837 +0.000 +4.650 +0.000]
Dual variables:           [-3.747 -9.271]

Optimal objective:       +7.74410071e+00
===========================================================================

Method:                  II-QIPM
LO_Precision:            1.00e-01
Stop_Precision:          1.00e-03
LO_Verbosity:            2
Omega:                   5.00e+01

The Quantum Inexact Infeasible Interior-Point Method starts running ...


                  Objective                Residual                                Linear system           Step-length
Iter      Primal           Dual         Primal    Dual     Compl    ||Resl||  Cond-Num  ||M||   ||RHS||    a-star   a-hat      Time
   0   4.35768472e+02 -5.79234230e+01  9.70e+00 2.81e+01  3.41e+03 *7.11e-15  4.00e+00 1.00e+00 3.54e+01  8.19e-01 7.05e-01      0s
   1   4.43367427e+02 -3.64183115e+01  4.39e+00 1.27e+01  1.77e+03  1.22e-02  1.86e+00 2.13e+00 3.00e+01  1.00e+00 5.47e-01      0s
   2   3.83656558e+02 -1.10789264e+01  3.07e-03 2.20e-15  3.95e+02  3.07e-03  2.01e+00 4.64e+00 3.55e+01  1.00e+00 1.00e+00      0s
   3   5.13323998e+01 -1.02626652e+01  1.52e-01 6.28e-16  6.19e+01  1.62e-01  2.38e+00 1.66e+01 3.75e+00  1.00e+00 9.37e-01      0s
   4   3.91024438e+01 -9.42185400e+00  1.41e-01 2.22e-16  4.88e+01  1.05e-01  2.24e+00 2.00e+00 2.21e+00  8.52e-01 2.35e-01      1s
   5   3.16901559e+01 -8.58899169e+00  1.32e-01 1.02e-15  4.05e+01  9.77e-02  2.23e+00 1.44e+00 2.12e+00  8.12e-01 1.88e-01      1s
   6   2.65029225e+01 -7.73344777e+00  1.27e-01 9.42e-16  3.45e+01  9.76e-02  2.28e+00 1.13e+00 2.06e+00  7.85e-01 1.66e-01      1s
   7   2.27419370e+01 -6.86673996e+00  1.20e-01 4.97e-16  2.99e+01  8.35e-02  2.40e+00 9.33e-01 2.02e+00  7.62e-01 1.49e-01      1s
   8   2.01670394e+01 -6.05627200e+00  1.07e-01 1.02e-15  2.65e+01  1.83e-02  2.62e+00 8.11e-01 1.99e+00  7.26e-01 1.26e-01      1s
   9   1.82344878e+01 -5.27712286e+00  9.37e-02 8.88e-16  2.37e+01  1.22e-02  2.94e+00 7.44e-01 1.97e+00  7.04e-01 1.14e-01      1s
  10   2.22385188e+00 -5.27712286e+00  1.95e+00 0.00e+00  2.37e+00  1.95e+00  3.36e+00 7.05e-01 1.95e+00  1.00e+00 1.00e+00      1s
  11   1.45121349e+00  4.59916502e+00  1.70e+00 1.11e-16  8.52e-01  9.53e-02  2.31e+00 7.49e-02 2.00e+00  1.50e-01 1.31e-01      1s
  12   1.53210123e+00  4.88192068e+00  1.67e+00 2.22e-16  8.36e-01  1.30e-02  4.55e+01 3.92e-01 1.96e+00  1.70e-01 1.53e-02      2s
  13   1.56343255e+00  4.97805964e+00  1.66e+00 3.55e-16  8.31e-01  3.87e-05  5.20e+01 4.64e-01 1.96e+00  1.68e-01 5.68e-03      2s
  14   1.59606425e+00  5.07337509e+00  1.65e+00 5.69e-16  8.26e-01  3.37e-04  5.40e+01 4.90e-01 1.95e+00  1.69e-01 5.86e-03      3s
  15   1.63099736e+00  5.17007616e+00  1.64e+00 5.69e-16  8.21e-01  7.67e-03  5.59e+01 5.18e-01 1.95e+00  1.72e-01 6.29e-03      4s
  16   1.66971033e+00  5.27075429e+00  1.63e+00 7.63e-16  8.15e-01  2.71e-02  5.78e+01 5.48e-01 1.95e+00  1.81e-01 7.11e-03      4s
  17   1.70999868e+00  5.37020933e+00  1.62e+00 1.26e-15  8.09e-01  2.09e-02  5.99e+01 5.84e-01 1.95e+00  1.80e-01 7.30e-03      5s
  18   1.76008160e+00  5.48245496e+00  1.60e+00 5.33e-16  8.01e-01  8.59e-02  6.18e+01 6.22e-01 1.95e+00  2.12e-01 1.00e-02      6s
  19   1.80292119e+00  5.57712077e+00  1.59e+00 9.65e-16  7.95e-01  3.76e-04  6.48e+01 6.77e-01 1.95e+00  1.76e-01 7.48e-03      7s
  20   1.84844497e+00  5.67197439e+00  1.58e+00 1.26e-15  7.89e-01  1.37e-03  6.61e+01 7.17e-01 1.95e+00  1.78e-01 7.93e-03      9s
  21   1.89707202e+00  5.76721998e+00  1.56e+00 5.90e-16  7.82e-01  3.60e-03  6.73e+01 7.60e-01 1.94e+00  1.81e-01 8.49e-03     11s
  22   1.94892697e+00  5.86251927e+00  1.55e+00 5.61e-16  7.75e-01  4.11e-03  6.84e+01 8.07e-01 1.94e+00  1.84e-01 9.05e-03     13s
  23   2.00426063e+00  5.95772158e+00  1.54e+00 4.71e-16  7.68e-01  3.30e-03  6.93e+01 8.58e-01 1.94e+00  1.87e-01 9.66e-03     16s
  24   2.06290723e+00  6.05198398e+00  1.52e+00 6.59e-16  7.60e-01  2.55e-04  7.00e+01 9.14e-01 1.94e+00  1.89e-01 1.02e-02     18s
  25   2.12666184e+00  6.14715807e+00  1.50e+00 1.94e-16  7.51e-01  3.53e-03  7.06e+01 9.74e-01 1.94e+00  1.95e-01 1.12e-02     19s
  26   2.19487326e+00  6.24156449e+00  1.48e+00 4.97e-16  7.42e-01  5.70e-04  7.11e+01 1.04e+00 1.93e+00  1.98e-01 1.20e-02     20s
  27   2.26958422e+00  6.33679784e+00  1.47e+00 8.03e-16  7.33e-01  4.04e-03  7.14e+01 1.11e+00 1.93e+00  2.04e-01 1.33e-02     21s
  28   2.35069666e+00  6.43167422e+00  1.44e+00 1.00e-15  7.22e-01  2.75e-03  7.17e+01 1.20e+00 1.93e+00  2.10e-01 1.46e-02     22s
  29   2.43898870e+00  6.52594118e+00  1.42e+00 9.71e-16  7.10e-01  6.48e-04  7.18e+01 1.29e+00 1.93e+00  2.15e-01 1.60e-02     23s
  30   2.53624888e+00  6.62009440e+00  1.40e+00 1.05e-15  6.98e-01  2.50e-05  7.19e+01 1.40e+00 1.93e+00  2.23e-01 1.78e-02     24s
  31   2.64431569e+00  6.71421543e+00  1.37e+00 1.10e-15  6.84e-01  3.61e-05  7.20e+01 1.53e+00 1.92e+00  2.32e-01 2.02e-02     25s
  32   2.76622791e+00  6.80886321e+00  1.34e+00 4.01e-16  6.68e-01  1.71e-03  7.22e+01 1.67e+00 1.92e+00  2.43e-01 2.33e-02     26s
  33   2.90475437e+00  6.90369208e+00  1.30e+00 1.67e-16  6.50e-01  2.47e-03  7.26e+01 1.85e+00 1.92e+00  2.56e-01 2.71e-02     27s
  34   3.06450814e+00  6.99887502e+00  1.26e+00 3.43e-16  6.29e-01  3.27e-03  7.35e+01 2.08e+00 1.91e+00  2.71e-01 3.23e-02     28s
  35   3.24905687e+00  7.09303872e+00  1.21e+00 1.21e-15  6.05e-01  6.23e-07  7.50e+01 2.37e+00 1.91e+00  2.87e-01 3.83e-02     29s
  36   3.47071605e+00  7.18813567e+00  1.15e+00 1.29e-15  5.75e-01  2.61e-03  7.76e+01 2.75e+00 1.90e+00  3.11e-01 4.83e-02     31s
  37   3.74036145e+00  7.28281471e+00  1.08e+00 1.29e-15  5.40e-01  1.09e-03  8.22e+01 3.29e+00 1.90e+00  3.38e-01 6.18e-02     32s
  38   4.08356183e+00  7.37839388e+00  9.88e-01 1.39e-15  4.94e-01  2.77e-03  9.04e+01 4.11e+00 1.89e+00  3.76e-01 8.46e-02     34s
  39   4.53610173e+00  7.47348402e+00  8.68e-01 2.25e-15  4.34e-01  5.15e-04  1.06e+02 5.49e+00 1.88e+00  4.24e-01 1.22e-01     36s
  40   5.18151355e+00  7.56943435e+00  6.95e-01 8.31e-16  3.48e-01  3.27e-04  1.40e+02 8.18e+00 1.87e+00  4.95e-01 1.99e-01     41s
  41   6.22645563e+00  7.66808468e+00  4.13e-01 1.30e-15  2.07e-01  4.05e-04  2.31e+02 1.52e+01 1.84e+00  6.09e-01 4.06e-01     44s
  42   7.14553317e+00  7.71183736e+00  1.64e-01 1.14e-15  8.97e-02  1.40e-04  7.42e+02 5.47e+01 1.76e+00  8.34e-01 6.03e-01     64s

The algorithm stopped after 43 iterations in 63.84 seconds.

Primal variables:   [+0.018 +2.156 +0.006 +0.491]
Dual slacks:        [+1.637 +0.005 +4.798 +0.045]
Dual variables:     [-4.083 -9.586]

Primal objective:   7.14553317e+00 
Dual objective:     7.71183736e+00 

Primal residual:    1.64e-01
Dual residual:      1.14e-15
Complementraty:     8.97e-02

Number of Iter:     43
Run time:           63.84
