
--------------- Linear optimization problem characteristics ---------------
Seed:                    84
Number of variables:     4
Number of constraints:   2

Norm of primal sol:      2.76e+00
Norm of dual sol:        1.00e+01
Norm of dual slacks:     5.00e+00

Norm of vector b:        2.00e+00
Norm of vector c:        1.17e+01

Norm of matrix A:        1.00e+00
Condition number:        2.00e+00

----------------------- Linear optimization problem -----------------------
Coeff matrix A:          [[+0.455 +0.234 -0.351 +0.478]
                          [+0.205 -0.476 +0.290 -0.533]]

RHS vector b:            [+1.405 -1.423]
Obj vector c:            [+2.400 +8.916 -1.815 +7.023]

---------------------------- Optimal solution -----------------------------
Primal variables:         [+0.201 +0.000 +0.000 +2.748]
Dual slacks:              [+0.000 +4.184 +2.738 +0.000]
Dual variables:           [+7.986 -6.019]

Optimal objective:       +1.97869606e+01
===========================================================================

Method:                  II-QIPM
LO_Precision:            1.00e-01
Stop_Precision:          1.00e-03
LO_Verbosity:            2
Omega:                   5.00e+01

The Quantum Inexact Infeasible Interior-Point Method starts running ...


                  Objective                Residual                                Linear system           Step-length
Iter      Primal           Dual         Primal    Dual     Compl    ||Resl||  Cond-Num  ||M||   ||RHS||    a-star   a-hat      Time
   0   7.77330291e+02  0.00000000e+00  4.15e+01 1.06e+01  1.86e+03  4.09e+01  4.00e+00 1.00e+00 4.09e+01  9.65e-01 8.85e-01      0s
   1   7.10669697e+02  0.00000000e+00  3.53e+01 9.22e+00  1.64e+03  1.48e+01  3.86e+00 5.93e+00 1.48e+01  6.97e-01 1.33e-01      0s
   2   6.43882971e+02  1.35042055e+00  2.87e+01 7.47e+00  1.37e+03  6.52e-01  4.21e+00 6.85e+00 2.23e+01  8.66e-01 1.90e-01      0s
   3   5.55123645e+02  3.61644797e+00  2.05e+01 5.32e+00  1.03e+03  8.89e-01  5.39e+00 8.37e+00 2.99e+01  9.96e-01 2.88e-01      0s
   4   5.13981823e+02  3.61644797e+00  1.62e+01 4.90e+00  9.55e+02  3.80e+01  7.59e+00 1.12e+01 3.80e+01  6.25e-01 7.85e-02      1s
   5   2.74420452e+02  1.14122282e+01  1.53e-01 2.22e-16  2.64e+02  1.53e-01  8.67e+00 1.27e+01 4.61e+01  1.00e+00 1.00e+00      1s
   6   9.24243275e+01  1.16896052e+01  3.58e-02 1.11e-16  8.09e+01  8.91e-04  3.21e+01 3.25e+01 5.24e+00  1.00e+00 7.70e-01      1s
   7   6.44331530e+01  1.19654009e+01  2.49e-02 1.33e-15  5.26e+01  7.79e-03  2.89e+01 8.70e+00 2.79e+00  9.56e-01 3.89e-01      2s
   8   5.21287994e+01  1.22386321e+01  2.05e-02 1.05e-15  4.00e+01  8.11e-03  2.62e+01 5.05e+00 2.41e+00  8.83e-01 2.66e-01      2s
   9   4.51160165e+01  1.25111373e+01  1.75e-02 9.16e-16  3.27e+01  5.65e-03  2.43e+01 3.51e+00 2.24e+00  8.28e-01 2.03e-01      3s
  10   4.05181351e+01  1.27863782e+01  1.47e-02 9.16e-16  2.78e+01  1.17e-03  2.28e+01 2.67e+00 2.14e+00  7.85e-01 1.66e-01      3s
  11   3.72557488e+01  1.30642974e+01  1.27e-02 1.28e-15  2.43e+01  4.80e-04  2.19e+01 2.16e+00 2.08e+00  7.52e-01 1.42e-01      3s
  12   3.47944767e+01  1.33468288e+01  1.13e-02 1.26e-15  2.15e+01  1.75e-03  2.13e+01 1.83e+00 2.03e+00  7.26e-01 1.26e-01      4s
  13   3.28464362e+01  1.36373037e+01  1.00e-02 1.02e-15  1.93e+01  7.00e-06  2.10e+01 1.60e+00 2.00e+00  7.09e-01 1.16e-01      4s
  14   3.12485353e+01  1.39376167e+01  8.93e-03 1.29e-15  1.74e+01  5.68e-05  2.11e+01 1.44e+00 1.97e+00  6.97e-01 1.10e-01      4s
  15   2.98951861e+01  1.42508205e+01  7.92e-03 2.22e-16  1.57e+01  4.85e-04  2.15e+01 1.33e+00 1.95e+00  6.92e-01 1.07e-01      5s
  16   2.87139544e+01  1.45808379e+01  6.95e-03 1.26e-15  1.42e+01  1.17e-03  2.23e+01 1.26e+00 1.93e+00  6.92e-01 1.07e-01      5s
  17   2.76562680e+01  1.49315529e+01  5.88e-03 9.16e-16  1.28e+01  2.69e-03  2.36e+01 1.22e+00 1.92e+00  6.99e-01 1.11e-01      6s
  18   2.66836651e+01  1.53081408e+01  4.59e-03 5.44e-16  1.14e+01  5.00e-03  2.54e+01 1.22e+00 1.91e+00  7.13e-01 1.18e-01      6s
  19   2.57730863e+01  1.57127184e+01  3.66e-03 1.04e-15  1.01e+01  2.61e-03  2.81e+01 1.24e+00 1.89e+00  7.31e-01 1.29e-01      6s
  20   1.90073492e+00  1.57127184e+01  1.88e+00 0.00e+00  1.01e+00  1.88e+00  3.20e+01 1.30e+00 1.88e+00  1.00e+00 1.00e+00      7s
  21   2.64173541e+00  1.72649716e+01  1.80e+00 8.38e-16  8.98e-01  4.62e-03  2.76e+01 1.20e-01 1.99e+00  1.02e-01 4.66e-02      7s
  22   2.75987819e+00  1.73837068e+01  1.78e+00 2.19e-15  8.91e-01  8.45e-03  5.57e+01 2.57e-01 1.98e+00  1.19e-01 7.16e-03      8s
  23   2.87486399e+00  1.74863759e+01  1.77e+00 9.99e-16  8.85e-01  2.85e-02  6.05e+01 2.85e-01 1.97e+00  1.24e-01 6.96e-03      8s
  24   2.99237893e+00  1.75867136e+01  1.76e+00 1.30e-15  8.79e-01  2.57e-07  6.59e+01 3.15e-01 1.97e+00  1.30e-01 7.19e-03      9s
  25   3.12017635e+00  1.76871556e+01  1.74e+00 1.39e-15  8.72e-01  2.36e-05  7.10e+01 3.47e-01 1.97e+00  1.35e-01 7.85e-03     10s
  26   3.26010095e+00  1.77877950e+01  1.73e+00 1.09e-15  8.64e-01  1.34e-03  7.66e+01 3.85e-01 1.97e+00  1.41e-01 8.64e-03     11s
  27   3.41270115e+00  1.78882746e+01  1.71e+00 1.16e-15  8.56e-01  4.25e-05  8.30e+01 4.30e-01 1.97e+00  1.48e-01 9.48e-03     12s
  28   3.58090872e+00  1.79889625e+01  1.69e+00 1.33e-15  8.47e-01  7.26e-04  9.02e+01 4.82e-01 1.97e+00  1.56e-01 1.05e-02     13s
  29   3.76743352e+00  1.80899036e+01  1.67e+00 8.03e-16  8.37e-01  1.94e-03  9.82e+01 5.44e-01 1.96e+00  1.64e-01 1.18e-02     14s
  30   3.97843084e+00  1.81919407e+01  1.65e+00 1.46e-15  8.26e-01  6.24e-03  1.07e+02 6.20e-01 1.96e+00  1.73e-01 1.34e-02     15s
  31   4.22690019e+00  1.82965587e+01  1.63e+00 1.20e-15  8.13e-01  1.83e-02  1.19e+02 7.13e-01 1.96e+00  1.84e-01 1.60e-02     17s
  32   4.48454851e+00  1.83971790e+01  1.60e+00 1.09e-15  7.99e-01  5.54e-05  1.33e+02 8.35e-01 1.96e+00  1.98e-01 1.68e-02     19s
  33   4.77584185e+00  1.84981507e+01  1.57e+00 1.59e-15  7.84e-01  9.61e-04  1.46e+02 9.74e-01 1.95e+00  2.11e-01 1.93e-02     20s
  34   5.10453003e+00  1.85990773e+01  1.53e+00 5.90e-16  7.66e-01  3.61e-04  1.62e+02 1.15e+00 1.95e+00  2.27e-01 2.22e-02     23s
  35   5.47737747e+00  1.86998482e+01  1.49e+00 1.33e-15  7.47e-01  3.95e-06  1.79e+02 1.37e+00 1.94e+00  2.45e-01 2.57e-02     25s
  36   5.90830083e+00  1.88011756e+01  1.45e+00 1.41e-15  7.24e-01  1.25e-03  1.98e+02 1.65e+00 1.94e+00  2.65e-01 3.04e-02     27s
  37   6.42285492e+00  1.89045362e+01  1.39e+00 1.85e-15  6.97e-01  5.10e-03  2.21e+02 2.03e+00 1.93e+00  2.88e-01 3.74e-02     29s
  38   7.12526212e+00  1.90166338e+01  1.32e+00 1.04e-15  6.60e-01  2.31e-02  2.48e+02 2.55e+00 1.93e+00  3.16e-01 5.29e-02     31s
  39   7.81103127e+00  1.91172701e+01  1.25e+00 2.69e-16  6.24e-01  5.72e-04  2.98e+02 3.43e+00 1.92e+00  3.57e-01 5.45e-02     34s
  40   8.62554840e+00  1.92178695e+01  1.16e+00 9.84e-16  5.81e-01  6.08e-04  3.30e+02 4.47e+00 1.91e+00  3.97e-01 6.83e-02     39s
  41   9.60230799e+00  1.93181303e+01  1.06e+00 1.02e-15  5.30e-01  2.23e-04  3.64e+02 6.01e+00 1.89e+00  4.44e-01 8.78e-02     43s
  42   1.08247093e+01  1.94196969e+01  9.33e-01 1.02e-15  4.67e-01  1.50e-03  4.00e+02 8.39e+00 1.88e+00  5.01e-01 1.20e-01     47s
  43   1.23278669e+01  1.95196517e+01  7.77e-01 1.10e-15  3.88e-01  1.43e-07  4.44e+02 1.25e+01 1.86e+00  5.75e-01 1.68e-01     51s
  44   1.43582339e+01  1.96224106e+01  5.65e-01 5.63e-16  2.83e-01  1.95e-03  4.86e+02 2.03e+01 1.84e+00  6.68e-01 2.72e-01     55s
  45   1.70177849e+01  1.97214600e+01  2.89e-01 5.49e-16  1.44e-01  1.12e-04  5.46e+02 4.01e+01 1.80e+00  7.99e-01 4.89e-01     64s
  46   1.94941573e+01  1.97812984e+01  3.11e-02 8.90e-16  2.06e-02  4.12e-05  5.90e+02 1.23e+02 1.73e+00  9.69e-01 8.92e-01     73s

The algorithm stopped after 47 iterations in 72.96 seconds.

Primal variables:   [+0.199 +0.002 +0.003 +2.706]
Dual slacks:        [+0.015 +4.180 +2.735 +0.001]
Dual variables:     [+7.961 -6.039]

Primal objective:   1.94941573e+01 
Dual objective:     1.97812984e+01 

Primal residual:    3.11e-02
Dual residual:      8.90e-16
Complementraty:     2.06e-02

Number of Iter:     47
Run time:           72.96
