
--------------- Linear optimization problem characteristics ---------------
Seed:                    40
Number of variables:     4
Number of constraints:   2

Norm of primal sol:      4.52e+00
Norm of dual sol:        1.00e+01
Norm of dual slacks:     5.00e+00

Norm of vector b:        2.00e+00
Norm of vector c:        6.10e+00

Norm of matrix A:        1.00e+00
Condition number:        2.00e+00

----------------------- Linear optimization problem -----------------------
Coeff matrix A:          [[+0.606 -0.589 +0.004 +0.040]
                          [+0.505 -0.127 -0.326 -0.397]]

RHS vector b:            [+0.077 -1.999]
Obj vector c:            [-1.427 +3.354 +3.149 +3.749]

---------------------------- Optimal solution -----------------------------
Primal variables:         [+0.000 +0.000 +4.250 +1.548]
Dual slacks:              [+4.955 +0.673 +0.000 +0.000]
Dual variables:           [-2.455 -9.694]

Optimal objective:       +1.91857441e+01
===========================================================================

Method:                  II-QIPM
LO_Precision:            1.00e-01
Stop_Precision:          1.00e-03
LO_Verbosity:            2
Omega:                   5.00e+02

The Quantum Inexact Infeasible Interior-Point Method starts running ...


                  Objective                Residual                                Linear system           Step-length
Iter      Primal           Dual         Primal    Dual     Compl    ||Resl||  Cond-Num  ||M||   ||RHS||    a-star   a-hat      Time
   0   3.86365427e+03 -8.19250428e+02  5.32e+01 3.06e+02  3.31e+05 *1.31e-13  4.00e+00 1.00e+00 1.88e+02  7.99e-01 6.93e-01      0s
   1   4.03892342e+03 -4.65260560e+02  2.60e+01 1.56e+02  1.78e+05  3.34e+00  1.01e+01 6.92e+00 3.20e+02  9.00e-01 4.90e-01      1s
   2   4.34593374e+03 -5.22080200e+01  5.47e+00 1.49e+01  2.22e+04  7.18e+00  1.12e+01 1.68e+01 4.10e+02  9.87e-01 9.04e-01      1s
   3   4.14726198e+03 -3.13012315e+00  4.21e+01 1.04e-01  4.05e+03 *4.24e+01  1.34e+01 1.98e+02 5.64e+02  1.00e+00 9.93e-01      1s
   4   5.31683539e+02 -2.15219371e+00  3.04e+00 1.24e-03  5.34e+02  3.11e+00  1.23e+01 8.96e+02 5.78e+01  1.00e+00 9.88e-01      1s
   5   1.60704817e+02 -1.41100146e+00  7.36e-01 2.84e-04  1.63e+02  6.30e-02  1.18e+01 1.08e+02 5.26e+00  1.00e+00 7.72e-01      1s
   6   9.47624156e+01 -5.60209909e-01  4.00e-01 1.54e-04  9.57e+01  1.68e-03  1.09e+01 2.75e+01 2.62e+00  9.80e-01 4.56e-01      2s
   7   6.85356608e+01  3.45431372e-01  2.74e-01 1.06e-04  6.85e+01  2.63e-03  9.83e+00 1.36e+01 2.25e+00  9.11e-01 3.15e-01      2s
   8   5.43684037e+01  1.30031794e+00  2.06e-01 7.99e-05  5.34e+01  6.97e-03  8.77e+00 8.22e+00 2.12e+00  8.59e-01 2.45e-01      2s
   9   6.08379257e+00  1.30031794e+00  2.05e+00 0.00e+00  5.34e+00  2.05e+00  7.68e+00 5.46e+00 2.05e+00  1.00e+00 1.00e+00      2s
  10   4.87236326e+00  8.81918034e+00  1.67e+00 4.44e-16  2.97e+00  1.41e-02  1.11e+01 9.41e-01 2.00e+00  2.24e-01 1.86e-01      2s
  11   6.61407040e+00  1.60367281e+01  1.42e+00 5.44e-16  1.66e+00  8.66e-02  2.38e+00 1.65e-01 1.98e+00  2.11e-01 1.50e-01      2s
  12   9.68596023e+00  1.85495790e+01  1.07e+00 5.87e-16  8.52e-01  4.75e-05  4.80e+00 3.84e-01 1.95e+00  2.89e-01 2.46e-01      2s
  13   1.00845317e+01  1.85963312e+01  1.02e+00 1.22e-15  8.19e-01  9.15e-04  4.98e+01 3.40e+00 1.85e+00  4.30e-01 4.17e-02      3s
  14   1.04264499e+01  1.86327811e+01  9.86e-01 1.54e-15  7.91e-01  8.54e-03  5.76e+01 3.91e+00 1.84e+00  4.48e-01 3.75e-02      4s
  15   1.08033664e+01  1.86702381e+01  9.44e-01 1.61e-15  7.60e-01  4.75e-04  6.52e+01 4.41e+00 1.83e+00  4.73e-01 4.28e-02      5s
  16   1.12098612e+01  1.87076877e+01  8.99e-01 1.97e-15  7.27e-01  6.29e-04  7.42e+01 5.01e+00 1.82e+00  4.96e-01 4.82e-02      6s
  17   1.16523027e+01  1.87455026e+01  8.49e-01 2.22e-15  6.90e-01  1.62e-04  8.51e+01 5.76e+00 1.82e+00  5.23e-01 5.51e-02      7s
  18   1.21326943e+01  1.87835394e+01  7.95e-01 2.22e-15  6.50e-01  1.59e-03  9.83e+01 6.68e+00 1.81e+00  5.52e-01 6.33e-02      8s
  19   1.26400724e+01  1.88205135e+01  7.38e-01 2.40e-15  6.07e-01  8.37e-03  1.15e+02 7.85e+00 1.80e+00  5.80e-01 7.16e-02      9s
  20   1.32414465e+01  1.88620494e+01  6.71e-01 1.25e-15  5.57e-01  9.98e-06  1.35e+02 9.33e+00 1.79e+00  6.30e-01 9.10e-02     11s
  21   1.39301704e+01  1.89065488e+01  5.94e-01 1.43e-15  4.99e-01  4.61e-04  1.61e+02 1.14e+01 1.77e+00  6.82e-01 1.15e-01     13s
  22   1.47443664e+01  1.89560573e+01  5.03e-01 1.19e-15  4.29e-01  1.21e-03  1.96e+02 1.45e+01 1.76e+00  7.48e-01 1.53e-01     15s
  23   1.56442798e+01  1.90067420e+01  4.02e-01 2.13e-15  3.51e-01  9.72e-03  2.45e+02 1.94e+01 1.74e+00  8.17e-01 2.01e-01     18s
  24   1.73447742e+01  1.91038427e+01  2.12e-01 1.88e-16  2.01e-01  4.94e-06  3.16e+02 2.74e+01 1.72e+00  8.53e-01 4.72e-01     22s
  25   1.83302775e+01  1.91555595e+01  1.01e-01 4.90e-16  1.06e-01  9.53e-04  4.36e+02 6.08e+01 1.68e+00  7.64e-01 5.25e-01     29s
  26   1.84780684e+01  1.91609692e+01  8.33e-02 2.45e-16  8.99e-02  1.13e-03  4.32e+02 1.27e+02 1.65e+00  7.87e-01 1.71e-01     36s

The algorithm stopped after 27 iterations in 35.76 seconds.

Primal variables:   [+0.003 +0.074 +2.887 +2.439]
Dual slacks:        [+4.958 +0.665 +0.004 +0.005]
Dual variables:     [-2.471 -9.682]

Primal objective:   1.84780684e+01 
Dual objective:     1.91609692e+01 

Primal residual:    8.33e-02
Dual residual:      2.45e-16
Complementraty:     8.99e-02

Number of Iter:     27
Run time:           35.76
