
--------------- Linear optimization problem characteristics ---------------
Seed:                    73
Number of variables:     4
Number of constraints:   2

Norm of primal sol:      4.13e+00
Norm of dual sol:        1.00e+01
Norm of dual slacks:     5.00e+00

Norm of vector b:        2.00e+00
Norm of vector c:        6.89e+00

Norm of matrix A:        1.00e+00
Condition number:        2.00e+00

----------------------- Linear optimization problem -----------------------
Coeff matrix A:          [[-0.036 +0.596 +0.661 +0.199]
                          [-0.016 +0.532 -0.114 +0.347]]

RHS vector b:            [+1.467 +1.359]
Obj vector c:            [+0.166 -5.461 +4.189 +0.314]

---------------------------- Optimal solution -----------------------------
Primal variables:         [+3.162 +2.650 +0.000 +0.000]
Dual slacks:              [+0.000 +0.000 +3.213 +3.831]
Dual variables:           [-0.245 -9.997]

Optimal objective:       -1.39451842e+01
===========================================================================

Method:                  II-QIPM
LO_Precision:            1.00e-01
Stop_Precision:          1.00e-03
LO_Verbosity:            2
Omega:                   1.00e+03

The Quantum Inexact Infeasible Interior-Point Method starts running ...


                  Objective                Residual                                Linear system           Step-length
Iter      Primal           Dual         Primal    Dual     Compl    ||Resl||  Cond-Num  ||M||   ||RHS||    a-star   a-hat      Time
   0   1.39913047e+03 -2.33419430e+03  5.04e+02 6.29e+02  1.35e+06 *1.14e-13  4.00e+00 1.00e+00 1.77e+03  7.93e-01 6.86e-01      0s
   1   8.10404175e+02 -3.23414142e+03  1.73e+02 2.16e+02  4.94e+05 *1.51e+00  2.55e+00 2.99e-01 1.94e+02  7.88e-01 6.57e-01      0s
   2   8.06364975e+02 -3.23414142e+03  1.63e+02 2.07e+02  4.76e+05  9.69e+01  3.30e+00 1.71e-01 9.69e+01  4.11e-01 3.79e-02      0s
   3   8.05531635e+02 -3.23414142e+03  1.56e+02 2.02e+02  4.66e+05  1.17e+02  3.48e+00 1.76e-01 1.17e+02  3.88e-01 2.44e-02      1s
   4   8.05981142e+02 -3.23414142e+03  1.49e+02 1.98e+02  4.56e+05  1.31e+02  3.63e+00 1.80e-01 1.31e+02  3.72e-01 2.22e-02      1s
   5   8.07527319e+02 -3.23414142e+03  1.43e+02 1.94e+02  4.48e+05  1.47e+02  3.79e+00 1.85e-01 1.47e+02  3.58e-01 2.02e-02      1s
   6   8.10017371e+02 -3.23414142e+03  1.38e+02 1.90e+02  4.41e+05  1.62e+02  3.96e+00 1.91e-01 1.62e+02  3.45e-01 1.85e-02      1s
   7   8.19074612e+02 -3.14854868e+03  1.31e+02 1.81e+02  4.20e+05  1.16e-01  4.13e+00 1.97e-01 1.79e+02  5.30e-01 5.11e-02      1s
   8   8.30191598e+02 -3.05353140e+03  1.24e+02 1.71e+02  4.00e+05  1.78e-01  4.40e+00 2.13e-01 2.03e+02  5.39e-01 5.36e-02      1s
   9   8.43566259e+02 -2.94841228e+03  1.17e+02 1.61e+02  3.79e+05  2.65e-02  4.70e+00 2.32e-01 2.30e+02  5.50e-01 5.69e-02      1s
  10   8.59380465e+02 -2.83168061e+03  1.10e+02 1.51e+02  3.58e+05  4.89e-04  5.05e+00 2.56e-01 2.60e+02  5.63e-01 6.11e-02      1s
  11   8.77966330e+02 -2.70176621e+03  1.02e+02 1.41e+02  3.37e+05  1.16e-01  5.46e+00 2.86e-01 2.94e+02  5.80e-01 6.67e-02      2s
  12   8.99648879e+02 -2.55613222e+03  9.47e+01 1.31e+02  3.14e+05  1.19e-02  5.92e+00 3.23e-01 3.33e+02  6.00e-01 7.40e-02      2s
  13   9.25281094e+02 -2.39301396e+03  8.68e+01 1.20e+02  2.90e+05  5.29e-01  6.47e+00 3.72e-01 3.78e+02  6.23e-01 8.36e-02      2s
  14   9.33641511e+02 -2.39301396e+03  8.30e+01 1.19e+02  2.88e+05  4.31e+02  7.11e+00 4.36e-01 4.31e+02  2.31e-01 7.45e-03      2s
  15   9.42163369e+02 -2.39301396e+03  7.92e+01 1.18e+02  2.86e+05  4.55e+02  7.42e+00 4.53e-01 4.55e+02  2.25e-01 7.02e-03      2s
  16   9.50871150e+02 -2.39301396e+03  7.55e+01 1.17e+02  2.85e+05  4.80e+02  7.74e+00 4.70e-01 4.80e+02  2.19e-01 6.65e-03      2s
  17   9.88011295e+02 -2.15071557e+03  6.64e+01 1.03e+02  2.53e+05  6.80e-02  8.08e+00 4.88e-01 5.06e+02  6.94e-01 1.20e-01      2s
  18   1.03269177e+03 -1.87011351e+03  5.65e+01 8.77e+01  2.19e+05  3.06e-02  9.03e+00 6.09e-01 5.83e+02  7.35e-01 1.49e-01      3s
  19   1.08816070e+03 -1.54142922e+03  4.55e+01 7.06e+01  1.80e+05  3.81e-01  1.02e+01 7.97e-01 6.79e+02  7.84e-01 1.95e-01      3s
  20   1.16027481e+03 -1.14991322e+03  3.30e+01 5.13e+01  1.34e+05  1.09e+00  1.16e+01 1.12e+00 7.98e+02  8.44e-01 2.74e-01      3s
  21   1.26242409e+03 -6.73127157e+02  1.85e+01 2.88e+01  7.88e+04  2.46e+00  1.34e+01 1.77e+00 9.52e+02  9.16e-01 4.38e-01      3s
  22   1.27579677e+03 -6.73127157e+02  1.44e+01 2.87e+01  7.86e+04  1.16e+03  1.55e+01 3.73e+00 1.16e+03  1.52e-01 3.43e-03      3s
  23   1.40423282e+03 -4.92615758e+01  8.32e-01 1.62e+00  6.12e+03  2.24e-01  1.61e+01 3.86e+00 1.21e+03  9.97e-01 9.44e-01      4s
  24   1.32345384e+03 -3.69077536e+01  2.07e+00 1.07e+00  4.30e+03  5.54e+00  1.35e+01 5.06e+01 8.42e+02  9.72e-01 3.40e-01      4s
  25   1.22467590e+03 -3.04176683e+01  2.71e+00 7.79e-01  3.29e+03  4.49e+00  1.36e+01 6.67e+01 7.25e+02  9.58e-01 2.71e-01      4s
  26   1.11064651e+03 -2.61446177e+01  2.32e+00 5.88e-01  2.59e+03  1.15e+00  1.38e+01 7.96e+01 6.24e+02  9.42e-01 2.44e-01      4s
  27   9.85087781e+02 -2.29242508e+01  2.04e+00 4.39e-01  2.02e+03  1.22e+00  1.42e+01 9.09e+01 5.33e+02  9.56e-01 2.53e-01      4s
  28   8.39348556e+02 -2.02820728e+01  2.17e+00 3.08e-01  1.50e+03  2.48e+00  1.46e+01 1.03e+02 4.45e+02  1.00e+00 2.99e-01      5s
  29   1.05991881e+03 -2.02820728e+01  1.06e+02 2.15e-01  1.02e+03  3.49e+02  1.50e+01 1.19e+02 3.49e+02  4.47e-01 3.02e-01      5s
  30   3.90014632e+02 -1.60661265e+01  2.11e+01 4.30e-02  3.72e+02  2.12e-02  6.92e+01 4.14e+02 1.11e+03  1.00e+00 8.00e-01      6s
  31   4.69018916e+02 -1.60661265e+01  8.46e+01 1.55e-02  1.54e+02  1.21e+02  3.16e+01 2.56e+02 1.21e+02  9.24e-01 6.38e-01      6s
  32   1.74960146e+02 -1.59094555e+01  3.11e+01 5.72e-03  6.80e+01  2.93e-02  2.08e+02 8.01e+02 1.76e+02  1.00e+00 6.32e-01      8s
  33   6.00009898e+01 -1.57857451e+01  1.16e+01 2.14e-03  2.98e+01  1.57e-04  1.40e+02 3.05e+02 3.07e+01  1.00e+00 6.27e-01     10s
  34   1.94257901e+01 -1.56053133e+01  5.11e+00 9.39e-04  1.47e+01  1.77e-02  1.01e+02 1.13e+02 7.65e+00  1.00e+00 5.60e-01     11s
  35   2.97182448e+00 -1.53309896e+01  2.57e+00 4.72e-04  8.10e+00  5.50e-03  7.37e+01 4.81e+01 3.63e+00  9.67e-01 4.97e-01     12s
  36  -4.37455813e+00 -1.50266826e+01  1.43e+00 2.63e-04  4.85e+00  3.35e-02  5.15e+01 2.38e+01 2.59e+00  9.46e-01 4.44e-01     12s
  37  -9.57577455e+00 -1.46257771e+01  6.37e-01 1.18e-04  2.42e+00  9.73e-03  3.83e+01 1.44e+01 2.21e+00  9.45e-01 5.52e-01     13s
  38  -1.34752466e+01 -1.41303544e+01  5.13e-02 9.68e-06  4.03e-01  4.86e-03  4.07e+01 1.10e+01 2.00e+00  9.94e-01 9.18e-01     13s
  39  -1.38054549e+01 -1.40147323e+01  1.37e-02 2.60e-06  1.40e-01  1.26e-04  5.54e+02 3.07e+01 1.88e+00  1.00e+00 7.32e-01     23s
  40  -1.39381069e+01 -1.39541135e+01  9.45e-05 1.00e-15  1.53e-02  9.45e-05  1.44e+03 9.81e+01 1.85e+00  1.00e+00 1.00e+00     46s

The algorithm stopped after 41 iterations in 46.41 seconds.

Primal variables:   [+3.170 +2.649 +0.001 +0.001]
Dual slacks:        [+0.002 +0.001 +3.134 +3.850]
Dual variables:     [-0.146 -10.111]

Primal objective:   -1.39381069e+01
Dual objective:     -1.39541135e+01

Primal residual:    9.45e-05
Dual residual:      1.00e-15
Complementraty:     1.53e-02

Number of Iter:     41
Run time:           46.41
