
--------------- Linear optimization problem characteristics ---------------
Seed:                    53
Number of variables:     4
Number of constraints:   2

Norm of primal sol:      4.83e+00
Norm of dual sol:        1.00e+01
Norm of dual slacks:     5.00e+00

Norm of vector b:        2.00e+00
Norm of vector c:        7.79e+00

Norm of matrix A:        1.00e+00
Condition number:        2.00e+00

----------------------- Linear optimization problem -----------------------
Coeff matrix A:          [[+0.314 +0.199 +0.083 +0.324]
                          [-0.285 -0.678 +0.036 +0.676]]

RHS vector b:            [+2.000 -0.015]
Obj vector c:            [+1.805 +3.117 +4.055 +5.588]

---------------------------- Optimal solution -----------------------------
Primal variables:         [+4.457 +0.000 +0.000 +1.854]
Dual slacks:              [+0.000 +3.884 +3.148 +0.000]
Dual variables:           [+9.232 +3.844]

Optimal objective:       +1.84065611e+01
===========================================================================

Method:                  II-QIPM
LO_Precision:            1.00e-01
Stop_Precision:          1.00e-03
LO_Verbosity:            2
Omega:                   5.00e+00

The Quantum Inexact Infeasible Interior-Point Method starts running ...


                  Objective                Residual                                Linear system           Step-length
Iter      Primal           Dual         Primal    Dual     Compl    ||Resl||  Cond-Num  ||M||   ||RHS||    a-star   a-hat      Time
   0   2.77414584e+01  0.00000000e+00  2.45e+00 6.01e-01  3.07e+01  2.67e+00  4.00e+00 1.00e+00 2.67e+00  9.83e-01 8.45e-01      0s
   1   2.63564289e+01  3.83474212e+00  2.11e+00 5.18e-01  2.66e+01  8.24e-03  6.78e+00 6.88e-01 1.57e+00  6.19e-01 1.38e-01      0s
   2   2.55400510e+01  5.92833684e+00  1.90e+00 4.66e-01  2.42e+01  3.31e-02  5.37e+00 6.86e-01 1.54e+00  6.15e-01 1.00e-01      1s
   3   2.48804215e+01  7.55573931e+00  1.72e+00 4.22e-01  2.20e+01  1.25e-02  4.67e+00 7.05e-01 1.53e+00  6.14e-01 9.43e-02      1s
   4   2.43058910e+01  8.93137220e+00  1.56e+00 3.82e-01  2.01e+01  1.45e-02  4.12e+00 7.36e-01 1.51e+00  6.25e-01 9.58e-02      1s
   5   4.79650033e+00  8.93137220e+00  1.51e+00 0.00e+00  3.27e+00  1.51e+00  3.64e+00 7.78e-01 1.51e+00  1.00e+00 1.00e+00      1s
   6   5.33289232e+00  1.14773048e+01  1.44e+00 8.95e-16  3.05e+00  1.08e-01  6.65e+00 2.64e-01 1.96e+00  1.16e-01 4.37e-02      1s
   7   5.38404707e+00  1.16109231e+01  1.44e+00 3.14e-16  3.03e+00  8.00e-02  4.49e+00 3.42e-01 1.95e+00  1.41e-01 4.04e-03      1s
   8   5.42099294e+00  1.17036558e+01  1.43e+00 9.42e-16  3.03e+00  8.74e-02  4.36e+00 3.49e-01 1.95e+00  1.45e-01 2.93e-03      1s
   9   5.45869480e+00  1.17957162e+01  1.43e+00 9.49e-16  3.02e+00  7.65e-02  4.27e+00 3.54e-01 1.95e+00  1.46e-01 2.98e-03      1s
  10   5.49679097e+00  1.18862129e+01  1.42e+00 9.74e-16  3.01e+00  5.53e-02  4.19e+00 3.59e-01 1.95e+00  1.47e-01 3.00e-03      2s
  11   5.53512044e+00  1.19747935e+01  1.42e+00 1.02e-15  3.00e+00  2.91e-02  4.10e+00 3.64e-01 1.95e+00  1.47e-01 3.00e-03      2s
  12   5.57378352e+00  1.20617216e+01  1.42e+00 9.49e-16  2.99e+00  4.42e-03  4.02e+00 3.69e-01 1.95e+00  1.47e-01 3.01e-03      2s
  13   1.72794731e+00  1.20617216e+01  1.82e+00 2.48e-16  9.10e-01  1.95e+00  3.93e+00 3.75e-01 1.95e+00  1.00e+00 7.73e-01      2s
  14   1.79268727e+00  1.23951892e+01  1.81e+00 1.43e-15  9.06e-01  7.67e-03  2.97e+00 1.04e-01 1.98e+00  5.48e-02 3.85e-03      2s
  15   1.81400516e+00  1.24937872e+01  1.81e+00 1.60e-15  9.05e-01  2.75e-02  2.83e+00 1.13e-01 1.98e+00  5.77e-02 1.27e-03      2s
  16   1.83597479e+00  1.25920759e+01  1.81e+00 1.20e-15  9.03e-01  2.38e-02  2.78e+00 1.15e-01 1.98e+00  5.90e-02 1.31e-03      3s
  17   1.85869423e+00  1.26903757e+01  1.80e+00 1.32e-15  9.02e-01  1.61e-02  2.74e+00 1.18e-01 1.98e+00  6.04e-02 1.36e-03      3s
  18   1.88221724e+00  1.27887789e+01  1.80e+00 1.49e-15  9.01e-01  5.37e-03  2.70e+00 1.21e-01 1.98e+00  6.20e-02 1.41e-03      3s
  19   1.90652043e+00  1.28870480e+01  1.80e+00 1.37e-15  9.00e-01  7.34e-03  2.66e+00 1.25e-01 1.98e+00  6.38e-02 1.46e-03      3s
  20   1.93166667e+00  1.29853062e+01  1.80e+00 1.20e-15  8.98e-01  2.10e-02  2.62e+00 1.28e-01 1.98e+00  6.56e-02 1.52e-03      3s
  21   1.95763836e+00  1.30833475e+01  1.79e+00 1.02e-15  8.97e-01  3.46e-02  2.59e+00 1.32e-01 1.98e+00  6.75e-02 1.58e-03      3s
  22   1.98446014e+00  1.31811365e+01  1.79e+00 1.34e-15  8.95e-01  4.76e-02  2.55e+00 1.35e-01 1.98e+00  6.95e-02 1.63e-03      3s
  23   2.01217991e+00  1.32787134e+01  1.79e+00 8.95e-16  8.94e-01  5.93e-02  2.52e+00 1.39e-01 1.98e+00  7.15e-02 1.70e-03      3s
  24   2.04081684e+00  1.33760038e+01  1.78e+00 1.02e-15  8.92e-01  6.95e-02  2.48e+00 1.44e-01 1.98e+00  7.35e-02 1.76e-03      4s
  25   2.07041731e+00  1.34730202e+01  1.78e+00 1.28e-15  8.91e-01  7.78e-02  2.45e+00 1.48e-01 1.98e+00  7.55e-02 1.83e-03      4s
  26   2.10106041e+00  1.35698647e+01  1.78e+00 9.22e-16  8.89e-01  8.44e-02  2.42e+00 1.53e-01 1.98e+00  7.75e-02 1.90e-03      4s
  27   2.13280047e+00  1.36665361e+01  1.77e+00 9.55e-16  8.87e-01  8.91e-02  2.39e+00 1.58e-01 1.98e+00  7.94e-02 1.97e-03      5s
  28   2.16569599e+00  1.37630319e+01  1.77e+00 1.90e-15  8.85e-01  9.20e-02  2.36e+00 1.63e-01 1.98e+00  8.14e-02 2.05e-03      5s
  29   2.19987884e+00  1.38595422e+01  1.77e+00 1.87e-15  8.84e-01  9.32e-02  2.34e+00 1.69e-01 1.98e+00  8.34e-02 2.13e-03      5s
  30   2.23538965e+00  1.39559652e+01  1.76e+00 1.79e-15  8.82e-01  9.27e-02  2.31e+00 1.75e-01 1.98e+00  8.53e-02 2.22e-03      6s
  31   2.27238225e+00  1.40524925e+01  1.76e+00 1.95e-15  8.80e-01  9.07e-02  2.28e+00 1.81e-01 1.98e+00  8.73e-02 2.32e-03      6s
  32   2.31095226e+00  1.41491215e+01  1.75e+00 2.44e-15  8.77e-01  8.73e-02  2.26e+00 1.88e-01 1.98e+00  8.93e-02 2.42e-03      6s
  33   2.35120511e+00  1.42458528e+01  1.75e+00 1.89e-15  8.75e-01  8.26e-02  2.23e+00 1.95e-01 1.98e+00  9.12e-02 2.53e-03      6s
  34   2.39329951e+00  1.43427872e+01  1.75e+00 1.89e-15  8.73e-01  7.67e-02  2.21e+00 2.03e-01 1.98e+00  9.33e-02 2.65e-03      7s
  35   2.43741363e+00  1.44400281e+01  1.74e+00 2.29e-15  8.71e-01  6.98e-02  2.18e+00 2.11e-01 1.98e+00  9.53e-02 2.78e-03      7s
  36   2.48365544e+00  1.45374867e+01  1.74e+00 1.95e-15  8.68e-01  6.20e-02  2.16e+00 2.20e-01 1.98e+00  9.74e-02 2.91e-03      7s
  37   2.53219120e+00  1.46351781e+01  1.73e+00 2.00e-15  8.65e-01  5.35e-02  2.13e+00 2.30e-01 1.98e+00  9.96e-02 3.06e-03      7s
  38   2.58320657e+00  1.47331226e+01  1.73e+00 1.90e-15  8.63e-01  4.45e-02  2.11e+00 2.40e-01 1.98e+00  1.02e-01 3.22e-03      7s
  39   2.63690927e+00  1.48313461e+01  1.72e+00 1.93e-15  8.60e-01  3.52e-02  2.09e+00 2.51e-01 1.98e+00  1.04e-01 3.39e-03      8s
  40   2.69347549e+00  1.49297813e+01  1.71e+00 2.22e-15  8.57e-01  2.57e-02  2.06e+00 2.63e-01 1.98e+00  1.07e-01 3.58e-03      8s
  41   2.75315876e+00  1.50284667e+01  1.71e+00 1.86e-15  8.53e-01  1.64e-02  2.04e+00 2.76e-01 1.97e+00  1.10e-01 3.78e-03      8s
  42   2.81618052e+00  1.51273463e+01  1.70e+00 2.04e-15  8.50e-01  7.35e-03  2.02e+00 2.91e-01 1.97e+00  1.12e-01 4.00e-03      9s
  43   2.88285111e+00  1.52264690e+01  1.69e+00 2.72e-15  8.46e-01  1.14e-03  2.00e+00 3.06e-01 1.97e+00  1.16e-01 4.24e-03      9s
  44   2.95344779e+00  1.53257856e+01  1.68e+00 1.95e-15  8.42e-01  8.93e-03  1.98e+00 3.23e-01 1.97e+00  1.19e-01 4.50e-03      9s
  45   3.02820006e+00  1.54251496e+01  1.68e+00 1.84e-15  8.38e-01  1.59e-02  1.96e+00 3.42e-01 1.97e+00  1.23e-01 4.78e-03     10s
  46   3.10758842e+00  1.55247152e+01  1.67e+00 2.05e-15  8.34e-01  2.18e-02  1.94e+00 3.62e-01 1.97e+00  1.27e-01 5.09e-03     10s
  47   3.19198786e+00  1.56244290e+01  1.66e+00 1.89e-15  8.30e-01  2.68e-02  1.92e+00 3.85e-01 1.97e+00  1.31e-01 5.44e-03     10s
  48   3.28180694e+00  1.57242312e+01  1.65e+00 1.51e-15  8.25e-01  3.07e-02  1.90e+00 4.10e-01 1.97e+00  1.35e-01 5.81e-03     11s
  49   3.37748934e+00  1.58240537e+01  1.64e+00 1.16e-15  8.20e-01  3.35e-02  1.89e+00 4.37e-01 1.97e+00  1.41e-01 6.23e-03     11s
  50   3.47971984e+00  1.59240174e+01  1.63e+00 1.23e-15  8.14e-01  3.55e-02  1.87e+00 4.68e-01 1.97e+00  1.46e-01 6.69e-03     11s
  51   3.58916165e+00  1.60241239e+01  1.62e+00 1.01e-15  8.08e-01  3.65e-02  1.86e+00 5.03e-01 1.97e+00  1.52e-01 7.21e-03     12s
  52   3.70643318e+00  1.61242560e+01  1.60e+00 1.01e-15  8.02e-01  3.68e-02  1.85e+00 5.42e-01 1.97e+00  1.58e-01 7.79e-03     12s
  53   3.83245514e+00  1.62244814e+01  1.59e+00 1.33e-15  7.95e-01  3.65e-02  1.84e+00 5.86e-01 1.96e+00  1.65e-01 8.44e-03     12s
  54   3.96813184e+00  1.63247424e+01  1.58e+00 2.35e-15  7.88e-01  3.57e-02  1.83e+00 6.35e-01 1.96e+00  1.73e-01 9.16e-03     13s
  55   4.11461315e+00  1.64250601e+01  1.56e+00 2.08e-15  7.80e-01  3.44e-02  1.82e+00 6.92e-01 1.96e+00  1.81e-01 9.99e-03     13s
  56   4.27320027e+00  1.65254280e+01  1.54e+00 2.03e-15  7.72e-01  3.28e-02  1.82e+00 7.57e-01 1.96e+00  1.90e-01 1.09e-02     13s
  57   4.44536713e+00  1.66258110e+01  1.52e+00 1.29e-15  7.62e-01  3.09e-02  1.81e+00 8.32e-01 1.96e+00  2.00e-01 1.20e-02     13s
  58   4.63297180e+00  1.67262433e+01  1.50e+00 1.67e-15  7.52e-01  2.89e-02  1.81e+00 9.19e-01 1.96e+00  2.10e-01 1.33e-02     13s
  59   4.83815479e+00  1.68267207e+01  1.48e+00 1.21e-15  7.41e-01  2.68e-02  1.81e+00 1.02e+00 1.95e+00  2.22e-01 1.47e-02     13s
  60   5.06338337e+00  1.69271966e+01  1.46e+00 1.12e-15  7.29e-01  2.46e-02  1.81e+00 1.14e+00 1.95e+00  2.35e-01 1.64e-02     13s
  61   5.31199737e+00  1.70277781e+01  1.43e+00 2.03e-15  7.15e-01  2.23e-02  1.81e+00 1.28e+00 1.95e+00  2.49e-01 1.84e-02     14s
  62   5.58711920e+00  1.71282049e+01  1.40e+00 1.10e-15  7.01e-01  2.01e-02  1.82e+00 1.45e+00 1.95e+00  2.64e-01 2.08e-02     14s
  63   5.89411314e+00  1.72287645e+01  1.37e+00 1.56e-15  6.84e-01  1.79e-02  1.82e+00 1.66e+00 1.94e+00  2.82e-01 2.37e-02     14s
  64   6.23812210e+00  1.73292345e+01  1.33e+00 1.19e-15  6.65e-01  1.59e-02  1.83e+00 1.91e+00 1.94e+00  3.01e-01 2.72e-02     14s
  65   6.62704031e+00  1.74298000e+01  1.29e+00 1.00e-15  6.44e-01  1.39e-02  1.83e+00 2.23e+00 1.94e+00  3.23e-01 3.17e-02     14s
  66   7.06960283e+00  1.75302861e+01  1.24e+00 8.66e-16  6.20e-01  1.20e-02  1.84e+00 2.63e+00 1.93e+00  3.48e-01 3.73e-02     14s
  67   7.57816834e+00  1.76307463e+01  1.19e+00 7.01e-16  5.93e-01  1.04e-02  1.85e+00 3.15e+00 1.93e+00  3.77e-01 4.45e-02     14s
  68   8.16952444e+00  1.77312738e+01  1.12e+00 1.28e-15  5.60e-01  8.92e-03  1.86e+00 3.84e+00 1.92e+00  4.10e-01 5.42e-02     14s
  69   8.86559936e+00  1.78317866e+01  1.05e+00 8.72e-16  5.23e-01  7.70e-03  1.86e+00 4.79e+00 1.92e+00  4.48e-01 6.76e-02     14s
  70   9.69769962e+00  1.79322723e+01  9.54e-01 7.24e-16  4.77e-01  6.77e-03  1.87e+00 6.15e+00 1.91e+00  4.95e-01 8.67e-02     14s
  71   1.07126777e+01  1.80328223e+01  8.44e-01 9.84e-16  4.22e-01  6.18e-03  1.87e+00 8.20e+00 1.90e+00  5.45e-01 1.16e-01     15s
  72   1.19818022e+01  1.81334151e+01  7.05e-01 1.34e-15  3.53e-01  6.05e-03  1.88e+00 1.15e+01 1.89e+00  6.04e-01 1.64e-01     15s
  73   1.36264877e+01  1.82341968e+01  5.26e-01 7.66e-16  2.63e-01  6.68e-03  1.88e+00 1.77e+01 1.87e+00  6.80e-01 2.54e-01     15s
  74   1.58859288e+01  1.83355483e+01  2.80e-01 1.20e-15  1.40e-01  8.99e-03  1.87e+00 3.18e+01 1.85e+00  7.81e-01 4.68e-01     15s
  75   1.81712349e+01  1.84009591e+01  3.70e-02 5.39e-16  2.15e-02  1.82e-02  1.83e+00 8.81e+01 1.81e+00  9.30e-01 8.77e-01     15s

The algorithm stopped after 76 iterations in 14.90 seconds.

Primal variables:   [+4.364 +0.002 +0.002 +1.839]
Dual slacks:        [+0.001 +3.884 +3.149 +0.002]
Dual variables:     [+9.229 +3.843]

Primal objective:   1.81712349e+01 
Dual objective:     1.84009591e+01 

Primal residual:    3.70e-02
Dual residual:      5.39e-16
Complementraty:     2.15e-02

Number of Iter:     76
Run time:           14.90
