
--------------- Linear optimization problem characteristics ---------------
Seed:                    91
Number of variables:     4
Number of constraints:   2

Norm of primal sol:      1.09e+01
Norm of dual sol:        1.00e+01
Norm of dual slacks:     5.00e+00

Norm of vector b:        2.00e+00
Norm of vector c:        4.39e+00

Norm of matrix A:        1.00e+00
Condition number:        2.00e+00

----------------------- Linear optimization problem -----------------------
Coeff matrix A:          [[+0.427 -0.407 -0.198 -0.527]
                          [-0.044 -0.701 -0.287 -0.094]]

RHS vector b:            [+1.803 -0.867]
Obj vector c:            [-2.898 +0.503 +2.216 +2.382]

---------------------------- Optimal solution -----------------------------
Primal variables:         [+9.876 +0.000 +0.000 +4.586]
Dual slacks:              [+0.000 +3.714 +3.347 +0.000]
Dual variables:           [-5.954 +8.034]

Optimal objective:       -1.76949208e+01
===========================================================================

Method:                  II-QIPM
LO_Precision:            1.00e-01
Stop_Precision:          1.00e-03
LO_Verbosity:            2
Omega:                   1.00e+03

The Quantum Inexact Infeasible Interior-Point Method starts running ...


                  Objective                Residual                                Linear system           Step-length
Iter      Primal           Dual         Primal    Dual     Compl    ||Resl||  Cond-Num  ||M||   ||RHS||    a-star   a-hat      Time
   0   9.88689798e+02 -1.15997970e+03  5.25e+02 7.90e+02  1.68e+06  4.69e-13  4.00e+00 1.00e+00 1.46e+03  7.22e-01 6.05e-01      0s
   1   1.55608398e+02 -1.15997970e+03  3.27e+02 2.56e-14  3.79e+05  3.27e+02  7.42e+00 9.95e-01 3.27e+02  1.00e+00 1.00e+00      0s
   2  -4.23913848e+01 -1.27565025e+03  1.59e+01 1.15e-13  2.10e+04 *4.54e-01  2.15e+01 4.83e+00 2.96e+01  9.68e-01 9.52e-01      1s
   3  -1.33962407e+01 -1.31723901e+03  9.72e-02 6.51e-14  1.43e+03  3.62e-03  3.00e+01 3.15e-01 1.54e+00  1.00e+00 9.94e-01      1s
   4  -1.35881977e+01 -2.56444620e+02  1.52e-04 8.84e-14  2.43e+02  1.52e-04  3.39e+01 2.01e-02 1.93e+00  1.00e+00 1.00e+00      2s
   5  -1.37180784e+01 -4.01976455e+01  7.53e-03 8.36e-15  2.63e+01  7.53e-03  7.77e+01 1.78e-01 1.73e+00  1.00e+00 1.00e+00      3s
   6  -1.40701973e+01 -2.50419563e+01  3.19e-03 4.55e-15  1.09e+01  7.99e-04  6.81e+01 1.51e+00 1.79e+00  9.03e-01 6.45e-01      3s
   7  -1.42433429e+01 -2.37804105e+01  3.12e-03 4.19e-15  9.50e+00  2.72e-03  6.71e+01 4.16e+00 1.82e+00  7.52e-01 1.45e-01      4s
   8  -1.44204326e+01 -2.27908251e+01  3.72e-03 3.27e-15  8.33e+00  7.53e-03  6.73e+01 5.03e+00 1.82e+00  7.45e-01 1.37e-01      5s
   9  -1.46039518e+01 -2.19834352e+01  4.31e-03 2.68e-15  7.34e+00  8.15e-03  6.73e+01 6.04e+00 1.83e+00  7.38e-01 1.32e-01      6s
  10  -1.47926903e+01 -2.13209962e+01  4.06e-03 3.31e-15  6.49e+00  2.40e-03  6.71e+01 7.24e+00 1.83e+00  7.29e-01 1.28e-01      7s
  11  -1.49944410e+01 -2.07428255e+01  4.34e-03 2.05e-15  5.71e+00  6.15e-03  6.67e+01 8.66e+00 1.84e+00  7.39e-01 1.33e-01      8s
  12  -1.52068508e+01 -2.02463862e+01  3.96e-03 1.33e-15  5.01e+00  1.55e-03  6.61e+01 1.05e+01 1.84e+00  7.44e-01 1.37e-01      9s
  13  -1.54398599e+01 -1.97924789e+01  4.55e-03 2.10e-15  4.32e+00  7.83e-03  6.53e+01 1.27e+01 1.85e+00  7.69e-01 1.53e-01     10s
  14  -1.56945423e+01 -1.93809166e+01  5.46e-03 1.93e-15  3.65e+00  9.84e-03  6.44e+01 1.59e+01 1.86e+00  7.95e-01 1.73e-01     11s
  15  -3.29448830e+00 -1.93809166e+01  1.61e+00 8.78e-17  8.09e-01  1.86e+00  6.34e+01 2.03e+01 1.86e+00  1.00e+00 8.65e-01     11s
  16  -3.77710669e+00 -1.91271410e+01  1.55e+00 3.30e-16  7.77e-01  1.13e-01  5.74e+01 5.15e+00 1.97e+00  2.25e-01 3.57e-02     12s
  17  -4.02441194e+00 -1.90169738e+01  1.53e+00 1.12e-15  7.63e-01  2.25e-02  5.91e+01 6.83e+00 1.96e+00  2.35e-01 1.83e-02     13s
  18  -4.44720764e+00 -1.88743103e+01  1.47e+00 1.09e-15  7.37e-01  2.10e-01  5.95e+01 7.86e+00 1.96e+00  2.90e-01 3.42e-02     13s
  19  -4.84157320e+00 -1.87499920e+01  1.43e+00 1.11e-15  7.13e-01  1.13e-01  6.12e+01 9.57e+00 1.96e+00  2.90e-01 3.16e-02     14s
  20  -5.20156826e+00 -1.86444371e+01  1.39e+00 1.49e-15  6.93e-01  5.30e-03  6.20e+01 1.16e+01 1.95e+00  2.80e-01 2.85e-02     14s
  21  -5.68659235e+00 -1.85275656e+01  1.33e+00 7.88e-16  6.65e-01  6.95e-02  6.21e+01 1.38e+01 1.95e+00  3.25e-01 4.04e-02     15s
  22  -7.00343201e+00 -1.83544838e+01  1.15e+00 3.61e-16  5.75e-01  4.59e-01  6.26e+01 1.71e+01 1.94e+00  5.22e-01 1.42e-01     15s
  23  -7.53663292e+00 -1.82607176e+01  1.09e+00 1.00e-15  5.46e-01  6.76e-03  7.37e+01 2.51e+01 1.91e+00  3.28e-01 5.05e-02     16s
  24  -8.17963059e+00 -1.81678128e+01  1.02e+00 1.05e-15  5.11e-01  7.68e-04  7.19e+01 3.16e+01 1.91e+00  3.61e-01 6.39e-02     17s
  25  -8.98297639e+00 -1.80749282e+01  9.36e-01 1.34e-15  4.68e-01  1.24e-04  7.00e+01 4.14e+01 1.90e+00  4.06e-01 8.50e-02     18s
  26  -1.00275500e+01 -1.79814531e+01  8.23e-01 7.33e-16  4.11e-01  3.76e-03  6.82e+01 5.70e+01 1.89e+00  4.67e-01 1.21e-01     19s
  27  -1.14539155e+01 -1.78869387e+01  6.68e-01 5.35e-16  3.34e-01  9.65e-03  6.63e+01 8.51e+01 1.88e+00  5.50e-01 1.88e-01     20s
  28  -1.34998696e+01 -1.77927584e+01  4.47e-01 4.73e-16  2.23e-01  9.29e-03  6.46e+01 1.47e+02 1.87e+00  6.61e-01 3.32e-01     21s
  29  -1.35028886e+01 -1.77926649e+01  4.46e-01 1.14e-15  2.23e-01  3.52e-01  6.27e+01 3.43e+02 1.84e+00  1.00e+00 1.38e-03     22s
  30  -1.35028932e+01 -1.77926648e+01  4.46e-01 7.00e-16  2.23e-01  3.29e-01  6.28e+01 3.43e+02 1.84e+00  1.00e+00 1.94e-06     23s

The solution quality is limited by the precision of the linear system solver.

The algorithm stopped after 31 iterations in 22.55 seconds.

Primal variables:   [+7.385 +0.017 +0.025 +3.288]
Dual slacks:        [+0.005 +3.791 +3.378 +0.010]
Dual variables:     [-5.956 +8.144]

Primal objective:   -1.35028932e+01
Dual objective:     -1.77926648e+01

Primal residual:    4.46e-01
Dual residual:      7.00e-16
Complementraty:     2.23e-01

Number of Iter:     31
Run time:           22.55
