
--------------- Linear optimization problem characteristics ---------------
Seed:                    68
Number of variables:     4
Number of constraints:   2

Norm of primal sol:      2.70e+00
Norm of dual sol:        1.00e+01
Norm of dual slacks:     5.00e+00

Norm of vector b:        2.00e+00
Norm of vector c:        5.19e+00

Norm of matrix A:        1.00e+00
Condition number:        2.00e+00

----------------------- Linear optimization problem -----------------------
Coeff matrix A:          [[-0.323 +0.095 +0.285 +0.752]
                          [-0.200 -0.412 +0.463 +0.255]]

RHS vector b:            [+1.985 +0.243]
Obj vector c:            [+2.250 +4.072 +1.859 +1.351]

---------------------------- Optimal solution -----------------------------
Primal variables:         [+0.000 +0.970 +0.000 +2.518]
Dual slacks:              [+2.035 +0.000 +4.567 +0.000]
Dual variables:           [+4.779 -8.784]

Optimal objective:       +7.35294521e+00
===========================================================================

Method:                  II-QIPM
LO_Precision:            1.00e-01
Stop_Precision:          1.00e-03
LO_Verbosity:            2
Omega:                   5.00e+00

The Quantum Inexact Infeasible Interior-Point Method starts running ...


                  Objective                Residual                                Linear system           Step-length
Iter      Primal           Dual         Primal    Dual     Compl    ||Resl||  Cond-Num  ||M||   ||RHS||    a-star   a-hat      Time
   0   2.65868354e+01 -1.88562625e+00  4.48e-16 0.00e+00  2.85e+01 *4.97e-16  4.00e+00 1.00e+00 1.78e+00  1.00e+00 1.00e+00      0s
   1   1.17436950e+01  1.64212228e+00  2.82e-02 2.22e-16  1.02e+01  3.95e-02  6.75e+00 1.33e+00 1.83e+00  8.62e-01 7.15e-01      0s
   2   8.26873419e+00  5.17478127e+00  5.62e-03 2.48e-16  3.13e+00  1.35e-03  9.95e+00 1.26e+00 1.87e+00  9.33e-01 7.64e-01      1s
   3   1.89435092e+00  5.17478127e+00  1.54e+00 0.00e+00  7.70e-01  1.83e+00  3.14e+01 4.49e+00 1.83e+00  1.00e+00 8.38e-01      1s
   4   2.02221906e+00  5.39596884e+00  1.50e+00 2.48e-16  7.49e-01  1.13e-02  3.44e+01 1.05e+00 1.96e+00  2.39e-01 2.44e-02      2s
   5   2.08893923e+00  5.49373005e+00  1.48e+00 7.39e-16  7.39e-01  3.71e-04  3.49e+01 1.27e+00 1.96e+00  2.52e-01 1.27e-02      2s
   6   2.16105495e+00  5.59146966e+00  1.46e+00 7.11e-16  7.29e-01  2.07e-04  3.49e+01 1.38e+00 1.95e+00  2.61e-01 1.39e-02      3s
   7   2.23914968e+00  5.68908790e+00  1.44e+00 9.82e-16  7.18e-01  2.78e-04  3.49e+01 1.51e+00 1.95e+00  2.70e-01 1.52e-02      3s
   8   2.32418474e+00  5.78680886e+00  1.41e+00 5.24e-16  7.06e-01  2.47e-04  3.49e+01 1.66e+00 1.95e+00  2.81e-01 1.68e-02      4s
   9   2.41701401e+00  5.88452887e+00  1.39e+00 9.42e-16  6.93e-01  4.74e-05  3.49e+01 1.84e+00 1.95e+00  2.93e-01 1.86e-02      4s
  10   2.51903016e+00  5.98254535e+00  1.36e+00 7.20e-16  6.79e-01  1.11e-03  3.48e+01 2.04e+00 1.95e+00  3.07e-01 2.08e-02      5s
  11   2.63165842e+00  6.08090804e+00  1.33e+00 8.89e-16  6.63e-01  3.17e-03  3.48e+01 2.29e+00 1.94e+00  3.23e-01 2.35e-02      6s
  12   2.75673588e+00  6.17972656e+00  1.29e+00 1.32e-15  6.45e-01  5.67e-03  3.47e+01 2.58e+00 1.94e+00  3.42e-01 2.68e-02      6s
  13   2.89648993e+00  6.27903073e+00  1.25e+00 1.44e-15  6.25e-01  7.82e-03  3.46e+01 2.94e+00 1.94e+00  3.62e-01 3.09e-02      7s
  14   3.05352178e+00  6.37870906e+00  1.20e+00 1.36e-15  6.02e-01  9.42e-03  3.46e+01 3.38e+00 1.93e+00  3.84e-01 3.59e-02      8s
  15   3.23086322e+00  6.47851328e+00  1.15e+00 1.15e-15  5.77e-01  1.05e-02  3.45e+01 3.94e+00 1.93e+00  4.08e-01 4.21e-02      8s
  16   3.43299195e+00  6.57851679e+00  1.10e+00 1.18e-15  5.48e-01  1.10e-02  3.45e+01 4.66e+00 1.92e+00  4.35e-01 5.02e-02      9s
  17   3.66499286e+00  6.67837718e+00  1.03e+00 1.23e-15  5.15e-01  1.04e-02  3.44e+01 5.61e+00 1.92e+00  4.65e-01 6.05e-02      9s
  18   3.93301631e+00  6.77738716e+00  9.54e-01 1.40e-15  4.77e-01  7.33e-03  3.43e+01 6.89e+00 1.91e+00  4.96e-01 7.37e-02     10s
  19   4.24466380e+00  6.87444924e+00  8.67e-01 1.32e-15  4.34e-01  2.23e-04  3.40e+01 8.68e+00 1.90e+00  5.27e-01 9.08e-02     10s
  20   4.62131399e+00  6.97440336e+00  7.60e-01 9.98e-16  3.80e-01  9.94e-03  3.35e+01 1.12e+01 1.89e+00  5.90e-01 1.24e-01     11s
  21   5.07951181e+00  7.07413479e+00  6.29e-01 8.94e-16  3.14e-01  9.31e-03  3.33e+01 1.55e+01 1.88e+00  6.48e-01 1.72e-01     12s
  22   5.64522226e+00  7.17040802e+00  4.73e-01 1.10e-15  2.36e-01  6.31e-04  3.30e+01 2.31e+01 1.87e+00  7.05e-01 2.48e-01     12s
  23   6.37650708e+00  7.26638252e+00  2.72e-01 3.55e-16  1.36e-01  5.59e-05  3.20e+01 3.87e+01 1.85e+00  7.96e-01 4.26e-01     13s
  24   6.25798490e+00  7.29505654e+00  1.77e-01 6.78e-16  8.87e-02  1.37e-01  3.04e+01 9.01e+01 1.82e+00  9.44e-01 3.86e-01     13s

The algorithm stopped after 25 iterations in 13.08 seconds.

Primal variables:   [+0.010 +0.761 +0.005 +2.315]
Dual slacks:        [+2.038 +0.036 +4.542 +0.009]
Dual variables:     [+4.740 -8.705]

Primal objective:   6.25798490e+00 
Dual objective:     7.29505654e+00 

Primal residual:    1.77e-01
Dual residual:      6.78e-16
Complementraty:     8.87e-02

Number of Iter:     25
Run time:           13.08
