
--------------- Linear optimization problem characteristics ---------------
Seed:                    22
Number of variables:     4
Number of constraints:   2

Norm of primal sol:      1.00e+01
Norm of dual sol:        1.00e+01
Norm of dual slacks:     5.00e+00

Norm of vector b:        2.00e+00
Norm of vector c:        1.27e+01

Norm of matrix A:        1.00e+00
Condition number:        2.00e+00

----------------------- Linear optimization problem -----------------------
Coeff matrix A:          [[-0.566 +0.020 +0.329 -0.437]
                          [-0.420 -0.522 +0.425 -0.018]]

RHS vector b:            [+0.438 +1.951]
Obj vector c:            [+6.933 +4.559 -4.828 +8.363]

---------------------------- Optimal solution -----------------------------
Primal variables:         [+4.460 +0.000 +8.998 +0.000]
Dual slacks:              [+0.000 +2.445 +0.000 +4.361]
Dual variables:           [-8.980 -4.400]

Optimal objective:       -1.25183489e+01
===========================================================================

Method:                  II-QIPM
LO_Precision:            1.00e-01
Stop_Precision:          1.00e-03
LO_Verbosity:            2
Omega:                   5.00e+02

The Quantum Inexact Infeasible Interior-Point Method starts running ...


                  Objective                Residual                                Linear system           Step-length
Iter      Primal           Dual         Primal    Dual     Compl    ||Resl||  Cond-Num  ||M||   ||RHS||    a-star   a-hat      Time
   0   4.75149651e+03  3.19044657e+02  1.86e+02 4.36e+02  4.64e+05  5.68e-14  4.00e+00 1.00e+00 4.54e+02  6.81e-01 5.61e-01      0s
   1   4.42246888e+03  2.57272468e+02  1.52e+02 3.56e+02  3.87e+05 *3.49e-02  8.04e+00 2.91e+00 5.68e+02  7.55e-01 1.83e-01      0s
   2   4.10406807e+03  1.91687445e+02  1.17e+02 2.75e+02  3.05e+05 *4.58e-01  9.11e+00 4.03e+00 7.39e+02  8.12e-01 2.28e-01      1s
   3   3.76571302e+03  1.16237773e+02  7.81e+01 1.83e+02  2.11e+05 *2.77e+00  1.03e+01 5.94e+00 9.33e+02  8.76e-01 3.34e-01      1s
   4   3.41565386e+03  3.14650648e+01  3.21e+01 7.61e+01  9.36e+04 *4.80e+00  1.17e+01 1.04e+01 1.18e+03  9.57e-01 5.85e-01      1s
   5   3.22673323e+03 -1.75846362e+01  6.45e+00 1.94e+00  5.69e+03 *6.63e+00  1.32e+01 2.98e+01 1.50e+03  9.98e-01 9.75e-01      1s
   6  -7.67510222e+02 -1.75846362e+01  2.46e+02 1.42e-01  1.35e+03  2.65e+02  7.97e+00 4.75e+02 2.65e+02  1.00e+00 9.27e-01      1s
   7   1.71485998e+02 -1.75196929e+01  1.78e-02 1.03e-15  1.89e+02 *1.78e-02  2.40e+01 2.73e+03 3.72e+02  1.00e+00 1.00e+00      2s
   8   2.11500059e+00 -1.74417215e+01  1.88e-01 3.19e-16  1.89e+01 *1.88e-01  2.44e+01 3.97e+02 8.05e+00  1.00e+00 1.00e+00      2s
   9  -5.55738435e+00 -1.71356706e+01  1.04e-01 7.02e-16  1.13e+01 *1.57e-03  3.21e+01 4.33e+01 1.38e+00  7.91e-01 4.48e-01      3s
  10  -6.42952703e+00 -1.70105870e+01  9.67e-02 3.43e-16  1.03e+01  3.68e-02  4.76e+01 3.00e+01 1.53e+00  6.58e-01 9.25e-02      3s
  11  -7.17858906e+00 -1.68796281e+01  9.18e-02 7.20e-16  9.51e+00  6.07e-02  5.24e+01 2.91e+01 1.54e+00  6.49e-01 8.81e-02      4s
  12  -7.86375346e+00 -1.67406141e+01  9.04e-02 1.14e-15  8.76e+00  1.02e-01  5.73e+01 2.84e+01 1.55e+00  6.49e-01 8.78e-02      5s
  13  -9.37957269e+00 -1.65662892e+01  1.52e-01 4.48e-16  7.43e+00  4.90e-01  6.24e+01 2.80e+01 1.56e+00  8.05e-01 1.70e-01      5s
  14  -9.67781482e+00 -1.64200107e+01  1.42e-01 8.53e-16  6.99e+00  1.89e-04  7.10e+01 2.67e+01 1.58e+00  5.82e-01 6.54e-02      6s
  15  -9.95883432e+00 -1.62629460e+01  1.33e-01 1.23e-15  6.56e+00  1.36e-02  7.54e+01 2.70e+01 1.58e+00  5.90e-01 6.79e-02      8s
  16  -1.02117042e+01 -1.60942750e+01  1.24e-01 1.53e-15  6.15e+00  8.03e-03  7.97e+01 2.74e+01 1.59e+00  5.96e-01 7.00e-02     10s
  17  -1.04451100e+01 -1.59111970e+01  1.16e-01 1.28e-15  5.74e+00  6.26e-03  8.38e+01 2.80e+01 1.59e+00  6.06e-01 7.41e-02     11s
  18  -1.06752298e+01 -1.57104342e+01  1.08e-01 6.75e-16  5.32e+00  1.90e-02  8.75e+01 2.89e+01 1.59e+00  6.26e-01 8.14e-02     14s
  19  -1.08772515e+01 -1.54892863e+01  9.81e-02 1.05e-15  4.89e+00  7.24e-05  9.10e+01 3.01e+01 1.59e+00  6.42e-01 8.85e-02     16s
  20  -1.10745916e+01 -1.52419415e+01  8.83e-02 4.58e-16  4.44e+00  1.89e-03  9.39e+01 3.17e+01 1.59e+00  6.70e-01 1.02e-01     18s
  21  -1.12872285e+01 -1.49619812e+01  7.96e-02 9.57e-16  3.95e+00  1.78e-02  9.63e+01 3.39e+01 1.60e+00  7.10e-01 1.22e-01     19s
  22  -1.14874169e+01 -1.46395719e+01  6.87e-02 7.41e-16  3.42e+00  6.86e-03  9.81e+01 3.71e+01 1.60e+00  7.50e-01 1.49e-01     20s
  23  -1.16913111e+01 -1.42615130e+01  5.60e-02 1.14e-15  2.81e+00  4.19e-03  9.91e+01 4.20e+01 1.60e+00  8.05e-01 1.96e-01     21s
  24  -1.19036492e+01 -1.38061572e+01  4.03e-02 6.41e-16  2.09e+00  9.73e-06  9.90e+01 5.01e+01 1.60e+00  8.76e-01 2.80e-01     22s
  25  -1.21901086e+01 -1.32574261e+01  2.67e-02 9.68e-16  1.22e+00  1.12e-02  9.72e+01 6.62e+01 1.61e+00  9.72e-01 4.58e-01     24s
  26  -1.24687618e+01 -1.25638848e+01  1.15e-03 6.71e-16  1.05e-01  1.15e-03  9.29e+01 1.11e+02 1.63e+00  1.00e+00 1.00e+00     25s
  27  -1.27906249e+01 -1.25248871e+01  3.81e-02 1.08e-15  1.16e-02  3.81e-02  5.42e+01 1.38e+03 1.98e+00  1.00e+00 1.00e+00     25s

The algorithm stopped after 28 iterations in 25.47 seconds.

Primal variables:   [+4.274 +0.001 +8.789 +0.001]
Dual slacks:        [+0.001 +2.443 +0.000 +4.363]
Dual variables:     [-8.975 -4.405]

Primal objective:   -1.27906249e+01
Dual objective:     -1.25248871e+01

Primal residual:    3.81e-02
Dual residual:      1.08e-15
Complementraty:     1.16e-02

Number of Iter:     28
Run time:           25.47
