
--------------- Linear optimization problem characteristics ---------------
Seed:                    39
Number of variables:     4
Number of constraints:   2

Norm of primal sol:      4.31e+00
Norm of dual sol:        1.00e+01
Norm of dual slacks:     5.00e+00

Norm of vector b:        2.00e+00
Norm of vector c:        1.14e+01

Norm of matrix A:        1.00e+00
Condition number:        2.00e+00

----------------------- Linear optimization problem -----------------------
Coeff matrix A:          [[+0.241 -0.346 +0.620 +0.028]
                          [-0.355 -0.061 +0.712 -0.226]]

RHS vector b:            [+1.042 -1.707]
Obj vector c:            [+1.480 -0.017 +11.322 -0.278]

---------------------------- Optimal solution -----------------------------
Primal variables:         [+4.207 +0.000 +0.000 +0.939]
Dual slacks:              [+0.000 +3.486 +3.584 +0.000]
Dual variables:           [+9.701 +2.427]

Optimal objective:       +5.96358994e+00
===========================================================================

Method:                  II-QIPM
LO_Precision:            1.00e-01
Stop_Precision:          1.00e-03
LO_Verbosity:            2
Omega:                   5.00e+02

The Quantum Inexact Infeasible Interior-Point Method starts running ...


                  Objective                Residual                                Linear system           Step-length
Iter      Primal           Dual         Primal    Dual     Compl    ||Resl||  Cond-Num  ||M||   ||RHS||    a-star   a-hat      Time
   0   6.74491638e+03  0.00000000e+00  2.92e+02 7.48e+00  1.49e+04  2.92e+02  4.00e+00 1.00e+00 2.92e+02  9.99e-01 9.92e-01      0s
   1   5.06143888e+03 -6.56624662e+00  1.44e+02 3.77e+00  8.71e+03 *6.54e+00  1.60e+00 4.78e+01 2.49e+02  9.39e-01 4.97e-01      0s
   2   2.50132622e+03 -1.01791270e+01  4.73e+00 2.22e-16  2.53e+03  4.73e+00  2.17e+00 6.86e+01 2.28e+02  1.00e+00 1.00e+00      0s
   3   1.27949862e+02 -1.01791270e+01  2.43e+01 0.00e+00  2.53e+02  2.43e+01  3.46e+00 1.07e+02 2.43e+01  1.00e+00 1.00e+00      0s
   4   1.99688809e+01 -9.77094412e+00  1.27e+00 4.58e-16  3.56e+01  5.76e-02  4.41e+00 1.64e+01 2.88e+00  1.00e+00 9.46e-01      1s
   5   1.63846636e+01 -8.74871185e+00  1.05e+00 0.00e+00  3.00e+01  5.01e-02  1.71e+00 1.10e+00 1.94e+00  7.80e-01 1.76e-01      1s
   6   1.41562602e+01 -7.91744600e+00  9.17e-01 4.97e-16  2.63e+01  4.57e-02  1.30e+00 8.16e-01 1.92e+00  7.44e-01 1.37e-01      1s
   7   1.26692527e+01 -7.23010441e+00  8.13e-01 1.11e-16  2.37e+01  2.02e-02  1.16e+00 6.81e-01 1.90e+00  6.96e-01 1.11e-01      1s
   8   1.16978438e+01 -6.68068990e+00  7.32e-01 4.44e-16  2.18e+01  1.25e-01  1.34e+00 6.66e-01 1.89e+00  6.41e-01 8.66e-02      1s
   9   1.08244261e+01 -6.12446750e+00  6.65e-01 5.09e-16  2.01e+01  4.57e-02  1.60e+00 6.73e-01 1.88e+00  6.39e-01 8.59e-02      1s
  10   1.01059745e+01 -5.59907194e+00  6.10e-01 5.55e-16  1.87e+01  2.72e-02  1.93e+00 6.88e-01 1.87e+00  6.23e-01 7.98e-02      1s
  11   9.38444217e+00 -5.03321437e+00  5.64e-01 4.97e-16  1.72e+01  7.80e-02  2.31e+00 7.06e-01 1.87e+00  6.39e-01 8.61e-02      1s
  12   8.92089365e+00 -4.57275321e+00  5.25e-01 5.55e-16  1.62e+01  1.93e-02  2.78e+00 7.31e-01 1.86e+00  5.87e-01 6.76e-02      1s
  13   8.21038367e-01 -4.57275321e+00  1.86e+00 0.00e+00  1.62e+00  1.86e+00  3.24e+00 7.53e-01 1.86e+00  1.00e+00 1.00e+00      1s
  14   7.58183232e-01  1.48644669e+00  1.71e+00 2.48e-16  1.02e+00  6.37e-02  1.71e+00 6.24e-02 1.99e+00  1.02e-01 8.32e-02      1s
  15   9.89056871e-01  3.92098004e+00  1.58e+00 9.22e-16  7.91e-01  1.77e-02  2.32e+01 4.98e-01 1.95e+00  1.32e-01 7.22e-02      2s
  16   1.02302441e+00  4.03308315e+00  1.57e+00 2.78e-16  7.86e-01  3.14e-02  2.72e+01 1.05e+00 1.93e+00  1.22e-01 6.89e-03      2s
  17   1.05394442e+00  4.12527229e+00  1.56e+00 9.72e-16  7.81e-01  1.17e-02  2.61e+01 1.09e+00 1.93e+00  1.23e-01 6.06e-03      3s
  18   1.08718561e+00  4.21830470e+00  1.55e+00 1.09e-15  7.76e-01  2.10e-02  2.52e+01 1.12e+00 1.93e+00  1.28e-01 6.66e-03      3s
  19   1.12301366e+00  4.31179523e+00  1.54e+00 7.58e-16  7.70e-01  2.74e-02  2.42e+01 1.15e+00 1.93e+00  1.32e-01 7.31e-03      3s
  20   1.16188596e+00  4.40571473e+00  1.53e+00 1.20e-15  7.64e-01  3.12e-02  2.33e+01 1.20e+00 1.93e+00  1.37e-01 8.05e-03      4s
  21   1.20420965e+00  4.49971481e+00  1.51e+00 1.45e-15  7.57e-01  3.28e-02  2.23e+01 1.24e+00 1.92e+00  1.42e-01 8.88e-03      4s
  22   1.25056006e+00  4.59370819e+00  1.50e+00 1.48e-15  7.50e-01  3.33e-02  2.14e+01 1.29e+00 1.92e+00  1.48e-01 9.83e-03      5s
  23   1.30172950e+00  4.68775120e+00  1.48e+00 9.96e-16  7.42e-01  3.27e-02  2.04e+01 1.35e+00 1.92e+00  1.54e-01 1.10e-02      5s
  24   1.35858849e+00  4.78154745e+00  1.46e+00 1.27e-15  7.32e-01  2.99e-02  1.95e+01 1.41e+00 1.92e+00  1.61e-01 1.23e-02      6s
  25   1.42230531e+00  4.87464234e+00  1.44e+00 1.24e-15  7.22e-01  2.26e-02  1.86e+01 1.49e+00 1.92e+00  1.67e-01 1.38e-02      6s
  26   1.49453446e+00  4.96661743e+00  1.42e+00 1.17e-15  7.11e-01  9.07e-03  1.77e+01 1.58e+00 1.91e+00  1.74e-01 1.54e-02      7s
  27   1.57711501e+00  5.05769651e+00  1.40e+00 1.20e-15  6.99e-01  1.03e-03  1.69e+01 1.68e+00 1.91e+00  1.83e-01 1.76e-02      7s
  28   1.67231237e+00  5.15034020e+00  1.37e+00 1.18e-15  6.84e-01  1.44e-02  1.62e+01 1.81e+00 1.91e+00  1.99e-01 2.15e-02      7s
  29   1.67231210e+00  5.15034020e+00  1.37e+00 1.18e-15  6.84e-01  1.90e+00  1.57e+01 1.98e+00 1.90e+00  1.00e+00 1.72e-07      8s

The solution quality is limited by the precision of the linear system solver.

The algorithm stopped after 30 iterations in 7.85 seconds.

Primal variables:   [+0.817 +0.047 +0.078 +1.506]
Dual slacks:        [+0.179 +3.359 +3.674 +0.063]
Dual variables:     [+9.294 +2.655]

Primal objective:   1.67231210e+00 
Dual objective:     5.15034020e+00 

Primal residual:    1.37e+00
Dual residual:      1.18e-15
Complementraty:     6.84e-01

Number of Iter:     30
Run time:           7.85
