
--------------- Linear optimization problem characteristics ---------------
Seed:                    2
Number of variables:     4
Number of constraints:   2

Norm of primal sol:      3.98e+00
Norm of dual sol:        1.00e+01
Norm of dual slacks:     5.00e+00

Norm of vector b:        2.00e+00
Norm of vector c:        1.41e+01

Norm of matrix A:        1.00e+00
Condition number:        2.00e+00

----------------------- Linear optimization problem -----------------------
Coeff matrix A:          [[-0.328 -0.365 +0.179 +0.056]
                          [-0.648 +0.015 -0.549 +0.502]]

RHS vector b:            [+0.136 +1.995]
Obj vector c:            [+10.369 +1.413 +8.131 -4.780]

---------------------------- Optimal solution -----------------------------
Primal variables:         [+0.000 +0.236 +0.000 +3.970]
Dual slacks:              [+3.107 +0.000 +3.917 +0.000]
Dual variables:           [-4.249 -9.053]

Optimal objective:       -1.86421991e+01
===========================================================================

Method:                  II-QIPM
LO_Precision:            1.00e-01
Stop_Precision:          1.00e-03
LO_Verbosity:            2
Omega:                   1.00e+03

The Quantum Inexact Infeasible Interior-Point Method starts running ...


                  Objective                Residual                                Linear system           Step-length
Iter      Primal           Dual         Primal    Dual     Compl    ||Resl||  Cond-Num  ||M||   ||RHS||    a-star   a-hat      Time
   0   8.81161477e+03  7.95207507e+02  3.14e+02 7.61e+02  1.62e+06  0.00e+00  4.00e+00 1.00e+00 8.92e+02  7.34e-01 6.18e-01      0s
   1   8.46166732e+03  6.95887424e+02  2.64e+02 6.41e+02  1.39e+06 *7.22e+00  1.03e+01 3.08e+00 9.40e+02  7.28e-01 1.57e-01      1s
   2   8.16123273e+03  5.84465263e+02  2.15e+02 5.23e+02  1.16e+06 *3.61e+00  1.18e+01 4.13e+00 1.19e+03  7.72e-01 1.84e-01      1s
   3   7.94604367e+03  4.63960674e+02  1.64e+02 4.07e+02  9.18e+05 *3.55e+01  1.34e+01 5.75e+00 1.47e+03  8.04e-01 2.23e-01      1s
   4   7.61891871e+03  4.63960674e+02  1.33e+02 4.00e+02  9.03e+05  1.80e+03  1.52e+01 8.56e+00 1.80e+03  3.33e-01 1.72e-02      1s
   5   7.48680535e+03  2.51147083e+02  7.25e+01 2.19e+02  5.19e+05 *1.33e+00  1.60e+01 9.19e+00 2.00e+03  9.03e-01 4.52e-01      2s
   6   7.62932291e+03  3.38184590e+00  6.73e+00 2.10e+01  6.05e+04 *7.25e-01  1.80e+01 2.02e+01 2.48e+03  9.56e-01 9.04e-01      2s
   7   7.76211309e+03 -2.19941161e+01  3.12e+01 1.78e-15  7.45e+03 *3.12e+01  1.73e+01 2.65e+02 1.91e+03  1.00e+00 1.00e+00      3s
   8   9.81280087e+02 -2.19941161e+01  3.03e+01 0.00e+00  7.45e+02  3.03e+01  1.52e+01 1.62e+03 3.03e+01  1.00e+00 1.00e+00      3s
   9   4.63801929e+01 -2.20271759e+01  2.82e-02 1.02e-15  6.85e+01 *2.82e-02  1.71e+01 2.21e+02 3.77e+00  1.00e+00 1.00e+00      3s
  10   8.58169857e+00 -2.20271759e+01  2.02e+00 0.00e+00  6.85e+00  2.02e+00  1.58e+01 1.49e+01 2.02e+00  1.00e+00 1.00e+00      3s
  11  -1.39883718e+01 -1.99967706e+01  4.72e-01 1.49e-15  8.55e-01  2.11e-04  1.69e+01 1.91e+00 2.00e+00  8.07e-01 7.67e-01      4s
  12  -1.41747652e+01 -1.99547723e+01  4.56e-01 1.39e-15  8.28e-01  1.49e-04  1.14e+03 9.54e+00 1.89e+00  3.03e-01 3.35e-02     41s
  13  -1.42442233e+01 -1.99369636e+01  4.50e-01 6.78e-16  8.18e-01  2.08e-05  1.34e+03 9.95e+00 1.89e+00  2.94e-01 1.31e-02     73s
  14  -1.43111903e+01 -1.99189487e+01  4.44e-01 2.95e-16  8.09e-01  2.57e-04  1.43e+03 1.01e+01 1.88e+00  2.92e-01 1.29e-02    102s
  15  -1.43759489e+01 -1.99006461e+01  4.38e-01 9.95e-16  7.99e-01  1.04e-04  1.52e+03 1.03e+01 1.88e+00  2.90e-01 1.27e-02    130s
  16  -1.44395654e+01 -1.98818578e+01  4.33e-01 1.80e-15  7.90e-01  4.61e-04  1.60e+03 1.04e+01 1.88e+00  2.90e-01 1.27e-02    160s
  17  -1.45016208e+01 -1.98626380e+01  4.27e-01 1.94e-15  7.81e-01  1.97e-04  1.69e+03 1.06e+01 1.88e+00  2.89e-01 1.27e-02    190s
  18  -1.45634552e+01 -1.98427171e+01  4.22e-01 3.24e-15  7.71e-01  7.49e-04  1.78e+03 1.08e+01 1.88e+00  2.90e-01 1.29e-02    220s
  19  -1.46254727e+01 -1.98219807e+01  4.16e-01 3.67e-15  7.62e-01  1.39e-03  1.87e+03 1.10e+01 1.88e+00  2.93e-01 1.32e-02    249s
  20  -1.46943688e+01 -1.97991384e+01  4.10e-01 2.05e-15  7.52e-01  7.04e-03  1.96e+03 1.11e+01 1.88e+00  3.09e-01 1.50e-02    276s
  21  -1.47546915e+01 -1.97769521e+01  4.05e-01 1.65e-15  7.42e-01  1.98e-05  2.05e+03 1.14e+01 1.88e+00  2.93e-01 1.34e-02    365s
  22  -1.48157148e+01 -1.97536689e+01  3.99e-01 1.22e-15  7.33e-01  9.07e-06  2.13e+03 1.16e+01 1.88e+00  2.96e-01 1.39e-02    464s
  23  -1.48780556e+01 -1.97290570e+01  3.93e-01 2.02e-15  7.23e-01  4.46e-05  2.21e+03 1.18e+01 1.88e+00  3.00e-01 1.45e-02    560s
  24  -1.49421906e+01 -1.97029013e+01  3.87e-01 3.37e-15  7.13e-01  1.69e-06  2.28e+03 1.20e+01 1.88e+00  3.06e-01 1.53e-02    653s
  25  -1.50090392e+01 -1.96748511e+01  3.81e-01 2.45e-15  7.02e-01  9.05e-05  2.35e+03 1.22e+01 1.88e+00  3.13e-01 1.64e-02    761s
  26  -1.50795067e+01 -1.96444884e+01  3.74e-01 2.25e-15  6.90e-01  5.25e-05  2.41e+03 1.25e+01 1.88e+00  3.21e-01 1.77e-02    872s
  27  -1.51549074e+01 -1.96112565e+01  3.67e-01 3.15e-15  6.78e-01  2.36e-05  2.46e+03 1.28e+01 1.88e+00  3.32e-01 1.95e-02    983s
  28  -1.52374074e+01 -1.95742698e+01  3.59e-01 1.37e-15  6.64e-01  8.84e-05  2.49e+03 1.31e+01 1.88e+00  3.45e-01 2.20e-02   1082s
  29  -1.53297663e+01 -1.95323702e+01  3.50e-01 1.60e-15  6.48e-01  9.18e-05  2.51e+03 1.35e+01 1.87e+00  3.62e-01 2.55e-02   1184s
  30  -1.54367580e+01 -1.94836041e+01  3.39e-01 1.41e-15  6.29e-01  3.39e-05  2.51e+03 1.39e+01 1.87e+00  3.84e-01 3.07e-02   1297s
  31  -1.55672581e+01 -1.94245610e+01  3.26e-01 2.03e-15  6.06e-01  9.23e-05  2.48e+03 1.45e+01 1.87e+00  4.13e-01 3.91e-02   1403s
  32  -1.57394065e+01 -1.93484193e+01  3.08e-01 1.69e-15  5.74e-01  3.09e-05  2.41e+03 1.52e+01 1.87e+00  4.54e-01 5.45e-02   1501s
  33  -1.60035409e+01 -1.92374818e+01  2.80e-01 1.17e-15  5.23e-01  1.59e-05  2.26e+03 1.63e+01 1.87e+00  4.90e-01 8.96e-02   1590s
  34  -1.65695868e+01 -1.90548486e+01  2.22e-01 8.88e-16  4.11e-01  1.32e-02  1.99e+03 1.83e+01 1.87e+00  6.09e-01 2.11e-01   1626s
  35  -1.76085987e+01 -1.87411234e+01  1.10e-01 6.66e-16  1.65e-01  2.49e-04  1.59e+03 2.43e+01 1.87e+00  5.66e-01 5.06e-01   1650s
  36  -1.79352051e+01 -1.87086119e+01  7.47e-02 7.82e-16  1.17e-01  3.97e-04  2.73e+02 5.39e+01 1.89e+00  8.75e-01 3.18e-01   1654s
  37  -1.83338639e+01 -1.86715790e+01  3.23e-02 1.02e-15  5.57e-02  3.82e-04  2.33e+02 8.00e+01 1.88e+00  9.88e-01 5.68e-01   1656s

The algorithm stopped after 38 iterations in 1656.08 seconds.

Primal variables:   [+0.006 +0.217 +0.002 +3.916]
Dual slacks:        [+3.122 +0.032 +3.890 +0.005]
Dual variables:     [-4.162 -9.073]

Primal objective:   -1.83338639e+01
Dual objective:     -1.86715790e+01

Primal residual:    3.23e-02
Dual residual:      1.02e-15
Complementraty:     5.57e-02

Number of Iter:     38
Run time:           1656.08
