
--------------- Linear optimization problem characteristics ---------------
Seed:                    65
Number of variables:     4
Number of constraints:   2

Norm of primal sol:      5.77e+00
Norm of dual sol:        1.00e+01
Norm of dual slacks:     5.00e+00

Norm of vector b:        2.00e+00
Norm of vector c:        1.06e+01

Norm of matrix A:        1.00e+00
Condition number:        2.00e+00

----------------------- Linear optimization problem -----------------------
Coeff matrix A:          [[+0.580 -0.014 +0.314 -0.619]
                          [+0.210 +0.401 -0.199 -0.433]]

RHS vector b:            [+1.791 -0.890]
Obj vector c:            [-0.808 -3.396 +0.138 +9.960]

---------------------------- Optimal solution -----------------------------
Primal variables:         [+0.000 +0.628 +5.738 +0.000]
Dual slacks:              [+3.924 +0.000 +0.000 +3.099]
Dual variables:           [-5.039 -8.638]

Optimal objective:       -1.33839820e+00
===========================================================================

Method:                  II-QIPM
LO_Precision:            1.00e-01
Stop_Precision:          1.00e-03
LO_Verbosity:            2
Omega:                   1.00e+03

The Quantum Inexact Infeasible Interior-Point Method starts running ...


                  Objective                Residual                                Linear system           Step-length
Iter      Primal           Dual         Primal    Dual     Compl    ||Resl||  Cond-Num  ||M||   ||RHS||    a-star   a-hat      Time
   0   6.93658108e+03 -9.96298378e+02  6.48e+01 4.98e+02  1.08e+06 *5.78e-14  4.00e+00 1.00e+00 2.92e+02  8.45e-01 7.51e-01      0s
   1   7.11881573e+03 -9.96298378e+02  2.07e+01 4.70e+02  1.02e+06  8.46e+02  3.93e+00 5.79e+00 8.46e+02  4.45e-01 5.67e-02      0s
   2   7.20984204e+03 -9.96298378e+02  2.76e+01 4.56e+02  9.93e+05  1.01e+03  3.82e+00 6.63e+00 1.01e+03  4.12e-01 2.96e-02      1s
   3   7.28694217e+03 -9.96298378e+02  5.36e+01 4.44e+02  9.68e+05  1.12e+03  3.75e+00 7.14e+00 1.12e+03  3.94e-01 2.66e-02      1s
   4   7.35086132e+03 -9.96298378e+02  8.11e+01 4.33e+02  9.47e+05  1.23e+03  3.69e+00 7.67e+00 1.23e+03  3.77e-01 2.40e-02      1s
   5   7.40229490e+03 -9.96298378e+02  1.08e+02 4.24e+02  9.28e+05  1.34e+03  3.62e+00 8.19e+00 1.34e+03  3.62e-01 2.17e-02      1s
   6   7.44200027e+03 -9.96298378e+02  1.35e+02 4.15e+02  9.11e+05  1.46e+03  3.56e+00 8.73e+00 1.46e+03  3.48e-01 1.97e-02      1s
   7   7.47075050e+03 -9.96298378e+02  1.61e+02 4.08e+02  8.96e+05  1.58e+03  3.50e+00 9.26e+00 1.58e+03  3.35e-01 1.80e-02      1s
   8   7.48907316e+03 -9.96298378e+02  1.86e+02 4.01e+02  8.83e+05  1.71e+03  3.45e+00 9.81e+00 1.71e+03  3.23e-01 1.65e-02      1s
   9   7.49763359e+03 -9.96298378e+02  2.11e+02 3.95e+02  8.71e+05  1.84e+03  3.40e+00 1.04e+01 1.84e+03  3.11e-01 1.52e-02      1s
  10   7.49699046e+03 -9.96298378e+02  2.36e+02 3.89e+02  8.59e+05  1.97e+03  3.35e+00 1.09e+01 1.97e+03  3.01e-01 1.40e-02      1s
  11   7.48766512e+03 -9.96298378e+02  2.60e+02 3.84e+02  8.49e+05  2.12e+03  3.31e+00 1.15e+01 2.12e+03  2.91e-01 1.29e-02      1s
  12   7.47013750e+03 -9.96298378e+02  2.84e+02 3.80e+02  8.40e+05  2.26e+03  3.27e+00 1.20e+01 2.26e+03  2.81e-01 1.20e-02      1s
  13   7.44489402e+03 -9.96298378e+02  3.08e+02 3.76e+02  8.31e+05  2.41e+03  3.24e+00 1.26e+01 2.41e+03  2.73e-01 1.12e-02      2s
  14   7.41233892e+03 -9.96298378e+02  3.31e+02 3.72e+02  8.23e+05  2.57e+03  3.21e+00 1.32e+01 2.57e+03  2.65e-01 1.04e-02      2s
  15   7.37287774e+03 -9.96298378e+02  3.54e+02 3.68e+02  8.16e+05  2.74e+03  3.18e+00 1.38e+01 2.74e+03  2.57e-01 9.72e-03      2s
  16   7.32689691e+03 -9.96298378e+02  3.77e+02 3.65e+02  8.09e+05  2.91e+03  3.16e+00 1.44e+01 2.91e+03  2.49e-01 9.10e-03      2s
  17   7.27470982e+03 -9.96298378e+02  4.00e+02 3.62e+02  8.03e+05  3.08e+03  3.14e+00 1.50e+01 3.08e+03  2.43e-01 8.55e-03      2s
  18   7.21664064e+03 -9.96298378e+02  4.22e+02 3.59e+02  7.97e+05  3.27e+03  3.12e+00 1.56e+01 3.27e+03  2.36e-01 8.04e-03      2s
  19   7.15305578e+03 -9.96298378e+02  4.45e+02 3.56e+02  7.91e+05  3.46e+03  3.11e+00 1.63e+01 3.46e+03  2.30e-01 7.57e-03      2s
  20   7.08418532e+03 -9.96298378e+02  4.67e+02 3.53e+02  7.86e+05  3.65e+03  3.10e+00 1.69e+01 3.65e+03  2.24e-01 7.14e-03      2s
  21   7.01021409e+03 -9.96298378e+02  4.89e+02 3.51e+02  7.81e+05  3.86e+03  3.10e+00 1.76e+01 3.86e+03  2.18e-01 6.76e-03      2s
  22   6.93152006e+03 -9.96298378e+02  5.11e+02 3.49e+02  7.77e+05  4.06e+03  3.09e+00 1.82e+01 4.06e+03  2.13e-01 6.39e-03      2s
  23   6.84833526e+03 -9.96298378e+02  5.34e+02 3.47e+02  7.72e+05  4.28e+03  3.09e+00 1.89e+01 4.28e+03  2.08e-01 6.06e-03      3s
  24   6.76078232e+03 -9.96298378e+02  5.56e+02 3.45e+02  7.68e+05  4.50e+03  3.09e+00 1.96e+01 4.50e+03  2.03e-01 5.75e-03      3s
  25   6.66912701e+03 -9.96298378e+02  5.78e+02 3.43e+02  7.64e+05  4.73e+03  3.10e+00 2.03e+01 4.73e+03  1.99e-01 5.47e-03      3s
  26   6.57353788e+03 -9.96298378e+02  6.00e+02 3.41e+02  7.61e+05  4.97e+03  3.11e+00 2.10e+01 4.97e+03  1.94e-01 5.20e-03      3s
  27   6.47416356e+03 -9.96298378e+02  6.22e+02 3.39e+02  7.57e+05  5.21e+03  3.12e+00 2.18e+01 5.21e+03  1.90e-01 4.96e-03      3s
  28   6.37133936e+03 -9.96298378e+02  6.44e+02 3.38e+02  7.54e+05  5.46e+03  3.13e+00 2.25e+01 5.46e+03  1.86e-01 4.72e-03      3s
  29   6.26498925e+03 -9.96298378e+02  6.66e+02 3.36e+02  7.51e+05  5.71e+03  3.14e+00 2.33e+01 5.71e+03  1.82e-01 4.52e-03      3s
  30   6.15531550e+03 -9.96298378e+02  6.88e+02 3.35e+02  7.48e+05  5.97e+03  3.16e+00 2.40e+01 5.97e+03  1.78e-01 4.32e-03      3s
  31   6.04263145e+03 -9.96298378e+02  7.10e+02 3.33e+02  7.45e+05  6.24e+03  3.18e+00 2.48e+01 6.24e+03  1.75e-01 4.13e-03      3s
  32   5.92679963e+03 -9.96298378e+02  7.32e+02 3.32e+02  7.42e+05  6.51e+03  3.20e+00 2.56e+01 6.51e+03  1.71e-01 3.96e-03      4s
  33   5.80823037e+03 -9.96298378e+02  7.54e+02 3.31e+02  7.40e+05  6.79e+03  3.22e+00 2.65e+01 6.79e+03  1.68e-01 3.79e-03      4s
  34   5.68687389e+03 -9.96298378e+02  7.76e+02 3.30e+02  7.37e+05  7.08e+03  3.25e+00 2.73e+01 7.08e+03  1.65e-01 3.64e-03      4s
  35   5.56289898e+03 -9.96298378e+02  7.98e+02 3.28e+02  7.35e+05  7.37e+03  3.27e+00 2.81e+01 7.37e+03  1.62e-01 3.49e-03      4s
  36   5.43634566e+03 -9.96298378e+02  8.20e+02 3.27e+02  7.33e+05  7.68e+03  3.30e+00 2.90e+01 7.68e+03  1.59e-01 3.36e-03      4s
  37   5.30736816e+03 -9.96298378e+02  8.43e+02 3.26e+02  7.31e+05  7.98e+03  3.33e+00 2.99e+01 7.98e+03  1.56e-01 3.23e-03      4s
  38   5.17598721e+03 -9.96298378e+02  8.65e+02 3.25e+02  7.29e+05  8.30e+03  3.37e+00 3.08e+01 8.30e+03  1.53e-01 3.11e-03      4s
  39   5.04247700e+03 -9.96298378e+02  8.87e+02 3.24e+02  7.27e+05  8.61e+03  3.40e+00 3.17e+01 8.61e+03  1.51e-01 2.99e-03      4s
  40   4.90671365e+03 -9.96298378e+02  9.09e+02 3.23e+02  7.25e+05  8.94e+03  3.43e+00 3.27e+01 8.94e+03  1.48e-01 2.89e-03      4s
  41   4.76896256e+03 -9.96298378e+02  9.32e+02 3.22e+02  7.23e+05  9.27e+03  3.47e+00 3.36e+01 9.27e+03  1.46e-01 2.78e-03      4s
  42   4.62921829e+03 -9.96298378e+02  9.54e+02 3.22e+02  7.21e+05  9.61e+03  3.51e+00 3.46e+01 9.61e+03  1.43e-01 2.69e-03      5s
  43   4.48746287e+03 -9.96298378e+02  9.76e+02 3.21e+02  7.19e+05  9.96e+03  3.55e+00 3.56e+01 9.96e+03  1.41e-01 2.60e-03      5s
  44   4.34381007e+03 -9.96298378e+02  9.99e+02 3.20e+02  7.18e+05  1.03e+04  3.59e+00 3.66e+01 1.03e+04  1.39e-01 2.51e-03      5s
  45   4.19851754e+03 -9.96298378e+02  1.02e+03 3.19e+02  7.16e+05  1.07e+04  3.63e+00 3.76e+01 1.07e+04  1.37e-01 2.42e-03      5s
  46   4.05140924e+03 -9.96298378e+02  1.04e+03 3.18e+02  7.15e+05  1.10e+04  3.68e+00 3.86e+01 1.10e+04  1.35e-01 2.35e-03      5s
  47   3.90258632e+03 -9.96298378e+02  1.07e+03 3.18e+02  7.13e+05  1.14e+04  3.72e+00 3.97e+01 1.14e+04  1.32e-01 2.27e-03      5s
  48   3.75214851e+03 -9.96298378e+02  1.09e+03 3.17e+02  7.12e+05  1.18e+04  3.77e+00 4.07e+01 1.18e+04  1.31e-01 2.20e-03      5s
  49   3.60019411e+03 -9.96298378e+02  1.11e+03 3.16e+02  7.10e+05  1.22e+04  3.82e+00 4.18e+01 1.22e+04  1.29e-01 2.13e-03      5s
  50   3.44681989e+03 -9.96298378e+02  1.13e+03 3.16e+02  7.09e+05  1.26e+04  3.87e+00 4.29e+01 1.26e+04  1.27e-01 2.06e-03      5s
  51   3.29196618e+03 -9.96298378e+02  1.16e+03 3.15e+02  7.08e+05  1.29e+04  3.92e+00 4.40e+01 1.29e+04  1.25e-01 2.00e-03      5s
  52   3.13556362e+03 -9.96298378e+02  1.18e+03 3.14e+02  7.06e+05  1.33e+04  3.97e+00 4.52e+01 1.33e+04  1.23e-01 1.95e-03      6s
  53   7.10816228e+03  1.68611237e+01  1.58e+02 4.00e+01  1.05e+05  2.77e+01  4.02e+00 4.63e+01 1.38e+04  9.16e-01 8.73e-01      6s
  54   7.34652937e+03  1.52708930e+01  8.28e+01 2.10e+01  5.93e+04 *8.86e-01  2.71e+00 4.96e+01 7.79e+02  8.53e-01 4.74e-01      6s
  55   7.13429251e+03  1.20516603e+01  5.90e+01 1.54e+01  4.49e+04 *5.76e+00  2.46e+00 8.45e+01 6.72e+02  8.90e-01 2.70e-01      6s
  56   6.76044903e+03  8.98962371e+00  4.02e+01 1.10e+01  3.37e+04 *8.28e+00  2.14e+00 1.04e+02 6.26e+02  9.11e-01 2.82e-01      6s
  57   6.07997300e+03  5.64849549e+00  3.06e+01 7.26e+00  2.35e+04 *1.38e+01  1.80e+00 1.24e+02 5.93e+02  9.63e-01 3.42e-01      6s
  58   5.13831066e+03  2.66004192e+00  2.46e+01 4.33e+00  1.52e+04 *1.76e+01  1.40e+00 1.52e+02 5.69e+02  1.00e+00 4.03e-01      6s
  59   3.89226106e+03 -2.77670596e-01  1.08e+01 1.86e+00  7.88e+03 *5.05e-01  1.09e+00 1.94e+02 5.62e+02  1.00e+00 5.70e-01      6s
  60   2.34722621e+03 -2.80061442e+00  1.51e+01 2.22e-01  2.54e+03 *1.84e+01  1.42e+00 3.71e+02 5.26e+02  1.00e+00 8.81e-01      6s
  61   8.14213003e+02 -3.23777971e+00  7.02e+00 3.02e-02  7.59e+02 *5.75e+00  1.80e+00 6.82e+02 1.53e+02  1.00e+00 8.64e-01      6s
  62   9.47345784e+01 -3.39107022e+00  7.14e-01 1.91e-15  9.04e+01 *7.14e-01  1.72e+00 2.62e+02 1.79e+01  1.00e+00 1.00e+00      6s
  63   5.84345892e+00 -3.36255721e+00  1.44e-02 1.46e-15  9.06e+00  1.44e-02  1.67e+00 2.94e+01 6.23e-01  1.00e+00 1.00e+00      6s
  64   2.18560418e-01 -3.36255721e+00  1.84e+00 0.00e+00  9.22e-01  1.84e+00  3.24e+00 4.44e+00 1.84e+00  1.00e+00 9.98e-01      6s
  65   1.52713865e-01 -3.11146279e+00  1.79e+00 2.24e-15  8.97e-01  1.34e-02  2.87e+00 4.24e-01 1.98e+00  1.61e-01 2.41e-02      6s
  66   1.52713023e-01 -3.11146279e+00  1.79e+00 2.24e-15  8.97e-01  1.98e+00  3.90e+00 5.39e-01 1.98e+00  1.00e+00 6.13e-06      7s

The solution quality is limited by the precision of the linear system solver.

The algorithm stopped after 67 iterations in 6.78 seconds.

Primal variables:   [+0.044 +0.428 +0.881 +0.153]
Dual slacks:        [+5.178 +0.525 +0.252 +1.474]
Dual variables:     [-6.708 -10.004]

Primal objective:   1.52713023e-01 
Dual objective:     -3.11146279e+00

Primal residual:    1.79e+00
Dual residual:      2.24e-15
Complementraty:     8.97e-01

Number of Iter:     67
Run time:           6.78
