
--------------- Linear optimization problem characteristics ---------------
Seed:                    40
Number of variables:     4
Number of constraints:   2

Norm of primal sol:      2.26e+00
Norm of dual sol:        1.00e+01
Norm of dual slacks:     5.00e+00

Norm of vector b:        1.00e+00
Norm of vector c:        6.10e+00

Norm of matrix A:        1.00e+00
Condition number:        2.00e+00

----------------------- Linear optimization problem -----------------------
Coeff matrix A:          [[+0.606 -0.589 +0.004 +0.040]
                          [+0.505 -0.127 -0.326 -0.397]]

RHS vector b:            [+0.038 -0.999]
Obj vector c:            [-1.427 +3.354 +3.149 +3.749]

---------------------------- Optimal solution -----------------------------
Primal variables:         [+0.000 +0.000 +2.125 +0.774]
Dual slacks:              [+4.955 +0.673 +0.000 +0.000]
Dual variables:           [-2.455 -9.694]

Optimal objective:       +9.59287204e+00
===========================================================================

Method:                  II-QIPM
LO_Precision:            1.00e-01
Stop_Precision:          1.00e-03
LO_Verbosity:            2
Omega:                   1.00e+01

The Quantum Inexact Infeasible Interior-Point Method starts running ...


                  Objective                Residual                                Linear system           Step-length
Iter      Primal           Dual         Primal    Dual     Compl    ||Resl||  Cond-Num  ||M||   ||RHS||    a-star   a-hat      Time
   0   6.88259639e+01 -2.31438958e+00  2.35e-01 1.51e+00  9.78e+01 *1.11e-15  4.00e+00 1.00e+00 3.41e+00  1.00e+00 9.07e-01      0s
   1   2.83975138e+01  9.88787959e-01  8.07e-02 4.44e-16  2.71e+01  8.07e-02  9.45e+00 6.62e+00 2.80e+00  1.00e+00 1.00e+00      0s
   2   3.13226039e+00  9.88787959e-01  1.00e+00 0.00e+00  2.71e+00  1.00e+00  7.19e+00 2.64e+00 1.00e+00  1.00e+00 1.00e+00      1s
   3   2.64681978e+00  4.86283558e+00  8.16e-01 4.97e-16  1.50e+00  3.04e-02  1.05e+01 4.35e-01 1.00e+00  2.26e-01 1.88e-01      1s
   4   3.84618843e+00  9.13457549e+00  6.50e-01 6.66e-16  5.05e-01  2.48e-02  2.12e+00 8.54e-02 9.89e-01  2.20e-01 2.04e-01      1s
   5   3.98484289e+00  9.16195702e+00  6.35e-01 4.74e-16  4.94e-01  1.80e-04  2.08e+01 8.29e-01 9.41e-01  3.23e-01 2.40e-02      1s
   6   4.09329076e+00  9.18151471e+00  6.23e-01 8.13e-16  4.85e-01  1.18e-03  2.35e+01 9.30e-01 9.38e-01  3.37e-01 1.93e-02      2s
   7   4.20787699e+00  9.20082329e+00  6.10e-01 9.79e-16  4.76e-01  3.88e-04  2.58e+01 1.01e+00 9.36e-01  3.49e-01 2.07e-02      2s
   8   4.32756298e+00  9.21965004e+00  5.96e-01 1.70e-15  4.66e-01  3.83e-03  2.85e+01 1.11e+00 9.33e-01  3.59e-01 2.22e-02      2s
   9   3.28145780e+00  9.21965004e+00  6.91e-01 1.18e-15  3.46e-01  9.31e-01  3.15e+01 1.22e+00 9.31e-01  1.00e+00 2.87e-01      3s
  10   3.61980505e+00  9.27506048e+00  6.54e-01 1.49e-15  3.27e-01  1.79e-05  3.30e+01 9.30e-01 9.49e-01  2.81e-01 5.34e-02      3s
  11   3.99390519e+00  9.32298972e+00  6.13e-01 2.27e-15  3.07e-01  8.80e-04  4.46e+01 1.26e+00 9.41e-01  3.15e-01 6.24e-02      4s
  12   4.10873806e+00  9.33447432e+00  6.01e-01 2.11e-15  3.01e-01  9.42e-03  6.06e+01 1.73e+00 9.33e-01  3.48e-01 2.05e-02      4s
  13   4.23669863e+00  9.34664637e+00  5.87e-01 2.30e-15  2.95e-01  2.65e-04  6.62e+01 1.89e+00 9.31e-01  3.68e-01 2.32e-02      5s
  14   4.37360741e+00  9.35884776e+00  5.72e-01 2.32e-15  2.88e-01  5.49e-04  7.24e+01 2.08e+00 9.28e-01  3.83e-01 2.54e-02      7s
  15   4.52088286e+00  9.37113621e+00  5.56e-01 2.74e-15  2.80e-01  6.54e-04  7.95e+01 2.30e+00 9.26e-01  3.99e-01 2.81e-02      8s
  16   4.68027805e+00  9.38357808e+00  5.38e-01 2.62e-15  2.72e-01  6.77e-04  8.76e+01 2.56e+00 9.23e-01  4.18e-01 3.12e-02      8s
  17   4.85509427e+00  9.39635431e+00  5.19e-01 2.60e-15  2.63e-01  2.25e-05  9.70e+01 2.87e+00 9.19e-01  4.39e-01 3.54e-02     10s
  18   5.04691322e+00  9.40944449e+00  4.98e-01 1.64e-15  2.54e-01  4.86e-07  1.08e+02 3.24e+00 9.16e-01  4.62e-01 4.02e-02     11s
  19   5.25774375e+00  9.42284123e+00  4.75e-01 1.12e-15  2.43e-01  5.92e-04  1.21e+02 3.69e+00 9.12e-01  4.87e-01 4.61e-02     12s
  20   5.49449417e+00  9.43688889e+00  4.50e-01 2.00e-15  2.31e-01  3.32e-04  1.36e+02 4.25e+00 9.08e-01  5.19e-01 5.42e-02     14s
  21   5.76482255e+00  9.45186462e+00  4.20e-01 1.37e-15  2.17e-01  4.18e-05  1.55e+02 4.97e+00 9.03e-01  5.56e-01 6.54e-02     15s
  22   6.07781108e+00  9.46801033e+00  3.86e-01 1.11e-15  2.01e-01  2.17e-04  1.78e+02 5.92e+00 8.98e-01  6.00e-01 8.11e-02     17s
  23   6.44404061e+00  9.48550661e+00  3.46e-01 1.83e-15  1.82e-01  1.26e-03  2.07e+02 7.24e+00 8.91e-01  6.52e-01 1.03e-01     19s
  24   6.78393440e+00  9.49944595e+00  3.09e-01 9.95e-16  1.64e-01  1.25e-02  2.45e+02 9.15e+00 8.84e-01  6.75e-01 1.08e-01     21s
  25   7.42487078e+00  9.52723484e+00  2.39e-01 1.24e-15  1.30e-01  9.44e-05  2.95e+02 1.15e+01 8.77e-01  7.50e-01 2.26e-01     25s
  26   8.52350099e+00  9.57034804e+00  1.19e-01 1.12e-15  6.99e-02  1.83e-04  3.67e+02 1.76e+01 8.63e-01  7.29e-01 5.01e-01     28s

The algorithm stopped after 27 iterations in 28.44 seconds.

Primal variables:   [+0.002 +0.055 +1.073 +1.323]
Dual slacks:        [+4.887 +0.729 +0.008 +0.007]
Dual variables:     [-2.365 -9.668]

Primal objective:   8.52350099e+00 
Dual objective:     9.57034804e+00 

Primal residual:    1.19e-01
Dual residual:      1.12e-15
Complementraty:     6.99e-02

Number of Iter:     27
Run time:           28.44
