
--------------- Linear optimization problem characteristics ---------------
Seed:                    24
Number of variables:     4
Number of constraints:   2

Norm of primal sol:      5.26e+01
Norm of dual sol:        1.00e+01
Norm of dual slacks:     5.00e+00

Norm of vector b:        3.20e+01
Norm of vector c:        1.11e+01

Norm of matrix A:        1.00e+00
Condition number:        2.00e+00

----------------------- Linear optimization problem -----------------------
Coeff matrix A:          [[+0.132 -0.316 -0.032 -0.812]
                          [+0.170 -0.053 +0.487 +0.450]]

RHS vector b:            [-10.851 +30.104]
Obj vector c:            [+4.856 +4.071 +4.376 +7.966]

---------------------------- Optimal solution -----------------------------
Primal variables:         [+0.000 +0.000 +51.373 +11.307]
Dual slacks:              [+4.041 +2.944 +0.000 +0.000]
Dual variables:           [-5.013 +8.653]

Optimal objective:       +3.14881283e+02
===========================================================================

Method:                  II-QIPM
LO_Precision:            1.00e-01
Stop_Precision:          1.00e-03
LO_Verbosity:            2
Omega:                   1.00e+01

The Quantum Inexact Infeasible Interior-Point Method starts running ...


                  Objective                Residual                                Linear system           Step-length
Iter      Primal           Dual         Primal    Dual     Compl    ||Resl||  Cond-Num  ||M||   ||RHS||    a-star   a-hat      Time
   0   1.11196456e+02  0.00000000e+00  2.57e+01 0.00e+00  1.11e+02  2.57e+01  4.00e+00 1.00e+00 2.57e+01  1.00e+00 1.00e+00      0s
   1   1.40761902e+02  2.25123449e+02  2.27e+01 1.09e-15  7.76e+01 *5.77e-01  1.61e+00 5.69e-01 3.14e+01  1.47e-01 1.18e-01      0s
   2   1.43162665e+02  2.28979313e+02  2.24e+01 9.49e-16  7.67e+01 *3.65e-01  4.44e+00 3.46e+00 3.05e+01  2.22e-01 1.28e-02      0s
   3   1.44651859e+02  2.31214801e+02  2.22e+01 1.42e-15  7.61e+01 *8.97e-02  4.72e+00 3.82e+00 3.05e+01  2.34e-01 8.07e-03      1s
   4   1.46239862e+02  2.33505748e+02  2.20e+01 6.28e-16  7.55e+01 *4.68e-02  4.89e+00 4.05e+00 3.04e+01  2.42e-01 8.69e-03      1s
   5   1.47899182e+02  2.35798510e+02  2.18e+01 1.69e-15  7.49e+01 *7.46e-02  5.06e+00 4.30e+00 3.04e+01  2.48e-01 9.19e-03      1s
   6   1.49607542e+02  2.38053302e+02  2.16e+01 1.67e-15  7.42e+01 *3.77e-01  5.25e+00 4.58e+00 3.04e+01  2.53e-01 9.61e-03      1s
   7   1.51393092e+02  2.40305997e+02  2.14e+01 1.54e-15  7.35e+01 *5.29e-01  5.46e+00 4.89e+00 3.03e+01  2.60e-01 1.02e-02      1s
   8   1.53331027e+02  2.42650680e+02  2.12e+01 1.61e-15  7.28e+01 *2.98e-01  5.68e+00 5.22e+00 3.03e+01  2.70e-01 1.12e-02      1s
   9   1.55465194e+02  2.45125597e+02  2.09e+01 1.66e-15  7.19e+01 *2.29e-02  5.91e+00 5.61e+00 3.02e+01  2.82e-01 1.24e-02      2s
  10   1.57682121e+02  2.47563263e+02  2.06e+01 1.18e-15  7.10e+01 *2.72e-01  6.16e+00 6.04e+00 3.02e+01  2.89e-01 1.31e-02      2s
  11   1.59940871e+02  2.49908831e+02  2.03e+01 1.95e-15  7.02e+01 *7.63e-01  6.42e+00 6.53e+00 3.01e+01  2.96e-01 1.37e-02      2s
  12   1.62457170e+02  2.52409430e+02  2.00e+01 2.04e-15  6.92e+01 *4.19e-01  6.72e+00 7.06e+00 3.01e+01  3.10e-01 1.54e-02      2s
  13   3.95444999e+01  2.52409430e+02  2.88e+01 1.11e-16  1.45e+01  3.00e+01  7.04e+00 7.69e+00 3.00e+01  1.00e+00 8.79e-01      2s
  14   4.26768601e+01  2.59281527e+02  2.85e+01 8.38e-16  1.42e+01 *4.51e-01  9.38e+00 2.24e+00 3.16e+01  9.06e-02 1.12e-02      2s
  15   4.35803668e+01  2.60932486e+02  2.84e+01 8.01e-16  1.42e+01 *2.80e-02  1.00e+01 2.84e+00 3.15e+01  1.03e-01 3.27e-03      2s
  16   4.45248574e+01  2.62560369e+02  2.83e+01 6.28e-16  1.41e+01 *2.08e-01  1.02e+01 3.02e+00 3.15e+01  1.05e-01 3.43e-03      3s
  17   4.55369997e+01  2.64201767e+02  2.82e+01 4.48e-16  1.41e+01 *4.29e-01  1.03e+01 3.21e+00 3.15e+01  1.08e-01 3.70e-03      3s
  18   4.66175922e+01  2.65853526e+02  2.81e+01 4.74e-16  1.40e+01 *5.42e-01  1.05e+01 3.42e+00 3.15e+01  1.11e-01 3.97e-03      3s
  19   4.77498209e+01  2.67496337e+02  2.80e+01 1.30e-15  1.40e+01 *4.16e-01  1.06e+01 3.66e+00 3.15e+01  1.15e-01 4.17e-03      3s
  20   4.89247104e+01  2.69120485e+02  2.78e+01 1.63e-15  1.39e+01 *1.59e-01  1.08e+01 3.92e+00 3.15e+01  1.20e-01 4.34e-03      4s
  21   5.01534559e+01  2.70731028e+02  2.77e+01 1.30e-15  1.39e+01 *2.74e-03  1.09e+01 4.20e+00 3.14e+01  1.25e-01 4.56e-03      4s
  22   5.14590147e+01  2.72341723e+02  2.76e+01 1.63e-15  1.38e+01 *3.74e-03  1.10e+01 4.50e+00 3.14e+01  1.29e-01 4.87e-03      4s
  23   5.28663685e+01  2.73964579e+02  2.74e+01 1.34e-15  1.37e+01 *1.34e-01  1.11e+01 4.83e+00 3.14e+01  1.33e-01 5.28e-03      4s
  24   5.43991544e+01  2.75605829e+02  2.73e+01 2.13e-15  1.36e+01 *3.59e-01  1.12e+01 5.21e+00 3.14e+01  1.37e-01 5.79e-03      5s
  25   5.60738919e+01  2.77264740e+02  2.71e+01 2.78e-15  1.35e+01 *5.94e-01  1.14e+01 5.64e+00 3.14e+01  1.41e-01 6.38e-03      5s
  26   5.78811295e+01  2.78928183e+02  2.69e+01 2.60e-15  1.35e+01 *6.33e-01  1.15e+01 6.14e+00 3.13e+01  1.47e-01 6.94e-03      5s
  27   5.97839224e+01  2.80571393e+02  2.67e+01 1.95e-15  1.34e+01 *3.69e-01  1.17e+01 6.70e+00 3.13e+01  1.54e-01 7.34e-03      5s
  28   6.17865483e+01  2.82190449e+02  2.65e+01 2.56e-15  1.32e+01 *1.09e-01  1.18e+01 7.32e+00 3.13e+01  1.63e-01 7.77e-03      6s
  29   6.39328247e+01  2.83800967e+02  2.63e+01 2.24e-15  1.31e+01 *5.26e-03  1.19e+01 8.01e+00 3.13e+01  1.70e-01 8.39e-03      6s
  30   6.62596540e+01  2.85410510e+02  2.60e+01 2.17e-15  1.30e+01 *7.37e-03  1.20e+01 8.78e+00 3.12e+01  1.77e-01 9.18e-03      6s
  31   6.88038521e+01  2.87023495e+02  2.58e+01 1.71e-15  1.29e+01 *2.99e-02  1.20e+01 9.66e+00 3.12e+01  1.85e-01 1.01e-02      6s
  32   7.16114339e+01  2.88645140e+02  2.55e+01 1.46e-15  1.27e+01 *1.07e-01  1.21e+01 1.07e+01 3.12e+01  1.94e-01 1.13e-02      7s
  33   7.47375504e+01  2.90278558e+02  2.52e+01 2.58e-15  1.26e+01 *2.33e-01  1.21e+01 1.19e+01 3.11e+01  2.03e-01 1.28e-02      7s
  34   7.82597623e+01  2.91928929e+02  2.48e+01 2.48e-15  1.24e+01 *4.28e-01  1.22e+01 1.34e+01 3.11e+01  2.13e-01 1.46e-02      7s
  35   8.22856103e+01  2.93604005e+02  2.44e+01 2.10e-15  1.22e+01 *6.90e-01  1.23e+01 1.51e+01 3.10e+01  2.23e-01 1.70e-02      7s
  36   8.68611614e+01  2.95290259e+02  2.39e+01 2.42e-15  1.19e+01 *8.25e-01  1.25e+01 1.74e+01 3.10e+01  2.37e-01 1.97e-02      7s
  37   9.18576901e+01  2.96945441e+02  2.34e+01 1.92e-15  1.17e+01 *4.55e-01  1.27e+01 2.02e+01 3.09e+01  2.56e-01 2.19e-02      8s
  38   9.74087185e+01  2.98576705e+02  2.28e+01 2.86e-15  1.14e+01 *2.29e-01  1.28e+01 2.35e+01 3.08e+01  2.70e-01 2.48e-02      8s
  39   1.03781368e+02  3.00207791e+02  2.21e+01 2.37e-15  1.11e+01 *2.34e-01  1.28e+01 2.76e+01 3.07e+01  2.89e-01 2.92e-02      8s
  40   1.11201403e+02  3.01841859e+02  2.13e+01 2.10e-15  1.07e+01 *2.68e-01  1.28e+01 3.29e+01 3.06e+01  3.12e-01 3.50e-02      8s
  41   1.19967937e+02  3.03481342e+02  2.04e+01 2.40e-15  1.02e+01 *3.04e-01  1.28e+01 3.99e+01 3.05e+01  3.39e-01 4.30e-02      8s
  42   1.30483898e+02  3.05125460e+02  1.93e+01 3.08e-15  9.66e+00 *3.39e-01  1.28e+01 4.96e+01 3.04e+01  3.71e-01 5.39e-02      9s
  43   1.43321328e+02  3.06771680e+02  1.80e+01 2.40e-15  8.99e+00 *3.73e-01  1.28e+01 6.35e+01 3.02e+01  4.10e-01 6.96e-02      9s
  44   1.59394293e+02  3.08422894e+02  1.63e+01 2.88e-15  8.15e+00 *4.07e-01  1.27e+01 8.45e+01 3.00e+01  4.58e-01 9.37e-02      9s
  45   1.80132515e+02  3.10077423e+02  1.41e+01 1.98e-15  7.06e+00 *4.42e-01  1.27e+01 1.19e+02 2.98e+01  5.19e-01 1.34e-01      9s
  46   2.08041145e+02  3.11734526e+02  1.12e+01 2.20e-15  5.59e+00 *4.83e-01  1.27e+01 1.82e+02 2.94e+01  6.00e-01 2.08e-01     10s
  47   2.47927802e+02  3.13385868e+02  6.99e+00 1.89e-15  3.50e+00 *5.37e-01  1.27e+01 3.23e+02 2.89e+01  7.13e-01 3.76e-01     10s
  48   2.91472888e+02  3.14491150e+02  2.43e+00 5.34e-16  1.27e+00 *6.36e-01  1.26e+01 8.14e+02 2.79e+01  8.90e-01 6.60e-01     10s
  49   3.05314480e+02  3.14708700e+02  1.10e+00 6.74e-16  5.50e-01 *6.99e-01  1.26e+01 3.67e+03 2.63e+01  1.00e+00 6.23e-01     10s
  50   3.05323373e+02  3.14708857e+02  1.10e+00 1.43e-15  5.49e-01 *6.51e-01  1.24e+01 8.61e+03 2.65e+01  1.00e+00 1.06e-03     10s
  51   3.05323374e+02  3.14708857e+02  1.10e+00 1.20e-15  5.49e-01 *6.51e-01  1.24e+01 8.62e+03 2.65e+01  1.00e+00 1.19e-07     11s

The solution quality is limited by the precision of the linear system solver.

The algorithm stopped after 52 iterations in 10.89 seconds.

Primal variables:   [+0.048 +0.066 +51.108 +10.190]
Dual slacks:        [+4.040 +2.947 +0.001 +0.009]
Dual variables:     [-5.004 +8.650]

Primal objective:   3.05323374e+02 
Dual objective:     3.14708857e+02 

Primal residual:    1.10e+00
Dual residual:      1.20e-15
Complementraty:     5.49e-01

Number of Iter:     52
Run time:           10.89
