
--------------- Linear optimization problem characteristics ---------------
Seed:                    91
Number of variables:     4
Number of constraints:   2

Norm of primal sol:      8.71e+01
Norm of dual sol:        1.00e+01
Norm of dual slacks:     5.00e+00

Norm of vector b:        1.60e+01
Norm of vector c:        4.39e+00

Norm of matrix A:        1.00e+00
Condition number:        2.00e+00

----------------------- Linear optimization problem -----------------------
Coeff matrix A:          [[+0.427 -0.407 -0.198 -0.527]
                          [-0.044 -0.701 -0.287 -0.094]]

RHS vector b:            [+14.420 -6.933]
Obj vector c:            [-2.898 +0.503 +2.216 +2.382]

---------------------------- Optimal solution -----------------------------
Primal variables:         [+79.005 +0.000 +0.000 +36.685]
Dual slacks:              [+0.000 +3.714 +3.347 +0.000]
Dual variables:           [-5.954 +8.034]

Optimal objective:       -1.41559366e+02
===========================================================================

Method:                  II-QIPM
LO_Precision:            1.00e-01
Stop_Precision:          1.00e-03
LO_Verbosity:            2
Omega:                   1.00e+01

The Quantum Inexact Infeasible Interior-Point Method starts running ...


                  Objective                Residual                                Linear system           Step-length
Iter      Primal           Dual         Primal    Dual     Compl    ||Resl||  Cond-Num  ||M||   ||RHS||    a-star   a-hat      Time
   0  -9.70044831e+00  1.78552814e+02  1.60e+01 1.42e+01  2.45e+02  3.97e-15  4.00e+00 1.00e+00 1.95e+01  3.35e-01 2.69e-01      0s
   1  -1.22150961e+01  1.78552814e+02  1.56e+01 1.40e+01  2.42e+02  1.36e+01  3.09e+00 1.82e+00 1.36e+01  2.09e-01 1.31e-02      0s
   2  -1.33450225e+01  1.78552814e+02  1.55e+01 1.39e+01  2.41e+02  1.72e+01  3.27e+00 1.99e+00 1.72e+01  1.98e-01 5.30e-03      1s
   3  -1.44715690e+01  1.78552814e+02  1.53e+01 1.38e+01  2.40e+02  1.88e+01  3.36e+00 2.06e+00 1.88e+01  1.94e-01 5.05e-03      1s
   4  -1.55963877e+01  1.78552814e+02  1.52e+01 1.38e+01  2.39e+02  2.04e+01  3.46e+00 2.15e+00 2.04e+01  1.90e-01 4.82e-03      1s
   5  -1.67200568e+01  1.78552814e+02  1.50e+01 1.37e+01  2.38e+02  2.21e+01  3.55e+00 2.23e+00 2.21e+01  1.86e-01 4.61e-03      1s
   6  -1.78420604e+01  1.78552814e+02  1.48e+01 1.36e+01  2.37e+02  2.39e+01  3.66e+00 2.32e+00 2.39e+01  1.82e-01 4.41e-03      1s
   7  -1.89630112e+01  1.78552814e+02  1.47e+01 1.36e+01  2.36e+02  2.57e+01  3.76e+00 2.40e+00 2.57e+01  1.78e-01 4.22e-03      1s
   8  -2.00824294e+01  1.78552814e+02  1.45e+01 1.35e+01  2.35e+02  2.75e+01  3.87e+00 2.49e+00 2.75e+01  1.75e-01 4.05e-03      1s
   9  -2.12009606e+01  1.78552814e+02  1.44e+01 1.35e+01  2.34e+02  2.93e+01  3.99e+00 2.59e+00 2.93e+01  1.72e-01 3.88e-03      1s
  10  -2.44007199e+01  1.69128379e+02  1.38e+01 1.30e+01  2.27e+02 *2.42e-01  4.10e+00 2.68e+00 3.12e+01  4.63e-01 3.68e-02      1s
  11  -2.78682003e+01  1.58676326e+02  1.33e+01 1.24e+01  2.18e+02 *5.44e-01  4.55e+00 3.01e+00 3.63e+01  4.84e-01 4.12e-02      2s
  12  -3.17505507e+01  1.46300944e+02  1.26e+01 1.18e+01  2.09e+02 *1.59e-01  5.08e+00 3.41e+00 4.21e+01  5.15e-01 4.82e-02      2s
  13  -3.60444127e+01  1.32222016e+02  1.19e+01 1.12e+01  1.98e+02 *1.80e-01  5.77e+00 3.92e+00 4.88e+01  5.45e-01 5.58e-02      2s
  14  -4.07096383e+01  1.17029989e+02  1.12e+01 1.05e+01  1.87e+02 *7.13e-01  6.66e+00 4.56e+00 5.65e+01  5.71e-01 6.33e-02      2s
  15  -4.18584156e+01  1.17029989e+02  1.10e+01 1.05e+01  1.86e+02  6.55e+01  7.71e+00 5.39e+00 6.55e+01  1.32e-01 2.25e-03      2s
  16  -4.29891108e+01  1.17029989e+02  1.09e+01 1.04e+01  1.86e+02  6.80e+01  7.93e+00 5.55e+00 6.80e+01  1.30e-01 2.15e-03      2s
  17  -4.86303293e+01  9.67799852e+01  9.95e+00 9.54e+00  1.72e+02 *1.69e-01  8.14e+00 5.72e+00 7.06e+01  6.37e-01 8.51e-02      2s
  18  -5.49841177e+01  7.36039052e+01  8.91e+00 8.55e+00  1.56e+02 *7.05e-02  9.79e+00 6.97e+00 8.19e+01  6.85e-01 1.04e-01      3s
  19  -6.21358815e+01  4.74073893e+01  7.75e+00 7.43e+00  1.37e+02 *3.15e-02  1.20e+01 8.72e+00 9.50e+01  7.38e-01 1.30e-01      3s
  20  -6.33651870e+01  4.74073893e+01  7.58e+00 7.42e+00  1.37e+02  1.10e+02  1.52e+01 1.13e+01 1.10e+02  1.09e-01 1.56e-03      3s
  21  -6.45295464e+01  4.74073893e+01  7.42e+00 7.41e+00  1.37e+02  1.14e+02  1.56e+01 1.16e+01 1.14e+02  1.07e-01 1.44e-03      3s
  22  -6.56949084e+01  4.74073893e+01  7.25e+00 7.40e+00  1.37e+02  1.17e+02  1.60e+01 1.19e+01 1.17e+02  1.06e-01 1.40e-03      3s
  23  -7.42377795e+01  1.40555826e+01  5.89e+00 6.00e+00  1.14e+02 *1.51e-01  1.64e+01 1.22e+01 1.20e+02  8.28e-01 1.90e-01      4s
  24  -8.38685762e+01 -2.21392630e+01  4.39e+00 4.45e+00  8.76e+01 *1.61e-01  2.15e+01 1.69e+01 1.38e+02  8.97e-01 2.58e-01      4s
  25  -9.48797636e+01 -6.10837878e+01  2.71e+00 2.75e+00  5.78e+01 *2.88e-02  2.91e+01 2.56e+01 1.58e+02  9.02e-01 3.82e-01      4s
  26  -1.08131140e+02 -9.98935479e+01  9.27e-01 9.39e-01  2.32e+01 *1.37e-03  4.18e+01 4.55e+01 1.77e+02  8.03e-01 6.59e-01      5s
  27  -1.08859483e+02 -1.00698212e+02  8.87e-01 8.99e-01  2.23e+01 *3.88e-03  6.44e+01 1.38e+02 1.79e+02  4.19e-01 4.29e-02      6s
  28  -1.09326852e+02 -1.01180247e+02  8.64e-01 8.75e-01  2.18e+01 *4.40e-05  6.61e+01 1.47e+02 1.81e+02  3.99e-01 2.61e-02      7s
  29  -1.09780926e+02 -1.01629234e+02  8.42e-01 8.54e-01  2.13e+01 *1.53e-03  6.72e+01 1.53e+02 1.83e+02  3.88e-01 2.45e-02      8s
  30  -1.10223805e+02 -1.02049854e+02  8.23e-01 8.34e-01  2.08e+01 *5.60e-03  6.84e+01 1.58e+02 1.85e+02  3.78e-01 2.30e-02     10s
  31  -1.10658415e+02 -1.02447578e+02  8.05e-01 8.16e-01  2.04e+01 *8.31e-03  6.96e+01 1.64e+02 1.87e+02  3.69e-01 2.17e-02     11s
  32  -1.11087696e+02 -1.02827661e+02  7.89e-01 7.99e-01  2.00e+01 *6.47e-03  7.07e+01 1.70e+02 1.89e+02  3.61e-01 2.07e-02     12s
  33  -1.11513187e+02 -1.03193413e+02  7.73e-01 7.83e-01  1.97e+01 *1.80e-03  7.19e+01 1.77e+02 1.91e+02  3.54e-01 1.98e-02     13s
  34  -1.11937342e+02 -1.03548092e+02  7.58e-01 7.68e-01  1.93e+01 *2.67e-04  7.30e+01 1.83e+02 1.93e+02  3.48e-01 1.90e-02     14s
  35  -1.12362209e+02 -1.03894063e+02  7.44e-01 7.54e-01  1.90e+01 *3.69e-03  7.41e+01 1.89e+02 1.96e+02  3.42e-01 1.84e-02     15s
  36  -1.12788850e+02 -1.04232915e+02  7.31e-01 7.41e-01  1.87e+01 *1.21e-02  7.52e+01 1.96e+02 1.98e+02  3.38e-01 1.78e-02     16s
  37  -1.13220252e+02 -1.04568055e+02  7.19e-01 7.28e-01  1.84e+01 *2.09e-02  7.62e+01 2.03e+02 2.00e+02  3.34e-01 1.74e-02     17s
  38  -1.13657182e+02 -1.04901255e+02  7.07e-01 7.15e-01  1.81e+01 *2.68e-02  7.72e+01 2.10e+02 2.03e+02  3.30e-01 1.71e-02     18s
  39  -1.14102473e+02 -1.05236102e+02  6.95e-01 7.03e-01  1.78e+01 *2.64e-02  7.82e+01 2.18e+02 2.05e+02  3.28e-01 1.69e-02     19s
  40  -1.14558560e+02 -1.05576051e+02  6.83e-01 6.91e-01  1.76e+01 *1.66e-02  7.91e+01 2.25e+02 2.08e+02  3.27e-01 1.69e-02     20s
  41  -1.15027722e+02 -1.05924080e+02  6.72e-01 6.80e-01  1.73e+01 *1.42e-03  8.00e+01 2.34e+02 2.11e+02  3.27e-01 1.69e-02     21s
  42  -1.15512032e+02 -1.06280439e+02  6.60e-01 6.68e-01  1.70e+01 *1.06e-02  8.09e+01 2.42e+02 2.14e+02  3.27e-01 1.70e-02     23s
  43  -1.16013978e+02 -1.06642436e+02  6.49e-01 6.57e-01  1.67e+01 *8.04e-02  8.16e+01 2.52e+02 2.17e+02  3.26e-01 1.71e-02     24s
  44  -1.16537753e+02 -1.07020761e+02  6.39e-01 6.45e-01  1.65e+01 *7.61e-02  8.23e+01 2.62e+02 2.20e+02  3.28e-01 1.75e-02     25s
  45  -1.17091133e+02 -1.07427766e+02  6.27e-01 6.33e-01  1.62e+01 *1.65e-02  8.29e+01 2.72e+02 2.24e+02  3.33e-01 1.84e-02     26s
  46  -1.17671864e+02 -1.07846437e+02  6.16e-01 6.22e-01  1.59e+01 *1.27e-01  8.34e+01 2.84e+02 2.27e+02  3.35e-01 1.87e-02     27s
  47  -1.18294176e+02 -1.08304212e+02  6.05e-01 6.09e-01  1.56e+01 *8.71e-02  8.37e+01 2.97e+02 2.31e+02  3.42e-01 2.00e-02     28s
  48  -1.18970350e+02 -1.08819607e+02  5.91e-01 5.96e-01  1.53e+01 *6.47e-04  8.40e+01 3.11e+02 2.36e+02  3.53e-01 2.19e-02     29s
  49  -1.19708762e+02 -1.09389947e+02  5.77e-01 5.82e-01  1.50e+01 *2.33e-02  8.41e+01 3.28e+02 2.40e+02  3.62e-01 2.39e-02     30s
  50  -1.20528743e+02 -1.10041831e+02  5.62e-01 5.66e-01  1.46e+01 *5.21e-03  8.40e+01 3.46e+02 2.45e+02  3.76e-01 2.68e-02     31s
  51  -1.21445541e+02 -1.10776894e+02  5.46e-01 5.49e-01  1.42e+01 *9.50e-02  8.38e+01 3.69e+02 2.51e+02  3.90e-01 2.99e-02     32s
  52  -1.22498994e+02 -1.11644858e+02  5.29e-01 5.30e-01  1.37e+01 *1.36e-01  8.32e+01 3.95e+02 2.57e+02  4.09e-01 3.50e-02     33s
  53  -1.23722871e+02 -1.12666240e+02  5.12e-01 5.08e-01  1.32e+01 *2.67e-01  8.24e+01 4.27e+02 2.64e+02  4.30e-01 4.11e-02     34s
  54  -1.25333518e+02 -1.14182080e+02  4.82e-01 4.77e-01  1.24e+01 *3.78e-02  8.11e+01 4.68e+02 2.72e+02  4.79e-01 6.04e-02     34s
  55  -1.27471998e+02 -1.16278954e+02  4.48e-01 4.37e-01  1.14e+01 *1.85e-01  7.92e+01 5.30e+02 2.83e+02  5.25e-01 8.53e-02     36s
  56  -1.30543308e+02 -1.19395753e+02  4.18e-01 3.79e-01  9.86e+00 *4.24e-01  7.64e+01 6.27e+02 2.96e+02  5.86e-01 1.33e-01     37s
  57  -1.37791802e+02 -1.28205844e+02  3.54e-01 2.23e-01  5.22e+00 *3.61e-01  7.23e+01 8.05e+02 3.14e+02  6.26e-01 4.12e-01     37s
  58  -1.38731835e+02 -1.28258375e+02  4.62e-01 2.21e-01  5.19e+00 *2.11e+01  6.15e+01 1.77e+03 3.45e+02  1.99e-01 6.03e-03     38s
The problem is infeasible.

The algorithm stopped after 59 iterations in 38.59 seconds.

Primal variables:   [+87.020 +0.087 +0.220 +43.489]
Dual slacks:        [+0.003 +3.391 +3.231 +0.004]
Dual variables:     [-5.904 +7.492]

Primal objective:   -1.48046805e+02
Dual objective:     -1.37077537e+02

Primal residual:    1.14e+00
Dual residual:      7.32e-02
Complementraty:     1.49e+00

Number of Iter:     59
Run time:           38.59
