
--------------- Linear optimization problem characteristics ---------------
Seed:                    57
Number of variables:     4
Number of constraints:   2

Norm of primal sol:      6.10e+01
Norm of dual sol:        1.00e+01
Norm of dual slacks:     5.00e+00

Norm of vector b:        1.60e+01
Norm of vector c:        2.83e+00

Norm of matrix A:        1.00e+00
Condition number:        2.00e+00

----------------------- Linear optimization problem -----------------------
Coeff matrix A:          [[-0.070 +0.297 -0.354 +0.240]
                          [+0.480 -0.256 -0.405 -0.717]]

RHS vector b:            [+15.442 -4.188]
Obj vector c:            [+2.136 +1.013 -1.223 +0.953]

---------------------------- Optimal solution -----------------------------
Primal variables:         [+21.607 +57.011 +0.000 +0.000]
Dual slacks:              [+0.000 +0.000 +3.988 +3.015]
Dual variables:           [+8.257 +5.641]

Optimal objective:       +1.03875204e+02
===========================================================================

Method:                  II-QIPM
LO_Precision:            1.00e-01
Stop_Precision:          1.00e-03
LO_Verbosity:            2
Omega:                   1.00e+01

The Quantum Inexact Infeasible Interior-Point Method starts running ...


                  Objective                Residual                                Linear system           Step-length
Iter      Primal           Dual         Primal    Dual     Compl    ||Resl||  Cond-Num  ||M||   ||RHS||    a-star   a-hat      Time
   0   2.47330006e+01  0.00000000e+00  1.60e+01 3.90e+00  1.05e+02  1.63e+01  4.00e+00 1.00e+00 1.63e+01  8.91e-01 7.92e-01      0s
   1   2.58401306e+01  4.57013733e+00  1.56e+01 3.79e+00  1.02e+02  4.53e-01  2.59e+00 4.46e+00 2.44e+01  3.69e-01 2.79e-02      0s
   2   2.66958828e+01  8.16478798e+00  1.52e+01 3.71e+00  9.99e+01  5.46e-01  2.55e+00 4.26e+00 2.25e+01  3.56e-01 2.19e-02      0s
   3   2.74840332e+01  1.15420349e+01  1.49e+01 3.63e+00  9.81e+01  3.90e-01  2.57e+00 4.15e+00 2.11e+01  3.45e-01 2.03e-02      0s
   4   2.82189888e+01  1.47588960e+01  1.46e+01 3.56e+00  9.63e+01  1.32e-01  2.64e+00 4.08e+00 2.00e+01  3.35e-01 1.90e-02      1s
   5   2.89102798e+01  1.78480981e+01  1.44e+01 3.50e+00  9.47e+01  1.03e-01  2.73e+00 4.04e+00 1.90e+01  3.27e-01 1.80e-02      1s
   6   2.95625134e+01  2.08194654e+01  1.41e+01 3.44e+00  9.33e+01  1.64e-01  2.86e+00 4.02e+00 1.81e+01  3.19e-01 1.70e-02      1s
   7   2.74167215e+01  2.08194654e+01  1.45e+01 3.07e+00  8.44e+01  1.74e+01  3.01e+00 4.02e+00 1.74e+01  6.98e-01 1.06e-01      1s
   8   2.80597864e+01  2.34465729e+01  1.42e+01 3.02e+00  8.31e+01  8.52e-02  2.73e+00 4.34e+00 1.83e+01  3.19e-01 1.69e-02      1s
   9   2.86691333e+01  2.59868224e+01  1.40e+01 2.97e+00  8.18e+01  1.41e-01  2.86e+00 4.33e+00 1.75e+01  3.13e-01 1.62e-02      1s
  10   2.62664341e+01  2.59868224e+01  1.44e+01 2.60e+00  7.28e+01  1.68e+01  3.01e+00 4.33e+00 1.68e+01  7.39e-01 1.24e-01      1s
  11   2.68690220e+01  2.82031441e+01  1.41e+01 2.56e+00  7.17e+01  1.70e-02  2.69e+00 4.70e+00 1.77e+01  3.12e-01 1.61e-02      1s
  12   2.74411512e+01  3.03524300e+01  1.39e+01 2.52e+00  7.07e+01  1.19e-01  2.82e+00 4.69e+00 1.70e+01  3.06e-01 1.54e-02      1s
  13   2.79855904e+01  3.24396657e+01  1.37e+01 2.48e+00  6.97e+01  3.87e-02  2.96e+00 4.69e+00 1.64e+01  3.01e-01 1.48e-02      1s
  14   2.49961682e+01  3.24396657e+01  1.41e+01 2.07e+00  5.93e+01  1.59e+01  3.12e+00 4.71e+00 1.59e+01  8.23e-01 1.69e-01      2s
  15   2.55354522e+01  3.41945577e+01  1.39e+01 2.04e+00  5.85e+01  1.58e-02  2.70e+00 5.16e+00 1.66e+01  2.99e-01 1.46e-02      2s
  16   2.60504444e+01  3.59058371e+01  1.37e+01 2.01e+00  5.77e+01  7.66e-02  2.83e+00 5.16e+00 1.61e+01  2.94e-01 1.41e-02      2s
  17   2.65433232e+01  3.75772627e+01  1.35e+01 1.98e+00  5.70e+01  1.69e-02  2.97e+00 5.17e+00 1.56e+01  2.90e-01 1.36e-02      2s
  18   2.27411377e+01  3.75772627e+01  1.39e+01 1.52e+00  4.54e+01  1.52e+01  3.13e+00 5.19e+00 1.52e+01  9.14e-01 2.32e-01      2s
  19   2.32300052e+01  3.89077021e+01  1.37e+01 1.50e+00  4.49e+01  6.84e-02  2.59e+00 5.74e+00 1.58e+01  2.87e-01 1.33e-02      2s
  20   2.36968308e+01  4.02042090e+01  1.35e+01 1.48e+00  4.44e+01  8.89e-03  2.71e+00 5.75e+00 1.54e+01  2.83e-01 1.28e-02      2s
  21   2.41471437e+01  4.14795663e+01  1.33e+01 1.46e+00  4.38e+01  1.24e-02  2.84e+00 5.77e+00 1.50e+01  2.79e-01 1.24e-02      2s
  22   2.45827093e+01  4.27367411e+01  1.32e+01 1.45e+00  4.33e+01  4.17e-04  2.99e+00 5.80e+00 1.47e+01  2.75e-01 1.21e-02      2s
  23   1.88289147e+01  4.27367411e+01  1.36e+01 8.80e-01  2.90e+01  1.44e+01  3.14e+00 5.83e+00 1.44e+01  1.00e+00 3.91e-01      2s
  24   1.92627628e+01  4.36084236e+01  1.35e+01 8.70e-01  2.87e+01  1.09e-01  2.33e+00 6.61e+00 1.50e+01  2.68e-01 1.15e-02      2s
  25   1.96793422e+01  4.44596373e+01  1.33e+01 8.60e-01  2.84e+01  1.54e-01  2.44e+00 6.64e+00 1.48e+01  2.64e-01 1.11e-02      3s
  26   2.00795522e+01  4.52910958e+01  1.32e+01 8.51e-01  2.81e+01  1.06e-01  2.56e+00 6.68e+00 1.45e+01  2.61e-01 1.08e-02      3s
  27   2.04640983e+01  4.61034692e+01  1.30e+01 8.42e-01  2.78e+01  1.13e-02  2.70e+00 6.73e+00 1.43e+01  2.57e-01 1.05e-02      3s
  28   2.08354834e+01  4.69010538e+01  1.29e+01 8.33e-01  2.75e+01  9.03e-02  2.84e+00 6.79e+00 1.41e+01  2.54e-01 1.02e-02      3s
  29   2.12009062e+01  4.76976425e+01  1.28e+01 8.25e-01  2.73e+01  1.46e-02  2.99e+00 6.86e+00 1.39e+01  2.53e-01 1.01e-02      3s
  30   8.84098000e+00  4.76976425e+01  1.37e+01 3.29e-03  6.84e+00  1.37e+01  3.15e+00 6.94e+00 1.37e+01  1.00e+00 9.96e-01      3s
  31   1.00659037e+01  4.87396957e+01  1.33e+01 3.20e-03  6.64e+00  3.11e-01  1.58e+00 9.00e+00 1.58e+01  2.14e-01 2.74e-02      3s
  32   1.08705239e+01  4.94346393e+01  1.30e+01 3.14e-03  6.52e+00  2.84e-01  2.07e+00 9.93e+00 1.58e+01  2.09e-01 1.87e-02      3s
  33   1.16099637e+01  5.00836791e+01  1.28e+01 3.09e-03  6.41e+00  3.93e-01  2.55e+00 1.07e+01 1.57e+01  2.03e-01 1.76e-02      3s
  34   1.16099555e+01  5.00836791e+01  1.28e+01 3.09e-03  6.41e+00  1.57e+01  3.12e+00 1.16e+01 1.57e+01  1.00e+00 7.59e-07      4s

The solution quality is limited by the precision of the linear system solver.

The algorithm stopped after 35 iterations in 3.66 seconds.

Primal variables:   [+0.794 +10.441 +3.077 +3.257]
Dual slacks:        [+2.033 +0.175 +0.285 +0.642]
Dual variables:     [+3.437 +0.713]

Primal objective:   1.16099555e+01 
Dual objective:     5.00836791e+01 

Primal residual:    1.28e+01
Dual residual:      3.09e-03
Complementraty:     6.41e+00

Number of Iter:     35
Run time:           3.66
