
--------------- Linear optimization problem characteristics ---------------
Seed:                    33
Number of variables:     4
Number of constraints:   2

Norm of primal sol:      5.02e+01
Norm of dual sol:        1.00e+01
Norm of dual slacks:     5.00e+00

Norm of vector b:        3.20e+01
Norm of vector c:        5.69e+00

Norm of matrix A:        1.00e+00
Condition number:        2.00e+00

----------------------- Linear optimization problem -----------------------
Coeff matrix A:          [[+0.514 -0.640 +0.429 -0.377]
                          [+0.353 -0.028 -0.299 +0.187]]

RHS vector b:            [+31.787 -3.688]
Obj vector c:            [+1.629 -0.367 +5.209 -1.579]

---------------------------- Optimal solution -----------------------------
Primal variables:         [+25.977 +0.000 +42.956 +0.000]
Dual slacks:              [+0.000 +4.328 +0.000 +2.504]
Dual variables:           [+7.618 -6.478]

Optimal objective:       +2.66047221e+02
===========================================================================

Method:                  II-QIPM
LO_Precision:            1.00e-01
Stop_Precision:          1.00e-03
LO_Verbosity:            2
Omega:                   1.00e+01

The Quantum Inexact Infeasible Interior-Point Method starts running ...


                  Objective                Residual                                Linear system           Step-length
Iter      Primal           Dual         Primal    Dual     Compl    ||Resl||  Cond-Num  ||M||   ||RHS||    a-star   a-hat      Time
   0   2.80506408e+01  0.00000000e+00  3.62e+01 4.42e+00  1.16e+02  3.72e+01  4.00e+00 1.00e+00 3.72e+01  8.64e-01 7.58e-01      0s
   1   3.09225485e+01  1.17871652e+01  3.50e+01 4.28e+00  1.13e+02  1.26e-02  5.89e+00 4.41e+00 4.94e+01  3.06e-01 3.20e-02      0s
   2   3.24689747e+01  1.85273506e+01  3.44e+01 4.21e+00  1.11e+02  7.72e-01  5.43e+00 3.91e+00 4.57e+01  3.02e-01 1.73e-02      0s
   3   3.38880974e+01  2.47763141e+01  3.39e+01 4.14e+00  1.09e+02  4.20e-01  5.18e+00 3.68e+00 4.40e+01  2.89e-01 1.55e-02      1s
   4   3.52026135e+01  3.06041647e+01  3.34e+01 4.08e+00  1.08e+02  3.05e-02  4.98e+00 3.48e+00 4.25e+01  2.77e-01 1.39e-02      1s
   5   3.65063250e+01  3.64596477e+01  3.30e+01 4.03e+00  1.06e+02  1.18e-02  4.81e+00 3.32e+00 4.12e+01  2.72e-01 1.36e-02      1s
   6   3.78594595e+01  4.26301422e+01  3.25e+01 3.97e+00  1.05e+02  3.41e-01  4.65e+00 3.17e+00 4.01e+01  2.73e-01 1.39e-02      1s
   7   3.92762269e+01  4.91627897e+01  3.21e+01 3.91e+00  1.04e+02  6.88e-01  4.49e+00 3.03e+00 3.91e+01  2.74e-01 1.44e-02      1s
   8   4.07320054e+01  5.58946306e+01  3.16e+01 3.86e+00  1.02e+02  7.67e-01  4.34e+00 2.91e+00 3.80e+01  2.72e-01 1.44e-02      1s
   9   4.21988624e+01  6.26422757e+01  3.12e+01 3.80e+00  1.01e+02  5.39e-01  4.19e+00 2.80e+00 3.71e+01  2.67e-01 1.40e-02      2s
  10   4.36861938e+01  6.94125045e+01  3.07e+01 3.75e+00  9.95e+01  1.79e-01  4.07e+00 2.71e+00 3.62e+01  2.62e-01 1.36e-02      2s
  11   3.75814260e+01  6.94125045e+01  3.15e+01 3.17e+00  8.57e+01  3.55e+01  3.95e+00 2.63e+00 3.55e+01  7.94e-01 1.55e-01      2s
  12   3.86577138e+01  7.40330235e+01  3.12e+01 3.14e+00  8.49e+01  4.45e-02  4.02e+00 2.89e+00 3.62e+01  2.35e-01 1.00e-02      2s
  13   3.29275751e+01  7.40330235e+01  3.18e+01 2.66e+00  7.34e+01  3.56e+01  3.94e+00 2.81e+00 3.56e+01  7.91e-01 1.52e-01      2s
  14   2.80936967e+01  7.40330235e+01  3.24e+01 2.31e+00  6.47e+01  3.63e+01  3.98e+00 3.07e+00 3.63e+01  7.53e-01 1.33e-01      2s
  15   2.87742598e+01  7.65651211e+01  3.22e+01 2.29e+00  6.43e+01  5.74e-02  4.03e+00 3.35e+00 3.70e+01  2.03e-01 6.68e-03      2s
  16   2.43459711e+01  7.65651211e+01  3.28e+01 2.00e+00  5.71e+01  3.66e+01  3.97e+00 3.27e+00 3.66e+01  7.40e-01 1.26e-01      2s
  17   2.49329726e+01  7.85812323e+01  3.26e+01 1.99e+00  5.67e+01  6.40e-02  4.04e+00 3.57e+00 3.73e+01  1.93e-01 5.80e-03      2s
  18   2.08968080e+01  7.85812323e+01  3.31e+01 1.75e+00  5.07e+01  3.69e+01  3.97e+00 3.48e+00 3.69e+01  7.24e-01 1.19e-01      2s
  19   2.14390037e+01  8.02899242e+01  3.29e+01 1.74e+00  5.04e+01  1.28e-01  4.09e+00 3.83e+00 3.75e+01  1.87e-01 5.36e-03      3s
  20   2.19543565e+01  8.19420247e+01  3.27e+01 1.74e+00  5.02e+01  1.87e-02  4.01e+00 3.73e+00 3.72e+01  1.83e-01 5.06e-03      3s
  21   1.80475120e+01  8.19420247e+01  3.32e+01 1.53e+00  4.48e+01  3.68e+01  3.95e+00 3.64e+00 3.68e+01  7.28e-01 1.21e-01      3s
  22   1.85439828e+01  8.33916925e+01  3.31e+01 1.52e+00  4.46e+01  1.27e-01  4.12e+00 4.03e+00 3.75e+01  1.79e-01 4.86e-03      3s
  23   1.90111531e+01  8.47803776e+01  3.29e+01 1.51e+00  4.44e+01  3.51e-02  4.03e+00 3.93e+00 3.71e+01  1.75e-01 4.55e-03      3s
  24   1.52592560e+01  8.47803776e+01  3.34e+01 1.33e+00  3.95e+01  3.68e+01  3.96e+00 3.83e+00 3.68e+01  7.29e-01 1.22e-01      3s
  25   1.57200072e+01  8.60199703e+01  3.33e+01 1.32e+00  3.94e+01  1.36e-01  4.21e+00 4.29e+00 3.75e+01  1.72e-01 4.46e-03      3s
  26   1.61544260e+01  8.72102696e+01  3.31e+01 1.31e+00  3.92e+01  8.42e-02  4.11e+00 4.17e+00 3.72e+01  1.69e-01 4.19e-03      3s
  27   1.65722081e+01  8.83752686e+01  3.30e+01 1.31e+00  3.91e+01  1.63e-02  4.02e+00 4.07e+00 3.69e+01  1.66e-01 4.01e-03      3s
  28   1.27993148e+01  8.83752686e+01  3.35e+01 1.14e+00  3.44e+01  3.66e+01  3.94e+00 3.97e+00 3.66e+01  7.47e-01 1.32e-01      4s
  29   1.32125271e+01  8.94075073e+01  3.33e+01 1.13e+00  3.43e+01  7.67e-02  4.29e+00 4.51e+00 3.73e+01  1.64e-01 3.93e-03      4s
  30   1.36089812e+01  9.04160810e+01  3.32e+01 1.13e+00  3.42e+01  7.32e-02  4.18e+00 4.39e+00 3.70e+01  1.61e-01 3.76e-03      4s
  31   1.39901420e+01  9.14029325e+01  3.31e+01 1.12e+00  3.41e+01  3.97e-02  4.08e+00 4.27e+00 3.67e+01  1.58e-01 3.61e-03      4s
  32   1.02494136e+01  9.14029325e+01  3.36e+01 9.66e-01  2.98e+01  3.65e+01  3.99e+00 4.17e+00 3.65e+01  7.61e-01 1.40e-01      4s
  33   1.06344198e+01  9.22868554e+01  3.34e+01 9.63e-01  2.97e+01  3.58e-02  4.47e+00 4.83e+00 3.71e+01  1.57e-01 3.59e-03      4s
  34   1.10012036e+01  9.31443901e+01  3.33e+01 9.59e-01  2.96e+01  3.60e-03  4.34e+00 4.69e+00 3.69e+01  1.54e-01 3.42e-03      4s
  35   1.13550896e+01  9.39866301e+01  3.32e+01 9.56e-01  2.95e+01  2.31e-02  4.22e+00 4.57e+00 3.66e+01  1.52e-01 3.30e-03      4s
  36   1.16968826e+01  9.48143037e+01  3.31e+01 9.53e-01  2.94e+01  2.66e-02  4.12e+00 4.45e+00 3.64e+01  1.49e-01 3.18e-03      5s
  37   1.20266702e+01  9.56265485e+01  3.30e+01 9.50e-01  2.93e+01  7.36e-03  4.02e+00 4.34e+00 3.62e+01  1.47e-01 3.06e-03      5s
  38   7.98481810e+00  9.56265485e+01  3.35e+01 7.89e-01  2.49e+01  3.60e+01  3.94e+00 4.24e+00 3.60e+01  8.07e-01 1.70e-01      5s
  39   8.32936717e+00  9.63650307e+01  3.34e+01 7.86e-01  2.48e+01  9.07e-02  4.59e+00 5.05e+00 3.66e+01  1.46e-01 3.14e-03      5s
  40   8.64940990e+00  9.70622302e+01  3.33e+01 7.84e-01  2.48e+01  1.01e-01  4.45e+00 4.91e+00 3.64e+01  1.43e-01 2.92e-03      5s
  41   8.95919569e+00  9.77484096e+01  3.32e+01 7.82e-01  2.47e+01  7.01e-02  4.33e+00 4.78e+00 3.62e+01  1.41e-01 2.82e-03      5s
  42   9.25896802e+00  9.84236800e+01  3.31e+01 7.80e-01  2.46e+01  2.93e-02  4.21e+00 4.66e+00 3.60e+01  1.39e-01 2.73e-03      5s
  43   9.54966232e+00  9.90894169e+01  3.30e+01 7.78e-01  2.46e+01  3.01e-03  4.11e+00 4.55e+00 3.58e+01  1.37e-01 2.65e-03      5s
  44   9.83095263e+00  9.97441245e+01  3.29e+01 7.76e-01  2.45e+01  1.01e-03  4.01e+00 4.45e+00 3.56e+01  1.35e-01 2.56e-03      6s
  45   5.32781662e+00  9.97441245e+01  3.35e+01 6.07e-01  1.98e+01  3.55e+01  3.93e+00 4.35e+00 3.55e+01  8.68e-01 2.18e-01      6s
  46   5.63781571e+00  1.00359116e+02  3.34e+01 6.05e-01  1.97e+01  3.14e-02  4.91e+00 5.42e+00 3.60e+01  1.35e-01 2.76e-03      6s
  47   5.91841922e+00  1.00922929e+02  3.33e+01 6.04e-01  1.97e+01  3.58e-02  4.74e+00 5.27e+00 3.59e+01  1.33e-01 2.50e-03      6s
  48   6.18669214e+00  1.01468336e+02  3.32e+01 6.02e-01  1.96e+01  1.32e-01  4.60e+00 5.13e+00 3.57e+01  1.30e-01 2.39e-03      6s
  49   6.44472415e+00  1.01999970e+02  3.32e+01 6.01e-01  1.96e+01  1.73e-01  4.47e+00 5.01e+00 3.56e+01  1.28e-01 2.29e-03      6s
  50   6.69491261e+00  1.02523108e+02  3.31e+01 6.00e-01  1.96e+01  1.53e-01  4.35e+00 4.89e+00 3.54e+01  1.26e-01 2.23e-03      6s
  51   6.93803524e+00  1.03039383e+02  3.30e+01 5.98e-01  1.95e+01  9.99e-02  4.24e+00 4.78e+00 3.53e+01  1.25e-01 2.16e-03      7s
  52   7.17485968e+00  1.03550118e+02  3.29e+01 5.97e-01  1.95e+01  4.52e-02  4.14e+00 4.67e+00 3.51e+01  1.23e-01 2.11e-03      7s
  53   7.40504919e+00  1.04054124e+02  3.29e+01 5.96e-01  1.94e+01  8.67e-03  4.04e+00 4.57e+00 3.50e+01  1.22e-01 2.05e-03      7s
  54   4.63380929e+00  1.04054124e+02  3.32e+01 4.98e-01  1.66e+01  3.49e+01  3.95e+00 4.48e+00 3.49e+01  9.63e-01 1.64e-01      7s
  55   5.62452354e+00  1.06028719e+02  3.29e+01 4.94e-01  1.65e+01  1.37e-01  4.63e+00 5.13e+00 3.51e+01  1.20e-01 8.68e-03      7s
  56   6.44398367e+00  1.07762162e+02  3.27e+01 4.90e-01  1.63e+01  5.95e-02  4.13e+00 4.65e+00 3.47e+01  1.14e-01 7.19e-03      7s
  57   6.44397601e+00  1.07762162e+02  3.27e+01 4.90e-01  1.63e+01  3.43e+01  3.78e+00 4.30e+00 3.43e+01  1.00e+00 5.46e-07      7s

The solution quality is limited by the precision of the linear system solver.

The algorithm stopped after 58 iterations in 7.42 seconds.

Primal variables:   [+4.666 +1.930 +1.747 +6.046]
Dual slacks:        [+1.062 +1.846 +3.307 +0.339]
Dual variables:     [+3.123 -2.305]

Primal objective:   6.44397601e+00 
Dual objective:     1.07762162e+02 

Primal residual:    3.27e+01
Dual residual:      4.90e-01
Complementraty:     1.63e+01

Number of Iter:     58
Run time:           7.42
