
--------------- Linear optimization problem characteristics ---------------
Seed:                    86
Number of variables:     4
Number of constraints:   2

Norm of primal sol:      9.55e+01
Norm of dual sol:        1.00e+01
Norm of dual slacks:     5.00e+00

Norm of vector b:        3.20e+01
Norm of vector c:        7.24e+00

Norm of matrix A:        1.00e+00
Condition number:        2.00e+00

----------------------- Linear optimization problem -----------------------
Coeff matrix A:          [[+0.644 +0.380 -0.314 +0.487]
                          [-0.058 +0.232 +0.211 -0.503]]

RHS vector b:            [+31.062 +7.690]
Obj vector c:            [-5.814 -0.738 +3.776 -1.948]

---------------------------- Optimal solution -----------------------------
Primal variables:         [+76.257 +0.000 +57.449 +0.000]
Dual slacks:              [+0.000 +1.323 +0.000 +4.822]
Dual variables:           [-8.567 +5.157]

Optimal objective:       -2.26467568e+02
===========================================================================

Method:                  II-QIPM
LO_Precision:            1.00e-01
Stop_Precision:          1.00e-03
LO_Verbosity:            2
Omega:                   1.00e+01

The Quantum Inexact Infeasible Interior-Point Method starts running ...


                  Objective                Residual                                Linear system           Step-length
Iter      Primal           Dual         Primal    Dual     Compl    ||Resl||  Cond-Num  ||M||   ||RHS||    a-star   a-hat      Time
   0  -7.79037805e+01  0.00000000e+00  1.81e+01 1.08e+01  1.65e+02  1.60e+01  4.00e+00 1.00e+00 1.60e+01  6.32e-01 5.37e-01      0s
   1  -8.13201167e+01  6.78116558e-02  1.78e+01 1.06e+01  1.62e+02 *1.43e+00  6.44e+00 5.24e+00 3.15e+01  3.23e-01 2.24e-02      0s
   2  -8.33928862e+01  6.78116558e-02  1.76e+01 1.05e+01  1.61e+02  3.48e+01  7.00e+00 5.68e+00 3.48e+01  1.97e-01 5.33e-03      1s
   3  -8.54515896e+01  6.78116558e-02  1.74e+01 1.05e+01  1.60e+02  3.70e+01  7.19e+00 5.91e+00 3.70e+01  1.92e-01 5.06e-03      1s
   4  -8.75013349e+01  6.78116558e-02  1.72e+01 1.04e+01  1.60e+02  3.91e+01  7.39e+00 6.15e+00 3.91e+01  1.88e-01 4.82e-03      1s
   5  -8.95452643e+01  6.78116558e-02  1.70e+01 1.04e+01  1.59e+02  4.13e+01  7.59e+00 6.39e+00 4.13e+01  1.84e-01 4.60e-03      1s
   6  -9.15845478e+01  6.78116558e-02  1.69e+01 1.03e+01  1.58e+02  4.36e+01  7.79e+00 6.63e+00 4.36e+01  1.80e-01 4.40e-03      1s
   7  -9.50301747e+01 -7.63625309e-01  1.65e+01 1.01e+01  1.55e+02 *3.94e-03  8.00e+00 6.88e+00 4.59e+01  3.51e-01 2.25e-02      1s
   8  -9.88733524e+01 -2.06392354e+00  1.61e+01 9.85e+00  1.51e+02 *1.89e-02  8.82e+00 7.47e+00 5.04e+01  3.67e-01 2.57e-02      2s
   9  -1.03220530e+02 -3.91581658e+00  1.56e+01 9.55e+00  1.47e+02 *8.28e-03  9.88e+00 8.20e+00 5.58e+01  3.86e-01 2.99e-02      2s
  10  -1.08216606e+02 -6.83899844e+00  1.50e+01 9.21e+00  1.42e+02 *6.03e-01  1.13e+01 9.12e+00 6.25e+01  4.15e-01 3.62e-02      2s
  11  -1.14184413e+02 -1.06354358e+01  1.44e+01 8.79e+00  1.36e+02 *3.39e-01  1.31e+01 1.03e+01 7.08e+01  4.40e-01 4.52e-02      2s
  12  -1.16171942e+02 -1.06354358e+01  1.42e+01 8.77e+00  1.36e+02  8.17e+01  1.58e+01 1.20e+01 8.17e+01  1.37e-01 2.44e-03      3s
  13  -1.24131998e+02 -1.64982641e+01  1.33e+01 8.20e+00  1.27e+02 *2.15e-01  1.62e+01 1.24e+01 8.49e+01  4.83e-01 6.54e-02      3s
  14  -1.36108705e+02 -2.67500155e+01  1.18e+01 7.28e+00  1.13e+02 *3.10e-01  2.06e+01 1.51e+01 1.01e+02  5.41e-01 1.11e-01      4s
  15  -1.56850528e+02 -5.17525401e+01  9.26e+00 5.55e+00  8.36e+01 *1.38e+00  2.86e+01 2.08e+01 1.30e+02  6.22e-01 2.38e-01      4s
  16  -1.82391941e+02 -9.84586563e+01  3.91e+00 2.35e+00  1.45e+01 *1.88e-03  4.30e+01 3.84e+01 1.95e+02  6.11e-01 5.78e-01      5s
  17  -1.88348497e+02 -1.18759673e+02  2.75e+00 1.72e+00  8.22e+00 *8.65e-01  1.16e+01 1.82e+02 4.17e+02  3.06e-01 2.66e-01      5s
  18  -1.89809627e+02 -1.19430040e+02  2.71e+00 1.71e+00  8.13e+00 *1.62e+00  1.18e+01 3.75e+02 5.08e+02  1.10e-01 9.74e-03      5s
  19  -1.89922057e+02 -1.19528416e+02  2.70e+00 1.70e+00  8.12e+00 *1.16e+01  1.25e+01 4.05e+02 5.27e+02  9.94e-02 1.44e-03      5s
  20  -1.90043847e+02 -1.19628096e+02  2.69e+00 1.70e+00  8.11e+00 *1.11e+01  1.26e+01 4.11e+02 5.30e+02  1.01e-01 1.45e-03      6s
  21  -1.90202076e+02 -1.19737988e+02  2.68e+00 1.70e+00  8.09e+00 *9.14e+00  1.27e+01 4.16e+02 5.33e+02  1.04e-01 1.58e-03      6s
  22  -1.90437497e+02 -1.19868290e+02  2.67e+00 1.70e+00  8.08e+00 *5.65e+00  1.28e+01 4.22e+02 5.36e+02  1.09e-01 1.83e-03      6s
  23  -1.90810447e+02 -1.20034432e+02  2.66e+00 1.69e+00  8.06e+00 *1.17e+00  1.29e+01 4.28e+02 5.40e+02  1.18e-01 2.26e-03      6s
  24  -1.91200470e+02 -1.20209598e+02  2.65e+00 1.69e+00  8.04e+00 *1.19e+00  1.31e+01 4.36e+02 5.44e+02  1.19e-01 2.36e-03      7s
  25  -1.91367252e+02 -1.20332571e+02  2.64e+00 1.68e+00  8.03e+00 *1.01e+01  1.32e+01 4.45e+02 5.49e+02  1.07e-01 1.71e-03      7s
  26  -1.91451884e+02 -1.20435468e+02  2.62e+00 1.68e+00  8.02e+00 *1.55e+01  1.34e+01 4.52e+02 5.53e+02  1.00e-01 1.46e-03      7s
  27  -1.91505524e+02 -1.20531287e+02  2.61e+00 1.68e+00  8.01e+00 *1.82e+01  1.34e+01 4.58e+02 5.56e+02  9.78e-02 1.37e-03      7s
  28  -1.91548347e+02 -1.20625575e+02  2.59e+00 1.68e+00  8.00e+00 *1.94e+01  1.35e+01 4.64e+02 5.59e+02  9.71e-02 1.34e-03      8s
  29  -1.91593995e+02 -1.20722686e+02  2.58e+00 1.68e+00  7.99e+00 *1.93e+01  1.36e+01 4.70e+02 5.62e+02  9.79e-02 1.38e-03      8s
  30  -1.91657721e+02 -1.20827535e+02  2.56e+00 1.67e+00  7.98e+00 *1.81e+01  1.36e+01 4.76e+02 5.66e+02  1.00e-01 1.47e-03      8s
  31  -1.91766400e+02 -1.20948886e+02  2.54e+00 1.67e+00  7.97e+00 *1.52e+01  1.37e+01 4.83e+02 5.69e+02  1.05e-01 1.66e-03      8s
  32  -1.91987659e+02 -1.21108255e+02  2.53e+00 1.67e+00  7.95e+00 *9.85e+00  1.38e+01 4.90e+02 5.73e+02  1.14e-01 2.12e-03      9s
  33  -1.92524604e+02 -1.21368056e+02  2.52e+00 1.66e+00  7.93e+00 *1.90e+00  1.39e+01 5.00e+02 5.78e+02  1.26e-01 3.31e-03      9s
  34  -1.92835999e+02 -1.21573155e+02  2.50e+00 1.66e+00  7.91e+00 *7.78e+00  1.41e+01 5.14e+02 5.85e+02  1.23e-01 2.64e-03      9s
  35  -1.92840522e+02 -1.21679929e+02  2.48e+00 1.65e+00  7.89e+00 *2.40e+01  1.43e+01 5.26e+02 5.91e+02  1.00e-01 1.46e-03      9s
  36  -1.92803920e+02 -1.21773551e+02  2.46e+00 1.65e+00  7.89e+00 *2.86e+01  1.44e+01 5.33e+02 5.95e+02  9.54e-02 1.30e-03     10s
  37  -1.92745933e+02 -1.21860862e+02  2.45e+00 1.65e+00  7.88e+00 *3.16e+01  1.44e+01 5.41e+02 5.98e+02  9.30e-02 1.22e-03     10s
  38  -1.92674027e+02 -1.21944549e+02  2.43e+00 1.65e+00  7.87e+00 *3.37e+01  1.44e+01 5.48e+02 6.01e+02  9.15e-02 1.17e-03     10s
  39  -1.92591606e+02 -1.22026275e+02  2.41e+00 1.65e+00  7.86e+00 *3.54e+01  1.44e+01 5.55e+02 6.04e+02  9.06e-02 1.15e-03     10s
  40  -1.92500918e+02 -1.22106641e+02  2.39e+00 1.64e+00  7.85e+00 *3.67e+01  1.45e+01 5.62e+02 6.07e+02  9.00e-02 1.13e-03     11s
  41  -1.92402965e+02 -1.22186420e+02  2.37e+00 1.64e+00  7.84e+00 *3.79e+01  1.45e+01 5.69e+02 6.10e+02  8.96e-02 1.12e-03     11s
  42  -1.92298551e+02 -1.22265977e+02  2.36e+00 1.64e+00  7.83e+00 *3.89e+01  1.45e+01 5.76e+02 6.13e+02  8.94e-02 1.12e-03     11s
  43  -1.92188265e+02 -1.22345548e+02  2.34e+00 1.64e+00  7.83e+00 *3.98e+01  1.45e+01 5.83e+02 6.16e+02  8.93e-02 1.11e-03     11s
  44  -1.92072266e+02 -1.22425502e+02  2.32e+00 1.64e+00  7.82e+00 *4.06e+01  1.45e+01 5.91e+02 6.19e+02  8.93e-02 1.12e-03     11s
  45  -1.91950891e+02 -1.22505947e+02  2.31e+00 1.64e+00  7.81e+00 *4.13e+01  1.45e+01 5.99e+02 6.22e+02  8.95e-02 1.12e-03     12s
  46  -1.91824014e+02 -1.22587225e+02  2.29e+00 1.63e+00  7.80e+00 *4.20e+01  1.45e+01 6.06e+02 6.25e+02  8.96e-02 1.13e-03     12s
  47  -1.91691916e+02 -1.22669349e+02  2.28e+00 1.63e+00  7.79e+00 *4.26e+01  1.45e+01 6.14e+02 6.28e+02  8.99e-02 1.13e-03     12s
  48  -1.91554309e+02 -1.22752659e+02  2.26e+00 1.63e+00  7.79e+00 *4.31e+01  1.46e+01 6.22e+02 6.31e+02  9.02e-02 1.15e-03     12s
  49  -1.91411386e+02 -1.22837165e+02  2.25e+00 1.63e+00  7.78e+00 *4.37e+01  1.46e+01 6.31e+02 6.34e+02  9.06e-02 1.16e-03     13s
  50  -1.91262746e+02 -1.22923221e+02  2.24e+00 1.63e+00  7.77e+00 *4.41e+01  1.46e+01 6.39e+02 6.37e+02  9.11e-02 1.18e-03     13s
  51  -1.91108532e+02 -1.23010849e+02  2.23e+00 1.62e+00  7.76e+00 *4.46e+01  1.46e+01 6.48e+02 6.40e+02  9.16e-02 1.19e-03     13s
  52  -1.90948268e+02 -1.23100429e+02  2.22e+00 1.62e+00  7.75e+00 *4.50e+01  1.46e+01 6.57e+02 6.44e+02  9.22e-02 1.21e-03     13s
  53  -1.90782081e+02 -1.23192007e+02  2.21e+00 1.62e+00  7.74e+00 *4.53e+01  1.46e+01 6.67e+02 6.47e+02  9.29e-02 1.23e-03     14s
  54  -1.90609274e+02 -1.23286104e+02  2.21e+00 1.62e+00  7.73e+00 *4.56e+01  1.46e+01 6.77e+02 6.50e+02  9.36e-02 1.26e-03     14s
  55  -1.90429985e+02 -1.23382809e+02  2.20e+00 1.62e+00  7.72e+00 *4.58e+01  1.46e+01 6.87e+02 6.54e+02  9.45e-02 1.29e-03     14s
  56  -1.90243863e+02 -1.23482531e+02  2.20e+00 1.61e+00  7.71e+00 *4.60e+01  1.46e+01 6.97e+02 6.57e+02  9.55e-02 1.32e-03     14s
  57  -1.90050197e+02 -1.23585939e+02  2.20e+00 1.61e+00  7.70e+00 *4.61e+01  1.46e+01 7.08e+02 6.61e+02  9.66e-02 1.36e-03     15s
  58  -1.89849288e+02 -1.23693268e+02  2.20e+00 1.61e+00  7.69e+00 *4.61e+01  1.46e+01 7.19e+02 6.64e+02  9.78e-02 1.41e-03     15s
  59  -1.89640177e+02 -1.23805593e+02  2.20e+00 1.61e+00  7.68e+00 *4.60e+01  1.47e+01 7.31e+02 6.68e+02  9.93e-02 1.46e-03     15s
  60  -1.89422884e+02 -1.23923731e+02  2.21e+00 1.60e+00  7.67e+00 *4.57e+01  1.47e+01 7.43e+02 6.72e+02  1.01e-01 1.53e-03     15s
  61  -1.89196915e+02 -1.24049205e+02  2.21e+00 1.60e+00  7.66e+00 *4.52e+01  1.47e+01 7.56e+02 6.76e+02  1.03e-01 1.61e-03     15s
  62  -1.88962378e+02 -1.24183968e+02  2.23e+00 1.60e+00  7.65e+00 *4.44e+01  1.47e+01 7.70e+02 6.80e+02  1.06e-01 1.71e-03     16s
  63  -1.88719400e+02 -1.24331380e+02  2.24e+00 1.60e+00  7.64e+00 *4.33e+01  1.47e+01 7.85e+02 6.85e+02  1.09e-01 1.86e-03     16s
  64  -1.88469166e+02 -1.24497218e+02  2.26e+00 1.59e+00  7.62e+00 *4.15e+01  1.47e+01 8.01e+02 6.90e+02  1.13e-01 2.06e-03     16s
  65  -1.88216096e+02 -1.24692801e+02  2.28e+00 1.59e+00  7.60e+00 *3.87e+01  1.47e+01 8.18e+02 6.95e+02  1.20e-01 2.40e-03     16s
  66  -1.87975805e+02 -1.24946657e+02  2.32e+00 1.58e+00  7.58e+00 *3.42e+01  1.48e+01 8.38e+02 7.01e+02  1.30e-01 3.05e-03     17s
  67  -1.87833664e+02 -1.25374423e+02  2.36e+00 1.58e+00  7.54e+00 *2.61e+01  1.48e+01 8.63e+02 7.08e+02  1.28e-01 4.99e-03     17s
  68  -1.93877539e+02 -1.31984649e+02  2.55e+00 1.46e+00  6.41e+00 *8.86e+00  1.49e+01 9.00e+02 7.20e+02  1.19e-01 7.33e-02     17s
  69  -2.11565749e+02 -1.31984649e+02  1.96e+00 1.46e+00  6.38e+00  9.05e+02  1.57e+01 1.46e+03 9.05e+02  3.19e-02 2.77e-03     17s
  70  -2.13636763e+02 -1.31984649e+02  2.09e+00 1.46e+00  6.38e+00  1.08e+03  1.58e+01 1.73e+03 1.08e+03  2.93e-02 2.69e-04     17s

The solution quality is limited by the precision of the linear system solver.

The algorithm stopped after 71 iterations in 17.44 seconds.

Primal variables:   [+77.532 +4.027 +63.788 +0.368]
Dual slacks:        [+0.029 +0.199 +0.012 +6.958]
Dual variables:     [-6.666 +9.764]

Primal objective:   -2.13636763e+02
Dual objective:     -1.31984649e+02

Primal residual:    2.09e+00
Dual residual:      1.46e+00
Complementraty:     6.38e+00

Number of Iter:     71
Run time:           17.44
