
--------------- Linear optimization problem characteristics ---------------
Seed:                    80
Number of variables:     4
Number of constraints:   2

Norm of primal sol:      1.21e+02
Norm of dual sol:        1.00e+01
Norm of dual slacks:     5.00e+00

Norm of vector b:        1.60e+01
Norm of vector c:        1.22e+01

Norm of matrix A:        1.00e+00
Condition number:        2.00e+00

----------------------- Linear optimization problem -----------------------
Coeff matrix A:          [[+0.313 +0.524 -0.413 +0.576]
                          [-0.242 +0.274 +0.254 -0.421]]

RHS vector b:            [+10.639 -11.950]
Obj vector c:            [+1.846 +9.500 -2.717 +6.975]

---------------------------- Optimal solution -----------------------------
Primal variables:         [+107.691 +0.000 +55.684 +0.000]
Dual slacks:              [+0.000 +3.599 +0.000 +3.471]
Dual variables:           [+9.106 +4.132]

Optimal objective:       +4.75118244e+01
===========================================================================

Method:                  II-QIPM
LO_Precision:            1.00e-01
Stop_Precision:          1.00e-03
LO_Verbosity:            2
Omega:                   1.00e+01

The Quantum Inexact Infeasible Interior-Point Method starts running ...


                  Objective                Residual                                Linear system           Step-length
Iter      Primal           Dual         Primal    Dual     Compl    ||Resl||  Cond-Num  ||M||   ||RHS||    a-star   a-hat      Time
   0   6.67371529e+01  0.00000000e+00  1.35e+01 5.15e+00  1.52e+02  1.58e+01  4.00e+00 1.00e+00 1.58e+01  7.86e-01 6.66e-01      0s
   1   6.28445316e+01  1.20554338e+02  8.76e+00 3.34e+00  6.69e+01  4.66e-02  2.18e+01 2.66e+00 3.01e+01  4.03e-01 3.51e-01      1s
   2   6.28703955e+01  1.28504203e+02  8.67e+00 3.30e+00  6.62e+01  4.22e-02  1.83e+02 2.87e+00 1.27e+01  1.36e-01 1.09e-02      3s
   3   6.28773341e+01  1.30660845e+02  8.64e+00 3.29e+00  6.60e+01  2.17e-02  2.08e+02 3.04e+00 1.25e+01  1.36e-01 2.83e-03      5s
   4   6.28891105e+01  1.32969201e+02  8.62e+00 3.28e+00  6.58e+01  1.28e-01  2.14e+02 3.09e+00 1.24e+01  1.42e-01 3.10e-03      7s
   5   6.29030671e+01  1.35393194e+02  8.59e+00 3.27e+00  6.56e+01  1.62e-01  2.22e+02 3.15e+00 1.24e+01  1.44e-01 3.27e-03      9s
   6   6.29108127e+01  1.37768704e+02  8.56e+00 3.26e+00  6.54e+01  3.95e-03  2.29e+02 3.21e+00 1.23e+01  1.39e-01 3.03e-03     11s
   7   6.29197010e+01  1.40251853e+02  8.53e+00 3.25e+00  6.52e+01  1.54e-02  2.36e+02 3.27e+00 1.23e+01  1.41e-01 3.16e-03     13s
   8   6.29707164e+01  1.43620898e+02  8.49e+00 3.23e+00  6.49e+01  6.26e-01  2.43e+02 3.33e+00 1.22e+01  1.75e-01 5.29e-03     15s
   9   6.52352896e+01  1.64981810e+02  7.79e+00 2.95e+00  5.85e+01  2.17e+00  2.53e+02 3.43e+00 1.21e+01  3.42e-01 8.84e-02     17s
  10   6.51930961e+01  1.69847689e+02  7.73e+00 2.93e+00  5.81e+01  2.16e-02  3.40e+02 4.71e+00 9.57e+00  1.68e-01 7.15e-03     22s
  11   6.51400480e+01  1.75915849e+02  7.66e+00 2.90e+00  5.76e+01  2.22e-02  3.51e+02 4.97e+00 9.38e+00  1.66e-01 9.32e-03     26s
  12   6.50584579e+01  1.84713929e+02  7.55e+00 2.86e+00  5.67e+01  6.61e-03  3.61e+02 5.34e+00 9.12e+00  1.64e-01 1.44e-02     30s
  13   6.48034185e+01  2.10079109e+02  7.19e+00 2.72e+00  5.27e+01  2.51e-02  3.73e+02 5.98e+00 8.73e+00  1.67e-01 4.77e-02     35s
  14   6.41501138e+01  2.38858917e+02  6.47e+00 2.45e+00  4.35e+01  4.98e-03  3.83e+02 8.94e+00 7.48e+00  1.84e-01 1.00e-01     39s
  15   6.39865600e+01  2.38375233e+02  6.37e+00 2.41e+00  4.29e+01  5.23e-03  3.58e+02 2.23e+01 7.89e+00  2.58e-01 1.48e-02     43s
  16   6.38332345e+01  2.37717415e+02  6.29e+00 2.38e+00  4.24e+01  6.87e-04  3.56e+02 2.44e+01 7.94e+00  2.70e-01 1.35e-02     47s
  17   6.36605891e+01  2.36815082e+02  6.19e+00 2.35e+00  4.18e+01  2.80e-03  3.55e+02 2.64e+01 8.00e+00  2.81e-01 1.48e-02     52s
  18   6.34662038e+01  2.35645692e+02  6.09e+00 2.31e+00  4.11e+01  1.32e-02  3.54e+02 2.87e+01 8.09e+00  2.92e-01 1.62e-02     56s
  19   6.32467754e+01  2.34163996e+02  5.98e+00 2.27e+00  4.04e+01  1.97e-02  3.52e+02 3.14e+01 8.21e+00  3.04e-01 1.79e-02     60s
  20   6.29977174e+01  2.32305109e+02  5.86e+00 2.22e+00  3.97e+01  1.96e-02  3.51e+02 3.45e+01 8.38e+00  3.18e-01 2.00e-02     64s
  21   6.27139665e+01  2.30000209e+02  5.73e+00 2.17e+00  3.88e+01  1.78e-02  3.50e+02 3.82e+01 8.60e+00  3.34e-01 2.25e-02     68s
  22   6.23893705e+01  2.27173571e+02  5.59e+00 2.12e+00  3.79e+01  1.92e-02  3.49e+02 4.26e+01 8.88e+00  3.52e-01 2.56e-02     73s
  23   6.20178532e+01  2.23749448e+02  5.42e+00 2.05e+00  3.68e+01  2.66e-02  3.48e+02 4.79e+01 9.25e+00  3.71e-01 2.91e-02     82s
  24   6.15912670e+01  2.19624887e+02  5.24e+00 1.99e+00  3.57e+01  3.93e-02  3.47e+02 5.45e+01 9.73e+00  3.91e-01 3.34e-02     91s
  25   6.10964797e+01  2.14603483e+02  5.03e+00 1.91e+00  3.43e+01  4.06e-02  3.47e+02 6.26e+01 1.04e+01  4.16e-01 3.92e-02     99s
  26   6.05089371e+01  2.08308946e+02  4.79e+00 1.82e+00  3.28e+01  8.80e-03  3.46e+02 7.29e+01 1.11e+01  4.48e-01 4.78e-02    104s
  27   5.98198587e+01  2.00656834e+02  4.51e+00 1.71e+00  3.10e+01  2.23e-02  3.45e+02 8.67e+01 1.21e+01  4.81e-01 5.77e-02    108s
  28   5.90062753e+01  1.91290372e+02  4.19e+00 1.59e+00  2.89e+01  3.89e-02  3.45e+02 1.05e+02 1.34e+01  5.14e-01 7.12e-02    112s
  29   5.80226403e+01  1.79522658e+02  3.80e+00 1.44e+00  2.63e+01  3.13e-02  3.44e+02 1.31e+02 1.52e+01  5.55e-01 9.18e-02    117s
  30   5.67994426e+01  1.64403813e+02  3.33e+00 1.26e+00  2.32e+01  4.68e-04  3.44e+02 1.70e+02 1.75e+01  6.07e-01 1.24e-01    121s
  31   5.52784751e+01  1.44949002e+02  2.74e+00 1.04e+00  1.93e+01  1.04e-03  3.44e+02 2.34e+02 2.08e+01  6.68e-01 1.76e-01    125s
The problem is infeasible.

The algorithm stopped after 32 iterations in 128.77 seconds.

Primal variables:   [+84.709 +0.163 +43.909 +2.108]
Dual slacks:        [+0.038 +13.928 +0.041 +3.346]
Dual variables:     [-2.169 -11.935]

Primal objective:   5.33291454e+01 
Dual objective:     1.19552372e+02 

Primal residual:    2.01e+00
Dual residual:      7.61e-01
Complementraty:     1.43e+01

Number of Iter:     32
Run time:           128.77
