
--------------- Linear optimization problem characteristics ---------------
Seed:                    11
Number of variables:     4
Number of constraints:   2

Norm of primal sol:      7.76e+01
Norm of dual sol:        1.00e+01
Norm of dual slacks:     5.00e+00

Norm of vector b:        3.20e+01
Norm of vector c:        7.66e+00

Norm of matrix A:        1.00e+00
Condition number:        2.00e+00

----------------------- Linear optimization problem -----------------------
Coeff matrix A:          [[+0.474 -0.596 +0.566 +0.309]
                          [+0.020 +0.381 +0.112 +0.310]]

RHS vector b:            [+31.648 +4.735]
Obj vector c:            [-4.703 +5.173 -3.077 +0.620]

---------------------------- Optimal solution -----------------------------
Primal variables:         [+77.172 +8.337 +0.000 +0.000]
Dual slacks:              [+0.000 +0.000 +2.692 +4.213]
Dual variables:           [-9.837 -1.797]

Optimal objective:       -3.19834934e+02
===========================================================================

Method:                  II-QIPM
LO_Precision:            1.00e-01
Stop_Precision:          1.00e-03
LO_Verbosity:            2
Omega:                   1.00e+01

The Quantum Inexact Infeasible Interior-Point Method starts running ...


                  Objective                Residual                                Linear system           Step-length
Iter      Primal           Dual         Primal    Dual     Compl    ||Resl||  Cond-Num  ||M||   ||RHS||    a-star   a-hat      Time
   0  -5.54523688e+01  0.00000000e+00  1.99e+01 9.24e+00  1.48e+02  1.67e+01  4.00e+00 1.00e+00 1.67e+01  6.80e-01 5.86e-01      0s
   1  -5.97337146e+01 -2.63366177e+00  1.95e+01 9.05e+00  1.45e+02 *1.07e-01  1.12e+01 4.50e+00 1.65e+01  3.07e-01 2.12e-02      0s
   2  -6.26488025e+01 -4.60833022e+00  1.92e+01 8.92e+00  1.43e+02 *5.16e-02  1.21e+01 4.84e+00 1.96e+01  3.09e-01 1.44e-02      1s
   3  -6.55883673e+01 -6.71584485e+00  1.89e+01 8.79e+00  1.41e+02 *9.32e-02  1.28e+01 5.09e+00 2.19e+01  3.11e-01 1.46e-02      1s
   4  -6.85642566e+01 -8.96610614e+00  1.86e+01 8.66e+00  1.39e+02 *2.91e-01  1.35e+01 5.35e+00 2.43e+01  3.14e-01 1.49e-02      1s
   5  -7.15852220e+01 -1.13512118e+01  1.83e+01 8.53e+00  1.37e+02 *1.59e-01  1.42e+01 5.63e+00 2.68e+01  3.16e-01 1.50e-02      1s
   6  -7.46586316e+01 -1.38728772e+01  1.81e+01 8.40e+00  1.35e+02 *1.84e-04  1.50e+01 5.94e+00 2.95e+01  3.18e-01 1.52e-02      2s
   7  -7.67276268e+01 -1.38728772e+01  1.78e+01 8.36e+00  1.35e+02  3.24e+01  1.58e+01 6.26e+00 3.24e+01  1.83e-01 4.61e-03      2s
   8  -7.99077284e+01 -1.66677784e+01  1.75e+01 8.23e+00  1.33e+02 *4.90e-02  1.63e+01 6.47e+00 3.45e+01  3.24e-01 1.59e-02      2s
   9  -8.31627710e+01 -1.96203340e+01  1.73e+01 8.09e+00  1.31e+02 *3.92e-02  1.73e+01 6.84e+00 3.77e+01  3.28e-01 1.63e-02      3s
  10  -8.65027618e+01 -2.27396347e+01  1.70e+01 7.96e+00  1.29e+02 *3.92e-02  1.83e+01 7.25e+00 4.11e+01  3.32e-01 1.67e-02      3s
  11  -8.99422227e+01 -2.60396734e+01  1.67e+01 7.82e+00  1.27e+02 *4.42e-02  1.94e+01 7.69e+00 4.48e+01  3.37e-01 1.73e-02      4s
  12  -9.34918355e+01 -2.95306374e+01  1.64e+01 7.68e+00  1.25e+02 *2.97e-02  2.06e+01 8.17e+00 4.88e+01  3.42e-01 1.79e-02      4s
  13  -9.71663628e+01 -3.32275964e+01  1.61e+01 7.54e+00  1.23e+02 *3.22e-04  2.20e+01 8.71e+00 5.31e+01  3.48e-01 1.86e-02      4s
  14  -1.00989122e+02 -3.71594069e+01  1.58e+01 7.39e+00  1.20e+02 *3.93e-02  2.35e+01 9.30e+00 5.78e+01  3.55e-01 1.95e-02      5s
  15  -1.04975916e+02 -4.13417195e+01  1.54e+01 7.24e+00  1.18e+02 *6.86e-03  2.51e+01 9.96e+00 6.29e+01  3.62e-01 2.05e-02      5s
  16  -1.09150343e+02 -4.58040816e+01  1.51e+01 7.08e+00  1.16e+02 *4.78e-04  2.70e+01 1.07e+01 6.85e+01  3.70e-01 2.16e-02      6s
  17  -1.13544998e+02 -5.05861489e+01  1.48e+01 6.92e+00  1.13e+02 *6.21e-04  2.90e+01 1.15e+01 7.47e+01  3.79e-01 2.30e-02      6s
  18  -1.15377055e+02 -5.05861489e+01  1.46e+01 6.90e+00  1.13e+02  8.16e+01  3.14e+01 1.25e+01 8.16e+01  1.25e-01 1.99e-03      7s
  19  -1.20108218e+02 -5.58983211e+01  1.42e+01 6.73e+00  1.11e+02 *7.18e-04  3.22e+01 1.28e+01 8.45e+01  3.93e-01 2.52e-02      8s
  20  -1.25139548e+02 -6.16353001e+01  1.38e+01 6.55e+00  1.08e+02 *4.59e-06  3.49e+01 1.40e+01 9.25e+01  4.05e-01 2.72e-02      9s
  21  -1.30524009e+02 -6.78659785e+01  1.34e+01 6.35e+00  1.05e+02 *9.57e-04  3.82e+01 1.53e+01 1.01e+02  4.18e-01 2.96e-02     10s
  22  -1.36327443e+02 -7.46772309e+01  1.30e+01 6.15e+00  1.02e+02 *4.07e-05  4.19e+01 1.69e+01 1.12e+02  4.33e-01 3.25e-02     11s
  23  -1.42615116e+02 -8.21582134e+01  1.25e+01 5.92e+00  9.84e+01 *8.29e-03  4.64e+01 1.88e+01 1.23e+02  4.50e-01 3.60e-02     13s
  24  -1.49492881e+02 -9.04510748e+01  1.20e+01 5.68e+00  9.48e+01 *1.61e-02  5.16e+01 2.11e+01 1.36e+02  4.70e-01 4.05e-02     14s
  25  -1.57086761e+02 -9.97293647e+01  1.14e+01 5.42e+00  9.08e+01 *1.30e-03  5.80e+01 2.38e+01 1.52e+02  4.92e-01 4.62e-02     15s
  26  -1.65571563e+02 -1.10232935e+02  1.08e+01 5.13e+00  8.63e+01 *2.42e-03  6.57e+01 2.73e+01 1.70e+02  5.18e-01 5.36e-02     18s
  27  -1.75177832e+02 -1.22284019e+02  1.01e+01 4.81e+00  8.13e+01 *3.08e-03  7.53e+01 3.19e+01 1.92e+02  5.48e-01 6.36e-02     20s
  28  -1.86233833e+02 -1.36346442e+02  9.35e+00 4.43e+00  7.55e+01 *4.90e-03  8.74e+01 3.78e+01 2.18e+02  5.84e-01 7.75e-02     21s
  29  -1.99253991e+02 -1.53151982e+02  8.43e+00 4.00e+00  6.86e+01 *2.98e-04  1.03e+02 4.61e+01 2.50e+02  6.27e-01 9.83e-02     22s
  30  -2.15065470e+02 -1.73904297e+02  7.32e+00 3.47e+00  6.02e+01 *2.54e-02  1.23e+02 5.83e+01 2.90e+02  6.80e-01 1.31e-01     24s
  31  -2.35130319e+02 -2.00744557e+02  5.92e+00 2.81e+00  4.94e+01 *4.96e-04  1.51e+02 7.79e+01 3.42e+02  7.48e-01 1.91e-01     26s
  32  -2.62522512e+02 -2.38296011e+02  4.01e+00 1.90e+00  3.42e+01 *5.40e-03  1.90e+02 1.15e+02 4.14e+02  8.38e-01 3.23e-01     28s
  33  -3.06817641e+02 -3.00808675e+02  9.27e-01 4.28e-01  7.98e+00 *1.22e-01  2.43e+02 2.09e+02 5.19e+02  9.54e-01 7.75e-01     32s
  34  -3.19583877e+02 -3.20211567e+02  7.51e-03 1.32e-15  6.39e-01 *7.51e-03  2.71e+02 1.25e+03 7.11e+02  1.00e+00 1.00e+00     41s
  35  -3.19796760e+02 -3.19867718e+02  1.81e-02 1.07e-15  6.55e-02  1.81e-02  1.52e+02 8.17e+03 2.88e+01  1.00e+00 1.00e+00     43s

The algorithm stopped after 36 iterations in 43.41 seconds.

Primal variables:   [+77.107 +8.289 +0.006 +0.004]
Dual slacks:        [+0.000 +0.002 +2.693 +4.215]
Dual variables:     [-9.837 -1.802]

Primal objective:   -3.19796760e+02
Dual objective:     -3.19867718e+02

Primal residual:    1.81e-02
Dual residual:      1.07e-15
Complementraty:     6.55e-02

Number of Iter:     36
Run time:           43.41
