
--------------- Linear optimization problem characteristics ---------------
Seed:                    87
Number of variables:     4
Number of constraints:   2

Norm of primal sol:      9.07e+01
Norm of dual sol:        1.00e+01
Norm of dual slacks:     5.00e+00

Norm of vector b:        3.20e+01
Norm of vector c:        2.94e+00

Norm of matrix A:        1.00e+00
Condition number:        2.00e+00

----------------------- Linear optimization problem -----------------------
Coeff matrix A:          [[+0.420 -0.035 -0.355 -0.488]
                          [-0.026 -0.597 -0.402 -0.436]]

RHS vector b:            [-5.324 -31.554]
Obj vector c:            [-2.626 +0.295 -1.253 -0.248]

---------------------------- Optimal solution -----------------------------
Primal variables:         [+50.785 +0.000 +75.131 +0.000]
Dual slacks:              [+0.000 +4.974 +0.000 +0.510]
Dual variables:           [-5.753 +8.180]

Optimal objective:       -2.27479949e+02
===========================================================================

Method:                  II-QIPM
LO_Precision:            1.00e-01
Stop_Precision:          1.00e-03
LO_Verbosity:            2
Omega:                   1.00e+01

The Quantum Inexact Infeasible Interior-Point Method starts running ...


                  Objective                Residual                                Linear system           Step-length
Iter      Primal           Dual         Primal    Dual     Compl    ||Resl||  Cond-Num  ||M||   ||RHS||    a-star   a-hat      Time
   0  -4.72457681e+01  0.00000000e+00  1.56e+01 6.23e+00  9.51e+01  1.50e+01  4.00e+00 1.00e+00 1.50e+01  7.92e-01 7.17e-01      0s
   1  -4.98918498e+01  2.32992937e+00  1.51e+01 6.05e+00  9.25e+01 *1.56e-02  2.95e+00 5.30e+00 1.63e+01  3.46e-01 2.81e-02      0s
   2  -5.27282336e+01  3.96771585e+00  1.47e+01 5.88e+00  8.99e+01 *7.18e-03  2.96e+00 5.89e+00 1.67e+01  3.52e-01 2.90e-02      0s
   3  -5.58067849e+01  4.95533976e+00  1.42e+01 5.70e+00  8.73e+01 *1.24e-02  2.98e+00 6.57e+00 1.75e+01  3.58e-01 3.01e-02      1s
   4  -5.69773750e+01  4.95533976e+00  1.42e+01 5.66e+00  8.67e+01  1.86e+01  3.02e+00 7.37e+00 1.86e+01  2.23e-01 7.20e-03      1s
   5  -5.81381543e+01  4.95533976e+00  1.41e+01 5.62e+00  8.61e+01  1.99e+01  3.01e+00 7.59e+00 1.99e+01  2.17e-01 6.77e-03      1s
   6  -6.19797116e+01  5.01666020e+00  1.36e+01 5.42e+00  8.32e+01 *1.60e-03  3.00e+00 7.81e+00 2.12e+01  3.77e-01 3.55e-02      1s
   7  -6.31471281e+01  5.01666020e+00  1.36e+01 5.39e+00  8.27e+01  2.34e+01  3.08e+00 8.95e+00 2.34e+01  1.99e-01 5.61e-03      1s
   8  -6.43043205e+01  5.01666020e+00  1.35e+01 5.36e+00  8.23e+01  2.49e+01  3.08e+00 9.20e+00 2.49e+01  1.95e-01 5.31e-03      1s
   9  -6.54563176e+01  5.01666020e+00  1.35e+01 5.33e+00  8.19e+01  2.64e+01  3.08e+00 9.46e+00 2.64e+01  1.90e-01 5.04e-03      1s
  10  -6.66036322e+01  5.01666020e+00  1.35e+01 5.31e+00  8.16e+01  2.80e+01  3.08e+00 9.73e+00 2.80e+01  1.86e-01 4.80e-03      1s
  11  -6.77468099e+01  5.01666020e+00  1.34e+01 5.28e+00  8.12e+01  2.97e+01  3.09e+00 1.00e+01 2.97e+01  1.82e-01 4.58e-03      1s
  12  -6.88852883e+01  5.01666020e+00  1.34e+01 5.26e+00  8.09e+01  3.14e+01  3.10e+00 1.03e+01 3.14e+01  1.78e-01 4.37e-03      1s
  13  -7.00207928e+01  5.01666020e+00  1.34e+01 5.24e+00  8.06e+01  3.31e+01  3.11e+00 1.06e+01 3.31e+01  1.75e-01 4.18e-03      1s
  14  -7.11516939e+01  5.01666020e+00  1.33e+01 5.22e+00  8.03e+01  3.49e+01  3.12e+00 1.08e+01 3.49e+01  1.71e-01 4.00e-03      2s
  15  -7.22797485e+01  5.01666020e+00  1.33e+01 5.20e+00  8.00e+01  3.67e+01  3.14e+00 1.11e+01 3.67e+01  1.68e-01 3.83e-03      2s
  16  -7.34056278e+01  5.01666020e+00  1.33e+01 5.18e+00  7.98e+01  3.86e+01  3.16e+00 1.14e+01 3.86e+01  1.65e-01 3.68e-03      2s
  17  -7.45266590e+01  5.01666020e+00  1.33e+01 5.16e+00  7.95e+01  4.05e+01  3.18e+00 1.17e+01 4.05e+01  1.62e-01 3.52e-03      2s
  18  -7.56457519e+01  5.01666020e+00  1.33e+01 5.14e+00  7.93e+01  4.25e+01  3.20e+00 1.20e+01 4.25e+01  1.59e-01 3.39e-03      2s
  19  -7.67613989e+01  5.01666020e+00  1.32e+01 5.13e+00  7.90e+01  4.45e+01  3.23e+00 1.24e+01 4.45e+01  1.56e-01 3.25e-03      2s
  20  -7.78743165e+01  5.01666020e+00  1.32e+01 5.11e+00  7.88e+01  4.65e+01  3.26e+00 1.27e+01 4.65e+01  1.53e-01 3.13e-03      2s
  21  -7.89841317e+01  5.01666020e+00  1.32e+01 5.10e+00  7.86e+01  4.86e+01  3.29e+00 1.30e+01 4.86e+01  1.51e-01 3.01e-03      2s
  22  -8.00915874e+01  5.01666020e+00  1.32e+01 5.08e+00  7.84e+01  5.07e+01  3.32e+00 1.34e+01 5.07e+01  1.48e-01 2.90e-03      2s
  23  -8.11974472e+01  5.01666020e+00  1.32e+01 5.07e+00  7.82e+01  5.29e+01  3.35e+00 1.37e+01 5.29e+01  1.45e-01 2.80e-03      2s
  24  -8.23002861e+01  5.01666020e+00  1.32e+01 5.05e+00  7.80e+01  5.51e+01  3.39e+00 1.40e+01 5.51e+01  1.43e-01 2.70e-03      2s
  25  -8.34008767e+01  5.01666020e+00  1.32e+01 5.04e+00  7.78e+01  5.74e+01  3.42e+00 1.44e+01 5.74e+01  1.41e-01 2.60e-03      3s
  26  -8.45000099e+01  5.01666020e+00  1.32e+01 5.03e+00  7.76e+01  5.96e+01  3.46e+00 1.48e+01 5.96e+01  1.39e-01 2.52e-03      3s
  27  -8.55962999e+01  5.01666020e+00  1.32e+01 5.01e+00  7.74e+01  6.20e+01  3.50e+00 1.51e+01 6.20e+01  1.36e-01 2.43e-03      3s
  28  -8.66905450e+01  5.01666020e+00  1.32e+01 5.00e+00  7.73e+01  6.43e+01  3.55e+00 1.55e+01 6.43e+01  1.34e-01 2.35e-03      3s
  29  -8.77835607e+01  5.01666020e+00  1.33e+01 4.99e+00  7.71e+01  6.67e+01  3.59e+00 1.59e+01 6.67e+01  1.32e-01 2.28e-03      3s
  30  -8.88750875e+01  5.01666020e+00  1.33e+01 4.98e+00  7.69e+01  6.92e+01  3.63e+00 1.63e+01 6.92e+01  1.30e-01 2.20e-03      3s
  31  -8.99637806e+01  5.01666020e+00  1.33e+01 4.97e+00  7.68e+01  7.17e+01  3.68e+00 1.67e+01 7.17e+01  1.28e-01 2.13e-03      3s
  32  -9.10515523e+01  5.01666020e+00  1.33e+01 4.96e+00  7.67e+01  7.42e+01  3.73e+00 1.71e+01 7.42e+01  1.26e-01 2.07e-03      3s
  33  -9.21370828e+01  5.01666020e+00  1.33e+01 4.95e+00  7.65e+01  7.68e+01  3.78e+00 1.75e+01 7.68e+01  1.25e-01 2.00e-03      3s
  34  -9.32212145e+01  5.01666020e+00  1.33e+01 4.94e+00  7.64e+01  7.94e+01  3.83e+00 1.79e+01 7.94e+01  1.23e-01 1.94e-03      3s
  35  -9.43037216e+01  5.01666020e+00  1.34e+01 4.93e+00  7.62e+01  8.20e+01  3.88e+00 1.83e+01 8.20e+01  1.21e-01 1.89e-03      4s
  36  -9.53854638e+01  5.01666020e+00  1.34e+01 4.92e+00  7.61e+01  8.47e+01  3.93e+00 1.87e+01 8.47e+01  1.19e-01 1.83e-03      4s
  37  -9.64651540e+01  5.01666020e+00  1.34e+01 4.91e+00  7.60e+01  8.74e+01  3.99e+00 1.92e+01 8.74e+01  1.18e-01 1.78e-03      4s
  38  -1.28463949e+02 -1.81036381e+01  9.42e+00 3.47e+00  4.41e+01 *2.40e-01  4.04e+00 1.96e+01 9.02e+01  3.67e-01 2.93e-01      4s
  39  -1.33512630e+02 -2.48121294e+01  8.98e+00 3.34e+00  4.25e+01 *2.35e+00  4.14e+00 6.48e+01 1.30e+02  3.68e-01 3.81e-02      4s
  40  -1.37379585e+02 -3.02499511e+01  8.62e+00 3.24e+00  4.12e+01 *2.88e+00  4.19e+00 7.30e+01 1.36e+02  3.88e-01 3.10e-02      4s
  41  -1.41570046e+02 -3.64658496e+01  8.21e+00 3.12e+00  3.98e+01 *3.01e+00  4.23e+00 8.01e+01 1.42e+02  4.08e-01 3.56e-02      4s
  42  -1.46243742e+02 -4.38714905e+01  7.76e+00 2.99e+00  3.82e+01 *2.73e+00  4.28e+00 8.87e+01 1.49e+02  4.36e-01 4.29e-02      4s
  43  -1.51790315e+02 -5.33195592e+01  7.24e+00 2.82e+00  3.62e+01 *1.76e+00  4.35e+00 9.98e+01 1.57e+02  4.75e-01 5.58e-02      4s
  44  -1.59082846e+02 -6.64343447e+01  6.67e+00 2.60e+00  3.34e+01 *5.89e-02  4.44e+00 1.15e+02 1.69e+02  5.29e-01 8.00e-02      5s
  45  -1.69105350e+02 -8.47845419e+01  6.02e+00 2.29e+00  2.95e+01 *1.80e+00  4.57e+00 1.40e+02 1.89e+02  5.93e-01 1.19e-01      5s
  46  -1.79588526e+02 -1.06009828e+02  5.17e+00 1.94e+00  2.51e+01 *8.12e-01  4.74e+00 1.82e+02 2.20e+02  6.50e-01 1.53e-01      5s
  47  -1.91437283e+02 -1.31864949e+02  4.12e+00 1.52e+00  1.98e+01 *6.12e-01  5.03e+00 2.51e+02 2.64e+02  7.16e-01 2.16e-01      5s
  48  -2.39109015e+02 -1.61054747e+02  7.13e+00 1.04e+00  1.33e+01  1.77e+01  5.48e+00 3.79e+02 3.29e+02  5.49e-01 3.17e-01      5s
  49  -2.32857406e+02 -2.09259961e+02  3.26e+00 2.89e-01  4.09e+00 *1.78e+00  4.37e+00 8.11e+02 4.89e+02  8.67e-01 7.21e-01      5s
  50  -2.36072912e+02 -2.09259961e+02  2.92e+00 2.89e-01  4.08e+00  5.62e+02  7.41e+00 2.92e+03 5.62e+02  5.09e-02 1.00e-03      5s
  51  -2.37142311e+02 -2.09259961e+02  2.83e+00 2.88e-01  4.08e+00  5.86e+02  7.50e+00 3.03e+03 5.86e+02  5.00e-02 3.23e-04      5s

The solution quality is limited by the precision of the linear system solver.

The algorithm stopped after 52 iterations in 5.46 seconds.

Primal variables:   [+56.773 +0.214 +69.671 +3.379]
Dual slacks:        [+0.014 +4.735 +0.007 +0.526]
Dual variables:     [-5.430 +7.548]

Primal objective:   -2.37142311e+02
Dual objective:     -2.09259961e+02

Primal residual:    2.83e+00
Dual residual:      2.88e-01
Complementraty:     4.08e+00

Number of Iter:     52
Run time:           5.46
