
--------------- Linear optimization problem characteristics ---------------
Seed:                    40
Number of variables:     4
Number of constraints:   2

Norm of primal sol:      7.24e+01
Norm of dual sol:        1.00e+01
Norm of dual slacks:     5.00e+00

Norm of vector b:        3.20e+01
Norm of vector c:        6.10e+00

Norm of matrix A:        1.00e+00
Condition number:        2.00e+00

----------------------- Linear optimization problem -----------------------
Coeff matrix A:          [[+0.606 -0.589 +0.004 +0.040]
                          [+0.505 -0.127 -0.326 -0.397]]

RHS vector b:            [+1.227 -31.976]
Obj vector c:            [-1.427 +3.354 +3.149 +3.749]

---------------------------- Optimal solution -----------------------------
Primal variables:         [+0.000 +0.000 +67.995 +24.774]
Dual slacks:              [+4.955 +0.673 +0.000 +0.000]
Dual variables:           [-2.455 -9.694]

Optimal objective:       +3.06971905e+02
===========================================================================

Method:                  II-QIPM
LO_Precision:            1.00e-01
Stop_Precision:          1.00e-03
LO_Verbosity:            2
Omega:                   1.00e+01

The Quantum Inexact Infeasible Interior-Point Method starts running ...


                  Objective                Residual                                Linear system           Step-length
Iter      Primal           Dual         Primal    Dual     Compl    ||Resl||  Cond-Num  ||M||   ||RHS||    a-star   a-hat      Time
   0   1.23151334e+02  5.50358226e+02  2.31e+01 1.30e+01  2.34e+02 *1.95e-14  4.00e+00 1.00e+00 3.19e+01  2.33e-01 1.92e-01      0s
   1   1.27877625e+02  5.51924795e+02  2.25e+01 1.27e+01  2.29e+02 *1.03e-02  4.83e+00 2.14e+00 5.74e+00  3.07e-01 2.30e-02      0s
   2   1.31195662e+02  5.52347967e+02  2.22e+01 1.25e+01  2.25e+02 *1.64e-01  5.31e+00 2.38e+00 3.50e+00  3.19e-01 1.64e-02      1s
   3   1.34741235e+02  5.52308365e+02  2.18e+01 1.23e+01  2.22e+02 *3.91e-02  5.66e+00 2.57e+00 2.60e+00  3.32e-01 1.79e-02      1s
   4   1.38523193e+02  5.51769688e+02  2.13e+01 1.21e+01  2.18e+02 *1.85e-02  6.06e+00 2.78e+00 3.15e+00  3.44e-01 1.94e-02      1s
   5   1.42518081e+02  5.50677485e+02  2.09e+01 1.18e+01  2.13e+02 *3.42e-01  6.51e+00 3.02e+00 4.96e+00  3.56e-01 2.11e-02      1s
   6   1.45668883e+02  5.50677485e+02  2.05e+01 1.17e+01  2.11e+02  7.38e+00  7.01e+00 3.30e+00 7.38e+00  2.86e-01 1.25e-02      1s
   7   1.48799762e+02  5.50677485e+02  2.02e+01 1.15e+01  2.09e+02  9.55e+00  7.44e+00 3.52e+00 9.55e+00  2.76e-01 1.16e-02      1s
   8   1.51915365e+02  5.50677485e+02  1.99e+01 1.14e+01  2.07e+02  1.18e+01  7.89e+00 3.76e+00 1.18e+01  2.68e-01 1.08e-02      1s
   9   1.56930775e+02  5.47475061e+02  1.93e+01 1.11e+01  2.01e+02 *1.97e-01  8.34e+00 4.00e+00 1.41e+01  4.04e-01 2.82e-02      2s
  10   1.62386115e+02  5.43422866e+02  1.87e+01 1.07e+01  1.95e+02 *6.97e-02  9.12e+00 4.44e+00 1.79e+01  4.22e-01 3.16e-02      2s
  11   1.68328110e+02  5.38407392e+02  1.80e+01 1.04e+01  1.89e+02 *1.02e-02  1.00e+01 4.96e+00 2.21e+01  4.43e-01 3.55e-02      2s
  12   1.74781190e+02  5.32323941e+02  1.73e+01 9.94e+00  1.82e+02 *5.29e-02  1.11e+01 5.59e+00 2.69e+01  4.65e-01 4.01e-02      2s
  13   1.81687365e+02  5.25136270e+02  1.65e+01 9.50e+00  1.75e+02 *3.65e-01  1.24e+01 6.36e+00 3.25e+01  4.88e-01 4.48e-02      2s
  14   1.89380170e+02  5.16464067e+02  1.57e+01 9.00e+00  1.66e+02 *1.31e-01  1.38e+01 7.30e+00 3.87e+01  5.18e-01 5.23e-02      3s
  15   1.92385452e+02  5.16464067e+02  1.53e+01 8.95e+00  1.65e+02  4.60e+01  1.57e+01 8.48e+00 4.60e+01  1.95e-01 5.29e-03      3s
  16   2.01196155e+02  5.05307569e+02  1.43e+01 8.37e+00  1.56e+02 *1.40e-01  1.64e+01 8.88e+00 4.91e+01  5.62e-01 6.49e-02      3s
  17   2.11048219e+02  4.92017626e+02  1.32e+01 7.72e+00  1.45e+02 *2.38e-02  1.88e+01 1.05e+01 5.80e+01  6.02e-01 7.79e-02      4s
  18   2.21996756e+02  4.76334700e+02  1.20e+01 6.99e+00  1.32e+02 *3.58e-04  2.19e+01 1.27e+01 6.85e+01  6.47e-01 9.46e-02      4s
  19   2.34106472e+02  4.57964564e+02  1.06e+01 6.17e+00  1.18e+02 *1.18e-03  2.60e+01 1.58e+01 8.06e+01  6.98e-01 1.17e-01      4s
  20   2.37125562e+02  4.57964564e+02  1.03e+01 6.15e+00  1.18e+02  9.47e+01  3.15e+01 2.01e+01 9.47e+01  1.51e-01 3.09e-03      5s
  21   2.50616084e+02  4.35387213e+02  8.67e+00 5.20e+00  1.01e+02 *5.44e-02  3.26e+01 2.08e+01 9.88e+01  7.72e-01 1.55e-01      5s
  22   2.65051790e+02  4.09757722e+02  6.93e+00 4.16e+00  8.33e+01 *1.04e-02  4.09e+01 2.78e+01 1.15e+02  8.44e-01 2.01e-01      6s
  23   2.78995781e+02  3.82945513e+02  5.16e+00 3.09e+00  6.45e+01 *1.80e-01  5.34e+01 3.89e+01 1.33e+02  9.20e-01 2.56e-01      6s
  24   2.92273342e+02  3.55060874e+02  3.34e+00 2.00e+00  4.48e+01 *9.31e-03  7.38e+01 5.73e+01 1.48e+02  1.00e+00 3.53e-01      7s
  25   3.02108416e+02  3.30436642e+02  1.74e+00 1.04e+00  2.66e+01 *7.72e-02  1.13e+02 9.32e+01 1.58e+02  1.00e+00 4.79e-01      8s
  26   3.08570310e+02  3.08296319e+02  2.34e-01 1.39e-01  7.39e+00 *1.47e-02  2.04e+02 1.73e+02 1.53e+02  1.00e+00 8.67e-01     10s
  27   3.08232200e+02  3.07685801e+02  8.03e-02 4.76e-02  3.00e+00 *1.71e-05  6.08e+02 6.76e+02 6.73e+01  8.78e-01 6.57e-01     26s
  28   3.08179727e+02  3.07662742e+02  7.36e-02 4.36e-02  2.77e+00 *2.63e-03  5.40e+02 1.34e+03 3.88e+01  6.32e-01 8.40e-02     35s
  29   3.08123340e+02  3.07635080e+02  6.75e-02 4.00e-02  2.56e+00 *2.97e-03  5.15e+02 1.41e+03 3.71e+01  6.35e-01 8.41e-02     45s
  30   3.08049891e+02  3.07599881e+02  6.19e-02 3.63e-02  2.35e+00 *3.03e-02  4.93e+02 1.49e+03 3.56e+01  6.51e-01 9.09e-02     49s
  31   3.07971980e+02  3.07559296e+02  5.66e-02 3.28e-02  2.14e+00 *2.70e-02  4.73e+02 1.58e+03 3.43e+01  6.64e-01 9.67e-02     53s
  32   3.07885325e+02  3.07511904e+02  5.14e-02 2.93e-02  1.94e+00 *2.90e-02  4.56e+02 1.70e+03 3.32e+01  6.84e-01 1.07e-01     57s
  33   3.07804902e+02  3.07459942e+02  4.54e-02 2.59e-02  1.73e+00 *3.69e-05  4.43e+02 1.85e+03 3.24e+01  7.01e-01 1.16e-01     60s
  34   3.07706416e+02  3.07397464e+02  3.95e-02 2.23e-02  1.51e+00 *9.88e-03  4.37e+02 2.04e+03 3.20e+01  7.40e-01 1.40e-01     64s
  35   3.07599469e+02  3.07325054e+02  3.27e-02 1.84e-02  1.28e+00 *3.36e-04  4.41e+02 2.32e+03 3.20e+01  7.82e-01 1.71e-01     68s
  36   3.07473775e+02  3.07238862e+02  2.52e-02 1.42e-02  1.02e+00 *1.35e-03  4.62e+02 2.77e+03 3.26e+01  8.41e-01 2.28e-01     72s
  37   3.07318188e+02  3.07134875e+02  1.67e-02 9.42e-03  7.04e-01 *6.89e-06  5.16e+02 3.56e+03 3.37e+01  9.19e-01 3.38e-01     81s
  38   3.07122190e+02  3.07011758e+02  6.43e-03 3.69e-03  3.15e-01 *6.16e-04  6.42e+02 5.36e+03 3.52e+01  1.00e+00 6.09e-01     90s
  39   3.07356466e+02  3.06976141e+02  1.20e-01 1.76e-03  1.67e-01 *2.30e-01  1.02e+03 1.28e+04 3.29e+01  1.00e+00 5.23e-01     99s
  40   3.06986486e+02  3.06966165e+02  3.13e-03 2.27e-05  1.38e-02  1.60e-03  1.76e+03 2.70e+04 3.42e+01  1.00e+00 9.87e-01    129s

The algorithm stopped after 41 iterations in 129.04 seconds.

Primal variables:   [+0.001 +0.003 +68.052 +24.727]
Dual slacks:        [+4.954 +0.673 +0.000 +0.000]
Dual variables:     [-2.454 -9.694]

Primal objective:   3.06986486e+02 
Dual objective:     3.06966165e+02 

Primal residual:    3.13e-03
Dual residual:      2.27e-05
Complementraty:     1.38e-02

Number of Iter:     41
Run time:           129.04
