
--------------- Linear optimization problem characteristics ---------------
Seed:                    1
Number of variables:     4
Number of constraints:   2

Norm of primal sol:      3.25e+00
Norm of dual sol:        1.00e+01
Norm of dual slacks:     5.00e+00

Norm of vector b:        1.00e+00
Norm of vector c:        7.96e+00

Norm of matrix A:        1.00e+00
Condition number:        2.00e+00

----------------------- Linear optimization problem -----------------------
Coeff matrix A:          [[-0.194 -0.041 -0.049 +0.503]
                          [-0.401 +0.553 -0.677 +0.177]]

RHS vector b:            [-0.433 +0.902]
Obj vector c:            [+4.300 -3.905 +5.436 +0.369]

---------------------------- Optimal solution -----------------------------
Primal variables:         [+1.628 +2.812 +0.000 +0.000]
Dual slacks:              [+0.000 +0.000 +0.002 +5.000]
Dual variables:           [-6.549 -7.557]

Optimal objective:       -3.98156014e+00
===========================================================================

Method:                  II-QIPM
LO_Precision:            1.00e-01
Stop_Precision:          1.00e-03
LO_Verbosity:            2
Omega:                   1.00e+01

The Quantum Inexact Infeasible Interior-Point Method starts running ...


                  Objective                Residual                                Linear system           Step-length
Iter      Primal           Dual         Primal    Dual     Compl    ||Resl||  Cond-Num  ||M||   ||RHS||    a-star   a-hat      Time
   0   3.65723652e+01  2.62128404e+00  2.08e+00 7.53e+00  1.78e+02 *6.28e-16  4.00e+00 1.00e+00 4.53e+00  7.15e-01 5.92e-01      0s
   1   3.11501403e+01  2.40157404e-01  1.41e+00 5.16e+00  1.28e+02  9.67e-02  1.05e+01 3.18e+00 2.08e+01  9.29e-01 3.15e-01      1s
   2   2.36291969e+01 -3.00796387e+00  6.62e-01 2.42e+00  6.99e+01  9.22e-03  1.39e+01 4.98e+00 2.40e+01  1.00e+00 5.30e-01      1s
   3   1.08578131e+01 -6.26315769e+00  3.86e-02 6.66e-16  1.71e+01  3.86e-02  2.07e+01 1.00e+01 2.38e+01  1.00e+00 1.00e+00      1s
   4  -3.21994993e+00 -6.09766455e+00  1.81e-03 6.04e-16  2.88e+00 *1.61e-03  5.29e+01 3.63e+01 5.09e-01  9.75e-01 9.24e-01      2s
   5  -3.42505850e+00 -5.96059241e+00  8.02e-03 1.28e-15  2.58e+00 *7.73e-02  1.21e+02 1.31e+01 8.97e-01  7.22e-01 1.17e-01      3s
   6  -6.45399058e-01 -5.96059241e+00  8.34e-01 7.85e-17  4.19e-01  8.97e-01  1.28e+02 1.37e+01 8.97e-01  1.00e+00 9.30e-01      4s
   7  -7.20644900e-01 -5.78560549e+00  8.19e-01 1.24e-15  4.09e-01 *1.67e-03  1.29e+02 2.23e+00 9.83e-01  1.86e-01 1.86e-02      6s
   8  -7.42237463e-01 -5.73741122e+00  8.14e-01 1.30e-15  4.07e-01 *9.04e-04  1.38e+02 2.64e+00 9.82e-01  2.05e-01 5.70e-03      8s
   9  -7.64324932e-01 -5.68924246e+00  8.09e-01 6.23e-16  4.05e-01 *1.79e-03  1.40e+02 2.78e+00 9.81e-01  2.08e-01 5.92e-03     11s
  10  -7.86808718e-01 -5.64114892e+00  8.04e-01 1.11e-15  4.02e-01 *1.24e-03  1.42e+02 2.92e+00 9.81e-01  2.11e-01 6.13e-03     13s
  11  -8.09662473e-01 -5.59316020e+00  7.99e-01 1.53e-15  4.00e-01 *3.37e-05  1.44e+02 3.08e+00 9.80e-01  2.14e-01 6.36e-03     16s
  12  -8.33548226e-01 -5.54489485e+00  7.94e-01 9.78e-16  3.97e-01 *2.54e-03  1.46e+02 3.25e+00 9.80e-01  2.19e-01 6.71e-03     18s
  13  -8.58116141e-01 -5.49665472e+00  7.88e-01 1.56e-15  3.94e-01 *2.41e-03  1.47e+02 3.43e+00 9.79e-01  2.23e-01 7.02e-03     21s
  14  -8.83369879e-01 -5.44848364e+00  7.83e-01 8.00e-16  3.91e-01 *1.82e-03  1.49e+02 3.63e+00 9.78e-01  2.27e-01 7.34e-03     23s
  15  -9.09258722e-01 -5.40046626e+00  7.77e-01 1.35e-15  3.88e-01 *5.42e-04  1.50e+02 3.84e+00 9.78e-01  2.32e-01 7.67e-03     26s
  16  -9.36658838e-01 -5.35213839e+00  7.70e-01 9.95e-16  3.85e-01 *3.40e-03  1.51e+02 4.08e+00 9.77e-01  2.38e-01 8.18e-03     28s
  17  -9.65320410e-01 -5.30368678e+00  7.64e-01 1.14e-15  3.82e-01 *4.07e-03  1.53e+02 4.33e+00 9.77e-01  2.44e-01 8.68e-03     31s
  18  -9.95101609e-01 -5.25528996e+00  7.57e-01 1.27e-15  3.78e-01 *3.59e-03  1.54e+02 4.62e+00 9.76e-01  2.49e-01 9.17e-03     33s
  19  -1.02625123e+00 -5.20689922e+00  7.49e-01 1.06e-15  3.75e-01 *3.73e-03  1.55e+02 4.93e+00 9.75e-01  2.56e-01 9.74e-03     36s
  20  -1.05904941e+00 -5.15841377e+00  7.41e-01 1.15e-15  3.71e-01 *4.26e-03  1.55e+02 5.27e+00 9.74e-01  2.63e-01 1.04e-02     39s
  21  -1.09322896e+00 -5.11010324e+00  7.33e-01 8.06e-16  3.67e-01 *3.32e-03  1.56e+02 5.66e+00 9.74e-01  2.69e-01 1.10e-02     42s
  22  -1.12842753e+00 -5.06212151e+00  7.25e-01 1.33e-15  3.62e-01 *2.36e-04  1.57e+02 6.08e+00 9.73e-01  2.74e-01 1.17e-02     44s
  23  -1.16630527e+00 -5.01386723e+00  7.15e-01 2.24e-15  3.58e-01 *2.70e-03  1.58e+02 6.55e+00 9.72e-01  2.84e-01 1.27e-02     47s
  24  -1.20652199e+00 -4.96556242e+00  7.06e-01 1.01e-15  3.53e-01 *2.89e-03  1.58e+02 7.08e+00 9.71e-01  2.92e-01 1.37e-02     50s
  25  -1.24864379e+00 -4.91752205e+00  6.95e-01 9.62e-16  3.48e-01 *1.20e-03  1.59e+02 7.68e+00 9.70e-01  3.00e-01 1.47e-02     52s
  26  -1.29402535e+00 -4.86929242e+00  6.84e-01 1.53e-15  3.42e-01 *2.45e-03  1.59e+02 8.35e+00 9.69e-01  3.11e-01 1.61e-02     54s
  27  -1.34297220e+00 -4.82091576e+00  6.72e-01 1.25e-15  3.36e-01 *3.41e-03  1.60e+02 9.13e+00 9.68e-01  3.22e-01 1.76e-02     57s
  28  -1.39400390e+00 -4.77301235e+00  6.59e-01 1.02e-15  3.30e-01 *2.22e-05  1.60e+02 1.00e+01 9.66e-01  3.31e-01 1.90e-02     59s
  29  -1.45008798e+00 -4.72479671e+00  6.45e-01 1.07e-15  3.23e-01 *2.40e-03  1.60e+02 1.10e+01 9.65e-01  3.46e-01 2.11e-02     62s
  30  -1.51186634e+00 -4.67627433e+00  6.30e-01 1.00e-15  3.15e-01 *4.49e-03  1.60e+02 1.22e+01 9.64e-01  3.62e-01 2.37e-02     64s
  31  -1.57812611e+00 -4.62794321e+00  6.14e-01 1.15e-15  3.07e-01 *3.00e-03  1.61e+02 1.36e+01 9.62e-01  3.76e-01 2.62e-02     67s
  32  -1.64915615e+00 -4.57992888e+00  5.96e-01 1.93e-15  2.98e-01 *1.17e-03  1.61e+02 1.53e+01 9.60e-01  3.91e-01 2.91e-02     69s
  33  -1.72660171e+00 -4.53198252e+00  5.76e-01 2.08e-15  2.88e-01 *5.65e-04  1.61e+02 1.73e+01 9.59e-01  4.09e-01 3.29e-02     72s
  34  -1.81190267e+00 -4.48406671e+00  5.55e-01 1.96e-15  2.77e-01 *6.26e-04  1.61e+02 1.97e+01 9.57e-01  4.29e-01 3.75e-02     74s
  35  -1.90709835e+00 -4.43601196e+00  5.30e-01 1.93e-15  2.65e-01 *1.28e-03  1.61e+02 2.27e+01 9.54e-01  4.53e-01 4.35e-02     77s
  36  -2.01473893e+00 -4.38773844e+00  5.03e-01 2.07e-15  2.52e-01 *2.64e-03  1.61e+02 2.64e+01 9.52e-01  4.80e-01 5.12e-02     79s
  37  -2.13775001e+00 -4.33913973e+00  4.72e-01 2.15e-15  2.36e-01 *4.09e-03  1.61e+02 3.12e+01 9.49e-01  5.10e-01 6.13e-02     82s
  38  -2.27716544e+00 -4.29057795e+00  4.37e-01 1.90e-15  2.19e-01 *4.17e-03  1.60e+02 3.76e+01 9.46e-01  5.43e-01 7.41e-02     84s
  39  -2.43086048e+00 -4.24268863e+00  3.98e-01 1.94e-15  1.99e-01 *1.15e-03  1.60e+02 4.63e+01 9.42e-01  5.76e-01 8.97e-02     87s
  40  -2.61239482e+00 -4.19439723e+00  3.52e-01 1.12e-15  1.76e-01 *2.79e-03  1.60e+02 5.84e+01 9.38e-01  6.21e-01 1.15e-01     89s
  41  -2.81825992e+00 -4.14667200e+00  2.99e-01 9.17e-16  1.50e-01 *5.41e-04  1.59e+02 7.67e+01 9.33e-01  6.66e-01 1.50e-01     91s
  42  -3.61354167e+00 -3.99162095e+00  9.47e-02 1.18e-15  2.43e-02 *5.75e-04  1.58e+02 1.06e+02 9.27e-01  7.22e-01 6.84e-01     94s

The algorithm stopped after 43 iterations in 94.48 seconds.

Primal variables:   [+0.718 +4.074 +1.694 +0.002]
Dual slacks:        [+0.004 +0.001 +0.003 +4.989]
Dual variables:     [-6.526 -7.558]

Primal objective:   -3.61354167e+00
Dual objective:     -3.99162095e+00

Primal residual:    9.47e-02
Dual residual:      1.18e-15
Complementraty:     2.43e-02

Number of Iter:     43
Run time:           94.48
