
================= Linear optimization problem Information =================
Number of variables:     4
Number of constraints:   2

Norm of primal sol:      5.00e+00
Norm of dual sol:        1.00e+01
Norm of dual slacks:     5.00e+00

Norm of vector b:        6.60e-01
Norm of vector c:        1.22e+01

Norm of matrix A:        1.12e+00
Condition number:        2.00e+00
Seed:                    80

======================= Linear optimization problem =======================
coeff matrix A:          [[+0.313 +0.524 -0.413 +0.576]
                          [-0.242 +0.274 +0.254 -0.421]]

RHS vector b:            [+0.439 -0.493]
Obj vector c:            [+1.846 +9.500 -2.717 +6.975]

============================ Optimal solution =============================
Primal variables:        [+4.441 +0.000 +2.297 +0.000]
Dual slacks:             [+0.000 +3.599 +0.000 +3.471]
Dual variables:          [+9.106 +4.132]

Optimal objective:       +1.95948762e+00
===========================================================================

Method:             II-QIPM
LO_Precision:       1.00e-01
Stop_Precision:     1.00e-03
LO_Verbosity:       2
Omega:              1.00e+01
num_ancillae:       4

The Quantum Inexact Infeasible Interior-Point Method starts running ...


                  Objective                Residual                      Quantum                    Step-length
Iter      Primal           Dual         Primal    Dual     Compl    ||Resl||   Prob    Cond-Num   a-star   a-hat      Time
   0   6.34451419e+01  4.07630286e-01  3.02e+00 4.86e+00  1.44e+02  1.79e-03 1.48e-01  4.00e+00  8.02e-01 6.85e-01      2s
   1   4.25276977e+01  2.01699104e+00  1.55e+00 2.50e+00  8.18e+01  2.95e-02 1.56e-02  2.68e+01  9.14e-01 4.85e-01      3s
   2   2.08432003e+01  3.28104594e+00  4.37e-01 7.86e-01  3.06e+01  3.39e-01 1.56e-02  6.97e+01  8.07e-01 6.86e-01      5s
   3   1.92908347e+01  3.29977149e+00  4.19e-01 7.36e-01  2.88e+01  1.01e+00 1.54e-02  2.16e+02  4.99e-01 6.38e-02      7s
   4   1.82117739e+01  3.31082206e+00  4.15e-01 7.03e-01  2.76e+01  1.16e+00 1.53e-02  2.32e+02  4.79e-01 4.45e-02      8s
   5   1.72044564e+01  3.31994700e+00  4.19e-01 6.74e-01  2.66e+01  1.28e+00 1.52e-02  2.42e+02  4.64e-01 4.14e-02     10s
   6   1.62624602e+01  3.32749731e+00  4.30e-01 6.48e-01  2.56e+01  1.41e+00 1.52e-02  2.52e+02  4.49e-01 3.85e-02     12s
   7   1.53773305e+01  3.33377973e+00  4.49e-01 6.25e-01  2.48e+01  1.55e+00 1.51e-02  2.61e+02  4.35e-01 3.57e-02     14s
   8   1.45450669e+01  3.33901564e+00  4.72e-01 6.04e-01  2.40e+01  1.70e+00 1.50e-02  2.69e+02  4.21e-01 3.31e-02     15s
   9   1.37588841e+01  3.34340639e+00  5.00e-01 5.86e-01  2.33e+01  1.86e+00 1.49e-02  2.76e+02  4.07e-01 3.06e-02     16s
  10   1.30136681e+01  3.34710721e+00  5.32e-01 5.69e-01  2.27e+01  2.04e+00 1.47e-02  2.82e+02  3.93e-01 2.84e-02     18s
  11   1.23049829e+01  3.35024249e+00  5.67e-01 5.54e-01  2.22e+01  2.22e+00 1.46e-02  2.88e+02  3.80e-01 2.63e-02     19s
  12   1.16296659e+01  3.35290954e+00  6.05e-01 5.41e-01  2.17e+01  2.43e+00 1.45e-02  2.93e+02  3.67e-01 2.43e-02     21s
  13   1.09836979e+01  3.35519227e+00  6.45e-01 5.29e-01  2.12e+01  2.64e+00 1.43e-02  2.97e+02  3.55e-01 2.25e-02     22s
  14   1.03636128e+01  3.35715766e+00  6.86e-01 5.17e-01  2.08e+01  2.86e+00 1.42e-02  3.01e+02  3.43e-01 2.09e-02     24s
  15   9.76701121e+00  3.35885782e+00  7.29e-01 5.07e-01  2.04e+01  3.10e+00 1.40e-02  3.04e+02  3.32e-01 1.93e-02     26s
  16   9.19125782e+00  3.36033675e+00  7.73e-01 4.98e-01  2.01e+01  3.36e+00 1.39e-02  3.07e+02  3.21e-01 1.80e-02     28s
  17   8.63462302e+00  3.36162885e+00  8.18e-01 4.90e-01  1.98e+01  3.63e+00 1.37e-02  3.10e+02  3.11e-01 1.67e-02     30s
  18   8.09454660e+00  3.36276472e+00  8.63e-01 4.82e-01  1.95e+01  3.91e+00 1.35e-02  3.12e+02  3.01e-01 1.55e-02     32s
  19   7.57034120e+00  3.36376612e+00  9.10e-01 4.75e-01  1.92e+01  4.20e+00 1.34e-02  3.15e+02  2.92e-01 1.45e-02     33s
  20   7.05941656e+00  3.36465501e+00  9.57e-01 4.69e-01  1.90e+01  4.51e+00 1.32e-02  3.16e+02  2.83e-01 1.35e-02     35s
  21   6.56142968e+00  3.36544593e+00  1.00e+00 4.63e-01  1.88e+01  4.83e+00 1.30e-02  3.18e+02  2.74e-01 1.26e-02     37s
  22   6.07467328e+00  3.36615348e+00  1.05e+00 4.58e-01  1.86e+01  5.17e+00 1.28e-02  3.20e+02  2.66e-01 1.18e-02     39s
  23   5.59855516e+00  3.36678839e+00  1.10e+00 4.53e-01  1.84e+01  5.53e+00 1.27e-02  3.21e+02  2.58e-01 1.11e-02     41s
  24   5.13164034e+00  3.36736096e+00  1.15e+00 4.48e-01  1.82e+01  5.89e+00 1.25e-02  3.22e+02  2.51e-01 1.04e-02     43s
  25   4.67352879e+00  3.36787872e+00  1.20e+00 4.44e-01  1.80e+01  6.28e+00 1.23e-02  3.23e+02  2.44e-01 9.76e-03     45s
  26   4.22388463e+00  3.36834811e+00  1.25e+00 4.39e-01  1.79e+01  6.67e+00 1.21e-02  3.24e+02  2.37e-01 9.17e-03     47s
  27   3.78110015e+00  3.36877602e+00  1.30e+00 4.36e-01  1.77e+01  7.08e+00 1.19e-02  3.25e+02  2.31e-01 8.65e-03     49s
  28   3.34583717e+00  3.36916619e+00  1.35e+00 4.32e-01  1.76e+01  7.51e+00 1.18e-02  3.26e+02  2.25e-01 8.15e-03     51s
  29   2.91662364e+00  3.36952382e+00  1.40e+00 4.29e-01  1.75e+01  7.95e+00 1.16e-02  3.27e+02  2.19e-01 7.70e-03     52s
  30   2.49332695e+00  3.36985229e+00  1.45e+00 4.26e-01  1.74e+01  8.41e+00 1.14e-02  3.28e+02  2.14e-01 7.29e-03     54s
  31   2.07542430e+00  3.37015484e+00  1.50e+00 4.23e-01  1.72e+01  8.88e+00 1.12e-02  3.28e+02  2.08e-01 6.90e-03     56s
  32   1.66283901e+00  3.37043402e+00  1.55e+00 4.20e-01  1.71e+01  9.37e+00 1.11e-02  3.29e+02  2.03e-01 6.54e-03     58s
  33   1.25510664e+00  3.37069235e+00  1.61e+00 4.17e-01  1.70e+01  9.88e+00 1.09e-02  3.29e+02  1.98e-01 6.21e-03     60s
  34   8.52191113e-01  3.37093176e+00  1.66e+00 4.15e-01  1.69e+01  1.04e+01 1.07e-02  3.30e+02  1.94e-01 5.90e-03     62s
  35   4.53273211e-01  3.37115444e+00  1.71e+00 4.13e-01  1.69e+01  1.09e+01 1.05e-02  3.30e+02  1.89e-01 5.61e-03     64s
  36   5.87432235e-02  3.37136164e+00  1.76e+00 4.10e-01  1.68e+01 *1.15e+01 1.04e-02  3.31e+02  1.85e-01 5.34e-03     65s
  37  -3.32176939e-01  3.37155508e+00  1.81e+00 4.08e-01  1.67e+01 *1.20e+01 1.02e-02  3.31e+02  1.81e-01 5.09e-03     67s
  38  -7.19084166e-01  3.37173574e+00  1.87e+00 4.06e-01  1.66e+01 *1.26e+01 1.00e-02  3.32e+02  1.77e-01 4.85e-03     69s
  39  -1.10272404e+00  3.37190501e+00  1.92e+00 4.04e-01  1.65e+01 *1.32e+01 9.88e-03  3.32e+02  1.73e-01 4.64e-03     71s
  40  -1.48306634e+00  3.37206379e+00  1.97e+00 4.03e-01  1.65e+01 *1.38e+01 9.72e-03  3.32e+02  1.69e-01 4.43e-03     72s
  41  -1.86045309e+00  3.37221305e+00  2.03e+00 4.01e-01  1.64e+01 *1.45e+01 9.56e-03  3.33e+02  1.66e-01 4.24e-03     74s
  42  -2.23446962e+00  3.37235336e+00  2.08e+00 3.99e-01  1.63e+01 *1.51e+01 9.40e-03  3.33e+02  1.63e-01 4.06e-03     76s
  43  -2.60581540e+00  3.37248566e+00  2.13e+00 3.98e-01  1.63e+01 *1.58e+01 9.25e-03  3.33e+02  1.59e-01 3.89e-03     78s
  44  -2.97444348e+00  3.37261053e+00  2.19e+00 3.96e-01  1.62e+01 *1.65e+01 9.10e-03  3.34e+02  1.56e-01 3.73e-03     80s
  45  -3.33993862e+00  3.37272837e+00  2.24e+00 3.95e-01  1.62e+01 *1.72e+01 8.95e-03  3.34e+02  1.53e-01 3.58e-03     82s
  46  -3.70333964e+00  3.37284002e+00  2.29e+00 3.93e-01  1.61e+01 *1.79e+01 8.80e-03  3.34e+02  1.50e-01 3.44e-03     83s
  47  -4.06387211e+00  3.37294567e+00  2.35e+00 3.92e-01  1.61e+01 *1.86e+01 8.65e-03  3.34e+02  1.48e-01 3.30e-03     85s
  48  -4.42219898e+00  3.37304593e+00  2.40e+00 3.91e-01  1.60e+01 *1.94e+01 8.51e-03  3.34e+02  1.45e-01 3.18e-03     86s
  49  -4.77826574e+00  3.37314114e+00  2.45e+00 3.90e-01  1.60e+01 *2.01e+01 8.36e-03  3.35e+02  1.42e-01 3.06e-03     88s
  50  -5.13201720e+00  3.37323163e+00  2.51e+00 3.89e-01  1.59e+01 *2.09e+01 8.22e-03  3.35e+02  1.40e-01 2.95e-03     91s
  51  -5.48374961e+00  3.37331778e+00  2.56e+00 3.87e-01  1.59e+01 *2.17e+01 8.08e-03  3.35e+02  1.37e-01 2.84e-03     92s
  52  -5.83305783e+00  3.37339976e+00  2.62e+00 3.86e-01  1.59e+01 *2.25e+01 7.94e-03  3.35e+02  1.35e-01 2.74e-03     94s
  53  -6.18058121e+00  3.37347800e+00  2.67e+00 3.85e-01  1.58e+01 *2.33e+01 7.81e-03  3.35e+02  1.33e-01 2.64e-03     96s
  54  -6.52591915e+00  3.37355262e+00  2.73e+00 3.84e-01  1.58e+01 *2.42e+01 7.67e-03  3.35e+02  1.31e-01 2.55e-03     98s
  55  -6.86936013e+00  3.37362391e+00  2.78e+00 3.83e-01  1.57e+01 *2.51e+01 7.54e-03  3.36e+02  1.28e-01 2.46e-03     99s
  56  -7.21084970e+00  3.37369206e+00  2.84e+00 3.83e-01  1.57e+01 *2.59e+01 7.41e-03  3.36e+02  1.26e-01 2.38e-03    101s
  57  -7.55033389e+00  3.37375724e+00  2.89e+00 3.82e-01  1.57e+01 *2.68e+01 7.28e-03  3.36e+02  1.24e-01 2.30e-03    102s
  58  -7.88843517e+00  3.37381975e+00  2.95e+00 3.81e-01  1.56e+01 *2.78e+01 7.16e-03  3.36e+02  1.22e-01 2.23e-03    104s
  59  -8.22442869e+00  3.37387959e+00  3.00e+00 3.80e-01  1.56e+01 *2.87e+01 7.03e-03  3.36e+02  1.21e-01 2.16e-03    106s
  60  -8.55859663e+00  3.37393698e+00  3.06e+00 3.79e-01  1.56e+01 *2.96e+01 6.91e-03  3.36e+02  1.19e-01 2.09e-03    107s
  61  -8.89122032e+00  3.37399209e+00  3.11e+00 3.78e-01  1.56e+01 *3.06e+01 6.78e-03  3.36e+02  1.17e-01 2.02e-03    108s
  62  -9.22224944e+00  3.37404504e+00  3.17e+00 3.78e-01  1.55e+01 *3.16e+01 6.66e-03  3.37e+02  1.15e-01 1.96e-03    110s
