
================= Linear optimization problem Information =================
Number of variables:     8
Number of constraints:   2

Norm of primal sol:      5.00e+00
Norm of dual sol:        1.00e+01
Norm of dual slacks:     5.00e+00

Norm of vector b:        2.77e+00
Norm of vector c:        1.01e+01

Norm of matrix A:        1.12e+00
Condition number:        2.00e+00
Seed:                    94

======================= Linear optimization problem =======================
coeff matrix A:          [[-0.178 -0.347 -0.090 -0.403 +0.335 -0.215 +0.316 -0.274]
                          [+0.466 +0.275 -0.058 +0.244 -0.312 +0.331 +0.106 -0.146]]

RHS vector b:            [-1.635 +2.239]
Obj vector c:            [-1.833 -3.497 -0.893 -4.055 +7.154 +1.097 +3.144 -2.721]

============================ Optimal solution =============================
Primal variables:        [+2.669 +2.253 +2.559 +1.571 +0.000 +0.000 +1.899 +0.418]
Dual slacks:             [+0.000 +0.000 +0.000 +0.000 +3.771 +3.283 +0.000 +0.000]
Dual variables:          [+9.999 -0.109]

Optimal objective:       -1.65954957e+01
===========================================================================

Method:             II-QIPM
LO_Precision:       1.00e-01
Stop_Precision:     1.00e-03
LO_Verbosity:       2
Omega:              1.00e+01
num_ancillae:       4

The Quantum Inexact Infeasible Interior-Point Method starts running ...


                  Objective                Residual                      Quantum                    Step-length
Iter      Primal           Dual         Primal    Dual     Compl    ||Resl||   Prob    Cond-Num   a-star   a-hat      Time
   0   2.56515665e+01 -3.47922103e+01  2.65e+00 8.35e+00  2.81e+02  5.33e-03 1.73e-02  4.00e+00  8.52e-01 7.27e-01      1s
   1   2.31681231e+01 -3.46772666e+01  2.03e+00 6.39e+00  2.23e+02 *9.06e-03 2.88e-02  2.74e+00  8.79e-01 2.34e-01      2s
   2   1.89867351e+01 -3.43978137e+01  1.58e+00 4.97e+00  1.79e+02 *1.27e-02 1.64e-02  2.39e+00  8.81e-01 2.23e-01      5s
   3   1.37688960e+01 -3.39451024e+01  1.23e+00 3.85e+00  1.44e+02 *2.24e-02 1.73e-02  2.39e+00  8.76e-01 2.24e-01      6s
   4   7.82152109e+00 -3.32829100e+01  9.28e-01 2.93e+00  1.13e+02 *4.61e-02 2.71e-02  2.91e+00  8.79e-01 2.40e-01      7s
   5   1.75603637e+00 -3.23047808e+01  6.80e-01 2.19e+00  8.73e+01 *1.00e-01 6.41e-02  4.28e+00  8.49e-01 2.53e-01      9s
   6  -3.37832827e+00 -3.08398994e+01  5.29e-01 1.65e+00  6.78e+01 *1.45e-01 2.67e-01  7.08e+00  7.62e-01 2.47e-01     11s
   7  -9.19003245e+00 -2.91484013e+01  4.31e-01 9.82e-01  4.30e+01  1.38e+00 1.63e-01  1.18e+01  7.46e-01 4.04e-01     13s
   8  -1.30277774e+01 -2.87961203e+01  1.52e+00 6.82e-01  3.05e+01  4.11e+00 2.52e-02  2.50e+01  5.58e-01 3.06e-01     14s
   9  -1.16351371e+01 -2.87932963e+01  1.56e+00 6.62e-01  2.97e+01  6.33e+00 5.73e-03  4.69e+01  4.15e-01 2.94e-02     15s
  10  -1.02797270e+01 -2.87914068e+01  1.62e+00 6.44e-01  2.89e+01  6.72e+00 4.83e-03  5.13e+01  4.02e-01 2.72e-02     17s
  11  -8.95580802e+00 -2.87901297e+01  1.68e+00 6.27e-01  2.83e+01  7.13e+00 4.10e-03  5.56e+01  3.89e-01 2.52e-02     19s
  12  -7.66094572e+00 -2.87892584e+01  1.75e+00 6.13e-01  2.77e+01  7.57e+00 3.48e-03  6.00e+01  3.76e-01 2.34e-02     21s
  13  -6.39073192e+00 -2.87886550e+01  1.84e+00 6.00e-01  2.71e+01  8.03e+00 2.96e-03  6.43e+01  3.64e-01 2.17e-02     23s
  14  -5.14137065e+00 -2.87882286e+01  1.92e+00 5.87e-01  2.66e+01  8.52e+00 2.50e-03  6.86e+01  3.53e-01 2.01e-02     25s
  15  -3.91206336e+00 -2.87879190e+01  2.01e+00 5.76e-01  2.61e+01  9.02e+00 2.11e-03  7.27e+01  3.42e-01 1.87e-02     27s
  16  -2.69759176e+00 -2.87876844e+01  2.11e+00 5.66e-01  2.57e+01  9.56e+00 1.78e-03  7.67e+01  3.31e-01 1.74e-02     29s
  17  -1.49916867e+00 -2.87874971e+01  2.20e+00 5.57e-01  2.53e+01  1.01e+01 1.48e-03  8.06e+01  3.21e-01 1.62e-02     31s
  18  -3.11216503e-01 -2.87873371e+01  2.30e+00 5.49e-01  2.50e+01  1.07e+01 1.23e-03  8.43e+01  3.12e-01 1.51e-02     33s
  19   8.64486289e-01 -2.87871908e+01  2.40e+00 5.41e-01  2.47e+01  1.13e+01 1.01e-03  8.79e+01  3.02e-01 1.41e-02     35s
  20   2.03173708e+00 -2.87870476e+01  2.50e+00 5.34e-01  2.44e+01  1.20e+01 8.26e-04  9.13e+01  2.94e-01 1.32e-02     37s
  21   3.19066509e+00 -2.87868999e+01  2.61e+00 5.27e-01  2.41e+01  1.26e+01 6.68e-04  9.46e+01  2.85e-01 1.23e-02     39s
  22   4.34237175e+00 -2.87867413e+01  2.71e+00 5.21e-01  2.38e+01  1.33e+01 5.35e-04  9.77e+01  2.77e-01 1.16e-02     41s
  23   5.48782096e+00 -2.87865661e+01  2.81e+00 5.16e-01  2.36e+01  1.40e+01 4.23e-04  1.01e+02  2.70e-01 1.09e-02     43s
  24   6.62672776e+00 -2.87863688e+01  2.92e+00 5.10e-01  2.34e+01  1.48e+01 3.31e-04  1.03e+02  2.62e-01 1.02e-02     45s
  25   7.76097553e+00 -2.87861431e+01  3.02e+00 5.05e-01  2.32e+01  1.56e+01 2.56e-04  1.06e+02  2.55e-01 9.61e-03     47s
  26   8.89127585e+00 -2.87858815e+01  3.13e+00 5.01e-01  2.30e+01  1.64e+01 1.94e-04  1.09e+02  2.49e-01 9.07e-03     49s
  27   1.00171771e+01 -2.87855744e+01  3.24e+00 4.97e-01  2.28e+01  1.72e+01 1.45e-04  1.11e+02  2.43e-01 8.56e-03     50s
  28   1.11404427e+01 -2.87852075e+01  3.34e+00 4.93e-01  2.26e+01  1.80e+01 1.07e-04  1.13e+02  2.37e-01 8.10e-03     52s
  29   1.22606398e+01 -2.87847597e+01  3.45e+00 4.89e-01  2.25e+01  1.89e+01 7.68e-05  1.15e+02  2.31e-01 7.68e-03     54s
  30   1.33785118e+01 -2.87841950e+01  3.56e+00 4.85e-01  2.23e+01  1.98e+01 5.45e-05  1.17e+02  2.26e-01 7.28e-03     56s
  31   1.44961248e+01 -2.87834442e+01  3.66e+00 4.82e-01  2.22e+01  2.07e+01 3.83e-05  1.19e+02  2.21e-01 6.93e-03     58s
  32   1.56169506e+01 -2.87823459e+01  3.77e+00 4.79e-01  2.21e+01  2.16e+01 2.72e-05  1.21e+02  2.16e-01 6.63e-03     60s
  33   1.67499843e+01 -2.87803423e+01  3.88e+00 4.76e-01  2.19e+01  2.25e+01 2.02e-05  1.22e+02  2.13e-01 6.41e-03     61s
  34   1.80597853e+01 -2.87673575e+01  4.00e+00 4.72e-01  2.18e+01  2.23e+01 1.67e-05  1.24e+02  2.27e-01 7.36e-03     62s
  35   1.64147802e+01 -2.87635897e+01  4.07e+00 4.66e-01  2.15e+01  2.41e+01 1.88e-05  1.26e+02  1.74e-01 1.30e-02     64s
  36   1.73517798e+01 -2.87636578e+01  4.17e+00 4.64e-01  2.14e+01  2.45e+01 7.67e-04  1.27e+02  1.85e-01 5.13e-03     66s
  37   1.82806592e+01 -2.87637243e+01  4.27e+00 4.61e-01  2.13e+01  2.54e+01 7.76e-04  1.28e+02  1.81e-01 4.90e-03     68s
  38   1.92019676e+01 -2.87637896e+01  4.36e+00 4.59e-01  2.12e+01  2.63e+01 7.89e-04  1.29e+02  1.77e-01 4.68e-03     70s
  39   2.01162606e+01 -2.87638535e+01  4.46e+00 4.57e-01  2.11e+01  2.73e+01 8.08e-04  1.30e+02  1.73e-01 4.48e-03     72s
  40   2.10222872e+01 -2.87639163e+01  4.56e+00 4.55e-01  2.10e+01  2.82e+01 8.30e-04  1.31e+02  1.69e-01 4.29e-03     74s
  41   2.19215237e+01 -2.87639778e+01  4.65e+00 4.53e-01  2.10e+01  2.92e+01 8.57e-04  1.32e+02  1.66e-01 4.11e-03     75s
  42   2.28136593e+01 -2.87640383e+01  4.75e+00 4.51e-01  2.09e+01  3.02e+01 8.89e-04  1.33e+02  1.62e-01 3.95e-03     77s
  43   2.36984017e+01 -2.87640976e+01  4.85e+00 4.50e-01  2.08e+01  3.12e+01 9.24e-04  1.34e+02  1.59e-01 3.79e-03     79s
  44   2.45754781e+01 -2.87641557e+01  4.94e+00 4.48e-01  2.07e+01  3.22e+01 9.64e-04  1.34e+02  1.55e-01 3.64e-03     81s
  45   2.54455053e+01 -2.87642127e+01  5.04e+00 4.47e-01  2.07e+01  3.32e+01 1.01e-03  1.35e+02  1.52e-01 3.50e-03     83s
  46   2.63082437e+01 -2.87642686e+01  5.13e+00 4.45e-01  2.06e+01  3.43e+01 1.06e-03  1.36e+02  1.49e-01 3.36e-03     85s
  47   2.71643288e+01 -2.87643234e+01  5.23e+00 4.44e-01  2.06e+01  3.54e+01 1.11e-03  1.36e+02  1.46e-01 3.24e-03     87s
  48   2.80127031e+01 -2.87643770e+01  5.32e+00 4.42e-01  2.05e+01  3.64e+01 1.16e-03  1.37e+02  1.44e-01 3.12e-03     89s
  49   2.88540238e+01 -2.87644296e+01  5.42e+00 4.41e-01  2.04e+01  3.75e+01 1.22e-03  1.38e+02  1.41e-01 3.00e-03     90s
  50   2.96881177e+01 -2.87644810e+01  5.51e+00 4.40e-01  2.04e+01  3.86e+01 1.29e-03  1.38e+02  1.38e-01 2.90e-03     91s
  51   3.05156556e+01 -2.87645313e+01  5.61e+00 4.38e-01  2.03e+01  3.97e+01 1.35e-03  1.39e+02  1.36e-01 2.80e-03     93s
  52   3.13364901e+01 -2.87645805e+01  5.70e+00 4.37e-01  2.03e+01  4.09e+01 1.43e-03  1.39e+02  1.33e-01 2.70e-03     95s
  53   3.21496748e+01 -2.87646287e+01  5.79e+00 4.36e-01  2.02e+01  4.20e+01 1.50e-03  1.39e+02  1.31e-01 2.60e-03     97s
  54   3.29567127e+01 -2.87646758e+01  5.89e+00 4.35e-01  2.02e+01  4.32e+01 1.58e-03  1.40e+02  1.29e-01 2.52e-03     99s
  55   3.37566921e+01 -2.87647218e+01  5.98e+00 4.34e-01  2.01e+01  4.44e+01 1.66e-03  1.40e+02  1.27e-01 2.43e-03    101s
  56   3.45503153e+01 -2.87647668e+01  6.07e+00 4.33e-01  2.01e+01  4.56e+01 1.74e-03  1.41e+02  1.24e-01 2.35e-03    103s
  57   3.53374962e+01 -2.87648109e+01  6.16e+00 4.32e-01  2.01e+01  4.68e+01 1.83e-03  1.41e+02  1.22e-01 2.28e-03    105s
  58   3.61181595e+01 -2.87648539e+01  6.25e+00 4.31e-01  2.00e+01  4.80e+01 1.92e-03  1.41e+02  1.20e-01 2.21e-03    107s
  59   3.68922410e+01 -2.87648960e+01  6.34e+00 4.30e-01  2.00e+01  4.92e+01 2.01e-03  1.42e+02  1.18e-01 2.14e-03    108s
  60   3.76604543e+01 -2.87649372e+01  6.43e+00 4.29e-01  1.99e+01  5.05e+01 2.11e-03  1.42e+02  1.16e-01 2.07e-03    110s
  61   3.84219852e+01 -2.87649774e+01  6.52e+00 4.28e-01  1.99e+01  5.18e+01 2.21e-03  1.42e+02  1.15e-01 2.01e-03    112s
  62   3.91783091e+01 -2.87650168e+01  6.61e+00 4.27e-01  1.99e+01  5.31e+01 2.31e-03  1.42e+02  1.13e-01 1.95e-03    114s
  63   3.99278827e+01 -2.87650553e+01  6.70e+00 4.27e-01  1.98e+01  5.44e+01 2.41e-03  1.43e+02  1.11e-01 1.89e-03    116s
  64   4.06714286e+01 -2.87650930e+01  6.79e+00 4.26e-01  1.98e+01  5.57e+01 2.51e-03  1.43e+02  1.10e-01 1.83e-03    118s
  65   4.14096632e+01 -2.87651298e+01  6.88e+00 4.25e-01  1.98e+01  5.70e+01 2.62e-03  1.43e+02  1.08e-01 1.78e-03    119s
  66   4.21425644e+01 -2.87651659e+01  6.97e+00 4.24e-01  1.97e+01  5.84e+01 2.72e-03  1.43e+02  1.06e-01 1.73e-03    121s
  67   4.28693876e+01 -2.87652012e+01  7.06e+00 4.24e-01  1.97e+01  5.98e+01 2.83e-03  1.44e+02  1.05e-01 1.68e-03    123s
  68   4.35908494e+01 -2.87652357e+01  7.15e+00 4.23e-01  1.97e+01  6.11e+01 2.94e-03  1.44e+02  1.03e-01 1.63e-03    125s
  69   4.43062265e+01 -2.87652695e+01  7.23e+00 4.22e-01  1.96e+01  6.25e+01 3.05e-03  1.44e+02  1.02e-01 1.59e-03    127s
  70   4.50169435e+01 -2.87653026e+01  7.32e+00 4.22e-01  1.96e+01  6.40e+01 3.16e-03  1.44e+02  1.00e-01 1.54e-03    129s
  71   4.57229955e+01 -2.87653350e+01  7.41e+00 4.21e-01  1.96e+01  6.54e+01 3.28e-03  1.44e+02  9.91e-02 1.50e-03    131s
  72   4.64236795e+01 -2.87653668e+01  7.50e+00 4.20e-01  1.96e+01  6.69e+01 3.39e-03  1.44e+02  9.78e-02 1.46e-03    133s
  73   4.71190026e+01 -2.87653979e+01  7.58e+00 4.20e-01  1.95e+01  6.83e+01 3.50e-03  1.45e+02  9.65e-02 1.42e-03    135s
  74   4.78096651e+01 -2.87654284e+01  7.67e+00 4.19e-01  1.95e+01  6.98e+01 3.61e-03  1.45e+02  9.52e-02 1.39e-03    137s
  75   4.84956733e+01 -2.87654582e+01  7.75e+00 4.19e-01  1.95e+01  7.14e+01 3.73e-03  1.45e+02  9.40e-02 1.35e-03    139s
  76   4.91763540e+01 -2.87654875e+01  7.84e+00 4.18e-01  1.95e+01  7.29e+01 3.84e-03  1.45e+02  9.28e-02 1.31e-03    141s
  77   4.98530760e+01 -2.87655163e+01  7.92e+00 4.18e-01  1.94e+01  7.44e+01 3.95e-03  1.45e+02  9.16e-02 1.28e-03    143s
  78   5.05251737e+01 -2.87655444e+01  8.01e+00 4.17e-01  1.94e+01  7.60e+01 4.06e-03  1.45e+02  9.05e-02 1.25e-03    145s
  79   5.11933282e+01 -2.87655721e+01  8.09e+00 4.16e-01  1.94e+01  7.76e+01 4.17e-03  1.45e+02  8.94e-02 1.22e-03    146s
  80   5.18562214e+01 -2.87655992e+01  8.18e+00 4.16e-01  1.94e+01  7.92e+01 4.29e-03  1.45e+02  8.83e-02 1.19e-03    148s
  81   5.25158509e+01 -2.87656258e+01  8.26e+00 4.16e-01  1.94e+01  8.08e+01 4.40e-03  1.45e+02  8.72e-02 1.16e-03    150s
  82   5.31709129e+01 -2.87656519e+01  8.35e+00 4.15e-01  1.93e+01  8.25e+01 4.51e-03  1.46e+02  8.62e-02 1.13e-03    152s
  83   5.38220751e+01 -2.87656776e+01  8.43e+00 4.15e-01  1.93e+01  8.41e+01 4.62e-03  1.46e+02  8.52e-02 1.11e-03    154s
  84   5.44687025e+01 -2.87657027e+01  8.51e+00 4.14e-01  1.93e+01  8.58e+01 4.72e-03  1.46e+02  8.42e-02 1.08e-03    156s
  85   5.51120987e+01 -2.87657274e+01  8.60e+00 4.14e-01  1.93e+01  8.75e+01 4.83e-03  1.46e+02  8.32e-02 1.05e-03    158s
  86   5.57516335e+01 -2.87657517e+01  8.68e+00 4.13e-01  1.93e+01  8.92e+01 4.94e-03  1.46e+02  8.23e-02 1.03e-03    160s
  87   5.63873202e+01 -2.87657756e+01  8.76e+00 4.13e-01  1.92e+01  9.09e+01 5.04e-03  1.46e+02  8.14e-02 1.01e-03    162s
  88   5.70198046e+01 -2.87657991e+01  8.85e+00 4.12e-01  1.92e+01  9.27e+01 5.15e-03  1.46e+02  8.05e-02 9.85e-04    164s

The solution quality is limited by the precision of the linear system solver.

The II-IPM stopped after 89 iterations in 163.65 seconds.

Primal variables:   [+1.410 +1.775 +31.118 +1.804 +0.770 +0.606 +129.864 +115.234]
Dual slacks:        [+2.420 +1.922 +0.055 +1.893 +1.935 +5.156 +0.009 +0.013]
Dual variables:     [+11.674 -4.323]

Primal objective:   5.70198046e+01 
Dual objective:     -2.87657991e+01

Primal residual:    8.85e+00
Dual residual:      4.12e-01
Complementraty:     1.92e+01

Number of Iter:     89
Run time:           163.65
