
================= Linear optimization problem Information =================
Number of variables:     10
Number of constraints:   2

Norm of primal sol:      5.00e+00
Norm of dual sol:        1.00e+01
Norm of dual slacks:     5.00e+00

Norm of vector b:        2.76e+00
Norm of vector c:        9.07e+00

Norm of matrix A:        1.12e+00
Condition number:        2.00e+00
Seed:                    6

======================= Linear optimization problem =======================
coeff matrix A:          [[+0.301 -0.039 +0.174 -0.353 -0.141 +0.119 -0.056 +0.079 -0.414 -0.276]
                          [-0.280 +0.326 -0.038 +0.043 +0.287 +0.241 +0.220 +0.299 +0.379 +0.320]]

RHS vector b:            [-0.418 +2.726]
Obj vector c:            [+1.492 +3.250 -0.814 +1.313 +3.731 +2.030 +2.269 +2.690 +4.717 +3.792]

============================ Optimal solution =============================
Primal variables:        [+0.000 +1.146 +2.836 +0.144 +0.000 +2.055 +1.830 +1.446 +1.158 +2.150]
Dual slacks:             [+4.964 +0.000 +0.000 +0.000 +0.599 +0.000 +0.000 +0.000 +0.000 +0.000]
Dual variables:          [-2.537 +9.673]

Optimal objective:       +2.74333068e+01
===========================================================================

Method:             II-QIPM
LO_Precision:       1.00e-01
Stop_Precision:     1.00e-03
LO_Verbosity:       2
Omega:              1.00e+01
num_ancillae:       4

The Quantum Inexact Infeasible Interior-Point Method starts running ...


                  Objective                Residual                      Quantum                    Step-length
Iter      Primal           Dual         Primal    Dual     Compl    ||Resl||   Prob    Cond-Num   a-star   a-hat      Time
   0   1.30720370e+02 -3.49846485e+01  4.19e+00 6.28e+00  3.53e+02  1.82e-03 5.28e-02  4.00e+00  8.73e-01 7.42e-01      2s
   1   9.54276875e+01 -2.34238658e+01  1.76e+00 2.60e+00  1.85e+02 *2.08e-01 1.29e-01  6.66e+00  8.30e-01 5.86e-01      4s
   2   9.00107262e+01 -2.23486128e+01  1.63e+00 2.40e+00  1.72e+02 *2.11e-01 1.41e-01  6.72e+00  6.30e-01 7.69e-02      6s
   3   8.50520761e+01 -2.13580606e+01  1.52e+00 2.23e+00  1.61e+02 *2.05e-01 1.37e-01  6.74e+00  6.21e-01 7.23e-02      8s
   4   8.03061656e+01 -2.03853756e+01  1.42e+00 2.07e+00  1.51e+02 *1.95e-01 1.34e-01  6.90e+00  6.17e-01 7.14e-02     10s
   5   7.57024361e+01 -1.94022907e+01  1.32e+00 1.92e+00  1.41e+02 *1.63e-01 1.33e-01  7.21e+00  6.17e-01 7.21e-02     12s
   6   7.11447971e+01 -1.83841226e+01  1.23e+00 1.77e+00  1.31e+02 *6.64e-02 1.28e-01  7.73e+00  6.25e-01 7.52e-02     14s
   7   6.64922861e+01 -1.73177573e+01  1.12e+00 1.63e+00  1.22e+02 *1.56e-01 1.17e-01  8.54e+00  6.43e-01 8.19e-02     15s
   8   6.15812554e+01 -1.62316048e+01  9.79e-01 1.48e+00  1.11e+02 *5.63e-01 9.36e-02  9.79e+00  6.71e-01 9.36e-02     17s
   9   5.63749778e+01 -1.52497981e+01  7.91e-01 1.32e+00  1.01e+02 *1.16e+00 6.28e-02  1.18e+01  7.00e-01 1.08e-01     18s
  10   5.12570443e+01 -1.45596053e+01  5.84e-01 1.17e+00  9.03e+01 *1.82e+00 3.59e-02  1.50e+01  6.86e-01 1.14e-01     20s
  11   4.69097492e+01 -1.41925287e+01  4.60e-01 1.05e+00  8.19e+01 *2.37e+00 2.14e-02  1.98e+01  6.22e-01 1.04e-01     22s
  12   4.35315228e+01 -1.40111113e+01  4.74e-01 9.57e-01  7.56e+01 *2.74e+00 1.64e-02  2.63e+01  5.76e-01 8.46e-02     24s
  13   4.09065975e+01 -1.39113419e+01  5.62e-01 8.92e-01  7.09e+01 *3.00e+00 1.50e-02  3.37e+01  5.41e-01 6.81e-02     26s
  14   3.87976101e+01 -1.38485275e+01  6.69e-01 8.42e-01  6.73e+01 *3.19e+00 1.47e-02  4.18e+01  5.11e-01 5.60e-02     28s
  15   3.70487588e+01 -1.38047330e+01  7.72e-01 8.02e-01  6.44e+01 *3.36e+00 1.47e-02  5.03e+01  4.86e-01 4.71e-02     30s
  16   3.55604050e+01 -1.37719486e+01  8.68e-01 7.70e-01  6.20e+01 *3.52e+00 1.47e-02  5.91e+01  4.63e-01 4.03e-02     32s
  17   3.42660745e+01 -1.37461418e+01  9.57e-01 7.43e-01  6.00e+01 *3.68e+00 1.48e-02  6.83e+01  4.43e-01 3.50e-02     34s
  18   3.31211992e+01 -1.37250980e+01  1.04e+00 7.20e-01  5.84e+01 *3.83e+00 1.48e-02  7.77e+01  4.24e-01 3.08e-02     36s
  19   3.20952878e+01 -1.37075041e+01  1.11e+00 7.00e-01  5.69e+01 *3.99e+00 1.49e-02  8.72e+01  4.07e-01 2.74e-02     38s
  20   3.11634143e+01 -1.36924719e+01  1.18e+00 6.83e-01  5.56e+01 *4.14e+00 1.49e-02  9.69e+01  3.89e-01 2.45e-02     40s
  21   3.03099649e+01 -1.36794513e+01  1.25e+00 6.68e-01  5.45e+01 *4.31e+00 1.50e-02  1.07e+02  3.73e-01 2.21e-02     42s
  22   2.95216277e+01 -1.36680314e+01  1.31e+00 6.54e-01  5.35e+01 *4.47e+00 1.50e-02  1.16e+02  3.58e-01 2.01e-02     44s
  23   2.87868888e+01 -1.36578967e+01  1.37e+00 6.42e-01  5.26e+01 *4.64e+00 1.51e-02  1.26e+02  3.45e-01 1.83e-02     45s
  24   2.80990663e+01 -1.36488444e+01  1.42e+00 6.32e-01  5.18e+01 *4.82e+00 1.51e-02  1.36e+02  3.32e-01 1.68e-02     47s
  25   2.74512596e+01 -1.36406968e+01  1.48e+00 6.22e-01  5.11e+01 *4.99e+00 1.51e-02  1.45e+02  3.20e-01 1.54e-02     49s
  26   2.68370499e+01 -1.36333053e+01  1.53e+00 6.13e-01  5.04e+01 *5.18e+00 1.52e-02  1.54e+02  3.10e-01 1.43e-02     50s
  27   2.62533173e+01 -1.36265777e+01  1.58e+00 6.05e-01  4.98e+01 *5.37e+00 1.52e-02  1.64e+02  3.00e-01 1.32e-02     52s
  28   2.56962609e+01 -1.36204241e+01  1.62e+00 5.98e-01  4.92e+01 *5.57e+00 1.52e-02  1.73e+02  2.90e-01 1.23e-02     54s
  29   2.51620607e+01 -1.36147639e+01  1.67e+00 5.91e-01  4.87e+01 *5.77e+00 1.52e-02  1.81e+02  2.81e-01 1.15e-02     55s
  30   2.46484081e+01 -1.36095409e+01  1.71e+00 5.84e-01  4.83e+01 *5.97e+00 1.53e-02  1.90e+02  2.73e-01 1.07e-02     57s
  31   2.41527832e+01 -1.36047019e+01  1.76e+00 5.78e-01  4.78e+01 *6.19e+00 1.53e-02  1.98e+02  2.65e-01 1.00e-02     59s
  32   2.36739135e+01 -1.36002106e+01  1.80e+00 5.73e-01  4.74e+01 *6.41e+00 1.53e-02  2.06e+02  2.58e-01 9.41e-03     61s
  33   2.32102166e+01 -1.35960310e+01  1.84e+00 5.68e-01  4.70e+01 *6.63e+00 1.53e-02  2.14e+02  2.51e-01 8.84e-03     62s
  34   2.27589314e+01 -1.35921199e+01  1.88e+00 5.63e-01  4.67e+01 *6.86e+00 1.53e-02  2.22e+02  2.45e-01 8.34e-03     64s
  35   2.23201820e+01 -1.35884627e+01  1.92e+00 5.59e-01  4.63e+01 *7.10e+00 1.53e-02  2.29e+02  2.38e-01 7.87e-03     66s
  36   2.18924032e+01 -1.35850315e+01  1.96e+00 5.55e-01  4.60e+01 *7.34e+00 1.53e-02  2.36e+02  2.32e-01 7.44e-03     68s
  37   2.14741673e+01 -1.35818023e+01  2.00e+00 5.51e-01  4.57e+01 *7.59e+00 1.54e-02  2.43e+02  2.27e-01 7.05e-03     70s
  38   2.10653897e+01 -1.35787631e+01  2.04e+00 5.47e-01  4.54e+01 *7.85e+00 1.54e-02  2.50e+02  2.21e-01 6.68e-03     72s
  39   2.06648161e+01 -1.35758940e+01  2.08e+00 5.44e-01  4.52e+01 *8.11e+00 1.54e-02  2.56e+02  2.16e-01 6.34e-03     73s
  40   2.02716758e+01 -1.35731804e+01  2.12e+00 5.40e-01  4.49e+01 *8.37e+00 1.54e-02  2.62e+02  2.11e-01 6.03e-03     75s
  41   1.98860301e+01 -1.35706141e+01  2.15e+00 5.37e-01  4.47e+01 *8.65e+00 1.54e-02  2.68e+02  2.07e-01 5.74e-03     77s
  42   1.95064413e+01 -1.35681779e+01  2.19e+00 5.34e-01  4.45e+01 *8.93e+00 1.54e-02  2.74e+02  2.02e-01 5.47e-03     78s
  43   1.91326697e+01 -1.35658635e+01  2.23e+00 5.31e-01  4.43e+01 *9.21e+00 1.54e-02  2.79e+02  1.98e-01 5.23e-03     80s
  44   1.87648699e+01 -1.35636654e+01  2.26e+00 5.29e-01  4.41e+01 *9.51e+00 1.54e-02  2.84e+02  1.94e-01 4.99e-03     82s
  45   1.84017564e+01 -1.35615700e+01  2.30e+00 5.26e-01  4.39e+01 *9.81e+00 1.54e-02  2.89e+02  1.90e-01 4.77e-03     83s
  46   1.80438894e+01 -1.35595754e+01  2.33e+00 5.24e-01  4.37e+01 *1.01e+01 1.54e-02  2.94e+02  1.86e-01 4.56e-03     85s
  47   1.76900584e+01 -1.35576698e+01  2.37e+00 5.22e-01  4.35e+01 *1.04e+01 1.54e-02  2.99e+02  1.82e-01 4.38e-03     87s
  48   1.73404953e+01 -1.35558500e+01  2.40e+00 5.19e-01  4.33e+01 *1.07e+01 1.54e-02  3.03e+02  1.79e-01 4.19e-03     89s
  49   1.69947462e+01 -1.35541095e+01  2.44e+00 5.17e-01  4.32e+01 *1.11e+01 1.54e-02  3.08e+02  1.75e-01 4.02e-03     91s
  50   1.66523771e+01 -1.35524422e+01  2.47e+00 5.15e-01  4.30e+01 *1.14e+01 1.54e-02  3.12e+02  1.72e-01 3.87e-03     93s
  51   1.63136502e+01 -1.35508460e+01  2.50e+00 5.13e-01  4.29e+01 *1.17e+01 1.54e-02  3.16e+02  1.69e-01 3.71e-03     94s
  52   1.59778239e+01 -1.35493140e+01  2.54e+00 5.12e-01  4.27e+01 *1.21e+01 1.54e-02  3.19e+02  1.66e-01 3.58e-03     96s
  53   1.56451752e+01 -1.35478445e+01  2.57e+00 5.10e-01  4.26e+01 *1.24e+01 1.54e-02  3.23e+02  1.63e-01 3.44e-03     98s
  54   1.53153242e+01 -1.35464329e+01  2.60e+00 5.08e-01  4.25e+01 *1.28e+01 1.55e-02  3.27e+02  1.60e-01 3.31e-03    100s
  55   1.49879023e+01 -1.35450749e+01  2.64e+00 5.07e-01  4.24e+01 *1.31e+01 1.55e-02  3.30e+02  1.58e-01 3.20e-03    102s
  56   1.46632015e+01 -1.35437694e+01  2.67e+00 5.05e-01  4.22e+01 *1.35e+01 1.55e-02  3.33e+02  1.55e-01 3.08e-03    104s
  57   1.43405481e+01 -1.35425114e+01  2.70e+00 5.03e-01  4.21e+01 *1.39e+01 1.55e-02  3.36e+02  1.52e-01 2.98e-03    105s
  58   1.40202410e+01 -1.35412998e+01  2.74e+00 5.02e-01  4.20e+01 *1.43e+01 1.55e-02  3.39e+02  1.50e-01 2.87e-03    107s
  59   1.37019442e+01 -1.35401314e+01  2.77e+00 5.01e-01  4.19e+01 *1.47e+01 1.55e-02  3.42e+02  1.48e-01 2.78e-03    109s
  60   1.33853283e+01 -1.35390032e+01  2.80e+00 4.99e-01  4.18e+01 *1.51e+01 1.55e-02  3.45e+02  1.45e-01 2.69e-03    111s
  61   1.30710138e+01 -1.35379155e+01  2.84e+00 4.98e-01  4.17e+01 *1.55e+01 1.55e-02  3.48e+02  1.43e-01 2.59e-03    113s
  62   1.27580564e+01 -1.35368636e+01  2.87e+00 4.97e-01  4.16e+01 *1.59e+01 1.55e-02  3.50e+02  1.41e-01 2.51e-03    115s
  63   1.24470759e+01 -1.35358478e+01  2.90e+00 4.95e-01  4.15e+01 *1.63e+01 1.55e-02  3.53e+02  1.39e-01 2.43e-03    117s
  64   1.21374535e+01 -1.35348648e+01  2.93e+00 4.94e-01  4.14e+01 *1.67e+01 1.55e-02  3.55e+02  1.37e-01 2.36e-03    119s
  65   1.18294998e+01 -1.35339141e+01  2.96e+00 4.93e-01  4.13e+01 *1.71e+01 1.55e-02  3.57e+02  1.35e-01 2.29e-03    121s
  66   1.15226062e+01 -1.35329927e+01  3.00e+00 4.92e-01  4.13e+01 *1.76e+01 1.55e-02  3.60e+02  1.33e-01 2.22e-03    122s
  67   1.12173898e+01 -1.35321011e+01  3.03e+00 4.91e-01  4.12e+01 *1.80e+01 1.55e-02  3.62e+02  1.31e-01 2.15e-03    124s
  68   1.09132516e+01 -1.35312365e+01  3.06e+00 4.90e-01  4.11e+01 *1.84e+01 1.55e-02  3.64e+02  1.29e-01 2.09e-03    126s
  69   1.06105038e+01 -1.35303986e+01  3.09e+00 4.89e-01  4.10e+01 *1.89e+01 1.55e-02  3.66e+02  1.27e-01 2.03e-03    128s
  70   1.03088566e+01 -1.35295857e+01  3.12e+00 4.88e-01  4.09e+01 *1.94e+01 1.55e-02  3.68e+02  1.25e-01 1.97e-03    130s
  71   1.00083224e+01 -1.35287968e+01  3.16e+00 4.87e-01  4.09e+01 *1.98e+01 1.55e-02  3.69e+02  1.24e-01 1.91e-03    132s
  72   9.70891472e+00 -1.35280310e+01  3.19e+00 4.86e-01  4.08e+01 *2.03e+01 1.55e-02  3.71e+02  1.22e-01 1.86e-03    134s
  73   9.41034989e+00 -1.35272868e+01  3.22e+00 4.85e-01  4.07e+01 *2.08e+01 1.55e-02  3.73e+02  1.21e-01 1.81e-03    136s
  74   9.11294014e+00 -1.35265640e+01  3.25e+00 4.84e-01  4.07e+01 *2.13e+01 1.55e-02  3.75e+02  1.19e-01 1.76e-03    138s
  75   8.81640574e+00 -1.35258614e+01  3.28e+00 4.84e-01  4.06e+01 *2.18e+01 1.55e-02  3.76e+02  1.17e-01 1.71e-03    140s
  76   8.52046724e+00 -1.35251774e+01  3.31e+00 4.83e-01  4.06e+01 *2.23e+01 1.55e-02  3.78e+02  1.16e-01 1.67e-03    141s
  77   8.22573058e+00 -1.35245128e+01  3.35e+00 4.82e-01  4.05e+01 *2.28e+01 1.55e-02  3.79e+02  1.15e-01 1.63e-03    143s
  78   7.93162695e+00 -1.35238656e+01  3.38e+00 4.81e-01  4.04e+01 *2.33e+01 1.55e-02  3.81e+02  1.13e-01 1.58e-03    145s
  79   7.63817347e+00 -1.35232353e+01  3.41e+00 4.81e-01  4.04e+01 *2.38e+01 1.55e-02  3.82e+02  1.12e-01 1.54e-03    147s
  80   7.34568069e+00 -1.35226219e+01  3.44e+00 4.80e-01  4.03e+01 *2.43e+01 1.55e-02  3.83e+02  1.10e-01 1.51e-03    148s
  81   7.05387662e+00 -1.35220242e+01  3.47e+00 4.79e-01  4.03e+01 *2.49e+01 1.55e-02  3.85e+02  1.09e-01 1.47e-03    150s
  82   6.76278012e+00 -1.35214419e+01  3.50e+00 4.78e-01  4.02e+01 *2.54e+01 1.55e-02  3.86e+02  1.08e-01 1.43e-03    152s
  83   6.47211987e+00 -1.35208737e+01  3.53e+00 4.78e-01  4.02e+01 *2.59e+01 1.55e-02  3.87e+02  1.07e-01 1.40e-03    154s
  84   6.18220401e+00 -1.35203198e+01  3.56e+00 4.77e-01  4.01e+01 *2.65e+01 1.55e-02  3.88e+02  1.05e-01 1.36e-03    155s
  85   5.89305265e+00 -1.35197799e+01  3.60e+00 4.76e-01  4.01e+01 *2.70e+01 1.55e-02  3.89e+02  1.04e-01 1.33e-03    156s
  86   5.60439759e+00 -1.35192529e+01  3.63e+00 4.76e-01  4.00e+01 *2.76e+01 1.55e-02  3.91e+02  1.03e-01 1.30e-03    158s
  87   5.31596946e+00 -1.35187379e+01  3.66e+00 4.75e-01  4.00e+01 *2.82e+01 1.55e-02  3.92e+02  1.02e-01 1.27e-03    159s
  88   5.02836159e+00 -1.35182356e+01  3.69e+00 4.75e-01  3.99e+01 *2.88e+01 1.55e-02  3.93e+02  1.01e-01 1.24e-03    161s
  89   4.74130809e+00 -1.35177451e+01  3.72e+00 4.74e-01  3.99e+01 *2.94e+01 1.55e-02  3.94e+02  9.96e-02 1.21e-03    163s
  90   4.45482886e+00 -1.35172661e+01  3.75e+00 4.74e-01  3.98e+01 *2.99e+01 1.55e-02  3.95e+02  9.85e-02 1.19e-03    165s
  91   4.16865778e+00 -1.35167977e+01  3.78e+00 4.73e-01  3.98e+01 *3.05e+01 1.55e-02  3.96e+02  9.75e-02 1.16e-03    166s
  92   3.88281322e+00 -1.35163398e+01  3.81e+00 4.72e-01  3.98e+01 *3.11e+01 1.55e-02  3.97e+02  9.64e-02 1.14e-03    169s
  93   3.59759927e+00 -1.35158924e+01  3.84e+00 4.72e-01  3.97e+01 *3.18e+01 1.55e-02  3.97e+02  9.54e-02 1.11e-03    171s
  94   3.31275160e+00 -1.35154548e+01  3.87e+00 4.71e-01  3.97e+01 *3.24e+01 1.55e-02  3.98e+02  9.44e-02 1.09e-03    173s
  95   3.02828912e+00 -1.35150267e+01  3.91e+00 4.71e-01  3.96e+01 *3.30e+01 1.55e-02  3.99e+02  9.35e-02 1.06e-03    175s
  96   2.74451495e+00 -1.35146083e+01  3.94e+00 4.70e-01  3.96e+01 *3.36e+01 1.55e-02  4.00e+02  9.25e-02 1.04e-03    177s
  97   2.46088281e+00 -1.35141985e+01  3.97e+00 4.70e-01  3.96e+01 *3.43e+01 1.55e-02  4.01e+02  9.16e-02 1.02e-03    178s
  98   2.17740987e+00 -1.35137972e+01  4.00e+00 4.69e-01  3.95e+01 *3.49e+01 1.55e-02  4.02e+02  9.07e-02 1.00e-03    180s
  99   1.89467974e+00 -1.35134047e+01  4.03e+00 4.69e-01  3.95e+01 *3.56e+01 1.55e-02  4.02e+02  8.98e-02 9.78e-04    182s

The solution quality is limited by the precision of the linear system solver.

The II-IPM stopped after 100 iterations in 181.69 seconds.

Primal variables:   [+1.605 +0.869 +171.434 +88.525 +0.972 +1.165 +1.464 +0.905 +0.896 +1.078]
Dual slacks:        [+1.505 +5.044 +0.012 +0.029 +4.807 +4.125 +3.401 +4.908 +4.990 +4.411]
Dual variables:     [-4.796 -5.692]

Primal objective:   1.89467974e+00 
Dual objective:     -1.35134047e+01

Primal residual:    4.03e+00
Dual residual:      4.69e-01
Complementraty:     3.95e+01

Number of Iter:     100
Run time:           181.69
