
================= Linear optimization problem Information =================
Number of variables:     4
Number of constraints:   2

Norm of primal sol:      5.00e+00
Norm of dual sol:        1.00e+01
Norm of dual slacks:     5.00e+00

Norm of vector b:        6.12e-01
Norm of vector c:        1.20e+01

Norm of matrix A:        1.12e+00
Condition number:        2.00e+00
Seed:                    52

======================= Linear optimization problem =======================
coeff matrix A:          [[-0.631 -0.559 -0.372 +0.256]
                          [-0.548 +0.189 -0.001 -0.007]]

RHS vector b:            [+0.612 -0.034]
Obj vector c:            [+9.471 +6.052 +3.561 -2.472]

============================ Optimal solution =============================
Primal variables:        [+0.000 +0.000 +1.613 +4.733]
Dual slacks:             [+4.997 +0.159 +0.000 +0.000]
Dual variables:          [-9.581 +2.865]

Optimal objective:       -5.95548818e+00
===========================================================================

Method:             II-QIPM
LO_Precision:       1.00e-01
Stop_Precision:     1.00e-03
LO_Verbosity:       2
Omega:              1.00e+01
num_ancillae:       4

The Quantum Inexact Infeasible Interior-Point Method starts running ...


                  Objective                Residual                      Quantum                    Step-length
Iter      Primal           Dual         Primal    Dual     Compl    ||Resl||   Prob    Cond-Num   a-star   a-hat      Time
   0   6.20907440e+01  1.92827549e+00  5.48e+00 5.66e+00  1.62e+02  3.10e-03 4.42e-02  4.00e+00  7.27e-01 6.12e-01      2s
   1   5.58942441e+01  1.37088634e+00  4.93e+00 5.09e+00  1.47e+02 *5.93e-02 2.98e-02  7.60e+00  6.13e-01 1.00e-01      4s
   2   5.11778284e+01  8.89168736e-01  4.51e+00 4.65e+00  1.36e+02 *1.13e-01 2.26e-02  9.05e+00  6.37e-01 8.68e-02      6s
   3   4.64672661e+01  3.63208295e-01  4.08e+00 4.20e+00  1.24e+02 *2.59e-01 1.88e-02  1.05e+01  6.61e-01 9.66e-02      7s
   4   4.16216667e+01 -2.23910002e-01  3.63e+00 3.73e+00  1.11e+02 *3.65e-01 1.68e-02  1.23e+01  6.93e-01 1.11e-01      9s
   5   3.64357755e+01 -8.99276586e-01  3.16e+00 3.23e+00  9.77e+01 *4.15e-01 1.60e-02  1.46e+01  7.36e-01 1.35e-01     10s
   6   3.06317542e+01 -1.70143342e+00  2.63e+00 2.66e+00  8.24e+01 *4.08e-01 1.57e-02  1.77e+01  7.92e-01 1.75e-01     12s
   7   2.37560608e+01 -2.69116600e+00  2.01e+00 2.01e+00  6.41e+01 *3.42e-01 1.56e-02  2.22e+01  8.69e-01 2.46e-01     14s
   8   1.48373932e+01 -3.98254552e+00  1.23e+00 1.20e+00  4.10e+01 *2.11e-01 1.56e-02  2.99e+01  9.77e-01 4.05e-01     16s
   9   1.66663666e+00 -5.71443421e+00  1.58e-01 1.54e-01  1.01e+01 *4.01e-03 1.56e-02  4.76e+01  9.59e-01 8.71e-01     17s
  10   5.18986764e-01 -5.75259686e+00  1.28e-01 1.27e-01  8.49e+00 *3.41e-02 1.56e-02  1.67e+02  7.57e-01 1.74e-01     18s
  11  -2.71414235e-01 -5.77574316e+00  1.11e-01 1.10e-01  7.44e+00 *1.84e-02 1.56e-02  2.17e+02  7.35e-01 1.36e-01     19s
  12  -9.49970349e-01 -5.79371193e+00  1.00e-01 9.59e-02  6.57e+00 *5.74e-02 1.56e-02  2.73e+02  7.18e-01 1.29e-01     20s
  13  -1.53368382e+00 -5.80771843e+00  9.38e-02 8.42e-02  5.84e+00 *9.34e-02 1.56e-02  3.45e+02  7.01e-01 1.22e-01     21s
  14  -2.03484861e+00 -5.81864291e+00  9.19e-02 7.45e-02  5.23e+00 *1.27e-01 1.56e-02  4.37e+02  6.83e-01 1.15e-01     22s
  15  -2.46423005e+00 -5.82717242e+00  9.42e-02 6.65e-02  4.72e+00 *1.60e-01 1.56e-02  5.54e+02  6.63e-01 1.07e-01     24s
  16  -2.83211893e+00 -5.83385558e+00  1.00e-01 5.99e-02  4.29e+00 *1.94e-01 1.56e-02  6.98e+02  6.42e-01 9.91e-02     26s
  17  -3.14706468e+00 -5.83910551e+00  1.09e-01 5.45e-02  3.93e+00 *2.28e-01 1.56e-02  8.69e+02  6.20e-01 9.08e-02     28s
  18  -3.41738311e+00 -5.84325323e+00  1.20e-01 5.00e-02  3.63e+00 *2.64e-01 1.56e-02  1.06e+03  5.97e-01 8.25e-02     29s
  19  -3.65047381e+00 -5.84655374e+00  1.32e-01 4.63e-02  3.38e+00 *3.03e-01 1.56e-02  1.28e+03  5.74e-01 7.44e-02     31s
  20  -3.85274460e+00 -5.84920176e+00  1.45e-01 4.32e-02  3.18e+00 *3.45e-01 1.56e-02  1.51e+03  5.50e-01 6.69e-02     33s
  21  -4.02980755e+00 -5.85134755e+00  1.59e-01 4.06e-02  3.00e+00 *3.90e-01 1.56e-02  1.74e+03  5.26e-01 5.99e-02     35s
  22  -4.18615365e+00 -5.85310261e+00  1.73e-01 3.84e-02  2.85e+00 *4.39e-01 1.56e-02  1.98e+03  5.04e-01 5.36e-02     36s
  23  -4.32564939e+00 -5.85455349e+00  1.88e-01 3.66e-02  2.72e+00 *4.91e-01 1.56e-02  2.20e+03  4.82e-01 4.80e-02     38s
  24  -4.45121569e+00 -5.85576352e+00  2.03e-01 3.50e-02  2.61e+00 *5.48e-01 1.56e-02  2.42e+03  4.61e-01 4.30e-02     40s
  25  -4.56551773e+00 -5.85678399e+00  2.19e-01 3.37e-02  2.52e+00 *6.08e-01 1.56e-02  2.62e+03  4.41e-01 3.86e-02     42s
  26  -4.67044521e+00 -5.85765169e+00  2.34e-01 3.25e-02  2.44e+00 *6.73e-01 1.56e-02  2.80e+03  4.22e-01 3.47e-02     44s
  27  -4.76770323e+00 -5.85839660e+00  2.50e-01 3.15e-02  2.37e+00 *7.42e-01 1.56e-02  2.97e+03  4.04e-01 3.14e-02     45s
  28  -4.85838581e+00 -5.85903985e+00  2.66e-01 3.06e-02  2.31e+00 *8.16e-01 1.56e-02  3.12e+03  3.88e-01 2.84e-02     47s
  29  -4.94371921e+00 -5.85960059e+00  2.82e-01 2.98e-02  2.25e+00 *8.93e-01 1.56e-02  3.25e+03  3.72e-01 2.58e-02     49s
  30  -5.02446271e+00 -5.86009223e+00  2.98e-01 2.91e-02  2.20e+00 *9.75e-01 1.56e-02  3.37e+03  3.58e-01 2.35e-02     51s
  31  -5.10131545e+00 -5.86052606e+00  3.14e-01 2.85e-02  2.16e+00 *1.06e+00 1.56e-02  3.48e+03  3.44e-01 2.14e-02     53s
  32  -5.17485701e+00 -5.86091117e+00  3.31e-01 2.79e-02  2.12e+00 *1.15e+00 1.56e-02  3.58e+03  3.31e-01 1.96e-02     55s
  33  -5.24557227e+00 -5.86125497e+00  3.47e-01 2.74e-02  2.08e+00 *1.25e+00 1.56e-02  3.66e+03  3.19e-01 1.80e-02     57s
  34  -5.31387086e+00 -5.86156350e+00  3.64e-01 2.69e-02  2.05e+00 *1.35e+00 1.56e-02  3.74e+03  3.08e-01 1.66e-02     59s
  35  -5.37996997e+00 -5.86184123e+00  3.80e-01 2.65e-02  2.02e+00 *1.45e+00 1.56e-02  3.81e+03  2.97e-01 1.53e-02     61s
  36  -5.44430512e+00 -5.86209293e+00  3.97e-01 2.62e-02  1.99e+00 *1.56e+00 1.56e-02  3.87e+03  2.87e-01 1.42e-02     63s
  37  -5.50701290e+00 -5.86232162e+00  4.14e-01 2.58e-02  1.97e+00 *1.67e+00 1.56e-02  3.92e+03  2.78e-01 1.31e-02     65s
  38  -5.56832787e+00 -5.86253030e+00  4.31e-01 2.55e-02  1.95e+00 *1.79e+00 1.56e-02  3.97e+03  2.69e-01 1.22e-02     67s
  39  -5.62833818e+00 -5.86272114e+00  4.47e-01 2.52e-02  1.93e+00 *1.92e+00 1.56e-02  4.01e+03  2.60e-01 1.14e-02     68s
  40  -5.68729202e+00 -5.86289654e+00  4.64e-01 2.49e-02  1.91e+00 *2.04e+00 1.56e-02  4.05e+03  2.52e-01 1.06e-02     70s
  41  -5.74524386e+00 -5.86305805e+00  4.81e-01 2.47e-02  1.89e+00 *2.17e+00 1.56e-02  4.09e+03  2.45e-01 9.94e-03     71s
  42  -5.80235119e+00 -5.86320732e+00  4.98e-01 2.45e-02  1.87e+00 *2.31e+00 1.56e-02  4.12e+03  2.38e-01 9.32e-03     73s
  43  -5.85870316e+00 -5.86334565e+00  5.15e-01 2.42e-02  1.86e+00 *2.45e+00 1.56e-02  4.15e+03  2.31e-01 8.76e-03     75s
