
================= Linear optimization problem Information =================
Number of variables:     6
Number of constraints:   2

Norm of primal sol:      5.00e+00
Norm of dual sol:        1.00e+01
Norm of dual slacks:     5.00e+00

Norm of vector b:        2.27e+00
Norm of vector c:        1.65e+00

Norm of matrix A:        1.12e+00
Condition number:        2.00e+00
Seed:                    71

======================= Linear optimization problem =======================
coeff matrix A:          [[+0.008 -0.467 -0.376 +0.460 +0.285 -0.456]
                          [-0.155 +0.216 +0.178 -0.181 -0.463 -0.202]]

RHS vector b:            [-2.092 +0.872]
Obj vector c:            [-1.380 +0.057 +0.084 +0.233 +0.738 -0.449]

============================ Optimal solution =============================
Primal variables:        [+0.970 +2.020 +4.347 +1.038 +0.000 +0.000]
Dual slacks:             [+0.000 +0.000 +0.000 +0.000 +3.791 +3.260]
Dual variables:          [+4.097 +9.122]

Optimal objective:       -6.13142199e-01
===========================================================================

Method:             II-QIPM
LO_Precision:       1.00e-01
Stop_Precision:     1.00e-03
LO_Verbosity:       2
Omega:              1.00e+01
num_ancillae:       4

The Quantum Inexact Infeasible Interior-Point Method starts running ...


                  Objective                Residual                      Quantum                    Step-length
Iter      Primal           Dual         Primal    Dual     Compl    ||Resl||   Prob    Cond-Num   a-star   a-hat      Time
   0  -5.63880191e+00 -4.30773196e+00  1.96e+00 6.31e+00  1.64e+02  6.55e-02 2.49e-01  4.00e+00  8.41e-01 7.46e-01      1s
   1  -3.25652207e+00 -2.71920209e+00  1.16e+00 2.75e+00  8.01e+01 *5.33e-01 1.54e-02  4.64e+01  8.13e-01 5.63e-01      3s
   2  -2.22592219e+00 -2.42642803e+00  9.48e-01 2.35e+00  6.93e+01 *2.63e-01 1.56e-02  1.52e+02  7.19e-01 1.47e-01      5s
   3  -1.24414888e+00 -2.19397172e+00  7.65e-01 2.04e+00  6.09e+01 *4.43e-01 1.56e-02  2.05e+02  6.90e-01 1.31e-01      7s
   4  -3.06123922e-01 -2.00810123e+00  6.04e-01 1.80e+00  5.43e+01 *6.17e-01 1.56e-02  2.70e+02  6.58e-01 1.17e-01      9s
   5   5.86818721e-01 -1.85992737e+00  4.60e-01 1.62e+00  4.90e+01 *7.93e-01 1.56e-02  3.45e+02  6.25e-01 1.03e-01     11s
   6   1.43676375e+00 -1.74170370e+00  3.31e-01 1.47e+00  4.49e+01 *9.74e-01 1.56e-02  4.27e+02  5.91e-01 9.00e-02     13s
   7   2.25010687e+00 -1.64665766e+00  2.16e-01 1.36e+00  4.16e+01 *1.17e+00 1.56e-02  5.12e+02  5.59e-01 7.81e-02     14s
   8   3.03349033e+00 -1.56948623e+00  1.11e-01 1.26e+00  3.90e+01 *1.37e+00 1.56e-02  5.96e+02  5.28e-01 6.79e-02     16s
   9   3.79411238e+00 -1.50603742e+00  3.52e-02 1.19e+00  3.68e+01 *1.58e+00 1.56e-02  6.77e+02  4.99e-01 5.91e-02     18s
  10   4.53603073e+00 -1.45336412e+00  9.52e-02 1.13e+00  3.50e+01 *1.82e+00 1.56e-02  7.52e+02  4.72e-01 5.16e-02     20s
  11   5.26416258e+00 -1.40910747e+00  1.82e-01 1.08e+00  3.35e+01 *2.06e+00 1.56e-02  8.20e+02  4.47e-01 4.53e-02     21s
  12   5.98168382e+00 -1.37154577e+00  2.66e-01 1.03e+00  3.22e+01 *2.33e+00 1.56e-02  8.81e+02  4.24e-01 3.99e-02     23s
  13   6.69244384e+00 -1.33930309e+00  3.49e-01 9.97e-01  3.11e+01 *2.61e+00 1.56e-02  9.36e+02  4.02e-01 3.55e-02     25s
  14   7.39698906e+00 -1.31144634e+00  4.30e-01 9.65e-01  3.02e+01 *2.92e+00 1.56e-02  9.85e+02  3.83e-01 3.15e-02     27s
  15   8.09755590e+00 -1.28716025e+00  5.09e-01 9.38e-01  2.94e+01 *3.24e+00 1.56e-02  1.03e+03  3.65e-01 2.82e-02     29s
  16   8.79547092e+00 -1.26582926e+00  5.87e-01 9.14e-01  2.87e+01 *3.58e+00 1.56e-02  1.07e+03  3.48e-01 2.54e-02     31s
  17   9.49191377e+00 -1.24696309e+00  6.64e-01 8.93e-01  2.81e+01 *3.94e+00 1.56e-02  1.10e+03  3.33e-01 2.29e-02     33s
  18   1.01872891e+01 -1.23018443e+00  7.39e-01 8.75e-01  2.75e+01 *4.32e+00 1.56e-02  1.13e+03  3.19e-01 2.08e-02     35s
  19   1.08819371e+01 -1.21518435e+00  8.15e-01 8.58e-01  2.70e+01 *4.72e+00 1.56e-02  1.15e+03  3.06e-01 1.89e-02     37s
  20   1.15768636e+01 -1.20169463e+00  8.89e-01 8.44e-01  2.66e+01 *5.15e+00 1.56e-02  1.18e+03  2.93e-01 1.72e-02     39s
  21   1.22718959e+01 -1.18951619e+00  9.63e-01 8.30e-01  2.62e+01 *5.59e+00 1.56e-02  1.20e+03  2.81e-01 1.58e-02     40s
  22   1.29675555e+01 -1.17846988e+00  1.04e+00 8.18e-01  2.58e+01 *6.06e+00 1.56e-02  1.22e+03  2.69e-01 1.45e-02     41s
  23   1.36642676e+01 -1.16840764e+00  1.11e+00 8.07e-01  2.55e+01 *6.54e+00 1.56e-02  1.23e+03  2.58e-01 1.34e-02     43s
  24   1.43618012e+01 -1.15921365e+00  1.18e+00 7.97e-01  2.52e+01 *7.05e+00 1.56e-02  1.25e+03  2.48e-01 1.23e-02     45s
  25   1.50606425e+01 -1.15077985e+00  1.26e+00 7.88e-01  2.49e+01 *7.58e+00 1.56e-02  1.26e+03  2.38e-01 1.14e-02     47s
  26   1.57606309e+01 -1.14302196e+00  1.33e+00 7.80e-01  2.47e+01 *8.14e+00 1.56e-02  1.27e+03  2.29e-01 1.06e-02     48s
  27   1.64616329e+01 -1.13586686e+00  1.40e+00 7.72e-01  2.44e+01 *8.71e+00 1.56e-02  1.28e+03  2.21e-01 9.87e-03     50s
  28   1.71635448e+01 -1.12925083e+00  1.48e+00 7.65e-01  2.42e+01 *9.31e+00 1.56e-02  1.29e+03  2.13e-01 9.20e-03     52s
  29   1.78669989e+01 -1.12311210e+00  1.55e+00 7.58e-01  2.40e+01 *9.94e+00 1.56e-02  1.30e+03  2.06e-01 8.60e-03     53s
  30   1.85712773e+01 -1.11740868e+00  1.62e+00 7.52e-01  2.38e+01 *1.06e+01 1.56e-02  1.31e+03  1.99e-01 8.04e-03     55s
  31   1.92770813e+01 -1.11209230e+00  1.69e+00 7.47e-01  2.37e+01 *1.12e+01 1.56e-02  1.31e+03  1.92e-01 7.55e-03     57s
  32   1.99844643e+01 -1.10712596e+00  1.77e+00 7.41e-01  2.35e+01 *1.19e+01 1.56e-02  1.32e+03  1.86e-01 7.09e-03     59s
  33   2.06928039e+01 -1.10248155e+00  1.84e+00 7.36e-01  2.33e+01 *1.27e+01 1.56e-02  1.33e+03  1.80e-01 6.67e-03     61s
  34   2.14021958e+01 -1.09812925e+00  1.91e+00 7.32e-01  2.32e+01 *1.34e+01 1.56e-02  1.33e+03  1.74e-01 6.29e-03     63s
  35   2.21120582e+01 -1.09404663e+00  1.98e+00 7.27e-01  2.31e+01 *1.42e+01 1.56e-02  1.34e+03  1.69e-01 5.93e-03     65s
  36   2.28239537e+01 -1.09020176e+00  2.06e+00 7.23e-01  2.29e+01 *1.49e+01 1.56e-02  1.34e+03  1.64e-01 5.61e-03     67s
  37   2.35359578e+01 -1.08658501e+00  2.13e+00 7.20e-01  2.28e+01 *1.58e+01 1.56e-02  1.34e+03  1.59e-01 5.30e-03     69s
  38   2.42496794e+01 -1.08316960e+00  2.20e+00 7.16e-01  2.27e+01 *1.66e+01 1.56e-02  1.35e+03  1.55e-01 5.03e-03     71s
  39   2.49639422e+01 -1.07994509e+00  2.28e+00 7.13e-01  2.26e+01 *1.75e+01 1.56e-02  1.35e+03  1.51e-01 4.77e-03     73s
  40   2.56797041e+01 -1.07689233e+00  2.35e+00 7.09e-01  2.25e+01 *1.83e+01 1.56e-02  1.35e+03  1.46e-01 4.53e-03     75s
  41   2.63958220e+01 -1.07400307e+00  2.42e+00 7.06e-01  2.24e+01 *1.92e+01 1.56e-02  1.36e+03  1.42e-01 4.31e-03     77s
  42   2.71125762e+01 -1.07126386e+00  2.49e+00 7.03e-01  2.23e+01 *2.02e+01 1.56e-02  1.36e+03  1.39e-01 4.10e-03     79s
  43   2.78302746e+01 -1.06866258e+00  2.57e+00 7.01e-01  2.23e+01 *2.11e+01 1.56e-02  1.36e+03  1.35e-01 3.91e-03     81s
  44   2.85485327e+01 -1.06619076e+00  2.64e+00 6.98e-01  2.22e+01 *2.21e+01 1.56e-02  1.36e+03  1.32e-01 3.73e-03     82s
  45   2.92669737e+01 -1.06384052e+00  2.71e+00 6.95e-01  2.21e+01 *2.31e+01 1.56e-02  1.36e+03  1.29e-01 3.55e-03     84s
  46   2.99866677e+01 -1.06160007e+00  2.78e+00 6.93e-01  2.20e+01 *2.42e+01 1.56e-02  1.36e+03  1.25e-01 3.40e-03     86s
  47   3.07065655e+01 -1.05946531e+00  2.86e+00 6.91e-01  2.20e+01 *2.52e+01 1.56e-02  1.36e+03  1.22e-01 3.25e-03     88s
  48   3.14270492e+01 -1.05742809e+00  2.93e+00 6.89e-01  2.19e+01 *2.63e+01 1.56e-02  1.37e+03  1.20e-01 3.11e-03     90s
  49   3.21485244e+01 -1.05548103e+00  3.00e+00 6.87e-01  2.18e+01 *2.74e+01 1.56e-02  1.37e+03  1.17e-01 2.98e-03     92s
  50   3.28699745e+01 -1.05362112e+00  3.08e+00 6.85e-01  2.18e+01 *2.85e+01 1.56e-02  1.37e+03  1.14e-01 2.86e-03     94s
  51   3.35918183e+01 -1.05184182e+00  3.15e+00 6.83e-01  2.17e+01 *2.97e+01 1.56e-02  1.37e+03  1.12e-01 2.74e-03     96s
  52   3.43137731e+01 -1.05013886e+00  3.22e+00 6.81e-01  2.17e+01 *3.09e+01 1.56e-02  1.37e+03  1.09e-01 2.63e-03     98s
