
================= Linear optimization problem Information =================
Number of variables:     6
Number of constraints:   2

Norm of primal sol:      5.00e+00
Norm of dual sol:        1.00e+01
Norm of dual slacks:     5.00e+00

Norm of vector b:        1.66e+00
Norm of vector c:        1.08e+01

Norm of matrix A:        1.12e+00
Condition number:        2.00e+00
Seed:                    43

======================= Linear optimization problem =======================
coeff matrix A:          [[-0.602 -0.033 +0.576 +0.060 +0.205 +0.067]
                          [-0.404 -0.112 +0.164 +0.160 -0.147 +0.504]]

RHS vector b:            [+0.528 +1.573]
Obj vector c:            [-3.554 -0.589 +9.773 +0.970 +1.632 +1.866]

============================ Optimal solution =============================
Primal variables:        [+0.000 +2.698 +0.000 +1.066 +1.449 +3.806]
Dual slacks:             [+3.266 +0.000 +3.786 +0.000 +0.000 +0.000]
Dual variables:          [+9.706 +2.406]

Optimal objective:       +8.90992221e+00
===========================================================================

Method:             II-QIPM
LO_Precision:       1.00e-01
Stop_Precision:     1.00e-03
LO_Verbosity:       2
Omega:              1.00e+01
num_ancillae:       4

The Quantum Inexact Infeasible Interior-Point Method starts running ...


                  Objective                Residual                      Quantum                    Step-length
Iter      Primal           Dual         Primal    Dual     Compl    ||Resl||   Prob    Cond-Num   a-star   a-hat      Time
   0   6.37104146e+01  7.23681184e+00  1.77e-01 1.78e+00  9.63e+01  7.53e-03 1.63e-02  4.00e+00  9.94e-01 9.21e-01      2s
   1   5.53893276e+01  7.18269235e+00  1.40e-01 1.41e+00  7.86e+01  5.54e-03 2.31e-01  3.58e+00  8.54e-01 2.08e-01      3s
   2   4.91142515e+01  7.16622469e+00  1.14e-01 1.16e+00  6.62e+01  1.11e-02 2.46e-01  3.76e+00  8.26e-01 1.78e-01      5s
   3   4.40056970e+01  7.17214563e+00  9.58e-02 9.74e-01  5.66e+01  5.12e-03 2.28e-01  4.03e+00  8.00e-01 1.62e-01      6s
   4   3.97680633e+01  7.19499789e+00  7.95e-02 8.29e-01  4.91e+01  3.46e-02 1.50e-01  4.40e+00  7.77e-01 1.49e-01      8s
   5   3.62100884e+01  7.22863142e+00  6.47e-02 7.16e-01  4.31e+01  4.31e-02 8.77e-02  4.90e+00  7.54e-01 1.37e-01     10s
   6   3.32244758e+01  7.26993866e+00  5.63e-02 6.25e-01  3.82e+01  2.53e-03 6.60e-02  5.55e+00  7.33e-01 1.27e-01     11s
   7   3.06706558e+01  7.31805536e+00  5.29e-02 5.50e-01  3.41e+01  3.37e-02 5.76e-02  6.37e+00  7.16e-01 1.19e-01     13s
   8   2.84313966e+01  7.37171814e+00  4.90e-02 4.88e-01  3.06e+01  2.09e-02 4.97e-02  7.39e+00  7.01e-01 1.13e-01     14s
   9   2.64091905e+01  7.42894735e+00  3.83e-02 4.35e-01  2.76e+01  5.47e-02 4.02e-02  8.71e+00  6.89e-01 1.09e-01     15s
  10   2.45515146e+01  7.48695931e+00  1.92e-02 3.90e-01  2.50e+01  1.80e-01 3.10e-02  1.04e+01  6.76e-01 1.04e-01     16s
  11   2.28326452e+01  7.54328743e+00  2.45e-02 3.51e-01  2.28e+01  3.29e-01 2.39e-02  1.25e+01  6.62e-01 9.86e-02     18s
  12   2.12470501e+01  7.59619792e+00  6.42e-02 3.19e-01  2.09e+01  4.79e-01 1.95e-02  1.51e+01  6.45e-01 9.26e-02     19s
  13   1.97952504e+01  7.64472578e+00  1.12e-01 2.91e-01  1.92e+01  6.20e-01 1.73e-02  1.84e+01  6.28e-01 8.62e-02     21s
  14   1.84709404e+01  7.68861120e+00  1.62e-01 2.68e-01  1.78e+01  7.52e-01 1.62e-02  2.22e+01  6.09e-01 7.97e-02     23s
  15   1.72636341e+01  7.72793116e+00  2.15e-01 2.48e-01  1.66e+01  8.79e-01 1.57e-02  2.67e+01  5.89e-01 7.33e-02     25s
  16   1.61624338e+01  7.76287680e+00  2.68e-01 2.32e-01  1.56e+01  1.01e+00 1.56e-02  3.17e+01  5.69e-01 6.70e-02     27s
  17   1.51529615e+01  7.79382763e+00  3.21e-01 2.18e-01  1.47e+01  1.14e+00 1.55e-02  3.73e+01  5.49e-01 6.11e-02     28s
  18   1.42250398e+01  7.82109533e+00  3.73e-01 2.06e-01  1.40e+01  1.27e+00 1.54e-02  4.33e+01  5.29e-01 5.55e-02     30s
  19   1.33652395e+01  7.84513952e+00  4.26e-01 1.95e-01  1.34e+01  1.41e+00 1.54e-02  4.96e+01  5.09e-01 5.03e-02     32s
  20   1.25631853e+01  7.86635330e+00  4.78e-01 1.86e-01  1.28e+01  1.57e+00 1.54e-02  5.61e+01  4.90e-01 4.56e-02     34s
  21   1.18095523e+01  7.88511031e+00  5.29e-01 1.79e-01  1.23e+01  1.73e+00 1.54e-02  6.27e+01  4.71e-01 4.14e-02     35s
  22   1.10981240e+01  7.90170405e+00  5.81e-01 1.72e-01  1.19e+01  1.90e+00 1.54e-02  6.92e+01  4.53e-01 3.75e-02     36s
  23   1.04211690e+01  7.91645673e+00  6.32e-01 1.66e-01  1.15e+01  2.08e+00 1.54e-02  7.55e+01  4.35e-01 3.41e-02     37s
  24   9.77425356e+00  7.92959860e+00  6.82e-01 1.61e-01  1.12e+01  2.27e+00 1.54e-02  8.17e+01  4.19e-01 3.11e-02     38s
  25   9.15193982e+00  7.94136587e+00  7.33e-01 1.56e-01  1.09e+01  2.47e+00 1.54e-02  8.76e+01  4.03e-01 2.84e-02     40s
  26   8.55087055e+00  7.95193462e+00  7.83e-01 1.52e-01  1.06e+01  2.68e+00 1.54e-02  9.31e+01  3.89e-01 2.59e-02     41s
  27   7.96770474e+00  7.96146560e+00  8.34e-01 1.49e-01  1.04e+01  2.90e+00 1.54e-02  9.84e+01  3.75e-01 2.38e-02     43s
  28   7.40019046e+00  7.97008642e+00  8.84e-01 1.45e-01  1.02e+01  3.13e+00 1.54e-02  1.03e+02  3.62e-01 2.18e-02     45s
  29   6.84646272e+00  7.97790698e+00  9.34e-01 1.42e-01  1.00e+01  3.37e+00 1.54e-02  1.08e+02  3.49e-01 2.01e-02     47s
  30   6.30334309e+00  7.98504346e+00  9.84e-01 1.40e-01  9.84e+00  3.63e+00 1.54e-02  1.12e+02  3.37e-01 1.86e-02     49s
  31   5.77115513e+00  7.99155360e+00  1.03e+00 1.37e-01  9.68e+00  3.89e+00 1.54e-02  1.16e+02  3.26e-01 1.72e-02     50s
  32   5.24670983e+00  7.99753258e+00  1.08e+00 1.35e-01  9.54e+00  4.17e+00 1.55e-02  1.20e+02  3.16e-01 1.60e-02     52s
  33   4.73012351e+00  8.00302649e+00  1.13e+00 1.33e-01  9.41e+00  4.45e+00 1.55e-02  1.23e+02  3.06e-01 1.48e-02     54s
  34   4.22009483e+00  8.00809245e+00  1.18e+00 1.31e-01  9.29e+00  4.75e+00 1.55e-02  1.26e+02  2.97e-01 1.38e-02     56s
  35   3.71543308e+00  8.01277974e+00  1.23e+00 1.30e-01  9.18e+00  5.06e+00 1.55e-02  1.29e+02  2.88e-01 1.29e-02     58s
  36   3.21603304e+00  8.01712227e+00  1.28e+00 1.28e-01  9.08e+00  5.38e+00 1.55e-02  1.31e+02  2.79e-01 1.20e-02     59s
  37   2.72086583e+00  8.02115858e+00  1.33e+00 1.27e-01  8.98e+00  5.72e+00 1.55e-02  1.34e+02  2.71e-01 1.13e-02     61s
  38   2.22993897e+00  8.02491464e+00  1.38e+00 1.25e-01  8.90e+00  6.06e+00 1.55e-02  1.36e+02  2.64e-01 1.06e-02     63s
  39   1.74233012e+00  8.02842090e+00  1.43e+00 1.24e-01  8.81e+00  6.42e+00 1.55e-02  1.38e+02  2.56e-01 9.95e-03     65s
  40   1.25763306e+00  8.03170067e+00  1.48e+00 1.23e-01  8.74e+00  6.78e+00 1.55e-02  1.40e+02  2.50e-01 9.37e-03     67s
  41   7.75468354e-01  8.03477469e+00  1.53e+00 1.22e-01  8.67e+00  7.16e+00 1.55e-02  1.42e+02  2.43e-01 8.83e-03     69s
  42   2.95957242e-01  8.03765856e+00  1.58e+00 1.21e-01  8.60e+00  7.56e+00 1.55e-02  1.43e+02  2.37e-01 8.34e-03     71s
  43  -1.81712763e-01  8.04037192e+00  1.63e+00 1.20e-01  8.54e+00  7.96e+00 1.55e-02  1.45e+02  2.31e-01 7.89e-03     73s
  44  -6.57396942e-01  8.04292698e+00  1.68e+00 1.19e-01  8.48e+00  8.37e+00 1.55e-02  1.46e+02  2.25e-01 7.47e-03     75s
  45  -1.13140978e+00  8.04533735e+00  1.74e+00 1.18e-01  8.42e+00  8.80e+00 1.55e-02  1.48e+02  2.20e-01 7.08e-03     76s
  46  -1.60358765e+00  8.04761295e+00  1.79e+00 1.17e-01  8.37e+00  9.24e+00 1.55e-02  1.49e+02  2.15e-01 6.71e-03     78s
  47  -2.07469883e+00  8.04976724e+00  1.84e+00 1.17e-01  8.32e+00  9.69e+00 1.55e-02  1.50e+02  2.10e-01 6.39e-03     80s
  48  -2.54504859e+00  8.05181011e+00  1.89e+00 1.16e-01  8.28e+00  1.01e+01 1.55e-02  1.51e+02  2.05e-01 6.08e-03     82s
  49  -3.01353517e+00  8.05374469e+00  1.94e+00 1.15e-01  8.23e+00  1.06e+01 1.55e-02  1.52e+02  2.00e-01 5.78e-03     84s
  50  -3.48137531e+00  8.05558346e+00  1.99e+00 1.15e-01  8.19e+00  1.11e+01 1.55e-02  1.53e+02  1.96e-01 5.52e-03     85s
