
================= Linear optimization problem Information =================
Number of variables:     6
Number of constraints:   2

Norm of primal sol:      5.00e+00
Norm of dual sol:        1.00e+01
Norm of dual slacks:     5.00e+00

Norm of vector b:        9.77e-01
Norm of vector c:        3.06e+00

Norm of matrix A:        1.12e+00
Condition number:        2.00e+00
Seed:                    25

======================= Linear optimization problem =======================
coeff matrix A:          [[-0.074 +0.114 -0.514 +0.031 -0.259 +0.280]
                          [-0.193 +0.489 -0.011 +0.023 -0.163 +0.719]]

RHS vector b:            [+0.188 +0.959]
Obj vector c:            [-0.087 -0.481 -2.030 +0.218 +2.201 +0.350]

============================ Optimal solution =============================
Primal variables:        [+4.067 +2.721 +0.000 +0.869 +0.000 +0.549]
Dual slacks:             [+0.000 +0.000 +2.807 +0.000 +4.138 +0.000]
Dual variables:          [+9.476 -3.196]

Optimal objective:       -1.28035635e+00
===========================================================================

Method:             II-QIPM
LO_Precision:       1.00e-01
Stop_Precision:     1.00e-03
LO_Verbosity:       2
Omega:              1.00e+01
num_ancillae:       4

The Quantum Inexact Infeasible Interior-Point Method starts running ...


                  Objective                Residual                      Quantum                    Step-length
Iter      Primal           Dual         Primal    Dual     Compl    ||Resl||   Prob    Cond-Num   a-star   a-hat      Time
   0   1.06119232e+01 -1.10809205e+01  2.61e+00 7.25e+00  2.05e+02  4.78e-02 1.94e-01  4.00e+00  8.20e-01 7.05e-01      2s
   1   9.55826522e+00 -1.06017726e+01  2.33e+00 6.38e+00  1.82e+02  3.21e-01 1.84e-02  1.39e+01  6.83e-01 1.21e-01      4s
   2   8.63388249e+00 -1.00914055e+01  2.08e+00 5.64e+00  1.63e+02  2.66e-01 1.60e-02  1.71e+01  7.03e-01 1.16e-01      6s
   3   7.68064335e+00 -9.49726873e+00  1.83e+00 4.90e+00  1.44e+02  1.93e-01 1.57e-02  2.09e+01  7.26e-01 1.31e-01      8s
   4   6.68815026e+00 -8.80857524e+00  1.57e+00 4.15e+00  1.24e+02  1.07e-01 1.56e-02  2.67e+01  7.57e-01 1.53e-01     10s
   5   5.64862663e+00 -7.99723557e+00  1.27e+00 3.36e+00  1.02e+02  1.30e-02 1.56e-02  3.58e+01  7.96e-01 1.91e-01     12s
   6   4.57714355e+00 -7.00383335e+00  9.15e-01 2.48e+00  7.77e+01  9.51e-02 1.56e-02  5.19e+01  7.99e-01 2.63e-01     14s
   7   3.61567072e+00 -5.62342045e+00  4.18e-01 1.35e+00  4.45e+01  2.47e-01 1.56e-02  8.40e+01  7.22e-01 4.53e-01     15s
   8   4.47685076e+00 -5.08237781e+00  2.18e-01 9.44e-01  3.13e+01  7.08e-01 1.56e-02  1.49e+02  4.87e-01 3.03e-01     17s
   9   4.64525729e+00 -5.06826893e+00  2.20e-01 9.32e-01  3.09e+01  1.90e+00 1.53e-02  1.06e+02  2.67e-01 1.23e-02     19s
  10   4.78191033e+00 -5.05796239e+00  2.23e-01 9.24e-01  3.07e+01  2.04e+00 1.53e-02  1.02e+02  2.58e-01 9.17e-03     21s
  11   4.91893573e+00 -5.04843367e+00  2.28e-01 9.16e-01  3.04e+01  2.15e+00 1.52e-02  9.81e+01  2.51e-01 8.62e-03     23s
  12   5.05681142e+00 -5.03957016e+00  2.34e-01 9.08e-01  3.02e+01  2.26e+00 1.52e-02  9.47e+01  2.45e-01 8.16e-03     25s
  13   5.19508921e+00 -5.03133480e+00  2.41e-01 9.01e-01  3.00e+01  2.38e+00 1.51e-02  9.15e+01  2.39e-01 7.71e-03     27s
  14   5.33401046e+00 -5.02365295e+00  2.49e-01 8.95e-01  2.98e+01  2.50e+00 1.51e-02  8.84e+01  2.33e-01 7.31e-03     29s
  15   5.47342359e+00 -5.01648175e+00  2.58e-01 8.88e-01  2.96e+01  2.63e+00 1.50e-02  8.54e+01  2.28e-01 6.93e-03     31s
  16   5.61346282e+00 -5.00976865e+00  2.68e-01 8.82e-01  2.94e+01  2.75e+00 1.50e-02  8.26e+01  2.23e-01 6.59e-03     33s
  17   5.75385749e+00 -5.00348632e+00  2.79e-01 8.77e-01  2.92e+01  2.89e+00 1.49e-02  8.00e+01  2.18e-01 6.27e-03     34s
  18   5.89461783e+00 -4.99759699e+00  2.91e-01 8.72e-01  2.91e+01  3.02e+00 1.48e-02  7.74e+01  2.13e-01 5.97e-03     36s
  19   6.03604645e+00 -4.99205570e+00  3.03e-01 8.67e-01  2.89e+01  3.16e+00 1.47e-02  7.50e+01  2.09e-01 5.71e-03     38s
  20   6.17775632e+00 -4.98684936e+00  3.15e-01 8.62e-01  2.88e+01  3.30e+00 1.47e-02  7.27e+01  2.04e-01 5.44e-03     40s
  21   6.31992214e+00 -4.98194477e+00  3.28e-01 8.58e-01  2.87e+01  3.44e+00 1.46e-02  7.05e+01  2.00e-01 5.21e-03     42s
  22   6.46244638e+00 -4.97732176e+00  3.41e-01 8.53e-01  2.85e+01  3.58e+00 1.45e-02  6.84e+01  1.96e-01 4.98e-03     44s
  23   6.60537714e+00 -4.97295728e+00  3.55e-01 8.49e-01  2.84e+01  3.73e+00 1.44e-02  6.64e+01  1.92e-01 4.77e-03     45s
  24   6.74862629e+00 -4.96883455e+00  3.68e-01 8.45e-01  2.83e+01  3.89e+00 1.43e-02  6.45e+01  1.89e-01 4.58e-03     47s
  25   6.89225160e+00 -4.96493406e+00  3.82e-01 8.42e-01  2.82e+01  4.04e+00 1.41e-02  6.26e+01  1.85e-01 4.39e-03     49s
  26   7.03631744e+00 -4.96123811e+00  3.97e-01 8.38e-01  2.81e+01  4.20e+00 1.40e-02  6.09e+01  1.82e-01 4.22e-03     51s
  27   7.18074997e+00 -4.95773408e+00  4.11e-01 8.35e-01  2.80e+01  4.36e+00 1.39e-02  5.92e+01  1.78e-01 4.06e-03     53s
  28   7.32562178e+00 -4.95440682e+00  4.25e-01 8.31e-01  2.79e+01  4.53e+00 1.38e-02  5.76e+01  1.75e-01 3.91e-03     55s
  29   7.47072081e+00 -4.95124884e+00  4.40e-01 8.28e-01  2.78e+01  4.70e+00 1.36e-02  5.61e+01  1.72e-01 3.76e-03     56s
  30   7.61626881e+00 -4.94824368e+00  4.55e-01 8.25e-01  2.77e+01  4.88e+00 1.35e-02  5.47e+01  1.69e-01 3.63e-03     58s
  31   7.76205954e+00 -4.94538514e+00  4.70e-01 8.22e-01  2.76e+01  5.05e+00 1.33e-02  5.33e+01  1.67e-01 3.50e-03     60s
  32   7.90832250e+00 -4.94265888e+00  4.85e-01 8.20e-01  2.75e+01  5.23e+00 1.31e-02  5.19e+01  1.64e-01 3.38e-03     61s
  33   8.05500336e+00 -4.94005714e+00  5.01e-01 8.17e-01  2.74e+01  5.42e+00 1.30e-02  5.06e+01  1.61e-01 3.27e-03     63s
  34   8.20190156e+00 -4.93757504e+00  5.16e-01 8.14e-01  2.73e+01  5.61e+00 1.28e-02  4.94e+01  1.59e-01 3.16e-03     64s
  35   8.34925562e+00 -4.93520057e+00  5.31e-01 8.12e-01  2.73e+01  5.80e+00 1.26e-02  4.82e+01  1.56e-01 3.06e-03     66s
  36   8.49686969e+00 -4.93292964e+00  5.47e-01 8.09e-01  2.72e+01  6.00e+00 1.24e-02  4.71e+01  1.54e-01 2.96e-03     67s
  37   8.64498903e+00 -4.93075155e+00  5.63e-01 8.07e-01  2.71e+01  6.20e+00 1.22e-02  4.60e+01  1.52e-01 2.87e-03     69s
  38   8.79342202e+00 -4.92866283e+00  5.79e-01 8.05e-01  2.70e+01  6.41e+00 1.20e-02  4.50e+01  1.50e-01 2.78e-03     70s
  39   8.94242051e+00 -4.92665388e+00  5.94e-01 8.03e-01  2.70e+01  6.62e+00 1.18e-02  4.40e+01  1.47e-01 2.70e-03     71s
  40   9.09164730e+00 -4.92472361e+00  6.10e-01 8.01e-01  2.69e+01  6.84e+00 1.16e-02  4.30e+01  1.45e-01 2.61e-03     73s
  41   9.24120723e+00 -4.92286501e+00  6.27e-01 7.99e-01  2.69e+01  7.06e+00 1.14e-02  4.21e+01  1.43e-01 2.54e-03     75s
  42   9.39135957e+00 -4.92106966e+00  6.43e-01 7.97e-01  2.68e+01  7.29e+00 1.12e-02  4.12e+01  1.41e-01 2.47e-03     76s
  43   9.54192014e+00 -4.91933494e+00  6.59e-01 7.95e-01  2.67e+01  7.52e+00 1.11e-02  4.03e+01  1.40e-01 2.40e-03     78s
  44   9.69285217e+00 -4.91765642e+00  6.76e-01 7.93e-01  2.67e+01  7.76e+00 1.09e-02  3.95e+01  1.38e-01 2.33e-03     80s
  45   9.84427061e+00 -4.91602811e+00  6.92e-01 7.91e-01  2.66e+01  8.01e+00 1.08e-02  3.87e+01  1.36e-01 2.27e-03     81s
  46   9.99629467e+00 -4.91444426e+00  7.09e-01 7.89e-01  2.66e+01  8.26e+00 1.06e-02  3.79e+01  1.34e-01 2.22e-03     83s
  47   1.01485901e+01 -4.91290386e+00  7.26e-01 7.88e-01  2.65e+01  8.52e+00 1.05e-02  3.72e+01  1.33e-01 2.16e-03     85s
  48   1.03015797e+01 -4.91139810e+00  7.43e-01 7.86e-01  2.65e+01  8.79e+00 1.05e-02  3.64e+01  1.31e-01 2.11e-03     86s
  49   1.04550842e+01 -4.90992434e+00  7.60e-01 7.84e-01  2.64e+01  9.06e+00 1.05e-02  3.57e+01  1.30e-01 2.06e-03     88s
  50   1.06092282e+01 -4.90847681e+00  7.77e-01 7.83e-01  2.64e+01  9.35e+00 1.05e-02  3.51e+01  1.28e-01 2.01e-03     89s
  51   1.07641406e+01 -4.90704963e+00  7.94e-01 7.81e-01  2.63e+01  9.64e+00 1.06e-02  3.44e+01  1.27e-01 1.97e-03     91s
  52   1.09196427e+01 -4.90563949e+00  8.12e-01 7.80e-01  2.63e+01  9.94e+00 1.07e-02  3.38e+01  1.26e-01 1.92e-03     93s
  53   1.10758634e+01 -4.90423990e+00  8.30e-01 7.78e-01  2.62e+01  1.02e+01 1.09e-02  3.31e+01  1.25e-01 1.88e-03     95s
  54   1.12329348e+01 -4.90284384e+00  8.48e-01 7.77e-01  2.62e+01  1.06e+01 1.12e-02  3.26e+01  1.23e-01 1.85e-03     97s
  55   1.13911511e+01 -4.90144219e+00  8.66e-01 7.75e-01  2.61e+01  1.09e+01 1.15e-02  3.20e+01  1.22e-01 1.82e-03     99s
  56   1.15503376e+01 -4.90002901e+00  8.84e-01 7.74e-01  2.61e+01  1.12e+01 1.20e-02  3.14e+01  1.22e-01 1.79e-03    101s
  57   1.17107922e+01 -4.89859273e+00  9.03e-01 7.73e-01  2.61e+01  1.16e+01 1.26e-02  3.09e+01  1.21e-01 1.77e-03    103s
  58   1.18726598e+01 -4.89712111e+00  9.22e-01 7.71e-01  2.60e+01  1.19e+01 1.32e-02  3.03e+01  1.20e-01 1.75e-03    104s
  59   1.20364135e+01 -4.89559590e+00  9.42e-01 7.70e-01  2.60e+01  1.23e+01 1.40e-02  2.98e+01  1.20e-01 1.74e-03    106s
  60   1.22022106e+01 -4.89399705e+00  9.62e-01 7.69e-01  2.59e+01  1.26e+01 1.49e-02  2.93e+01  1.20e-01 1.73e-03    107s
  61   1.23707096e+01 -4.89229236e+00  9.82e-01 7.67e-01  2.59e+01  1.30e+01 1.59e-02  2.88e+01  1.20e-01 1.74e-03    109s
  62   1.25429343e+01 -4.89043287e+00  1.00e+00 7.66e-01  2.59e+01  1.33e+01 1.71e-02  2.83e+01  1.21e-01 1.76e-03    111s
  63   1.27199535e+01 -4.88834493e+00  1.03e+00 7.64e-01  2.58e+01  1.36e+01 1.85e-02  2.78e+01  1.22e-01 1.81e-03    113s
  64   1.29039622e+01 -4.88589246e+00  1.05e+00 7.63e-01  2.58e+01  1.38e+01 2.00e-02  2.73e+01  1.25e-01 1.91e-03    115s
  65   1.30997841e+01 -4.88278038e+00  1.08e+00 7.61e-01  2.57e+01  1.39e+01 2.17e-02  2.68e+01  1.31e-01 2.10e-03    117s
  66   1.33175487e+01 -4.87821558e+00  1.11e+00 7.60e-01  2.57e+01  1.37e+01 2.37e-02  2.63e+01  1.44e-01 2.54e-03    119s
  67   1.35984227e+01 -4.86820988e+00  1.15e+00 7.56e-01  2.56e+01 *1.26e+01 2.61e-02  2.58e+01  1.81e-01 4.17e-03    120s
  68   1.48445437e+01 -4.34400345e+00  1.70e+00 6.52e-01  2.23e+01 *6.07e+00 2.96e-02  2.50e+01  7.23e-01 1.38e-01    122s
  69   1.50910883e+01 -4.34352470e+00  1.69e+00 6.50e-01  2.23e+01  1.48e+01 5.75e-02  2.08e+01  1.46e-01 2.85e-03    124s
  70   1.53281194e+01 -4.34308848e+00  1.69e+00 6.48e-01  2.22e+01  1.51e+01 5.97e-02  2.05e+01  1.44e-01 2.65e-03    126s
  71   1.55664499e+01 -4.34266954e+00  1.68e+00 6.47e-01  2.22e+01  1.55e+01 6.17e-02  2.03e+01  1.42e-01 2.59e-03    128s
  72   1.58062524e+01 -4.34226494e+00  1.68e+00 6.45e-01  2.21e+01 *1.58e+01 6.37e-02  2.01e+01  1.40e-01 2.53e-03    130s
  73   1.60472274e+01 -4.34187294e+00  1.68e+00 6.43e-01  2.21e+01 *1.62e+01 6.56e-02  1.99e+01  1.39e-01 2.47e-03    132s
  74   1.62897960e+01 -4.34149090e+00  1.68e+00 6.42e-01  2.20e+01 *1.65e+01 6.76e-02  1.97e+01  1.37e-01 2.41e-03    134s
  75   1.65339096e+01 -4.34111726e+00  1.68e+00 6.40e-01  2.20e+01 *1.69e+01 6.95e-02  1.95e+01  1.36e-01 2.36e-03    135s
  76   1.67792748e+01 -4.34075103e+00  1.69e+00 6.39e-01  2.19e+01 *1.73e+01 7.13e-02  1.93e+01  1.35e-01 2.31e-03    137s
  77   1.70263316e+01 -4.34039033e+00  1.69e+00 6.37e-01  2.19e+01 *1.76e+01 7.32e-02  1.92e+01  1.33e-01 2.27e-03    139s
  78   1.72750411e+01 -4.34003415e+00  1.70e+00 6.36e-01  2.18e+01 *1.80e+01 7.50e-02  1.90e+01  1.32e-01 2.22e-03    141s
  79   1.75253646e+01 -4.33968164e+00  1.70e+00 6.35e-01  2.18e+01 *1.84e+01 7.67e-02  1.88e+01  1.31e-01 2.18e-03    143s
  80   1.77775163e+01 -4.33933171e+00  1.71e+00 6.33e-01  2.18e+01 *1.88e+01 7.85e-02  1.87e+01  1.30e-01 2.14e-03    145s
  81   1.80309583e+01 -4.33898443e+00  1.72e+00 6.32e-01  2.17e+01 *1.92e+01 8.02e-02  1.85e+01  1.28e-01 2.10e-03    147s
  82   1.82864118e+01 -4.33863820e+00  1.73e+00 6.31e-01  2.17e+01 *1.95e+01 8.18e-02  1.84e+01  1.27e-01 2.06e-03    149s
  83   1.85433403e+01 -4.33829327e+00  1.74e+00 6.29e-01  2.16e+01 *1.99e+01 8.35e-02  1.82e+01  1.26e-01 2.03e-03    150s
  84   1.88022245e+01 -4.33794855e+00  1.75e+00 6.28e-01  2.16e+01 *2.03e+01 8.51e-02  1.81e+01  1.25e-01 1.99e-03    152s
  85   1.90627815e+01 -4.33760405e+00  1.76e+00 6.27e-01  2.16e+01 *2.08e+01 8.66e-02  1.80e+01  1.24e-01 1.96e-03    153s
  86   1.93249822e+01 -4.33725950e+00  1.78e+00 6.26e-01  2.15e+01 *2.12e+01 8.82e-02  1.78e+01  1.23e-01 1.93e-03    155s
  87   1.95890612e+01 -4.33691433e+00  1.79e+00 6.24e-01  2.15e+01 *2.16e+01 8.97e-02  1.77e+01  1.22e-01 1.90e-03    157s
  88   1.98549969e+01 -4.33656835e+00  1.81e+00 6.23e-01  2.14e+01 *2.20e+01 9.11e-02  1.76e+01  1.21e-01 1.87e-03    159s
  89   2.01227675e+01 -4.33622142e+00  1.82e+00 6.22e-01  2.14e+01 *2.24e+01 9.25e-02  1.75e+01  1.20e-01 1.84e-03    160s
  90   2.03923513e+01 -4.33587342e+00  1.84e+00 6.21e-01  2.14e+01 *2.29e+01 9.39e-02  1.73e+01  1.19e-01 1.81e-03    162s
  91   2.06637264e+01 -4.33552427e+00  1.86e+00 6.20e-01  2.13e+01 *2.33e+01 9.52e-02  1.72e+01  1.19e-01 1.78e-03    164s
  92   2.09368712e+01 -4.33517391e+00  1.88e+00 6.19e-01  2.13e+01 *2.38e+01 9.66e-02  1.71e+01  1.18e-01 1.75e-03    165s
  93   2.12117637e+01 -4.33482232e+00  1.90e+00 6.18e-01  2.13e+01 *2.42e+01 9.78e-02  1.70e+01  1.17e-01 1.73e-03    167s
  94   2.14886591e+01 -4.33446913e+00  1.92e+00 6.17e-01  2.12e+01 *2.47e+01 9.91e-02  1.69e+01  1.16e-01 1.70e-03    169s
  95   2.17672640e+01 -4.33411469e+00  1.94e+00 6.16e-01  2.12e+01 *2.51e+01 1.00e-01  1.68e+01  1.15e-01 1.68e-03    170s
  96   2.20478371e+01 -4.33375869e+00  1.96e+00 6.15e-01  2.12e+01 *2.56e+01 1.01e-01  1.67e+01  1.14e-01 1.65e-03    171s
  97   2.23303638e+01 -4.33340114e+00  1.99e+00 6.14e-01  2.11e+01 *2.61e+01 1.03e-01  1.66e+01  1.14e-01 1.63e-03    173s
  98   2.26145451e+01 -4.33304248e+00  2.01e+00 6.13e-01  2.11e+01 *2.66e+01 1.04e-01  1.66e+01  1.13e-01 1.61e-03    175s
  99   2.29006448e+01 -4.33268238e+00  2.03e+00 6.12e-01  2.11e+01 *2.71e+01 1.05e-01  1.65e+01  1.12e-01 1.58e-03    177s
 100   2.31886481e+01 -4.33232094e+00  2.06e+00 6.11e-01  2.11e+01 *2.76e+01 1.06e-01  1.64e+01  1.11e-01 1.56e-03    179s
 101   2.34785398e+01 -4.33195823e+00  2.09e+00 6.10e-01  2.10e+01 *2.81e+01 1.07e-01  1.63e+01  1.10e-01 1.54e-03    181s
 102   2.37703050e+01 -4.33159432e+00  2.11e+00 6.09e-01  2.10e+01 *2.86e+01 1.08e-01  1.62e+01  1.10e-01 1.52e-03    183s
