
--------------- Linear optimization problem characteristics ---------------
Seed:                    78
Number of variables:     4
Number of constraints:   2

Norm of primal sol:      5.00e+00
Norm of dual sol:        1.00e+01
Norm of dual slacks:     5.00e+00

Norm of vector b:        3.82e+00
Norm of vector c:        1.02e+01

Norm of matrix A:        1.00e+00
Condition number:        1.00e+00

----------------------- Linear optimization problem -----------------------
Coeff matrix A:          [[+0.115 -0.294 -0.209 +0.926]
                          [+0.700 +0.691 +0.096 +0.154]]

RHS vector b:            [+2.570 +2.825]
Obj vector c:            [+0.606 -3.747 +2.804 +9.005]

---------------------------- Optimal solution -----------------------------
Primal variables:         [+0.000 +3.241 +0.000 +3.808]
Dual slacks:              [+0.301 +0.000 +4.991 +0.000]
Dual variables:           [+9.928 -1.194]

Optimal objective:       +2.21428490e+01
===========================================================================

Method:                  IR-II-QIPM
IR_Precision:            1.00e-04
LO_Precision:            1.00e-01
Stop_Precision:          1.00e-03
LO_Verbosity:            2
Omega:                   1.00e+03

The Iterative Refinement algorithm starts running ...


The Quantum Inexact Infeasible Interior-Point Method starts running ...


                  Objective                Residual                                Linear system           Step-length
Iter      Primal           Dual         Primal    Dual     Compl    ||Resl||  Cond-Num  ||M||   ||RHS||    a-star   a-hat      Time
   0   6.18258122e+03 -4.67815860e+03  4.98e+02 5.77e+02  1.25e+06 *6.12e-13  1.00e+00 1.00e+00 1.89e+03  8.14e-01 7.11e-01      0s
   1   5.23099813e+03 -5.62770715e+03  3.31e+02 3.84e+02  8.56e+05  1.99e+00  2.79e+00 6.43e-01 2.49e+02  7.60e-01 3.35e-01      0s
   2   2.90105808e+03 -5.62770715e+03  1.49e+02 1.42e-14  2.02e+05  1.49e+02  3.98e+00 5.44e-01 1.49e+02  1.00e+00 1.00e+00      0s
   3   9.54577461e+01 -5.98219968e+03  4.75e+00 1.42e-14  1.27e+04  7.11e-03  9.89e+00 6.44e-01 1.53e+01  9.95e-01 9.68e-01      1s
   4   6.32812632e+01 -4.49395042e+03  2.07e+00 1.28e-13  6.90e+03  1.80e-02  4.89e+00 1.90e-02 3.60e+00  1.00e+00 5.65e-01      1s
   5   4.24213854e+01 -1.83208317e+03  9.94e-02 6.03e-14  1.82e+03  9.94e-02  4.18e+00 1.45e-02 3.54e+00  1.00e+00 1.00e+00      1s
   6   4.30787072e+01 -1.58587466e+02  1.41e-01 4.28e-14  1.94e+02  1.41e-01  1.05e+01 3.76e-02 3.43e+00  1.00e+00 1.00e+00      1s
   7   3.77503856e+01  4.06085851e-01  1.09e-01 4.07e-15  3.62e+01  1.06e-01  1.06e+01 3.55e-01 3.40e+00  9.74e-01 8.97e-01      1s
   8   2.60266885e+00  4.06085851e-01  3.39e+00 0.00e+00  3.62e+00  3.39e+00  3.60e+00 1.25e+00 3.39e+00  1.00e+00 1.00e+00      1s
   9   4.31600695e+00  1.66533843e+01  3.09e+00 1.11e-15  2.05e+00  9.09e-02  1.90e+00 1.12e-01 3.78e+00  1.06e-01 8.85e-02      1s
  10   4.46281246e+00  1.68588196e+01  3.07e+00 2.01e-15  2.04e+00  1.34e-01  4.25e+00 1.17e+00 3.70e+00  1.79e-01 7.56e-03      1s
  11   4.58651913e+00  1.70198716e+01  3.05e+00 1.79e-15  2.03e+00  1.58e-01  4.33e+00 1.27e+00 3.70e+00  1.84e-01 6.36e-03      2s
  12   4.71780252e+00  1.71824677e+01  3.03e+00 2.43e-15  2.01e+00  1.63e-01  4.40e+00 1.35e+00 3.69e+00  1.89e-01 6.78e-03      2s
  13   4.85812294e+00  1.73490137e+01  3.01e+00 1.27e-15  2.00e+00  1.54e-01  4.47e+00 1.44e+00 3.69e+00  1.95e-01 7.33e-03      2s
  14   5.00980045e+00  1.75226373e+01  2.98e+00 1.12e-15  1.98e+00  1.31e-01  4.54e+00 1.55e+00 3.69e+00  2.02e-01 8.06e-03      2s
  15   5.17526932e+00  1.77058692e+01  2.96e+00 1.57e-15  1.97e+00  9.74e-02  4.61e+00 1.66e+00 3.68e+00  2.10e-01 8.99e-03      2s
  16   5.35682953e+00  1.78999876e+01  2.93e+00 2.72e-15  1.95e+00  6.06e-02  4.67e+00 1.80e+00 3.68e+00  2.19e-01 1.01e-02      2s
  17   5.55675927e+00  1.81049065e+01  2.89e+00 7.95e-16  1.93e+00  2.71e-02  4.74e+00 1.96e+00 3.67e+00  2.29e-01 1.14e-02      2s
  18   5.77735674e+00  1.83192945e+01  2.86e+00 1.16e-15  1.90e+00  1.82e-03  4.79e+00 2.15e+00 3.67e+00  2.39e-01 1.29e-02      2s
  19   6.01971429e+00  1.85398085e+01  2.81e+00 2.43e-15  1.87e+00  1.34e-02  4.85e+00 2.37e+00 3.66e+00  2.50e-01 1.45e-02      3s
  20   6.28535377e+00  1.87632942e+01  2.77e+00 2.21e-15  1.84e+00  1.84e-02  4.90e+00 2.63e+00 3.65e+00  2.61e-01 1.62e-02      3s
  21   6.57563948e+00  1.89865082e+01  2.72e+00 3.01e-15  1.81e+00  1.38e-02  4.95e+00 2.94e+00 3.65e+00  2.71e-01 1.80e-02      3s
  22   6.89184813e+00  1.92063658e+01  2.67e+00 2.58e-15  1.78e+00  9.13e-05  5.00e+00 3.30e+00 3.64e+00  2.83e-01 1.98e-02      3s
  23   7.23477531e+00  1.94197892e+01  2.61e+00 3.26e-15  1.74e+00  2.30e-02  5.05e+00 3.73e+00 3.63e+00  2.97e-01 2.17e-02      3s
  24   7.60648125e+00  1.96249207e+01  2.55e+00 1.64e-15  1.70e+00  5.59e-02  5.11e+00 4.24e+00 3.62e+00  3.13e-01 2.36e-02      3s
  25   8.00782250e+00  1.98197056e+01  2.48e+00 2.31e-15  1.66e+00  9.80e-02  5.18e+00 4.84e+00 3.61e+00  3.30e-01 2.56e-02      3s
  26   8.44295994e+00  2.00047409e+01  2.41e+00 2.69e-15  1.61e+00  1.45e-01  5.26e+00 5.54e+00 3.60e+00  3.46e-01 2.78e-02      3s
  27   8.91819792e+00  2.01827720e+01  2.34e+00 2.79e-15  1.56e+00  1.83e-01  5.35e+00 6.37e+00 3.59e+00  3.64e-01 3.07e-02      3s
  28   9.44660519e+00  2.03605478e+01  2.26e+00 3.47e-15  1.51e+00  1.93e-01  5.46e+00 7.37e+00 3.57e+00  3.85e-01 3.50e-02      4s
  29   1.00482994e+01  2.05467862e+01  2.16e+00 1.41e-15  1.45e+00  1.64e-01  5.57e+00 8.62e+00 3.56e+00  3.99e-01 4.20e-02      4s
  30   1.07435537e+01  2.07451858e+01  2.05e+00 2.78e-15  1.38e+00  1.18e-01  5.65e+00 1.03e+01 3.54e+00  4.11e-01 5.22e-02      4s
  31   1.15435820e+01  2.09488909e+01  1.92e+00 2.80e-15  1.29e+00  8.98e-02  5.70e+00 1.25e+01 3.52e+00  4.30e-01 6.46e-02      4s
  32   1.24520165e+01  2.11464319e+01  1.76e+00 3.45e-15  1.19e+00  8.96e-02  5.70e+00 1.57e+01 3.50e+00  4.59e-01 7.86e-02      4s
  33   1.34766459e+01  2.13302776e+01  1.60e+00 2.79e-15  1.08e+00  1.10e-01  5.66e+00 2.02e+01 3.47e+00  4.97e-01 9.50e-02      4s
  34   1.46338095e+01  2.14978959e+01  1.41e+00 2.59e-15  9.61e-01  1.40e-01  5.61e+00 2.66e+01 3.44e+00  5.43e-01 1.16e-01      4s
  35   1.59551226e+01  2.16507106e+01  1.21e+00 2.12e-15  8.27e-01  1.71e-01  5.54e+00 3.61e+01 3.41e+00  5.96e-01 1.46e-01      4s
  36   1.74809630e+01  2.17921755e+01  9.71e-01 7.76e-16  6.73e-01  1.86e-01  5.43e+00 5.09e+01 3.37e+00  6.56e-01 1.95e-01      4s
  37   1.92597277e+01  2.19362882e+01  6.76e-01 1.59e-15  4.77e-01  1.29e-01  5.25e+00 7.70e+01 3.33e+00  7.11e-01 3.07e-01      5s
  38   2.12074390e+01  2.20840071e+01  2.71e-01 9.81e-16  2.01e-01  3.63e-02  4.71e+00 1.38e+02 3.26e+00  7.93e-01 6.04e-01      5s
  39   2.18683059e+01  2.21267887e+01  5.95e-02 5.33e-16  5.80e-02  1.17e-02  2.98e+00 4.40e+02 3.13e+00  1.00e+00 7.76e-01      5s

The algorithm stopped after 40 iterations in 4.74 seconds.

Primal variables:   [+0.063 +3.128 +0.005 +3.725]
Dual slacks:        [+0.304 +0.002 +4.991 +0.002]
Dual variables:     [+9.927 -1.199]

Primal objective:   2.18683059e+01 
Dual objective:     2.21267887e+01 

Primal residual:    5.95e-02
Dual residual:      5.33e-16
Complementraty:     5.80e-02

Number of Iter:     40
Run time:           4.74

-------------------------------------------------------------------------------------------------------
                  Objective                Residual                        Step-length       
Iter      Primal           Dual         Primal    Dual     Compl    r error   r-bar    nabla     Time
   0   2.18683059e+01  2.21267887e+01  5.95e-02 0.00e+00  5.80e-02  5.95e-02 5.95e-02 3.20e+01     5s

The Quantum Inexact Infeasible Interior-Point Method starts running ...


                  Objective                Residual                                Linear system           Step-length
Iter      Primal           Dual         Primal    Dual     Compl    ||Resl||  Cond-Num  ||M||   ||RHS||    a-star   a-hat      Time
   0   1.48044078e+05 -1.47969842e+05  4.05e+02 4.81e+02  1.27e+06 *5.08e-13  1.00e+00 1.00e+00 1.78e+03  8.65e-01 7.49e-01      0s
   1   8.91253355e+04 -1.73828089e+05  1.04e+02 1.24e+02  4.89e+05  4.38e-01  2.71e+00 6.53e-01 1.16e+02  1.00e+00 7.43e-01      0s
   2   2.89383936e+04 -1.12558526e+05  1.78e+00 0.00e+00  1.40e+05  1.78e+00  5.15e+00 4.47e-01 8.85e+01  1.00e+00 1.00e+00      0s
   3   1.79710497e+04 -3.08159631e+04  2.89e+00 7.11e-14  4.85e+04  3.31e+00  6.17e+00 3.89e-01 1.12e+02  9.00e-01 7.30e-01      0s
   4   1.07092421e+04 -1.73913285e+04  9.20e-01 2.93e-14  2.81e+04  1.34e+00  2.78e+00 8.32e-01 1.10e+02  8.71e-01 4.66e-01      0s
   5   6.84385059e+03 -1.11514129e+04  1.13e+00 1.42e-14  1.80e+04  4.24e+00  1.79e+00 1.21e+00 1.09e+02  9.55e-01 3.97e-01      0s
   6   1.16689593e+03 -1.97045663e+03  7.52e-01 1.02e-14  3.14e+03  7.19e-01  1.48e+00 1.75e+00 1.09e+02  1.00e+00 9.18e-01      1s
   7   7.17482508e+02 -9.63273758e+02  1.24e+00 4.46e-15  1.68e+03  1.71e+00  1.44e+00 9.72e+00 1.11e+02  1.00e+00 5.16e-01      1s
   8   4.01922710e+02 -4.02291138e+02  7.86e-01 2.85e-14  8.04e+02  4.54e-01  1.53e+00 2.09e+01 1.10e+02  1.00e+00 5.80e-01      1s
   9   1.82111001e+02 -1.22185978e+02  1.07e+00 4.97e-16  3.04e+02  1.20e+00  1.59e+00 5.17e+01 1.10e+02  1.00e+00 6.91e-01      1s
  10   3.66221655e+01  6.19235392e+00  1.43e+00 1.78e-15  3.04e+01  1.43e+00  1.62e+00 1.65e+02 1.09e+02  1.00e+00 1.00e+00      1s
  11   1.77526938e+01  1.47682954e+01  5.29e+00 6.94e-18  3.21e+00  5.29e+00  2.30e+00 2.55e+03 1.04e+02  1.00e+00 1.00e+00      1s
  12   1.74623107e+01  1.50924749e+01  5.19e+00 1.17e-17  2.59e+00  4.80e+00  4.35e+00 2.18e+04 1.08e+02  1.00e+00 2.13e-01      1s
  13   1.74620505e+01  1.50927707e+01  5.19e+00 2.03e-17  2.59e+00  4.33e+00  4.28e+00 2.68e+04 1.08e+02  1.00e+00 2.40e-04      1s

The solution quality is limited by the precision of the linear system solver.

The algorithm stopped after 14 iterations in 1.15 seconds.

Primal variables:   [+0.069 +97.945 +0.004 +124.058]
Dual slacks:        [+9.644 +0.008 +159.710 +0.004]
Dual variables:     [+0.053 +0.118]

Primal objective:   1.74620505e+01 
Dual objective:     1.50927707e+01 

Primal residual:    5.19e+00
Dual residual:      2.03e-17
Complementraty:     2.59e+00

Number of Iter:     14
Run time:           1.15
The iterative refinement algorithm stopped because of inexact solution returned by IPM.

The Iterative Refinement algorithm stopped after 2 iterations in 4.74 seconds.

Primal objective:   2.18683059e+01 
Dual objective:     2.21267887e+01 

Primal residual:    5.95e-02
Dual residual:      0.00e+00
Complementraty:     5.80e-02

Primal variables:   [+0.062826 +3.127882 +0.004667 +3.724556]
Dual slacks:        [+0.304148 +0.002319 +4.990956 +0.002244]
Dual variables:     [+9.926662 -1.198593]

Number of Iter:     1
Run time:           4.74
