
--------------- Linear optimization problem characteristics ---------------
Seed:                    97
Number of variables:     4
Number of constraints:   2

Norm of primal sol:      5.00e+00
Norm of dual sol:        1.00e+01
Norm of dual slacks:     5.00e+00

Norm of vector b:        3.48e+00
Norm of vector c:        8.48e+00

Norm of matrix A:        1.00e+00
Condition number:        1.00e+00

----------------------- Linear optimization problem -----------------------
Coeff matrix A:          [[-0.580 -0.578 +0.326 -0.472]
                          [+0.120 -0.317 +0.644 +0.686]]

RHS vector b:            [-3.438 -0.554]
Obj vector c:            [-0.962 -2.758 +1.144 -7.878]

---------------------------- Optimal solution -----------------------------
Primal variables:         [+0.000 +4.798 +0.000 +1.407]
Dual slacks:              [+4.410 +0.000 +2.356 +0.000]
Dual variables:           [+8.033 -5.955]

Optimal objective:       -2.43182168e+01
===========================================================================

Method:                  IR-II-QIPM
IR_Precision:            1.00e-04
LO_Precision:            1.00e-01
Stop_Precision:          1.00e-03
LO_Verbosity:            2
Omega:                   1.00e+03

The Iterative Refinement algorithm starts running ...


The Quantum Inexact Infeasible Interior-Point Method starts running ...


                  Objective                Residual                                Linear system           Step-length
Iter      Primal           Dual         Primal    Dual     Compl    ||Resl||  Cond-Num  ||M||   ||RHS||    a-star   a-hat      Time
   0  -3.04568989e+03 -2.46844300e+03  7.22e+02 8.40e+02  1.77e+06  6.43e-13  1.00e+00 1.00e+00 1.90e+03  7.00e-01 5.81e-01      0s
   1  -1.76545997e+03 -2.46844300e+03  4.49e+02 4.02e-14  4.94e+05  4.49e+02  3.75e+00 1.20e+00 4.49e+02  1.00e+00 1.00e+00      0s
   2  -9.93752228e+01 -2.68224613e+03  1.24e+01 1.27e-13  1.76e+04  1.67e+00  6.32e+00 2.56e+00 4.45e+01  9.89e-01 9.73e-01      0s
   3  -6.41818610e+00 -2.68224613e+03  3.08e+00 0.00e+00  1.76e+03  3.08e+00  3.99e+00 4.80e-02 3.08e+00  1.00e+00 1.00e+00      0s
   4  -1.01958305e+01 -9.99651132e+02  2.07e+00 1.75e-13  9.57e+02 *2.27e-02  5.81e+00 7.00e-03 3.41e+00  3.97e-01 3.26e-01      1s
   5  -1.07282414e+01 -9.27284613e+02  1.92e+00 1.33e-13  8.95e+02 *1.04e-01  1.14e+01 2.54e-02 3.16e+00  5.31e-01 7.14e-02      1s
   6  -1.11617234e+01 -8.72132270e+02  1.79e+00 1.31e-13  8.44e+02 *1.58e-01  1.34e+01 3.09e-02 3.13e+00  5.72e-01 6.36e-02      1s
   7  -1.87344935e+00 -8.72132270e+02  3.11e+00 0.00e+00  8.44e+01  3.11e+00  1.53e+01 3.63e-02 3.11e+00  1.00e+00 1.00e+00      1s
   8  -3.37621743e+00 -7.13687567e+01  2.82e+00 4.19e-14  9.91e+00 *9.24e-03  3.41e+01 6.87e-03 3.45e+00  9.69e-02 9.39e-02      2s
   9  -4.71057095e+00 -4.70797602e+01  2.57e+00 3.73e-14  7.41e+00 *1.28e-03  1.10e+01 1.07e-01 3.45e+00  1.52e-01 8.71e-02      2s
  10  -4.81768480e+00 -4.63416355e+01  2.56e+00 3.92e-14  7.36e+00 *1.81e-03  9.98e+00 2.68e-01 3.44e+00  1.82e-01 7.12e-03      2s
  11  -4.91633259e+00 -4.56954056e+01  2.54e+00 3.78e-14  7.31e+00 *3.28e-03  9.91e+00 2.81e-01 3.44e+00  1.84e-01 6.56e-03      2s
  12  -5.01761348e+00 -4.50624888e+01  2.52e+00 3.72e-14  7.27e+00 *3.61e-03  9.85e+00 2.92e-01 3.44e+00  1.87e-01 6.75e-03      2s
  13  -5.12275804e+00 -4.44365582e+01  2.50e+00 3.73e-14  7.22e+00 *1.71e-02  9.78e+00 3.05e-01 3.44e+00  1.92e-01 7.04e-03      3s
  14  -5.23287676e+00 -4.38128528e+01  2.49e+00 3.66e-14  7.17e+00 *3.43e-02  9.72e+00 3.18e-01 3.44e+00  1.97e-01 7.41e-03      3s
  15  -5.34823856e+00 -4.31918389e+01  2.47e+00 3.90e-14  7.11e+00 *5.17e-02  9.65e+00 3.32e-01 3.44e+00  2.02e-01 7.81e-03      3s
  16  -5.46873006e+00 -4.25757698e+01  2.45e+00 3.73e-14  7.06e+00 *6.68e-02  9.59e+00 3.46e-01 3.43e+00  2.07e-01 8.20e-03      3s
  17  -5.59358984e+00 -4.19696135e+01  2.43e+00 3.78e-14  7.00e+00 *7.77e-02  9.53e+00 3.62e-01 3.43e+00  2.12e-01 8.54e-03      3s
  18  -5.72200428e+00 -4.13776293e+01  2.40e+00 3.58e-14  6.94e+00 *8.32e-02  9.46e+00 3.79e-01 3.43e+00  2.16e-01 8.81e-03      4s
  19  -5.85249199e+00 -4.08061563e+01  2.38e+00 3.75e-14  6.88e+00 *8.24e-02  9.40e+00 3.97e-01 3.43e+00  2.19e-01 8.97e-03      4s
  20  -5.98343377e+00 -4.02608274e+01  2.36e+00 3.87e-14  6.82e+00 *7.40e-02  9.33e+00 4.15e-01 3.43e+00  2.20e-01 9.00e-03      4s
  21  -6.11304478e+00 -3.97468031e+01  2.34e+00 3.75e-14  6.76e+00 *5.76e-02  9.25e+00 4.34e-01 3.43e+00  2.21e-01 8.88e-03      4s
  22  -6.24021007e+00 -3.92657765e+01  2.32e+00 3.70e-14  6.71e+00 *3.45e-02  9.16e+00 4.53e-01 3.43e+00  2.20e-01 8.67e-03      4s
  23  -6.36496409e+00 -3.88151403e+01  2.30e+00 3.67e-14  6.65e+00 *1.03e-02  9.06e+00 4.71e-01 3.43e+00  2.19e-01 8.46e-03      5s
  24  -6.48950943e+00 -3.83854726e+01  2.28e+00 3.73e-14  6.60e+00 *4.30e-03  8.95e+00 4.90e-01 3.42e+00  2.20e-01 8.42e-03      5s
  25  -6.61780765e+00 -3.79632299e+01  2.26e+00 3.68e-14  6.55e+00 *6.14e-05  8.84e+00 5.09e-01 3.42e+00  2.24e-01 8.70e-03      5s
  26  -6.75412755e+00 -3.75360267e+01  2.24e+00 3.55e-14  6.49e+00 *2.23e-02  8.72e+00 5.28e-01 3.42e+00  2.31e-01 9.33e-03      5s
  27  -6.90070441e+00 -3.70994269e+01  2.22e+00 3.63e-14  6.43e+00 *5.01e-02  8.61e+00 5.50e-01 3.42e+00  2.40e-01 1.01e-02      5s
  28  -7.05639315e+00 -3.66592625e+01  2.19e+00 3.64e-14  6.36e+00 *6.93e-02  8.49e+00 5.73e-01 3.42e+00  2.48e-01 1.09e-02      6s
  29  -7.21732316e+00 -3.62277242e+01  2.17e+00 3.57e-14  6.29e+00 *7.15e-02  8.37e+00 5.99e-01 3.42e+00  2.52e-01 1.13e-02      6s
  30  -7.37825085e+00 -3.58184019e+01  2.14e+00 3.49e-14  6.23e+00 *5.45e-02  8.25e+00 6.26e-01 3.42e+00  2.53e-01 1.13e-02      6s
  31  -7.53578305e+00 -3.54380108e+01  2.12e+00 3.49e-14  6.16e+00 *2.38e-02  8.12e+00 6.53e-01 3.41e+00  2.52e-01 1.09e-02      6s
  32  -1.86425734e+00 -3.54380108e+01  3.18e+00 6.11e-15  1.60e+00  3.41e+00  7.98e+00 6.80e-01 3.41e+00  1.00e+00 8.24e-01      6s
  33  -1.98580075e+00 -3.46790726e+01  3.16e+00 5.44e-15  1.58e+00 *1.27e-01  5.50e+00 1.55e-01 3.46e+00  8.25e-02 6.06e-03      7s
  34  -2.01938767e+00 -3.44942745e+01  3.16e+00 5.69e-15  1.58e+00 *1.21e-01  5.52e+00 1.74e-01 3.46e+00  8.65e-02 1.67e-03      7s
  35  -2.05356273e+00 -3.43123168e+01  3.15e+00 5.59e-15  1.58e+00 *1.21e-01  5.52e+00 1.79e-01 3.46e+00  8.76e-02 1.70e-03      7s
  36  -2.08890218e+00 -3.41302502e+01  3.15e+00 5.92e-15  1.57e+00 *1.20e-01  5.52e+00 1.84e-01 3.46e+00  8.88e-02 1.76e-03      7s
  37  -2.12538567e+00 -3.39484812e+01  3.14e+00 5.27e-15  1.57e+00 *1.19e-01  5.52e+00 1.90e-01 3.46e+00  9.01e-02 1.82e-03      7s
  38  -2.16313844e+00 -3.37666814e+01  3.14e+00 4.72e-15  1.57e+00 *1.19e-01  5.52e+00 1.96e-01 3.46e+00  9.14e-02 1.88e-03      7s
  39  -2.20221920e+00 -3.35848944e+01  3.13e+00 4.97e-15  1.57e+00 *1.18e-01  5.52e+00 2.02e-01 3.46e+00  9.27e-02 1.95e-03      8s
  40  -2.24273041e+00 -3.34029831e+01  3.12e+00 4.45e-15  1.56e+00 *1.18e-01  5.52e+00 2.08e-01 3.46e+00  9.41e-02 2.02e-03      8s
  41  -2.28465699e+00 -3.32213616e+01  3.12e+00 5.27e-15  1.56e+00 *1.18e-01  5.51e+00 2.15e-01 3.46e+00  9.56e-02 2.09e-03      8s
  42  -2.32819461e+00 -3.30395295e+01  3.11e+00 4.00e-15  1.56e+00 *1.18e-01  5.51e+00 2.22e-01 3.46e+00  9.72e-02 2.17e-03      8s
  43  -2.37333310e+00 -3.28579098e+01  3.10e+00 4.57e-15  1.55e+00 *1.19e-01  5.51e+00 2.30e-01 3.46e+00  9.88e-02 2.25e-03      8s
  44  -2.42024231e+00 -3.26761940e+01  3.10e+00 4.00e-15  1.55e+00 *1.19e-01  5.50e+00 2.38e-01 3.46e+00  1.01e-01 2.34e-03      8s
  45  -2.46901079e+00 -3.24944492e+01  3.09e+00 3.67e-15  1.54e+00 *1.19e-01  5.49e+00 2.47e-01 3.46e+00  1.02e-01 2.44e-03      8s
  46  -2.51973142e+00 -3.23127475e+01  3.08e+00 3.70e-15  1.54e+00 *1.20e-01  5.49e+00 2.56e-01 3.46e+00  1.04e-01 2.54e-03      9s
  47  -2.57250149e+00 -3.21311665e+01  3.07e+00 3.83e-15  1.54e+00 *1.20e-01  5.48e+00 2.65e-01 3.46e+00  1.06e-01 2.64e-03      9s
  48  -2.62747756e+00 -3.19496085e+01  3.06e+00 3.61e-15  1.53e+00 *1.20e-01  5.47e+00 2.75e-01 3.46e+00  1.08e-01 2.75e-03      9s
  49  -2.68482836e+00 -3.17679874e+01  3.06e+00 3.17e-15  1.53e+00 *1.20e-01  5.46e+00 2.86e-01 3.46e+00  1.10e-01 2.88e-03      9s
  50  -2.74467576e+00 -3.15864120e+01  3.05e+00 3.76e-15  1.52e+00 *1.20e-01  5.45e+00 2.98e-01 3.45e+00  1.13e-01 3.01e-03      9s
  51  -2.80714621e+00 -3.14050007e+01  3.04e+00 3.36e-15  1.52e+00 *1.20e-01  5.43e+00 3.10e-01 3.45e+00  1.15e-01 3.14e-03      9s
  52  -2.87243562e+00 -3.12237017e+01  3.03e+00 3.21e-15  1.51e+00 *1.19e-01  5.42e+00 3.23e-01 3.45e+00  1.17e-01 3.29e-03     10s
  53  -2.94082183e+00 -3.10422998e+01  3.02e+00 3.67e-15  1.51e+00 *1.17e-01  5.40e+00 3.37e-01 3.45e+00  1.20e-01 3.45e-03     10s
  54  -3.01239274e+00 -3.08611493e+01  3.01e+00 3.55e-15  1.50e+00 *1.15e-01  5.39e+00 3.53e-01 3.45e+00  1.22e-01 3.61e-03     10s
  55  -3.08745252e+00 -3.06800737e+01  2.99e+00 3.96e-15  1.50e+00 *1.13e-01  5.37e+00 3.69e-01 3.45e+00  1.25e-01 3.79e-03     10s
  56  -3.16617289e+00 -3.04992904e+01  2.98e+00 3.82e-15  1.49e+00 *1.09e-01  5.35e+00 3.86e-01 3.45e+00  1.27e-01 3.98e-03     10s
  57  -3.24889012e+00 -3.03186796e+01  2.97e+00 3.57e-15  1.49e+00 *1.04e-01  5.32e+00 4.05e-01 3.45e+00  1.30e-01 4.19e-03     10s
  58  -3.33587824e+00 -3.01383415e+01  2.96e+00 4.12e-15  1.48e+00 *9.69e-02  5.30e+00 4.25e-01 3.45e+00  1.32e-01 4.40e-03     11s
  59  -3.42742153e+00 -2.99584119e+01  2.94e+00 4.32e-15  1.47e+00 *8.83e-02  5.27e+00 4.47e-01 3.45e+00  1.35e-01 4.64e-03     11s
  60  -3.52391167e+00 -2.97788805e+01  2.93e+00 4.83e-15  1.46e+00 *7.74e-02  5.23e+00 4.71e-01 3.45e+00  1.37e-01 4.88e-03     11s
  61  -3.62567239e+00 -2.95999462e+01  2.91e+00 5.27e-15  1.46e+00 *6.39e-02  5.20e+00 4.97e-01 3.44e+00  1.40e-01 5.14e-03     11s
  62  -3.73306207e+00 -2.94217990e+01  2.90e+00 4.41e-15  1.45e+00 *4.78e-02  5.15e+00 5.24e-01 3.44e+00  1.42e-01 5.42e-03     11s
  63  -3.84651401e+00 -2.92445570e+01  2.88e+00 4.85e-15  1.44e+00 *2.98e-02  5.10e+00 5.54e-01 3.44e+00  1.44e-01 5.71e-03     11s
  64  -3.96649307e+00 -2.90683369e+01  2.86e+00 5.68e-15  1.43e+00 *1.16e-02  5.05e+00 5.87e-01 3.44e+00  1.47e-01 6.03e-03     12s
  65  -4.09383213e+00 -2.88927629e+01  2.85e+00 5.28e-15  1.42e+00 *3.29e-03  4.98e+00 6.22e-01 3.44e+00  1.50e-01 6.39e-03     12s
  66  -4.22919060e+00 -2.87177847e+01  2.83e+00 5.27e-15  1.41e+00 *1.05e-02  4.91e+00 6.61e-01 3.44e+00  1.54e-01 6.81e-03     12s
  67  -4.37390156e+00 -2.85425546e+01  2.81e+00 5.11e-15  1.40e+00 *6.97e-03  4.84e+00 7.03e-01 3.44e+00  1.60e-01 7.33e-03     12s
  68  -4.52927521e+00 -2.83665180e+01  2.78e+00 5.96e-15  1.39e+00 *6.50e-03  4.77e+00 7.51e-01 3.44e+00  1.68e-01 7.96e-03     12s
  69  -4.69628799e+00 -2.81897725e+01  2.76e+00 5.28e-15  1.38e+00 *2.52e-02  4.70e+00 8.04e-01 3.43e+00  1.77e-01 8.67e-03     12s
  70  -4.87628671e+00 -2.80122592e+01  2.73e+00 6.27e-15  1.37e+00 *4.40e-02  4.64e+00 8.64e-01 3.43e+00  1.87e-01 9.47e-03     12s
  71  -5.07069637e+00 -2.78341212e+01  2.70e+00 5.78e-15  1.35e+00 *5.98e-02  4.59e+00 9.33e-01 3.43e+00  1.98e-01 1.04e-02     13s
  72  -5.28101319e+00 -2.76556675e+01  2.67e+00 5.31e-15  1.34e+00 *7.18e-02  4.54e+00 1.01e+00 3.43e+00  2.08e-01 1.14e-02     13s
  73  -5.50937538e+00 -2.74768854e+01  2.64e+00 5.82e-15  1.32e+00 *8.00e-02  4.49e+00 1.10e+00 3.43e+00  2.19e-01 1.25e-02     13s
  74  -5.75757089e+00 -2.72983060e+01  2.60e+00 5.75e-15  1.30e+00 *8.49e-02  4.45e+00 1.21e+00 3.42e+00  2.31e-01 1.38e-02     13s
  75  -6.02871572e+00 -2.71197296e+01  2.56e+00 5.69e-15  1.28e+00 *8.71e-02  4.41e+00 1.33e+00 3.42e+00  2.42e-01 1.53e-02     13s
  76  -6.32623768e+00 -2.69411785e+01  2.52e+00 5.23e-15  1.26e+00 *8.68e-02  4.37e+00 1.47e+00 3.42e+00  2.54e-01 1.70e-02     13s
  77  -6.65384734e+00 -2.67629203e+01  2.47e+00 5.33e-15  1.24e+00 *8.40e-02  4.33e+00 1.64e+00 3.41e+00  2.67e-01 1.90e-02     13s
  78  -7.01656082e+00 -2.65849524e+01  2.42e+00 5.39e-15  1.21e+00 *7.86e-02  4.29e+00 1.84e+00 3.41e+00  2.81e-01 2.14e-02     14s
  79  -7.42070230e+00 -2.64072408e+01  2.36e+00 5.61e-15  1.18e+00 *7.02e-02  4.25e+00 2.08e+00 3.41e+00  2.95e-01 2.43e-02     14s
  80  -7.87334898e+00 -2.62301253e+01  2.30e+00 4.55e-15  1.15e+00 *5.81e-02  4.20e+00 2.37e+00 3.40e+00  3.11e-01 2.77e-02     14s
  81  -8.38438847e+00 -2.60536072e+01  2.22e+00 4.54e-15  1.11e+00 *4.17e-02  4.14e+00 2.73e+00 3.40e+00  3.27e-01 3.19e-02     14s
  82  -8.96492064e+00 -2.58782165e+01  2.14e+00 4.87e-15  1.07e+00 *2.07e-02  4.08e+00 3.17e+00 3.39e+00  3.45e-01 3.70e-02     14s
  83  -8.96489978e+00 -2.58782165e+01  2.14e+00 4.87e-15  1.07e+00  3.38e+00  3.99e+00 3.74e+00 3.38e+00  1.00e+00 2.59e-06     14s

The solution quality is limited by the precision of the linear system solver.

The algorithm stopped after 84 iterations in 14.45 seconds.

Primal variables:   [+0.061 +1.886 +0.083 +0.482]
Dual slacks:        [+4.713 +0.221 +2.318 +0.356]
Dual variables:     [+8.517 -6.141]

Primal objective:   -8.96489978e+00
Dual objective:     -2.58782165e+01

Primal residual:    2.14e+00
Dual residual:      4.87e-15
Complementraty:     1.07e+00

Number of Iter:     84
Run time:           14.45

-------------------------------------------------------------------------------------------------------
                  Objective                Residual                        Step-length       
Iter      Primal           Dual         Primal    Dual     Compl    r error   r-bar    nabla     Time
   0  -8.96489978e+00 -2.58782165e+01  2.14e+00 0.00e+00  1.07e+00  2.14e+00 2.14e+00 5.00e-01    14s

The Quantum Inexact Infeasible Interior-Point Method starts running ...


                  Objective                Residual                                Linear system           Step-length
Iter      Primal           Dual         Primal    Dual     Compl    ||Resl||  Cond-Num  ||M||   ||RHS||    a-star   a-hat      Time
   0   2.27191755e+03 -1.22669189e+03  7.25e+02 8.39e+02  1.78e+06  1.14e-12  1.00e+00 1.00e+00 1.90e+03  6.99e-01 5.80e-01      0s
   1   1.43974945e+03 -1.22669189e+03  4.51e+02 2.84e-14  4.95e+05  4.51e+02  3.74e+00 1.20e+00 4.51e+02  1.00e+00 1.00e+00      0s
   2   2.37274385e+01 -1.33769284e+03  1.18e+01 8.04e-14  1.55e+04  1.71e+00  6.34e+00 2.57e+00 4.54e+01  9.88e-01 9.75e-01      0s
   3   3.78934363e+00 -1.33769284e+03  1.63e+00 0.00e+00  1.55e+03  1.63e+00  3.81e+00 4.06e-02 1.63e+00  1.00e+00 1.00e+00      0s
   4   2.67103103e+00 -4.67506840e+02  6.35e-01 1.29e-13  6.11e+02 *9.13e-04  5.87e+00 6.21e-03 1.68e+00  7.19e-01 6.10e-01      0s
   5   2.59690312e-01 -4.67506840e+02  1.50e+00 0.00e+00  6.11e+01  1.50e+00  1.51e+01 2.12e-02 1.50e+00  1.00e+00 1.00e+00      0s
   6   4.77804553e-01 -1.98807065e+01  1.31e+00 5.14e-14  5.30e+00 *1.44e-02  3.34e+01 4.05e-03 1.72e+00  1.31e-01 1.28e-01      1s
   7   7.12252317e-01 -4.47540675e+00  1.07e+00 4.13e-14  2.39e+00 *5.39e-02  1.14e+01 8.59e-02 1.72e+00  2.35e-01 1.84e-01      1s
   8   7.26064989e-01 -4.20101604e+00  1.05e+00 4.11e-14  2.35e+00 *2.79e-02  1.22e+01 4.80e-01 1.71e+00  2.71e-01 1.82e-02      1s
   9   7.36167684e-01 -4.01126951e+00  1.03e+00 3.95e-14  2.32e+00 *2.87e-03  1.20e+01 5.17e-01 1.70e+00  2.66e-01 1.34e-02      2s
  10   7.45893276e-01 -3.82981011e+00  1.02e+00 3.94e-14  2.29e+00 *2.60e-03  1.19e+01 5.45e-01 1.70e+00  2.69e-01 1.36e-02      2s
  11   7.55494597e-01 -3.64304440e+00  1.00e+00 3.84e-14  2.26e+00 *2.53e-02  1.17e+01 5.73e-01 1.70e+00  2.83e-01 1.53e-02      2s
  12   7.64857720e-01 -3.45083694e+00  9.87e-01 3.79e-14  2.22e+00 *4.73e-02  1.16e+01 6.06e-01 1.70e+00  2.98e-01 1.71e-02      2s
  13   7.73708031e-01 -3.26290054e+00  9.69e-01 3.70e-14  2.18e+00 *5.53e-02  1.15e+01 6.43e-01 1.70e+00  3.07e-01 1.81e-02      2s
  14   7.81887512e-01 -3.08886425e+00  9.52e-01 3.62e-14  2.15e+00 *4.80e-02  1.13e+01 6.84e-01 1.70e+00  3.08e-01 1.79e-02      3s
  15   7.89358802e-01 -2.93522958e+00  9.36e-01 3.61e-14  2.11e+00 *2.56e-02  1.12e+01 7.25e-01 1.70e+00  3.02e-01 1.66e-02      3s
  16   7.96230460e-01 -2.79870725e+00  9.21e-01 3.52e-14  2.08e+00 *1.30e-03  1.10e+01 7.64e-01 1.70e+00  2.95e-01 1.54e-02      3s
  17   8.02631564e-01 -2.66446499e+00  9.06e-01 3.47e-14  2.05e+00 *7.34e-03  1.08e+01 8.02e-01 1.70e+00  3.03e-01 1.63e-02      3s
  18   8.08473381e-01 -2.52232366e+00  8.89e-01 3.40e-14  2.02e+00 *3.54e-02  1.06e+01 8.41e-01 1.69e+00  3.22e-01 1.88e-02      3s
  19   8.13629928e-01 -2.38118006e+00  8.71e-01 3.32e-14  1.98e+00 *4.42e-02  1.04e+01 8.89e-01 1.69e+00  3.32e-01 2.02e-02      4s
  20   8.18215631e-01 -2.25461832e+00  8.55e-01 3.26e-14  1.94e+00 *2.42e-02  1.02e+01 9.40e-01 1.69e+00  3.28e-01 1.92e-02      4s
  21   8.22327967e-01 -2.14199349e+00  8.39e-01 3.19e-14  1.91e+00 *8.26e-04  9.98e+00 9.91e-01 1.69e+00  3.21e-01 1.79e-02      4s
  22   8.25722487e-01 -2.02715093e+00  8.23e-01 3.15e-14  1.87e+00 *1.35e-02  9.73e+00 1.04e+00 1.69e+00  3.35e-01 1.98e-02      4s
  23   8.28097945e-01 -1.90549332e+00  8.04e-01 3.07e-14  1.83e+00 *3.75e-02  9.48e+00 1.09e+00 1.69e+00  3.56e-01 2.29e-02      4s
  24   8.29869020e-01 -1.79268006e+00  7.86e-01 3.00e-14  1.80e+00 *2.47e-02  9.23e+00 1.16e+00 1.69e+00  3.56e-01 2.27e-02      5s
  25   8.31291113e-01 -1.69236089e+00  7.69e-01 2.97e-14  1.76e+00 *1.72e-03  8.96e+00 1.22e+00 1.68e+00  3.49e-01 2.14e-02      5s
  26   8.31597803e-01 -1.58763052e+00  7.50e-01 2.88e-14  1.72e+00 *1.58e-02  8.68e+00 1.28e+00 1.68e+00  3.69e-01 2.43e-02      5s
  27   8.30491012e-01 -1.47758875e+00  7.29e-01 2.76e-14  1.68e+00 *3.33e-02  8.38e+00 1.36e+00 1.68e+00  3.90e-01 2.81e-02      5s
  28   8.29084075e-01 -1.37943261e+00  7.10e-01 2.73e-14  1.63e+00 *7.94e-03  8.09e+00 1.44e+00 1.68e+00  3.85e-01 2.68e-02      5s
  29   3.45531798e-01 -1.37943261e+00  1.34e+00 9.36e-15  6.72e-01  1.68e+00  7.78e+00 1.53e+00 1.68e+00  1.00e+00 6.54e-01      6s
  30   3.50368205e-01 -1.24244687e+00  1.32e+00 9.24e-15  6.60e-01 *7.57e-02  6.40e+00 5.90e-01 1.72e+00  1.94e-01 1.73e-02      6s
  31   3.53752985e-01 -1.15102363e+00  1.30e+00 8.83e-15  6.51e-01 *5.60e-02  6.28e+00 6.65e-01 1.71e+00  1.99e-01 1.31e-02      6s
  32   3.57262148e-01 -1.06118362e+00  1.28e+00 8.71e-15  6.42e-01 *2.86e-02  6.16e+00 7.24e-01 1.71e+00  1.99e-01 1.39e-02      6s
  33   3.60875017e-01 -9.73096290e-01  1.27e+00 8.36e-15  6.33e-01 *2.06e-04  6.00e+00 7.89e-01 1.71e+00  1.99e-01 1.49e-02      6s
  34   3.64428764e-01 -8.84541632e-01  1.24e+00 8.28e-15  6.22e-01 *8.60e-03  5.80e+00 8.62e-01 1.71e+00  2.13e-01 1.68e-02      6s
  35   3.67778913e-01 -7.94253006e-01  1.22e+00 8.28e-15  6.10e-01 *4.24e-02  5.61e+00 9.49e-01 1.71e+00  2.38e-01 1.97e-02      6s
  36   3.71017495e-01 -7.03622419e-01  1.19e+00 7.88e-15  5.96e-01 *5.51e-02  5.45e+00 1.06e+00 1.71e+00  2.58e-01 2.26e-02      6s
  37   3.74281064e-01 -6.13529052e-01  1.16e+00 7.79e-15  5.81e-01 *4.67e-02  5.30e+00 1.19e+00 1.70e+00  2.71e-01 2.56e-02      7s
  38   3.77681603e-01 -5.24643119e-01  1.13e+00 7.61e-15  5.64e-01 *2.10e-02  5.14e+00 1.35e+00 1.70e+00  2.77e-01 2.88e-02      7s
  39   3.81186792e-01 -4.37323240e-01  1.09e+00 7.49e-15  5.46e-01 *4.60e-03  4.93e+00 1.54e+00 1.70e+00  2.85e-01 3.26e-02      7s
  40   3.84473976e-01 -3.48948579e-01  1.05e+00 7.09e-15  5.24e-01 *1.56e-02  4.68e+00 1.78e+00 1.69e+00  3.21e-01 3.94e-02      7s
  41   3.87453468e-01 -2.59754021e-01  9.98e-01 6.84e-15  4.99e-01 *4.04e-02  4.47e+00 2.09e+00 1.69e+00  3.66e-01 4.85e-02      7s
  42   3.90356275e-01 -1.70820700e-01  9.38e-01 6.60e-15  4.69e-01 *3.94e-02  4.31e+00 2.52e+00 1.69e+00  4.00e-01 5.93e-02      7s
  43   3.93361914e-01 -8.26780361e-02  8.70e-01 6.04e-15  4.35e-01 *2.19e-02  4.16e+00 3.11e+00 1.68e+00  4.27e-01 7.35e-02      7s
  44   3.93360784e-01 -8.26780361e-02  8.70e-01 6.04e-15  4.35e-01  1.67e+00  3.96e+00 3.95e+00 1.67e+00  1.00e+00 3.20e-06      8s

The solution quality is limited by the precision of the linear system solver.

The algorithm stopped after 45 iterations in 7.58 seconds.

Primal variables:   [+0.053 +1.234 +0.069 +0.295]
Dual slacks:        [+2.385 +0.137 +1.146 +0.205]
Dual variables:     [+0.049 -0.005]

Primal objective:   3.93360784e-01 
Dual objective:     -8.26780361e-02

Primal residual:    8.70e-01
Dual residual:      6.04e-15
Complementraty:     4.35e-01

Number of Iter:     45
Run time:           7.58

-------------------------------------------------------------------------------------------------------
                  Objective                Residual                        Step-length       
Iter      Primal           Dual         Primal    Dual     Compl    r error   r-bar    nabla     Time
   1  -1.13915244e+01 -2.62089286e+01  1.74e+00 0.00e+00  1.74e+00  1.74e+00 1.74e+00 1.00e+00    22s

The Quantum Inexact Infeasible Interior-Point Method starts running ...


                  Objective                Residual                                Linear system           Step-length
Iter      Primal           Dual         Primal    Dual     Compl    ||Resl||  Cond-Num  ||M||   ||RHS||    a-star   a-hat      Time
   0   4.59261494e+03 -2.45321139e+03  7.22e+02 8.36e+02  1.77e+06  9.65e-13  1.00e+00 1.00e+00 1.89e+03  7.00e-01 5.81e-01      0s
   1   2.89510055e+03 -2.45321139e+03  4.48e+02 2.84e-14  4.95e+05  4.48e+02  3.75e+00 1.20e+00 4.48e+02  1.00e+00 1.00e+00      0s
   2   5.78942942e+01 -2.66760434e+03  1.24e+01 1.17e-13  1.77e+04  1.75e+00  6.33e+00 2.55e+00 4.43e+01  9.89e-01 9.73e-01      0s
   3   8.67798266e+00 -2.66760434e+03  3.08e+00 0.00e+00  1.77e+03  3.08e+00  3.99e+00 4.79e-02 3.08e+00  1.00e+00 1.00e+00      0s
   4   8.47121310e+00 -9.74823853e+02  2.07e+00 6.70e-14  9.62e+02 *1.89e-02  5.82e+00 7.00e-03 3.41e+00  3.98e-01 3.27e-01      0s
   5   8.43295753e+00 -9.20010185e+02  1.95e+00 6.70e-14  9.15e+02 *1.04e-01  1.14e+01 2.54e-02 3.16e+00  5.33e-01 5.41e-02      1s
   6   8.41644091e+00 -8.60468294e+02  1.83e+00 1.17e-13  8.63e+02 *2.41e-02  1.28e+01 2.94e-02 3.14e+00  5.61e-01 6.21e-02      1s
   7   8.30433991e+00 -8.07543143e+02  1.70e+00 1.18e-13  8.08e+02 *2.73e-01  1.45e+01 3.46e-02 3.12e+00  6.00e-01 7.06e-02      1s
   8   8.29953675e+00 -7.37432955e+02  1.55e+00 5.70e-14  7.44e+02 *1.92e-03  1.68e+01 4.10e-02 3.10e+00  6.32e-01 8.70e-02      1s
   9   8.26769199e+00 -6.64703018e+02  1.38e+00 4.02e-14  6.74e+02 *4.74e-02  1.93e+01 5.01e-02 3.07e+00  6.78e-01 1.04e-01      1s
  10   8.21818716e+00 -5.86298770e+02  1.20e+00 4.04e-14  5.96e+02 *6.52e-02  2.26e+01 6.28e-02 3.04e+00  7.29e-01 1.29e-01      2s
  11   8.13765291e+00 -5.01928782e+02  1.00e+00 4.04e-14  5.08e+02 *9.21e-02  2.67e+01 8.11e-02 3.01e+00  7.88e-01 1.63e-01      2s
  12   8.14044261e+00 -3.89684986e+02  7.58e-01 3.55e-14  3.98e+02 *7.39e-03  3.21e+01 1.09e-01 2.98e+00  8.57e-01 2.41e-01      3s
  13   8.13436255e+00 -2.56962593e+02  4.77e-01 2.46e-14  2.65e+02 *6.34e-03  3.88e+01 1.64e-01 2.93e+00  9.45e-01 3.70e-01      3s
  14   8.02229234e+00 -1.09413705e+02  1.70e-01 1.18e-14  1.16e+02 *2.73e-02  4.77e+01 2.93e-01 2.88e+00  1.00e+00 6.31e-01      4s
  15   7.85100154e+00 -4.59516122e+00  9.92e-03 1.16e-14  1.24e+01 *1.05e-02  6.00e+01 7.98e-01 2.83e+00  1.00e+00 9.89e-01      4s
  16   7.60461501e+00 -3.79728164e+00  9.21e-03 1.02e-14  1.14e+01 *2.30e-03  3.00e+01 5.44e+00 3.02e+00  6.43e-01 9.28e-02      4s
  17   7.36844213e+00 -3.16926138e+00  8.44e-03 9.07e-15  1.05e+01 *3.45e-06  2.80e+01 5.89e+00 3.02e+00  6.39e-01 8.38e-02      5s
  18   7.10775389e+00 -2.59840443e+00  8.89e-03 8.37e-15  9.69e+00 *1.37e-02  2.61e+01 6.31e+00 3.02e+00  6.49e-01 8.76e-02      5s
  19   6.82291584e+00 -2.07706801e+00  1.02e-02 7.49e-15  8.88e+00 *2.31e-02  2.42e+01 6.78e+00 3.02e+00  6.61e-01 9.24e-02      5s
  20   6.52072325e+00 -1.60515466e+00  1.13e-02 6.81e-15  8.11e+00 *2.13e-02  2.22e+01 7.30e+00 3.02e+00  6.71e-01 9.66e-02      6s
  21   6.20011162e+00 -1.17413009e+00  1.17e-02 6.12e-15  7.36e+00 *1.59e-02  2.01e+01 7.88e+00 3.02e+00  6.83e-01 1.03e-01      6s
  22   5.85481427e+00 -7.73283530e-01  1.17e-02 5.43e-15  6.62e+00 *1.15e-02  1.81e+01 8.55e+00 3.02e+00  7.02e-01 1.12e-01      6s
  23   5.47473666e+00 -3.91836021e-01  1.15e-02 4.64e-15  5.86e+00 *1.02e-02  1.61e+01 9.33e+00 3.02e+00  7.29e-01 1.27e-01      6s
  24   4.98842826e+00  1.77387207e-02  1.78e-02 3.83e-15  4.96e+00 *4.85e-02  1.41e+01 1.03e+01 3.02e+00  7.93e-01 1.70e-01      7s
  25   4.45622440e+00  4.10979662e-01  2.25e-02 3.08e-15  4.04e+00 *4.06e-02  1.22e+01 1.18e+01 3.02e+00  8.33e-01 2.07e-01      7s
  26   3.80260895e+00  8.30925515e-01  3.22e-02 2.27e-15  2.97e+00 *5.54e-02  1.03e+01 1.41e+01 3.02e+00  9.06e-01 2.95e-01      7s
  27   3.03565625e+00  1.26950036e+00  4.30e-02 1.20e-15  1.77e+00 *5.61e-02  8.45e+00 1.84e+01 3.02e+00  9.84e-01 4.49e-01      7s
  28   1.97456434e+00  1.81458097e+00  7.92e-02 4.45e-16  1.83e-01 *7.92e-02  6.69e+00 2.90e+01 3.03e+00  1.00e+00 1.00e+00      7s
  29   1.88095167e+00  1.88172581e+00  6.20e-02 9.93e-16  1.81e-02 *6.20e-02  4.26e+00 2.04e+02 3.12e+00  1.00e+00 1.00e+00      7s

The algorithm stopped after 30 iterations in 7.38 seconds.

Primal variables:   [+0.001 +4.836 +0.002 +1.334]
Dual slacks:        [+4.412 +0.001 +2.357 +0.003]
Dual variables:     [-0.579 +0.194]

Primal objective:   1.88095167e+00 
Dual objective:     1.88172581e+00 

Primal residual:    6.20e-02
Dual residual:      9.93e-16
Complementraty:     1.81e-02

Number of Iter:     30
Run time:           7.38

-------------------------------------------------------------------------------------------------------
                  Objective                Residual                        Step-length       
Iter      Primal           Dual         Primal    Dual     Compl    r error   r-bar    nabla     Time
   2  -2.38488881e+01 -2.43272028e+01  6.20e-02 0.00e+00  1.81e-02  6.20e-02 1.00e-01 1.60e+01    29s

The Quantum Inexact Infeasible Interior-Point Method starts running ...


                  Objective                Residual                                Linear system           Step-length
Iter      Primal           Dual         Primal    Dual     Compl    ||Resl||  Cond-Num  ||M||   ||RHS||    a-star   a-hat      Time
   0   6.33123386e+04 -3.84707108e+04  6.66e+02 7.66e+02  1.71e+06  1.14e-12  1.00e+00 1.00e+00 1.82e+03  7.27e-01 6.06e-01      0s
   1   3.62122849e+04 -3.84707108e+04  3.74e+02 0.00e+00  4.86e+05  3.74e+02  3.87e+00 1.19e+00 3.74e+02  1.00e+00 1.00e+00      0s
   2   2.77854531e+03 -3.82962358e+04  1.42e+01 5.68e-14  5.70e+04 *2.81e-01  6.12e+00 2.09e+00 4.33e+01  1.00e+00 9.63e-01      0s
   3   1.51604677e+03 -1.33677000e+04  6.30e-01 1.61e-13  1.46e+04 *6.30e-01  6.81e+00 2.17e-01 5.25e+01  1.00e+00 1.00e+00      0s
   4   1.32034576e+03 -1.15810035e+03  1.31e+00 7.05e-14  2.44e+03 *1.34e+00  2.46e+01 7.61e-01 5.06e+01  1.00e+00 9.47e-01      1s
   5   1.21868959e+03 -9.66553026e+02  1.22e+00 6.40e-14  2.15e+03 *6.76e-01  2.27e+01 6.11e+00 4.87e+01  6.47e-01 1.28e-01      1s
   6   1.14901129e+03 -8.58861310e+02  1.12e+00 5.93e-14  1.98e+03 *3.74e-02  1.99e+01 6.85e+00 4.87e+01  6.45e-01 8.78e-02      1s
   7   1.07243632e+03 -7.57008270e+02  1.01e+00 5.25e-14  1.81e+03 *8.45e-03  1.80e+01 7.39e+00 4.86e+01  6.66e-01 9.65e-02      1s
   8   9.82034377e+02 -6.54862749e+02  9.31e-01 5.34e-14  1.62e+03 *3.00e-01  1.62e+01 8.03e+00 4.86e+01  7.05e-01 1.15e-01      2s
   9   7.75997265e+02 -4.81384119e+02  1.53e+00 4.48e-14  1.24e+03 *3.20e+00  1.44e+01 8.86e+00 4.86e+01  8.95e-01 2.63e-01      2s
  10   6.33491839e+02 -3.71253443e+02  1.57e+00 3.12e-14  9.92e+02 *1.72e+00  1.26e+01 1.14e+01 4.85e+01  8.48e-01 2.23e-01      2s
  11   5.13341056e+02 -2.86473739e+02  1.34e+00 2.60e-14  7.92e+02 *5.24e-01  1.07e+01 1.41e+01 4.85e+01  8.43e-01 2.24e-01      2s
  12   3.88654945e+02 -2.07434840e+02  9.67e-01 2.02e-14  5.92e+02 *1.39e-02  9.01e+00 1.72e+01 4.85e+01  8.87e-01 2.79e-01      2s
  13   2.91716294e+01 -2.07434840e+02  4.85e+01 0.00e+00  5.92e+01  4.85e+01  7.42e+00 2.24e+01 4.85e+01  1.00e+00 1.00e+00      3s
  14   2.71177746e+01 -5.90738569e+01  4.36e+01 5.55e-17  4.11e+01 *8.16e-01  4.61e+00 2.78e+00 5.50e+01  1.27e-01 1.01e-01      3s
  15   2.67337766e+01 -5.46382952e+01  4.28e+01 2.48e-16  4.04e+01 *1.24e+00  1.04e+01 2.31e+01 5.35e+01  2.23e-01 1.78e-02      3s
  16   2.65257023e+01 -5.24947857e+01  4.24e+01 1.67e-16  4.00e+01 *9.40e-01  1.06e+01 2.68e+01 5.33e+01  2.39e-01 9.77e-03      3s
  17   2.62963237e+01 -5.02375215e+01  4.19e+01 3.14e-16  3.96e+01 *4.17e-01  1.08e+01 2.89e+01 5.32e+01  2.48e-01 1.09e-02      3s
  18   2.60437051e+01 -4.78905396e+01  4.14e+01 1.67e-16  3.92e+01 *7.21e-02  1.09e+01 3.13e+01 5.31e+01  2.58e-01 1.20e-02      3s
  19   2.57678734e+01 -4.55026158e+01  4.08e+01 1.59e-14  3.87e+01 *3.63e-02  1.09e+01 3.40e+01 5.30e+01  2.68e-01 1.33e-02      4s
  20   2.54688153e+01 -4.31146296e+01  4.03e+01 7.11e-15  3.82e+01 *4.89e-02  1.10e+01 3.71e+01 5.29e+01  2.79e-01 1.45e-02      4s
  21   2.51470010e+01 -4.07650299e+01  3.96e+01 7.11e-15  3.76e+01 *3.19e-01  1.11e+01 4.08e+01 5.28e+01  2.90e-01 1.57e-02      4s
  22   2.48027671e+01 -3.84857412e+01  3.90e+01 2.78e-17  3.70e+01 *7.92e-01  1.12e+01 4.49e+01 5.27e+01  3.02e-01 1.69e-02      4s
  23   2.44359751e+01 -3.62925928e+01  3.82e+01 5.55e-17  3.64e+01 *1.38e+00  1.13e+01 4.96e+01 5.26e+01  3.14e-01 1.82e-02      4s
  24   2.40364250e+01 -3.41054485e+01  3.75e+01 2.78e-17  3.57e+01 *1.58e+00  1.15e+01 5.49e+01 5.24e+01  3.28e-01 2.01e-02      5s
  25   2.35779048e+01 -3.17408993e+01  3.66e+01 1.42e-14  3.49e+01 *8.82e-01  1.17e+01 6.11e+01 5.23e+01  3.46e-01 2.35e-02      5s
  26   2.30460854e+01 -2.91898788e+01  3.56e+01 1.42e-14  3.40e+01 *2.11e-01  1.19e+01 6.88e+01 5.21e+01  3.66e-01 2.79e-02      5s
  27   2.24409416e+01 -2.65681148e+01  3.44e+01 1.42e-14  3.29e+01 *1.41e-02  1.19e+01 7.85e+01 5.19e+01  3.88e-01 3.24e-02      5s
  28   2.17535039e+01 -2.39170932e+01  3.31e+01 1.42e-14  3.17e+01 *2.38e-02  1.20e+01 9.06e+01 5.17e+01  4.12e-01 3.79e-02      5s
  29   2.09699457e+01 -2.12547488e+01  3.16e+01 1.42e-14  3.04e+01 *5.33e-03  1.20e+01 1.06e+02 5.15e+01  4.38e-01 4.45e-02      6s
  30   2.00702088e+01 -1.85868328e+01  3.00e+01 7.11e-15  2.89e+01 *4.43e-02  1.20e+01 1.25e+02 5.12e+01  4.68e-01 5.31e-02      6s
  31   1.90301783e+01 -1.59232485e+01  2.80e+01 7.11e-15  2.71e+01 *1.21e-01  1.21e+01 1.51e+02 5.09e+01  5.03e-01 6.44e-02      6s
  32   1.78159842e+01 -1.32684149e+01  2.58e+01 1.59e-14  2.51e+01 *2.36e-01  1.21e+01 1.86e+02 5.05e+01  5.45e-01 7.96e-02      6s
  33   1.63878088e+01 -1.06401505e+01  2.32e+01 1.59e-14  2.27e+01 *4.24e-01  1.21e+01 2.36e+02 5.01e+01  5.95e-01 1.01e-01      6s
  34   1.47127623e+01 -8.09505419e+00  2.02e+01 1.42e-14  1.99e+01 *8.07e-01  1.22e+01 3.08e+02 4.96e+01  6.55e-01 1.30e-01      6s
  35   1.27972039e+01 -5.75717521e+00  1.68e+01 1.42e-14  1.68e+01 *1.69e+00  1.24e+01 4.20e+02 4.90e+01  7.20e-01 1.67e-01      7s
  36   1.00235589e+01 -2.78476979e+00  1.20e+01 1.42e-14  1.22e+01 *4.03e-01  1.28e+01 6.01e+02 4.84e+01  7.61e-01 2.87e-01      7s
  37   6.92942737e+00 -4.26202985e-01  6.87e+00 5.20e-18  7.28e+00 *1.63e+00  1.24e+01 1.05e+03 4.74e+01  9.20e-01 4.31e-01      7s
  38   3.46867416e+00  1.83062918e+00  1.29e+00 1.42e-14  1.69e+00 *1.39e-02  1.30e+01 2.21e+03 4.64e+01  9.31e-01 8.12e-01      7s
  39   2.70406492e+00  2.07700202e+00  1.39e+00 7.83e-18  6.97e-01 *1.92e+00  6.44e+00 9.96e+03 4.62e+01  1.00e+00 6.52e-01      7s
  40   2.70248020e+00  2.07775150e+00  1.39e+00 1.42e-14  6.95e-01 *8.18e-01  8.31e+00 2.35e+04 4.69e+01  1.00e+00 3.91e-03      8s
  41   2.70247905e+00  2.07775205e+00  1.39e+00 3.84e-18  6.95e-01 *8.15e-01  8.31e+00 2.35e+04 4.69e+01  1.00e+00 2.86e-06      8s

The solution quality is limited by the precision of the linear system solver.

The algorithm stopped after 42 iterations in 7.92 seconds.

Primal variables:   [+0.003 +76.958 +0.006 +20.835]
Dual slacks:        [+70.564 +0.001 +37.700 +0.005]
Dual variables:     [-0.043 +0.033]

Primal objective:   2.70247905e+00 
Dual objective:     2.07775205e+00 

Primal residual:    1.39e+00
Dual residual:      3.84e-18
Complementraty:     6.95e-01

Number of Iter:     42
Run time:           7.92
The iterative refinement algorithm stopped because of inexact solution returned by IPM.

The Iterative Refinement algorithm stopped after 4 iterations in 29.42 seconds.

Primal objective:   -2.38488881e+01
Dual objective:     -2.43272028e+01

Primal residual:    6.20e-02
Dual residual:      0.00e+00
Complementraty:     1.81e-02

Primal variables:   [+0.001073 +4.836242 +0.001928 +1.334418]
Dual slacks:        [+4.412065 +0.000987 +2.356688 +0.003022]
Dual variables:     [+8.036365 -5.957589]

Number of Iter:     3
Run time:           29.42
