
--------------- Linear optimization problem characteristics ---------------
Seed:                    69
Number of variables:     4
Number of constraints:   2

Norm of primal sol:      5.00e+00
Norm of dual sol:        1.00e+01
Norm of dual slacks:     5.00e+00

Norm of vector b:        2.37e+00
Norm of vector c:        1.07e+01

Norm of matrix A:        1.00e+00
Condition number:        1.00e+00

----------------------- Linear optimization problem -----------------------
Coeff matrix A:          [[-0.511 +0.103 -0.501 -0.691]
                          [-0.730 -0.437 +0.515 +0.102]]

RHS vector b:            [-2.045 -1.206]
Obj vector c:            [+9.081 +4.487 -2.390 -2.663]

---------------------------- Optimal solution -----------------------------
Primal variables:         [+0.000 +3.579 +0.000 +3.492]
Dual slacks:              [+3.229 +0.000 +3.818 +0.000]
Dual variables:           [+2.416 -9.704]

Optimal objective:       +6.75851709e+00
===========================================================================

Method:                  IR-II-QIPM
IR_Precision:            1.00e-04
LO_Precision:            1.00e-01
Stop_Precision:          1.00e-03
LO_Verbosity:            2
Omega:                   1.00e+03

The Iterative Refinement algorithm starts running ...


The Quantum Inexact Infeasible Interior-Point Method starts running ...


                  Objective                Residual                                Linear system           Step-length
Iter      Primal           Dual         Primal    Dual     Compl    ||Resl||  Cond-Num  ||M||   ||RHS||    a-star   a-hat      Time
   0   3.41675470e+03 -3.02189444e+03  5.05e+02 5.96e+02  1.28e+06  4.55e-13  1.00e+00 1.00e+00 1.85e+03  8.06e-01 7.01e-01      0s
   1   2.98665355e+03 -3.48189239e+03  4.28e+02 5.06e+02  1.10e+06  6.49e-01  4.83e+00 1.05e+00 3.14e+02  7.00e-01 1.52e-01      0s
   2   2.57933540e+03 -3.91534875e+03  3.62e+02 4.26e+02  9.44e+05  1.19e+01  5.46e+00 9.59e-01 2.42e+02  7.50e-01 1.58e-01      0s
   3   2.14323487e+03 -4.41597731e+03  2.92e+02 3.44e+02  7.77e+05  2.85e-01  6.02e+00 8.63e-01 1.82e+02  7.82e-01 1.93e-01      1s
   4   1.62890825e+03 -5.00594630e+03  2.16e+02 2.53e+02  5.88e+05  7.30e+00  6.61e+00 7.40e-01 1.27e+02  8.44e-01 2.64e-01      1s
   5   9.31829037e+02 -5.00594630e+03  7.53e+01 0.00e+00  1.39e+05  7.53e+01  7.25e+00 5.81e-01 7.53e+01  1.00e+00 1.00e+00      1s
   6   2.26841008e+01 -5.31789068e+03  6.88e-01 5.68e-14  6.78e+03  1.49e-01  1.13e+01 3.31e-01 4.87e+00  1.00e+00 9.91e-01      1s
   7   1.71958017e+01 -1.65218480e+03  1.76e-02 1.21e-13  1.67e+03 *1.76e-02  4.40e+00 5.82e-03 2.07e+00  1.00e+00 1.00e+00      1s
   8   1.73997188e+01 -1.49988471e+02  1.07e-02 6.90e-14  1.67e+02 *1.07e-02  4.29e+00 1.44e-02 2.14e+00  1.00e+00 1.00e+00      1s
   9   1.69553781e+01 -5.45412906e+00  9.35e-03 9.24e-15  2.23e+01 *9.30e-03  4.25e+00 1.43e-01 2.14e+00  1.00e+00 9.63e-01      1s
  10   1.61412305e+01 -3.53551333e+00  5.82e-03 7.29e-15  1.96e+01 *1.69e-02  2.46e+00 8.49e-01 2.09e+00  6.49e-01 1.35e-01      1s
  11   1.55466945e+01 -2.46531998e+00  1.67e-03 7.54e-15  1.80e+01 *3.91e-02  2.25e+00 9.33e-01 2.08e+00  6.61e-01 9.24e-02      1s
  12   1.49035162e+01 -1.45808421e+00  2.87e-03 5.57e-15  1.64e+01 *4.38e-02  2.18e+00 1.01e+00 2.07e+00  6.77e-01 9.97e-02      2s
  13   1.41994495e+01 -4.98860346e-01  8.66e-03 5.66e-15  1.48e+01 *5.57e-02  2.18e+00 1.12e+00 2.06e+00  6.97e-01 1.10e-01      2s
  14   1.34107572e+01  4.24641992e-01  1.79e-02 4.68e-15  1.31e+01 *8.32e-02  2.26e+00 1.29e+00 2.06e+00  7.23e-01 1.23e-01      2s
  15   1.25486280e+01  1.35606602e+00  2.63e-02 3.77e-15  1.14e+01 *7.58e-02  2.46e+00 1.53e+00 2.05e+00  7.59e-01 1.46e-01      2s
  16   1.16834448e+01  2.41915644e+00  1.64e-02 3.33e-15  9.40e+00 *2.45e-02  2.79e+00 1.92e+00 2.04e+00  8.18e-01 1.95e-01      2s
  17   5.20667742e-01  2.41915644e+00  2.01e+00 0.00e+00  1.01e+00  2.03e+00  3.25e+00 2.60e+00 2.03e+00  1.00e+00 9.92e-01      2s
  18   5.79696453e-01  2.78366366e+00  1.99e+00 9.74e-16  9.95e-01 *8.15e-02  5.65e+00 5.07e-01 2.34e+00  1.15e-01 1.06e-02      2s
  19   6.00113315e-01  2.89885267e+00  1.98e+00 2.11e-15  9.91e-01 *1.20e-01  5.52e+00 5.80e-01 2.33e+00  1.26e-01 3.93e-03      2s
  20   6.21225409e-01  3.01325689e+00  1.97e+00 1.64e-15  9.87e-01 *1.26e-01  5.49e+00 6.08e-01 2.33e+00  1.29e-01 4.12e-03      2s
  21   6.43315707e-01  3.12764154e+00  1.97e+00 2.24e-15  9.83e-01 *1.29e-01  5.45e+00 6.39e-01 2.33e+00  1.32e-01 4.35e-03      2s
  22   6.66529281e-01  3.24182086e+00  1.96e+00 2.15e-15  9.78e-01 *1.29e-01  5.42e+00 6.71e-01 2.33e+00  1.36e-01 4.59e-03      3s
  23   6.91161781e-01  3.35617293e+00  1.95e+00 2.90e-15  9.73e-01 *1.25e-01  5.38e+00 7.07e-01 2.33e+00  1.39e-01 4.86e-03      3s
  24   7.17464865e-01  3.47059029e+00  1.94e+00 2.58e-15  9.68e-01 *1.18e-01  5.34e+00 7.46e-01 2.33e+00  1.42e-01 5.14e-03      3s
  25   7.45769004e-01  3.58506595e+00  1.93e+00 9.99e-16  9.63e-01 *1.07e-01  5.30e+00 7.88e-01 2.33e+00  1.45e-01 5.44e-03      3s
  26   7.76529785e-01  3.69980759e+00  1.92e+00 1.02e-15  9.58e-01 *9.17e-02  5.25e+00 8.34e-01 2.33e+00  1.47e-01 5.78e-03      3s
  27   8.10150747e-01  3.81455014e+00  1.90e+00 4.58e-16  9.52e-01 *7.18e-02  5.20e+00 8.84e-01 2.33e+00  1.50e-01 6.13e-03      3s
  28   8.47202342e-01  3.92951552e+00  1.89e+00 1.44e-15  9.46e-01 *4.82e-02  5.14e+00 9.39e-01 2.33e+00  1.53e-01 6.53e-03      4s
  29   8.88052418e-01  4.04440064e+00  1.88e+00 1.01e-15  9.39e-01 *2.32e-02  5.08e+00 1.00e+00 2.32e+00  1.56e-01 6.95e-03      4s
  30   9.32933194e-01  4.15914684e+00  1.86e+00 2.27e-15  9.32e-01 *1.45e-03  5.01e+00 1.07e+00 2.32e+00  1.59e-01 7.43e-03      4s
  31   9.81729138e-01  4.27373863e+00  1.85e+00 1.28e-15  9.25e-01 *1.08e-02  4.93e+00 1.14e+00 2.32e+00  1.64e-01 7.99e-03      4s
  32   1.03403459e+00  4.38839189e+00  1.83e+00 1.81e-15  9.17e-01 *8.66e-03  4.85e+00 1.22e+00 2.32e+00  1.70e-01 8.67e-03      4s
  33   1.08928866e+00  4.50328693e+00  1.82e+00 2.42e-15  9.08e-01 *7.58e-03  4.77e+00 1.31e+00 2.32e+00  1.79e-01 9.49e-03      4s
  34   1.14708190e+00  4.61840660e+00  1.80e+00 2.48e-15  8.98e-01 *3.20e-02  4.69e+00 1.42e+00 2.32e+00  1.89e-01 1.05e-02      4s
  35   1.20731017e+00  4.73336781e+00  1.78e+00 1.29e-15  8.88e-01 *5.71e-02  4.62e+00 1.54e+00 2.31e+00  1.99e-01 1.15e-02      5s
  36   1.27048661e+00  4.84807175e+00  1.75e+00 6.96e-16  8.77e-01 *7.79e-02  4.56e+00 1.68e+00 2.31e+00  2.11e-01 1.28e-02      5s
  37   1.33749066e+00  4.96243472e+00  1.73e+00 1.05e-15  8.64e-01 *9.28e-02  4.50e+00 1.85e+00 2.31e+00  2.23e-01 1.41e-02      5s
  38   1.40959262e+00  5.07655366e+00  1.70e+00 8.40e-16  8.51e-01 *1.02e-01  4.45e+00 2.04e+00 2.31e+00  2.35e-01 1.57e-02      5s
  39   1.48836172e+00  5.19047888e+00  1.67e+00 1.36e-15  8.36e-01 *1.04e-01  4.39e+00 2.26e+00 2.30e+00  2.47e-01 1.76e-02      5s
  40   1.57576965e+00  5.30420503e+00  1.64e+00 1.74e-15  8.19e-01 *1.02e-01  4.34e+00 2.53e+00 2.30e+00  2.60e-01 1.98e-02      5s
  41   1.67466161e+00  5.41799395e+00  1.60e+00 2.91e-15  8.01e-01 *9.34e-02  4.29e+00 2.86e+00 2.30e+00  2.73e-01 2.25e-02      5s
  42   1.78886043e+00  5.53198499e+00  1.56e+00 2.88e-15  7.81e-01 *7.86e-02  4.23e+00 3.25e+00 2.29e+00  2.88e-01 2.58e-02      6s
  43   1.92369036e+00  5.64629221e+00  1.51e+00 3.50e-15  7.57e-01 *5.68e-02  4.16e+00 3.73e+00 2.29e+00  3.03e-01 2.98e-02      6s
  44   2.08618928e+00  5.76089575e+00  1.46e+00 3.51e-15  7.31e-01 *2.84e-02  4.09e+00 4.34e+00 2.28e+00  3.19e-01 3.50e-02      6s
  45   2.08618901e+00  5.76089575e+00  1.46e+00 3.51e-15  7.31e-01  2.28e+00  3.99e+00 5.11e+00 2.28e+00  1.00e+00 1.43e-07      6s

The solution quality is limited by the precision of the linear system solver.

The algorithm stopped after 46 iterations in 6.18 seconds.

Primal variables:   [+0.053 +1.158 +0.051 +1.305]
Dual slacks:        [+3.651 +0.150 +3.736 +0.132]
Dual variables:     [+2.667 -9.302]

Primal objective:   2.08618901e+00 
Dual objective:     5.76089575e+00 

Primal residual:    1.46e+00
Dual residual:      3.51e-15
Complementraty:     7.31e-01

Number of Iter:     46
Run time:           6.18

-------------------------------------------------------------------------------------------------------
                  Objective                Residual                        Step-length       
Iter      Primal           Dual         Primal    Dual     Compl    r error   r-bar    nabla     Time
   0   2.08618901e+00  5.76089575e+00  1.46e+00 0.00e+00  7.31e-01  1.46e+00 1.46e+00 1.00e+00     6s

The Quantum Inexact Infeasible Interior-Point Method starts running ...


                  Objective                Residual                                Linear system           Step-length
Iter      Primal           Dual         Primal    Dual     Compl    ||Resl||  Cond-Num  ||M||   ||RHS||    a-star   a-hat      Time
   0   3.16012219e+03 -3.02593385e+03  5.05e+02 5.97e+02  1.28e+06  3.41e-13  1.00e+00 1.00e+00 1.86e+03  8.06e-01 7.01e-01      0s
   1   2.76745146e+03 -3.48620059e+03  4.28e+02 5.06e+02  1.10e+06  6.59e-01  4.83e+00 1.05e+00 3.16e+02  7.00e-01 1.52e-01      0s
   2   2.40691491e+03 -3.91970778e+03  3.62e+02 4.26e+02  9.44e+05  1.21e+01  5.46e+00 9.59e-01 2.43e+02  7.50e-01 1.58e-01      0s
   3   2.00333228e+03 -4.42053615e+03  2.92e+02 3.44e+02  7.77e+05  2.89e-01  6.02e+00 8.63e-01 1.83e+02  7.82e-01 1.93e-01      0s
   4   1.53707694e+03 -5.01097685e+03  2.16e+02 2.53e+02  5.88e+05  7.39e+00  6.61e+00 7.40e-01 1.28e+02  8.45e-01 2.64e-01      0s
   5   4.30863167e+02 -5.01097685e+03  7.56e+01 0.00e+00  1.39e+05  7.56e+01  7.25e+00 5.81e-01 7.56e+01  1.00e+00 1.00e+00      1s
   6   1.37928771e+01 -5.32088519e+03  6.99e-01 2.34e-13  6.83e+03  1.87e-01  1.13e+01 3.32e-01 4.87e+00  1.00e+00 9.91e-01      1s
   7   1.13350658e+01 -1.68650277e+03  1.67e-02 1.53e-13  1.70e+03 *1.67e-02  4.43e+00 5.90e-03 2.06e+00  1.00e+00 1.00e+00      1s
   8   1.15925976e+01 -1.58565718e+02  1.24e-02 3.90e-14  1.70e+02 *1.24e-02  4.35e+00 1.44e-02 2.14e+00  1.00e+00 1.00e+00      1s
   9   1.11662717e+01 -1.12435165e+01  1.04e-02 9.26e-15  2.24e+01 *1.04e-02  4.29e+00 1.42e-01 2.14e+00  1.00e+00 9.65e-01      1s
  10   1.06438541e+01 -9.96360433e+00  8.14e-03 8.94e-15  2.06e+01 *1.52e-02  2.48e+00 8.53e-01 2.09e+00  6.47e-01 8.95e-02      1s
  11   1.01077761e+01 -8.84363685e+00  4.43e-03 8.56e-15  1.90e+01 *3.33e-02  2.32e+00 9.03e-01 2.08e+00  6.54e-01 8.96e-02      1s
  12   9.53281524e+00 -7.80420616e+00  1.35e-04 7.60e-15  1.73e+01 *4.20e-02  2.22e+00 9.66e-01 2.07e+00  6.66e-01 9.50e-02      1s
  13   8.91024117e+00 -6.81984547e+00  4.96e-03 6.81e-15  1.57e+01 *4.80e-02  2.17e+00 1.06e+00 2.07e+00  6.85e-01 1.03e-01      1s
  14   8.23659751e+00 -5.87759099e+00  1.21e-02 6.43e-15  1.41e+01 *6.68e-02  2.21e+00 1.19e+00 2.06e+00  7.07e-01 1.15e-01      1s
  15   7.50449928e+00 -4.96106764e+00  2.23e-02 5.57e-15  1.24e+01 *9.06e-02  2.34e+00 1.38e+00 2.05e+00  7.36e-01 1.31e-01      1s
  16   6.65444530e+00 -3.98488661e+00  2.45e-02 4.31e-15  1.06e+01 *3.58e-02  2.58e+00 1.67e+00 2.04e+00  7.82e-01 1.63e-01      2s
  17   5.65959159e+00 -2.91787701e+00  1.71e-02 2.72e-15  8.56e+00 *1.02e-02  2.97e+00 2.15e+00 2.03e+00  8.38e-01 2.15e-01      2s
  18   6.00199840e-01 -2.91787701e+00  1.99e+00 0.00e+00  9.94e-01  2.02e+00  3.50e+00 3.01e+00 2.02e+00  1.00e+00 9.82e-01      2s
  19   6.05047651e-01 -2.65302091e+00  1.97e+00 1.11e-16  9.84e-01 *6.09e-03  5.94e+00 6.17e-01 2.33e+00  1.17e-01 8.79e-03      2s
  20   6.07503226e-01 -2.53773129e+00  1.96e+00 1.24e-16  9.80e-01 *2.45e-02  5.79e+00 6.84e-01 2.33e+00  1.25e-01 4.37e-03      2s
  21   6.10111539e-01 -2.42285058e+00  1.95e+00 5.55e-17  9.75e-01 *5.03e-02  5.72e+00 7.18e-01 2.33e+00  1.30e-01 4.64e-03      2s
  22   6.12884706e-01 -2.30801345e+00  1.94e+00 5.55e-17  9.70e-01 *7.57e-02  5.66e+00 7.56e-01 2.33e+00  1.35e-01 4.96e-03      2s
  23   6.15822774e-01 -2.19343361e+00  1.93e+00 8.95e-16  9.65e-01 *9.73e-02  5.60e+00 7.97e-01 2.33e+00  1.41e-01 5.30e-03      2s
  24   6.18930905e-01 -2.07914888e+00  1.92e+00 4.48e-16  9.60e-01 *1.13e-01  5.55e+00 8.43e-01 2.33e+00  1.46e-01 5.66e-03      3s
  25   6.22218668e-01 -1.96510870e+00  1.91e+00 4.58e-16  9.54e-01 *1.24e-01  5.50e+00 8.94e-01 2.33e+00  1.51e-01 6.04e-03      3s
  26   6.25701396e-01 -1.85116432e+00  1.90e+00 4.48e-16  9.48e-01 *1.28e-01  5.45e+00 9.49e-01 2.32e+00  1.56e-01 6.46e-03      3s
  27   6.29393998e-01 -1.73730017e+00  1.88e+00 1.00e-15  9.41e-01 *1.27e-01  5.40e+00 1.01e+00 2.32e+00  1.61e-01 6.92e-03      3s
  28   6.33318183e-01 -1.62340573e+00  1.87e+00 9.96e-16  9.34e-01 *1.20e-01  5.35e+00 1.08e+00 2.32e+00  1.66e-01 7.42e-03      3s
  29   6.37503932e-01 -1.50928357e+00  1.85e+00 9.96e-16  9.27e-01 *1.06e-01  5.29e+00 1.16e+00 2.32e+00  1.70e-01 7.98e-03      3s
  30   6.41982591e-01 -1.39487870e+00  1.84e+00 9.95e-16  9.19e-01 *8.54e-02  5.23e+00 1.24e+00 2.32e+00  1.74e-01 8.60e-03      4s
  31   6.46782328e-01 -1.28036399e+00  1.82e+00 9.95e-16  9.11e-01 *5.83e-02  5.17e+00 1.33e+00 2.32e+00  1.78e-01 9.27e-03      4s
  32   6.51942983e-01 -1.16571880e+00  1.80e+00 9.95e-16  9.01e-01 *2.75e-02  5.09e+00 1.44e+00 2.32e+00  1.82e-01 1.00e-02      4s
  33   6.57492840e-01 -1.05119820e+00  1.78e+00 9.95e-16  8.92e-01 *4.26e-04  5.00e+00 1.56e+00 2.31e+00  1.87e-01 1.09e-02      4s
  34   6.63467290e-01 -9.36767147e-01  1.76e+00 4.58e-16  8.81e-01 *1.17e-02  4.91e+00 1.69e+00 2.31e+00  1.94e-01 1.19e-02      4s
  35   6.69903727e-01 -8.22223420e-01  1.74e+00 4.59e-16  8.69e-01 *1.53e-03  4.81e+00 1.85e+00 2.31e+00  2.05e-01 1.33e-02      4s
  36   6.76837563e-01 -7.07444535e-01  1.71e+00 4.59e-16  8.56e-01 *2.58e-02  4.71e+00 2.03e+00 2.31e+00  2.18e-01 1.49e-02      4s
  37   6.84292241e-01 -5.92767683e-01  1.68e+00 4.75e-16  8.42e-01 *5.67e-02  4.62e+00 2.25e+00 2.30e+00  2.34e-01 1.68e-02      4s
  38   6.92309595e-01 -4.78548835e-01  1.65e+00 6.50e-16  8.26e-01 *8.12e-02  4.55e+00 2.50e+00 2.30e+00  2.50e-01 1.90e-02      5s
  39   7.00982171e-01 -3.64729307e-01  1.62e+00 6.50e-16  8.08e-01 *9.66e-02  4.48e+00 2.82e+00 2.30e+00  2.67e-01 2.16e-02      5s
  40   7.10425200e-01 -2.51333176e-01  1.58e+00 6.44e-16  7.88e-01 *1.03e-01  4.42e+00 3.20e+00 2.29e+00  2.84e-01 2.48e-02      5s
  41   7.20802456e-01 -1.38235181e-01  1.53e+00 4.66e-16  7.66e-01 *1.02e-01  4.35e+00 3.67e+00 2.29e+00  3.02e-01 2.86e-02      5s
  42   7.32353879e-01 -2.51086259e-02  1.48e+00 4.59e-16  7.40e-01 *9.38e-02  4.29e+00 4.25e+00 2.28e+00  3.21e-01 3.34e-02      5s
  43   7.45387293e-01  8.81432740e-02  1.42e+00 4.58e-16  7.11e-01 *7.68e-02  4.22e+00 5.00e+00 2.28e+00  3.42e-01 3.96e-02      5s
  44   7.60377205e-01  2.01901577e-01  1.35e+00 4.58e-16  6.77e-01 *5.02e-02  4.15e+00 5.97e+00 2.27e+00  3.64e-01 4.79e-02      5s
  45   7.77932784e-01  3.16091234e-01  1.27e+00 4.55e-16  6.37e-01 *1.52e-02  4.05e+00 7.29e+00 2.26e+00  3.89e-01 5.91e-02      6s
  46   7.77930489e-01  3.16091234e-01  1.27e+00 4.55e-16  6.37e-01  2.25e+00  3.93e+00 9.12e+00 2.25e+00  1.00e+00 3.28e-06      6s

The solution quality is limited by the precision of the linear system solver.

The algorithm stopped after 47 iterations in 5.80 seconds.

Primal variables:   [+0.051 +1.445 +0.045 +1.586]
Dual slacks:        [+3.517 +0.103 +3.762 +0.090]
Dual variables:     [-0.080 -0.127]

Primal objective:   7.77930489e-01 
Dual objective:     3.16091234e-01 

Primal residual:    1.27e+00
Dual residual:      4.55e-16
Complementraty:     6.37e-01

Number of Iter:     47
Run time:           5.80

-------------------------------------------------------------------------------------------------------
                  Objective                Residual                        Step-length       
Iter      Primal           Dual         Primal    Dual     Compl    r error   r-bar    nabla     Time
   1   2.61460305e+00  6.07698698e+00  1.27e+00 0.00e+00  6.37e-01  1.27e+00 1.27e+00 1.00e+00    12s

The Quantum Inexact Infeasible Interior-Point Method starts running ...


                  Objective                Residual                                Linear system           Step-length
Iter      Primal           Dual         Primal    Dual     Compl    ||Resl||  Cond-Num  ||M||   ||RHS||    a-star   a-hat      Time
   0   3.10096105e+03 -3.02615548e+03  5.05e+02 5.97e+02  1.28e+06  3.41e-13  1.00e+00 1.00e+00 1.86e+03  8.06e-01 7.01e-01      0s
   1   2.71723747e+03 -3.48643664e+03  4.28e+02 5.06e+02  1.10e+06  6.59e-01  4.83e+00 1.05e+00 3.16e+02  7.00e-01 1.52e-01      0s
   2   2.36457795e+03 -3.91995516e+03  3.62e+02 4.26e+02  9.44e+05  1.21e+01  5.46e+00 9.59e-01 2.43e+02  7.50e-01 1.58e-01      0s
   3   1.96909772e+03 -4.42079626e+03  2.92e+02 3.44e+02  7.77e+05  2.89e-01  6.02e+00 8.63e-01 1.83e+02  7.82e-01 1.93e-01      0s
   4   1.51179097e+03 -5.01124851e+03  2.16e+02 2.53e+02  5.88e+05  7.39e+00  6.61e+00 7.40e-01 1.28e+02  8.45e-01 2.64e-01      0s
   5   4.19199573e+02 -5.01124851e+03  7.56e+01 0.00e+00  1.39e+05  7.56e+01  7.25e+00 5.81e-01 7.56e+01  1.00e+00 1.00e+00      1s
   6   1.33766288e+01 -5.32114460e+03  6.99e-01 2.29e-13  6.83e+03  1.87e-01  1.13e+01 3.32e-01 4.87e+00  1.00e+00 9.91e-01      1s
   7   1.10181235e+01 -1.68701086e+03  1.67e-02 3.41e-13  1.70e+03 *1.67e-02  4.43e+00 5.90e-03 2.06e+00  1.00e+00 1.00e+00      1s
   8   1.12759833e+01 -1.58900740e+02  1.24e-02 1.26e-13  1.70e+02 *1.24e-02  4.35e+00 1.44e-02 2.14e+00  1.00e+00 1.00e+00      1s
   9   1.08498343e+01 -1.15617839e+01  1.04e-02 6.85e-15  2.24e+01 *1.04e-02  4.29e+00 1.42e-01 2.14e+00  1.00e+00 9.65e-01      1s
  10   1.03228744e+01 -1.02700191e+01  8.13e-03 7.00e-15  2.06e+01 *1.52e-02  2.48e+00 8.53e-01 2.09e+00  6.47e-01 9.03e-02      1s
  11   9.78689749e+00 -9.15114044e+00  4.40e-03 6.07e-15  1.89e+01 *3.35e-02  2.32e+00 9.03e-01 2.08e+00  6.54e-01 8.96e-02      1s
  12   9.21152892e+00 -8.11161406e+00  1.36e-04 5.20e-15  1.73e+01 *4.21e-02  2.22e+00 9.67e-01 2.07e+00  6.67e-01 9.51e-02      1s
  13   8.58920073e+00 -7.12822106e+00  4.99e-03 4.89e-15  1.57e+01 *4.81e-02  2.17e+00 1.06e+00 2.07e+00  6.85e-01 1.03e-01      1s
  14   7.91536445e+00 -6.18592870e+00  1.21e-02 4.46e-15  1.41e+01 *6.71e-02  2.21e+00 1.19e+00 2.06e+00  7.08e-01 1.15e-01      1s
  15   7.18401869e+00 -5.27028667e+00  2.24e-02 3.71e-15  1.24e+01 *9.06e-02  2.34e+00 1.38e+00 2.05e+00  7.36e-01 1.31e-01      2s
  16   6.33244771e+00 -4.29270905e+00  2.45e-02 3.14e-15  1.06e+01 *3.50e-02  2.59e+00 1.68e+00 2.04e+00  7.82e-01 1.63e-01      2s
  17   5.33702243e+00 -3.22637051e+00  1.72e-02 2.28e-15  8.55e+00 *9.18e-03  2.97e+00 2.16e+00 2.03e+00  8.38e-01 2.15e-01      2s
  18   5.59414653e-01 -3.22637051e+00  1.98e+00 5.55e-17  1.00e+00  2.02e+00  3.50e+00 3.02e+00 2.02e+00  1.00e+00 9.81e-01      2s
  19   5.64815297e-01 -2.64666782e+00  1.95e+00 0.00e+00  9.73e-01 *6.11e-03  5.93e+00 6.21e-01 2.33e+00  1.17e-01 1.94e-02      2s
  20   5.66372268e-01 -2.53122266e+00  1.93e+00 1.24e-16  9.67e-01 *1.04e-01  5.58e+00 7.81e-01 2.33e+00  1.40e-01 5.25e-03      2s
  21   5.68008482e-01 -2.41695783e+00  1.92e+00 1.11e-16  9.62e-01 *1.18e-01  5.53e+00 8.26e-01 2.33e+00  1.45e-01 5.56e-03      2s
  22   5.69738740e-01 -2.30286509e+00  1.91e+00 8.95e-16  9.56e-01 *1.26e-01  5.48e+00 8.75e-01 2.33e+00  1.50e-01 5.94e-03      2s
  23   5.71567194e-01 -2.18890017e+00  1.90e+00 8.95e-16  9.50e-01 *1.29e-01  5.44e+00 9.29e-01 2.33e+00  1.55e-01 6.34e-03      2s
  24   5.73499488e-01 -2.07503544e+00  1.89e+00 8.97e-16  9.44e-01 *1.26e-01  5.39e+00 9.89e-01 2.32e+00  1.59e-01 6.78e-03      3s
  25   5.75549069e-01 -1.96092199e+00  1.87e+00 8.92e-16  9.37e-01 *1.17e-01  5.34e+00 1.06e+00 2.32e+00  1.63e-01 7.28e-03      3s
  26   5.77723787e-01 -1.84670513e+00  1.86e+00 1.78e-15  9.30e-01 *1.02e-01  5.28e+00 1.13e+00 2.32e+00  1.68e-01 7.81e-03      3s
  27   5.80040313e-01 -1.73219832e+00  1.84e+00 1.78e-15  9.22e-01 *8.03e-02  5.22e+00 1.21e+00 2.32e+00  1.71e-01 8.41e-03      3s
  28   5.82511460e-01 -1.61755453e+00  1.83e+00 8.97e-16  9.14e-01 *5.26e-02  5.15e+00 1.30e+00 2.32e+00  1.75e-01 9.06e-03      3s
  29   5.85149504e-01 -1.50294964e+00  1.81e+00 9.95e-16  9.05e-01 *2.23e-02  5.07e+00 1.41e+00 2.32e+00  1.79e-01 9.78e-03      3s
  30   5.87964443e-01 -1.38846776e+00  1.79e+00 5.55e-17  8.95e-01 *2.74e-03  4.99e+00 1.52e+00 2.31e+00  1.84e-01 1.06e-02      3s
  31   5.90960510e-01 -1.27403804e+00  1.77e+00 4.48e-16  8.85e-01 *1.17e-02  4.89e+00 1.65e+00 2.31e+00  1.92e-01 1.16e-02      4s
  32   5.94137575e-01 -1.15935473e+00  1.75e+00 4.51e-16  8.73e-01 *1.15e-03  4.79e+00 1.80e+00 2.31e+00  2.02e-01 1.30e-02      4s
  33   5.97479939e-01 -1.04457908e+00  1.72e+00 4.51e-16  8.61e-01 *2.92e-02  4.70e+00 1.98e+00 2.31e+00  2.15e-01 1.45e-02      4s
  34   6.00980346e-01 -9.29846163e-01  1.69e+00 6.40e-16  8.46e-01 *5.93e-02  4.61e+00 2.18e+00 2.30e+00  2.30e-01 1.64e-02      4s
  35   6.04633826e-01 -8.15628428e-01  1.66e+00 6.34e-16  8.31e-01 *8.28e-02  4.54e+00 2.43e+00 2.30e+00  2.46e-01 1.85e-02      4s
  36   6.08466746e-01 -7.01727385e-01  1.63e+00 6.40e-16  8.14e-01 *9.73e-02  4.47e+00 2.73e+00 2.30e+00  2.62e-01 2.10e-02      4s
  37   6.12505333e-01 -5.88259699e-01  1.59e+00 4.51e-16  7.94e-01 *1.04e-01  4.41e+00 3.10e+00 2.29e+00  2.79e-01 2.40e-02      4s
  38   6.16796558e-01 -4.75070446e-01  1.54e+00 8.94e-16  7.72e-01 *1.02e-01  4.35e+00 3.54e+00 2.29e+00  2.97e-01 2.77e-02      5s
  39   6.21414421e-01 -3.61801496e-01  1.49e+00 8.96e-16  7.47e-01 *9.34e-02  4.29e+00 4.10e+00 2.28e+00  3.15e-01 3.23e-02      5s
  40   6.26451010e-01 -2.48432823e-01  1.44e+00 8.93e-16  7.19e-01 *7.61e-02  4.22e+00 4.81e+00 2.28e+00  3.35e-01 3.82e-02      5s
  41   6.32064011e-01 -1.34522314e-01  1.37e+00 8.92e-16  6.86e-01 *4.94e-02  4.14e+00 5.73e+00 2.27e+00  3.56e-01 4.60e-02      5s
  42   6.38435909e-01 -2.02925856e-02  1.29e+00 8.92e-16  6.47e-01 *1.47e-02  4.05e+00 6.97e+00 2.26e+00  3.81e-01 5.65e-02      5s
  43   6.38434338e-01 -2.02925856e-02  1.29e+00 8.92e-16  6.47e-01  2.25e+00  3.93e+00 8.67e+00 2.25e+00  1.00e+00 2.73e-06      5s

The solution quality is limited by the precision of the linear system solver.

The algorithm stopped after 44 iterations in 5.42 seconds.

Primal variables:   [+0.052 +1.414 +0.046 +1.555]
Dual slacks:        [+3.526 +0.105 +3.760 +0.093]
Dual variables:     [+0.005 +0.008]

Primal objective:   6.38434338e-01 
Dual objective:     -2.02925856e-02

Primal residual:    1.29e+00
Dual residual:      8.92e-16
Complementraty:     6.47e-01

Number of Iter:     44
Run time:           5.42
The iterative refinement algorithm stopped because of inexact solution returned by IPM.

The Iterative Refinement algorithm stopped after 3 iterations in 11.98 seconds.

Primal objective:   2.61460305e+00 
Dual objective:     6.07698698e+00 

Primal residual:    1.27e+00
Dual residual:      0.00e+00
Complementraty:     6.37e-01

Primal variables:   [+0.050715 +1.444958 +0.044638 +1.585623]
Dual slacks:        [+3.517225 +0.102512 +3.761727 +0.090116]
Dual variables:     [+2.587135 -9.428927]

Number of Iter:     2
Run time:           11.98
