
--------------- Linear optimization problem characteristics ---------------
Seed:                    20
Number of variables:     4
Number of constraints:   2

Norm of primal sol:      3.45e+00
Norm of dual sol:        1.00e+01
Norm of dual slacks:     5.00e+00

Norm of vector b:        2.00e+00
Norm of vector c:        1.12e+01

Norm of matrix A:        1.00e+00
Condition number:        1.60e+01

----------------------- Linear optimization problem -----------------------
Coeff matrix A:          [[-0.672 +0.467 +0.349 +0.422]
                          [+0.140 -0.078 -0.005 -0.093]]

RHS vector b:            [+1.990 -0.202]
Obj vector c:            [+9.666 -4.614 -3.247 -0.201]

---------------------------- Optimal solution -----------------------------
Primal variables:         [+0.000 +2.445 +2.428 +0.000]
Dual slacks:              [+2.924 +0.000 +0.000 +4.056]
Dual variables:           [-9.242 +3.819]

Optimal objective:       -1.91615816e+01
===========================================================================

Method:                  II-IPM
LO_Precision:            1.00e-01
Stop_Precision:          1.00e-08
LO_Verbosity:            2
Omega:                   1.00e+02

The Inexact Infeasible Interior-Point Method starts running ...


                  Objective                Residual                                               Step-length
Iter      Primal           Dual         Primal    Dual     Compl    Cond-Num  ||M||   ||RHS||    a-star   a-hat      Time
   0   6.61926398e+02 -3.34544854e+02  9.05e+00 3.29e+01  7.97e+03  2.56e+02 1.00e+00 7.04e+01  9.14e-01 8.35e-01      0s
   1   8.05657363e+02 -3.24671982e+02  2.73e+00 9.96e+00  3.15e+03  4.85e+03 5.30e+00 1.74e+01  8.69e-01 6.98e-01      0s
   2   6.99020462e+02 -1.79760230e+02  3.37e-13 3.01e-14  8.79e+02  1.23e+04 1.76e+01 3.56e+01  1.00e+00 1.00e+00      0s
   3   3.39548125e+02 -1.69710970e+02  2.50e-13 2.46e-14  5.09e+02  1.70e+04 4.49e+01 3.77e-01  9.23e-01 4.67e-01      0s
   4   2.53200065e+02 -1.62524013e+02  2.03e-13 6.95e-15  4.16e+02  1.42e+04 2.04e+01 1.20e+00  8.29e-01 2.04e-01      0s
   5   1.95367982e+02 -1.55238815e+02  1.45e-13 1.71e-14  3.51e+02  1.25e+04 1.46e+01 1.43e+00  7.96e-01 1.74e-01      0s
   6   1.53834323e+02 -1.47845966e+02  1.25e-13 2.27e-14  3.02e+02  1.09e+04 1.09e+01 1.57e+00  7.71e-01 1.55e-01      0s
   7   1.22558348e+02 -1.40343461e+02  1.10e-13 1.25e-14  2.63e+02  9.46e+03 8.39e+00 1.67e+00  7.53e-01 1.43e-01      0s
   8   9.81826476e+01 -1.32732414e+02  9.09e-14 1.45e-14  2.31e+02  8.12e+03 6.59e+00 1.75e+00  7.41e-01 1.35e-01      0s
   9   7.87431545e+01 -1.25038650e+02  7.76e-14 1.09e-14  2.04e+02  6.92e+03 5.26e+00 1.80e+00  7.34e-01 1.31e-01      0s
  10   6.29335758e+01 -1.17275708e+02  6.44e-14 1.84e-14  1.80e+02  5.86e+03 4.26e+00 1.85e+00  7.31e-01 1.29e-01      0s
  11   4.99143003e+01 -1.09479380e+02  5.83e-14 1.74e-14  1.59e+02  4.94e+03 3.50e+00 1.88e+00  7.30e-01 1.28e-01      0s
  12   3.91020230e+01 -1.01695095e+02  4.82e-14 1.46e-14  1.41e+02  4.16e+03 2.92e+00 1.91e+00  7.33e-01 1.30e-01      0s
  13   3.00697972e+01 -9.39701349e+01  3.89e-14 1.64e-14  1.24e+02  3.51e+03 2.47e+00 1.93e+00  7.37e-01 1.32e-01      0s
  14   2.24824172e+01 -8.63372578e+01  3.25e-14 6.78e-15  1.09e+02  2.98e+03 2.12e+00 1.95e+00  7.43e-01 1.36e-01      0s
  15   1.61014210e+01 -7.88451244e+01  2.81e-14 1.03e-14  9.49e+01  2.55e+03 1.86e+00 1.96e+00  7.52e-01 1.42e-01      0s
  16   1.07049193e+01 -7.14973158e+01  2.46e-14 1.32e-14  8.22e+01  2.20e+03 1.66e+00 1.97e+00  7.63e-01 1.49e-01      0s
  17   6.11224143e+00 -6.42814329e+01  1.94e-14 6.23e-15  7.04e+01  1.94e+03 1.53e+00 1.98e+00  7.77e-01 1.60e-01      0s
  18   2.15929862e+00 -5.71492119e+01  1.99e-14 7.69e-15  5.93e+01  1.72e+03 1.44e+00 1.98e+00  7.97e-01 1.75e-01      0s
  19  -1.30670356e+00 -5.00202863e+01  1.63e-14 1.33e-14  4.87e+01  1.55e+03 1.40e+00 1.98e+00  8.23e-01 1.98e-01      0s
  20  -4.46341036e+00 -4.27426001e+01  1.33e-14 1.16e-14  3.83e+01  1.40e+03 1.40e+00 1.98e+00  8.61e-01 2.38e-01      0s
  21  -7.56617279e+00 -3.50829985e+01  1.19e-14 7.46e-15  2.75e+01  1.23e+03 1.46e+00 1.97e+00  8.79e-01 3.12e-01      0s
  22  -1.13261668e+01 -2.64745327e+01  6.18e-15 2.82e-15  1.51e+01  1.01e+03 1.58e+00 1.96e+00  8.02e-01 4.99e-01      0s
  23  -1.44211671e+01 -2.28975781e+01  2.92e-15 1.62e-15  8.48e+00  5.46e+02 1.82e+00 1.92e+00  7.31e-01 4.89e-01      0s
  24  -1.55383451e+01 -2.23164902e+01  2.62e-15 9.16e-16  6.78e+00  2.19e+02 1.87e+00 1.85e+00  8.45e-01 2.23e-01      0s
  25  -1.68554024e+01 -2.16307125e+01  1.91e-15 1.53e-15  4.78e+00  1.80e+02 1.90e+00 1.83e+00  8.33e-01 3.28e-01      0s
  26  -1.85016046e+01 -2.05639644e+01  7.02e-16 5.35e-16  2.06e+00  1.62e+02 2.14e+00 1.81e+00  7.94e-01 6.31e-01      0s
  27  -1.86730734e+01 -2.02310260e+01  4.85e-16 6.27e-16  1.56e+00  1.99e+02 3.96e+00 1.79e+00  8.81e-01 2.72e-01      0s
  28  -1.88499043e+01 -1.98481590e+01  1.11e-16 5.38e-16  9.98e-01  2.02e+02 5.10e+00 1.79e+00  9.61e-01 3.99e-01      0s
  29  -1.90515550e+01 -1.93803300e+01  4.45e-16 1.18e-15  3.29e-01  2.01e+02 7.68e+00 1.80e+00  1.00e+00 7.45e-01      0s
  30  -1.91454502e+01 -1.91783277e+01  2.22e-16 1.00e-15  3.29e-02  1.87e+02 2.15e+01 1.81e+00  1.00e+00 1.00e+00      0s

The algorithm stopped after 31 iterations in 0.34 seconds.

Primal variables:   [+0.002 +2.446 +2.427 +0.002]
Dual slacks:        [+2.919 +0.003 +0.003 +4.059]
Dual variables:     [-9.252 +3.804]

Primal objective:   -1.91454502e+01
Dual objective:     -1.91783277e+01

Primal residual:    2.22e-16
Dual residual:      1.00e-15
Complementraty:     3.29e-02

Number of Iter:     31
Run time:           0.34
