
--------------- Linear optimization problem characteristics ---------------
Seed:                    96
Number of variables:     4
Number of constraints:   2

Norm of primal sol:      3.42e+00
Norm of dual sol:        1.00e+01
Norm of dual slacks:     5.00e+00

Norm of vector b:        2.00e+00
Norm of vector c:        7.70e+00

Norm of matrix A:        1.00e+00
Condition number:        8.00e+00

----------------------- Linear optimization problem -----------------------
Coeff matrix A:          [[-0.486 +0.343 -0.351 +0.716]
                          [+0.153 +0.012 -0.015 -0.055]]

RHS vector b:            [+1.999 -0.061]
Obj vector c:            [-3.660 +5.248 +1.800 +3.890]

---------------------------- Optimal solution -----------------------------
Primal variables:         [+0.791 +0.000 +0.000 +3.331]
Dual slacks:              [+0.000 +3.719 +3.342 +0.000]
Dual variables:           [+4.763 -8.793]

Optimal objective:       +1.00597788e+01
===========================================================================

Method:                  II-IPM
LO_Precision:            1.00e-01
Stop_Precision:          1.00e-08
LO_Verbosity:            2
Omega:                   1.00e+02

The Inexact Infeasible Interior-Point Method starts running ...


                  Objective                Residual                                               Step-length
Iter      Primal           Dual         Primal    Dual     Compl    Cond-Num  ||M||   ||RHS||    a-star   a-hat      Time
   0   7.42519776e+02 -8.79696279e+01  9.89e+00 8.68e+01  1.89e+04  6.40e+01 1.00e+00 2.02e+01  6.81e-01 5.58e-01      0s
   1   7.75368069e+02 -7.38173457e+01  8.21e+00 7.20e+01  1.60e+04  8.99e+01 1.92e+00 7.75e+01  7.70e-01 1.70e-01      0s
   2   8.13487620e+02 -5.72571772e+01  6.37e+00 5.59e+01  1.28e+04  9.98e+01 2.48e+00 9.31e+01  8.30e-01 2.24e-01      0s
   3   8.57541330e+02 -3.74839232e+01  4.27e+00 3.75e+01  8.94e+03  1.13e+02 3.46e+00 1.11e+02  9.09e-01 3.29e-01      0s
   4   8.98115916e+02 -1.32362534e+01  1.72e+00 1.51e+01  4.14e+03  1.30e+02 5.63e+00 1.32e+02  1.00e+00 5.98e-01      0s
   5   7.94935837e+02  1.92009403e+00  3.08e-14 2.28e-15  7.93e+02  1.53e+02 1.43e+01 1.39e+02  1.00e+00 1.00e+00      0s
   6   8.12919607e+01  1.99038638e+00  2.47e-15 2.22e-16  7.93e+01  1.60e+02 7.07e+01 2.43e+00  1.00e+00 1.00e+00      0s
   7   2.48581911e+01  2.40552921e+00  1.35e-15 9.22e-16  2.25e+01  1.67e+02 8.30e+00 2.00e+00  9.82e-01 7.97e-01      0s
   8   2.25342869e+01  2.64595360e+00  3.09e-16 9.42e-16  1.99e+01  2.31e+02 2.62e+00 1.94e+00  7.25e-01 1.27e-01      0s
   9   2.07916143e+01  2.88267741e+00  2.15e-16 1.26e-15  1.79e+01  2.57e+02 2.45e+00 1.92e+00  6.98e-01 1.11e-01      0s
  10   1.94153579e+01  3.12026431e+00  9.08e-16 1.26e-15  1.63e+01  2.84e+02 2.35e+00 1.91e+00  6.77e-01 1.00e-01      0s
  11   1.82926272e+01  3.36134096e+00  2.73e-16 1.35e-15  1.49e+01  3.15e+02 2.29e+00 1.89e+00  6.62e-01 9.30e-02      0s
  12   1.73567015e+01  3.60736848e+00  1.87e-16 4.00e-16  1.37e+01  3.47e+02 2.26e+00 1.88e+00  6.50e-01 8.80e-02      0s
  13   1.65587333e+01  3.86086318e+00  2.73e-16 1.11e-15  1.27e+01  3.81e+02 2.25e+00 1.88e+00  6.42e-01 8.50e-02      0s
  14   1.58671891e+01  4.12367690e+00  1.60e-16 4.97e-16  1.17e+01  4.17e+02 2.27e+00 1.87e+00  6.39e-01 8.35e-02      0s
  15   1.52563868e+01  4.39897927e+00  1.32e-16 1.32e-15  1.09e+01  4.54e+02 2.31e+00 1.86e+00  6.40e-01 8.38e-02      0s
  16   1.47096793e+01  4.68919528e+00  6.85e-16 1.04e-15  1.00e+01  4.92e+02 2.37e+00 1.86e+00  6.44e-01 8.56e-02      0s
  17   1.42118001e+01  4.99846700e+00  2.73e-16 2.48e-16  9.21e+00  5.31e+02 2.45e+00 1.85e+00  6.53e-01 8.95e-02      0s
  18   1.37521081e+01  5.33073130e+00  4.63e-16 5.55e-16  8.42e+00  5.69e+02 2.55e+00 1.85e+00  6.67e-01 9.55e-02      0s
  19   1.33210236e+01  5.69118826e+00  4.63e-16 8.88e-16  7.63e+00  6.07e+02 2.70e+00 1.84e+00  6.86e-01 1.04e-01      0s
  20   1.29090413e+01  6.08717631e+00  2.51e-16 4.97e-16  6.82e+00  6.44e+02 2.89e+00 1.84e+00  7.12e-01 1.18e-01      0s
  21   1.25079950e+01  6.52703427e+00  9.02e-17 4.97e-16  5.98e+00  6.80e+02 3.14e+00 1.84e+00  7.44e-01 1.37e-01      0s
  22   1.21081149e+01  7.02255481e+00  2.27e-16 1.07e-15  5.09e+00  7.13e+02 3.51e+00 1.83e+00  7.86e-01 1.66e-01      0s
  23   1.16975025e+01  7.58945152e+00  4.48e-16 5.09e-16  4.11e+00  7.43e+02 4.05e+00 1.83e+00  8.39e-01 2.14e-01      0s
  24   1.12588334e+01  8.25001046e+00  6.94e-18 4.48e-16  3.01e+00  7.68e+02 4.96e+00 1.83e+00  9.05e-01 2.97e-01      0s
  25   1.07635520e+01  9.03558347e+00  6.70e-16 6.85e-16  1.73e+00  7.86e+02 6.75e+00 1.83e+00  9.91e-01 4.73e-01      0s
  26   1.01561753e+01  9.98337841e+00  8.88e-16 4.74e-16  1.73e-01  7.91e+02 1.19e+01 1.82e+00  1.00e+00 1.00e+00      0s
  27   1.00686928e+01  1.00514131e+01  8.88e-16 9.61e-16  1.73e-02  6.64e+02 1.47e+02 1.79e+00  1.00e+00 1.00e+00      0s

The algorithm stopped after 28 iterations in 0.39 seconds.

Primal variables:   [+0.791 +0.001 +0.001 +3.331]
Dual slacks:        [+0.005 +3.722 +3.339 +0.001]
Dual variables:     [+4.757 -8.846]

Primal objective:   1.00686928e+01 
Dual objective:     1.00514131e+01 

Primal residual:    8.88e-16
Dual residual:      9.61e-16
Complementraty:     1.73e-02

Number of Iter:     28
Run time:           0.39
