
--------------- Linear optimization problem characteristics ---------------
Seed:                    96
Number of variables:     4
Number of constraints:   2

Norm of primal sol:      3.43e+00
Norm of dual sol:        1.00e+01
Norm of dual slacks:     5.00e+00

Norm of vector b:        2.00e+00
Norm of vector c:        7.65e+00

Norm of matrix A:        1.00e+00
Condition number:        1.60e+01

----------------------- Linear optimization problem -----------------------
Coeff matrix A:          [[-0.491 +0.341 -0.348 +0.714]
                          [+0.103 -0.012 +0.011 -0.066]]

RHS vector b:            [+1.995 -0.137]
Obj vector c:            [-3.246 +5.448 +1.586 +3.979]

---------------------------- Optimal solution -----------------------------
Primal variables:         [+0.793 +0.000 +0.000 +3.338]
Dual slacks:              [+0.000 +3.719 +3.342 +0.000]
Dual variables:           [+4.763 -8.793]

Optimal objective:       +1.07090738e+01
===========================================================================

Method:                  II-IPM
LO_Precision:            1.00e-01
Stop_Precision:          1.00e-08
LO_Verbosity:            2
Omega:                   1.00e+02

The Inexact Infeasible Interior-Point Method starts running ...


                  Objective                Residual                                               Step-length
Iter      Primal           Dual         Primal    Dual     Compl    Cond-Num  ||M||   ||RHS||    a-star   a-hat      Time
   0   7.64482087e+02 -8.78055095e+01  8.82e+00 8.67e+01  1.89e+04  2.56e+02 1.00e+00 1.67e+01  6.81e-01 5.58e-01      0s
   1   7.93725990e+02 -7.35612505e+01  7.31e+00 7.19e+01  1.60e+04  3.57e+02 1.92e+00 7.73e+01  7.70e-01 1.71e-01      0s
   2   8.27888917e+02 -5.69152211e+01  5.68e+00 5.58e+01  1.28e+04  3.96e+02 2.47e+00 9.27e+01  8.30e-01 2.24e-01      0s
   3   8.67409904e+02 -3.70435884e+01  3.81e+00 3.74e+01  8.93e+03  4.46e+02 3.44e+00 1.11e+02  9.09e-01 3.29e-01      0s
   4   9.02482058e+02 -1.26557642e+01  1.53e+00 1.50e+01  4.13e+03  5.12e+02 5.59e+00 1.31e+02  1.00e+00 5.99e-01      0s
   5   7.95238186e+02  2.55052622e+00  6.60e-14 3.67e-15  7.93e+02  6.05e+02 1.42e+01 1.38e+02  1.00e+00 1.00e+00      0s
   6   8.18900604e+01  2.62129443e+00  2.34e-14 2.22e-15  7.93e+01  6.36e+02 7.03e+01 2.36e+00  1.00e+00 1.00e+00      0s
   7   2.55573082e+01  3.03803809e+00  1.11e-15 9.99e-16  2.25e+01  6.63e+02 8.27e+00 2.00e+00  9.81e-01 7.95e-01      0s
   8   2.31056706e+01  3.29127312e+00  1.12e-15 1.26e-15  1.98e+01  9.21e+02 2.62e+00 1.94e+00  7.25e-01 1.33e-01      0s
   9   2.13823548e+01  3.52858585e+00  6.68e-16 1.43e-15  1.79e+01  1.03e+03 2.45e+00 1.92e+00  6.97e-01 1.10e-01      0s
  10   2.00189315e+01  3.76688666e+00  2.29e-16 1.28e-15  1.63e+01  1.14e+03 2.35e+00 1.91e+00  6.77e-01 9.97e-02      0s
  11   1.89049109e+01  4.00883976e+00  6.68e-16 3.14e-16  1.49e+01  1.26e+03 2.29e+00 1.89e+00  6.61e-01 9.27e-02      0s
  12   1.79758729e+01  4.25568848e+00  6.68e-16 1.39e-15  1.37e+01  1.39e+03 2.26e+00 1.88e+00  6.49e-01 8.77e-02      0s
  13   1.71826697e+01  4.51020747e+00  6.67e-16 1.07e-15  1.27e+01  1.53e+03 2.26e+00 1.88e+00  6.42e-01 8.48e-02      0s
  14   1.64943887e+01  4.77427764e+00  2.24e-16 1.64e-15  1.17e+01  1.67e+03 2.28e+00 1.87e+00  6.39e-01 8.35e-02      0s
  15   1.58863855e+01  5.05082798e+00  2.24e-16 1.02e-15  1.08e+01  1.82e+03 2.31e+00 1.86e+00  6.40e-01 8.39e-02      0s
  16   1.53410063e+01  5.34285904e+00  4.45e-16 9.16e-16  1.00e+01  1.97e+03 2.37e+00 1.86e+00  6.45e-01 8.59e-02      0s
  17   1.48448718e+01  5.65366851e+00  2.24e-16 8.95e-16  9.19e+00  2.13e+03 2.45e+00 1.85e+00  6.54e-01 8.97e-02      0s
  18   1.43858318e+01  5.98812362e+00  4.45e-16 1.90e-15  8.40e+00  2.28e+03 2.56e+00 1.85e+00  6.68e-01 9.59e-02      0s
  19   1.39545580e+01  6.35152216e+00  2.24e-16 2.22e-15  7.60e+00  2.43e+03 2.71e+00 1.84e+00  6.88e-01 1.05e-01      0s
  20   1.35425519e+01  6.75050649e+00  2.24e-16 2.49e-15  6.79e+00  2.58e+03 2.90e+00 1.84e+00  7.13e-01 1.19e-01      0s
  21   1.31408228e+01  7.19419830e+00  4.44e-16 1.83e-15  5.95e+00  2.72e+03 3.16e+00 1.84e+00  7.46e-01 1.38e-01      0s
  22   1.27397345e+01  7.69438854e+00  2.29e-16 1.69e-15  5.05e+00  2.86e+03 3.54e+00 1.83e+00  7.88e-01 1.68e-01      0s
  23   1.23271303e+01  8.26713358e+00  2.24e-16 7.02e-16  4.06e+00  2.97e+03 4.10e+00 1.83e+00  8.42e-01 2.17e-01      0s
  24   1.18856005e+01  8.93462254e+00  2.24e-16 1.04e-15  2.95e+00  3.07e+03 5.03e+00 1.83e+00  9.10e-01 3.04e-01      0s
  25   1.13847778e+01  9.73003051e+00  6.75e-16 6.80e-16  1.65e+00  3.14e+03 6.91e+00 1.83e+00  9.96e-01 4.88e-01      0s
  26   1.08014963e+01  1.06360216e+01  2.48e-16 5.66e-16  1.65e-01  3.16e+03 1.25e+01 1.82e+00  1.00e+00 1.00e+00      0s
  27   1.07175846e+01  1.07010371e+01  2.00e-15 5.57e-16  1.65e-02  2.65e+03 1.54e+02 1.79e+00  1.00e+00 1.00e+00      0s

The algorithm stopped after 28 iterations in 0.37 seconds.

Primal variables:   [+0.793 +0.001 +0.001 +3.338]
Dual slacks:        [+0.005 +3.722 +3.339 +0.001]
Dual variables:     [+4.752 -8.894]

Primal objective:   1.07175846e+01 
Dual objective:     1.07010371e+01 

Primal residual:    2.00e-15
Dual residual:      5.57e-16
Complementraty:     1.65e-02

Number of Iter:     28
Run time:           0.37
