
--------------- Linear optimization problem characteristics ---------------
Seed:                    70
Number of variables:     4
Number of constraints:   2

Norm of primal sol:      2.59e+00
Norm of dual sol:        1.00e+01
Norm of dual slacks:     5.00e+00

Norm of vector b:        2.00e+00
Norm of vector c:        9.04e+00

Norm of matrix A:        1.00e+00
Condition number:        8.00e+00

----------------------- Linear optimization problem -----------------------
Coeff matrix A:          [[+0.009 -0.047 -0.124 -0.084]
                          [+0.165 -0.352 -0.848 +0.347]]

RHS vector b:            [-0.281 -1.980]
Obj vector c:            [+2.071 +3.340 +8.097 +0.799]

---------------------------- Optimal solution -----------------------------
Primal variables:         [+0.000 +2.152 +1.442 +0.000]
Dual slacks:              [+3.578 +0.000 +0.000 +3.492]
Dual variables:           [-4.616 -8.871]

Optimal objective:       +1.88635048e+01
===========================================================================

Method:                  II-IPM
LO_Precision:            1.00e-01
Stop_Precision:          1.00e-08
LO_Verbosity:            2
Omega:                   1.00e+02

The Inexact Infeasible Interior-Point Method starts running ...


                  Objective                Residual                                               Step-length
Iter      Primal           Dual         Primal    Dual     Compl    Cond-Num  ||M||   ||RHS||    a-star   a-hat      Time
   0   5.57635974e+02 -2.03387411e+02  1.21e+01 3.28e+01  7.80e+03  6.40e+01 1.00e+00 7.10e+01  9.05e-01 8.30e-01      0s
   1   5.29710503e+02 -2.05812731e+02  1.12e+01 3.03e+01  7.26e+03  2.53e+02 4.27e-01 1.15e+01  6.08e-01 7.59e-02      0s
   2   5.00239174e+02 -2.08463423e+02  1.03e+01 2.79e+01  6.74e+03  2.77e+02 4.13e-01 1.08e+01  6.22e-01 7.99e-02      0s
   3   4.68279227e+02 -2.11432460e+02  9.39e+00 2.55e+01  6.21e+03  3.01e+02 3.97e-01 1.01e+01  6.40e-01 8.72e-02      0s
   4   4.33246289e+02 -2.14774819e+02  8.47e+00 2.30e+01  5.66e+03  3.25e+02 3.77e-01 9.16e+00  6.63e-01 9.76e-02      0s
   5   3.94454462e+02 -2.18537166e+02  7.52e+00 2.04e+01  5.09e+03  3.48e+02 3.54e-01 8.15e+00  6.92e-01 1.12e-01      0s
   6   3.50972530e+02 -2.22748740e+02  6.52e+00 1.77e+01  4.47e+03  3.72e+02 3.27e-01 7.06e+00  7.28e-01 1.33e-01      0s
   7   3.01549426e+02 -2.27366988e+02  5.44e+00 1.48e+01  3.81e+03  3.96e+02 2.94e-01 5.90e+00  7.73e-01 1.65e-01      0s
   8   2.44593155e+02 -2.32092802e+02  4.27e+00 1.16e+01  3.06e+03  4.19e+02 2.55e-01 4.72e+00  8.30e-01 2.16e-01      0s
   9   1.77909237e+02 -2.35717621e+02  2.96e+00 8.03e+00  2.21e+03  4.42e+02 2.08e-01 3.59e+00  9.05e-01 3.07e-01      0s
  10   9.95433133e+01 -2.32772770e+02  1.48e+00 4.02e+00  1.23e+03  4.67e+02 1.52e-01 2.62e+00  1.00e+00 4.99e-01      0s
  11   3.14974440e+01 -1.95885814e+02  2.45e-01 6.65e-01  3.64e+02  5.07e+02 8.67e-02 2.00e+00  9.82e-01 8.35e-01      0s
  12   2.74013091e+01 -1.51345674e+02  1.64e-01 4.45e-01  2.60e+02  8.74e+02 3.25e-02 1.91e+00  9.99e-01 3.30e-01      0s
  13   2.38066293e+01 -9.74599340e+01  8.89e-02 2.41e-01  1.59e+02  1.31e+03 3.59e-02 1.89e+00  1.00e+00 4.58e-01      0s
  14   1.99412932e+01 -1.01700072e+01  4.48e-16 2.86e-14  3.01e+01  2.59e+03 4.81e-02 1.88e+00  1.00e+00 1.00e+00      0s
  15   1.98751543e+01  1.68640242e+01  2.85e-15 1.56e-14  3.01e+00  2.96e+04 3.08e-01 1.84e+00  1.00e+00 1.00e+00      0s
  16   1.94920776e+01  1.83731989e+01  1.82e-15 3.86e-15  1.12e+00  2.88e+04 3.52e+00 1.80e+00  8.74e-01 6.98e-01      0s
  17   1.94259386e+01  1.84546550e+01  1.36e-15 2.91e-15  9.71e-01  1.96e+04 8.94e+00 1.77e+00  7.38e-01 1.47e-01      0s
  18   1.93715157e+01  1.85136900e+01  9.31e-16 2.28e-15  8.58e-01  1.93e+04 1.02e+01 1.76e+00  7.33e-01 1.30e-01      0s
  19   1.93200229e+01  1.85634320e+01  7.22e-16 1.55e-15  7.57e-01  1.94e+04 1.15e+01 1.76e+00  7.35e-01 1.31e-01      0s
  20   1.92698493e+01  1.86065172e+01  7.22e-16 1.75e-15  6.63e-01  1.96e+04 1.30e+01 1.75e+00  7.44e-01 1.37e-01      0s
  21   1.92195699e+01  1.86448894e+01  4.74e-16 1.57e-15  5.75e-01  2.01e+04 1.50e+01 1.75e+00  7.62e-01 1.48e-01      0s
  22   1.91678006e+01  1.86801080e+01  4.74e-16 1.05e-15  4.88e-01  2.10e+04 1.75e+01 1.74e+00  7.88e-01 1.68e-01      0s
  23   1.91128806e+01  1.87137150e+01  4.74e-16 9.09e-16  3.99e-01  2.25e+04 2.11e+01 1.74e+00  8.27e-01 2.02e-01      1s
  24   1.90525889e+01  1.87475676e+01  1.11e-16 8.51e-16  3.05e-01  2.50e+04 2.67e+01 1.73e+00  8.80e-01 2.62e-01      1s
  25   1.89839544e+01  1.87844145e+01  2.48e-16 5.06e-16  2.00e-01  2.93e+04 3.68e+01 1.72e+00  9.54e-01 3.84e-01      1s
  26   1.89017010e+01  1.88306042e+01  4.58e-16 1.24e-15  7.11e-02  3.72e+04 6.03e+01 1.71e+00  1.00e+00 7.15e-01      1s

The algorithm stopped after 27 iterations in 0.59 seconds.

Primal variables:   [+0.007 +2.300 +1.384 +0.004]
Dual slacks:        [+3.548 +0.011 +0.006 +3.228]
Dual variables:     [-6.560 -8.578]

Primal objective:   1.89017010e+01 
Dual objective:     1.88306042e+01 

Primal residual:    4.58e-16
Dual residual:      1.24e-15
Complementraty:     7.11e-02

Number of Iter:     27
Run time:           0.59
