
--------------- Linear optimization problem characteristics ---------------
Seed:                    99
Number of variables:     4
Number of constraints:   2

Norm of primal sol:      1.03e+01
Norm of dual sol:        1.00e+01
Norm of dual slacks:     5.00e+00

Norm of vector b:        2.00e+00
Norm of vector c:        1.09e+01

Norm of matrix A:        1.00e+00
Condition number:        8.00e+00

----------------------- Linear optimization problem -----------------------
Coeff matrix A:          [[+0.743 -0.203 -0.511 +0.337]
                          [-0.107 -0.062 +0.135 -0.124]]

RHS vector b:            [-1.867 -0.717]
Obj vector c:            [+10.199 -2.113 -0.835 +3.040]

---------------------------- Optimal solution -----------------------------
Primal variables:         [+0.000 +10.305 +0.000 +0.664]
Dual slacks:              [+3.157 +0.000 +3.877 +0.000]
Dual variables:           [+9.781 +2.083]

Optimal objective:       -1.97543795e+01
===========================================================================

Method:                  II-IPM
LO_Precision:            1.00e-01
Stop_Precision:          1.00e-08
LO_Verbosity:            2
Omega:                   1.00e+02

The Inexact Infeasible Interior-Point Method starts running ...


                  Objective                Residual                                               Step-length
Iter      Primal           Dual         Primal    Dual     Compl    Cond-Num  ||M||   ||RHS||    a-star   a-hat      Time
   0   9.27618105e+02 -3.11874314e+02  1.72e+01 8.11e+01  1.81e+04  6.40e+01 1.00e+00 3.60e+01  7.07e-01 5.84e-01      0s
   1   9.44700777e+02 -2.72200680e+02  1.24e+01 5.86e+01  1.35e+04  1.36e+02 3.27e+00 1.13e+02  8.69e-01 2.78e-01      0s
   2   9.65376287e+02 -2.03416877e+02  6.86e+00 3.24e+01  8.02e+03  1.56e+02 5.02e+00 1.40e+02  9.68e-01 4.47e-01      0s
   3   9.50499465e+02 -8.21313377e+01  2.26e-14 6.78e-15  1.03e+03  1.82e+02 9.90e+00 1.67e+02  1.00e+00 1.00e+00      0s
   4   1.74195869e+02 -7.83389810e+01  1.21e-14 1.83e-15  2.53e+02  2.16e+02 8.68e+01 5.33e+00  1.00e+00 8.39e-01      0s
   5   8.91285983e+01 -7.22354893e+01  8.28e-15 1.09e-15  1.61e+02  1.80e+02 1.61e+01 1.24e+00  8.19e-01 4.01e-01      0s
   6   4.14988317e+01 -6.34666453e+01  3.63e-15 4.97e-16  1.05e+02  1.45e+02 8.33e+00 1.41e+00  7.41e-01 3.88e-01      0s
   7   2.13623005e+01 -5.46274243e+01  3.48e-15 1.35e-15  7.60e+01  9.92e+01 4.40e+00 1.58e+00  7.13e-01 3.07e-01      0s
   8   1.53143731e+01 -5.03851532e+01  2.64e-15 6.66e-16  6.57e+01  6.49e+01 2.92e+00 1.66e+00  7.62e-01 1.50e-01      0s
   9   9.30282832e+00 -4.56619679e+01  2.35e-15 1.02e-15  5.50e+01  5.20e+01 2.51e+00 1.68e+00  8.05e-01 1.82e-01      0s
  10   2.94288804e+00 -4.02175380e+01  1.44e-15 1.20e-15  4.32e+01  3.92e+01 2.12e+00 1.71e+00  8.61e-01 2.39e-01      0s
  11  -4.35265572e+00 -3.36786621e+01  1.16e-15 4.44e-16  2.93e+01  2.68e+01 1.74e+00 1.74e+00  9.40e-01 3.56e-01      0s
  12  -1.43556393e+01 -2.49363452e+01  2.22e-16 3.33e-16  1.06e+01  1.58e+01 1.36e+00 1.78e+00  1.00e+00 7.10e-01      0s
  13  -1.78198390e+01 -2.25888198e+01  1.11e-16 1.07e-15  4.77e+00  1.63e+01 1.55e+00 1.82e+00  9.15e-01 6.10e-01      0s
  14  -1.81386474e+01 -2.23312758e+01  2.48e-16 3.19e-16  4.19e+00  6.87e+01 3.16e+00 1.83e+00  7.36e-01 1.34e-01      0s
  15  -1.83839730e+01 -2.21117111e+01  6.75e-16 4.00e-16  3.73e+00  8.83e+01 3.58e+00 1.83e+00  7.22e-01 1.23e-01      0s
  16  -1.85845480e+01 -2.19113367e+01  6.66e-16 5.76e-16  3.33e+00  1.09e+02 4.03e+00 1.83e+00  7.15e-01 1.20e-01      0s
  17  -1.87530833e+01 -2.17219243e+01  4.58e-16 2.37e-16  2.97e+00  1.32e+02 4.52e+00 1.84e+00  7.15e-01 1.20e-01      0s
  18  -1.88985504e+01 -2.15368750e+01  6.66e-16 1.02e-15  2.64e+00  1.55e+02 5.07e+00 1.84e+00  7.23e-01 1.24e-01      0s
  19  -1.90270460e+01 -2.13509682e+01  4.44e-16 1.00e-15  2.32e+00  1.80e+02 5.72e+00 1.84e+00  7.37e-01 1.32e-01      0s
  20  -1.91432624e+01 -2.11591618e+01  2.48e-16 4.45e-16  2.02e+00  2.04e+02 6.51e+00 1.84e+00  7.60e-01 1.47e-01      0s
  21  -1.92508487e+01 -2.09564942e+01  6.75e-16 1.02e-15  1.71e+00  2.29e+02 7.53e+00 1.84e+00  7.92e-01 1.71e-01      0s
  22  -1.93535475e+01 -2.07365335e+01  7.02e-16 4.78e-16  1.38e+00  2.52e+02 8.93e+00 1.84e+00  8.35e-01 2.10e-01      0s
  23  -1.94554163e+01 -2.04913195e+01  4.44e-16 6.09e-16  1.04e+00  2.74e+02 1.11e+01 1.84e+00  8.93e-01 2.79e-01      0s
  24  -1.95624492e+01 -2.02097995e+01  1.78e-15 1.06e-15  6.47e-01  2.91e+02 1.49e+01 1.84e+00  9.69e-01 4.17e-01      0s
  25  -1.96877679e+01 -1.98741127e+01  3.14e-16 6.15e-16  1.86e-01  3.02e+02 2.41e+01 1.84e+00  1.00e+00 7.91e-01      0s
  26  -1.97441764e+01 -1.97628109e+01  2.48e-16 8.24e-16  1.86e-02  2.82e+02 8.77e+01 1.83e+00  1.00e+00 1.00e+00      0s

The algorithm stopped after 27 iterations in 0.26 seconds.

Primal variables:   [+0.002 +10.307 +0.001 +0.662]
Dual slacks:        [+3.165 +0.000 +3.870 +0.006]
Dual variables:     [+9.774 +2.111]

Primal objective:   -1.97441764e+01
Dual objective:     -1.97628109e+01

Primal residual:    2.48e-16
Dual residual:      8.24e-16
Complementraty:     1.86e-02

Number of Iter:     27
Run time:           0.26
