
--------------- Linear optimization problem characteristics ---------------
Seed:                    61
Number of variables:     4
Number of constraints:   2

Norm of primal sol:      2.69e+00
Norm of dual sol:        1.00e+01
Norm of dual slacks:     5.00e+00

Norm of vector b:        2.00e+00
Norm of vector c:        8.01e+00

Norm of matrix A:        1.00e+00
Condition number:        4.00e+00

----------------------- Linear optimization problem -----------------------
Coeff matrix A:          [[-0.332 -0.112 -0.288 -0.180]
                          [+0.675 -0.002 +0.120 +0.596]]

RHS vector b:            [-0.934 +1.769]
Obj vector c:            [-7.191 -0.747 +1.498 -3.106]

---------------------------- Optimal solution -----------------------------
Primal variables:         [+2.623 +0.577 +0.000 +0.000]
Dual slacks:              [+0.000 +0.000 +4.345 +2.474]
Dual variables:           [+6.836 -7.299]

Optimal objective:       -1.92925148e+01
===========================================================================

Method:                  II-IPM
LO_Precision:            1.00e-01
Stop_Precision:          1.00e-08
LO_Verbosity:            2
Omega:                   1.00e+02

The Inexact Infeasible Interior-Point Method starts running ...


                  Objective                Residual                                               Step-length
Iter      Primal           Dual         Primal    Dual     Compl    Cond-Num  ||M||   ||RHS||    a-star   a-hat      Time
   0  -2.92500578e+02 -2.76462710e+02  5.11e+01 6.38e+01  1.35e+04  1.60e+01 1.00e+00 1.88e+02  7.97e-01 6.89e-01      0s
   1  -1.56366942e+02 -3.70046110e+02  2.53e+01 3.16e+01  7.14e+03  1.35e+01 3.28e-01 2.27e+01  8.65e-01 5.05e-01      0s
   2  -3.44693875e+01 -4.54150120e+02  3.68e+00 4.60e+00  1.46e+03  1.37e+01 1.68e-01 5.67e+00  9.86e-01 8.55e-01      0s
   3  -1.18083796e+01 -3.65808882e+02  7.45e-16 3.18e-14  3.54e+02  1.58e+01 3.56e-02 1.32e+00  1.00e+00 1.00e+00      0s
   4  -1.18594085e+01 -4.72594587e+01  4.97e-16 3.24e-14  3.54e+01  2.60e+01 1.78e-02 1.83e+00  1.00e+00 1.00e+00      0s
   5  -1.23023501e+01 -2.93936148e+01  0.00e+00 1.42e-14  1.71e+01  3.67e+01 2.15e-01 1.80e+00  8.77e-01 5.75e-01      0s
   6  -1.24896398e+01 -2.79308429e+01  0.00e+00 1.38e-14  1.54e+01  3.73e+01 4.47e-01 1.78e+00  6.90e-01 1.07e-01      0s
   7  -1.26765060e+01 -2.67957643e+01  0.00e+00 1.25e-14  1.41e+01  3.79e+01 4.97e-01 1.78e+00  6.67e-01 9.51e-02      0s
   8  -1.28660720e+01 -2.58780726e+01  2.22e-16 1.18e-14  1.30e+01  3.87e+01 5.47e-01 1.77e+00  6.48e-01 8.71e-02      0s
   9  -1.30592092e+01 -2.51206374e+01  2.22e-16 9.13e-15  1.21e+01  3.97e+01 6.00e-01 1.77e+00  6.33e-01 8.12e-02      0s
  10  -1.32576301e+01 -2.44819010e+01  1.11e-16 8.68e-15  1.12e+01  4.10e+01 6.56e-01 1.76e+00  6.22e-01 7.71e-02      0s
  11  -1.34627502e+01 -2.39344788e+01  2.22e-16 7.90e-15  1.05e+01  4.28e+01 7.19e-01 1.76e+00  6.15e-01 7.45e-02      0s
  12  -1.36762152e+01 -2.34584394e+01  2.48e-16 8.31e-15  9.78e+00  4.50e+01 7.89e-01 1.75e+00  6.11e-01 7.32e-02      0s
  13  -1.38999118e+01 -2.30390240e+01  1.11e-16 7.67e-15  9.14e+00  4.79e+01 8.69e-01 1.75e+00  6.11e-01 7.30e-02      0s
  14  -1.41359808e+01 -2.26651431e+01  0.00e+00 6.48e-15  8.53e+00  5.17e+01 9.63e-01 1.74e+00  6.14e-01 7.42e-02      0s
  15  -1.43868279e+01 -2.23283639e+01  0.00e+00 6.74e-15  7.94e+00  5.66e+01 1.08e+00 1.74e+00  6.21e-01 7.66e-02      0s
  16  -1.46556566e+01 -2.20216004e+01  0.00e+00 5.69e-15  7.37e+00  6.30e+01 1.21e+00 1.73e+00  6.31e-01 8.05e-02      0s
  17  -1.49457441e+01 -2.17397460e+01  0.00e+00 7.01e-15  6.79e+00  7.17e+01 1.39e+00 1.72e+00  6.46e-01 8.63e-02      0s
  18  -1.52618385e+01 -2.14778226e+01  0.00e+00 5.35e-15  6.22e+00  8.35e+01 1.61e+00 1.71e+00  6.65e-01 9.45e-02      0s
  19  -1.56093986e+01 -2.12318402e+01  0.00e+00 5.04e-15  5.62e+00  1.00e+02 1.89e+00 1.71e+00  6.90e-01 1.06e-01      0s
  20  -1.59958668e+01 -2.09976178e+01  0.00e+00 4.10e-15  5.00e+00  1.25e+02 2.28e+00 1.70e+00  7.21e-01 1.23e-01      0s
  21  -1.64310072e+01 -2.07705834e+01  2.48e-16 3.36e-15  4.34e+00  1.63e+02 2.84e+00 1.69e+00  7.60e-01 1.47e-01      1s
  22  -1.69283812e+01 -2.05444404e+01  2.22e-16 3.20e-15  3.62e+00  2.25e+02 3.66e+00 1.68e+00  8.09e-01 1.85e-01      1s
  23  -1.75073451e+01 -2.03082627e+01  0.00e+00 2.39e-15  2.80e+00  3.38e+02 5.01e+00 1.66e+00  8.71e-01 2.50e-01      1s
  24  -1.81997065e+01 -2.00352719e+01  1.18e-15 1.14e-15  1.84e+00  5.77e+02 7.49e+00 1.65e+00  9.04e-01 3.83e-01      1s
  25  -1.90574310e+01 -1.96297490e+01  6.79e-15 7.09e-16  5.72e-01  1.21e+03 1.36e+01 1.63e+00  8.64e-01 7.65e-01      1s
  26  -1.91527941e+01 -1.94777691e+01  6.47e-15 7.27e-16  3.25e-01  4.20e+03 5.26e+01 1.61e+00  9.91e-01 4.80e-01      1s
  27  -1.92703035e+01 -1.93051327e+01  8.44e-15 7.87e-16  3.48e-02  3.74e+03 8.70e+01 1.63e+00  1.00e+00 9.92e-01      1s

The algorithm stopped after 28 iterations in 0.55 seconds.

Primal variables:   [+2.620 +0.571 +0.004 +0.002]
Dual slacks:        [+0.003 +0.008 +4.361 +2.469]
Dual variables:     [+6.904 -7.270]

Primal objective:   -1.92703035e+01
Dual objective:     -1.93051327e+01

Primal residual:    8.44e-15
Dual residual:      7.87e-16
Complementraty:     3.48e-02

Number of Iter:     28
Run time:           0.55
