
--------------- Linear optimization problem characteristics ---------------
Seed:                    29
Number of variables:     4
Number of constraints:   2

Norm of primal sol:      2.32e+00
Norm of dual sol:        1.00e+01
Norm of dual slacks:     5.00e+00

Norm of vector b:        2.00e+00
Norm of vector c:        1.04e+01

Norm of matrix A:        1.00e+00
Condition number:        1.00e+00

----------------------- Linear optimization problem -----------------------
Coeff matrix A:          [[+0.526 +0.272 +0.545 -0.594]
                          [-0.648 -0.292 +0.006 -0.703]]

RHS vector b:            [+1.324 -1.499]
Obj vector c:            [-8.244 -2.223 -4.024 +4.420]

---------------------------- Optimal solution -----------------------------
Primal variables:         [+2.314 +0.000 +0.196 +0.000]
Dual slacks:              [+0.000 +1.749 +0.000 +4.684]
Dual variables:           [-7.453 +6.667]

Optimal objective:       -1.98619802e+01
===========================================================================

Method:                  II-IPM
LO_Precision:            1.00e-01
Stop_Precision:          1.00e-08
LO_Verbosity:            2
Omega:                   1.00e+02

The Inexact Infeasible Interior-Point Method starts running ...


                  Objective                Residual                                               Step-length
Iter      Primal           Dual         Primal    Dual     Compl    Cond-Num  ||M||   ||RHS||    a-star   a-hat      Time
   0  -3.39531818e+02 -2.18806715e+02  7.88e+01 9.08e+01  1.89e+04  1.00e+00 1.00e+00 2.03e+02  6.79e-01 5.58e-01      0s
   1  -2.74831608e+02 -2.68144226e+02  6.44e+01 7.42e+01  1.57e+04  2.25e+00 8.02e-01 4.87e+01  7.72e-01 1.83e-01      0s
   2  -2.07369988e+02 -3.24065524e+02  4.87e+01 5.61e+01  1.22e+04  2.40e+00 6.83e-01 3.32e+01  8.34e-01 2.43e-01      0s
   3  -1.31776449e+02 -3.92240577e+02  3.05e+01 3.51e+01  7.99e+03  2.55e+00 5.40e-01 1.96e+01  9.11e-01 3.75e-01      0s
   4  -4.10067130e+01 -4.79935073e+02  7.67e+00 8.84e+00  2.44e+03  2.72e+00 3.57e-01 7.85e+00  1.00e+00 7.48e-01      0s
   5  -1.18806729e+01 -4.53195656e+02  1.57e-15 3.76e-14  4.41e+02  2.94e+00 1.11e-01 6.04e-01  1.00e+00 1.00e+00      0s
   6  -1.19870690e+01 -5.61185673e+01  2.22e-16 1.91e-14  4.41e+01  2.82e+00 2.30e-02 1.81e+00  1.00e+00 1.00e+00      0s
   7  -1.23110378e+01 -2.98719493e+01  2.22e-16 5.99e-15  1.76e+01  2.94e+00 2.24e-01 1.80e+00  9.19e-01 6.69e-01      0s
   8  -1.24760567e+01 -2.82925278e+01  0.00e+00 4.55e-15  1.58e+01  2.51e+00 5.05e-01 1.78e+00  6.85e-01 1.10e-01      0s
   9  -1.26356184e+01 -2.71511826e+01  0.00e+00 2.88e-15  1.45e+01  2.38e+00 5.42e-01 1.78e+00  6.58e-01 9.14e-02      0s
  10  -1.28004120e+01 -2.62283588e+01  2.22e-16 2.66e-15  1.34e+01  2.27e+00 5.72e-01 1.77e+00  6.38e-01 8.33e-02      0s
  11  -1.29715304e+01 -2.54634619e+01  2.22e-16 3.39e-15  1.25e+01  2.16e+00 6.00e-01 1.77e+00  6.23e-01 7.75e-02      0s
  12  -1.31497672e+01 -2.48179298e+01  2.22e-16 2.81e-15  1.17e+01  2.07e+00 6.28e-01 1.76e+00  6.12e-01 7.33e-02      0s
  13  -1.33363763e+01 -2.42636987e+01  2.22e-16 3.54e-15  1.09e+01  1.99e+00 6.57e-01 1.76e+00  6.04e-01 7.05e-02      0s
  14  -1.35327374e+01 -2.37809588e+01  2.22e-16 2.47e-15  1.02e+01  1.94e+00 6.89e-01 1.76e+00  5.99e-01 6.91e-02      0s
  15  -1.37401125e+01 -2.33558892e+01  4.97e-16 1.73e-15  9.62e+00  1.92e+00 7.28e-01 1.75e+00  5.98e-01 6.86e-02      0s
  16  -1.39608621e+01 -2.29764363e+01  4.97e-16 2.70e-15  9.02e+00  1.94e+00 7.77e-01 1.75e+00  6.00e-01 6.94e-02      0s
  17  -1.41966108e+01 -2.26353163e+01  4.44e-16 1.73e-15  8.44e+00  2.02e+00 8.42e-01 1.74e+00  6.06e-01 7.11e-02      0s
  18  -1.44501629e+01 -2.23255806e+01  2.22e-16 2.90e-15  7.88e+00  2.16e+00 9.27e-01 1.74e+00  6.14e-01 7.42e-02      0s
  19  -1.47247341e+01 -2.20419862e+01  2.22e-16 2.92e-15  7.32e+00  2.39e+00 1.04e+00 1.73e+00  6.27e-01 7.87e-02      0s
  20  -1.50239343e+01 -2.17806184e+01  3.14e-16 2.65e-15  6.76e+00  2.74e+00 1.18e+00 1.72e+00  6.43e-01 8.51e-02      0s
  21  -1.53526660e+01 -2.15379064e+01  2.22e-16 3.01e-15  6.19e+00  3.24e+00 1.37e+00 1.72e+00  6.64e-01 9.40e-02      0s
  22  -1.57166076e+01 -2.13112115e+01  3.14e-16 2.72e-15  5.59e+00  3.97e+00 1.63e+00 1.71e+00  6.90e-01 1.06e-01      0s
  23  -1.61235854e+01 -2.10979243e+01  2.22e-16 2.84e-15  4.97e+00  5.07e+00 1.98e+00 1.70e+00  7.22e-01 1.23e-01      0s
  24  -1.65836248e+01 -2.08958272e+01  3.14e-16 2.67e-15  4.31e+00  6.80e+00 2.48e+00 1.69e+00  7.61e-01 1.48e-01      0s
  25  -1.71096636e+01 -2.07029234e+01  0.00e+00 1.71e-15  3.59e+00  9.76e+00 3.23e+00 1.68e+00  8.09e-01 1.85e-01      0s
  26  -1.77190809e+01 -2.05169154e+01  3.14e-16 1.43e-15  2.80e+00  1.54e+01 4.44e+00 1.67e+00  8.68e-01 2.46e-01      1s
  27  -1.84371737e+01 -2.03336683e+01  0.00e+00 1.75e-15  1.90e+00  2.81e+01 6.62e+00 1.66e+00  9.41e-01 3.58e-01      1s
  28  -1.92996577e+01 -2.01416206e+01  3.14e-16 4.97e-16  8.42e-01  6.76e+01 1.16e+01 1.64e+00  9.66e-01 6.18e-01      1s
  29  -1.97405320e+01 -2.00149863e+01  7.02e-16 1.66e-15  2.74e-01  3.39e+02 3.15e+01 1.62e+00  8.68e-01 7.49e-01      1s
  30  -1.97787664e+01 -1.99729097e+01  3.78e-15 1.04e-15  1.94e-01  1.34e+03 9.35e+01 1.66e+00  9.13e-01 3.25e-01      1s
  31  -1.98167814e+01 -1.99254477e+01  1.35e-15 4.09e-16  1.09e-01  1.40e+03 1.29e+02 1.67e+00  9.96e-01 4.89e-01      1s
  32  -1.98576175e+01 -1.98684841e+01  3.97e-15 1.06e-15  1.09e-02  1.41e+03 2.19e+02 1.69e+00  1.00e+00 1.00e+00      1s

The algorithm stopped after 33 iterations in 0.63 seconds.

Primal variables:   [+2.312 +0.002 +0.197 +0.000]
Dual slacks:        [+0.001 +1.750 +0.020 +4.644]
Dual variables:     [-7.489 +6.640]

Primal objective:   -1.98576175e+01
Dual objective:     -1.98684841e+01

Primal residual:    3.97e-15
Dual residual:      1.06e-15
Complementraty:     1.09e-02

Number of Iter:     33
Run time:           0.63
