
--------------- Linear optimization problem characteristics ---------------
Seed:                    15
Number of variables:     4
Number of constraints:   2

Norm of primal sol:      3.09e+00
Norm of dual sol:        1.00e+01
Norm of dual slacks:     5.00e+00

Norm of vector b:        2.00e+00
Norm of vector c:        8.00e+00

Norm of matrix A:        1.00e+00
Condition number:        8.00e+00

----------------------- Linear optimization problem -----------------------
Coeff matrix A:          [[+0.234 -0.285 +0.590 -0.527]
                          [+0.090 -0.087 +0.428 -0.233]]

RHS vector b:            [-1.849 -0.762]
Obj vector c:            [+2.786 +2.712 -4.964 +4.920]

---------------------------- Optimal solution -----------------------------
Primal variables:         [+0.000 +1.369 +0.000 +2.766]
Dual slacks:              [+4.990 +0.000 +0.320 +0.000]
Dual variables:           [-9.912 +1.324]

Optimal objective:       +1.73204403e+01
===========================================================================

Method:                  II-IPM
LO_Precision:            1.00e-01
Stop_Precision:          1.00e-08
LO_Verbosity:            2
Omega:                   1.00e+02

The Inexact Infeasible Interior-Point Method starts running ...


                  Objective                Residual                                               Step-length
Iter      Primal           Dual         Primal    Dual     Compl    Cond-Num  ||M||   ||RHS||    a-star   a-hat      Time
   0   6.67917712e+02 -1.51338803e+02  7.91e+00 7.50e+01  1.65e+04  6.40e+01 1.00e+00 2.73e+01  7.40e-01 6.20e-01      0s
   1   7.20835039e+02 -1.31932140e+02  6.64e+00 6.29e+01  1.41e+04  9.56e+01 1.07e+00 6.32e+01  7.51e-01 1.60e-01      0s
   2   7.77667231e+02 -1.09984826e+02  5.39e+00 5.11e+01  1.17e+04  1.23e+02 1.29e+00 7.30e+01  8.02e-01 1.89e-01      0s
   3   8.42639905e+02 -8.43358919e+01  4.06e+00 3.85e+01  9.09e+03  1.68e+02 1.66e+00 8.41e+01  8.63e-01 2.47e-01      0s
   4   9.14174787e+02 -5.56892457e+01  2.66e+00 2.52e+01  6.29e+03  2.54e+02 2.33e+00 9.71e+01  9.44e-01 3.44e-01      0s
   5   9.75473467e+02 -2.58629646e+01  1.22e+00 1.15e+01  3.33e+03  4.25e+02 3.78e+00 1.10e+02  9.96e-01 5.43e-01      0s
   6   8.52315786e+02 -3.49168643e+00  9.96e-14 8.89e-15  8.56e+02  7.57e+02 8.11e+00 1.07e+02  1.00e+00 1.00e+00      0s
   7   9.91030671e+01 -3.24592631e+00  6.36e-15 7.63e-15  1.02e+02  1.10e+03 2.52e+01 3.97e+00  1.00e+00 9.78e-01      0s
   8   7.17489856e+01 -2.77437717e+00  4.95e-15 7.56e-15  7.45e+01  1.04e+03 2.79e+00 2.16e+00  9.03e-01 3.02e-01      0s
   9   5.79413480e+01 -2.31912208e+00  4.00e-15 1.43e-14  6.03e+01  1.05e+03 2.00e+00 2.04e+00  8.37e-01 2.13e-01      0s
  10   4.93290643e+01 -1.87126072e+00  2.53e-15 4.28e-15  5.12e+01  1.09e+03 1.62e+00 1.98e+00  7.87e-01 1.67e-01      0s
  11   4.34259270e+01 -1.42875653e+00  2.14e-15 7.38e-15  4.49e+01  1.15e+03 1.40e+00 1.94e+00  7.45e-01 1.38e-01      0s
  12   3.91234752e+01 -9.89169061e-01  1.42e-15 1.47e-14  4.01e+01  1.23e+03 1.26e+00 1.92e+00  7.11e-01 1.17e-01      0s
  13   3.58474449e+01 -5.50072042e-01  1.99e-15 1.05e-14  3.64e+01  1.32e+03 1.17e+00 1.90e+00  6.83e-01 1.03e-01      0s
  14   3.32608671e+01 -1.07734937e-01  1.18e-15 1.16e-14  3.34e+01  1.42e+03 1.11e+00 1.88e+00  6.60e-01 9.25e-02      0s
  15   3.11639685e+01  3.40593313e-01  1.74e-15 4.92e-15  3.08e+01  1.53e+03 1.07e+00 1.87e+00  6.42e-01 8.48e-02      0s
  16   2.94239775e+01  7.98476195e-01  8.67e-16 9.57e-15  2.86e+01  1.66e+03 1.04e+00 1.86e+00  6.28e-01 7.92e-02      0s
  17   2.79529238e+01  1.26928508e+00  1.36e-15 7.77e-15  2.67e+01  1.79e+03 1.02e+00 1.85e+00  6.17e-01 7.54e-02      0s
  18   2.66921047e+01  1.75554473e+00  1.42e-15 1.76e-14  2.49e+01  1.92e+03 1.02e+00 1.85e+00  6.10e-01 7.27e-02      0s
  19   2.55937151e+01  2.26219569e+00  9.42e-16 1.55e-14  2.33e+01  2.06e+03 1.02e+00 1.84e+00  6.07e-01 7.15e-02      0s
  20   2.46257759e+01  2.79336404e+00  5.98e-16 7.96e-15  2.18e+01  2.21e+03 1.03e+00 1.83e+00  6.06e-01 7.14e-02      0s
  21   2.37649634e+01  3.35315883e+00  2.48e-16 5.48e-15  2.04e+01  2.35e+03 1.04e+00 1.83e+00  6.09e-01 7.23e-02      0s
  22   2.29902305e+01  3.94850856e+00  4.58e-16 1.48e-14  1.90e+01  2.50e+03 1.06e+00 1.83e+00  6.15e-01 7.46e-02      0s
  23   2.22886743e+01  4.58478253e+00  1.49e-15 6.30e-15  1.77e+01  2.65e+03 1.09e+00 1.82e+00  6.25e-01 7.81e-02      0s
  24   2.16477706e+01  5.27045767e+00  1.40e-15 1.47e-14  1.64e+01  2.80e+03 1.13e+00 1.82e+00  6.38e-01 8.33e-02      0s
  25   2.10577422e+01  6.01566665e+00  6.75e-16 7.19e-15  1.50e+01  2.95e+03 1.18e+00 1.82e+00  6.56e-01 9.06e-02      0s
  26   2.05106418e+01  6.83304842e+00  6.66e-16 1.07e-14  1.37e+01  3.09e+03 1.24e+00 1.81e+00  6.79e-01 1.01e-01      0s
  27   2.00014141e+01  7.73600803e+00  2.48e-16 2.28e-15  1.23e+01  3.22e+03 1.33e+00 1.81e+00  7.07e-01 1.15e-01      0s
  28   1.95233240e+01  8.74643165e+00  6.75e-16 3.11e-15  1.08e+01  3.35e+03 1.44e+00 1.81e+00  7.41e-01 1.35e-01      0s
  29   1.90725190e+01  9.88912231e+00  1.24e-15 3.69e-15  9.18e+00  3.48e+03 1.59e+00 1.81e+00  7.83e-01 1.64e-01      0s
  30   1.86450973e+01  1.11986771e+01  2.03e-15 5.44e-15  7.45e+00  3.59e+03 1.82e+00 1.81e+00  8.35e-01 2.10e-01      0s
  31   1.82379632e+01  1.27214539e+01  1.49e-15 3.67e-15  5.52e+00  3.69e+03 2.19e+00 1.80e+00  8.99e-01 2.88e-01      0s
  32   1.78481598e+01  1.45231917e+01  4.22e-15 1.02e-15  3.32e+00  3.77e+03 2.89e+00 1.80e+00  9.79e-01 4.41e-01      0s
  33   1.74721051e+01  1.67020560e+01  3.18e-15 2.22e-16  7.70e-01  3.82e+03 4.65e+00 1.80e+00  1.00e+00 8.54e-01      0s
  34   1.73920758e+01  1.72578047e+01  2.09e-15 6.52e-16  1.34e-01  3.67e+03 1.88e+01 1.81e+00  9.86e-01 9.17e-01      0s
  35   1.73849529e+01  1.72671442e+01  2.19e-15 1.16e-15  1.18e-01  2.03e+03 9.99e+01 1.79e+00  7.24e-01 1.36e-01      0s
  36   1.73779759e+01  1.72750758e+01  1.91e-15 1.02e-15  1.03e-01  1.81e+03 1.11e+02 1.79e+00  7.50e-01 1.41e-01      1s
  37   1.73704015e+01  1.72826768e+01  1.34e-15 1.75e-15  8.77e-02  1.61e+03 1.24e+02 1.79e+00  7.83e-01 1.64e-01      1s

The algorithm stopped after 38 iterations in 0.53 seconds.

Primal variables:   [+0.003 +0.913 +0.107 +3.133]
Dual slacks:        [+4.984 +0.012 +0.345 +0.008]
Dual variables:     [-9.809 +1.124]

Primal objective:   1.73704015e+01 
Dual objective:     1.72826768e+01 

Primal residual:    1.34e-15
Dual residual:      1.75e-15
Complementraty:     8.77e-02

Number of Iter:     38
Run time:           0.53
