
--------------- Linear optimization problem characteristics ---------------
Seed:                    25
Number of variables:     4
Number of constraints:   2

Norm of primal sol:      3.22e+00
Norm of dual sol:        1.00e+01
Norm of dual slacks:     5.00e+00

Norm of vector b:        2.00e+00
Norm of vector c:        8.79e+00

Norm of matrix A:        1.00e+00
Condition number:        1.60e+01

----------------------- Linear optimization problem -----------------------
Coeff matrix A:          [[-0.597 -0.220 +0.220 +0.521]
                          [-0.415 -0.107 +0.095 +0.295]]

RHS vector b:            [-1.614 -1.181]
Obj vector c:            [+5.393 +6.307 -1.421 -2.531]

---------------------------- Optimal solution -----------------------------
Primal variables:         [+3.069 +0.000 +0.984 +0.000]
Dual slacks:              [+0.000 +4.763 +0.000 +1.521]
Dual variables:           [-2.263 -9.741]

Optimal objective:       +1.51542925e+01
===========================================================================

Method:                  II-IPM
LO_Precision:            1.00e-01
Stop_Precision:          1.00e-08
LO_Verbosity:            2
Omega:                   1.00e+02

The Inexact Infeasible Interior-Point Method starts running ...


                  Objective                Residual                                               Step-length
Iter      Primal           Dual         Primal    Dual     Compl    Cond-Num  ||M||   ||RHS||    a-star   a-hat      Time
   0   8.13482861e+02 -1.90797474e+02  5.62e+00 8.20e+01  1.81e+04  2.56e+02 1.00e+00 9.65e+00  7.05e-01 5.82e-01      0s
   1   8.60607204e+02 -1.88987838e+02  4.73e+00 6.90e+01  1.55e+04  2.60e+02 1.23e+00 5.10e+01  7.39e-01 1.58e-01      0s
   2   9.09976064e+02 -1.81660442e+02  3.89e+00 5.68e+01  1.30e+04  2.87e+02 1.49e+00 6.02e+01  7.93e-01 1.77e-01      0s
   3   9.67262833e+02 -1.66484573e+02  2.98e+00 4.35e+01  1.03e+04  3.22e+02 1.87e+00 6.98e+01  8.57e-01 2.35e-01      0s
   4   1.03104973e+03 -1.38291747e+02  1.95e+00 2.85e+01  7.11e+03  3.75e+02 2.55e+00 8.10e+01  9.47e-01 3.44e-01      0s
   5   1.07790787e+03 -8.41246434e+01  7.15e-01 1.04e+01  3.23e+03  4.55e+02 4.03e+00 9.16e+01  1.00e+00 6.34e-01      0s
   6   8.39524655e+02 -3.10015443e+01  1.44e-13 0.00e+00  8.71e+02  5.90e+02 9.61e+00 8.31e+01  1.00e+00 1.00e+00      0s
   7   1.13084338e+02 -2.76920023e+01  3.38e-14 2.56e-15  1.41e+02  6.20e+02 1.93e+01 5.43e-01  1.00e+00 9.31e-01      0s
   8   7.92539296e+01 -2.21537774e+01  2.49e-14 4.44e-15  1.01e+02  4.19e+02 2.15e+00 1.66e+00  7.97e-01 3.11e-01      0s
   9   5.67636706e+01 -1.57082856e+01  1.69e-14 9.08e-15  7.25e+01  3.17e+02 1.35e+00 1.74e+00  7.94e-01 3.17e-01      0s
  10   4.12388846e+01 -8.75142996e+00  1.15e-14 1.01e-14  5.00e+01  2.32e+02 8.93e-01 1.79e+00  8.36e-01 3.45e-01      0s
  11   3.15697746e+01 -2.83798068e+00  7.93e-15 3.35e-15  3.44e+01  1.85e+02 6.68e-01 1.82e+00  9.32e-01 3.46e-01      0s
  12   2.64135676e+01  8.55022737e-01  5.28e-15 1.84e-15  2.56e+01  1.96e+02 6.23e-01 1.84e+00  8.98e-01 2.86e-01      0s
  13   2.35330134e+01  3.09338565e+00  3.68e-15 3.90e-15  2.04e+01  2.60e+02 6.82e-01 1.85e+00  8.47e-01 2.23e-01      0s
  14   2.17144020e+01  4.61413586e+00  3.18e-15 6.84e-15  1.71e+01  3.61e+02 7.78e-01 1.86e+00  8.04e-01 1.82e-01      0s
  15   2.04533116e+01  5.75881228e+00  2.39e-15 6.50e-15  1.47e+01  4.88e+02 8.89e-01 1.87e+00  7.73e-01 1.56e-01      0s
  16   1.95203833e+01  6.68837557e+00  1.83e-15 5.95e-15  1.28e+01  6.38e+02 1.01e+00 1.87e+00  7.50e-01 1.41e-01      0s
  17   1.87963046e+01  7.48898865e+00  1.55e-15 3.90e-15  1.13e+01  8.08e+02 1.14e+00 1.87e+00  7.36e-01 1.32e-01      0s
  18   1.82130499e+01  8.21182067e+00  1.79e-15 2.28e-15  1.00e+01  9.95e+02 1.28e+00 1.87e+00  7.30e-01 1.28e-01      0s
  19   1.77292564e+01  8.89000790e+00  1.90e-15 1.90e-15  8.84e+00  1.20e+03 1.44e+00 1.87e+00  7.32e-01 1.29e-01      0s
  20   1.73175892e+01  9.54818925e+00  4.97e-16 4.99e-15  7.77e+00  1.41e+03 1.63e+00 1.87e+00  7.40e-01 1.34e-01      0s
  21   1.69595859e+01  1.02059608e+01  1.78e-15 1.84e-15  6.75e+00  1.63e+03 1.85e+00 1.87e+00  7.57e-01 1.45e-01      0s
  22   1.66413921e+01  1.08821256e+01  1.11e-15 2.04e-15  5.76e+00  1.86e+03 2.13e+00 1.87e+00  7.82e-01 1.64e-01      0s
  23   1.63527294e+01  1.15947593e+01  3.23e-15 2.86e-15  4.76e+00  2.08e+03 2.50e+00 1.87e+00  8.18e-01 1.93e-01      0s
  24   1.60835176e+01  1.23663951e+01  1.29e-15 1.71e-15  3.72e+00  2.31e+03 3.03e+00 1.87e+00  8.65e-01 2.43e-01      0s
  25   1.58212684e+01  1.32273862e+01  3.14e-16 1.02e-15  2.59e+00  2.51e+03 3.89e+00 1.87e+00  9.29e-01 3.36e-01      1s
  26   1.55420522e+01  1.42225917e+01  5.81e-15 1.05e-15  1.32e+00  2.66e+03 5.62e+00 1.87e+00  1.00e+00 5.46e-01      1s
  27   1.52713997e+01  1.50607213e+01  8.50e-15 9.71e-16  2.11e-01  2.62e+03 1.12e+01 1.86e+00  9.92e-01 9.34e-01      1s
  28   1.51657443e+01  1.51446764e+01  7.58e-15 1.13e-15  2.11e-02  1.07e+03 7.84e+01 1.87e+00  1.00e+00 1.00e+00      1s

The algorithm stopped after 29 iterations in 0.53 seconds.

Primal variables:   [+3.071 +0.001 +0.980 +0.004]
Dual slacks:        [+0.002 +4.760 +0.004 +1.525]
Dual variables:     [-2.315 -9.661]

Primal objective:   1.51657443e+01 
Dual objective:     1.51446764e+01 

Primal residual:    7.58e-15
Dual residual:      1.13e-15
Complementraty:     2.11e-02

Number of Iter:     29
Run time:           0.53
