
--------------- Linear optimization problem characteristics ---------------
Seed:                    63
Number of variables:     4
Number of constraints:   2

Norm of primal sol:      3.77e+00
Norm of dual sol:        1.00e+01
Norm of dual slacks:     5.00e+00

Norm of vector b:        2.00e+00
Norm of vector c:        1.37e+01

Norm of matrix A:        1.00e+00
Condition number:        4.00e+00

----------------------- Linear optimization problem -----------------------
Coeff matrix A:          [[+0.337 +0.441 -0.436 -0.661]
                          [-0.084 +0.098 +0.095 +0.319]]

RHS vector b:            [+1.999 -0.045]
Obj vector c:            [-3.369 -4.406 +4.814 +11.594]

---------------------------- Optimal solution -----------------------------
Primal variables:         [+3.066 +2.193 +0.000 +0.000]
Dual slacks:              [+0.000 +0.000 +0.456 +4.979]
Dual variables:           [-10.000 +0.000]

Optimal objective:       -1.99949792e+01
===========================================================================

Method:                  II-IPM
LO_Precision:            1.00e-01
Stop_Precision:          1.00e-08
LO_Verbosity:            2
Omega:                   1.00e+02

The Inexact Infeasible Interior-Point Method starts running ...


                  Objective                Residual                                               Step-length
Iter      Primal           Dual         Primal    Dual     Compl    Cond-Num  ||M||   ||RHS||    a-star   a-hat      Time
   0   1.67399128e+02 -1.67754905e+02  9.67e+00 3.47e+01  7.81e+03  1.60e+01 1.00e+00 4.95e+01  8.98e-01 8.23e-01      0s
   1   1.45355255e+02 -1.76248560e+02  7.49e+00 2.69e+01  6.20e+03  1.86e+02 2.67e+00 6.01e+01  8.00e-01 2.26e-01      0s
   2   1.29234240e+02 -1.78018523e+02  5.81e+00 2.08e+01  4.93e+03  3.07e+02 3.90e+00 7.47e+01  8.23e-01 2.25e-01      0s
   3   1.17081491e+02 -1.72983496e+02  4.41e+00 1.58e+01  3.85e+03  4.82e+02 5.71e+00 8.90e+01  8.29e-01 2.40e-01      0s
   4   1.08800168e+02 -1.60809546e+02  3.29e+00 1.18e+01  2.95e+03  7.37e+02 8.66e+00 1.05e+02  8.16e-01 2.56e-01      0s
   5   1.03686157e+02 -1.41602959e+02  2.35e+00 8.43e+00  2.19e+03  1.07e+03 1.35e+01 1.21e+02  8.21e-01 2.85e-01      0s
   6   1.00961677e+02 -1.14822599e+02  1.53e+00 5.49e+00  1.49e+03  1.47e+03 2.20e+01 1.39e+02  8.48e-01 3.50e-01      0s
   7   9.94052739e+01 -7.77490518e+01  7.39e-01 2.65e+00  7.96e+02  1.94e+03 3.97e+01 1.57e+02  9.12e-01 5.17e-01      0s
   8   9.08572203e+01 -3.03747485e+01  8.81e-03 3.16e-02  1.28e+02  2.44e+03 9.35e+01 1.63e+02  1.00e+00 9.88e-01      0s
   9   2.98471869e+01 -2.93068356e+01  3.46e-03 1.24e-02  6.04e+01  2.87e+03 7.46e+02 1.39e+00  1.00e+00 6.08e-01      0s
  10   1.37552562e+01 -2.86868824e+01  2.34e-03 8.42e-03  4.30e+01  2.48e+03 3.10e+02 1.70e+00  9.34e-01 3.22e-01      0s
  11   5.28719545e+00 -2.81252705e+01  1.78e-03 6.39e-03  3.37e+01  2.16e+03 1.91e+02 1.83e+00  8.70e-01 2.40e-01      0s
  12  -6.33174017e-02 -2.75826995e+01  1.43e-03 5.12e-03  2.77e+01  1.86e+03 1.31e+02 1.85e+00  8.27e-01 1.98e-01      0s
  13  -3.80834769e+00 -2.70448915e+01  1.18e-03 4.23e-03  2.34e+01  1.58e+03 9.50e+01 1.84e+00  7.99e-01 1.75e-01      0s
  14  -6.60847071e+00 -2.65055120e+01  9.88e-04 3.55e-03  2.00e+01  1.32e+03 7.11e+01 1.83e+00  7.81e-01 1.61e-01      0s
  15  -8.81160256e+00 -2.59595807e+01  8.36e-04 3.00e-03  1.72e+01  1.09e+03 5.44e+01 1.81e+00  7.72e-01 1.54e-01      0s
  16  -1.06131498e+01 -2.54043271e+01  7.07e-04 2.54e-03  1.48e+01  8.73e+02 4.23e+01 1.80e+00  7.70e-01 1.53e-01      0s
  17  -1.21288792e+01 -2.48399893e+01  5.97e-04 2.14e-03  1.27e+01  6.85e+02 3.32e+01 1.79e+00  7.75e-01 1.57e-01      0s
  18  -1.34362463e+01 -2.42678210e+01  4.98e-04 1.79e-03  1.09e+01  5.23e+02 2.62e+01 1.79e+00  7.85e-01 1.65e-01      0s
  19  -1.45866636e+01 -2.36913863e+01  4.10e-04 1.47e-03  9.12e+00  3.88e+02 2.08e+01 1.78e+00  8.00e-01 1.78e-01      0s
  20  -1.56095513e+01 -2.31195882e+01  3.30e-04 1.18e-03  7.52e+00  2.79e+02 1.66e+01 1.78e+00  8.20e-01 1.95e-01      0s
  21  -1.65246127e+01 -2.25631917e+01  2.58e-04 9.26e-04  6.04e+00  1.95e+02 1.34e+01 1.78e+00  8.43e-01 2.18e-01      0s
  22  -1.73359171e+01 -2.20384071e+01  1.94e-04 6.98e-04  4.71e+00  1.32e+02 1.10e+01 1.78e+00  8.68e-01 2.46e-01      0s
  23  -1.80429193e+01 -2.15594527e+01  1.40e-04 5.02e-04  3.52e+00  8.77e+01 9.23e+00 1.78e+00  8.94e-01 2.80e-01      0s
  24  -1.86424209e+01 -2.11357935e+01  9.47e-05 3.40e-04  2.49e+00  5.87e+01 8.17e+00 1.78e+00  9.22e-01 3.23e-01      1s
  25  -1.91388564e+01 -2.07658202e+01  5.81e-05 2.09e-04  1.63e+00  4.05e+01 7.85e+00 1.79e+00  9.55e-01 3.86e-01      1s
  26  -1.95439649e+01 -2.04390631e+01  2.91e-05 1.04e-04  8.95e-01  2.95e+01 8.54e+00 1.80e+00  1.00e+00 5.00e-01      1s
  27  -1.98685930e+01 -2.01432914e+01  6.68e-06 2.40e-05  2.75e-01  2.29e+01 1.15e+01 1.80e+00  1.00e+00 7.70e-01      1s
  28  -1.99834284e+01 -2.00109036e+01  3.47e-17 1.06e-15  2.75e-02  1.87e+01 2.82e+01 1.82e+00  1.00e+00 1.00e+00      1s

The algorithm stopped after 29 iterations in 0.59 seconds.

Primal variables:   [+3.084 +2.193 +0.011 +0.001]
Dual slacks:        [+0.003 +0.003 +0.452 +4.972]
Dual variables:     [-10.008 +0.005]

Primal objective:   -1.99834284e+01
Dual objective:     -2.00109036e+01

Primal residual:    3.47e-17
Dual residual:      1.06e-15
Complementraty:     2.75e-02

Number of Iter:     29
Run time:           0.59
