
--------------- Linear optimization problem characteristics ---------------
Seed:                    18
Number of variables:     4
Number of constraints:   2

Norm of primal sol:      2.12e+00
Norm of dual sol:        1.00e+01
Norm of dual slacks:     5.00e+00

Norm of vector b:        2.00e+00
Norm of vector c:        8.78e+00

Norm of matrix A:        1.00e+00
Condition number:        4.00e+00

----------------------- Linear optimization problem -----------------------
Coeff matrix A:          [[+0.100 +0.524 +0.757 -0.286]
                          [+0.054 +0.067 -0.293 +0.173]]

RHS vector b:            [+1.945 -0.468]
Obj vector c:            [+5.940 +4.662 +4.474 +0.020]

---------------------------- Optimal solution -----------------------------
Primal variables:         [+0.000 +1.057 +1.837 +0.000]
Dual slacks:              [+4.815 +0.000 +0.000 +1.346]
Dual variables:           [+8.153 +5.790]

Optimal objective:       +1.31473235e+01
===========================================================================

Method:                  II-IPM
LO_Precision:            1.00e-01
Stop_Precision:          1.00e-08
LO_Verbosity:            2
Omega:                   1.00e+02

The Inexact Infeasible Interior-Point Method starts running ...


                  Objective                Residual                                               Step-length
Iter      Primal           Dual         Primal    Dual     Compl    Cond-Num  ||M||   ||RHS||    a-star   a-hat      Time
   0   8.78048941e+02 -1.38030861e+02  4.48e+01 8.01e+01  1.79e+04  1.60e+01 1.00e+00 1.12e+02  7.04e-01 5.84e-01      0s
   1   8.00002226e+02 -1.56080692e+02  4.04e+01 7.24e+01  1.63e+04  4.32e+01 9.91e-01 1.88e+01  6.32e-01 9.70e-02      0s
   2   7.26808284e+02 -1.73683338e+02  3.65e+01 6.53e+01  1.48e+04  4.76e+01 9.57e-01 1.51e+01  6.58e-01 9.81e-02      0s
   3   6.49183739e+02 -1.93091357e+02  3.24e+01 5.79e+01  1.33e+04  5.20e+01 9.18e-01 1.21e+01  6.86e-01 1.13e-01      0s
   4   5.66243328e+02 -2.14746252e+02  2.80e+01 5.01e+01  1.17e+04  5.67e+01 8.67e-01 9.38e+00  7.20e-01 1.34e-01      0s
   5   4.76436885e+02 -2.39347343e+02  2.34e+01 4.18e+01  9.93e+03  6.20e+01 8.03e-01 6.90e+00  7.62e-01 1.65e-01      0s
   6   3.77810140e+02 -2.67819591e+02  1.83e+01 3.28e+01  7.97e+03  6.79e+01 7.20e-01 4.69e+00  8.15e-01 2.16e-01      0s
   7   2.67055752e+02 -3.01514406e+02  1.27e+01 2.27e+01  5.72e+03  7.47e+01 6.11e-01 2.76e+00  8.84e-01 3.08e-01      0s
   8   1.37561363e+02 -3.41701715e+02  6.08e+00 1.09e+01  2.99e+03  8.30e+01 4.67e-01 1.28e+00  9.81e-01 5.21e-01      0s
   9   2.00572884e+01 -3.59176053e+02  2.53e-15 0.00e+00  3.79e+02  9.56e+01 2.68e-01 1.15e+00  1.00e+00 1.00e+00      0s
  10   1.99768051e+01 -1.79465290e+01  1.74e-15 1.62e-14  3.79e+01  1.59e+02 5.13e-02 1.90e+00  1.00e+00 1.00e+00      0s
  11   1.95015272e+01  1.38269959e+00  1.36e-15 5.49e-15  1.81e+01  2.45e+02 6.64e-01 1.82e+00  8.96e-01 5.80e-01      0s
  12   1.92940041e+01  3.20416554e+00  1.56e-15 4.86e-15  1.61e+01  2.25e+02 1.38e+00 1.81e+00  7.23e-01 1.24e-01      0s
  13   1.90895605e+01  4.58982274e+00  1.34e-15 3.82e-15  1.45e+01  2.16e+02 1.53e+00 1.81e+00  6.97e-01 1.10e-01      0s
  14   1.88858482e+01  5.68487566e+00  9.49e-16 3.32e-15  1.32e+01  2.06e+02 1.67e+00 1.81e+00  6.76e-01 9.95e-02      0s
  15   1.86806794e+01  6.57672537e+00  9.49e-16 2.52e-15  1.21e+01  1.95e+02 1.79e+00 1.81e+00  6.60e-01 9.23e-02      0s
  16   1.84721677e+01  7.32045128e+00  1.35e-15 1.73e-15  1.12e+01  1.84e+02 1.92e+00 1.81e+00  6.48e-01 8.74e-02      0s
  17   1.82584030e+01  7.95332922e+00  6.87e-16 1.68e-15  1.03e+01  1.72e+02 2.03e+00 1.81e+00  6.41e-01 8.44e-02      0s
  18   1.80372657e+01  8.50185565e+00  6.75e-16 1.91e-15  9.54e+00  1.59e+02 2.14e+00 1.80e+00  6.38e-01 8.30e-02      0s
  19   1.78064169e+01  8.98530461e+00  4.48e-16 1.96e-15  8.82e+00  1.47e+02 2.24e+00 1.80e+00  6.38e-01 8.32e-02      0s
  20   1.75632881e+01  9.41799684e+00  6.75e-16 1.49e-15  8.15e+00  1.34e+02 2.35e+00 1.80e+00  6.43e-01 8.51e-02      0s
  21   1.73045704e+01  9.81157440e+00  9.04e-16 1.28e-15  7.49e+00  1.22e+02 2.45e+00 1.80e+00  6.52e-01 8.90e-02      0s
  22   1.70266534e+01  1.01749329e+01  6.75e-16 1.24e-15  6.85e+00  1.09e+02 2.56e+00 1.80e+00  6.66e-01 9.51e-02      0s
  23   1.67248231e+01  1.05160392e+01  8.90e-16 8.31e-16  6.21e+00  9.66e+01 2.68e+00 1.80e+00  6.86e-01 1.04e-01      0s
  24   1.63928555e+01  1.08424689e+01  2.29e-16 9.42e-16  5.55e+00  8.46e+01 2.81e+00 1.79e+00  7.12e-01 1.18e-01      0s
  25   1.60234020e+01  1.11612145e+01  4.44e-16 5.55e-16  4.86e+00  7.29e+01 2.97e+00 1.79e+00  7.46e-01 1.38e-01      0s
  26   1.56050491e+01  1.14817062e+01  2.22e-16 3.33e-16  4.12e+00  6.19e+01 3.17e+00 1.79e+00  7.89e-01 1.69e-01      0s
  27   1.51235257e+01  1.18151086e+01  1.67e-16 9.37e-16  3.31e+00  5.15e+01 3.47e+00 1.79e+00  8.44e-01 2.20e-01      0s
  28   1.45575234e+01  1.21795826e+01  5.55e-17 1.13e-15  2.38e+00  4.20e+01 3.95e+00 1.79e+00  9.15e-01 3.12e-01      0s
  29   1.38739552e+01  1.26095583e+01  2.29e-16 5.27e-16  1.26e+00  3.33e+01 4.92e+00 1.78e+00  1.00e+00 5.20e-01      0s
  30   1.31971179e+01  1.30706783e+01  4.44e-16 5.58e-16  1.26e-01  2.55e+01 8.00e+00 1.78e+00  1.00e+00 1.00e+00      0s
  31   1.31535390e+01  1.31408951e+01  4.97e-16 2.74e-16  1.26e-02  1.92e+01 5.23e+01 1.83e+00  1.00e+00 1.00e+00      0s

The algorithm stopped after 32 iterations in 0.43 seconds.

Primal variables:   [+0.001 +1.056 +1.838 +0.002]
Dual slacks:        [+4.816 +0.003 +0.002 +1.346]
Dual variables:     [+8.148 +5.784]

Primal objective:   1.31535390e+01 
Dual objective:     1.31408951e+01 

Primal residual:    4.97e-16
Dual residual:      2.74e-16
Complementraty:     1.26e-02

Number of Iter:     32
Run time:           0.43
