
--------------- Linear optimization problem characteristics ---------------
Seed:                    55
Number of variables:     4
Number of constraints:   2

Norm of primal sol:      1.87e+01
Norm of dual sol:        1.00e+01
Norm of dual slacks:     5.00e+00

Norm of vector b:        2.00e+00
Norm of vector c:        1.41e+01

Norm of matrix A:        1.00e+00
Condition number:        4.00e+00

----------------------- Linear optimization problem -----------------------
Coeff matrix A:          [[-0.219 +0.055 -0.217 -0.021]
                          [-0.235 -0.591 -0.747 +0.045]]

RHS vector b:            [-1.840 -0.784]
Obj vector c:            [+2.011 +10.405 +9.306 -0.479]

---------------------------- Optimal solution -----------------------------
Primal variables:         [+6.703 +0.000 +0.000 +17.459]
Dual slacks:              [+0.000 +4.476 +2.229 +0.000]
Dual variables:           [+1.436 -9.896]

Optimal objective:       +5.11872829e+00
===========================================================================

Method:                  II-IPM
LO_Precision:            1.00e-01
Stop_Precision:          1.00e-08
LO_Verbosity:            2
Omega:                   1.00e+02

The Inexact Infeasible Interior-Point Method starts running ...


                  Objective                Residual                                               Step-length
Iter      Primal           Dual         Primal    Dual     Compl    Cond-Num  ||M||   ||RHS||    a-star   a-hat      Time
   0   8.25096853e+02 -2.77669362e+02  5.65e+01 6.84e+01  1.56e+04  1.60e+01 1.00e+00 1.59e+02  7.55e-01 6.39e-01      0s
   1   4.81307794e+02 -4.05890829e+02  3.13e+01 3.78e+01  9.12e+03  8.74e+00 3.63e-01 2.36e+01  9.38e-01 4.47e-01      0s
   2   9.69099728e+01 -6.17171780e+02  3.15e+00 3.82e+00  1.56e+03  9.07e+00 2.33e-01 5.43e+00  9.59e-01 8.99e-01      0s
   3   3.52872165e+01 -4.32018048e+02  9.16e-16 1.01e-14  4.67e+02  2.22e+01 1.95e-01 5.18e+00  1.00e+00 1.00e+00      0s
   4   3.38123552e+01 -7.08030270e+01  1.05e-15 1.14e-14  1.05e+02  2.93e+01 2.51e-01 1.83e+00  1.00e+00 8.62e-01      0s
   5   3.26450839e+01 -5.14923536e+01  9.93e-16 1.01e-14  8.41e+01  2.25e+01 8.96e-01 1.79e+00  8.33e-01 2.17e-01      0s
   6   3.15302579e+01 -3.97168282e+01  8.08e-16 8.14e-15  7.12e+01  2.05e+01 1.04e+00 1.78e+00  7.91e-01 1.70e-01      0s
   7   3.04139647e+01 -3.13879192e+01  1.44e-15 6.47e-15  6.18e+01  1.86e+01 1.15e+00 1.77e+00  7.60e-01 1.47e-01      0s
   8   2.92933992e+01 -2.51748069e+01  5.55e-16 6.02e-15  5.45e+01  1.68e+01 1.24e+00 1.77e+00  7.36e-01 1.32e-01      0s
   9   2.81668115e+01 -2.03586034e+01  7.77e-16 4.64e-15  4.85e+01  1.50e+01 1.32e+00 1.76e+00  7.18e-01 1.21e-01      0s
  10   2.70354911e+01 -1.65239143e+01  1.67e-15 4.86e-15  4.36e+01  1.34e+01 1.38e+00 1.75e+00  7.05e-01 1.14e-01      0s
  11   2.58982314e+01 -1.33986757e+01  1.44e-15 2.84e-15  3.93e+01  1.19e+01 1.43e+00 1.74e+00  6.95e-01 1.09e-01      0s
  12   2.47552315e+01 -1.08070279e+01  1.44e-15 3.23e-15  3.56e+01  1.05e+01 1.47e+00 1.74e+00  6.89e-01 1.06e-01      0s
  13   2.36086279e+01 -8.63134012e+00  9.99e-16 2.09e-15  3.22e+01  9.24e+00 1.50e+00 1.73e+00  6.85e-01 1.04e-01      0s
  14   2.24582033e+01 -6.78302531e+00  1.24e-15 2.81e-15  2.92e+01  8.07e+00 1.53e+00 1.72e+00  6.84e-01 1.03e-01      0s
  15   2.13038131e+01 -5.19796622e+00  1.02e-15 2.84e-15  2.65e+01  7.02e+00 1.55e+00 1.71e+00  6.86e-01 1.04e-01      0s
  16   2.01444229e+01 -3.82745885e+00  5.98e-16 2.39e-15  2.40e+01  6.08e+00 1.57e+00 1.71e+00  6.90e-01 1.06e-01      0s
  17   1.89783161e+01 -2.63404906e+00  5.98e-16 1.35e-15  2.16e+01  5.25e+00 1.59e+00 1.70e+00  6.96e-01 1.09e-01      0s
  18   1.77998573e+01 -1.58544315e+00  1.02e-15 1.37e-15  1.94e+01  4.51e+00 1.61e+00 1.69e+00  7.06e-01 1.14e-01      0s
  19   1.66034467e+01 -6.57117143e-01  9.99e-16 8.88e-16  1.73e+01  3.88e+00 1.64e+00 1.69e+00  7.19e-01 1.22e-01      0s
  20   1.53793552e+01  1.73115772e-01  1.24e-15 5.56e-16  1.52e+01  3.35e+00 1.68e+00 1.68e+00  7.37e-01 1.32e-01      0s
  21   1.41133570e+01  9.25530952e-01  7.77e-16 1.45e-15  1.32e+01  2.93e+00 1.74e+00 1.67e+00  7.60e-01 1.47e-01      0s
  22   1.27896655e+01  1.61750773e+00  4.44e-16 5.55e-16  1.12e+01  2.67e+00 1.87e+00 1.67e+00  7.90e-01 1.70e-01      1s
  23   1.13836806e+01  2.26919080e+00  5.55e-16 8.90e-16  9.11e+00  2.61e+00 2.11e+00 1.66e+00  8.30e-01 2.05e-01      1s
  24   9.86538491e+00  2.90397616e+00  3.33e-16 1.24e-16  6.96e+00  2.88e+00 2.60e+00 1.65e+00  8.81e-01 2.62e-01      1s
  25   8.19117945e+00  3.56035583e+00  3.33e-16 1.26e-15  4.63e+00  3.70e+00 3.62e+00 1.64e+00  9.48e-01 3.72e-01      1s
  26   6.30788855e+00  4.32067801e+00  3.33e-16 9.07e-16  1.99e+00  5.65e+00 6.10e+00 1.63e+00  1.00e+00 6.34e-01      1s
  27   5.18769323e+00  4.95178711e+00  5.55e-16 9.31e-16  2.36e-01  1.15e+01 1.67e+01 1.62e+00  1.00e+00 9.79e-01      1s
  28   5.12956489e+00  5.10597428e+00  1.05e-15 2.52e-15  2.36e-02  2.14e+01 1.13e+02 1.72e+00  1.00e+00 1.00e+00      1s

The algorithm stopped after 29 iterations in 0.56 seconds.

Primal variables:   [+6.698 +0.001 +0.002 +17.488]
Dual slacks:        [+0.001 +4.473 +2.227 +0.000]
Dual variables:     [+1.445 -9.901]

Primal objective:   5.12956489e+00 
Dual objective:     5.10597428e+00 

Primal residual:    1.05e-15
Dual residual:      2.52e-15
Complementraty:     2.36e-02

Number of Iter:     29
Run time:           0.56
