
--------------- Linear optimization problem characteristics ---------------
Seed:                    63
Number of variables:     4
Number of constraints:   2

Norm of primal sol:      2.75e+00
Norm of dual sol:        1.00e+01
Norm of dual slacks:     5.00e+00

Norm of vector b:        2.00e+00
Norm of vector c:        1.36e+01

Norm of matrix A:        1.00e+00
Condition number:        1.00e+00

----------------------- Linear optimization problem -----------------------
Coeff matrix A:          [[+0.343 +0.606 -0.454 -0.556]
                          [-0.063 +0.705 +0.030 +0.705]]

RHS vector b:            [+1.739 +0.988]
Obj vector c:            [-3.426 -6.063 +4.992 +10.540]

---------------------------- Optimal solution -----------------------------
Primal variables:         [+2.240 +1.602 +0.000 +0.000]
Dual slacks:              [+0.000 +0.000 +0.456 +4.979]
Dual variables:           [-10.000 +0.000]

Optimal objective:       -1.73891159e+01
===========================================================================

Method:                  II-IPM
LO_Precision:            1.00e-01
Stop_Precision:          1.00e-08
LO_Verbosity:            2
Omega:                   1.00e+02

The Inexact Infeasible Interior-Point Method starts running ...


                  Objective                Residual                                               Step-length
Iter      Primal           Dual         Primal    Dual     Compl    Cond-Num  ||M||   ||RHS||    a-star   a-hat      Time
   0   1.22379861e+02 -1.26519878e+02  2.38e+01 3.43e+01  7.65e+03  1.00e+00 1.00e+00 1.47e+02  8.99e-01 8.26e-01      0s
   1   1.11440842e+02 -1.32646563e+02  1.87e+01 2.69e+01  6.14e+03  1.26e+01 2.77e+00 6.12e+01  8.01e-01 2.16e-01      0s
   2   1.03409167e+02 -1.34296168e+02  1.45e+01 2.09e+01  4.88e+03  2.03e+01 3.97e+00 7.48e+01  8.20e-01 2.24e-01      0s
   3   9.80569241e+01 -1.30930710e+02  1.11e+01 1.59e+01  3.82e+03  3.20e+01 5.82e+00 8.91e+01  8.24e-01 2.37e-01      0s
   4   9.53257298e+01 -1.22371953e+02  8.29e+00 1.20e+01  2.95e+03  4.89e+01 8.80e+00 1.05e+02  8.10e-01 2.50e-01      0s
   5   9.48379876e+01 -1.08777176e+02  6.00e+00 8.65e+00  2.21e+03  7.09e+01 1.37e+01 1.22e+02  8.14e-01 2.76e-01      0s
   6   9.61784096e+01 -8.97952543e+01  3.99e+00 5.75e+00  1.53e+03  9.71e+01 2.21e+01 1.40e+02  8.41e-01 3.35e-01      0s
   7   9.86647602e+01 -6.36360501e+01  2.06e+00 2.97e+00  8.62e+02  1.27e+02 3.89e+01 1.59e+02  9.00e-01 4.84e-01      0s
   8   9.60747393e+01 -2.73057006e+01  1.02e-01 1.48e-01  1.57e+02  1.59e+02 8.69e+01 1.69e+02  1.00e+00 9.50e-01      0s
   9   1.47658138e+01 -2.39768695e+01  1.03e-14 1.01e-15  3.87e+01  1.97e+02 6.76e+02 2.06e+01  1.00e+00 1.00e+00      0s
  10  -1.74742979e+00 -2.33761833e+01  4.38e-15 2.05e-15  2.16e+01  1.56e+02 2.21e+02 2.21e+00  8.96e-01 4.91e-01      0s
  11  -4.77241949e+00 -2.30255782e+01  3.53e-15 1.08e-15  1.83e+01  1.18e+02 9.11e+01 2.03e+00  7.93e-01 1.73e-01      0s
  12  -6.97879170e+00 -2.26707223e+01  3.53e-15 1.42e-15  1.57e+01  1.01e+02 6.77e+01 1.98e+00  7.72e-01 1.56e-01      0s
  13  -8.68437435e+00 -2.23080512e+01  2.73e-15 1.01e-15  1.36e+01  8.53e+01 5.17e+01 1.94e+00  7.59e-01 1.46e-01      0s
  14  -1.00524477e+01 -2.19367795e+01  3.13e-15 1.02e-15  1.19e+01  7.08e+01 4.02e+01 1.91e+00  7.52e-01 1.42e-01      0s
  15  -1.11856612e+01 -2.15555438e+01  2.53e-15 1.52e-15  1.04e+01  5.77e+01 3.16e+01 1.89e+00  7.51e-01 1.42e-01      1s
  16  -1.21452896e+01 -2.11651582e+01  1.85e-15 9.90e-16  9.02e+00  4.61e+01 2.51e+01 1.88e+00  7.56e-01 1.45e-01      1s
  17  -1.29755807e+01 -2.07661009e+01  1.05e-15 1.56e-15  7.79e+00  3.60e+01 2.00e+01 1.86e+00  7.66e-01 1.51e-01      1s
  18  -1.37051167e+01 -2.03608917e+01  5.98e-16 1.21e-15  6.66e+00  2.74e+01 1.61e+01 1.85e+00  7.80e-01 1.62e-01      1s
  19  -1.43534762e+01 -1.99537442e+01  4.44e-16 8.20e-16  5.60e+00  2.04e+01 1.30e+01 1.85e+00  7.98e-01 1.76e-01      1s
  20  -1.49340880e+01 -1.95503877e+01  4.00e-16 9.52e-16  4.62e+00  1.48e+01 1.06e+01 1.84e+00  8.20e-01 1.95e-01      1s
  21  -1.54525699e+01 -1.91599928e+01  4.00e-16 3.30e-16  3.71e+00  1.05e+01 8.73e+00 1.83e+00  8.44e-01 2.19e-01      1s
  22  -1.59126763e+01 -1.87910415e+01  1.11e-16 1.24e-15  2.88e+00  7.40e+00 7.40e+00 1.83e+00  8.70e-01 2.48e-01      1s
  23  -1.63145192e+01 -1.84516946e+01  4.44e-16 9.69e-16  2.14e+00  5.26e+00 6.56e+00 1.83e+00  8.98e-01 2.86e-01      1s
  24  -1.66592946e+01 -1.81456371e+01  4.97e-16 1.11e-15  1.49e+00  3.91e+00 6.28e+00 1.83e+00  9.30e-01 3.38e-01      1s
  25  -1.69512812e+01 -1.78705562e+01  1.11e-16 8.90e-16  9.19e-01  3.21e+00 6.82e+00 1.83e+00  9.72e-01 4.24e-01      1s
  26  -1.71949571e+01 -1.76215000e+01  1.11e-16 5.08e-16  4.27e-01  3.06e+00 9.10e+00 1.83e+00  1.00e+00 5.96e-01      1s
  27  -1.73729770e+01 -1.74156312e+01  2.22e-16 1.02e-15  4.27e-02  3.52e+00 1.79e+01 1.83e+00  1.00e+00 1.00e+00      1s

The algorithm stopped after 28 iterations in 0.97 seconds.

Primal variables:   [+2.262 +1.602 +0.013 +0.002]
Dual slacks:        [+0.007 +0.006 +0.446 +4.962]
Dual variables:     [-10.020 +0.009]

Primal objective:   -1.73729770e+01
Dual objective:     -1.74156312e+01

Primal residual:    2.22e-16
Dual residual:      1.02e-15
Complementraty:     4.27e-02

Number of Iter:     28
Run time:           0.97
