
--------------- Linear optimization problem characteristics ---------------
Seed:                    100
Number of variables:     4
Number of constraints:   2

Norm of primal sol:      4.42e+00
Norm of dual sol:        1.00e+01
Norm of dual slacks:     5.00e+00

Norm of vector b:        2.00e+00
Norm of vector c:        1.03e+01

Norm of matrix A:        1.00e+00
Condition number:        8.00e+00

----------------------- Linear optimization problem -----------------------
Coeff matrix A:          [[-0.034 +0.382 -0.654 +0.025]
                          [-0.004 +0.230 -0.615 -0.097]]

RHS vector b:            [-1.197 -1.602]
Obj vector c:            [+4.741 -2.153 +8.928 +0.390]

---------------------------- Optimal solution -----------------------------
Primal variables:         [+0.000 +0.000 +1.982 +3.945]
Dual slacks:              [+4.450 +2.280 +0.000 +0.000]
Dual variables:           [-7.946 -6.071]

Optimal objective:       +1.92402688e+01
===========================================================================

Method:                  II-IPM
LO_Precision:            1.00e-01
Stop_Precision:          1.00e-08
LO_Verbosity:            2
Omega:                   1.00e+02

The Inexact Infeasible Interior-Point Method starts running ...


                  Objective                Residual                                               Step-length
Iter      Primal           Dual         Primal    Dual     Compl    Cond-Num  ||M||   ||RHS||    a-star   a-hat      Time
   0   8.03418813e+02 -4.61910900e+02  1.38e+01 4.96e+01  1.17e+04  6.40e+01 1.00e+00 5.12e+01  8.47e-01 7.45e-01      0s
   1   8.26556447e+02 -4.51541065e+02  1.24e+01 4.47e+01  1.07e+04  4.90e+01 4.48e-01 8.27e+00  6.51e-01 9.88e-02      0s
   2   8.50633741e+02 -4.38565276e+02  1.13e+01 4.04e+01  9.73e+03  4.40e+01 4.43e-01 8.82e+00  6.75e-01 9.61e-02      0s
   3   8.78193032e+02 -4.21529147e+02  1.00e+01 3.60e+01  8.79e+03  3.98e+01 4.43e-01 9.53e+00  7.05e-01 1.09e-01      0s
   4   9.09332877e+02 -3.99335174e+02  8.74e+00 3.14e+01  7.78e+03  3.56e+01 4.46e-01 1.04e+01  7.46e-01 1.28e-01      0s
   5   9.43704083e+02 -3.70007941e+02  7.35e+00 2.64e+01  6.68e+03  3.16e+01 4.57e-01 1.16e+01  8.03e-01 1.60e-01      0s
   6   9.78944194e+02 -3.29614384e+02  5.75e+00 2.07e+01  5.40e+03  2.78e+01 4.77e-01 1.29e+01  8.88e-01 2.17e-01      0s
   7   1.00247770e+03 -2.68290806e+02  3.75e+00 1.35e+01  3.79e+03  2.41e+01 5.18e-01 1.43e+01  1.00e+00 3.48e-01      0s
   8   9.03521496e+02 -1.44997657e+02  5.46e-01 1.96e+00  1.34e+03  2.07e+01 6.09e-01 1.49e+01  1.00e+00 8.55e-01      0s
   9   3.46826849e+02 -1.12197866e+02  1.02e-01 3.66e-01  4.84e+02  1.77e+01 9.98e-01 5.26e+00  1.00e+00 8.13e-01      0s
  10   2.55007237e+02 -1.04503860e+02  7.61e-02 2.73e-01  3.75e+02  1.93e+01 5.00e-01 1.50e+00  8.95e-01 2.54e-01      0s
  11   2.00364062e+02 -9.78809852e+01  6.11e-02 2.19e-01  3.08e+02  2.09e+01 4.04e-01 1.63e+00  8.35e-01 1.97e-01      0s
  12   1.63928482e+02 -9.19369012e+01  5.11e-02 1.84e-01  2.63e+02  2.29e+01 3.52e-01 1.70e+00  7.91e-01 1.63e-01      0s
  13   1.37912497e+02 -8.64871414e+01  4.39e-02 1.58e-01  2.30e+02  2.55e+01 3.21e-01 1.74e+00  7.56e-01 1.41e-01      0s
  14   1.18467648e+02 -8.14202428e+01  3.85e-02 1.38e-01  2.04e+02  2.86e+01 3.03e-01 1.77e+00  7.29e-01 1.24e-01      0s
  15   1.03408315e+02 -7.66448935e+01  3.41e-02 1.23e-01  1.84e+02  3.22e+01 2.93e-01 1.79e+00  7.07e-01 1.13e-01      0s
  16   9.13954224e+01 -7.20787223e+01  3.06e-02 1.10e-01  1.67e+02  3.62e+01 2.88e-01 1.80e+00  6.89e-01 1.04e-01      0s
  17   8.16121856e+01 -6.76658714e+01  2.76e-02 9.90e-02  1.52e+02  4.07e+01 2.88e-01 1.81e+00  6.76e-01 9.83e-02      0s
  18   7.34813462e+01 -6.33445277e+01  2.50e-02 8.96e-02  1.39e+02  4.55e+01 2.91e-01 1.82e+00  6.67e-01 9.42e-02      0s
  19   6.66088084e+01 -5.90602581e+01  2.27e-02 8.14e-02  1.27e+02  5.07e+01 2.96e-01 1.82e+00  6.62e-01 9.20e-02      0s
  20   6.07129736e+01 -5.47608922e+01  2.06e-02 7.40e-02  1.17e+02  5.62e+01 3.04e-01 1.83e+00  6.60e-01 9.14e-02      0s
  21   5.55840189e+01 -5.03914515e+01  1.87e-02 6.71e-02  1.07e+02  6.20e+01 3.15e-01 1.83e+00  6.63e-01 9.26e-02      0s
  22   5.10731158e+01 -4.59021126e+01  1.69e-02 6.07e-02  9.80e+01  6.79e+01 3.28e-01 1.83e+00  6.69e-01 9.55e-02      0s
  23   4.70535123e+01 -4.12252950e+01  1.52e-02 5.46e-02  8.92e+01  7.39e+01 3.44e-01 1.83e+00  6.81e-01 1.01e-01      0s
  24   4.34411463e+01 -3.63023341e+01  1.36e-02 4.87e-02  8.05e+01  7.99e+01 3.65e-01 1.84e+00  6.97e-01 1.09e-01      0s
  25   4.01553638e+01 -3.10456732e+01  1.19e-02 4.28e-02  7.18e+01  8.58e+01 3.91e-01 1.84e+00  7.18e-01 1.20e-01      0s
  26   3.71387839e+01 -2.53638449e+01  1.03e-02 3.69e-02  6.29e+01  9.14e+01 4.24e-01 1.84e+00  7.46e-01 1.37e-01      0s
  27   3.43362857e+01 -1.91337900e+01  8.63e-03 3.10e-02  5.38e+01  9.67e+01 4.68e-01 1.84e+00  7.82e-01 1.62e-01      0s
  28   3.16918378e+01 -1.21917568e+01  6.90e-03 2.48e-02  4.41e+01  1.01e+02 5.29e-01 1.84e+00  8.27e-01 2.00e-01      0s
  29   2.91332943e+01 -4.31164282e+00  5.06e-03 1.82e-02  3.36e+01  1.05e+02 6.21e-01 1.84e+00  8.85e-01 2.66e-01      0s
  30   2.65189893e+01  4.83393775e+00  3.08e-03 1.11e-02  2.17e+01  1.06e+02 7.75e-01 1.84e+00  9.48e-01 3.92e-01      0s
  31   2.32789191e+01  1.58736564e+01  8.21e-04 2.95e-03  7.41e+00  9.91e+01 1.10e+00 1.84e+00  8.62e-01 7.33e-01      0s
  32   2.26377510e+01  1.64612394e+01  6.69e-04 2.40e-03  6.18e+00  3.99e+01 2.38e+00 1.83e+00  7.79e-01 1.84e-01      0s
  33   2.19895188e+01  1.69940027e+01  5.27e-04 1.89e-03  5.00e+00  3.17e+01 2.58e+00 1.83e+00  8.38e-01 2.13e-01      0s
  34   2.12303517e+01  1.75800905e+01  3.69e-04 1.33e-03  3.65e+00  2.51e+01 2.88e+00 1.83e+00  9.07e-01 2.99e-01      0s
  35   2.03103264e+01  1.82807024e+01  1.87e-04 6.72e-04  2.03e+00  1.90e+01 3.46e+00 1.83e+00  9.98e-01 4.93e-01      0s
  36   1.93216228e+01  1.91002728e+01  1.86e-06 6.69e-06  2.21e-01  1.35e+01 5.21e+00 1.83e+00  1.00e+00 9.90e-01      0s
  37   1.92511339e+01  1.92289985e+01  3.14e-16 4.62e-16  2.21e-02  8.47e+00 3.07e+01 1.87e+00  1.00e+00 1.00e+00      0s

The algorithm stopped after 38 iterations in 0.44 seconds.

Primal variables:   [+0.001 +0.002 +1.984 +3.943]
Dual slacks:        [+4.450 +2.280 +0.003 +0.001]
Dual variables:     [-7.953 -6.059]

Primal objective:   1.92511339e+01 
Dual objective:     1.92289985e+01 

Primal residual:    3.14e-16
Dual residual:      4.62e-16
Complementraty:     2.21e-02

Number of Iter:     38
Run time:           0.44
