
--------------- Linear optimization problem characteristics ---------------
Seed:                    43
Number of variables:     4
Number of constraints:   2

Norm of primal sol:      3.20e+00
Norm of dual sol:        1.00e+01
Norm of dual slacks:     5.00e+00

Norm of vector b:        2.00e+00
Norm of vector c:        1.02e+01

Norm of matrix A:        1.00e+00
Condition number:        4.00e+00

----------------------- Linear optimization problem -----------------------
Coeff matrix A:          [[+0.218 +0.094 -0.335 -0.334]
                          [-0.619 -0.061 +0.610 +0.152]]

RHS vector b:            [-1.456 +1.371]
Obj vector c:            [-5.594 +3.954 +6.953 +2.815]

---------------------------- Optimal solution -----------------------------
Primal variables:         [+0.000 +0.000 +1.552 +2.799]
Dual slacks:              [+0.928 +4.913 +0.000 +0.000]
Dual variables:           [-4.337 +9.011]

Optimal objective:       +1.86705840e+01
===========================================================================

Method:                  II-IPM
LO_Precision:            1.00e-01
Stop_Precision:          1.00e-08
LO_Verbosity:            2
Omega:                   1.00e+02

The Inexact Infeasible Interior-Point Method starts running ...


                  Objective                Residual                                               Step-length
Iter      Primal           Dual         Primal    Dual     Compl    Cond-Num  ||M||   ||RHS||    a-star   a-hat      Time
   0   7.61438133e+02 -2.27368567e+02  1.02e+01 5.75e+01  1.31e+04  1.60e+01 1.00e+00 3.37e+01  8.15e-01 7.07e-01      0s
   1   8.01028912e+02 -2.13965623e+02  8.99e+00 5.05e+01  1.16e+04  3.37e+01 1.85e+00 1.53e+01  6.85e-01 1.23e-01      0s
   2   8.40188997e+02 -1.98182715e+02  7.83e+00 4.40e+01  1.03e+04  3.13e+01 2.03e+00 2.03e+01  7.32e-01 1.29e-01      0s
   3   8.84650210e+02 -1.77520020e+02  6.54e+00 3.68e+01  8.78e+03  2.90e+01 2.26e+00 2.52e+01  7.88e-01 1.64e-01      0s
   4   9.34246389e+02 -1.49918786e+02  5.06e+00 2.84e+01  7.00e+03  2.67e+01 2.61e+00 3.08e+01  8.67e-01 2.27e-01      0s
   5   9.83075774e+02 -1.10703885e+02  3.20e+00 1.80e+01  4.74e+03  2.44e+01 3.21e+00 3.72e+01  9.89e-01 3.68e-01      0s
   6   9.60633071e+02 -4.39245840e+01  3.85e-01 2.16e+00  1.39e+03  2.20e+01 4.54e+00 4.28e+01  1.00e+00 8.80e-01      0s
   7   3.39837110e+02 -3.25707347e+01  1.66e-14 7.95e-15  3.72e+02  2.03e+01 1.29e+01 2.05e+01  1.00e+00 1.00e+00      0s
   8   1.40252796e+02 -3.11082544e+01  4.97e-15 1.26e-15  1.71e+02  2.64e+01 7.25e+00 2.31e+00  9.55e-01 6.00e-01      0s
   9   1.14425550e+02 -3.01507718e+01  4.79e-15 4.85e-15  1.45e+02  3.42e+01 3.45e+00 2.05e+00  7.95e-01 1.74e-01      0s
  10   9.71422154e+01 -2.91801333e+01  4.15e-15 2.26e-15  1.26e+02  3.86e+01 2.99e+00 2.00e+00  7.50e-01 1.40e-01      0s
  11   8.46825243e+01 -2.81890431e+01  3.45e-15 3.27e-15  1.13e+02  4.31e+01 2.70e+00 1.97e+00  7.13e-01 1.18e-01      0s
  12   7.52608294e+01 -2.71746257e+01  3.45e-15 4.44e-16  1.02e+02  4.78e+01 2.49e+00 1.94e+00  6.83e-01 1.03e-01      0s
  13   6.78644340e+01 -2.61322064e+01  3.36e-15 1.88e-15  9.40e+01  5.27e+01 2.35e+00 1.92e+00  6.58e-01 9.15e-02      0s
  14   6.18786317e+01 -2.50554419e+01  3.33e-15 2.00e-15  8.69e+01  5.76e+01 2.24e+00 1.91e+00  6.39e-01 8.35e-02      0s
  15   5.69230865e+01 -2.39392730e+01  3.02e-15 2.09e-15  8.09e+01  6.26e+01 2.16e+00 1.89e+00  6.24e-01 7.76e-02      0s
  16   5.27324515e+01 -2.27752389e+01  2.96e-15 4.12e-15  7.55e+01  6.75e+01 2.10e+00 1.88e+00  6.12e-01 7.36e-02      0s
  17   4.91388727e+01 -2.15584650e+01  2.45e-15 2.05e-15  7.07e+01  7.25e+01 2.06e+00 1.88e+00  6.05e-01 7.08e-02      0s
  18   4.60057294e+01 -2.02776554e+01  2.32e-15 4.36e-15  6.63e+01  7.73e+01 2.03e+00 1.87e+00  6.00e-01 6.94e-02      1s
  19   4.32415268e+01 -1.89230911e+01  2.29e-15 1.84e-15  6.22e+01  8.21e+01 2.02e+00 1.86e+00  5.99e-01 6.90e-02      1s
  20   4.07794419e+01 -1.74847664e+01  2.05e-15 6.31e-15  5.83e+01  8.67e+01 2.01e+00 1.86e+00  6.02e-01 6.97e-02      1s
  21   3.85612784e+01 -1.59466429e+01  2.29e-15 3.32e-15  5.45e+01  9.10e+01 2.02e+00 1.85e+00  6.07e-01 7.16e-02      1s
  22   3.65450317e+01 -1.42917459e+01  2.20e-15 3.64e-15  5.08e+01  9.51e+01 2.04e+00 1.85e+00  6.16e-01 7.48e-02      1s
  23   3.46967954e+01 -1.24991277e+01  1.79e-15 6.12e-15  4.72e+01  9.89e+01 2.08e+00 1.84e+00  6.29e-01 7.96e-02      1s
  24   3.29910980e+01 -1.05454099e+01  1.78e-15 5.55e-15  4.35e+01  1.02e+02 2.12e+00 1.84e+00  6.46e-01 8.62e-02      1s
  25   3.14028530e+01 -8.39688476e+00  1.79e-15 8.95e-15  3.98e+01  1.05e+02 2.19e+00 1.83e+00  6.67e-01 9.54e-02      1s
  26   2.99132053e+01 -6.01454375e+00  1.79e-15 8.84e-15  3.59e+01  1.08e+02 2.28e+00 1.83e+00  6.94e-01 1.08e-01      1s
  27   2.85046623e+01 -3.34805962e+00  1.29e-15 5.94e-15  3.19e+01  1.09e+02 2.40e+00 1.83e+00  7.27e-01 1.26e-01      1s
  28   2.71582150e+01 -3.28675767e-01  4.97e-16 6.06e-15  2.75e+01  1.10e+02 2.57e+00 1.83e+00  7.67e-01 1.52e-01      1s
  29   2.58528698e+01  3.13231927e+00  1.35e-15 4.28e-15  2.27e+01  1.10e+02 2.82e+00 1.82e+00  8.17e-01 1.93e-01      1s
  30   2.45523578e+01  7.16314551e+00  1.13e-15 2.56e-15  1.74e+01  1.08e+02 3.19e+00 1.82e+00  8.79e-01 2.61e-01      1s
  31   2.31725968e+01  1.19394164e+01  3.14e-16 2.48e-15  1.12e+01  1.01e+02 3.80e+00 1.82e+00  9.10e-01 3.93e-01      1s
  32   2.14867630e+01  1.72235132e+01  1.20e-15 2.21e-15  4.26e+00  8.51e+01 4.99e+00 1.82e+00  8.20e-01 6.89e-01      1s
  33   2.11820953e+01  1.74132257e+01  1.20e-15 1.10e-15  3.77e+00  2.79e+01 7.95e+00 1.78e+00  7.19e-01 1.29e-01      1s
  34   2.08605066e+01  1.75843736e+01  7.02e-16 3.89e-16  3.28e+00  2.22e+01 7.82e+00 1.77e+00  7.57e-01 1.45e-01      1s
  35   2.04962905e+01  1.77531345e+01  9.93e-16 1.07e-15  2.74e+00  1.75e+01 7.70e+00 1.77e+00  8.03e-01 1.81e-01      1s
  36   2.00757966e+01  1.79264334e+01  6.28e-16 1.52e-15  2.15e+00  1.35e+01 7.65e+00 1.76e+00  8.63e-01 2.41e-01      1s
  37   1.95770886e+01  1.81192598e+01  4.44e-16 1.52e-15  1.46e+00  1.05e+01 7.87e+00 1.76e+00  9.41e-01 3.57e-01      1s
  38   1.89606280e+01  1.83779872e+01  2.22e-16 1.33e-15  5.83e-01  8.75e+00 9.11e+00 1.75e+00  9.29e-01 6.67e-01      1s
  39   1.87135757e+01  1.85815788e+01  2.22e-16 7.53e-16  1.32e-01  1.06e+01 1.81e+01 1.76e+00  9.43e-01 8.59e-01      1s
  40   1.86764782e+01  1.86632785e+01  2.22e-16 1.18e-15  1.32e-02  1.24e+01 6.24e+01 1.80e+00  1.00e+00 1.00e+00      1s

The algorithm stopped after 41 iterations in 1.23 seconds.

Primal variables:   [+0.003 +0.001 +1.555 +2.798]
Dual slacks:        [+0.926 +4.913 +0.003 +0.001]
Dual variables:     [-4.335 +9.007]

Primal objective:   1.86764782e+01 
Dual objective:     1.86632785e+01 

Primal residual:    2.22e-16
Dual residual:      1.18e-15
Complementraty:     1.32e-02

Number of Iter:     41
Run time:           1.23
