
--------------- Linear optimization problem characteristics ---------------
Seed:                    35
Number of variables:     4
Number of constraints:   2

Norm of primal sol:      5.69e+00
Norm of dual sol:        1.00e+01
Norm of dual slacks:     5.00e+00

Norm of vector b:        2.00e+00
Norm of vector c:        6.10e+00

Norm of matrix A:        1.00e+00
Condition number:        2.00e+00

----------------------- Linear optimization problem -----------------------
Coeff matrix A:          [[-0.087 +0.227 +0.644 +0.383]
                          [-0.436 +0.605 +0.245 +0.109]]

RHS vector b:            [+1.214 -1.589]
Obj vector c:            [+2.832 +0.464 +2.179 +4.921]

---------------------------- Optimal solution -----------------------------
Primal variables:         [+5.082 +0.000 +2.568 +0.000]
Dual slacks:              [+0.000 +3.717 +0.000 +3.344]
Dual variables:           [+6.323 -7.747]

Optimal objective:       +1.99896345e+01
===========================================================================

Method:                  II-IPM
LO_Precision:            1.00e-01
Stop_Precision:          1.00e-08
LO_Verbosity:            2
Omega:                   1.00e+02

The Inexact Infeasible Interior-Point Method starts running ...


                  Objective                Residual                                               Step-length
Iter      Primal           Dual         Primal    Dual     Compl    Cond-Num  ||M||   ||RHS||    a-star   a-hat      Time
   0   6.10128216e+02 -2.26813307e+02  4.10e+01 6.27e+01  1.41e+04  4.00e+00 1.00e+00 1.37e+02  7.90e-01 6.78e-01      0s
   1   5.23661266e+02 -2.84729252e+02  3.21e+01 4.91e+01  1.13e+04  1.40e+01 1.41e+00 1.62e+01  8.15e-01 2.16e-01      0s
   2   4.44102999e+02 -3.41117440e+02  2.48e+01 3.79e+01  8.96e+03  2.01e+01 1.51e+00 1.18e+01  8.35e-01 2.28e-01      0s
   3   3.66187750e+02 -3.98356661e+02  1.85e+01 2.82e+01  6.88e+03  2.83e+01 1.55e+00 8.93e+00  8.53e-01 2.56e-01      0s
   4   2.84906320e+02 -4.57651487e+02  1.27e+01 1.94e+01  4.94e+03  3.87e+01 1.53e+00 6.45e+00  8.79e-01 3.13e-01      0s
   5   1.91559233e+02 -5.17248583e+02  6.94e+00 1.06e+01  2.96e+03  5.19e+01 1.40e+00 3.90e+00  9.46e-01 4.53e-01      0s
   6   5.89247399e+01 -5.35164980e+02  6.94e-03 1.06e-02  5.96e+02  6.90e+01 1.12e+00 1.28e+00  1.00e+00 9.99e-01      0s
   7   5.75217685e+01 -2.07669230e+02  2.65e-03 4.05e-03  2.66e+02  1.10e+02 4.68e-01 1.83e+00  1.00e+00 6.17e-01      0s
   8   5.62503435e+01 -1.21525704e+02  1.68e-03 2.57e-03  1.78e+02  1.02e+02 9.82e-01 1.83e+00  9.46e-01 3.67e-01      0s
   9   5.50243439e+01 -8.15374432e+01  1.25e-03 1.90e-03  1.37e+02  9.48e+01 1.37e+00 1.83e+00  8.77e-01 2.58e-01      0s
  10   5.38249205e+01 -5.83605880e+01  1.00e-03 1.53e-03  1.12e+02  8.74e+01 1.68e+00 1.82e+00  8.23e-01 1.98e-01      0s
  11   5.26433125e+01 -4.32075950e+01  8.38e-04 1.28e-03  9.59e+01  8.01e+01 1.91e+00 1.82e+00  7.80e-01 1.62e-01      0s
  12   5.14722607e+01 -3.25003169e+01  7.22e-04 1.10e-03  8.40e+01  7.31e+01 2.10e+00 1.82e+00  7.46e-01 1.38e-01      0s
  13   5.03059679e+01 -2.45170323e+01  6.35e-04 9.70e-04  7.48e+01  6.63e+01 2.24e+00 1.82e+00  7.18e-01 1.21e-01      0s
  14   4.91387093e+01 -1.83216973e+01  5.65e-04 8.64e-04  6.75e+01  5.99e+01 2.35e+00 1.82e+00  6.96e-01 1.09e-01      0s
  15   4.79654983e+01 -1.33654325e+01  5.08e-04 7.77e-04  6.13e+01  5.38e+01 2.43e+00 1.82e+00  6.79e-01 1.01e-01      0s
  16   4.67797526e+01 -9.29738363e+00  4.60e-04 7.03e-04  5.61e+01  4.80e+01 2.49e+00 1.82e+00  6.66e-01 9.52e-02      0s
  17   4.55787086e+01 -5.89863345e+00  4.18e-04 6.39e-04  5.15e+01  4.26e+01 2.53e+00 1.82e+00  6.58e-01 9.12e-02      0s
  18   4.43533826e+01 -3.00157481e+00  3.81e-04 5.82e-04  4.74e+01  3.75e+01 2.55e+00 1.82e+00  6.52e-01 8.90e-02      0s
  19   4.30969940e+01 -4.94818941e-01  3.47e-04 5.30e-04  4.36e+01  3.28e+01 2.56e+00 1.82e+00  6.51e-01 8.83e-02      0s
  20   4.18030868e+01  1.70187178e+00  3.16e-04 4.83e-04  4.01e+01  2.84e+01 2.56e+00 1.82e+00  6.52e-01 8.90e-02      0s
  21   4.04632882e+01  3.65139715e+00  2.87e-04 4.39e-04  3.68e+01  2.44e+01 2.55e+00 1.82e+00  6.58e-01 9.12e-02      0s
  22   3.90646244e+01  5.40722091e+00  2.60e-04 3.97e-04  3.37e+01  2.08e+01 2.54e+00 1.81e+00  6.67e-01 9.52e-02      0s
  23   3.75950672e+01  7.00856049e+00  2.34e-04 3.57e-04  3.06e+01  1.74e+01 2.51e+00 1.81e+00  6.80e-01 1.01e-01      0s
  24   3.60415770e+01  8.48782992e+00  2.08e-04 3.18e-04  2.76e+01  1.45e+01 2.49e+00 1.81e+00  6.98e-01 1.10e-01      1s
  25   3.43830600e+01  9.87953091e+00  1.82e-04 2.79e-04  2.45e+01  1.18e+01 2.46e+00 1.81e+00  7.21e-01 1.23e-01      1s
  26   3.25961028e+01  1.12156687e+01  1.57e-04 2.39e-04  2.14e+01  9.51e+00 2.44e+00 1.81e+00  7.51e-01 1.42e-01      1s
  27   3.06536013e+01  1.25313073e+01  1.30e-04 1.99e-04  1.81e+01  7.52e+00 2.44e+00 1.81e+00  7.90e-01 1.69e-01      1s
  28   2.85214078e+01  1.38734321e+01  1.02e-04 1.56e-04  1.46e+01  5.88e+00 2.48e+00 1.81e+00  8.38e-01 2.13e-01      1s
  29   2.61572211e+01  1.53148572e+01  7.28e-05 1.11e-04  1.08e+01  4.58e+00 2.63e+00 1.81e+00  9.00e-01 2.89e-01      1s
  30   2.35274983e+01  1.69778934e+01  4.08e-05 6.23e-05  6.55e+00  3.67e+00 3.05e+00 1.81e+00  9.48e-01 4.40e-01      1s
  31   2.06465028e+01  1.91117638e+01  6.08e-06 9.29e-06  1.53e+00  3.29e+00 4.51e+00 1.82e+00  9.70e-01 8.51e-01      1s
  32   2.00604418e+01  1.99069644e+01  0.00e+00 6.06e-16  1.53e-01  4.02e+00 1.84e+01 1.84e+00  1.00e+00 1.00e+00      1s
  33   1.99973411e+01  1.99819933e+01  6.66e-16 5.90e-16  1.53e-02  3.29e+00 1.51e+02 1.83e+00  1.00e+00 1.00e+00      1s

The algorithm stopped after 34 iterations in 0.62 seconds.

Primal variables:   [+5.083 +0.001 +2.567 +0.001]
Dual slacks:        [+0.001 +3.716 +0.001 +3.345]
Dual variables:     [+6.320 -7.745]

Primal objective:   1.99973411e+01 
Dual objective:     1.99819933e+01 

Primal residual:    6.66e-16
Dual residual:      5.90e-16
Complementraty:     1.53e-02

Number of Iter:     34
Run time:           0.62
