
--------------- Linear optimization problem characteristics ---------------
Seed:                    86
Number of variables:     4
Number of constraints:   2

Norm of primal sol:      5.97e+00
Norm of dual sol:        1.00e+01
Norm of dual slacks:     5.00e+00

Norm of vector b:        2.00e+00
Norm of vector c:        7.24e+00

Norm of matrix A:        1.00e+00
Condition number:        2.00e+00

----------------------- Linear optimization problem -----------------------
Coeff matrix A:          [[+0.644 +0.380 -0.314 +0.487]
                          [-0.058 +0.232 +0.211 -0.503]]

RHS vector b:            [+1.941 +0.481]
Obj vector c:            [-5.814 -0.738 +3.776 -1.948]

---------------------------- Optimal solution -----------------------------
Primal variables:         [+4.766 +0.000 +3.591 +0.000]
Dual slacks:              [+0.000 +1.323 +0.000 +4.822]
Dual variables:           [-8.567 +5.157]

Optimal objective:       -1.41542230e+01
===========================================================================

Method:                  II-IPM
LO_Precision:            1.00e-01
Stop_Precision:          1.00e-08
LO_Verbosity:            2
Omega:                   1.00e+02

The Inexact Infeasible Interior-Point Method starts running ...


                  Objective                Residual                                               Step-length
Iter      Primal           Dual         Primal    Dual     Compl    Cond-Num  ||M||   ||RHS||    a-star   a-hat      Time
   0   4.66635221e+01 -2.43096914e+02  4.37e+01 7.47e+01  1.60e+04  4.00e+00 1.00e+00 1.37e+02  7.49e-01 6.31e-01      0s
   1   1.05101095e+02 -2.45005161e+02  3.75e+01 6.41e+01  1.39e+04  1.20e+01 1.91e+00 6.68e+01  6.99e-01 1.42e-01      0s
   2   1.56685028e+02 -2.41912069e+02  3.24e+01 5.54e+01  1.22e+04  1.54e+01 2.46e+00 8.72e+01  7.29e-01 1.36e-01      0s
   3   2.11419396e+02 -2.33910480e+02  2.73e+01 4.67e+01  1.05e+04  1.92e+01 3.13e+00 1.06e+02  7.60e-01 1.57e-01      0s
   4   2.70058769e+02 -2.19705170e+02  2.22e+01 3.80e+01  8.69e+03  2.40e+01 4.12e+00 1.28e+02  7.97e-01 1.87e-01      0s
   5   3.33626589e+02 -1.97435564e+02  1.70e+01 2.91e+01  6.86e+03  3.01e+01 5.67e+00 1.53e+02  8.46e-01 2.33e-01      0s
   6   4.03294516e+02 -1.64005757e+02  1.16e+01 1.99e+01  4.90e+03  3.77e+01 8.34e+00 1.81e+02  9.14e-01 3.16e-01      0s
   7   4.77621775e+02 -1.12727723e+02  5.69e+00 9.72e+00  2.68e+03  4.72e+01 1.37e+01 2.11e+02  9.85e-01 5.11e-01      0s
   8   4.87395002e+02 -4.45834421e+01  7.12e-14 6.28e-15  5.32e+02  5.90e+01 2.98e+01 2.26e+02  1.00e+00 1.00e+00      0s
   9   6.73432023e+01 -4.29838394e+01  1.74e-15 2.59e-15  1.10e+02  6.34e+01 1.36e+02 6.45e+00  1.00e+00 8.81e-01      0s
  10   4.25151501e+01 -4.12305983e+01  1.53e-15 3.63e-15  8.37e+01  5.01e+01 2.03e+01 2.64e+00  8.55e-01 2.68e-01      0s
  11   2.70087169e+01 -3.93148058e+01  2.78e-16 1.84e-15  6.63e+01  4.27e+01 1.31e+01 2.39e+00  8.13e-01 2.31e-01      0s
  12   1.61051525e+01 -3.71628148e+01  1.53e-15 2.25e-15  5.33e+01  3.55e+01 8.80e+00 2.24e+00  7.84e-01 2.19e-01      0s
  13   7.68592656e+00 -3.46308190e+01  8.62e-16 2.14e-15  4.23e+01  2.84e+01 6.03e+00 2.13e+00  7.67e-01 2.28e-01      0s
  14   4.24999021e-01 -3.13521527e+01  4.48e-16 1.17e-15  3.18e+01  2.15e+01 4.10e+00 2.06e+00  7.59e-01 2.77e-01      0s
  15  -6.88761904e+00 -2.62237184e+01  5.98e-16 1.84e-15  1.93e+01  1.49e+01 2.67e+00 2.00e+00  7.62e-01 4.35e-01      0s
  16  -8.01793208e+00 -2.47374854e+01  5.47e-16 2.77e-15  1.67e+01  9.75e+00 1.65e+00 1.94e+00  7.64e-01 1.50e-01      0s
  17  -8.96517403e+00 -2.33486509e+01  7.22e-16 1.11e-15  1.44e+01  9.66e+00 1.64e+00 1.93e+00  7.71e-01 1.55e-01      0s
  18  -9.76735254e+00 -2.20443943e+01  4.74e-16 6.66e-16  1.23e+01  1.00e+01 1.70e+00 1.92e+00  7.81e-01 1.63e-01      0s
  19  -1.04596836e+01 -2.08006644e+01  6.68e-16 1.04e-15  1.03e+01  1.07e+01 1.86e+00 1.92e+00  7.97e-01 1.75e-01      0s
  20  -1.10746890e+01 -1.95862817e+01  4.48e-16 1.02e-15  8.51e+00  1.18e+01 2.12e+00 1.91e+00  8.21e-01 1.97e-01      0s
  21  -1.16436103e+01 -1.83672053e+01  2.48e-16 6.68e-16  6.72e+00  1.32e+01 2.56e+00 1.91e+00  8.57e-01 2.33e-01      0s
  22  -1.22070135e+01 -1.70991993e+01  2.78e-16 1.29e-15  4.89e+00  1.49e+01 3.33e+00 1.90e+00  9.09e-01 3.03e-01      0s
  23  -1.28345663e+01 -1.57318541e+01  2.48e-16 1.27e-15  2.90e+00  1.70e+01 4.91e+00 1.90e+00  9.38e-01 4.53e-01      0s
  24  -1.35906093e+01 -1.44591677e+01  4.48e-16 9.46e-16  8.69e-01  1.96e+01 9.79e+00 1.89e+00  9.48e-01 7.78e-01      0s
  25  -1.40248885e+01 -1.42063951e+01  4.48e-16 8.42e-16  1.82e-01  2.33e+01 5.83e+01 1.80e+00  1.00e+00 8.79e-01      0s
  26  -1.41442272e+01 -1.41623778e+01  2.03e-15 1.10e-15  1.82e-02  2.57e+01 3.84e+02 1.72e+00  1.00e+00 1.00e+00      0s

The algorithm stopped after 27 iterations in 0.39 seconds.

Primal variables:   [+4.761 +0.004 +3.587 +0.001]
Dual slacks:        [+0.001 +1.326 +0.001 +4.818]
Dual variables:     [-8.570 +5.149]

Primal objective:   -1.41442272e+01
Dual objective:     -1.41623778e+01

Primal residual:    2.03e-15
Dual residual:      1.10e-15
Complementraty:     1.82e-02

Number of Iter:     27
Run time:           0.39
