
--------------- Linear optimization problem characteristics ---------------
Seed:                    5
Number of variables:     4
Number of constraints:   2

Norm of primal sol:      2.17e+00
Norm of dual sol:        1.00e+01
Norm of dual slacks:     5.00e+00

Norm of vector b:        2.00e+00
Norm of vector c:        1.21e+01

Norm of matrix A:        1.00e+00
Condition number:        2.00e+00

----------------------- Linear optimization problem -----------------------
Coeff matrix A:          [[-0.090 +0.635 +0.300 +0.265]
                          [+0.399 -0.433 +0.256 -0.517]]

RHS vector b:            [+1.366 -1.461]
Obj vector c:            [+7.719 -4.961 +5.643 -5.413]

---------------------------- Optimal solution -----------------------------
Primal variables:         [+0.000 +1.494 +0.000 +1.576]
Dual slacks:              [+3.659 +0.000 +3.407 +0.000]
Dual variables:           [-1.032 +9.947]

Optimal objective:       -1.59387027e+01
===========================================================================

Method:                  II-IPM
LO_Precision:            1.00e-01
Stop_Precision:          1.00e-08
LO_Verbosity:            2
Omega:                   1.00e+02

The Inexact Infeasible Interior-Point Method starts running ...


                  Objective                Residual                                               Step-length
Iter      Primal           Dual         Primal    Dual     Compl    Cond-Num  ||M||   ||RHS||    a-star   a-hat      Time
   0   3.04801404e+02 -1.76347793e+02  3.16e+01 5.55e+01  1.22e+04  4.00e+00 1.00e+00 1.31e+02  8.24e-01 7.21e-01      0s
   1   2.65860384e+02 -2.09660187e+02  2.47e+01 4.35e+01  9.82e+03  1.68e+01 1.13e+00 2.01e+01  7.77e-01 2.17e-01      0s
   2   2.24799422e+02 -2.40519006e+02  1.92e+01 3.38e+01  7.84e+03  2.14e+01 1.06e+00 1.32e+01  7.92e-01 2.22e-01      0s
   3   1.75592044e+02 -2.74342225e+02  1.39e+01 2.44e+01  5.85e+03  2.60e+01 9.53e-01 8.41e+00  8.23e-01 2.77e-01      0s
   4   1.14389293e+02 -3.12749608e+02  8.41e+00 1.48e+01  3.74e+03  3.11e+01 7.97e-01 4.44e+00  8.77e-01 3.95e-01      0s
   5   3.09850000e+01 -3.54968060e+02  2.13e+00 3.74e+00  1.23e+03  3.70e+01 5.71e-01 1.29e+00  9.80e-01 7.47e-01      0s
   6  -4.01908638e+00 -2.94277525e+02  1.60e-15 3.12e-14  2.90e+02  4.70e+01 2.29e-01 1.45e+00  1.00e+00 1.00e+00      0s
   7  -4.59892868e+00 -4.28664193e+01  9.16e-16 3.15e-14  3.83e+01  5.87e+01 9.35e-02 1.88e+00  1.00e+00 9.65e-01      0s
   8  -5.16729457e+00 -3.67084100e+01  7.02e-16 2.42e-14  3.15e+01  5.61e+01 6.70e-01 1.83e+00  8.00e-01 1.95e-01      0s
   9  -5.67777037e+00 -3.29392993e+01  4.44e-16 2.26e-14  2.73e+01  5.10e+01 7.61e-01 1.83e+00  7.65e-01 1.51e-01      0s
  10  -6.18153685e+00 -3.01385334e+01  4.97e-16 1.81e-14  2.40e+01  4.66e+01 8.30e-01 1.83e+00  7.41e-01 1.35e-01      0s
  11  -6.67904484e+00 -2.79728768e+01  8.01e-16 1.47e-14  2.13e+01  4.25e+01 8.89e-01 1.82e+00  7.22e-01 1.24e-01      0s
  12  -7.16933786e+00 -2.62525071e+01  4.44e-16 1.36e-14  1.91e+01  3.86e+01 9.42e-01 1.82e+00  7.08e-01 1.15e-01      0s
  13  -7.65295265e+00 -2.48532000e+01  3.14e-16 1.28e-14  1.72e+01  3.49e+01 9.90e-01 1.82e+00  6.96e-01 1.10e-01      0s
  14  -8.12872285e+00 -2.36980719e+01  0.00e+00 1.09e-14  1.56e+01  3.16e+01 1.03e+00 1.81e+00  6.88e-01 1.05e-01      0s
  15  -8.59881178e+00 -2.27268063e+01  2.22e-16 8.50e-15  1.41e+01  2.86e+01 1.08e+00 1.81e+00  6.83e-01 1.03e-01      0s
  16  -9.06328890e+00 -2.19016244e+01  0.00e+00 7.77e-15  1.28e+01  2.59e+01 1.12e+00 1.81e+00  6.80e-01 1.01e-01      0s
  17  -9.52511065e+00 -2.11902620e+01  3.14e-16 6.73e-15  1.17e+01  2.35e+01 1.16e+00 1.80e+00  6.80e-01 1.02e-01      0s
  18  -9.98618760e+00 -2.05707668e+01  3.14e-16 7.01e-15  1.06e+01  2.13e+01 1.21e+00 1.80e+00  6.83e-01 1.03e-01      0s
  19  -1.04509162e+01 -2.00234402e+01  2.22e-16 5.95e-15  9.57e+00  1.94e+01 1.26e+00 1.79e+00  6.90e-01 1.06e-01      0s
  20  -1.09236730e+01 -1.95334830e+01  2.22e-16 6.30e-15  8.61e+00  1.77e+01 1.32e+00 1.79e+00  7.01e-01 1.12e-01      1s
  21  -1.14100223e+01 -1.90881910e+01  2.22e-16 5.93e-15  7.68e+00  1.63e+01 1.40e+00 1.78e+00  7.16e-01 1.20e-01      1s
  22  -1.19174597e+01 -1.86757180e+01  0.00e+00 5.33e-15  6.76e+00  1.51e+01 1.50e+00 1.78e+00  7.38e-01 1.33e-01      1s
  23  -1.24539455e+01 -1.82857197e+01  2.22e-16 4.05e-15  5.83e+00  1.43e+01 1.64e+00 1.77e+00  7.67e-01 1.52e-01      1s
  24  -1.30322795e+01 -1.79049921e+01  3.14e-16 2.81e-15  4.87e+00  1.37e+01 1.84e+00 1.77e+00  8.06e-01 1.83e-01      1s
  25  -1.36673277e+01 -1.75180856e+01  0.00e+00 2.34e-15  3.85e+00  1.37e+01 2.16e+00 1.76e+00  8.56e-01 2.33e-01      1s
  26  -1.43806252e+01 -1.70994395e+01  2.22e-16 2.56e-15  2.72e+00  1.44e+01 2.73e+00 1.75e+00  9.24e-01 3.27e-01      1s
  27  -1.52027246e+01 -1.65966594e+01  0.00e+00 2.48e-16  1.39e+00  1.64e+01 3.95e+00 1.74e+00  9.96e-01 5.41e-01      1s
  28  -1.58889776e+01 -1.60666841e+01  7.02e-16 1.18e-15  1.78e-01  2.14e+01 8.08e+00 1.73e+00  1.00e+00 9.69e-01      1s
  29  -1.59305508e+01 -1.59483214e+01  4.97e-16 1.08e-15  1.78e-02  3.25e+01 5.46e+01 1.78e+00  1.00e+00 1.00e+00      1s

The algorithm stopped after 30 iterations in 0.59 seconds.

Primal variables:   [+0.001 +1.492 +0.001 +1.578]
Dual slacks:        [+3.657 +0.003 +3.406 +0.003]
Dual variables:     [-1.032 +9.953]

Primal objective:   -1.59305508e+01
Dual objective:     -1.59483214e+01

Primal residual:    4.97e-16
Dual residual:      1.08e-15
Complementraty:     1.78e-02

Number of Iter:     30
Run time:           0.59
