
--------------- Linear optimization problem characteristics ---------------
Seed:                    67
Number of variables:     4
Number of constraints:   2

Norm of primal sol:      3.03e+00
Norm of dual sol:        1.00e+01
Norm of dual slacks:     5.00e+00

Norm of vector b:        2.00e+00
Norm of vector c:        1.34e+01

Norm of matrix A:        1.00e+00
Condition number:        1.00e+00

----------------------- Linear optimization problem -----------------------
Coeff matrix A:          [[+0.306 -0.829 +0.454 +0.112]
                          [-0.488 -0.551 -0.602 -0.308]]

RHS vector b:            [+0.968 -1.750]
Obj vector c:            [-1.736 +13.316 +0.230 -0.311]

---------------------------- Optimal solution -----------------------------
Primal variables:         [+2.592 +0.000 +0.000 +1.575]
Dual slacks:              [+0.000 +3.907 +3.120 +0.000]
Dual variables:           [-9.682 -2.502]

Optimal objective:       -4.98940449e+00
===========================================================================

Method:                  II-IPM
LO_Precision:            1.00e-01
Stop_Precision:          1.00e-08
LO_Verbosity:            2
Omega:                   1.00e+02

The Inexact Infeasible Interior-Point Method starts running ...


                  Objective                Residual                                               Step-length
Iter      Primal           Dual         Primal    Dual     Compl    Cond-Num  ||M||   ||RHS||    a-star   a-hat      Time
   0   2.54473453e+02 -2.71482387e+02  5.36e+01 5.39e+01  1.20e+04  1.00e+00 1.00e+00 2.07e+02  8.24e-01 7.23e-01      0s
   1   1.04195387e+01 -4.03893127e+02  3.26e+00 3.28e+00  1.16e+03  1.20e+00 2.56e-01 1.98e+01  9.80e-01 9.39e-01      0s
   2   7.12172264e+00 -3.71411594e+02  2.48e+00 2.50e+00  9.20e+02  2.44e+00 2.31e-02 1.47e+00  9.30e-01 2.38e-01      0s
   3   4.82002329e+00 -3.37692242e+02  1.94e+00 1.95e+00  7.44e+02  3.19e+00 2.15e-02 1.55e+00  9.14e-01 2.20e-01      0s
   4   3.12622733e+00 -3.03453253e+02  1.53e+00 1.54e+00  6.07e+02  4.23e+00 2.09e-02 1.61e+00  9.01e-01 2.11e-01      0s
   5   1.84183658e+00 -2.69134480e+02  1.21e+00 1.22e+00  4.97e+02  5.71e+00 2.10e-02 1.65e+00  8.94e-01 2.08e-01      0s
   6   8.35062976e-01 -2.34336669e+02  9.49e-01 9.56e-01  4.03e+02  7.83e+00 2.17e-02 1.68e+00  8.97e-01 2.16e-01      0s
   7   1.27310392e-02 -1.97401477e+02  7.18e-01 7.23e-01  3.17e+02  1.09e+01 2.31e-02 1.70e+00  9.21e-01 2.44e-01      0s
   8  -7.18359258e-01 -1.52379879e+02  4.78e-01 4.81e-01  2.25e+02  1.58e+01 2.59e-02 1.72e+00  9.93e-01 3.34e-01      0s
   9  -1.28161157e+00 -9.16479450e+01  2.06e-01 2.07e-01  1.17e+02  2.49e+01 3.24e-02 1.73e+00  9.51e-01 5.69e-01      0s
  10  -1.29660216e+00 -7.04255667e+01  1.38e-01 1.39e-01  8.36e+01  5.13e+01 6.28e-02 1.72e+00  1.00e+00 3.28e-01      0s
  11  -1.31802034e+00 -4.60489662e+01  7.29e-02 7.34e-02  5.01e+01  6.33e+01 9.00e-02 1.72e+00  1.00e+00 4.73e-01      0s
  12  -1.47244992e+00 -1.79219810e+01  1.53e-02 1.54e-02  1.69e+01  8.11e+01 1.56e-01 1.71e+00  1.00e+00 7.90e-01      0s
  13  -1.63349666e+00 -1.59893626e+01  1.31e-02 1.32e-02  1.47e+01  1.11e+02 4.83e-01 1.70e+00  7.54e-01 1.45e-01      0s
  14  -1.79258037e+00 -1.46188211e+01  1.15e-02 1.16e-02  1.31e+01  1.16e+02 5.52e-01 1.70e+00  7.23e-01 1.21e-01      0s
  15  -1.95720298e+00 -1.35368633e+01  1.02e-02 1.03e-02  1.18e+01  1.23e+02 6.22e-01 1.70e+00  7.02e-01 1.10e-01      0s
  16  -2.12897155e+00 -1.26473176e+01  9.18e-03 9.25e-03  1.07e+01  1.32e+02 7.00e-01 1.70e+00  6.88e-01 1.04e-01      0s
  17  -2.30946330e+00 -1.18916103e+01  8.26e-03 8.32e-03  9.75e+00  1.44e+02 7.90e-01 1.70e+00  6.81e-01 1.01e-01      0s
  18  -2.50104539e+00 -1.12282613e+01  7.43e-03 7.48e-03  8.87e+00  1.59e+02 8.97e-01 1.70e+00  6.81e-01 1.01e-01      0s
  19  -2.70644704e+00 -1.06274448e+01  6.66e-03 6.70e-03  8.04e+00  1.80e+02 1.03e+00 1.69e+00  6.88e-01 1.04e-01      0s
  20  -2.92986383e+00 -1.00627508e+01  5.91e-03 5.95e-03  7.23e+00  2.08e+02 1.20e+00 1.69e+00  7.03e-01 1.12e-01      0s
  21  -3.17599922e+00 -9.51087569e+00  5.17e-03 5.21e-03  6.41e+00  2.47e+02 1.43e+00 1.69e+00  7.28e-01 1.26e-01      0s
  22  -3.45268897e+00 -8.94106273e+00  4.39e-03 4.42e-03  5.55e+00  3.02e+02 1.75e+00 1.68e+00  7.66e-01 1.50e-01      0s
  23  -3.77048502e+00 -8.30913453e+00  3.54e-03 3.57e-03  4.58e+00  3.83e+02 2.24e+00 1.68e+00  8.22e-01 1.94e-01      0s
  24  -4.14657614e+00 -7.52726098e+00  2.53e-03 2.55e-03  3.40e+00  5.08e+02 3.05e+00 1.67e+00  8.47e-01 2.86e-01      0s
  25  -4.60869252e+00 -6.36833314e+00  1.17e-03 1.18e-03  1.77e+00  7.13e+02 4.73e+00 1.66e+00  8.61e-01 5.37e-01      0s
  26  -4.74639833e+00 -5.77266657e+00  6.27e-04 6.31e-04  1.03e+00  1.08e+03 1.08e+01 1.65e+00  9.90e-01 4.65e-01      0s
  27  -4.89777642e+00 -5.05681954e+00  3.70e-05 3.72e-05  1.59e-01  1.09e+03 1.81e+01 1.67e+00  9.98e-01 9.41e-01      0s
  28  -4.96191538e+00 -5.00482899e+00  6.97e-06 7.02e-06  4.29e-02  3.40e+02 8.38e+01 1.74e+00  9.55e-01 8.11e-01      0s

The algorithm stopped after 29 iterations in 0.44 seconds.

Primal variables:   [+2.630 +0.005 +0.002 +1.501]
Dual slacks:        [+0.004 +3.929 +3.124 +0.004]
Dual variables:     [-9.667 -2.485]

Primal objective:   -4.96191538e+00
Dual objective:     -5.00482899e+00

Primal residual:    6.97e-06
Dual residual:      7.02e-06
Complementraty:     4.29e-02

Number of Iter:     29
Run time:           0.44
