
--------------- Linear optimization problem characteristics ---------------
Seed:                    99
Number of variables:     4
Number of constraints:   2

Norm of primal sol:      1.16e+01
Norm of dual sol:        1.00e+01
Norm of dual slacks:     5.00e+00

Norm of vector b:        2.00e+00
Norm of vector c:        1.08e+01

Norm of matrix A:        1.00e+00
Condition number:        1.60e+01

----------------------- Linear optimization problem -----------------------
Coeff matrix A:          [[+0.740 -0.194 -0.514 +0.343]
                          [-0.122 -0.014 +0.116 -0.094]]

RHS vector b:            [-1.987 -0.227]
Obj vector c:            [+10.139 -1.925 -0.910 +3.155]

---------------------------- Optimal solution -----------------------------
Primal variables:         [+0.000 +11.562 +0.000 +0.745]
Dual slacks:              [+3.157 +0.000 +3.877 +0.000]
Dual variables:           [+9.781 +2.083]

Optimal objective:       -1.99078974e+01
===========================================================================

Method:                  II-IPM
LO_Precision:            1.00e-01
Stop_Precision:          1.00e-08
LO_Verbosity:            2
Omega:                   1.00e+02

The Inexact Infeasible Interior-Point Method starts running ...


                  Objective                Residual                                               Step-length
Iter      Primal           Dual         Primal    Dual     Compl    Cond-Num  ||M||   ||RHS||    a-star   a-hat      Time
   0   9.33088381e+02 -3.43252355e+02  1.70e+01 8.09e+01  1.81e+04  2.56e+02 1.00e+00 3.54e+01  7.08e-01 5.85e-01      0s
   1   9.47741751e+02 -2.97934490e+02  1.22e+01 5.80e+01  1.34e+04  5.40e+02 3.26e+00 1.12e+02  8.71e-01 2.83e-01      0s
   2   9.65268038e+02 -2.19804573e+02  6.60e+00 3.14e+01  7.83e+03  6.20e+02 5.05e+00 1.40e+02  9.72e-01 4.58e-01      0s
   3   9.42350843e+02 -8.79169648e+01  6.08e-14 5.49e-15  1.03e+03  7.23e+02 1.01e+01 1.66e+02  1.00e+00 1.00e+00      0s
   4   1.50528157e+02 -8.33110465e+01  1.95e-14 1.41e-15  2.34e+02  8.38e+02 8.29e+01 4.59e+00  1.00e+00 8.59e-01      0s
   5   7.83528174e+01 -7.55547775e+01  1.56e-14 1.28e-15  1.54e+02  6.66e+02 1.37e+01 9.44e-01  7.82e-01 3.80e-01      0s
   6   3.47929501e+01 -6.42655733e+01  9.20e-15 1.88e-15  9.91e+01  5.12e+02 7.30e+00 1.29e+00  7.21e-01 3.96e-01      0s
   7   2.76120026e+01 -5.99880493e+01  8.71e-15 5.53e-15  8.76e+01  3.21e+02 3.88e+00 1.52e+00  7.26e-01 1.29e-01      0s
   8   2.08690129e+01 -5.53757875e+01  6.51e-15 2.00e-15  7.62e+01  2.69e+02 3.36e+00 1.56e+00  7.55e-01 1.44e-01      0s
   9   1.41633833e+01 -5.02202051e+01  5.54e-15 4.00e-15  6.44e+01  2.18e+02 2.90e+00 1.59e+00  7.94e-01 1.73e-01      0s
  10   7.16735549e+00 -4.43196280e+01  4.13e-15 2.01e-15  5.15e+01  1.68e+02 2.47e+00 1.63e+00  8.47e-01 2.23e-01      0s
  11  -6.88003861e-01 -3.73083128e+01  2.66e-15 2.00e-15  3.66e+01  1.18e+02 2.05e+00 1.68e+00  9.20e-01 3.21e-01      0s
  12  -1.08346321e+01 -2.82921337e+01  1.61e-15 1.16e-15  1.75e+01  7.20e+01 1.62e+00 1.74e+00  1.00e+00 5.81e-01      0s
  13  -1.74381168e+01 -2.32860935e+01  4.74e-16 1.07e-15  5.85e+00  4.35e+01 1.35e+00 1.80e+00  9.92e-01 7.39e-01      0s
  14  -1.78625644e+01 -2.29664372e+01  4.65e-16 8.89e-16  5.10e+00  1.71e+02 2.81e+00 1.82e+00  7.49e-01 1.41e-01      0s
  15  -1.81841447e+01 -2.27002325e+01  2.48e-16 1.09e-15  4.52e+00  2.22e+02 3.19e+00 1.82e+00  7.30e-01 1.28e-01      0s
  16  -1.84409353e+01 -2.24642516e+01  2.37e-16 2.26e-16  4.02e+00  2.79e+02 3.59e+00 1.83e+00  7.18e-01 1.21e-01      0s
  17  -1.86527976e+01 -2.22462416e+01  6.75e-16 8.96e-16  3.59e+00  3.40e+02 4.02e+00 1.83e+00  7.14e-01 1.19e-01      0s
  18  -1.88329859e+01 -2.20371809e+01  4.52e-16 8.92e-16  3.20e+00  4.05e+02 4.50e+00 1.83e+00  7.16e-01 1.20e-01      0s
  19  -1.89896909e+01 -2.18309997e+01  5.55e-17 8.20e-16  2.84e+00  4.73e+02 5.05e+00 1.83e+00  7.26e-01 1.26e-01      0s
  20  -1.91293221e+01 -2.16218454e+01  2.29e-16 5.56e-16  2.49e+00  5.42e+02 5.70e+00 1.83e+00  7.44e-01 1.36e-01      0s
  21  -1.92568172e+01 -2.14039786e+01  5.55e-17 1.06e-15  2.15e+00  6.12e+02 6.51e+00 1.84e+00  7.69e-01 1.54e-01      0s
  22  -1.93761392e+01 -2.11715603e+01  2.24e-16 1.27e-16  1.80e+00  6.80e+02 7.57e+00 1.84e+00  8.05e-01 1.82e-01      0s
  23  -1.94914575e+01 -2.09171296e+01  2.29e-16 8.88e-16  1.43e+00  7.45e+02 9.09e+00 1.84e+00  8.53e-01 2.29e-01      0s
  24  -1.96081045e+01 -2.06303646e+01  2.24e-16 1.02e-15  1.02e+00  8.02e+02 1.15e+01 1.84e+00  9.16e-01 3.14e-01      0s
  25  -1.97346014e+01 -2.02969371e+01  2.22e-16 4.85e-16  5.62e-01  8.46e+02 1.61e+01 1.84e+00  1.00e+00 5.00e-01      0s
  26  -1.98772113e+01 -1.99334449e+01  4.52e-16 5.34e-16  5.62e-02  8.60e+02 2.98e+01 1.83e+00  1.00e+00 1.00e+00      0s

The algorithm stopped after 27 iterations in 0.36 seconds.

Primal variables:   [+0.007 +11.570 +0.002 +0.737]
Dual slacks:        [+3.178 +0.001 +3.858 +0.015]
Dual variables:     [+9.777 +2.229]

Primal objective:   -1.98772113e+01
Dual objective:     -1.99334449e+01

Primal residual:    4.52e-16
Dual residual:      5.34e-16
Complementraty:     5.62e-02

Number of Iter:     27
Run time:           0.36
