
--------------- Linear optimization problem characteristics ---------------
Seed:                    81
Number of variables:     8
Number of constraints:   2

Norm of primal sol:      4.27e+00
Norm of dual sol:        1.00e+01
Norm of dual slacks:     5.00e+00

Norm of vector b:        2.00e+00
Norm of vector c:        5.56e+00

Norm of matrix A:        1.00e+00
Condition number:        1.00e+01

----------------------- Linear optimization problem -----------------------
Coeff matrix A:          [[+0.130 -0.185 +0.120 +0.047 +0.204 +0.312 +0.112 -0.080]
                          [+0.317 -0.237 +0.358 +0.152 +0.388 +0.508 +0.211 -0.154]]

RHS vector b:            [+0.672 +1.884]
Obj vector c:            [+0.737 +0.165 +1.059 +0.479 +0.542 +1.496 +5.142 -0.225]

---------------------------- Optimal solution -----------------------------
Primal variables:         [+0.891 +0.854 +2.339 +2.290 +2.099 +0.000 +0.000 +1.276]
Dual slacks:              [+0.000 +0.000 +0.000 +0.000 +0.000 +1.165 +4.862 +0.000]
Dual variables:           [-8.213 +5.705]

Optimal objective:       +5.22397457e+00
===========================================================================

Method:                  II-QIPM
LO_Precision:            1.00e-01
Stop_Precision:          1.00e-03
LO_Verbosity:            2
Omega:                   1.00e+01

The Quantum Inexact Infeasible Interior-Point Method starts running ...


                  Objective                Residual                                Linear system           Step-length
Iter      Primal           Dual         Primal    Dual     Compl    ||Resl||  Cond-Num  ||M||   ||RHS||    a-star   a-hat      Time
   0   4.92512464e+01 -3.89058458e+01  5.08e+00 8.71e+00  3.29e+02 *6.40e-15  1.00e+02 1.00e+00 1.34e+01  7.87e-01 6.57e-01      1s
   1   4.76759954e+01 -3.85391487e+01  4.79e+00 8.21e+00  3.13e+02  4.35e-05  1.46e+02 1.08e+00 3.43e+00  5.60e-01 5.68e-02      4s
   2   4.62169951e+01 -3.80117136e+01  4.52e+00 7.76e+00  2.97e+02  3.48e-04  1.51e+02 1.14e+00 4.05e+00  5.63e-01 5.58e-02      6s
   3   4.48009760e+01 -3.73190131e+01  4.26e+00 7.31e+00  2.82e+02  6.76e-04  1.56e+02 1.20e+00 4.70e+00  5.69e-01 5.74e-02      8s
   4   4.34132427e+01 -3.64613249e+01  4.01e+00 6.88e+00  2.67e+02  1.70e-03  1.63e+02 1.27e+00 5.39e+00  5.76e-01 5.95e-02     10s
   5   4.20340674e+01 -3.54241327e+01  3.76e+00 6.44e+00  2.52e+02  1.03e-03  1.70e+02 1.36e+00 6.14e+00  5.87e-01 6.27e-02     13s
   6   4.06454744e+01 -3.41935421e+01  3.51e+00 6.01e+00  2.37e+02  3.32e-04  1.78e+02 1.47e+00 6.96e+00  6.01e-01 6.70e-02     15s
   7   3.92308097e+01 -3.27609587e+01  3.25e+00 5.58e+00  2.21e+02  2.03e-03  1.88e+02 1.60e+00 7.88e+00  6.17e-01 7.24e-02     17s
   8   3.77674673e+01 -3.11008721e+01  2.99e+00 5.13e+00  2.05e+02  3.68e-03  1.99e+02 1.77e+00 8.90e+00  6.37e-01 7.96e-02     19s
   9   3.62132051e+01 -2.91448921e+01  2.72e+00 4.67e+00  1.89e+02  1.11e-03  2.13e+02 1.98e+00 1.01e+01  6.63e-01 9.01e-02     22s
  10   3.46139861e+01 -2.70893203e+01  2.46e+00 4.21e+00  1.72e+02  3.25e-02  2.29e+02 2.26e+00 1.14e+01  6.82e-01 9.79e-02     24s
  11   3.32005650e+01 -2.56104075e+01  2.24e+00 3.84e+00  1.59e+02  1.76e-01  2.50e+02 2.61e+00 1.28e+01  6.57e-01 8.87e-02     26s
  12   3.10688720e+01 -2.22555138e+01  1.90e+00 3.26e+00  1.37e+02  2.78e-05  2.78e+02 3.01e+00 1.44e+01  7.77e-01 1.50e-01     31s
  13   2.84877773e+01 -1.81793517e+01  1.53e+00 2.62e+00  1.13e+02  1.94e-03  3.10e+02 3.74e+00 1.64e+01  8.39e-01 1.97e-01     36s
  14   2.50418869e+01 -1.29217018e+01  1.09e+00 1.87e+00  8.43e+01  3.43e-04  3.53e+02 4.91e+00 1.87e+01  9.27e-01 2.88e-01     41s
  15   1.96964383e+01 -5.81914312e+00  5.39e-01 9.25e-01  4.73e+01  9.90e-03  4.19e+02 7.20e+00 2.10e+01  9.70e-01 5.04e-01     45s
  16   1.27487101e+01  4.91846320e-01  1.20e-01 2.06e-01  1.64e+01  1.46e-04  5.56e+02 1.39e+01 2.17e+01  9.11e-01 7.78e-01     57s
  17   1.17470615e+01  8.37747835e-01  1.03e-01 1.78e-01  1.44e+01  1.71e-05  9.17e+02 3.52e+01 1.02e+01  7.12e-01 1.37e-01     80s
  18   1.09935410e+01  1.10810533e+00  9.17e-02 1.57e-01  1.30e+01  4.46e-04  1.07e+03 3.99e+01 9.20e+00  7.14e-01 1.14e-01    159s
  19   1.02697611e+01  1.38345135e+00  8.06e-02 1.38e-01  1.16e+01  4.57e-05  1.23e+03 4.51e+01 8.52e+00  7.22e-01 1.20e-01    237s
  20   9.56641784e+00  1.67286851e+00  7.01e-02 1.20e-01  1.02e+01  5.79e-04  1.44e+03 5.21e+01 7.92e+00  7.36e-01 1.30e-01    288s
  21   8.87742515e+00  1.98676998e+00  5.99e-02 1.03e-01  8.87e+00  1.50e-03  1.71e+03 6.18e+01 7.38e+00  7.57e-01 1.46e-01    329s
  22   8.19665468e+00  2.34345628e+00  4.98e-02 8.54e-02  7.51e+00  1.49e-04  2.08e+03 7.59e+01 6.89e+00  7.86e-01 1.70e-01    512s
