
--------------- Linear optimization problem characteristics ---------------
Seed:                    86
Number of variables:     6
Number of constraints:   2

Norm of primal sol:      3.32e+00
Norm of dual sol:        1.00e+01
Norm of dual slacks:     5.00e+00

Norm of vector b:        2.00e+00
Norm of vector c:        8.30e+00

Norm of matrix A:        1.00e+00
Condition number:        1.00e+01

----------------------- Linear optimization problem -----------------------
Coeff matrix A:          [[+0.410 +0.280 +0.040 +0.344 -0.426 -0.310]
                          [-0.320 -0.186 +0.082 -0.253 +0.290 +0.272]]

RHS vector b:            [+1.644 -1.139]
Obj vector c:            [+5.195 +3.332 -0.241 +4.255 -3.496 +0.610]

---------------------------- Optimal solution -----------------------------
Primal variables:         [+0.819 +0.837 +0.617 +3.049 +0.000 +0.000]
Dual slacks:              [+0.000 +0.000 +0.000 +0.000 +1.620 +4.730]
Dual variables:           [+7.514 -6.599]

Optimal objective:       +1.98677804e+01
===========================================================================

Method:                  II-QIPM
LO_Precision:            1.00e-01
Stop_Precision:          1.00e-03
LO_Verbosity:            2
Omega:                   1.00e+01

The Quantum Inexact Infeasible Interior-Point Method starts running ...


                  Objective                Residual                                Linear system           Step-length
Iter      Primal           Dual         Primal    Dual     Compl    ||Resl||  Cond-Num  ||M||   ||RHS||    a-star   a-hat      Time
   0   7.68625542e+01  1.94342531e+00  6.39e-01 8.00e+00  2.59e+02  5.96e-15  1.00e+02 1.00e+00 5.55e+00  7.65e-01 6.33e-01      1s
   1   7.15321081e+01  5.12830821e+00  4.66e-01 5.82e+00  1.97e+02  1.32e-06  4.08e+02 3.17e+00 1.77e+01  9.27e-01 2.72e-01      5s
   2   6.29175861e+01  9.60586811e+00  2.41e-01 3.02e+00  1.16e+02  3.21e-04  5.12e+02 4.50e+00 1.96e+01  1.00e+00 4.82e-01     13s
   3   4.44775302e+01  1.48731806e+01  6.54e-04 1.54e-15  2.96e+01  6.54e-04  6.84e+02 7.97e+00 1.96e+01  1.00e+00 1.00e+00     21s
   4   2.83845937e+01  1.50333830e+01  2.94e-04 1.27e-15  1.33e+01  6.40e-05  7.74e+02 1.79e+01 2.22e+00  8.95e-01 6.10e-01     29s
   5   2.72424225e+01  1.51088860e+01  2.64e-04 2.23e-15  1.21e+01  1.10e-06  5.79e+02 6.10e+00 2.02e+00  6.73e-01 1.01e-01     38s
   6   2.63835036e+01  1.51835334e+01  2.51e-04 9.55e-16  1.12e+01  1.06e-04  5.44e+02 5.24e+00 1.99e+00  6.44e-01 8.55e-02     46s
   7   2.56884522e+01  1.52600252e+01  2.40e-04 1.01e-15  1.04e+01  1.14e-04  5.17e+02 4.63e+00 1.96e+00  6.21e-01 7.65e-02     54s
   8   2.50680971e+01  1.53424474e+01  1.18e-03 1.49e-15  9.70e+00  1.24e-02  4.95e+02 4.16e+00 1.95e+00  6.23e-01 7.71e-02     58s
   9   2.45755453e+01  1.54246978e+01  1.39e-03 1.19e-15  9.12e+00  4.41e-03  4.80e+02 3.78e+00 1.93e+00  5.92e-01 6.63e-02     63s
  10   2.41551930e+01  1.55095195e+01  1.51e-03 7.71e-16  8.61e+00  3.27e-03  4.67e+02 3.49e+00 1.92e+00  5.77e-01 6.18e-02     71s
  11   2.37941600e+01  1.55967918e+01  1.45e-03 1.23e-15  8.17e+00  4.96e-04  4.55e+02 3.26e+00 1.91e+00  5.63e-01 5.76e-02     74s
  12   2.34745515e+01  1.56877334e+01  1.38e-03 1.53e-15  7.76e+00  1.22e-04  4.45e+02 3.08e+00 1.90e+00  5.55e-01 5.56e-02     78s
  13   2.31848966e+01  1.57834951e+01  1.39e-03 1.48e-15  7.37e+00  1.71e-03  4.37e+02 2.93e+00 1.89e+00  5.54e-01 5.52e-02     81s
  14   2.29240275e+01  1.58838205e+01  1.36e-03 1.64e-15  7.01e+00  6.86e-04  4.30e+02 2.81e+00 1.88e+00  5.51e-01 5.42e-02     84s
  15   2.26851452e+01  1.59897310e+01  1.32e-03 1.36e-15  6.67e+00  6.14e-04  4.24e+02 2.71e+00 1.87e+00  5.51e-01 5.44e-02     88s
  16   2.24632614e+01  1.61023630e+01  1.31e-03 1.30e-15  6.34e+00  1.25e-03  4.19e+02 2.63e+00 1.87e+00  5.56e-01 5.56e-02     91s
  17   2.22568665e+01  1.62222610e+01  1.28e-03 8.40e-16  6.01e+00  7.34e-04  4.14e+02 2.58e+00 1.86e+00  5.60e-01 5.70e-02     95s
  18   2.20625699e+01  1.63507773e+01  1.24e-03 1.08e-15  5.69e+00  6.06e-04  4.10e+02 2.54e+00 1.86e+00  5.69e-01 5.94e-02     98s
  19   2.18775717e+01  1.64893698e+01  1.24e-03 1.20e-15  5.37e+00  1.20e-03  4.06e+02 2.52e+00 1.85e+00  5.81e-01 6.30e-02    102s
  20   2.17012041e+01  1.66393010e+01  1.18e-03 5.90e-16  5.04e+00  3.86e-04  4.03e+02 2.52e+00 1.85e+00  5.94e-01 6.72e-02    105s
  21   2.15300112e+01  1.68031760e+01  1.17e-03 5.58e-16  4.71e+00  1.07e-03  4.00e+02 2.54e+00 1.84e+00  6.13e-01 7.36e-02    109s
  22   2.13636278e+01  1.69829313e+01  1.12e-03 8.23e-16  4.36e+00  5.39e-04  3.96e+02 2.58e+00 1.84e+00  6.33e-01 8.13e-02    112s
  23   2.11991885e+01  1.71822953e+01  1.11e-03 7.87e-16  4.00e+00  9.71e-04  3.92e+02 2.65e+00 1.84e+00  6.60e-01 9.23e-02    116s
  24   2.10357826e+01  1.74046128e+01  1.09e-03 6.71e-16  3.62e+00  9.76e-04  3.89e+02 2.76e+00 1.83e+00  6.91e-01 1.07e-01    119s
  25   2.08714613e+01  1.76553919e+01  1.01e-03 3.04e-16  3.20e+00  4.80e-04  3.84e+02 2.92e+00 1.83e+00  7.27e-01 1.27e-01    123s
  26   2.07037961e+01  1.79413119e+01  9.17e-04 1.17e-15  2.75e+00  3.90e-04  3.79e+02 3.16e+00 1.83e+00  7.72e-01 1.56e-01    126s
  27   2.05301360e+01  1.82713291e+01  8.15e-04 5.24e-16  2.25e+00  4.14e-04  3.72e+02 3.53e+00 1.83e+00  8.27e-01 2.02e-01    130s
  28   2.03474821e+01  1.86568816e+01  8.03e-04 8.23e-16  1.69e+00  7.71e-04  3.64e+02 4.13e+00 1.82e+00  8.93e-01 2.80e-01    134s
  29   2.01510886e+01  1.91176651e+01  5.82e-04 3.39e-16  1.03e+00  2.90e-04  3.56e+02 5.30e+00 1.82e+00  9.74e-01 4.31e-01    140s
  30   1.99364279e+01  1.96749727e+01  5.13e-04 1.14e-15  2.60e-01  4.99e-04  3.42e+02 8.27e+00 1.82e+00  1.00e+00 8.30e-01    146s
  31   1.98762208e+01  1.98500185e+01  2.71e-04 6.37e-16  2.59e-02  2.71e-04  3.13e+02 3.06e+01 1.82e+00  1.00e+00 1.00e+00    149s

The algorithm stopped after 32 iterations in 149.49 seconds.

Primal variables:   [+1.756 +1.330 +0.684 +1.526 +0.002 +0.001]
Dual slacks:        [+0.003 +0.003 +0.006 +0.003 +1.615 +4.730]
Dual variables:     [+7.467 -6.650]

Primal objective:   1.98762208e+01 
Dual objective:     1.98500185e+01 

Primal residual:    2.71e-04
Dual residual:      6.37e-16
Complementraty:     2.59e-02

Number of Iter:     32
Run time:           149.49
