
================= Linear optimization problem Information =================
Number of variables:     8
Number of constraints:   2

Norm of primal sol:      1.51e+01
Norm of dual sol:        1.00e+01
Norm of dual slacks:     5.00e+00

Norm of vector b:        2.00e+00
Norm of vector c:        7.97e+00

Norm of matrix A:        1.12e+00
Condition number:        2.00e+00
Seed:                    47

======================= Linear optimization problem =======================
coeff matrix A:          [[+0.279 -0.472 +0.245 +0.286 -0.226 +0.207 +0.013 +0.321]
                          [+0.447 -0.145 +0.016 +0.274 -0.391 +0.052 +0.397 -0.017]]

RHS vector b:            [+0.527 +1.929]
Obj vector c:            [-1.701 -1.851 +1.425 +1.897 +6.090 +0.904 -2.997 +2.157]

============================ Optimal solution =============================
Primal variables:        [+1.036 +8.895 +6.652 +0.000 +0.000 +7.299 +5.893 +3.784]
Dual slacks:             [+0.000 +0.000 +0.000 +2.224 +4.478 +0.000 +0.000 +0.000]
Dual variables:          [+6.309 -7.758]

Optimal objective:       -1.16465376e+01
===========================================================================

Method:             II-QIPM
LO_Precision:       1.00e-01
Stop_Precision:     1.00e-03
LO_Verbosity:       2
Omega:              1.00e+01
num_ancillae:       4

The Quantum Inexact Infeasible Interior-Point Method starts running ...


                  Objective                Residual                      Quantum                    Step-length
Iter      Primal           Dual         Primal    Dual     Compl    ||Resl||   Prob    Cond-Num   a-star   a-hat      Time
   0   5.18581226e+01 -1.44784135e+01  3.29e+00 1.20e+01  3.95e+02 *1.22e-03 2.48e-02  4.00e+00  6.89e-01 5.59e-01      1s
   1   4.66317753e+01 -1.55525527e+01  2.77e+00 1.00e+01  3.36e+02  3.83e-01 7.18e-02  4.98e+00  7.63e-01 1.67e-01      3s
   2   4.16477570e+01 -1.66200688e+01  2.25e+00 8.18e+00  2.80e+02  9.97e-02 6.33e-02  5.70e+00  8.16e-01 1.85e-01      4s
   3   3.58887146e+01 -1.75928650e+01  1.71e+00 6.33e+00  2.23e+02  3.80e-01 5.08e-02  6.81e+00  8.57e-01 2.26e-01      6s
   4   2.78093535e+01 -1.77572122e+01  1.31e+00 4.81e+00  1.75e+02  1.41e-01 2.73e-02  8.73e+00  8.63e-01 2.40e-01      7s
   5   1.77475816e+01 -1.72605016e+01  9.86e-01 3.43e+00  1.30e+02  4.84e-01 1.72e-02  1.15e+01  8.87e-01 2.86e-01      9s
   6   7.50329867e+00 -1.63559321e+01  6.01e-01 2.01e+00  8.09e+01  1.17e-01 1.57e-02  1.57e+01  8.74e-01 4.13e-01     11s
   7   4.53650610e+00 -1.54158500e+01  6.43e-01 7.57e-01  3.41e+01  1.16e+00 1.56e-02  2.28e+01  7.83e-01 6.24e-01     13s
   8   1.09123328e+01 -1.53255264e+01  1.47e+00 6.21e-01  2.83e+01  5.36e+00 1.55e-02  3.40e+01  4.46e-01 1.79e-01     15s
   9   1.20326393e+01 -1.53183617e+01  1.61e+00 6.10e-01  2.78e+01  8.50e+00 1.52e-02  3.60e+01  3.39e-01 1.90e-02     18s
  10   1.30357650e+01 -1.53125510e+01  1.72e+00 6.00e-01  2.74e+01  9.05e+00 1.52e-02  3.61e+01  3.28e-01 1.59e-02     20s
  11   1.40304982e+01 -1.53072633e+01  1.84e+00 5.91e-01  2.70e+01  9.56e+00 1.51e-02  3.61e+01  3.19e-01 1.49e-02     22s
  12   1.50183218e+01 -1.53024307e+01  1.96e+00 5.83e-01  2.67e+01  1.01e+01 1.51e-02  3.61e+01  3.10e-01 1.39e-02     23s
  13   1.60007407e+01 -1.52979955e+01  2.07e+00 5.75e-01  2.64e+01  1.06e+01 1.51e-02  3.62e+01  3.02e-01 1.31e-02     25s
  14   1.69783048e+01 -1.52939131e+01  2.18e+00 5.68e-01  2.61e+01  1.12e+01 1.50e-02  3.61e+01  2.94e-01 1.23e-02     26s
  15   1.79515722e+01 -1.52901446e+01  2.29e+00 5.61e-01  2.58e+01  1.17e+01 1.50e-02  3.61e+01  2.87e-01 1.16e-02     27s
  16   1.89220793e+01 -1.52866528e+01  2.40e+00 5.55e-01  2.56e+01  1.23e+01 1.50e-02  3.61e+01  2.80e-01 1.10e-02     29s
  17   1.98884853e+01 -1.52834154e+01  2.51e+00 5.50e-01  2.53e+01  1.29e+01 1.49e-02  3.60e+01  2.73e-01 1.04e-02     30s
  18   2.08523159e+01 -1.52804032e+01  2.62e+00 5.44e-01  2.51e+01  1.35e+01 1.49e-02  3.59e+01  2.67e-01 9.86e-03     31s
  19   2.18151247e+01 -1.52775907e+01  2.73e+00 5.39e-01  2.49e+01  1.41e+01 1.49e-02  3.59e+01  2.60e-01 9.36e-03     33s
  20   2.27765740e+01 -1.52749613e+01  2.83e+00 5.34e-01  2.47e+01  1.48e+01 1.48e-02  3.58e+01  2.55e-01 8.90e-03     34s
  21   2.37363162e+01 -1.52724999e+01  2.94e+00 5.30e-01  2.45e+01  1.54e+01 1.48e-02  3.57e+01  2.49e-01 8.47e-03     36s
  22   2.46949540e+01 -1.52701905e+01  3.05e+00 5.25e-01  2.43e+01  1.61e+01 1.48e-02  3.56e+01  2.44e-01 8.07e-03     38s
  23   2.56540621e+01 -1.52680168e+01  3.15e+00 5.21e-01  2.41e+01  1.68e+01 1.47e-02  3.55e+01  2.39e-01 7.70e-03     40s
  24   2.66133359e+01 -1.52659687e+01  3.26e+00 5.18e-01  2.40e+01  1.75e+01 1.47e-02  3.54e+01  2.34e-01 7.36e-03     41s
  25   2.75724623e+01 -1.52640369e+01  3.36e+00 5.14e-01  2.38e+01  1.82e+01 1.47e-02  3.53e+01  2.29e-01 7.03e-03     43s
  26   2.85330410e+01 -1.52622093e+01  3.47e+00 5.10e-01  2.37e+01  1.89e+01 1.46e-02  3.52e+01  2.25e-01 6.74e-03     45s
  27   2.94938310e+01 -1.52604804e+01  3.57e+00 5.07e-01  2.35e+01  1.97e+01 1.46e-02  3.51e+01  2.20e-01 6.45e-03     46s
  28   3.04554835e+01 -1.52588417e+01  3.68e+00 5.04e-01  2.34e+01  2.04e+01 1.46e-02  3.50e+01  2.16e-01 6.19e-03     49s
  29   3.14186689e+01 -1.52572856e+01  3.78e+00 5.01e-01  2.33e+01  2.12e+01 1.45e-02  3.49e+01  2.12e-01 5.94e-03     50s
  30   3.23831128e+01 -1.52558067e+01  3.88e+00 4.98e-01  2.32e+01  2.20e+01 1.45e-02  3.48e+01  2.08e-01 5.71e-03     52s
  31   3.33495018e+01 -1.52543986e+01  3.99e+00 4.95e-01  2.30e+01  2.28e+01 1.45e-02  3.47e+01  2.05e-01 5.49e-03     54s
  32   3.43185446e+01 -1.52530555e+01  4.09e+00 4.93e-01  2.29e+01  2.37e+01 1.44e-02  3.46e+01  2.01e-01 5.29e-03     56s
  33   3.52890297e+01 -1.52517748e+01  4.20e+00 4.90e-01  2.28e+01  2.45e+01 1.44e-02  3.45e+01  1.98e-01 5.09e-03     58s
  34   3.62616597e+01 -1.52505515e+01  4.30e+00 4.88e-01  2.27e+01  2.54e+01 1.44e-02  3.44e+01  1.94e-01 4.90e-03     60s
  35   3.72361851e+01 -1.52493822e+01  4.40e+00 4.86e-01  2.26e+01  2.63e+01 1.43e-02  3.43e+01  1.91e-01 4.73e-03     62s
  36   3.82133293e+01 -1.52482627e+01  4.51e+00 4.83e-01  2.25e+01  2.72e+01 1.43e-02  3.42e+01  1.88e-01 4.56e-03     64s
  37   3.91938404e+01 -1.52471890e+01  4.61e+00 4.81e-01  2.24e+01  2.81e+01 1.43e-02  3.41e+01  1.85e-01 4.41e-03     66s
  38   4.01765249e+01 -1.52461597e+01  4.72e+00 4.79e-01  2.24e+01  2.91e+01 1.42e-02  3.40e+01  1.82e-01 4.26e-03     68s
  39   4.11621287e+01 -1.52451713e+01  4.82e+00 4.77e-01  2.23e+01  3.00e+01 1.42e-02  3.39e+01  1.79e-01 4.11e-03     69s
  40   4.21504343e+01 -1.52442217e+01  4.92e+00 4.75e-01  2.22e+01  3.10e+01 1.42e-02  3.39e+01  1.76e-01 3.98e-03     71s
  41   4.31412208e+01 -1.52433088e+01  5.03e+00 4.73e-01  2.21e+01  3.20e+01 1.41e-02  3.38e+01  1.74e-01 3.85e-03     73s
  42   4.41362540e+01 -1.52424290e+01  5.13e+00 4.72e-01  2.20e+01  3.31e+01 1.41e-02  3.37e+01  1.71e-01 3.73e-03     75s
  43   4.51333628e+01 -1.52415822e+01  5.24e+00 4.70e-01  2.20e+01  3.41e+01 1.41e-02  3.36e+01  1.69e-01 3.61e-03     76s
  44   4.61343201e+01 -1.52407652e+01  5.34e+00 4.68e-01  2.19e+01  3.52e+01 1.40e-02  3.35e+01  1.66e-01 3.50e-03     78s
  45   4.71389457e+01 -1.52399764e+01  5.45e+00 4.67e-01  2.18e+01  3.63e+01 1.40e-02  3.35e+01  1.64e-01 3.40e-03     79s
  46   4.81460489e+01 -1.52392154e+01  5.55e+00 4.65e-01  2.18e+01  3.74e+01 1.40e-02  3.34e+01  1.62e-01 3.29e-03     80s
  47   4.91574412e+01 -1.52384792e+01  5.66e+00 4.64e-01  2.17e+01  3.85e+01 1.40e-02  3.33e+01  1.59e-01 3.20e-03     82s
  48   5.01709320e+01 -1.52377682e+01  5.76e+00 4.62e-01  2.16e+01  3.97e+01 1.39e-02  3.33e+01  1.57e-01 3.10e-03     83s
  49   5.11893603e+01 -1.52370790e+01  5.87e+00 4.61e-01  2.16e+01  4.08e+01 1.39e-02  3.32e+01  1.55e-01 3.02e-03     85s
  50   5.22115650e+01 -1.52364114e+01  5.97e+00 4.60e-01  2.15e+01  4.20e+01 1.39e-02  3.31e+01  1.53e-01 2.93e-03     87s
  51   5.32363532e+01 -1.52357649e+01  6.08e+00 4.58e-01  2.15e+01  4.33e+01 1.38e-02  3.31e+01  1.51e-01 2.85e-03     89s
  52   5.42655882e+01 -1.52351375e+01  6.19e+00 4.57e-01  2.14e+01  4.45e+01 1.38e-02  3.30e+01  1.49e-01 2.77e-03     91s
  53   5.52980923e+01 -1.52345288e+01  6.29e+00 4.56e-01  2.14e+01  4.58e+01 1.38e-02  3.30e+01  1.47e-01 2.70e-03     93s
  54   5.63347298e+01 -1.52339374e+01  6.40e+00 4.55e-01  2.13e+01  4.71e+01 1.37e-02  3.29e+01  1.45e-01 2.62e-03     95s
  55   5.73753529e+01 -1.52333627e+01  6.51e+00 4.53e-01  2.13e+01  4.84e+01 1.37e-02  3.29e+01  1.43e-01 2.56e-03     97s
  56   5.84198120e+01 -1.52328037e+01  6.61e+00 4.52e-01  2.12e+01  4.97e+01 1.37e-02  3.28e+01  1.42e-01 2.49e-03     99s
  57   5.94679563e+01 -1.52322599e+01  6.72e+00 4.51e-01  2.12e+01  5.11e+01 1.36e-02  3.28e+01  1.40e-01 2.42e-03    101s
  58   6.05196338e+01 -1.52317307e+01  6.83e+00 4.50e-01  2.11e+01  5.25e+01 1.36e-02  3.27e+01  1.38e-01 2.36e-03    103s
  59   6.15757474e+01 -1.52312148e+01  6.94e+00 4.49e-01  2.11e+01  5.39e+01 1.36e-02  3.27e+01  1.36e-01 2.30e-03    104s
  60   6.26361689e+01 -1.52307117e+01  7.04e+00 4.48e-01  2.10e+01  5.53e+01 1.36e-02  3.26e+01  1.35e-01 2.25e-03    106s
  61   6.37007685e+01 -1.52302208e+01  7.15e+00 4.47e-01  2.10e+01  5.68e+01 1.35e-02  3.26e+01  1.33e-01 2.19e-03    108s
  62   6.47694156e+01 -1.52297418e+01  7.26e+00 4.46e-01  2.09e+01  5.82e+01 1.35e-02  3.25e+01  1.32e-01 2.14e-03    110s
  63   6.58419785e+01 -1.52292739e+01  7.37e+00 4.45e-01  2.09e+01  5.98e+01 1.35e-02  3.25e+01  1.30e-01 2.09e-03    112s
  64   6.69194023e+01 -1.52288164e+01  7.48e+00 4.44e-01  2.09e+01  6.13e+01 1.34e-02  3.24e+01  1.29e-01 2.04e-03    113s
  65   6.80004978e+01 -1.52283693e+01  7.59e+00 4.43e-01  2.08e+01  6.29e+01 1.34e-02  3.24e+01  1.27e-01 1.99e-03    115s
  66   6.90862167e+01 -1.52279315e+01  7.70e+00 4.43e-01  2.08e+01  6.45e+01 1.34e-02  3.24e+01  1.26e-01 1.94e-03    116s
  67   7.01753601e+01 -1.52275033e+01  7.81e+00 4.42e-01  2.08e+01  6.61e+01 1.33e-02  3.23e+01  1.24e-01 1.90e-03    118s
  68   7.12699814e+01 -1.52270833e+01  7.92e+00 4.41e-01  2.07e+01  6.77e+01 1.33e-02  3.23e+01  1.23e-01 1.86e-03    119s
  69   7.23688976e+01 -1.52266716e+01  8.03e+00 4.40e-01  2.07e+01  6.94e+01 1.33e-02  3.23e+01  1.22e-01 1.81e-03    120s
  70   7.34719978e+01 -1.52262678e+01  8.14e+00 4.39e-01  2.07e+01  7.11e+01 1.32e-02  3.22e+01  1.21e-01 1.77e-03    122s
  71   7.45791710e+01 -1.52258716e+01  8.25e+00 4.39e-01  2.06e+01  7.28e+01 1.32e-02  3.22e+01  1.19e-01 1.73e-03    124s
  72   7.56914178e+01 -1.52254823e+01  8.36e+00 4.38e-01  2.06e+01  7.46e+01 1.32e-02  3.22e+01  1.18e-01 1.70e-03    126s
  73   7.68086526e+01 -1.52250994e+01  8.48e+00 4.37e-01  2.06e+01  7.64e+01 1.32e-02  3.21e+01  1.17e-01 1.66e-03    128s
  74   7.79296671e+01 -1.52247232e+01  8.59e+00 4.36e-01  2.05e+01  7.82e+01 1.31e-02  3.21e+01  1.16e-01 1.62e-03    130s
  75   7.90554750e+01 -1.52243529e+01  8.70e+00 4.36e-01  2.05e+01  8.01e+01 1.31e-02  3.21e+01  1.14e-01 1.59e-03    132s
  76   8.01859897e+01 -1.52239882e+01  8.81e+00 4.35e-01  2.05e+01  8.20e+01 1.31e-02  3.20e+01  1.13e-01 1.56e-03    133s
  77   8.13222605e+01 -1.52236285e+01  8.93e+00 4.34e-01  2.04e+01  8.39e+01 1.30e-02  3.20e+01  1.12e-01 1.53e-03    135s
  78   8.24619450e+01 -1.52232742e+01  9.04e+00 4.34e-01  2.04e+01  8.58e+01 1.30e-02  3.20e+01  1.11e-01 1.49e-03    137s
  79   8.36072209e+01 -1.52229243e+01  9.15e+00 4.33e-01  2.04e+01  8.78e+01 1.30e-02  3.20e+01  1.10e-01 1.46e-03    139s
  80   8.47580282e+01 -1.52225785e+01  9.27e+00 4.32e-01  2.04e+01  8.98e+01 1.30e-02  3.19e+01  1.09e-01 1.44e-03    141s
  81   8.59131510e+01 -1.52222370e+01  9.38e+00 4.32e-01  2.03e+01  9.19e+01 1.29e-02  3.19e+01  1.08e-01 1.41e-03    143s
  82   8.70736633e+01 -1.52218991e+01  9.50e+00 4.31e-01  2.03e+01  9.40e+01 1.29e-02  3.19e+01  1.07e-01 1.38e-03    145s
  83   8.82395058e+01 -1.52215645e+01  9.61e+00 4.31e-01  2.03e+01  9.61e+01 1.29e-02  3.19e+01  1.06e-01 1.35e-03    147s
  84   8.94094481e+01 -1.52212334e+01  9.73e+00 4.30e-01  2.03e+01  9.83e+01 1.28e-02  3.18e+01  1.05e-01 1.33e-03    148s
  85   9.05857571e+01 -1.52209047e+01  9.85e+00 4.29e-01  2.02e+01  1.00e+02 1.28e-02  3.18e+01  1.04e-01 1.30e-03    150s
  86   9.17672203e+01 -1.52205786e+01  9.96e+00 4.29e-01  2.02e+01  1.03e+02 1.28e-02  3.18e+01  1.03e-01 1.28e-03    152s
  87   9.29549682e+01 -1.52202544e+01  1.01e+01 4.28e-01  2.02e+01  1.05e+02 1.27e-02  3.18e+01  1.02e-01 1.26e-03    154s
  88   9.41465860e+01 -1.52199326e+01  1.02e+01 4.28e-01  2.02e+01  1.07e+02 1.27e-02  3.18e+01  1.01e-01 1.23e-03    156s
  89   9.53455859e+01 -1.52196118e+01  1.03e+01 4.27e-01  2.01e+01  1.10e+02 1.27e-02  3.18e+01  1.00e-01 1.21e-03    158s
  90   9.65495610e+01 -1.52192924e+01  1.04e+01 4.27e-01  2.01e+01  1.12e+02 1.27e-02  3.17e+01  9.95e-02 1.19e-03    159s
  91   9.77596686e+01 -1.52189738e+01  1.06e+01 4.26e-01  2.01e+01  1.14e+02 1.26e-02  3.17e+01  9.87e-02 1.17e-03    161s
  92   9.89758858e+01 -1.52186557e+01  1.07e+01 4.26e-01  2.01e+01  1.17e+02 1.26e-02  3.17e+01  9.79e-02 1.15e-03    163s
  93   1.00198192e+02 -1.52183377e+01  1.08e+01 4.25e-01  2.01e+01  1.19e+02 1.26e-02  3.17e+01  9.71e-02 1.13e-03    165s
  94   1.01426567e+02 -1.52180195e+01  1.09e+01 4.25e-01  2.00e+01  1.22e+02 1.26e-02  3.17e+01  9.63e-02 1.11e-03    167s
  95   1.02660996e+02 -1.52177006e+01  1.10e+01 4.24e-01  2.00e+01  1.25e+02 1.25e-02  3.17e+01  9.56e-02 1.09e-03    169s
  96   1.03903949e+02 -1.52173802e+01  1.12e+01 4.24e-01  2.00e+01  1.27e+02 1.25e-02  3.16e+01  9.48e-02 1.07e-03    170s
  97   1.05152979e+02 -1.52170583e+01  1.13e+01 4.24e-01  2.00e+01  1.30e+02 1.25e-02  3.16e+01  9.41e-02 1.06e-03    172s
  98   1.06409336e+02 -1.52167342e+01  1.14e+01 4.23e-01  2.00e+01  1.33e+02 1.25e-02  3.16e+01  9.34e-02 1.04e-03    174s
  99   1.07673049e+02 -1.52164073e+01  1.15e+01 4.23e-01  1.99e+01  1.35e+02 1.24e-02  3.16e+01  9.27e-02 1.02e-03    175s
 100   1.08944155e+02 -1.52160771e+01  1.16e+01 4.22e-01  1.99e+01  1.38e+02 1.24e-02  3.16e+01  9.21e-02 1.01e-03    177s
 101   1.10223975e+02 -1.52157426e+01  1.18e+01 4.22e-01  1.99e+01  1.41e+02 1.24e-02  3.16e+01  9.15e-02 9.96e-04    179s

The solution quality is limited by the precision of the linear system solver.

The II-IPM stopped after 102 iterations in 178.56 seconds.

Primal variables:   [+3.593 +73.355 +18.425 +1.309 +0.663 +12.160 +3.588 +101.561]
Dual slacks:        [+0.969 +0.017 +0.104 +2.807 +3.843 +0.191 +0.958 +0.012]
Dual variables:     [+6.548 -9.673]

Primal objective:   1.10223975e+02 
Dual objective:     -1.52157426e+01

Primal residual:    1.18e+01
Dual residual:      4.22e-01
Complementraty:     1.99e+01

Number of Iter:     102
Run time:           178.56
