
================= Linear optimization problem Information =================
Number of variables:     8
Number of constraints:   2

Norm of primal sol:      1.22e+02
Norm of dual sol:        1.00e+01
Norm of dual slacks:     5.00e+00

Norm of vector b:        3.20e+01
Norm of vector c:        8.08e+00

Norm of matrix A:        1.12e+00
Condition number:        2.00e+00
Seed:                    25

======================= Linear optimization problem =======================
coeff matrix A:          [[-0.393 +0.051 -0.198 +0.231 -0.178 +0.396 -0.026 +0.015]
                          [-0.159 +0.601 +0.008 +0.082 -0.568 +0.283 -0.096 -0.075]]

RHS vector b:            [-30.645 -9.212]
Obj vector c:            [-0.061 -5.334 +3.767 +0.143 +4.540 +0.873 +0.786 +0.752]

============================ Optimal solution =============================
Primal variables:        [+75.531 +50.545 +0.000 +16.138 +35.686 +0.000 +59.459 +37.987]
Dual slacks:             [+0.000 +0.000 +4.608 +0.000 +0.000 +1.940 +0.000 +0.000]
Dual variables:          [+3.896 -9.210]

Optimal objective:       -3.45566697e+01
===========================================================================

Method:             II-QIPM
LO_Precision:       1.00e-01
Stop_Precision:     1.00e-03
LO_Verbosity:       2
Omega:              1.00e+01
num_ancillae:       4

The Quantum Inexact Infeasible Interior-Point Method starts running ...


                  Objective                Residual                      Quantum                    Step-length
Iter      Primal           Dual         Primal    Dual     Compl    ||Resl||   Prob    Cond-Num   a-star   a-hat      Time
   0   5.12179593e+01  4.61720777e+02  2.51e+01 2.21e+01  5.65e+02 *2.68e-02 8.50e-02  4.00e+00  2.53e-01 1.97e-01      2s
   1   5.10037465e+01  4.62637997e+02  2.48e+01 2.19e+01  5.60e+02 *4.98e-03 2.18e-02  3.14e+00  2.31e-01 9.62e-03      5s
   2   5.08202970e+01  4.63012669e+02  2.47e+01 2.17e+01  5.56e+02 *3.19e-02 3.17e-02  3.18e+00  2.37e-01 7.43e-03      7s
   3   5.06151596e+01  4.63156209e+02  2.45e+01 2.15e+01  5.52e+02 *7.63e-02 4.54e-02  3.21e+00  2.42e-01 7.78e-03      9s
   4   5.03853237e+01  4.63053707e+02  2.43e+01 2.13e+01  5.48e+02 *1.29e-01 6.78e-02  3.26e+00  2.47e-01 8.18e-03     11s
   5   5.01273144e+01  4.62691075e+02  2.41e+01 2.12e+01  5.44e+02 *1.74e-01 1.02e-01  3.31e+00  2.53e-01 8.60e-03     13s
   6   4.98374755e+01  4.62061284e+02  2.39e+01 2.10e+01  5.39e+02  1.84e-01 1.48e-01  3.36e+00  2.59e-01 9.03e-03     16s
   7   4.95139965e+01  4.61161531e+02  2.36e+01 2.08e+01  5.35e+02  1.33e-01 1.94e-01  3.43e+00  2.64e-01 9.48e-03     18s
   8   4.91597210e+01  4.59984409e+02  2.34e+01 2.06e+01  5.30e+02  1.97e-02 2.20e-01  3.50e+00  2.70e-01 9.91e-03     20s
   9   4.87769398e+01  4.58503514e+02  2.31e+01 2.04e+01  5.25e+02  1.19e-01 2.19e-01  3.58e+00  2.76e-01 1.04e-02     22s
  10   4.83633526e+01  4.56679872e+02  2.29e+01 2.01e+01  5.20e+02  2.29e-01 1.98e-01  3.67e+00  2.82e-01 1.10e-02     24s
  11   4.79101622e+01  4.54474346e+02  2.26e+01 1.99e+01  5.14e+02  2.61e-01 1.70e-01  3.77e+00  2.90e-01 1.17e-02     26s
  12   4.74015692e+01  4.51852062e+02  2.23e+01 1.96e+01  5.08e+02  1.80e-01 1.42e-01  3.88e+00  2.99e-01 1.25e-02     28s
  13   4.68180631e+01  4.48792109e+02  2.20e+01 1.94e+01  5.02e+02  2.70e-02 1.18e-01  4.00e+00  3.07e-01 1.34e-02     31s
  14   4.61390254e+01  4.45279618e+02  2.17e+01 1.91e+01  4.96e+02  3.41e-01 9.81e-02  4.14e+00  3.16e-01 1.43e-02     33s
  15   4.53478986e+01  4.41298175e+02  2.14e+01 1.88e+01  4.89e+02  7.05e-01 8.33e-02  4.29e+00  3.25e-01 1.53e-02     35s
  16   4.44363848e+01  4.36816112e+02  2.10e+01 1.85e+01  4.82e+02  1.04e+00 7.28e-02  4.46e+00  3.34e-01 1.64e-02     37s
  17   4.34054658e+01  4.31766767e+02  2.07e+01 1.82e+01  4.74e+02  1.26e+00 6.60e-02  4.64e+00  3.44e-01 1.76e-02     39s
  18   4.22690997e+01  4.26053659e+02  2.03e+01 1.78e+01  4.66e+02  1.28e+00 6.23e-02  4.85e+00  3.56e-01 1.91e-02     41s
  19   4.10510010e+01  4.19530416e+02  1.99e+01 1.75e+01  4.57e+02  1.05e+00 6.09e-02  5.07e+00  3.70e-01 2.09e-02     44s
  20   3.97847695e+01  4.12005706e+02  1.94e+01 1.70e+01  4.47e+02  5.69e-01 6.12e-02  5.32e+00  3.86e-01 2.32e-02     46s
  21   3.85070145e+01  4.03232888e+02  1.89e+01 1.66e+01  4.36e+02  1.17e-01 6.24e-02  5.61e+00  4.05e-01 2.62e-02     48s
  22   3.72487363e+01  3.92958117e+02  1.83e+01 1.61e+01  4.25e+02  8.90e-01 6.37e-02  5.94e+00  4.27e-01 2.99e-02     50s
  23   3.59965669e+01  3.80917644e+02  1.77e+01 1.55e+01  4.11e+02  1.55e+00 6.37e-02  6.34e+00  4.52e-01 3.45e-02     52s
  24   3.46488626e+01  3.66987534e+02  1.70e+01 1.49e+01  3.96e+02  1.82e+00 6.14e-02  6.80e+00  4.77e-01 3.97e-02     55s
  25   3.29669117e+01  3.51274479e+02  1.62e+01 1.43e+01  3.80e+02  1.47e+00 5.65e-02  7.34e+00  5.00e-01 4.53e-02     57s
  26   3.05995997e+01  3.34147559e+02  1.54e+01 1.35e+01  3.63e+02  3.96e-01 4.97e-02  7.96e+00  5.21e-01 5.07e-02     59s
  27   2.71634806e+01  3.15958519e+02  1.45e+01 1.28e+01  3.44e+02  1.28e+00 4.28e-02  8.62e+00  5.38e-01 5.59e-02     60s
  28   2.22772741e+01  2.96809465e+02  1.36e+01 1.20e+01  3.25e+02  3.37e+00 3.69e-02  9.30e+00  5.53e-01 6.17e-02     63s
  29   1.54977116e+01  2.76511297e+02  1.27e+01 1.12e+01  3.04e+02  5.73e+00 3.27e-02  9.95e+00  5.69e-01 6.90e-02     65s
  30   6.14256643e+00  2.54470885e+02  1.17e+01 1.03e+01  2.82e+02  8.28e+00 3.01e-02  1.05e+01  5.52e-01 7.94e-02     67s
  31  -6.88532120e+00  2.29696342e+02  1.08e+01 9.29e+00  2.57e+02  1.10e+01 2.94e-02  1.08e+01  5.09e-01 9.53e-02     69s
  32  -2.53428959e+01  2.00162244e+02  9.90e+00 8.16e+00  2.27e+02  1.36e+01 3.14e-02  1.08e+01  4.89e-01 1.22e-01     72s
  33  -5.02940439e+01  1.61259237e+02  9.40e+00 6.72e+00  1.89e+02  1.43e+01 3.90e-02  1.01e+01  5.28e-01 1.76e-01     74s
  34  -7.09480003e+01  9.38070290e+01  8.26e+00 4.37e+00  1.28e+02  8.34e+00 5.78e-02  8.89e+00  8.27e-01 3.50e-01     76s
  35  -1.01595251e+02 -1.45940579e+01  7.80e+00 6.79e-01  2.53e+01  7.94e+00 6.21e-02  8.70e+00  9.36e-01 8.45e-01     78s
  36  -7.71100286e+01 -3.26775812e+01  4.66e+00 7.76e-02  4.68e+00  4.25e+00 8.27e-02  5.41e+00  9.61e-01 8.86e-01     81s
  37  -6.10978759e+01 -3.31379666e+01  2.96e+00 5.99e-02  3.71e+00  2.80e+00 7.38e-02  6.20e+00  7.92e-01 2.28e-01     83s
  38  -4.98760999e+01 -3.34541572e+01  1.77e+00 4.74e-02  3.00e+00  2.76e+00 6.46e-02  6.41e+00  8.12e-01 2.08e-01     85s
  39  -3.97547634e+01 -3.37574651e+01  7.21e-01 3.51e-02  2.29e+00  2.39e+00 5.72e-02  6.37e+00  8.52e-01 2.59e-01     87s
  40  -3.10255403e+01 -3.40828185e+01  3.19e-01 2.15e-02  1.48e+00  1.74e+00 5.00e-02  6.12e+00  9.19e-01 3.87e-01     90s
  41  -3.21619339e+01 -3.45099037e+01  2.27e-01 2.76e-03  2.48e-01  2.20e-01 4.25e-02  5.61e+00  9.71e-01 8.72e-01     91s
  42  -3.04798296e+01 -3.45191429e+01  4.13e-01 2.25e-03  2.06e-01  1.29e+00 1.17e-01  3.59e+00  9.75e-01 1.85e-01     93s
  43  -3.04794699e+01 -3.45191449e+01  4.13e-01 2.25e-03  2.06e-01  1.27e+00 1.18e-01  3.54e+00  9.83e-01 5.03e-05     96s

The solution quality is limited by the precision of the linear system solver.

The II-IPM stopped after 44 iterations in 95.87 seconds.

Primal variables:   [+79.359 +26.599 +0.008 +12.199 +19.172 +0.032 +18.406 +17.160]
Dual slacks:        [+0.000 +0.001 +4.609 +0.001 +0.001 +1.941 +0.001 +0.001]
Dual variables:     [+3.895 -9.209]

Primal objective:   -3.04794699e+01
Dual objective:     -3.45191449e+01

Primal residual:    4.13e-01
Dual residual:      2.25e-03
Complementraty:     2.06e-01

Number of Iter:     44
Run time:           95.87
