
================= Linear optimization problem Information =================
Number of variables:     8
Number of constraints:   2

Norm of primal sol:      5.37e+00
Norm of dual sol:        1.00e+01
Norm of dual slacks:     5.00e+00

Norm of vector b:        1.00e+00
Norm of vector c:        8.13e+00

Norm of matrix A:        1.12e+00
Condition number:        2.00e+00
Seed:                    14

======================= Linear optimization problem =======================
coeff matrix A:          [[-0.255 -0.261 -0.210 -0.131 +0.444 -0.188 +0.415 -0.341]
                          [-0.220 +0.260 +0.346 +0.042 -0.361 -0.270 -0.228 +0.207]]

RHS vector b:            [-0.538 -0.843]
Obj vector c:            [+4.364 -2.933 +0.589 -0.594 +4.189 +2.413 +2.839 -2.526]

============================ Optimal solution =============================
Primal variables:        [+0.000 +2.954 +0.000 +0.031 +1.183 +3.658 +1.960 +1.216]
Dual slacks:             [+2.542 +0.000 +4.305 +0.000 +0.000 +0.000 +0.000 +0.000]
Dual variables:          [+1.393 -9.903]

Optimal objective:       +7.59675606e+00
===========================================================================

Method:             II-QIPM
LO_Precision:       1.00e-01
Stop_Precision:     1.00e-03
LO_Verbosity:       2
Omega:              1.00e+01
num_ancillae:       4

The Quantum Inexact Infeasible Interior-Point Method starts running ...


                  Objective                Residual                      Quantum                    Step-length
Iter      Primal           Dual         Primal    Dual     Compl    ||Resl||   Prob    Cond-Num   a-star   a-hat      Time
   0   6.04836480e+01 -6.78778716e+00  1.38e+00 7.39e+00  2.71e+02  4.38e-03 3.52e-02  4.00e+00  8.38e-01 7.21e-01      2s
   1   5.15865141e+01 -6.27005022e+00  1.06e+00 5.74e+00  2.17e+02  1.53e+00 1.13e-01  1.76e+01  7.19e-01 2.23e-01      3s
   2   4.12760145e+01 -5.52344849e+00  1.09e+00 4.41e+00  1.71e+02  2.22e+00 5.50e-02  2.19e+01  6.56e-01 2.31e-01      5s
   3   3.98119159e+01 -5.42576415e+00  8.62e-01 4.12e+00  1.61e+02  3.42e+00 2.19e-02  2.72e+01  5.77e-01 6.66e-02      7s
   4   3.86062074e+01 -5.27069764e+00  6.61e-01 3.85e+00  1.52e+02  3.88e+00 1.52e-02  2.98e+01  5.69e-01 6.43e-02      9s
   5   1.88579116e+01  1.96863865e-01  1.01e+00 1.75e+00  7.47e+01 *1.30e+00 1.05e-02  3.24e+01  7.34e-01 5.45e-01     11s
   6   1.79149874e+01  2.00414777e-01  9.97e-01 1.71e+00  7.32e+01  5.73e+00 1.45e-02  3.88e+01  3.75e-01 2.27e-02     12s
   7   1.70244174e+01  2.03489667e-01  1.01e+00 1.68e+00  7.18e+01  6.22e+00 1.44e-02  3.97e+01  3.61e-01 2.05e-02     13s
   8   1.61663272e+01  2.06219103e-01  1.03e+00 1.65e+00  7.06e+01  6.73e+00 1.43e-02  4.05e+01  3.49e-01 1.89e-02     15s
   9   1.53355783e+01  2.08660905e-01  1.07e+00 1.62e+00  6.95e+01  7.25e+00 1.43e-02  4.13e+01  3.37e-01 1.74e-02     17s
  10   1.45292703e+01  2.10856732e-01  1.12e+00 1.59e+00  6.84e+01  7.80e+00 1.42e-02  4.20e+01  3.26e-01 1.61e-02     19s
  11   1.37433281e+01  2.12844745e-01  1.18e+00 1.57e+00  6.75e+01  8.36e+00 1.42e-02  4.26e+01  3.16e-01 1.50e-02     21s
  12   1.29763982e+01  2.14650496e-01  1.24e+00 1.55e+00  6.66e+01  8.94e+00 1.42e-02  4.32e+01  3.06e-01 1.39e-02     23s
  13   1.22258525e+01  2.16298918e-01  1.32e+00 1.53e+00  6.59e+01  9.55e+00 1.41e-02  4.37e+01  2.97e-01 1.30e-02     24s
  14   1.14900584e+01  2.17809239e-01  1.40e+00 1.51e+00  6.51e+01  1.02e+01 1.41e-02  4.41e+01  2.88e-01 1.21e-02     26s
  15   1.07668468e+01  2.19199157e-01  1.48e+00 1.49e+00  6.44e+01  1.08e+01 1.41e-02  4.46e+01  2.80e-01 1.14e-02     28s
  16   1.00556497e+01  2.20481024e-01  1.56e+00 1.47e+00  6.38e+01  1.15e+01 1.41e-02  4.50e+01  2.72e-01 1.07e-02     30s
  17   9.35530828e+00  2.21666801e-01  1.65e+00 1.46e+00  6.32e+01  1.22e+01 1.41e-02  4.53e+01  2.64e-01 1.00e-02     31s
  18   8.66339165e+00  2.22769008e-01  1.74e+00 1.45e+00  6.27e+01  1.29e+01 1.40e-02  4.56e+01  2.57e-01 9.45e-03     33s
  19   7.98100199e+00  2.23793123e-01  1.83e+00 1.43e+00  6.22e+01  1.36e+01 1.40e-02  4.59e+01  2.51e-01 8.89e-03     35s
  20   7.30523312e+00  2.24750011e-01  1.92e+00 1.42e+00  6.17e+01  1.44e+01 1.40e-02  4.62e+01  2.44e-01 8.41e-03     37s
  21   6.63728080e+00  2.25643499e-01  2.02e+00 1.41e+00  6.13e+01  1.51e+01 1.40e-02  4.64e+01  2.38e-01 7.94e-03     39s
  22   5.97506377e+00  2.26481425e-01  2.11e+00 1.40e+00  6.08e+01  1.59e+01 1.40e-02  4.67e+01  2.32e-01 7.52e-03     41s
  23   5.31918253e+00  2.27267382e-01  2.21e+00 1.39e+00  6.04e+01  1.67e+01 1.40e-02  4.69e+01  2.27e-01 7.12e-03     43s
  24   4.66831559e+00  2.28006921e-01  2.31e+00 1.38e+00  6.01e+01  1.76e+01 1.40e-02  4.71e+01  2.21e-01 6.77e-03     45s
  25   4.02182189e+00  2.28704201e-01  2.40e+00 1.37e+00  5.97e+01  1.84e+01 1.40e-02  4.72e+01  2.16e-01 6.43e-03     46s
  26   3.38037069e+00  2.29361610e-01  2.50e+00 1.36e+00  5.94e+01  1.93e+01 1.40e-02  4.74e+01  2.11e-01 6.11e-03     48s
  27   2.74273946e+00  2.29983259e-01  2.60e+00 1.35e+00  5.91e+01  2.02e+01 1.40e-02  4.76e+01  2.07e-01 5.83e-03     49s
  28   2.10899140e+00  2.30571594e-01  2.69e+00 1.35e+00  5.88e+01  2.12e+01 1.40e-02  4.77e+01  2.02e-01 5.55e-03     51s
  29   1.47857525e+00  2.31129414e-01  2.79e+00 1.34e+00  5.85e+01  2.21e+01 1.40e-02  4.78e+01  1.98e-01 5.30e-03     52s
  30   8.51578948e-01  2.31658705e-01  2.89e+00 1.33e+00  5.82e+01  2.31e+01 1.40e-02  4.80e+01  1.94e-01 5.06e-03     54s
  31   2.27478085e-01  2.32161799e-01  2.99e+00 1.33e+00  5.80e+01  2.41e+01 1.40e-02  4.81e+01  1.90e-01 4.84e-03     55s
  32  -3.94244779e-01  2.32640798e-01  3.09e+00 1.32e+00  5.77e+01  2.51e+01 1.40e-02  4.82e+01  1.86e-01 4.63e-03     57s
  33  -1.01348281e+00  2.33097146e-01  3.19e+00 1.31e+00  5.75e+01  2.61e+01 1.40e-02  4.83e+01  1.82e-01 4.44e-03     58s
  34  -1.63012143e+00  2.33532183e-01  3.28e+00 1.31e+00  5.72e+01  2.72e+01 1.40e-02  4.84e+01  1.79e-01 4.25e-03     61s
  35  -2.24403964e+00  2.33947152e-01  3.38e+00 1.30e+00  5.70e+01  2.83e+01 1.40e-02  4.85e+01  1.75e-01 4.08e-03     62s
  36  -2.85633527e+00  2.34344001e-01  3.48e+00 1.30e+00  5.68e+01  2.94e+01 1.40e-02  4.85e+01  1.72e-01 3.92e-03     64s
  37  -3.46689068e+00  2.34723719e-01  3.58e+00 1.29e+00  5.66e+01  3.05e+01 1.40e-02  4.86e+01  1.69e-01 3.77e-03     66s
  38  -4.07558386e+00  2.35087228e-01  3.68e+00 1.29e+00  5.64e+01  3.16e+01 1.40e-02  4.87e+01  1.66e-01 3.62e-03     67s
  39  -4.68289656e+00  2.35435739e-01  3.78e+00 1.28e+00  5.63e+01  3.28e+01 1.40e-02  4.88e+01  1.63e-01 3.49e-03     68s
  40  -5.28810159e+00  2.35769688e-01  3.88e+00 1.28e+00  5.61e+01  3.40e+01 1.40e-02  4.88e+01  1.60e-01 3.35e-03     70s
  41  -5.89167188e+00  2.36090155e-01  3.98e+00 1.28e+00  5.59e+01  3.52e+01 1.40e-02  4.89e+01  1.57e-01 3.23e-03     72s
  42  -6.49468694e+00  2.36398434e-01  4.08e+00 1.27e+00  5.58e+01  3.65e+01 1.40e-02  4.89e+01  1.55e-01 3.12e-03     73s
  43  -7.09583035e+00  2.36694508e-01  4.18e+00 1.27e+00  5.56e+01  3.77e+01 1.40e-02  4.90e+01  1.52e-01 3.01e-03     75s
  44  -7.69557299e+00  2.36979264e-01  4.28e+00 1.26e+00  5.55e+01  3.90e+01 1.40e-02  4.90e+01  1.49e-01 2.90e-03     77s
  45  -8.29439047e+00  2.37253514e-01  4.38e+00 1.26e+00  5.53e+01  4.03e+01 1.40e-02  4.91e+01  1.47e-01 2.80e-03     78s
  46  -8.89276424e+00  2.37518005e-01  4.48e+00 1.26e+00  5.52e+01  4.16e+01 1.40e-02  4.91e+01  1.45e-01 2.71e-03     80s
  47  -9.48938925e+00  2.37772659e-01  4.57e+00 1.25e+00  5.51e+01  4.30e+01 1.40e-02  4.92e+01  1.42e-01 2.62e-03     82s
  48  -1.00853319e+01  2.38018422e-01  4.67e+00 1.25e+00  5.49e+01  4.44e+01 1.40e-02  4.92e+01  1.40e-01 2.53e-03     83s
  49  -1.06798856e+01  2.38255443e-01  4.77e+00 1.25e+00  5.48e+01  4.58e+01 1.40e-02  4.92e+01  1.38e-01 2.45e-03     85s
  50  -1.12741193e+01  2.38484566e-01  4.87e+00 1.25e+00  5.47e+01  4.72e+01 1.40e-02  4.93e+01  1.36e-01 2.38e-03     87s
  51  -1.18673348e+01  2.38705898e-01  4.97e+00 1.24e+00  5.46e+01  4.86e+01 1.40e-02  4.93e+01  1.34e-01 2.30e-03     89s
  52  -1.24594198e+01  2.38919767e-01  5.07e+00 1.24e+00  5.45e+01  5.01e+01 1.40e-02  4.94e+01  1.32e-01 2.23e-03     90s
  53  -1.30514458e+01  2.39126901e-01  5.17e+00 1.24e+00  5.44e+01  5.16e+01 1.40e-02  4.94e+01  1.30e-01 2.16e-03     92s
  54  -1.36421324e+01  2.39327161e-01  5.27e+00 1.23e+00  5.42e+01  5.31e+01 1.40e-02  4.94e+01  1.28e-01 2.10e-03     94s
  55  -1.42325485e+01  2.39521220e-01  5.37e+00 1.23e+00  5.41e+01  5.46e+01 1.40e-02  4.94e+01  1.26e-01 2.04e-03     95s
  56  -1.48225967e+01  2.39709315e-01  5.47e+00 1.23e+00  5.41e+01  5.62e+01 1.40e-02  4.95e+01  1.25e-01 1.98e-03     97s
  57  -1.54115898e+01  2.39891493e-01  5.57e+00 1.23e+00  5.40e+01  5.78e+01 1.40e-02  4.95e+01  1.23e-01 1.92e-03     99s
  58  -1.60000125e+01  2.40068161e-01  5.67e+00 1.22e+00  5.39e+01  5.94e+01 1.40e-02  4.95e+01  1.21e-01 1.87e-03    101s
  59  -1.65883561e+01  2.40239698e-01  5.77e+00 1.22e+00  5.38e+01  6.10e+01 1.40e-02  4.95e+01  1.20e-01 1.82e-03    103s
  60  -1.71759431e+01  2.40406122e-01  5.87e+00 1.22e+00  5.37e+01  6.26e+01 1.40e-02  4.96e+01  1.18e-01 1.77e-03    105s
  61  -1.77626773e+01  2.40567623e-01  5.97e+00 1.22e+00  5.36e+01  6.43e+01 1.40e-02  4.96e+01  1.17e-01 1.72e-03    107s
  62  -1.83490496e+01  2.40724538e-01  6.07e+00 1.22e+00  5.35e+01  6.60e+01 1.40e-02  4.96e+01  1.15e-01 1.67e-03    109s
  63  -1.89355578e+01  2.40877183e-01  6.17e+00 1.21e+00  5.34e+01  6.77e+01 1.40e-02  4.96e+01  1.14e-01 1.63e-03    110s
  64  -1.95209485e+01  2.41025404e-01  6.27e+00 1.21e+00  5.34e+01  6.94e+01 1.40e-02  4.96e+01  1.12e-01 1.58e-03    112s
  65  -2.01062982e+01  2.41169650e-01  6.37e+00 1.21e+00  5.33e+01  7.12e+01 1.40e-02  4.97e+01  1.11e-01 1.54e-03    114s
  66  -2.06915266e+01  2.41310052e-01  6.47e+00 1.21e+00  5.32e+01  7.30e+01 1.40e-02  4.97e+01  1.09e-01 1.51e-03    116s
  67  -2.12759682e+01  2.41446602e-01  6.56e+00 1.21e+00  5.31e+01  7.48e+01 1.40e-02  4.97e+01  1.08e-01 1.47e-03    118s
  68  -2.18601213e+01  2.41579563e-01  6.66e+00 1.21e+00  5.31e+01  7.66e+01 1.40e-02  4.97e+01  1.07e-01 1.43e-03    119s
  69  -2.24439065e+01  2.41709054e-01  6.76e+00 1.20e+00  5.30e+01  7.85e+01 1.40e-02  4.97e+01  1.06e-01 1.39e-03    121s
  70  -2.30272448e+01  2.41835185e-01  6.86e+00 1.20e+00  5.29e+01  8.03e+01 1.40e-02  4.97e+01  1.04e-01 1.36e-03    123s
  71  -2.36106414e+01  2.41958189e-01  6.96e+00 1.20e+00  5.29e+01  8.22e+01 1.40e-02  4.98e+01  1.03e-01 1.33e-03    125s
  72  -2.41934415e+01  2.42078043e-01  7.06e+00 1.20e+00  5.28e+01  8.41e+01 1.40e-02  4.98e+01  1.02e-01 1.30e-03    127s
  73  -2.47761503e+01  2.42194962e-01  7.16e+00 1.20e+00  5.28e+01  8.61e+01 1.40e-02  4.98e+01  1.01e-01 1.27e-03    129s
  74  -2.53581148e+01  2.42308924e-01  7.26e+00 1.20e+00  5.27e+01  8.80e+01 1.40e-02  4.98e+01  9.96e-02 1.24e-03    131s
  75  -2.59404228e+01  2.42420242e-01  7.36e+00 1.19e+00  5.26e+01  9.00e+01 1.40e-02  4.98e+01  9.85e-02 1.21e-03    132s
  76  -2.65224288e+01  2.42528885e-01  7.46e+00 1.19e+00  5.26e+01  9.20e+01 1.40e-02  4.98e+01  9.74e-02 1.18e-03    134s
  77  -2.71040633e+01  2.42634932e-01  7.56e+00 1.19e+00  5.25e+01  9.41e+01 1.40e-02  4.98e+01  9.64e-02 1.16e-03    136s
  78  -2.76852574e+01  2.42738461e-01  7.66e+00 1.19e+00  5.25e+01  9.61e+01 1.40e-02  4.98e+01  9.54e-02 1.13e-03    138s
  79  -2.82665240e+01  2.42839646e-01  7.76e+00 1.19e+00  5.24e+01  9.82e+01 1.40e-02  4.98e+01  9.43e-02 1.10e-03    139s
  80  -2.88472198e+01  2.42938456e-01  7.86e+00 1.19e+00  5.24e+01  1.00e+02 1.40e-02  4.99e+01  9.33e-02 1.08e-03    141s
  81  -2.94278583e+01  2.43035056e-01  7.96e+00 1.19e+00  5.23e+01  1.02e+02 1.40e-02  4.99e+01  9.24e-02 1.06e-03    142s
  82  -3.00083782e+01  2.43129507e-01  8.06e+00 1.18e+00  5.23e+01  1.05e+02 1.40e-02  4.99e+01  9.14e-02 1.03e-03    144s
  83  -3.05887187e+01  2.43221870e-01  8.16e+00 1.18e+00  5.22e+01  1.07e+02 1.40e-02  4.99e+01  9.05e-02 1.01e-03    146s
  84  -3.11688194e+01  2.43312200e-01  8.26e+00 1.18e+00  5.22e+01  1.09e+02 1.40e-02  4.99e+01  8.96e-02 9.92e-04    148s

The solution quality is limited by the precision of the linear system solver.

The II-IPM stopped after 85 iterations in 148.06 seconds.

Primal variables:   [+1.764 +90.509 +2.229 +9.036 +8.686 +3.378 +74.323 +9.849]
Dual slacks:        [+5.177 +0.036 +3.450 +0.746 +0.682 +2.759 +0.048 +0.665]
Dual variables:     [+5.433 -3.758]

Primal objective:   -3.11688194e+01
Dual objective:     2.43312200e-01 

Primal residual:    8.26e+00
Dual residual:      1.18e+00
Complementraty:     5.22e+01

Number of Iter:     85
Run time:           148.06
