
================= Linear optimization problem Information =================
Number of variables:     8
Number of constraints:   2

Norm of primal sol:      3.09e+01
Norm of dual sol:        1.00e+01
Norm of dual slacks:     5.00e+00

Norm of vector b:        1.60e+01
Norm of vector c:        6.20e+00

Norm of matrix A:        1.12e+00
Condition number:        2.00e+00
Seed:                    21

======================= Linear optimization problem =======================
coeff matrix A:          [[-0.130 -0.080 +0.467 -0.218 +0.086 +0.002 -0.207 +0.068]
                          [+0.372 +0.422 +0.446 -0.202 -0.265 -0.230 -0.407 +0.247]]

RHS vector b:            [+8.464 +13.578]
Obj vector c:            [+3.830 +2.414 -2.503 +1.192 +3.020 -0.936 +0.270 +0.362]

============================ Optimal solution =============================
Primal variables:        [+0.000 +8.383 +20.906 +0.627 +0.000 +1.472 +8.765 +19.252]
Dual slacks:             [+1.151 +0.000 +0.000 +0.000 +4.866 +0.000 +0.000 +0.000]
Dual variables:          [-9.168 +3.994]

Optimal objective:       -2.33738444e+01
===========================================================================

Method:             II-QIPM
LO_Precision:       1.00e-01
Stop_Precision:     1.00e-03
LO_Verbosity:       2
Omega:              1.00e+01
num_ancillae:       4

The Quantum Inexact Infeasible Interior-Point Method starts running ...


                  Objective                Residual                      Quantum                    Step-length
Iter      Primal           Dual         Primal    Dual     Compl    ||Resl||   Prob    Cond-Num   a-star   a-hat      Time
   0   5.73918322e+01  7.55241928e+01  8.45e+00 1.70e+01  5.15e+02  1.87e-02 2.80e-02  4.00e+00  4.48e-01 3.49e-01      2s
   1   5.34015734e+01  6.92046668e+01  7.72e+00 1.56e+01  4.75e+02 *3.21e-01 5.81e-02  7.15e+00  6.15e-01 8.58e-02      3s
   2   4.89681013e+01  6.19649149e+01  7.00e+00 1.41e+01  4.34e+02 *2.44e-02 4.67e-02  7.99e+00  6.50e-01 9.39e-02      5s
   3   4.36565331e+01  5.36223613e+01  6.26e+00 1.26e+01  3.93e+02 *6.68e-01 3.65e-02  8.99e+00  6.78e-01 1.06e-01      7s
   4   3.72752656e+01  4.44890398e+01  5.56e+00 1.11e+01  3.51e+02 *1.58e+00 2.82e-02  1.03e+01  6.99e-01 1.16e-01      9s
   5   2.96437206e+01  3.48543318e+01  4.92e+00 9.74e+00  3.11e+02 *2.69e+00 2.23e-02  1.20e+01  7.15e-01 1.26e-01     11s
   6   2.05688104e+01  2.48870294e+01  4.38e+00 8.41e+00  2.73e+02 *3.89e+00 1.87e-02  1.44e+01  7.29e-01 1.37e-01     13s
   7   9.71802443e+00  1.45871868e+01  4.03e+00 7.12e+00  2.35e+02 *5.13e+00 1.68e-02  1.77e+01  7.44e-01 1.53e-01     15s
   8  -3.47462788e+00  3.93076056e+00  4.00e+00 5.87e+00  1.97e+02 *6.43e+00 1.60e-02  2.24e+01  6.90e-01 1.77e-01     17s
   9  -2.02602086e+01 -7.10627274e+00  4.50e+00 4.61e+00  1.57e+02 *8.01e+00 1.56e-02  2.89e+01  6.13e-01 2.13e-01     19s
  10  -4.45718079e+01 -1.86355226e+01  5.96e+00 3.34e+00  1.14e+02 *1.06e+01 1.55e-02  3.70e+01  5.04e-01 2.76e-01     21s
  11  -7.23259387e+01 -2.48475671e+01  8.38e+00 2.65e+00  8.84e+01 *1.80e+01 1.54e-02  3.92e+01  3.15e-01 2.07e-01     22s
  12  -7.47074271e+01 -2.49930229e+01  8.63e+00 2.63e+00  8.78e+01 *4.35e+01 1.79e-02  2.31e+01  1.49e-01 7.24e-03     24s
  13  -7.56012491e+01 -2.50430886e+01  8.73e+00 2.63e+00  8.76e+01 *4.60e+01 1.89e-02  2.21e+01  1.45e-01 2.57e-03     26s
  14  -7.64950076e+01 -2.50915829e+01  8.82e+00 2.62e+00  8.74e+01 *4.69e+01 1.94e-02  2.17e+01  1.44e-01 2.53e-03     28s
  15  -7.73877332e+01 -2.51385119e+01  8.92e+00 2.61e+00  8.72e+01 *4.79e+01 2.00e-02  2.13e+01  1.43e-01 2.48e-03     29s
  16  -7.82811212e+01 -2.51840217e+01  9.02e+00 2.61e+00  8.70e+01 *4.88e+01 2.06e-02  2.10e+01  1.41e-01 2.43e-03     31s
  17  -7.91750896e+01 -2.52281575e+01  9.11e+00 2.60e+00  8.68e+01 *4.98e+01 2.12e-02  2.06e+01  1.40e-01 2.39e-03     33s
  18  -8.00704437e+01 -2.52710056e+01  9.21e+00 2.59e+00  8.66e+01 *5.07e+01 2.20e-02  2.03e+01  1.39e-01 2.36e-03     34s
  19  -8.09670950e+01 -2.53126044e+01  9.31e+00 2.59e+00  8.64e+01 *5.16e+01 2.28e-02  1.99e+01  1.38e-01 2.32e-03     36s
  20  -8.18649463e+01 -2.53529909e+01  9.41e+00 2.58e+00  8.62e+01 *5.25e+01 2.38e-02  1.96e+01  1.37e-01 2.29e-03     38s
  21  -8.27656916e+01 -2.53922793e+01  9.51e+00 2.58e+00  8.61e+01 *5.34e+01 2.48e-02  1.93e+01  1.37e-01 2.26e-03     40s
  22  -8.36692383e+01 -2.54304979e+01  9.61e+00 2.57e+00  8.59e+01 *5.43e+01 2.59e-02  1.90e+01  1.36e-01 2.24e-03     41s
  23  -8.45763901e+01 -2.54677111e+01  9.71e+00 2.56e+00  8.57e+01 *5.52e+01 2.72e-02  1.87e+01  1.35e-01 2.22e-03     43s
  24  -8.54870455e+01 -2.55039426e+01  9.81e+00 2.56e+00  8.55e+01 *5.61e+01 2.86e-02  1.84e+01  1.35e-01 2.20e-03     45s
  25  -8.64020051e+01 -2.55392506e+01  9.91e+00 2.55e+00  8.54e+01 *5.69e+01 3.02e-02  1.81e+01  1.34e-01 2.18e-03     46s
  26  -8.73220756e+01 -2.55736888e+01  1.00e+01 2.55e+00  8.52e+01 *5.78e+01 3.19e-02  1.78e+01  1.34e-01 2.17e-03     48s
  27  -8.82471449e+01 -2.56072735e+01  1.01e+01 2.54e+00  8.50e+01 *5.86e+01 3.38e-02  1.75e+01  1.34e-01 2.16e-03     49s
  28  -8.91789457e+01 -2.56400859e+01  1.02e+01 2.54e+00  8.49e+01 *5.94e+01 3.59e-02  1.72e+01  1.34e-01 2.15e-03     51s
  29  -9.01173663e+01 -2.56721366e+01  1.03e+01 2.53e+00  8.47e+01 *6.02e+01 3.83e-02  1.69e+01  1.33e-01 2.15e-03     53s
  30  -9.10641649e+01 -2.57034982e+01  1.04e+01 2.53e+00  8.45e+01 *6.09e+01 4.08e-02  1.66e+01  1.34e-01 2.15e-03     55s
  31  -9.20192255e+01 -2.57341757e+01  1.06e+01 2.52e+00  8.44e+01 *6.16e+01 4.37e-02  1.64e+01  1.34e-01 2.16e-03     57s
  32  -9.29833660e+01 -2.57642039e+01  1.07e+01 2.51e+00  8.42e+01 *6.22e+01 4.69e-02  1.61e+01  1.34e-01 2.17e-03     59s
  33  -9.39593555e+01 -2.57936731e+01  1.08e+01 2.51e+00  8.40e+01 *6.29e+01 5.05e-02  1.58e+01  1.34e-01 2.18e-03     61s
  34  -9.49460923e+01 -2.58225502e+01  1.09e+01 2.50e+00  8.39e+01 *6.34e+01 5.44e-02  1.56e+01  1.35e-01 2.20e-03     63s
  35  -9.59453828e+01 -2.58508887e+01  1.10e+01 2.50e+00  8.37e+01 *6.39e+01 5.88e-02  1.53e+01  1.36e-01 2.23e-03     65s
  36  -9.69600798e+01 -2.58787643e+01  1.11e+01 2.49e+00  8.35e+01 *6.44e+01 6.36e-02  1.51e+01  1.37e-01 2.27e-03     67s
  37  -9.79910582e+01 -2.59061905e+01  1.13e+01 2.49e+00  8.34e+01 *6.47e+01 6.90e-02  1.48e+01  1.38e-01 2.31e-03     69s
  38  -9.90402113e+01 -2.59332038e+01  1.14e+01 2.48e+00  8.32e+01 *6.50e+01 7.51e-02  1.46e+01  1.40e-01 2.36e-03     70s
  39  -1.00109446e+02 -2.59598349e+01  1.15e+01 2.48e+00  8.30e+01 *6.52e+01 8.18e-02  1.43e+01  1.41e-01 2.43e-03     72s
  40  -1.01201759e+02 -2.59861340e+01  1.16e+01 2.47e+00  8.28e+01 *6.53e+01 8.94e-02  1.41e+01  1.44e-01 2.51e-03     74s
  41  -1.02321313e+02 -2.60121680e+01  1.18e+01 2.46e+00  8.26e+01 *6.53e+01 9.78e-02  1.38e+01  1.46e-01 2.61e-03     76s
  42  -1.03470086e+02 -2.60379395e+01  1.19e+01 2.46e+00  8.24e+01 *6.51e+01 1.07e-01  1.36e+01  1.49e-01 2.72e-03     78s
  43  -1.04653472e+02 -2.60635167e+01  1.21e+01 2.45e+00  8.22e+01 *6.47e+01 1.18e-01  1.33e+01  1.53e-01 2.87e-03     80s
  44  -1.05878197e+02 -2.60889729e+01  1.22e+01 2.44e+00  8.20e+01 *6.42e+01 1.31e-01  1.31e+01  1.58e-01 3.06e-03     82s
  45  -1.07149837e+02 -2.61143290e+01  1.24e+01 2.43e+00  8.17e+01 *6.34e+01 1.45e-01  1.28e+01  1.63e-01 3.30e-03     84s
  46  -1.08480386e+02 -2.61396957e+01  1.26e+01 2.42e+00  8.14e+01 *6.23e+01 1.61e-01  1.25e+01  1.70e-01 3.61e-03     86s
  47  -1.09880692e+02 -2.61650957e+01  1.28e+01 2.41e+00  8.11e+01 *6.09e+01 1.80e-01  1.23e+01  1.79e-01 4.02e-03     88s
  48  -1.11368377e+02 -2.61905798e+01  1.30e+01 2.40e+00  8.08e+01 *5.91e+01 2.02e-01  1.20e+01  1.91e-01 4.60e-03     89s
  49  -1.12972840e+02 -2.62162167e+01  1.32e+01 2.39e+00  8.04e+01 *5.67e+01 2.29e-01  1.17e+01  2.06e-01 5.46e-03     91s
  50  -1.14731864e+02 -2.62418290e+01  1.35e+01 2.37e+00  7.99e+01 *5.35e+01 2.62e-01  1.14e+01  2.28e-01 6.83e-03     93s
  51  -1.16715788e+02 -2.62668029e+01  1.38e+01 2.35e+00  7.92e+01 *4.94e+01 3.03e-01  1.10e+01  2.62e-01 9.31e-03     95s
  52  -1.19054504e+02 -2.62881815e+01  1.42e+01 2.32e+00  7.82e+01 *4.36e+01 3.58e-01  1.06e+01  3.20e-01 1.49e-02     97s
  53  -1.22010054e+02 -2.62850894e+01  1.48e+01 2.24e+00  7.57e+01 *3.51e+01 4.39e-01  1.02e+01  4.53e-01 3.51e-02     99s
  54  -1.07648613e+02 -2.45467265e+01  1.91e+01 4.24e-01  1.70e+01  2.05e+01 5.86e-01  9.47e+00  8.76e-01 8.10e-01    101s
  55  -5.27010408e+01 -2.38427503e+01  1.05e+01 2.20e-01  9.36e+00 *3.83e+00 3.63e-01  6.31e+00  7.14e-01 4.81e-01    102s
  56  -4.70301685e+01 -2.34559985e+01  6.85e+00 1.56e-01  6.81e+00 *2.81e+00 4.10e-01  1.29e+01  7.32e-01 2.91e-01    104s
  57  -4.99449617e+01 -2.34743455e+01  7.01e+00 1.49e-01  6.51e+00 *1.12e+01 5.81e-02  1.86e+01  5.05e-01 4.88e-02    106s
  58  -5.26547836e+01 -2.34898343e+01  7.19e+00 1.42e-01  6.25e+00 *1.20e+01 6.12e-02  1.85e+01  4.85e-01 4.36e-02    108s
  59  -5.52191763e+01 -2.35030935e+01  7.39e+00 1.36e-01  6.02e+00 *1.28e+01 6.61e-02  1.82e+01  4.70e-01 4.00e-02    110s
  60  -5.76749362e+01 -2.35145266e+01  7.59e+00 1.31e-01  5.81e+00 *1.36e+01 7.28e-02  1.79e+01  4.59e-01 3.75e-02    112s
  61  -6.00493317e+01 -2.35244173e+01  7.81e+00 1.27e-01  5.62e+00 *1.43e+01 8.15e-02  1.75e+01  4.52e-01 3.59e-02    113s
  62  -6.23649649e+01 -2.35329656e+01  8.05e+00 1.22e-01  5.44e+00 *1.50e+01 9.28e-02  1.71e+01  4.48e-01 3.51e-02    115s
  63  -6.46514424e+01 -2.35403251e+01  8.31e+00 1.18e-01  5.27e+00  1.56e+01 1.07e-01  1.67e+01  4.51e-01 3.55e-02    116s
  64  -6.69322865e+01 -2.35465240e+01  8.59e+00 1.13e-01  5.09e+00  1.61e+01 1.26e-01  1.62e+01  4.61e-01 3.75e-02    118s
  65  -6.92482082e+01 -2.35514457e+01  8.92e+00 1.09e-01  4.89e+00  1.64e+01 1.50e-01  1.56e+01  4.84e-01 4.26e-02    120s
  66  -7.15073506e+01 -2.35542310e+01  9.31e+00 1.03e-01  4.66e+00  1.64e+01 1.84e-01  1.51e+01  5.33e-01 5.21e-02    122s
  67  -7.15081461e+01 -2.35542302e+01  9.31e+00 1.03e-01  4.66e+00  1.57e+01 2.29e-01  1.44e+01  6.48e-01 3.16e-05    124s

The solution quality is limited by the precision of the linear system solver.

The II-IPM stopped after 68 iterations in 123.94 seconds.

Primal variables:   [+0.981 +5.262 +35.070 +11.220 +0.072 +24.388 +20.509 +9.696]
Dual slacks:        [+1.250 +0.101 +0.019 +0.050 +4.841 +0.012 +0.024 +0.058]
Dual variables:     [-8.975 +3.860]

Primal objective:   -7.15081461e+01
Dual objective:     -2.35542302e+01

Primal residual:    9.31e+00
Dual residual:      1.03e-01
Complementraty:     4.66e+00

Number of Iter:     68
Run time:           123.94
