
================= Linear optimization problem Information =================
Number of variables:     8
Number of constraints:   2

Norm of primal sol:      3.61e+00
Norm of dual sol:        1.00e+01
Norm of dual slacks:     5.00e+00

Norm of vector b:        2.00e+00
Norm of vector c:        1.01e+01

Norm of matrix A:        1.12e+00
Condition number:        2.00e+00
Seed:                    94

======================= Linear optimization problem =======================
coeff matrix A:          [[-0.178 -0.347 -0.090 -0.403 +0.335 -0.215 +0.316 -0.274]
                          [+0.466 +0.275 -0.058 +0.244 -0.312 +0.331 +0.106 -0.146]]

RHS vector b:            [-1.180 +1.615]
Obj vector c:            [-1.833 -3.497 -0.893 -4.055 +7.154 +1.097 +3.144 -2.721]

============================ Optimal solution =============================
Primal variables:        [+1.925 +1.625 +1.846 +1.133 +0.000 +0.000 +1.370 +0.302]
Dual slacks:             [+0.000 +0.000 +0.000 +0.000 +3.771 +3.283 +0.000 +0.000]
Dual variables:          [+9.999 -0.109]

Optimal objective:       -1.19721672e+01
===========================================================================

Method:             II-QIPM
LO_Precision:       1.00e-01
Stop_Precision:     1.00e-03
LO_Verbosity:       2
Omega:              1.00e+01
num_ancillae:       4

The Quantum Inexact Infeasible Interior-Point Method starts running ...


                  Objective                Residual                      Quantum                    Step-length
Iter      Primal           Dual         Primal    Dual     Compl    ||Resl||   Prob    Cond-Num   a-star   a-hat      Time
   0   2.88983036e+01 -2.62087265e+01  2.90e+00 8.46e+00  2.81e+02  5.59e-03 1.69e-02  4.00e+00  8.47e-01 7.23e-01      1s
   1   2.65852008e+01 -2.59994008e+01  1.74e+00 5.06e+00  1.82e+02 *6.78e-03 1.97e-02  2.98e+00  8.81e-01 4.02e-01      3s
   2   2.17797323e+01 -2.57295465e+01  1.36e+00 3.97e+00  1.48e+02 *1.43e-02 1.66e-02  2.38e+00  8.66e-01 2.14e-01      5s
   3   1.64015755e+01 -2.53817382e+01  1.08e+00 3.13e+00  1.20e+02 *2.16e-02 2.35e-02  2.59e+00  8.57e-01 2.14e-01      6s
   4   1.10286494e+01 -2.49217058e+01  8.61e-01 2.47e+00  9.72e+01 *8.90e-02 5.01e-02  3.45e+00  8.41e-01 2.08e-01      8s
   5   5.59718315e+00 -2.43059777e+01  6.57e-01 1.92e+00  7.75e+01 *8.90e-02 1.00e-01  5.24e+00  8.01e-01 2.25e-01      9s
   6   7.03669104e-01 -2.34716909e+01  4.73e-01 1.47e+00  6.11e+01 *2.68e-01 2.77e-01  8.82e+00  7.67e-01 2.33e-01     11s
   7  -2.82284654e+00 -2.29842757e+01  4.89e-01 1.05e+00  4.51e+01  2.13e+00 8.37e-02  1.53e+01  6.49e-01 2.84e-01     13s
   8  -5.19593337e+00 -2.28827910e+01  1.07e+00 8.77e-01  3.79e+01  4.11e+00 1.59e-02  2.87e+01  5.10e-01 1.68e-01     14s
   9  -3.35998492e+00 -2.25575902e+01  9.74e-01 8.27e-01  3.60e+01  4.20e+00 2.77e-03  4.23e+01  5.41e-01 5.69e-02     15s
  10  -5.91381267e+00 -2.25232041e+01  1.48e+00 7.47e-01  3.27e+01  6.28e+00 2.10e-03  4.83e+01  4.06e-01 9.69e-02     16s
  11  -4.61574265e+00 -2.25217407e+01  1.51e+00 7.31e-01  3.20e+01  7.43e+00 1.85e-03  6.02e+01  3.65e-01 2.19e-02     18s
  12  -3.31538748e+00 -2.25202567e+01  1.55e+00 7.16e-01  3.14e+01  8.01e+00 1.22e-03  6.44e+01  3.54e-01 2.02e-02     19s
  13  -2.00770605e+00 -2.25185399e+01  1.61e+00 7.02e-01  3.09e+01  8.64e+00 7.35e-04  6.86e+01  3.42e-01 1.87e-02     20s
  14  -6.86292016e-01 -2.25160993e+01  1.67e+00 6.90e-01  3.04e+01  9.32e+00 3.96e-04  7.27e+01  3.32e-01 1.74e-02     21s
  15   6.72975517e-01 -2.25101375e+01  1.74e+00 6.79e-01  2.99e+01  9.98e+00 2.00e-04  7.67e+01  3.25e-01 1.66e-02     23s
  16  -1.66117164e+00 -2.24857910e+01  2.04e+00 6.48e-01  2.87e+01  1.04e+01 1.48e-04  8.06e+01  3.02e-01 4.47e-02     24s
  17  -5.99234256e-01 -2.24858350e+01  2.11e+00 6.40e-01  2.83e+01  1.08e+01 1.74e-03  8.77e+01  2.89e-01 1.28e-02     25s
  18   4.59867708e-01 -2.24858638e+01  2.17e+00 6.33e-01  2.80e+01  1.15e+01 1.41e-03  9.10e+01  2.81e-01 1.20e-02     26s
  19   1.52063709e+00 -2.24858742e+01  2.24e+00 6.25e-01  2.77e+01  1.22e+01 1.12e-03  9.41e+01  2.73e-01 1.12e-02     28s
  20   2.58331708e+00 -2.24858625e+01  2.32e+00 6.19e-01  2.75e+01  1.29e+01 8.72e-04  9.70e+01  2.66e-01 1.06e-02     30s
  21   3.65013760e+00 -2.24858242e+01  2.39e+00 6.13e-01  2.72e+01  1.36e+01 6.57e-04  9.99e+01  2.59e-01 9.95e-03     31s
  22   4.72009516e+00 -2.24857526e+01  2.47e+00 6.07e-01  2.70e+01  1.44e+01 4.77e-04  1.03e+02  2.52e-01 9.36e-03     32s
  23   5.79526705e+00 -2.24856371e+01  2.55e+00 6.02e-01  2.68e+01  1.53e+01 3.30e-04  1.05e+02  2.46e-01 8.84e-03     33s
  24   6.87562399e+00 -2.24854582e+01  2.64e+00 5.97e-01  2.66e+01  1.62e+01 2.14e-04  1.08e+02  2.40e-01 8.34e-03     35s
  25   7.96334227e+00 -2.24851756e+01  2.72e+00 5.92e-01  2.64e+01  1.71e+01 1.27e-04  1.10e+02  2.34e-01 7.90e-03     37s
  26   9.06102800e+00 -2.24846805e+01  2.81e+00 5.87e-01  2.62e+01  1.80e+01 6.69e-05  1.12e+02  2.29e-01 7.51e-03     38s
  27   1.01769783e+01 -2.24834454e+01  2.90e+00 5.83e-01  2.60e+01  1.89e+01 3.30e-05  1.14e+02  2.24e-01 7.21e-03     39s
  28   8.46482161e+00 -2.24708173e+01  3.05e+00 5.73e-01  2.56e+01  1.93e+01 2.35e-05  1.16e+02  2.07e-01 1.72e-02     41s
  29   9.41303289e+00 -2.24708740e+01  3.13e+00 5.70e-01  2.54e+01  2.00e+01 8.07e-04  1.18e+02  2.07e-01 6.09e-03     42s
  30   1.03616041e+01 -2.24709232e+01  3.21e+00 5.66e-01  2.53e+01  2.09e+01 7.03e-04  1.20e+02  2.03e-01 5.79e-03     44s
  31   1.13110493e+01 -2.24709652e+01  3.29e+00 5.63e-01  2.52e+01  2.18e+01 6.10e-04  1.22e+02  1.98e-01 5.52e-03     45s
  32   1.22618900e+01 -2.24710003e+01  3.38e+00 5.60e-01  2.51e+01  2.28e+01 5.28e-04  1.23e+02  1.94e-01 5.27e-03     46s
  33   1.32146587e+01 -2.24710286e+01  3.46e+00 5.57e-01  2.49e+01  2.38e+01 4.54e-04  1.24e+02  1.90e-01 5.04e-03     48s
  34   1.41670398e+01 -2.24710501e+01  3.55e+00 5.55e-01  2.48e+01  2.49e+01 3.89e-04  1.26e+02  1.86e-01 4.81e-03     49s
  35   1.51214248e+01 -2.24710648e+01  3.64e+00 5.52e-01  2.47e+01  2.59e+01 3.31e-04  1.27e+02  1.83e-01 4.61e-03     51s
  36   1.60774115e+01 -2.24710727e+01  3.72e+00 5.50e-01  2.46e+01  2.70e+01 2.80e-04  1.28e+02  1.79e-01 4.41e-03     53s
  37   1.70345897e+01 -2.24710735e+01  3.81e+00 5.47e-01  2.45e+01  2.81e+01 2.35e-04  1.29e+02  1.75e-01 4.23e-03     55s
  38   1.79925447e+01 -2.24710668e+01  3.90e+00 5.45e-01  2.44e+01  2.93e+01 1.96e-04  1.30e+02  1.72e-01 4.05e-03     57s
  39   1.89518194e+01 -2.24710523e+01  3.99e+00 5.43e-01  2.43e+01  3.04e+01 1.62e-04  1.31e+02  1.69e-01 3.89e-03     58s
  40   1.99129824e+01 -2.24710291e+01  4.08e+00 5.41e-01  2.43e+01  3.16e+01 1.33e-04  1.32e+02  1.66e-01 3.74e-03     59s
  41   2.08756678e+01 -2.24709963e+01  4.17e+00 5.39e-01  2.42e+01  3.28e+01 1.08e-04  1.33e+02  1.63e-01 3.60e-03     60s
  42   2.18395142e+01 -2.24709526e+01  4.26e+00 5.37e-01  2.41e+01  3.41e+01 8.60e-05  1.34e+02  1.60e-01 3.46e-03     61s
  43   2.28051354e+01 -2.24708959e+01  4.35e+00 5.35e-01  2.40e+01  3.53e+01 6.79e-05  1.35e+02  1.57e-01 3.33e-03     62s
  44   2.37722189e+01 -2.24708234e+01  4.45e+00 5.34e-01  2.40e+01  3.66e+01 5.27e-05  1.36e+02  1.54e-01 3.21e-03     63s
  45   2.47414483e+01 -2.24707308e+01  4.54e+00 5.32e-01  2.39e+01  3.79e+01 4.03e-05  1.37e+02  1.52e-01 3.10e-03     65s
  46   2.57135815e+01 -2.24706110e+01  4.63e+00 5.30e-01  2.38e+01  3.92e+01 3.03e-05  1.37e+02  1.49e-01 2.99e-03     66s
  47   2.66875484e+01 -2.24704520e+01  4.72e+00 5.29e-01  2.38e+01  4.06e+01 2.24e-05  1.38e+02  1.47e-01 2.89e-03     67s
  48   2.76663761e+01 -2.24702292e+01  4.82e+00 5.27e-01  2.37e+01  4.20e+01 1.65e-05  1.39e+02  1.45e-01 2.80e-03     68s
  49   2.86508671e+01 -2.24698825e+01  4.91e+00 5.26e-01  2.36e+01  4.33e+01 1.23e-05  1.39e+02  1.43e-01 2.72e-03     69s
  50   2.96548493e+01 -2.24691685e+01  5.01e+00 5.25e-01  2.36e+01  4.45e+01 9.78e-06  1.40e+02  1.42e-01 2.69e-03     71s
  51   3.63463488e+01 -1.99311499e+01  5.00e+00 4.11e-01  1.86e+01 *8.05e+00 8.72e-06  1.41e+02  4.18e-01 2.16e-01     72s
  52   3.25616279e+01 -1.99296115e+01  5.62e+00 3.85e-01  1.72e+01  2.67e+01 6.57e-03  1.46e+02  1.48e-01 6.38e-02     73s
  53   3.33392750e+01 -1.99296453e+01  5.72e+00 3.84e-01  1.72e+01  5.29e+01 4.89e-03  1.42e+02  1.05e-01 2.12e-03     74s
  54   3.39658628e+01 -1.99296720e+01  5.80e+00 3.84e-01  1.71e+01  5.45e+01 5.04e-03  1.42e+02  1.04e-01 1.66e-03     75s
  55   3.45883170e+01 -1.99296980e+01  5.88e+00 3.83e-01  1.71e+01  5.58e+01 5.15e-03  1.43e+02  1.02e-01 1.62e-03     76s
  56   3.52054086e+01 -1.99297235e+01  5.96e+00 3.82e-01  1.71e+01  5.72e+01 5.27e-03  1.43e+02  1.01e-01 1.57e-03     77s
  57   3.58189947e+01 -1.99297484e+01  6.04e+00 3.82e-01  1.71e+01  5.85e+01 5.39e-03  1.43e+02  9.94e-02 1.53e-03     79s
  58   3.64278616e+01 -1.99297727e+01  6.12e+00 3.81e-01  1.70e+01  5.99e+01 5.51e-03  1.43e+02  9.80e-02 1.48e-03     80s
  59   3.70326284e+01 -1.99297965e+01  6.20e+00 3.81e-01  1.70e+01  6.13e+01 5.62e-03  1.43e+02  9.67e-02 1.44e-03     81s
  60   3.76333054e+01 -1.99298198e+01  6.28e+00 3.80e-01  1.70e+01  6.27e+01 5.73e-03  1.43e+02  9.55e-02 1.41e-03     82s
  61   3.82305004e+01 -1.99298426e+01  6.36e+00 3.80e-01  1.70e+01  6.42e+01 5.84e-03  1.43e+02  9.42e-02 1.37e-03     83s
  62   3.88230343e+01 -1.99298649e+01  6.44e+00 3.79e-01  1.69e+01  6.56e+01 5.95e-03  1.44e+02  9.30e-02 1.33e-03     85s
  63   3.94121003e+01 -1.99298867e+01  6.52e+00 3.79e-01  1.69e+01  6.71e+01 6.06e-03  1.44e+02  9.19e-02 1.30e-03     86s
  64   3.99977061e+01 -1.99299082e+01  6.60e+00 3.78e-01  1.69e+01  6.86e+01 6.17e-03  1.44e+02  9.07e-02 1.27e-03     87s
  65   4.05798597e+01 -1.99299291e+01  6.68e+00 3.78e-01  1.69e+01  7.01e+01 6.28e-03  1.44e+02  8.96e-02 1.23e-03     88s
  66   4.11579899e+01 -1.99299497e+01  6.76e+00 3.77e-01  1.69e+01  7.16e+01 6.38e-03  1.44e+02  8.85e-02 1.20e-03     89s
  67   4.17332578e+01 -1.99299698e+01  6.83e+00 3.77e-01  1.68e+01  7.31e+01 6.48e-03  1.44e+02  8.75e-02 1.17e-03     90s
  68   4.23045240e+01 -1.99299896e+01  6.91e+00 3.76e-01  1.68e+01  7.47e+01 6.58e-03  1.44e+02  8.64e-02 1.14e-03     92s
  69   4.28729354e+01 -1.99300090e+01  6.99e+00 3.76e-01  1.68e+01  7.62e+01 6.68e-03  1.44e+02  8.54e-02 1.12e-03     93s
  70   4.34384964e+01 -1.99300280e+01  7.07e+00 3.76e-01  1.68e+01  7.78e+01 6.78e-03  1.44e+02  8.44e-02 1.09e-03     95s
  71   4.40006483e+01 -1.99300466e+01  7.14e+00 3.75e-01  1.68e+01  7.94e+01 6.87e-03  1.44e+02  8.35e-02 1.06e-03     97s
  72   4.45599566e+01 -1.99300649e+01  7.22e+00 3.75e-01  1.68e+01  8.11e+01 6.97e-03  1.44e+02  8.25e-02 1.04e-03     99s
  73   4.51158681e+01 -1.99300829e+01  7.30e+00 3.74e-01  1.67e+01  8.27e+01 7.06e-03  1.44e+02  8.16e-02 1.01e-03    100s
  74   4.56689413e+01 -1.99301005e+01  7.37e+00 3.74e-01  1.67e+01  8.44e+01 7.15e-03  1.45e+02  8.07e-02 9.92e-04    102s

The solution quality is limited by the precision of the linear system solver.

The II-IPM stopped after 75 iterations in 101.72 seconds.

Primal variables:   [+1.356 +1.711 +32.738 +1.737 +0.513 +0.559 +122.286 +109.641]
Dual slacks:        [+2.193 +1.743 +0.050 +1.716 +2.107 +4.981 +0.009 +0.011]
Dual variables:     [+11.517 -3.929]

Primal objective:   4.56689413e+01 
Dual objective:     -1.99301005e+01

Primal residual:    7.37e+00
Dual residual:      3.74e-01
Complementraty:     1.67e+01

Number of Iter:     75
Run time:           101.72
