
================= Linear optimization problem Information =================
Number of variables:     8
Number of constraints:   2

Norm of primal sol:      3.60e+00
Norm of dual sol:        1.00e+01
Norm of dual slacks:     5.00e+00

Norm of vector b:        2.00e+00
Norm of vector c:        8.53e+00

Norm of matrix A:        1.12e+00
Condition number:        2.00e+00
Seed:                    9

======================= Linear optimization problem =======================
coeff matrix A:          [[+0.202 +0.086 +0.420 +0.167 +0.017 +0.256 -0.131 +0.187]
                          [+0.308 -0.040 +0.408 +0.290 +0.478 -0.345 +0.030 +0.429]]

RHS vector b:            [+1.096 +1.673]
Obj vector c:            [-2.729 -0.663 -5.355 -2.573 -1.827 +3.795 +1.124 -3.249]

============================ Optimal solution =============================
Primal variables:        [+0.000 +2.057 +2.032 +0.549 +0.583 +0.000 +1.716 +1.017]
Dual slacks:             [+0.237 +0.000 +0.000 +0.000 +0.000 +4.994 +0.000 +0.000]
Dual variables:          [-9.374 -3.482]

Optimal objective:       -1.60993915e+01
===========================================================================

Method:             II-QIPM
LO_Precision:       1.00e-01
Stop_Precision:     1.00e-03
LO_Verbosity:       2
Omega:              1.00e+01
num_ancillae:       4

The Quantum Inexact Infeasible Interior-Point Method starts running ...


                  Objective                Residual                      Quantum                    Step-length
Iter      Primal           Dual         Primal    Dual     Compl    ||Resl||   Prob    Cond-Num   a-star   a-hat      Time
   0  -2.88570884e+01 -4.00402779e+01  5.82e+00 1.09e+01  3.14e+02 *4.68e-02 2.28e-02  4.00e+00  7.98e-01 6.71e-01      2s
   1  -1.52394087e+01 -4.26630456e+01  3.69e+00 6.91e+00  2.13e+02  1.48e-02 1.63e-02  1.91e+00  7.12e-01 3.67e-01      4s
   2  -1.07097147e+01 -4.17913493e+01  2.92e+00 5.45e+00  1.74e+02  3.05e-02 1.93e-02  1.31e+00  8.90e-01 2.11e-01      6s
   3  -5.95036586e+00 -3.94104572e+01  1.90e+00 3.50e+00  1.21e+02  7.66e-02 1.93e-02  1.49e+00  9.02e-01 3.57e-01      8s
   4  -4.57842024e+00 -3.42214776e+01  6.35e-01 1.21e+00  5.60e+01  3.73e-02 2.27e-02  2.09e+00  8.30e-01 6.55e-01     10s
   5  -5.78964950e+00 -3.34386889e+01  5.77e-01 1.10e+00  5.15e+01  6.64e-02 1.72e-01  4.20e+00  6.27e-01 9.01e-02     11s
   6  -6.78395501e+00 -3.27660627e+01  5.31e-01 1.01e+00  4.79e+01  1.14e-01 2.16e-01  4.60e+00  6.25e-01 7.71e-02     13s
   7  -7.77919656e+00 -3.20389497e+01  4.88e-01 9.32e-01  4.44e+01  8.37e-02 2.98e-01  5.01e+00  6.35e-01 8.15e-02     15s
   8  -8.77032683e+00 -3.12335326e+01  4.46e-01 8.49e-01  4.09e+01  4.15e-02 4.53e-01  5.51e+00  6.51e-01 8.87e-02     17s
   9  -9.75263504e+00 -3.03522987e+01  4.05e-01 7.67e-01  3.73e+01  5.25e-02 6.75e-01  6.13e+00  6.66e-01 9.63e-02     18s
  10  -1.07482217e+01 -2.93820065e+01  3.68e-01 6.87e-01  3.38e+01  1.01e-01 8.59e-01  6.88e+00  6.83e-01 1.05e-01     20s
  11  -1.17459433e+01 -2.82675819e+01  3.32e-01 6.03e-01  3.01e+01  1.01e-01 8.73e-01  7.78e+00  7.11e-01 1.22e-01     22s
  12  -1.24949523e+01 -2.69834118e+01  2.73e-01 5.13e-01  2.60e+01 *7.69e-02 7.06e-01  8.90e+00  7.54e-01 1.49e-01     24s
  13  -1.22625146e+01 -2.58348086e+01  1.43e-01 4.28e-01  2.21e+01 *5.80e-01 4.59e-01  1.05e+01  7.81e-01 1.65e-01     26s
  14  -1.10207276e+01 -2.52652342e+01  8.88e-02 3.74e-01  1.96e+01 *1.42e+00 2.39e-01  1.29e+01  6.47e-01 1.27e-01     28s
  15  -9.70665516e+00 -2.50611757e+01  2.46e-01 3.43e-01  1.81e+01 *2.24e+00 1.09e-01  1.63e+01  5.47e-01 8.14e-02     29s
  16  -8.59630879e+00 -2.49810082e+01  3.86e-01 3.24e-01  1.72e+01 *2.79e+00 5.31e-02  1.98e+01  4.87e-01 5.65e-02     31s
  17  -7.65940448e+00 -2.49441746e+01  5.04e-01 3.10e-01  1.65e+01 *3.17e+00 3.01e-02  2.32e+01  4.49e-01 4.32e-02     33s
  18  -6.84658708e+00 -2.49251887e+01  6.06e-01 2.99e-01  1.60e+01 *3.46e+00 1.99e-02  2.64e+01  4.21e-01 3.51e-02     35s
  19  -6.12514553e+00 -2.49146592e+01  6.97e-01 2.90e-01  1.56e+01 *3.71e+00 1.49e-02  2.95e+01  3.99e-01 2.97e-02     37s
  20  -5.47448168e+00 -2.49085507e+01  7.79e-01 2.83e-01  1.52e+01 *3.94e+00 1.24e-02  3.24e+01  3.81e-01 2.56e-02     38s
  21  -4.87732177e+00 -2.49048940e+01  8.55e-01 2.76e-01  1.49e+01 *4.16e+00 1.10e-02  3.51e+01  3.64e-01 2.26e-02     40s
  22  -4.32381450e+00 -2.49026886e+01  9.25e-01 2.71e-01  1.46e+01 *4.37e+00 1.03e-02  3.77e+01  3.50e-01 2.01e-02     42s
  23  -3.80614048e+00 -2.49013733e+01  9.90e-01 2.66e-01  1.44e+01 *4.59e+00 9.94e-03  4.02e+01  3.37e-01 1.81e-02     43s
  24  -3.31814190e+00 -2.49006199e+01  1.05e+00 2.61e-01  1.42e+01 *4.80e+00 9.78e-03  4.26e+01  3.25e-01 1.64e-02     46s
  25  -2.85468074e+00 -2.49002297e+01  1.11e+00 2.58e-01  1.40e+01 *5.02e+00 9.74e-03  4.48e+01  3.13e-01 1.50e-02     48s
  26  -2.41223153e+00 -2.49000787e+01  1.17e+00 2.54e-01  1.38e+01 *5.24e+00 9.78e-03  4.69e+01  3.02e-01 1.37e-02     50s
  27  -1.98773486e+00 -2.49000871e+01  1.22e+00 2.51e-01  1.36e+01 *5.47e+00 9.85e-03  4.89e+01  2.91e-01 1.27e-02     51s
  28  -1.57894575e+00 -2.49002018e+01  1.27e+00 2.48e-01  1.35e+01 *5.70e+00 9.96e-03  5.08e+01  2.82e-01 1.17e-02     53s
  29  -1.18351371e+00 -2.49003877e+01  1.32e+00 2.45e-01  1.33e+01 *5.94e+00 1.01e-02  5.26e+01  2.73e-01 1.09e-02     55s
  30  -7.99742789e-01 -2.49006206e+01  1.37e+00 2.43e-01  1.32e+01 *6.19e+00 1.02e-02  5.43e+01  2.64e-01 1.02e-02     57s
  31  -4.26502123e-01 -2.49008835e+01  1.42e+00 2.40e-01  1.31e+01 *6.44e+00 1.03e-02  5.59e+01  2.57e-01 9.49e-03     59s
  32  -6.27952821e-02 -2.49011648e+01  1.47e+00 2.38e-01  1.30e+01 *6.70e+00 1.04e-02  5.74e+01  2.49e-01 8.89e-03     61s
  33   2.92971574e-01 -2.49014565e+01  1.51e+00 2.36e-01  1.29e+01 *6.96e+00 1.06e-02  5.88e+01  2.43e-01 8.35e-03     62s
  34   6.41563584e-01 -2.49017529e+01  1.56e+00 2.34e-01  1.28e+01 *7.23e+00 1.07e-02  6.01e+01  2.36e-01 7.86e-03     64s
  35   9.83327202e-01 -2.49020495e+01  1.60e+00 2.33e-01  1.27e+01 *7.51e+00 1.08e-02  6.13e+01  2.30e-01 7.41e-03     66s
  36   1.31922920e+00 -2.49023438e+01  1.64e+00 2.31e-01  1.26e+01 *7.79e+00 1.09e-02  6.25e+01  2.24e-01 7.00e-03     67s
  37   1.64983685e+00 -2.49026336e+01  1.69e+00 2.29e-01  1.26e+01 *8.08e+00 1.10e-02  6.36e+01  2.19e-01 6.63e-03     69s
  38   1.97567042e+00 -2.49029177e+01  1.73e+00 2.28e-01  1.25e+01 *8.38e+00 1.11e-02  6.47e+01  2.13e-01 6.29e-03     71s
  39   2.29721020e+00 -2.49031952e+01  1.77e+00 2.27e-01  1.24e+01 *8.69e+00 1.12e-02  6.57e+01  2.08e-01 5.97e-03     72s
  40   2.61458483e+00 -2.49034652e+01  1.81e+00 2.25e-01  1.24e+01 *9.00e+00 1.13e-02  6.66e+01  2.04e-01 5.67e-03     74s
  41   2.92821421e+00 -2.49037275e+01  1.85e+00 2.24e-01  1.23e+01 *9.32e+00 1.14e-02  6.75e+01  1.99e-01 5.40e-03     75s
  42   3.23849258e+00 -2.49039820e+01  1.89e+00 2.23e-01  1.22e+01 *9.64e+00 1.14e-02  6.83e+01  1.95e-01 5.15e-03     77s
  43   3.54610003e+00 -2.49042290e+01  1.93e+00 2.22e-01  1.22e+01 *9.98e+00 1.15e-02  6.91e+01  1.91e-01 4.92e-03     79s
  44   3.85047556e+00 -2.49044678e+01  1.97e+00 2.21e-01  1.21e+01 *1.03e+01 1.16e-02  6.99e+01  1.87e-01 4.69e-03     81s
  45   4.15226122e+00 -2.49046989e+01  2.01e+00 2.20e-01  1.21e+01 *1.07e+01 1.16e-02  7.06e+01  1.83e-01 4.49e-03     82s
  46   4.45178231e+00 -2.49049227e+01  2.04e+00 2.19e-01  1.20e+01 *1.10e+01 1.17e-02  7.13e+01  1.79e-01 4.30e-03     84s
  47   4.74905523e+00 -2.49051391e+01  2.08e+00 2.18e-01  1.20e+01 *1.14e+01 1.18e-02  7.19e+01  1.76e-01 4.12e-03     85s
  48   5.04438367e+00 -2.49053485e+01  2.12e+00 2.17e-01  1.19e+01 *1.18e+01 1.18e-02  7.25e+01  1.72e-01 3.95e-03     87s
  49   5.33776933e+00 -2.49055511e+01  2.16e+00 2.16e-01  1.19e+01 *1.21e+01 1.19e-02  7.31e+01  1.69e-01 3.79e-03     88s
  50   5.62920779e+00 -2.49057469e+01  2.19e+00 2.16e-01  1.19e+01 *1.25e+01 1.19e-02  7.36e+01  1.66e-01 3.64e-03     90s
  51   5.91926916e+00 -2.49059365e+01  2.23e+00 2.15e-01  1.18e+01 *1.29e+01 1.20e-02  7.42e+01  1.63e-01 3.51e-03     92s
  52   6.20736404e+00 -2.49061197e+01  2.27e+00 2.14e-01  1.18e+01 *1.33e+01 1.20e-02  7.46e+01  1.60e-01 3.37e-03     94s
  53   6.49433414e+00 -2.49062972e+01  2.31e+00 2.13e-01  1.18e+01 *1.37e+01 1.21e-02  7.51e+01  1.57e-01 3.25e-03     96s
  54   6.77987523e+00 -2.49064690e+01  2.34e+00 2.13e-01  1.17e+01 *1.41e+01 1.21e-02  7.56e+01  1.55e-01 3.13e-03     97s
  55   7.06424840e+00 -2.49066354e+01  2.38e+00 2.12e-01  1.17e+01 *1.45e+01 1.22e-02  7.60e+01  1.52e-01 3.02e-03     99s
  56   7.34742915e+00 -2.49067967e+01  2.42e+00 2.11e-01  1.17e+01 *1.50e+01 1.22e-02  7.64e+01  1.50e-01 2.91e-03    101s
  57   7.62939053e+00 -2.49069528e+01  2.45e+00 2.11e-01  1.16e+01 *1.54e+01 1.22e-02  7.68e+01  1.47e-01 2.81e-03    103s
  58   7.91038445e+00 -2.49071042e+01  2.49e+00 2.10e-01  1.16e+01 *1.58e+01 1.23e-02  7.72e+01  1.45e-01 2.72e-03    105s
  59   8.19038176e+00 -2.49072510e+01  2.52e+00 2.10e-01  1.16e+01 *1.63e+01 1.23e-02  7.75e+01  1.42e-01 2.63e-03    106s
  60   8.46935164e+00 -2.49073934e+01  2.56e+00 2.09e-01  1.15e+01 *1.67e+01 1.23e-02  7.78e+01  1.40e-01 2.54e-03    108s
  61   8.74754003e+00 -2.49075315e+01  2.60e+00 2.09e-01  1.15e+01 *1.72e+01 1.24e-02  7.82e+01  1.38e-01 2.46e-03    110s
  62   9.02491546e+00 -2.49076656e+01  2.63e+00 2.08e-01  1.15e+01 *1.77e+01 1.24e-02  7.85e+01  1.36e-01 2.38e-03    111s
  63   9.30144528e+00 -2.49077957e+01  2.67e+00 2.08e-01  1.15e+01 *1.82e+01 1.24e-02  7.88e+01  1.34e-01 2.30e-03    113s
  64   9.57709589e+00 -2.49079221e+01  2.70e+00 2.07e-01  1.14e+01 *1.86e+01 1.24e-02  7.90e+01  1.32e-01 2.23e-03    115s
  65   9.85238318e+00 -2.49080450e+01  2.74e+00 2.07e-01  1.14e+01 *1.91e+01 1.25e-02  7.93e+01  1.30e-01 2.17e-03    118s
  66   1.01267273e+01 -2.49081643e+01  2.77e+00 2.06e-01  1.14e+01 *1.96e+01 1.25e-02  7.96e+01  1.28e-01 2.10e-03    120s
  67   1.04006401e+01 -2.49082804e+01  2.81e+00 2.06e-01  1.14e+01 *2.02e+01 1.25e-02  7.98e+01  1.26e-01 2.04e-03    121s
  68   1.06740898e+01 -2.49083934e+01  2.84e+00 2.06e-01  1.14e+01 *2.07e+01 1.25e-02  8.01e+01  1.25e-01 1.98e-03    123s
  69   1.09467711e+01 -2.49085032e+01  2.88e+00 2.05e-01  1.13e+01 *2.12e+01 1.26e-02  8.03e+01  1.23e-01 1.92e-03    125s
  70   1.12189209e+01 -2.49086100e+01  2.91e+00 2.05e-01  1.13e+01 *2.17e+01 1.26e-02  8.05e+01  1.21e-01 1.87e-03    127s
  71   1.14905062e+01 -2.49087140e+01  2.95e+00 2.04e-01  1.13e+01 *2.23e+01 1.26e-02  8.07e+01  1.20e-01 1.82e-03    128s
  72   1.17617647e+01 -2.49088153e+01  2.98e+00 2.04e-01  1.13e+01 *2.28e+01 1.26e-02  8.09e+01  1.18e-01 1.77e-03    130s
  73   1.20323940e+01 -2.49089140e+01  3.02e+00 2.04e-01  1.13e+01 *2.34e+01 1.27e-02  8.11e+01  1.17e-01 1.72e-03    132s
  74   1.23026306e+01 -2.49090101e+01  3.05e+00 2.03e-01  1.12e+01 *2.39e+01 1.27e-02  8.13e+01  1.15e-01 1.67e-03    134s
  75   1.25727128e+01 -2.49091039e+01  3.09e+00 2.03e-01  1.12e+01 *2.45e+01 1.27e-02  8.15e+01  1.14e-01 1.63e-03    136s
  76   1.28420716e+01 -2.49091952e+01  3.12e+00 2.03e-01  1.12e+01 *2.51e+01 1.27e-02  8.16e+01  1.12e-01 1.59e-03    137s
  77   1.31112110e+01 -2.49092843e+01  3.16e+00 2.02e-01  1.12e+01 *2.56e+01 1.27e-02  8.18e+01  1.11e-01 1.55e-03    139s
  78   1.33798324e+01 -2.49093712e+01  3.19e+00 2.02e-01  1.12e+01 *2.62e+01 1.27e-02  8.20e+01  1.10e-01 1.51e-03    141s
  79   1.36481721e+01 -2.49094560e+01  3.23e+00 2.02e-01  1.12e+01 *2.68e+01 1.28e-02  8.21e+01  1.08e-01 1.47e-03    143s
  80   1.39162001e+01 -2.49095387e+01  3.26e+00 2.02e-01  1.12e+01 *2.74e+01 1.28e-02  8.23e+01  1.07e-01 1.43e-03    145s
  81   1.41841545e+01 -2.49096196e+01  3.29e+00 2.01e-01  1.11e+01 *2.80e+01 1.28e-02  8.24e+01  1.06e-01 1.40e-03    146s
  82   1.44514725e+01 -2.49096985e+01  3.33e+00 2.01e-01  1.11e+01 *2.87e+01 1.28e-02  8.26e+01  1.04e-01 1.36e-03    148s
  83   1.47186564e+01 -2.49097755e+01  3.36e+00 2.01e-01  1.11e+01 *2.93e+01 1.28e-02  8.27e+01  1.03e-01 1.33e-03    150s
  84   1.49854117e+01 -2.49098508e+01  3.40e+00 2.00e-01  1.11e+01 *2.99e+01 1.28e-02  8.28e+01  1.02e-01 1.30e-03    152s
  85   1.52519752e+01 -2.49099244e+01  3.43e+00 2.00e-01  1.11e+01 *3.06e+01 1.28e-02  8.29e+01  1.01e-01 1.27e-03    154s
  86   1.55183195e+01 -2.49099963e+01  3.47e+00 2.00e-01  1.11e+01 *3.12e+01 1.29e-02  8.31e+01  9.98e-02 1.24e-03    156s
  87   1.57844172e+01 -2.49100666e+01  3.50e+00 2.00e-01  1.11e+01 *3.19e+01 1.29e-02  8.32e+01  9.87e-02 1.21e-03    158s
  88   1.60502409e+01 -2.49101354e+01  3.53e+00 1.99e-01  1.11e+01 *3.25e+01 1.29e-02  8.33e+01  9.76e-02 1.18e-03    160s
  89   1.63160293e+01 -2.49102027e+01  3.57e+00 1.99e-01  1.10e+01 *3.32e+01 1.29e-02  8.34e+01  9.65e-02 1.16e-03    162s
  90   1.65814918e+01 -2.49102686e+01  3.60e+00 1.99e-01  1.10e+01 *3.39e+01 1.29e-02  8.35e+01  9.55e-02 1.13e-03    164s
  91   1.68466013e+01 -2.49103329e+01  3.64e+00 1.99e-01  1.10e+01 *3.46e+01 1.29e-02  8.36e+01  9.45e-02 1.11e-03    166s
  92   1.71115960e+01 -2.49103960e+01  3.67e+00 1.99e-01  1.10e+01 *3.53e+01 1.29e-02  8.37e+01  9.35e-02 1.08e-03    168s
  93   1.73764513e+01 -2.49104577e+01  3.71e+00 1.98e-01  1.10e+01 *3.60e+01 1.29e-02  8.38e+01  9.25e-02 1.06e-03    170s
  94   1.76408778e+01 -2.49105181e+01  3.74e+00 1.98e-01  1.10e+01 *3.67e+01 1.29e-02  8.39e+01  9.16e-02 1.04e-03    171s
  95   1.79053779e+01 -2.49105773e+01  3.77e+00 1.98e-01  1.10e+01 *3.74e+01 1.29e-02  8.40e+01  9.07e-02 1.02e-03    173s
  96   1.81696653e+01 -2.49106353e+01  3.81e+00 1.98e-01  1.10e+01 *3.81e+01 1.30e-02  8.41e+01  8.97e-02 9.96e-04    175s

The solution quality is limited by the precision of the linear system solver.

The II-IPM stopped after 97 iterations in 175.26 seconds.

Primal variables:   [+0.886 +154.440 +0.410 +1.131 +0.796 +0.431 +115.932 +0.731]
Dual slacks:        [+1.937 +0.004 +2.448 +1.570 +2.189 +3.866 +0.007 +2.212]
Dual variables:     [-10.724 -7.865]

Primal objective:   1.81696653e+01 
Dual objective:     -2.49106353e+01

Primal residual:    3.81e+00
Dual residual:      1.98e-01
Complementraty:     1.10e+01

Number of Iter:     97
Run time:           175.26
