
================= Linear optimization problem Information =================
Number of variables:     8
Number of constraints:   2

Norm of primal sol:      1.60e+02
Norm of dual sol:        1.00e+01
Norm of dual slacks:     5.00e+00

Norm of vector b:        3.20e+01
Norm of vector c:        8.27e+00

Norm of matrix A:        1.12e+00
Condition number:        2.00e+00
Seed:                    37

======================= Linear optimization problem =======================
coeff matrix A:          [[+0.159 +0.242 -0.105 -0.525 +0.529 +0.227 +0.419 -0.323]
                          [+0.323 -0.249 +0.194 -0.145 +0.116 +0.103 +0.056 +0.124]]

RHS vector b:            [-31.991 +0.748]
Obj vector c:            [+5.593 -3.472 +2.152 +2.319 +0.173 -0.699 -2.308 +3.044]

============================ Optimal solution =============================
Primal variables:        [+0.000 +58.319 +24.227 +73.121 +0.000 +85.980 +12.998 +93.677]
Dual slacks:             [+4.180 +0.000 +0.000 +0.000 +2.744 +0.000 +0.000 +0.000]
Dual variables:          [-6.522 +7.581]

Optimal objective:       +2.14304924e+02
===========================================================================

Method:             II-QIPM
LO_Precision:       1.00e-01
Stop_Precision:     1.00e-03
LO_Verbosity:       2
Omega:              1.00e+01
num_ancillae:       4

The Quantum Inexact Infeasible Interior-Point Method starts running ...


                  Objective                Residual                      Quantum                    Step-length
Iter      Primal           Dual         Primal    Dual     Compl    ||Resl||   Prob    Cond-Num   a-star   a-hat      Time
   0   1.01860336e+02  3.88498259e+02  2.81e+01 1.97e+01  5.07e+02 *6.53e-02 1.85e-02  4.00e+00  3.41e-01 2.72e-01      2s
   1   1.05169711e+02  3.92029846e+02  2.74e+01 1.92e+01  4.96e+02 *5.17e-02 1.93e-01  8.07e+00  3.11e-01 2.36e-02      4s
   2   1.07284278e+02  3.93672045e+02  2.70e+01 1.89e+01  4.89e+02 *3.28e-01 3.94e-01  8.66e+00  3.24e-01 1.56e-02      5s
   3   1.09524064e+02  3.95059571e+02  2.65e+01 1.86e+01  4.82e+02 *4.32e-01 6.65e-01  9.05e+00  3.33e-01 1.66e-02      6s
   4   1.12029483e+02  3.96243876e+02  2.60e+01 1.83e+01  4.74e+02 *1.52e-01 8.69e-01  9.47e+00  3.49e-01 1.86e-02      8s
   5   1.14618048e+02  3.96861150e+02  2.55e+01 1.79e+01  4.65e+02  6.23e-01 5.17e-01  9.93e+00  3.65e-01 2.07e-02      9s
   6   1.17162051e+02  3.96851540e+02  2.49e+01 1.75e+01  4.56e+02  1.12e+00 2.18e-01  1.04e+01  3.75e-01 2.19e-02     10s
   7   1.19722615e+02  3.96286607e+02  2.44e+01 1.71e+01  4.46e+02  1.47e+00 1.03e-01  1.10e+01  3.85e-01 2.34e-02     12s
   8   1.22335678e+02  3.95163353e+02  2.38e+01 1.67e+01  4.36e+02  1.77e+00 5.73e-02  1.16e+01  3.98e-01 2.52e-02     14s
   9   1.25019985e+02  3.93450132e+02  2.31e+01 1.62e+01  4.25e+02  2.06e+00 3.68e-02  1.23e+01  4.11e-01 2.73e-02     16s
  10   1.27787888e+02  3.91102695e+02  2.25e+01 1.57e+01  4.13e+02  2.34e+00 2.68e-02  1.31e+01  4.27e-01 2.98e-02     19s
  11   1.30658874e+02  3.88058339e+02  2.17e+01 1.52e+01  4.01e+02  2.60e+00 2.16e-02  1.40e+01  4.43e-01 3.29e-02     21s
  12   1.33640210e+02  3.84252868e+02  2.10e+01 1.47e+01  3.88e+02  2.86e+00 1.88e-02  1.50e+01  4.62e-01 3.65e-02     23s
  13   1.36755970e+02  3.79589220e+02  2.01e+01 1.41e+01  3.73e+02  3.10e+00 1.73e-02  1.61e+01  4.83e-01 4.10e-02     25s
  14   1.40022373e+02  3.73958076e+02  1.92e+01 1.34e+01  3.58e+02  3.34e+00 1.65e-02  1.74e+01  5.07e-01 4.65e-02     26s
  15   1.43457998e+02  3.67220247e+02  1.82e+01 1.27e+01  3.40e+02  3.57e+00 1.61e-02  1.89e+01  5.34e-01 5.34e-02     28s
  16   1.47080344e+02  3.59198647e+02  1.71e+01 1.19e+01  3.21e+02  3.79e+00 1.58e-02  2.07e+01  5.64e-01 6.22e-02     30s
  17   1.50894850e+02  3.49681033e+02  1.59e+01 1.10e+01  3.00e+02  4.01e+00 1.57e-02  2.28e+01  5.99e-01 7.37e-02     32s
  18   1.54895882e+02  3.38380568e+02  1.46e+01 1.00e+01  2.75e+02  4.24e+00 1.57e-02  2.54e+01  6.39e-01 8.93e-02     34s
  19   1.59033895e+02  3.24936600e+02  1.31e+01 8.93e+00  2.48e+02  4.50e+00 1.56e-02  2.85e+01  6.86e-01 1.11e-01     36s
  20   1.63150482e+02  3.08938901e+02  1.15e+01 7.66e+00  2.16e+02  4.79e+00 1.56e-02  3.23e+01  7.40e-01 1.43e-01     38s
  21   1.66866231e+02  2.89862375e+02  9.65e+00 6.19e+00  1.78e+02  5.16e+00 1.56e-02  3.72e+01  8.03e-01 1.91e-01     39s
  22   1.69173337e+02  2.67301757e+02  7.82e+00 4.52e+00  1.35e+02  5.69e+00 1.56e-02  4.38e+01  8.76e-01 2.71e-01     41s
  23   1.67253771e+02  2.41492711e+02  6.54e+00 2.65e+00  8.41e+01  6.53e+00 1.56e-02  5.29e+01  8.77e-01 4.14e-01     43s
  24   1.52069955e+02  2.16563141e+02  7.44e+00 8.66e-01  3.24e+01  8.28e+00 1.56e-02  6.69e+01  7.89e-01 6.73e-01     45s
  25   1.50126718e+02  2.16316456e+02  7.63e+00 8.48e-01  3.18e+01  1.72e+01 1.56e-02  6.17e+01  3.58e-01 2.07e-02     47s
  26   1.48384627e+02  2.16113882e+02  7.81e+00 8.33e-01  3.13e+01  1.81e+01 1.55e-02  5.92e+01  3.45e-01 1.74e-02     49s
  27   1.46680613e+02  2.15930605e+02  7.99e+00 8.20e-01  3.09e+01  1.89e+01 1.55e-02  5.69e+01  3.34e-01 1.61e-02     50s
  28   1.45006926e+02  2.15763722e+02  8.16e+00 8.08e-01  3.05e+01  1.98e+01 1.55e-02  5.47e+01  3.23e-01 1.49e-02     52s
  29   1.43361207e+02  2.15611298e+02  8.33e+00 7.96e-01  3.01e+01  2.06e+01 1.55e-02  5.25e+01  3.13e-01 1.39e-02     54s
  30   1.41738099e+02  2.15471390e+02  8.50e+00 7.86e-01  2.97e+01  2.15e+01 1.55e-02  5.05e+01  3.04e-01 1.29e-02     56s
  31   1.40137310e+02  2.15342751e+02  8.67e+00 7.77e-01  2.94e+01  2.25e+01 1.55e-02  4.85e+01  2.95e-01 1.21e-02     57s
  32   1.38555530e+02  2.15224039e+02  8.84e+00 7.68e-01  2.91e+01  2.34e+01 1.55e-02  4.66e+01  2.86e-01 1.13e-02     60s
  33   1.36989606e+02  2.15114106e+02  9.00e+00 7.60e-01  2.88e+01  2.44e+01 1.55e-02  4.48e+01  2.79e-01 1.06e-02     61s
  34   1.35438059e+02  2.15012064e+02  9.16e+00 7.52e-01  2.86e+01  2.54e+01 1.55e-02  4.31e+01  2.71e-01 9.99e-03     64s
  35   1.33897962e+02  2.14917035e+02  9.32e+00 7.45e-01  2.83e+01  2.64e+01 1.55e-02  4.14e+01  2.64e-01 9.42e-03     65s
  36   1.32369518e+02  2.14828438e+02  9.48e+00 7.38e-01  2.81e+01  2.74e+01 1.55e-02  3.98e+01  2.58e-01 8.90e-03     67s
  37   1.30851477e+02  2.14745665e+02  9.64e+00 7.32e-01  2.79e+01  2.85e+01 1.55e-02  3.83e+01  2.52e-01 8.42e-03     69s
  38   1.29339617e+02  2.14668021e+02  9.80e+00 7.26e-01  2.77e+01  2.96e+01 1.55e-02  3.69e+01  2.46e-01 8.00e-03     71s
  39   1.27835745e+02  2.14595197e+02  9.96e+00 7.21e-01  2.75e+01  3.07e+01 1.55e-02  3.55e+01  2.40e-01 7.60e-03     73s
  40   1.26335729e+02  2.14526630e+02  1.01e+01 7.16e-01  2.73e+01  3.18e+01 1.55e-02  3.43e+01  2.35e-01 7.24e-03     74s
  41   1.24839904e+02  2.14462022e+02  1.03e+01 7.11e-01  2.71e+01  3.29e+01 1.55e-02  3.30e+01  2.30e-01 6.91e-03     75s
  42   1.23345651e+02  2.14400979e+02  1.04e+01 7.06e-01  2.70e+01  3.41e+01 1.55e-02  3.18e+01  2.25e-01 6.61e-03     77s
  43   1.21853314e+02  2.14343268e+02  1.06e+01 7.01e-01  2.68e+01  3.53e+01 1.55e-02  3.07e+01  2.21e-01 6.33e-03     79s
  44   1.20361774e+02  2.14288620e+02  1.07e+01 6.97e-01  2.67e+01  3.65e+01 1.56e-02  2.97e+01  2.17e-01 6.07e-03     81s
  45   1.18868415e+02  2.14236740e+02  1.09e+01 6.93e-01  2.65e+01  3.77e+01 1.57e-02  2.86e+01  2.13e-01 5.84e-03     82s
  46   1.17372065e+02  2.14187415e+02  1.11e+01 6.89e-01  2.64e+01  3.89e+01 1.57e-02  2.77e+01  2.10e-01 5.63e-03     84s
  47   1.15871536e+02  2.14140454e+02  1.12e+01 6.85e-01  2.63e+01  4.01e+01 1.58e-02  2.67e+01  2.06e-01 5.43e-03     86s
  48   1.14367123e+02  2.14095727e+02  1.14e+01 6.82e-01  2.61e+01  4.13e+01 1.60e-02  2.58e+01  2.03e-01 5.25e-03     88s
  49   1.12854610e+02  2.14052986e+02  1.15e+01 6.78e-01  2.60e+01  4.25e+01 1.62e-02  2.50e+01  2.00e-01 5.09e-03     89s
  50   1.11335725e+02  2.14012173e+02  1.17e+01 6.75e-01  2.59e+01  4.38e+01 1.64e-02  2.42e+01  1.98e-01 4.94e-03     91s
  51   1.09804626e+02  2.13973036e+02  1.19e+01 6.72e-01  2.58e+01  4.50e+01 1.66e-02  2.34e+01  1.95e-01 4.82e-03     93s
  52   1.08262950e+02  2.13935540e+02  1.20e+01 6.69e-01  2.57e+01  4.62e+01 1.70e-02  2.27e+01  1.93e-01 4.70e-03     95s
  53   1.06707759e+02  2.13899542e+02  1.22e+01 6.66e-01  2.56e+01  4.74e+01 1.74e-02  2.19e+01  1.91e-01 4.60e-03     97s
  54   1.05135989e+02  2.13864910e+02  1.23e+01 6.63e-01  2.55e+01  4.85e+01 1.79e-02  2.12e+01  1.89e-01 4.51e-03     99s
  55   1.03546028e+02  2.13831564e+02  1.25e+01 6.60e-01  2.54e+01  4.97e+01 1.85e-02  2.06e+01  1.88e-01 4.44e-03    100s
  56   1.01934586e+02  2.13799395e+02  1.27e+01 6.57e-01  2.53e+01  5.08e+01 1.93e-02  1.99e+01  1.87e-01 4.38e-03    101s
  57   1.00298203e+02  2.13768307e+02  1.28e+01 6.54e-01  2.52e+01  5.18e+01 2.03e-02  1.93e+01  1.86e-01 4.34e-03    103s
  58   9.86332249e+01  2.13738216e+02  1.30e+01 6.51e-01  2.51e+01  5.28e+01 2.14e-02  1.87e+01  1.86e-01 4.31e-03    105s
  59   9.69357819e+01  2.13709045e+02  1.32e+01 6.48e-01  2.50e+01  5.37e+01 2.28e-02  1.81e+01  1.85e-01 4.31e-03    107s
  60   9.52000310e+01  2.13680700e+02  1.34e+01 6.45e-01  2.49e+01  5.46e+01 2.45e-02  1.76e+01  1.86e-01 4.32e-03    108s
  61   9.34197036e+01  2.13653097e+02  1.36e+01 6.43e-01  2.48e+01  5.54e+01 2.65e-02  1.70e+01  1.87e-01 4.36e-03    109s
  62   9.15898787e+01  2.13626194e+02  1.37e+01 6.40e-01  2.47e+01  5.60e+01 2.90e-02  1.65e+01  1.88e-01 4.42e-03    111s
  63   8.96996348e+01  2.13599877e+02  1.39e+01 6.37e-01  2.46e+01  5.65e+01 3.20e-02  1.60e+01  1.90e-01 4.52e-03    113s
  64   8.77369873e+01  2.13574052e+02  1.41e+01 6.34e-01  2.45e+01  5.68e+01 3.56e-02  1.54e+01  1.92e-01 4.66e-03    115s
  65   8.56887057e+01  2.13548642e+02  1.43e+01 6.31e-01  2.43e+01  5.69e+01 4.01e-02  1.49e+01  1.96e-01 4.86e-03    116s
  66   8.35358318e+01  2.13523545e+02  1.46e+01 6.28e-01  2.42e+01  5.68e+01 4.56e-02  1.44e+01  2.01e-01 5.12e-03    117s
  67   8.12524568e+01  2.13498643e+02  1.48e+01 6.24e-01  2.41e+01  5.64e+01 5.23e-02  1.39e+01  2.07e-01 5.49e-03    119s
  68   7.88040619e+01  2.13473816e+02  1.50e+01 6.20e-01  2.40e+01  5.56e+01 6.07e-02  1.34e+01  2.16e-01 6.01e-03    121s
  69   7.61373623e+01  2.13448897e+02  1.53e+01 6.16e-01  2.38e+01  5.42e+01 7.13e-02  1.29e+01  2.28e-01 6.77e-03    123s
  70   7.31683189e+01  2.13423685e+02  1.56e+01 6.11e-01  2.37e+01  5.23e+01 8.47e-02  1.24e+01  2.45e-01 7.94e-03    125s
  71   6.97536644e+01  2.13397969e+02  1.59e+01 6.05e-01  2.35e+01  4.94e+01 1.02e-01  1.19e+01  2.70e-01 9.91e-03    127s
  72   6.56078837e+01  2.13371644e+02  1.63e+01 5.97e-01  2.32e+01  4.52e+01 1.26e-01  1.13e+01  3.11e-01 1.37e-02    129s
  73   6.00043958e+01  2.13345830e+02  1.68e+01 5.83e-01  2.27e+01  3.90e+01 1.60e-01  1.07e+01  3.90e-01 2.35e-02    130s
  74   4.95205873e+01  2.13342931e+02  1.77e+01 5.37e-01  2.11e+01  2.90e+01 2.14e-01  9.93e+00  6.11e-01 7.81e-02    132s
  75   1.17120332e+02  2.14596102e+02  9.93e+00 9.78e-02  4.98e+00  8.36e+00 3.35e-01  8.68e+00  9.33e-01 8.18e-01    133s
  76   1.17048784e+02  2.14594388e+02  9.93e+00 9.76e-02  4.97e+00  1.40e+01 1.70e-02  2.41e+01  6.13e-01 2.04e-03    136s
  77   1.17048773e+02  2.14594388e+02  9.93e+00 9.76e-02  4.97e+00  1.40e+01 1.70e-02  2.41e+01  6.13e-01 3.10e-07    138s

The solution quality is limited by the precision of the linear system solver.

The II-IPM stopped after 78 iterations in 138.45 seconds.

Primal variables:   [+0.255 +15.529 +10.885 +57.836 +0.355 +10.046 +8.732 +12.848]
Dual slacks:        [+4.224 +0.031 +0.043 +0.010 +2.795 +0.050 +0.054 +0.032]
Dual variables:     [-6.533 +7.498]

Primal objective:   1.17048773e+02 
Dual objective:     2.14594388e+02 

Primal residual:    9.93e+00
Dual residual:      9.76e-02
Complementraty:     4.97e+00

Number of Iter:     78
Run time:           138.45
