
================= Linear optimization problem Information =================
Number of variables:     8
Number of constraints:   2

Norm of primal sol:      3.14e+00
Norm of dual sol:        1.00e+01
Norm of dual slacks:     5.00e+00

Norm of vector b:        1.00e+00
Norm of vector c:        9.81e+00

Norm of matrix A:        1.12e+00
Condition number:        2.00e+00
Seed:                    64

======================= Linear optimization problem =======================
coeff matrix A:          [[+0.375 +0.170 +0.184 -0.225 +0.239 +0.031 +0.288 -0.326]
                          [+0.235 -0.224 +0.376 -0.413 +0.023 -0.382 +0.028 -0.430]]

RHS vector b:            [+0.926 -0.376]
Obj vector c:            [+2.035 +2.627 -3.078 +7.143 +0.463 +3.748 +0.548 +3.194]

============================ Optimal solution =============================
Primal variables:        [+0.000 +1.647 +1.729 +0.000 +1.327 +0.905 +0.910 +0.856]
Dual slacks:             [+3.222 +0.000 +0.000 +3.823 +0.000 +0.000 +0.000 +0.000]
Dual variables:          [+2.843 -9.587]

Optimal objective:       +6.24246258e+00
===========================================================================

Method:             II-QIPM
LO_Precision:       1.00e-01
Stop_Precision:     1.00e-03
LO_Verbosity:       2
Omega:              1.00e+01
num_ancillae:       4

The Quantum Inexact Infeasible Interior-Point Method starts running ...


                  Objective                Residual                      Quantum                    Step-length
Iter      Primal           Dual         Primal    Dual     Compl    ||Resl||   Prob    Cond-Num   a-star   a-hat      Time
   0   8.16561125e+01 -1.94122331e+01  3.83e+00 9.23e+00  3.52e+02 *2.97e-02 2.01e-01  4.00e+00  7.38e-01 6.11e-01      2s
   1   7.66101562e+01 -1.94248490e+01  3.49e+00 8.47e+00  3.26e+02 *3.09e-01 1.59e-02  1.56e+01  6.35e-01 8.25e-02      4s
   2   7.17750475e+01 -1.94258142e+01  3.16e+00 7.78e+00  3.02e+02 *6.40e-01 1.60e-02  1.82e+01  6.29e-01 8.12e-02      6s
   3   6.72067037e+01 -1.94298975e+01  2.84e+00 7.17e+00  2.81e+02 *1.00e+00 1.59e-02  2.13e+01  6.17e-01 7.83e-02      7s
   4   6.29544422e+01 -1.94410223e+01  2.53e+00 6.64e+00  2.62e+02 *1.38e+00 1.57e-02  2.50e+01  6.01e-01 7.41e-02      8s
   5   5.90563889e+01 -1.94578265e+01  2.25e+00 6.18e+00  2.46e+02 *1.78e+00 1.56e-02  2.92e+01  5.81e-01 6.87e-02      9s
   6   5.55176236e+01 -1.94775659e+01  1.98e+00 5.80e+00  2.32e+02 *2.19e+00 1.55e-02  3.39e+01  5.53e-01 6.27e-02     11s
   7   5.23360359e+01 -1.94978345e+01  1.74e+00 5.47e+00  2.20e+02 *2.61e+00 1.55e-02  3.89e+01  5.19e-01 5.63e-02     13s
   8   4.94814265e+01 -1.95171676e+01  1.52e+00 5.20e+00  2.10e+02 *3.05e+00 1.55e-02  4.40e+01  4.89e-01 5.02e-02     15s
   9   4.69117579e+01 -1.95348883e+01  1.33e+00 4.96e+00  2.01e+02 *3.51e+00 1.54e-02  4.91e+01  4.61e-01 4.45e-02     17s
  10   4.45961873e+01 -1.95507155e+01  1.15e+00 4.77e+00  1.94e+02 *3.99e+00 1.54e-02  5.42e+01  4.35e-01 3.94e-02     19s
  11   4.24935842e+01 -1.95647167e+01  9.95e-01 4.60e+00  1.88e+02 *4.50e+00 1.54e-02  5.89e+01  4.12e-01 3.48e-02     21s
  12   4.05712196e+01 -1.95770483e+01  8.65e-01 4.46e+00  1.82e+02 *5.02e+00 1.54e-02  6.34e+01  3.91e-01 3.09e-02     23s
  13   3.88029249e+01 -1.95878947e+01  7.61e-01 4.34e+00  1.78e+02 *5.57e+00 1.54e-02  6.76e+01  3.72e-01 2.75e-02     25s
  14   3.71611203e+01 -1.95974774e+01  6.88e-01 4.23e+00  1.74e+02 *6.15e+00 1.54e-02  7.14e+01  3.55e-01 2.46e-02     26s
  15   3.56282473e+01 -1.96059630e+01  6.49e-01 4.14e+00  1.70e+02 *6.75e+00 1.54e-02  7.49e+01  3.39e-01 2.21e-02     27s
  16   3.41900051e+01 -1.96134984e+01  6.47e-01 4.05e+00  1.67e+02 *7.37e+00 1.54e-02  7.81e+01  3.24e-01 1.99e-02     28s
  17   3.28292346e+01 -1.96202382e+01  6.77e-01 3.98e+00  1.64e+02 *8.01e+00 1.54e-02  8.10e+01  3.11e-01 1.81e-02     30s
  18   3.15368062e+01 -1.96262851e+01  7.33e-01 3.92e+00  1.62e+02 *8.68e+00 1.54e-02  8.36e+01  2.99e-01 1.64e-02     31s
  19   3.03038660e+01 -1.96317330e+01  8.08e-01 3.86e+00  1.59e+02 *9.38e+00 1.54e-02  8.60e+01  2.88e-01 1.50e-02     32s
  20   2.91217468e+01 -1.96366665e+01  8.95e-01 3.80e+00  1.57e+02 *1.01e+01 1.54e-02  8.81e+01  2.77e-01 1.37e-02     33s
  21   2.79852785e+01 -1.96411474e+01  9.89e-01 3.76e+00  1.56e+02 *1.08e+01 1.54e-02  9.01e+01  2.67e-01 1.26e-02     35s
  22   2.68878532e+01 -1.96452374e+01  1.09e+00 3.71e+00  1.54e+02 *1.16e+01 1.54e-02  9.18e+01  2.58e-01 1.16e-02     37s
  23   2.58247350e+01 -1.96489848e+01  1.19e+00 3.67e+00  1.52e+02 *1.24e+01 1.54e-02  9.34e+01  2.50e-01 1.08e-02     38s
  24   2.47927902e+01 -1.96524273e+01  1.30e+00 3.64e+00  1.51e+02 *1.32e+01 1.54e-02  9.49e+01  2.42e-01 1.00e-02     40s
  25   2.37882769e+01 -1.96556012e+01  1.40e+00 3.60e+00  1.50e+02 *1.40e+01 1.54e-02  9.62e+01  2.35e-01 9.31e-03     42s
  26   2.28088252e+01 -1.96585347e+01  1.51e+00 3.57e+00  1.48e+02 *1.49e+01 1.54e-02  9.74e+01  2.28e-01 8.68e-03     44s
  27   2.18513776e+01 -1.96612553e+01  1.62e+00 3.54e+00  1.47e+02 *1.58e+01 1.54e-02  9.85e+01  2.21e-01 8.11e-03     46s
  28   2.09140873e+01 -1.96637842e+01  1.73e+00 3.51e+00  1.46e+02 *1.67e+01 1.54e-02  9.96e+01  2.15e-01 7.60e-03     48s
  29   1.99952926e+01 -1.96661402e+01  1.83e+00 3.49e+00  1.45e+02 *1.76e+01 1.54e-02  1.00e+02  2.09e-01 7.13e-03     50s
  30   1.90925864e+01 -1.96683420e+01  1.94e+00 3.47e+00  1.44e+02 *1.86e+01 1.54e-02  1.01e+02  2.04e-01 6.72e-03     52s
  31   1.82046124e+01 -1.96704040e+01  2.05e+00 3.44e+00  1.44e+02 *1.96e+01 1.54e-02  1.02e+02  1.99e-01 6.33e-03     53s
  32   1.73301234e+01 -1.96723390e+01  2.16e+00 3.42e+00  1.43e+02 *2.06e+01 1.54e-02  1.03e+02  1.94e-01 5.98e-03     55s
  33   1.64688266e+01 -1.96741565e+01  2.26e+00 3.40e+00  1.42e+02 *2.16e+01 1.54e-02  1.04e+02  1.89e-01 5.65e-03     56s
  34   1.56187867e+01 -1.96758686e+01  2.37e+00 3.39e+00  1.41e+02 *2.27e+01 1.54e-02  1.04e+02  1.84e-01 5.35e-03     58s
  35   1.47798348e+01 -1.96774829e+01  2.47e+00 3.37e+00  1.41e+02 *2.37e+01 1.54e-02  1.05e+02  1.80e-01 5.07e-03     60s
  36   1.39501841e+01 -1.96790092e+01  2.58e+00 3.35e+00  1.40e+02 *2.48e+01 1.54e-02  1.05e+02  1.76e-01 4.82e-03     62s
  37   1.31297525e+01 -1.96804534e+01  2.68e+00 3.34e+00  1.40e+02 *2.60e+01 1.54e-02  1.06e+02  1.72e-01 4.59e-03     64s
  38   1.23176748e+01 -1.96818224e+01  2.79e+00 3.32e+00  1.39e+02 *2.71e+01 1.54e-02  1.06e+02  1.69e-01 4.37e-03     66s
  39   1.15131222e+01 -1.96831221e+01  2.89e+00 3.31e+00  1.38e+02 *2.83e+01 1.54e-02  1.07e+02  1.65e-01 4.17e-03     68s
  40   1.07160936e+01 -1.96843569e+01  3.00e+00 3.30e+00  1.38e+02 *2.95e+01 1.54e-02  1.07e+02  1.62e-01 3.98e-03     70s
  41   9.92581591e+00 -1.96855321e+01  3.10e+00 3.28e+00  1.37e+02 *3.07e+01 1.54e-02  1.07e+02  1.58e-01 3.80e-03     72s
  42   9.14232273e+00 -1.96866510e+01  3.20e+00 3.27e+00  1.37e+02 *3.19e+01 1.54e-02  1.08e+02  1.55e-01 3.63e-03     74s
  43   8.36410523e+00 -1.96877192e+01  3.31e+00 3.26e+00  1.37e+02 *3.32e+01 1.54e-02  1.08e+02  1.52e-01 3.48e-03     76s
  44   7.59199362e+00 -1.96887385e+01  3.41e+00 3.25e+00  1.36e+02 *3.45e+01 1.54e-02  1.08e+02  1.49e-01 3.33e-03     77s
  45   6.82452164e+00 -1.96897136e+01  3.51e+00 3.24e+00  1.36e+02 *3.58e+01 1.54e-02  1.09e+02  1.47e-01 3.20e-03     78s
  46   6.06252566e+00 -1.96906458e+01  3.61e+00 3.23e+00  1.35e+02 *3.71e+01 1.54e-02  1.09e+02  1.44e-01 3.07e-03     79s
  47   5.30457308e+00 -1.96915394e+01  3.71e+00 3.22e+00  1.35e+02 *3.85e+01 1.54e-02  1.09e+02  1.41e-01 2.95e-03     81s
  48   4.55150210e+00 -1.96923955e+01  3.82e+00 3.21e+00  1.35e+02 *3.99e+01 1.54e-02  1.09e+02  1.39e-01 2.84e-03     83s
  49   3.80190649e+00 -1.96932175e+01  3.92e+00 3.20e+00  1.34e+02 *4.13e+01 1.54e-02  1.10e+02  1.36e-01 2.73e-03     85s
  50   3.05662317e+00 -1.96940065e+01  4.02e+00 3.19e+00  1.34e+02 *4.27e+01 1.54e-02  1.10e+02  1.34e-01 2.63e-03     87s
  51   2.31500870e+00 -1.96947648e+01  4.12e+00 3.18e+00  1.34e+02 *4.41e+01 1.54e-02  1.10e+02  1.32e-01 2.54e-03     89s
  52   1.57716145e+00 -1.96954939e+01  4.22e+00 3.18e+00  1.33e+02 *4.56e+01 1.54e-02  1.10e+02  1.30e-01 2.45e-03     91s
  53   8.42447737e-01 -1.96961958e+01  4.32e+00 3.17e+00  1.33e+02 *4.71e+01 1.54e-02  1.10e+02  1.28e-01 2.36e-03     93s
  54   1.10235029e-01 -1.96968726e+01  4.42e+00 3.16e+00  1.33e+02 *4.86e+01 1.53e-02  1.11e+02  1.26e-01 2.28e-03     95s
  55  -6.17921010e-01 -1.96975239e+01  4.52e+00 3.16e+00  1.32e+02 *5.02e+01 1.53e-02  1.11e+02  1.24e-01 2.20e-03     97s
  56  -1.34409054e+00 -1.96981530e+01  4.62e+00 3.15e+00  1.32e+02 *5.17e+01 1.53e-02  1.11e+02  1.22e-01 2.13e-03     99s
  57  -2.06745431e+00 -1.96987600e+01  4.72e+00 3.14e+00  1.32e+02 *5.33e+01 1.53e-02  1.11e+02  1.20e-01 2.06e-03    100s
  58  -2.78791047e+00 -1.96993460e+01  4.82e+00 3.14e+00  1.32e+02 *5.49e+01 1.53e-02  1.11e+02  1.18e-01 2.00e-03    102s
  59  -3.50607459e+00 -1.96999125e+01  4.92e+00 3.13e+00  1.32e+02 *5.66e+01 1.53e-02  1.11e+02  1.16e-01 1.93e-03    104s
  60  -4.22184787e+00 -1.97004602e+01  5.02e+00 3.12e+00  1.31e+02 *5.82e+01 1.53e-02  1.11e+02  1.15e-01 1.87e-03    106s
  61  -4.93584487e+00 -1.97009904e+01  5.12e+00 3.12e+00  1.31e+02 *5.99e+01 1.53e-02  1.12e+02  1.13e-01 1.82e-03    108s
  62  -5.64725872e+00 -1.97015034e+01  5.22e+00 3.11e+00  1.31e+02 *6.16e+01 1.53e-02  1.12e+02  1.12e-01 1.76e-03    110s
  63  -6.35669879e+00 -1.97020003e+01  5.32e+00 3.11e+00  1.31e+02 *6.34e+01 1.53e-02  1.12e+02  1.10e-01 1.71e-03    112s
  64  -7.06406957e+00 -1.97024817e+01  5.42e+00 3.10e+00  1.30e+02 *6.51e+01 1.53e-02  1.12e+02  1.09e-01 1.66e-03    114s
  65  -7.76998135e+00 -1.97029487e+01  5.51e+00 3.10e+00  1.30e+02 *6.69e+01 1.53e-02  1.12e+02  1.07e-01 1.61e-03    116s
  66  -8.47363940e+00 -1.97034014e+01  5.61e+00 3.09e+00  1.30e+02 *6.87e+01 1.53e-02  1.12e+02  1.06e-01 1.57e-03    118s
  67  -9.17565031e+00 -1.97038408e+01  5.71e+00 3.09e+00  1.30e+02 *7.05e+01 1.53e-02  1.12e+02  1.04e-01 1.52e-03    119s
  68  -9.87662464e+00 -1.97042677e+01  5.81e+00 3.08e+00  1.30e+02 *7.24e+01 1.53e-02  1.12e+02  1.03e-01 1.48e-03    121s
  69  -1.05750788e+01 -1.97046818e+01  5.91e+00 3.08e+00  1.30e+02 *7.42e+01 1.53e-02  1.12e+02  1.02e-01 1.44e-03    123s
  70  -1.12723124e+01 -1.97050844e+01  6.01e+00 3.07e+00  1.29e+02 *7.61e+01 1.53e-02  1.12e+02  1.00e-01 1.40e-03    125s
  71  -1.19682411e+01 -1.97054759e+01  6.10e+00 3.07e+00  1.29e+02 *7.80e+01 1.53e-02  1.12e+02  9.91e-02 1.37e-03    127s
  72  -1.26627805e+01 -1.97058566e+01  6.20e+00 3.07e+00  1.29e+02 *8.00e+01 1.53e-02  1.12e+02  9.79e-02 1.33e-03    129s
  73  -1.33565403e+01 -1.97062273e+01  6.30e+00 3.06e+00  1.29e+02 *8.19e+01 1.53e-02  1.13e+02  9.67e-02 1.30e-03    131s
  74  -1.40480574e+01 -1.97065876e+01  6.40e+00 3.06e+00  1.29e+02 *8.39e+01 1.53e-02  1.13e+02  9.56e-02 1.26e-03    133s
  75  -1.47386247e+01 -1.97069385e+01  6.50e+00 3.05e+00  1.29e+02 *8.59e+01 1.53e-02  1.13e+02  9.44e-02 1.23e-03    134s
  76  -1.54281646e+01 -1.97072804e+01  6.59e+00 3.05e+00  1.28e+02 *8.80e+01 1.53e-02  1.13e+02  9.33e-02 1.20e-03    136s
  77  -1.61159114e+01 -1.97076132e+01  6.69e+00 3.05e+00  1.28e+02 *9.00e+01 1.53e-02  1.13e+02  9.23e-02 1.17e-03    137s
  78  -1.68031571e+01 -1.97079378e+01  6.79e+00 3.04e+00  1.28e+02 *9.21e+01 1.53e-02  1.13e+02  9.12e-02 1.14e-03    139s
  79  -1.74891446e+01 -1.97082543e+01  6.89e+00 3.04e+00  1.28e+02 *9.42e+01 1.53e-02  1.13e+02  9.02e-02 1.12e-03    141s
  80  -1.81744828e+01 -1.97085631e+01  6.98e+00 3.04e+00  1.28e+02 *9.63e+01 1.53e-02  1.13e+02  8.92e-02 1.09e-03    143s
  81  -1.88577330e+01 -1.97088639e+01  7.08e+00 3.03e+00  1.28e+02 *9.84e+01 1.53e-02  1.13e+02  8.82e-02 1.06e-03    144s
  82  -1.95408637e+01 -1.97091578e+01  7.18e+00 3.03e+00  1.28e+02 *1.01e+02 1.53e-02  1.13e+02  8.73e-02 1.04e-03    146s
  83  -2.02231285e+01 -1.97094448e+01  7.27e+00 3.03e+00  1.28e+02 *1.03e+02 1.53e-02  1.13e+02  8.63e-02 1.02e-03    148s
  84  -2.09037771e+01 -1.97097247e+01  7.37e+00 3.02e+00  1.27e+02 *1.05e+02 1.53e-02  1.13e+02  8.54e-02 9.94e-04    150s

The solution quality is limited by the precision of the linear system solver.

The II-IPM stopped after 85 iterations in 149.73 seconds.

Primal variables:   [+1.957 +1.956 +110.996 +3.459 +3.088 +2.245 +2.567 +86.304]
Dual slacks:        [+8.927 +8.016 +0.072 +5.454 +6.121 +7.211 +7.088 +0.164]
Dual variables:     [-19.075 +5.414]

Primal objective:   -2.09037771e+01
Dual objective:     -1.97097247e+01

Primal residual:    7.37e+00
Dual residual:      3.02e+00
Complementraty:     1.27e+02

Number of Iter:     85
Run time:           149.73
