
================= Linear optimization problem Information =================
Number of variables:     8
Number of constraints:   2

Norm of primal sol:      6.94e+00
Norm of dual sol:        1.00e+01
Norm of dual slacks:     5.00e+00

Norm of vector b:        2.00e+00
Norm of vector c:        1.31e+01

Norm of matrix A:        1.12e+00
Condition number:        2.00e+00
Seed:                    68

======================= Linear optimization problem =======================
coeff matrix A:          [[+0.268 +0.143 -0.225 +0.371 +0.137 -0.290 -0.145 +0.071]
                          [-0.087 +0.463 +0.324 +0.405 +0.437 -0.310 -0.250 +0.003]]

RHS vector b:            [-0.600 -1.908]
Obj vector c:            [+0.332 +4.805 +5.447 +5.237 +8.160 -4.030 -2.878 +0.319]

============================ Optimal solution =============================
Primal variables:        [+1.976 +0.330 +0.000 +0.857 +0.000 +2.258 +6.150 +0.723]
Dual slacks:             [+0.000 +0.000 +3.449 +0.000 +3.620 +0.000 +0.000 +0.000]
Dual variables:          [+4.196 +9.077]

Optimal objective:       -1.98351553e+01
===========================================================================

Method:             II-QIPM
LO_Precision:       1.00e-01
Stop_Precision:     1.00e-03
LO_Verbosity:       2
Omega:              1.00e+01
num_ancillae:       4

The Quantum Inexact Infeasible Interior-Point Method starts running ...


                  Objective                Residual                      Quantum                    Step-length
Iter      Primal           Dual         Primal    Dual     Compl    ||Resl||   Prob    Cond-Num   a-star   a-hat      Time
   0   7.46964258e+01  1.56355604e+00  5.14e+00 1.04e+01  3.52e+02 *6.05e-05 6.41e-02  4.00e+00  7.04e-01 5.85e-01      1s
   1   6.24779103e+01 -1.85668823e+00  4.21e+00 8.49e+00  2.94e+02  1.34e-01 1.76e-02  6.46e+00  7.76e-01 1.81e-01      3s
   2   4.99617614e+01 -5.63054365e+00  3.30e+00 6.62e+00  2.36e+02  1.35e-01 1.87e-02  7.42e+00  8.36e-01 2.19e-01      5s
   3   3.45555045e+01 -1.01731872e+01  2.24e+00 4.52e+00  1.68e+02  9.60e-02 1.89e-02  8.61e+00  9.13e-01 3.17e-01      7s
   4   1.15694997e+01 -1.59343800e+01  9.09e-01 1.93e+00  8.13e+01  6.12e-01 1.82e-02  1.03e+01  9.71e-01 5.73e-01      9s
   5  -1.21059530e+01 -1.95675081e+01  1.12e+00 2.83e-01  1.82e+01  1.29e+00 1.73e-02  1.27e+01  9.39e-01 8.53e-01     10s
   6  -1.36136543e+01 -1.96510057e+01  9.51e-01 2.27e-01  1.49e+01  2.87e-01 1.61e-02  1.20e+01  7.65e-01 1.98e-01     13s
   7  -1.44577913e+01 -1.96984627e+01  7.88e-01 1.92e-01  1.28e+01  1.05e-01 1.56e-02  1.29e+01  7.52e-01 1.54e-01     15s
   8  -1.49983958e+01 -1.97333620e+01  6.03e-01 1.65e-01  1.12e+01  5.08e-01 1.59e-02  1.35e+01  7.35e-01 1.43e-01     16s
   9  -1.52745767e+01 -1.97590165e+01  4.00e-01 1.43e-01  9.84e+00  9.77e-01 1.66e-02  1.41e+01  7.14e-01 1.30e-01     18s
  10  -1.53342732e+01 -1.97780842e+01  1.85e-01 1.27e-01  8.79e+00  1.50e+00 1.74e-02  1.46e+01  6.91e-01 1.17e-01     20s
  11  -1.52206872e+01 -1.97924658e+01  9.23e-02 1.13e-01  7.96e+00  2.08e+00 1.83e-02  1.50e+01  6.66e-01 1.04e-01     22s
  12  -1.49692927e+01 -1.98034817e+01  3.15e-01 1.03e-01  7.29e+00  2.70e+00 1.92e-02  1.54e+01  6.42e-01 9.27e-02     24s
  13  -1.46071722e+01 -1.98120725e+01  5.64e-01 9.43e-02  6.74e+00  3.36e+00 2.02e-02  1.57e+01  6.18e-01 8.27e-02     26s
  14  -1.41553926e+01 -1.98188666e+01  8.22e-01 8.74e-02  6.29e+00  4.07e+00 2.11e-02  1.60e+01  5.94e-01 7.38e-02     28s
  15  -1.36285088e+01 -1.98243304e+01  1.09e+00 8.16e-02  5.91e+00  4.82e+00 2.21e-02  1.62e+01  5.72e-01 6.62e-02     30s
  16  -1.30389907e+01 -1.98287731e+01  1.36e+00 7.67e-02  5.59e+00  5.62e+00 2.30e-02  1.64e+01  5.50e-01 5.95e-02     32s
  17  -1.23951129e+01 -1.98324336e+01  1.63e+00 7.26e-02  5.32e+00  6.47e+00 2.39e-02  1.66e+01  5.30e-01 5.37e-02     34s
  18  -1.17034416e+01 -1.98354830e+01  1.91e+00 6.91e-02  5.08e+00  7.37e+00 2.48e-02  1.67e+01  5.11e-01 4.86e-02     36s
  19  -1.09696431e+01 -1.98380468e+01  2.19e+00 6.60e-02  4.88e+00  8.31e+00 2.56e-02  1.69e+01  4.92e-01 4.41e-02     38s
  20  -1.01983023e+01 -1.98402209e+01  2.48e+00 6.34e-02  4.70e+00  9.31e+00 2.64e-02  1.70e+01  4.75e-01 4.02e-02     40s
  21  -9.39153682e+00 -1.98420830e+01  2.77e+00 6.11e-02  4.54e+00  1.04e+01 2.72e-02  1.71e+01  4.58e-01 3.67e-02     41s
  22  -8.55294715e+00 -1.98436880e+01  3.06e+00 5.90e-02  4.40e+00  1.15e+01 2.80e-02  1.73e+01  4.43e-01 3.36e-02     43s
  23  -7.68488368e+00 -1.98450809e+01  3.36e+00 5.72e-02  4.28e+00  1.26e+01 2.87e-02  1.74e+01  4.28e-01 3.09e-02     45s
  24  -6.78922817e+00 -1.98462977e+01  3.66e+00 5.56e-02  4.17e+00  1.39e+01 2.93e-02  1.75e+01  4.14e-01 2.84e-02     47s
  25  -5.86838114e+00 -1.98473662e+01  3.96e+00 5.41e-02  4.07e+00  1.52e+01 2.99e-02  1.75e+01  4.00e-01 2.62e-02     48s
  26  -4.92263857e+00 -1.98483109e+01  4.26e+00 5.28e-02  3.98e+00  1.65e+01 3.05e-02  1.76e+01  3.88e-01 2.43e-02     50s
  27  -3.95474626e+00 -1.98491491e+01  4.57e+00 5.16e-02  3.90e+00  1.79e+01 3.11e-02  1.77e+01  3.75e-01 2.25e-02     52s
  28  -2.96445161e+00 -1.98498974e+01  4.88e+00 5.05e-02  3.82e+00  1.94e+01 3.16e-02  1.78e+01  3.64e-01 2.09e-02     54s
  29  -1.95514820e+00 -1.98505670e+01  5.19e+00 4.95e-02  3.75e+00  2.10e+01 3.20e-02  1.79e+01  3.53e-01 1.94e-02     56s
  30  -9.25190099e-01 -1.98511702e+01  5.51e+00 4.86e-02  3.69e+00  2.26e+01 3.25e-02  1.79e+01  3.43e-01 1.81e-02     58s
  31   1.22301702e-01 -1.98517144e+01  5.83e+00 4.78e-02  3.64e+00  2.43e+01 3.29e-02  1.80e+01  3.33e-01 1.69e-02     60s
  32   1.18729293e+00 -1.98522078e+01  6.14e+00 4.71e-02  3.58e+00  2.60e+01 3.33e-02  1.81e+01  3.23e-01 1.58e-02     62s
  33   2.26888795e+00 -1.98526564e+01  6.47e+00 4.64e-02  3.53e+00  2.79e+01 3.36e-02  1.81e+01  3.14e-01 1.48e-02     64s
  34   3.36629724e+00 -1.98530657e+01  6.79e+00 4.57e-02  3.49e+00  2.97e+01 3.40e-02  1.82e+01  3.05e-01 1.39e-02     65s
  35   3.88431820e+00 -1.98532401e+01  6.94e+00 4.54e-02  3.47e+00  3.17e+01 3.43e-02  1.83e+01  2.97e-01 6.08e-03     67s
  36   3.88432619e+00 -1.98532401e+01  6.94e+00 4.54e-02  3.47e+00  3.26e+01 3.44e-02  1.83e+01  2.94e-01 9.07e-08     70s

The solution quality is limited by the precision of the linear system solver.

The II-IPM stopped after 37 iterations in 69.56 seconds.

Primal variables:   [+7.560 +45.446 +0.234 +9.089 +0.222 +54.452 +18.180 +12.782]
Dual slacks:        [+0.055 +0.005 +3.415 +0.035 +3.619 +0.005 +0.018 +0.026]
Dual variables:     [+4.074 +9.125]

Primal objective:   3.88432619e+00 
Dual objective:     -1.98532401e+01

Primal residual:    6.94e+00
Dual residual:      4.54e-02
Complementraty:     3.47e+00

Number of Iter:     37
Run time:           69.56
