
================= Linear optimization problem Information =================
Number of variables:     8
Number of constraints:   2

Norm of primal sol:      9.30e+01
Norm of dual sol:        1.00e+01
Norm of dual slacks:     5.00e+00

Norm of vector b:        3.20e+01
Norm of vector c:        9.25e+00

Norm of matrix A:        1.12e+00
Condition number:        2.00e+00
Seed:                    44

======================= Linear optimization problem =======================
coeff matrix A:          [[-0.299 -0.415 +0.217 -0.045 +0.067 -0.519 +0.033 -0.556]
                          [+0.157 -0.315 -0.105 +0.236 +0.217 -0.163 +0.238 -0.187]]

RHS vector b:            [-30.672 -9.122]
Obj vector c:            [+6.020 -3.341 -0.948 +4.315 +2.198 -1.876 +2.393 -2.126]

============================ Optimal solution =============================
Primal variables:        [+0.000 +8.275 +58.802 +0.000 +28.374 +48.110 +31.096 +32.303]
Dual slacks:             [+4.590 +0.000 +0.000 +1.982 +0.000 +0.000 +0.000 +0.000]
Dual variables:          [+0.471 +9.989]

Optimal objective:       -1.05560216e+02
===========================================================================

Method:             II-QIPM
LO_Precision:       1.00e-01
Stop_Precision:     1.00e-03
LO_Verbosity:       2
Omega:              1.00e+01
num_ancillae:       4

The Quantum Inexact Infeasible Interior-Point Method starts running ...


                  Objective                Residual                      Quantum                    Step-length
Iter      Primal           Dual         Primal    Dual     Compl    ||Resl||   Prob    Cond-Num   a-star   a-hat      Time
   0   1.57227130e+01  1.74893258e+02  1.09e+01 1.62e+01  4.11e+02 *2.80e-02 1.56e-02  4.00e+00  4.97e-01 4.09e-01      2s
   1   7.55533238e+00  1.57536235e+02  1.02e+01 1.52e+01  3.87e+02  3.06e+00 1.63e-02  1.54e+01  5.60e-01 6.34e-02      4s
   2  -9.54296321e-02  1.41507712e+02  9.52e+00 1.43e+01  3.66e+02  3.60e+00 1.62e-02  1.61e+01  5.59e-01 6.04e-02      6s
   3  -7.54918901e+00  1.26172784e+02  8.94e+00 1.34e+01  3.46e+02  4.13e+00 1.62e-02  1.67e+01  5.58e-01 5.98e-02      7s
   4  -1.48154454e+01  1.11542977e+02  8.42e+00 1.26e+01  3.27e+02  4.67e+00 1.61e-02  1.73e+01  5.57e-01 5.92e-02      9s
   5  -2.19234896e+01  9.75764252e+01  7.93e+00 1.19e+01  3.10e+02  5.24e+00 1.61e-02  1.78e+01  5.56e-01 5.87e-02     11s
   6  -2.89192132e+01  8.41929696e+01  7.50e+00 1.12e+01  2.94e+02  5.82e+00 1.61e-02  1.83e+01  5.55e-01 5.86e-02     13s
   7  -3.58356758e+01  7.13366114e+01  7.12e+00 1.05e+01  2.78e+02  6.43e+00 1.61e-02  1.87e+01  5.55e-01 5.86e-02     15s
   8  -4.27281059e+01  5.89112494e+01  6.80e+00 9.90e+00  2.63e+02  7.06e+00 1.60e-02  1.93e+01  5.57e-01 5.90e-02     17s
   9  -4.96531657e+01  4.68247493e+01  6.53e+00 9.31e+00  2.49e+02  7.73e+00 1.60e-02  1.99e+01  5.59e-01 5.99e-02     18s
  10  -5.66773478e+01  3.49764600e+01  6.33e+00 8.74e+00  2.35e+02  8.43e+00 1.59e-02  2.06e+01  5.63e-01 6.13e-02     20s
  11  -6.38938526e+01  2.32338371e+01  6.20e+00 8.18e+00  2.22e+02  9.17e+00 1.59e-02  2.16e+01  5.69e-01 6.34e-02     22s
  12  -7.13989196e+01  1.14795329e+01  6.15e+00 7.64e+00  2.08e+02  9.95e+00 1.58e-02  2.28e+01  5.76e-01 6.65e-02     24s
  13  -7.93598350e+01 -4.85853344e-01  6.21e+00 7.10e+00  1.95e+02  1.08e+01 1.57e-02  2.43e+01  5.87e-01 7.10e-02     26s
  14  -8.80071723e+01 -1.28999308e+01  6.38e+00 6.55e+00  1.81e+02  1.17e+01 1.57e-02  2.62e+01  6.01e-01 7.76e-02     28s
  15  -9.77329886e+01 -2.61255272e+01  6.72e+00 5.97e+00  1.66e+02  1.28e+01 1.56e-02  2.86e+01  5.91e-01 8.78e-02     30s
  16  -1.09292826e+02 -4.07757185e+01  7.29e+00 5.35e+00  1.50e+02  1.40e+01 1.56e-02  3.16e+01  5.49e-01 1.04e-01     31s
  17  -1.24652651e+02 -5.82804203e+01  8.29e+00 4.62e+00  1.31e+02  1.58e+01 1.56e-02  3.50e+01  4.94e-01 1.37e-01     33s
  18  -1.53555782e+02 -8.50949299e+01  1.07e+01 3.52e+00  9.94e+01  1.90e+01 1.56e-02  3.76e+01  4.14e-01 2.38e-01     34s
  19  -1.85569934e+02 -9.86504701e+01  1.43e+01 2.95e+00  8.14e+01  3.36e+01 1.57e-02  2.88e+01  2.36e-01 1.61e-01     35s
  20  -1.88628163e+02 -9.91111175e+01  1.48e+01 2.89e+00  7.98e+01  3.67e+01 8.39e-02  1.04e+01  3.14e-01 2.16e-02     36s
  21  -1.91865722e+02 -9.97796685e+01  1.54e+01 2.73e+00  7.59e+01  2.55e+01 1.12e-01  9.52e+00  5.41e-01 5.37e-02     37s
  22  -1.63482093e+02 -1.02030305e+02  1.15e+01 7.09e-01  2.58e+01  1.02e+01 1.51e-01  8.61e+00  9.59e-01 7.41e-01     38s
  23  -1.88534622e+02 -1.04468890e+02  1.43e+01 5.75e-01  2.09e+01  2.68e+01 2.02e-02  1.79e+01  3.13e-01 1.88e-01     40s
  24  -1.77765683e+02 -1.04291932e+02  1.26e+01 4.91e-01  1.81e+01  2.31e+00 2.00e-01  8.30e+00  7.19e-01 1.47e-01     41s
  25  -1.79942835e+02 -1.04406913e+02  1.29e+01 4.77e-01  1.76e+01  2.34e+01 7.24e-02  1.15e+01  4.26e-01 2.91e-02     43s
  26  -1.82759334e+02 -1.04572184e+02  1.33e+01 4.48e-01  1.66e+01  2.01e+01 9.35e-02  1.07e+01  5.61e-01 6.04e-02     45s
  27  -1.83221175e+02 -1.05268658e+02  1.37e+01 1.58e-01  6.85e+00  1.39e+01 1.31e-01  9.72e+00  9.81e-01 6.46e-01     47s
  28  -1.58303229e+02 -1.05043394e+02  9.33e+00 1.07e-01  4.71e+00  3.01e-01 2.54e-01  8.13e+00  6.57e-01 3.25e-01     49s
  29  -1.58634398e+02 -1.05051551e+02  9.37e+00 1.06e-01  4.68e+00  1.69e+01 2.22e-02  1.77e+01  4.13e-01 4.88e-03     51s
  30  -1.58634425e+02 -1.05051552e+02  9.37e+00 1.06e-01  4.68e+00  1.70e+01 2.25e-02  1.76e+01  4.12e-01 3.94e-07     53s

The solution quality is limited by the precision of the linear system solver.

The II-IPM stopped after 31 iterations in 53.41 seconds.

Primal variables:   [+0.217 +43.885 +17.593 +0.559 +8.389 +9.216 +7.802 +8.872]
Dual slacks:        [+4.643 +0.012 +0.017 +2.047 +0.066 +0.036 +0.070 +0.034]
Dual variables:     [+0.506 +9.816]

Primal objective:   -1.58634425e+02
Dual objective:     -1.05051552e+02

Primal residual:    9.37e+00
Dual residual:      1.06e-01
Complementraty:     4.68e+00

Number of Iter:     31
Run time:           53.41
