
================= Linear optimization problem Information =================
Number of variables:     8
Number of constraints:   2

Norm of primal sol:      3.09e+00
Norm of dual sol:        1.00e+01
Norm of dual slacks:     5.00e+00

Norm of vector b:        2.00e+00
Norm of vector c:        1.18e+01

Norm of matrix A:        1.12e+00
Condition number:        2.00e+00
Seed:                    66

======================= Linear optimization problem =======================
coeff matrix A:          [[+0.126 +0.334 -0.007 +0.025 +0.114 +0.089 -0.133 -0.390]
                          [-0.296 +0.360 -0.391 -0.117 -0.341 -0.360 -0.383 -0.394]]

RHS vector b:            [-0.585 -1.913]
Obj vector c:            [+6.322 -1.880 +3.523 +1.168 +7.493 +3.642 +2.925 +1.948]

============================ Optimal solution =============================
Primal variables:        [+0.000 +0.331 +0.897 +1.679 +0.000 +0.621 +1.875 +1.379]
Dual slacks:             [+3.108 +0.000 +0.000 +0.000 +3.917 +0.000 +0.000 +0.000]
Dual variables:          [+4.177 -9.086]

Optimal objective:       +1.49360134e+01
===========================================================================

Method:             II-QIPM
LO_Precision:       1.00e-01
Stop_Precision:     1.00e-03
LO_Verbosity:       2
Omega:              1.00e+01
num_ancillae:       4

The Quantum Inexact Infeasible Interior-Point Method starts running ...


                  Objective                Residual                      Quantum                    Step-length
Iter      Primal           Dual         Primal    Dual     Compl    ||Resl||   Prob    Cond-Num   a-star   a-hat      Time
   0   8.65752753e+01 -1.11243850e+01  6.06e+00 7.26e+00  3.03e+02 *5.91e-03 7.59e-02  4.00e+00  7.68e-01 6.52e-01      2s
   1   4.40601852e+01 -8.98493800e+00  2.33e+00 1.99e+00  1.17e+02 *1.05e+00 3.07e-02  1.49e+01  9.31e-01 7.26e-01      3s
   2   3.43083510e+01 -8.39739888e+00  1.51e+00 1.39e+00  8.51e+01 *4.52e-01 1.56e-02  9.33e+01  7.04e-01 3.03e-01      5s
   3   3.04231878e+01 -8.23710728e+00  1.18e+00 1.18e+00  7.36e+01 *8.29e-01 1.55e-02  1.98e+02  6.29e-01 1.49e-01      6s
   4   2.79662289e+01 -8.15163803e+00  9.82e-01 1.06e+00  6.67e+01 *9.96e-01 1.55e-02  2.97e+02  5.85e-01 1.03e-01      8s
   5   2.61891381e+01 -8.09672714e+00  8.41e-01 9.76e-01  6.19e+01 *1.12e+00 1.55e-02  4.02e+02  5.49e-01 7.84e-02     10s
   6   2.48062202e+01 -8.05780566e+00  7.35e-01 9.14e-01  5.83e+01 *1.23e+00 1.55e-02  5.11e+02  5.19e-01 6.30e-02     11s
   7   2.36830950e+01 -8.02859826e+00  6.53e-01 8.67e-01  5.56e+01 *1.34e+00 1.55e-02  6.23e+02  4.91e-01 5.21e-02     13s
   8   2.27371050e+01 -8.00565579e+00  5.88e-01 8.28e-01  5.33e+01 *1.44e+00 1.55e-02  7.37e+02  4.67e-01 4.42e-02     15s
   9   2.19230867e+01 -7.98713560e+00  5.38e-01 7.97e-01  5.15e+01 *1.54e+00 1.55e-02  8.52e+02  4.45e-01 3.81e-02     16s
  10   2.12080325e+01 -7.97180867e+00  4.98e-01 7.70e-01  4.99e+01 *1.64e+00 1.55e-02  9.66e+02  4.25e-01 3.32e-02     18s
  11   2.05696917e+01 -7.95887970e+00  4.68e-01 7.48e-01  4.86e+01 *1.74e+00 1.55e-02  1.08e+03  4.07e-01 2.93e-02     20s
  12   1.99923588e+01 -7.94780667e+00  4.46e-01 7.28e-01  4.74e+01 *1.85e+00 1.55e-02  1.19e+03  3.90e-01 2.61e-02     22s
  13   1.94648678e+01 -7.93821075e+00  4.31e-01 7.11e-01  4.64e+01 *1.96e+00 1.55e-02  1.30e+03  3.74e-01 2.34e-02     23s
  14   1.89773540e+01 -7.92978806e+00  4.21e-01 6.96e-01  4.55e+01 *2.07e+00 1.55e-02  1.40e+03  3.60e-01 2.11e-02     25s
  15   1.85243620e+01 -7.92234839e+00  4.18e-01 6.83e-01  4.47e+01 *2.19e+00 1.55e-02  1.50e+03  3.47e-01 1.92e-02     26s
  16   1.80994540e+01 -7.91570867e+00  4.18e-01 6.71e-01  4.40e+01 *2.30e+00 1.55e-02  1.60e+03  3.33e-01 1.75e-02     28s
  17   1.76991671e+01 -7.90975329e+00  4.23e-01 6.60e-01  4.33e+01 *2.43e+00 1.55e-02  1.69e+03  3.21e-01 1.60e-02     30s
  18   1.73198425e+01 -7.90437643e+00  4.30e-01 6.50e-01  4.27e+01 *2.55e+00 1.55e-02  1.78e+03  3.10e-01 1.47e-02     32s
  19   1.69580290e+01 -7.89948711e+00  4.40e-01 6.42e-01  4.22e+01 *2.68e+00 1.55e-02  1.86e+03  2.99e-01 1.36e-02     33s
  20   1.66121565e+01 -7.89502912e+00  4.53e-01 6.33e-01  4.17e+01 *2.81e+00 1.55e-02  1.94e+03  2.90e-01 1.26e-02     34s
  21   1.62802188e+01 -7.89094603e+00  4.67e-01 6.26e-01  4.13e+01 *2.95e+00 1.55e-02  2.02e+03  2.80e-01 1.17e-02     36s
  22   1.59601558e+01 -7.88718661e+00  4.82e-01 6.19e-01  4.09e+01 *3.09e+00 1.55e-02  2.09e+03  2.72e-01 1.09e-02     37s
  23   1.56510835e+01 -7.88371835e+00  4.99e-01 6.13e-01  4.05e+01 *3.24e+00 1.56e-02  2.16e+03  2.64e-01 1.02e-02     39s
  24   1.53513387e+01 -7.88050312e+00  5.16e-01 6.07e-01  4.01e+01 *3.39e+00 1.56e-02  2.22e+03  2.56e-01 9.54e-03     40s
  25   1.50600159e+01 -7.87751457e+00  5.34e-01 6.02e-01  3.98e+01 *3.54e+00 1.56e-02  2.29e+03  2.49e-01 8.95e-03     41s
  26   1.47765944e+01 -7.87473253e+00  5.53e-01 5.97e-01  3.95e+01 *3.70e+00 1.56e-02  2.34e+03  2.42e-01 8.41e-03     42s
  27   1.45000678e+01 -7.87213381e+00  5.72e-01 5.92e-01  3.92e+01 *3.86e+00 1.56e-02  2.40e+03  2.36e-01 7.92e-03     44s
  28   1.42297918e+01 -7.86970076e+00  5.91e-01 5.87e-01  3.89e+01 *4.03e+00 1.56e-02  2.45e+03  2.30e-01 7.47e-03     45s
  29   1.39651849e+01 -7.86741781e+00  6.11e-01 5.83e-01  3.87e+01 *4.20e+00 1.56e-02  2.50e+03  2.24e-01 7.06e-03     47s
  30   1.37054590e+01 -7.86526900e+00  6.31e-01 5.79e-01  3.85e+01 *4.37e+00 1.56e-02  2.54e+03  2.18e-01 6.69e-03     49s
  31   1.34506480e+01 -7.86324646e+00  6.51e-01 5.76e-01  3.82e+01 *4.55e+00 1.56e-02  2.59e+03  2.13e-01 6.34e-03     50s
  32   1.32003021e+01 -7.86133896e+00  6.71e-01 5.72e-01  3.80e+01 *4.73e+00 1.56e-02  2.63e+03  2.08e-01 6.01e-03     52s
  33   1.29537599e+01 -7.85953469e+00  6.91e-01 5.69e-01  3.78e+01 *4.92e+00 1.56e-02  2.67e+03  2.03e-01 5.72e-03     53s
  34   1.27106413e+01 -7.85782494e+00  7.12e-01 5.66e-01  3.76e+01 *5.11e+00 1.56e-02  2.70e+03  1.99e-01 5.45e-03     55s
  35   1.24710707e+01 -7.85620510e+00  7.32e-01 5.63e-01  3.75e+01 *5.31e+00 1.56e-02  2.74e+03  1.95e-01 5.19e-03     57s
  36   1.22344713e+01 -7.85466620e+00  7.53e-01 5.60e-01  3.73e+01 *5.51e+00 1.56e-02  2.77e+03  1.90e-01 4.95e-03     58s
  37   1.20007598e+01 -7.85320317e+00  7.74e-01 5.58e-01  3.71e+01 *5.71e+00 1.56e-02  2.80e+03  1.86e-01 4.73e-03     60s
  38   1.17698648e+01 -7.85181133e+00  7.94e-01 5.55e-01  3.70e+01 *5.92e+00 1.56e-02  2.83e+03  1.83e-01 4.52e-03     61s
  39   1.15412681e+01 -7.85048370e+00  8.15e-01 5.53e-01  3.68e+01 *6.13e+00 1.56e-02  2.86e+03  1.79e-01 4.32e-03     63s
  40   1.13149216e+01 -7.84921658e+00  8.36e-01 5.50e-01  3.67e+01 *6.35e+00 1.56e-02  2.88e+03  1.75e-01 4.14e-03     65s
  41   1.10905609e+01 -7.84800530e+00  8.56e-01 5.48e-01  3.65e+01 *6.57e+00 1.56e-02  2.91e+03  1.72e-01 3.97e-03     66s
  42   1.08683760e+01 -7.84684796e+00  8.77e-01 5.46e-01  3.64e+01 *6.80e+00 1.56e-02  2.93e+03  1.69e-01 3.81e-03     67s
  43   1.06478993e+01 -7.84573934e+00  8.98e-01 5.44e-01  3.63e+01 *7.03e+00 1.56e-02  2.95e+03  1.66e-01 3.66e-03     69s
  44   1.04293296e+01 -7.84467795e+00  9.18e-01 5.42e-01  3.62e+01 *7.27e+00 1.56e-02  2.98e+03  1.63e-01 3.52e-03     71s
  45   1.02122170e+01 -7.84365924e+00  9.39e-01 5.40e-01  3.61e+01 *7.51e+00 1.56e-02  3.00e+03  1.60e-01 3.38e-03     73s
  46   9.99676658e+00 -7.84268205e+00  9.59e-01 5.39e-01  3.60e+01 *7.75e+00 1.56e-02  3.02e+03  1.57e-01 3.26e-03     74s
  47   9.78254301e+00 -7.84174239e+00  9.80e-01 5.37e-01  3.59e+01 *8.00e+00 1.56e-02  3.03e+03  1.54e-01 3.14e-03     76s
  48   9.56975557e+00 -7.84083938e+00  1.00e+00 5.35e-01  3.58e+01 *8.25e+00 1.56e-02  3.05e+03  1.51e-01 3.02e-03     78s
  49   9.35819212e+00 -7.83997036e+00  1.02e+00 5.34e-01  3.57e+01 *8.51e+00 1.56e-02  3.07e+03  1.49e-01 2.92e-03     80s
  50   9.14785461e+00 -7.83913374e+00  1.04e+00 5.32e-01  3.56e+01 *8.77e+00 1.56e-02  3.08e+03  1.46e-01 2.82e-03     82s
  51   8.93874736e+00 -7.83832801e+00  1.06e+00 5.31e-01  3.55e+01 *9.04e+00 1.56e-02  3.10e+03  1.44e-01 2.72e-03     84s
  52   8.73046039e+00 -7.83755021e+00  1.08e+00 5.29e-01  3.54e+01 *9.31e+00 1.56e-02  3.11e+03  1.42e-01 2.63e-03     86s
  53   8.52341545e+00 -7.83680063e+00  1.10e+00 5.28e-01  3.53e+01 *9.58e+00 1.56e-02  3.13e+03  1.40e-01 2.54e-03     88s
  54   8.31721026e+00 -7.83607654e+00  1.12e+00 5.27e-01  3.52e+01 *9.86e+00 1.56e-02  3.14e+03  1.37e-01 2.46e-03     89s
  55   8.11185510e+00 -7.83537688e+00  1.14e+00 5.25e-01  3.52e+01 *1.01e+01 1.56e-02  3.15e+03  1.35e-01 2.38e-03     91s
  56   7.90736166e+00 -7.83470061e+00  1.16e+00 5.24e-01  3.51e+01 *1.04e+01 1.56e-02  3.17e+03  1.33e-01 2.30e-03     93s
  57   7.70374283e+00 -7.83404677e+00  1.18e+00 5.23e-01  3.50e+01 *1.07e+01 1.56e-02  3.18e+03  1.31e-01 2.23e-03     95s
  58   7.50080966e+00 -7.83341379e+00  1.21e+00 5.22e-01  3.49e+01 *1.10e+01 1.56e-02  3.19e+03  1.29e-01 2.16e-03     97s
  59   7.29857614e+00 -7.83280085e+00  1.23e+00 5.21e-01  3.49e+01 *1.13e+01 1.56e-02  3.20e+03  1.28e-01 2.10e-03     98s
  60   7.09705715e+00 -7.83220716e+00  1.25e+00 5.20e-01  3.48e+01 *1.16e+01 1.56e-02  3.21e+03  1.26e-01 2.04e-03    100s
  61   6.89606740e+00 -7.83163140e+00  1.27e+00 5.19e-01  3.47e+01 *1.19e+01 1.56e-02  3.22e+03  1.24e-01 1.98e-03    101s
  62   6.69602276e+00 -7.83107400e+00  1.29e+00 5.18e-01  3.47e+01 *1.23e+01 1.56e-02  3.23e+03  1.22e-01 1.92e-03    102s
  63   6.49634249e+00 -7.83053262e+00  1.31e+00 5.17e-01  3.46e+01 *1.26e+01 1.56e-02  3.24e+03  1.21e-01 1.86e-03    104s
  64   6.29724086e+00 -7.83000721e+00  1.33e+00 5.16e-01  3.46e+01 *1.29e+01 1.56e-02  3.25e+03  1.19e-01 1.81e-03    106s
  65   6.09873485e+00 -7.82949719e+00  1.35e+00 5.15e-01  3.45e+01 *1.32e+01 1.56e-02  3.26e+03  1.17e-01 1.76e-03    107s
  66   5.90064378e+00 -7.82900150e+00  1.37e+00 5.14e-01  3.45e+01 *1.36e+01 1.56e-02  3.26e+03  1.16e-01 1.71e-03    109s
  67   5.70318182e+00 -7.82852012e+00  1.39e+00 5.13e-01  3.44e+01 *1.39e+01 1.56e-02  3.27e+03  1.14e-01 1.67e-03    111s
  68   5.50617011e+00 -7.82805208e+00  1.41e+00 5.12e-01  3.44e+01 *1.42e+01 1.56e-02  3.28e+03  1.13e-01 1.62e-03    113s
  69   5.30942914e+00 -7.82759645e+00  1.43e+00 5.12e-01  3.43e+01 *1.46e+01 1.56e-02  3.29e+03  1.11e-01 1.58e-03    114s
  70   5.11336766e+00 -7.82715372e+00  1.45e+00 5.11e-01  3.43e+01 *1.49e+01 1.56e-02  3.29e+03  1.10e-01 1.54e-03    116s
  71   4.91761322e+00 -7.82672258e+00  1.47e+00 5.10e-01  3.42e+01 *1.53e+01 1.56e-02  3.30e+03  1.09e-01 1.50e-03    118s
  72   4.72218243e+00 -7.82630263e+00  1.49e+00 5.09e-01  3.42e+01 *1.56e+01 1.56e-02  3.31e+03  1.07e-01 1.46e-03    120s
  73   4.52709214e+00 -7.82589353e+00  1.51e+00 5.09e-01  3.41e+01 *1.60e+01 1.56e-02  3.31e+03  1.06e-01 1.43e-03    122s
  74   4.33255414e+00 -7.82549533e+00  1.53e+00 5.08e-01  3.41e+01 *1.64e+01 1.56e-02  3.32e+03  1.05e-01 1.39e-03    123s
  75   4.13819835e+00 -7.82510688e+00  1.55e+00 5.07e-01  3.40e+01 *1.68e+01 1.56e-02  3.32e+03  1.04e-01 1.36e-03    124s
  76   3.94423474e+00 -7.82472828e+00  1.57e+00 5.06e-01  3.40e+01 *1.71e+01 1.56e-02  3.33e+03  1.02e-01 1.32e-03    126s
  77   3.75068076e+00 -7.82435920e+00  1.59e+00 5.06e-01  3.40e+01 *1.75e+01 1.56e-02  3.33e+03  1.01e-01 1.29e-03    127s
  78   3.55736065e+00 -7.82399900e+00  1.61e+00 5.05e-01  3.39e+01 *1.79e+01 1.56e-02  3.34e+03  1.00e-01 1.26e-03    129s
  79   3.36429062e+00 -7.82364741e+00  1.63e+00 5.05e-01  3.39e+01 *1.83e+01 1.56e-02  3.34e+03  9.90e-02 1.23e-03    131s
  80   3.17148699e+00 -7.82330417e+00  1.65e+00 5.04e-01  3.38e+01 *1.87e+01 1.56e-02  3.35e+03  9.79e-02 1.20e-03    132s
  81   2.97896618e+00 -7.82296904e+00  1.67e+00 5.03e-01  3.38e+01 *1.91e+01 1.56e-02  3.35e+03  9.68e-02 1.18e-03    134s
  82   2.78674464e+00 -7.82264178e+00  1.69e+00 5.03e-01  3.38e+01 *1.95e+01 1.56e-02  3.36e+03  9.57e-02 1.15e-03    135s
  83   2.59483887e+00 -7.82232216e+00  1.71e+00 5.02e-01  3.37e+01 *1.99e+01 1.56e-02  3.36e+03  9.47e-02 1.12e-03    137s
  84   2.40307361e+00 -7.82200964e+00  1.73e+00 5.02e-01  3.37e+01 *2.03e+01 1.56e-02  3.37e+03  9.37e-02 1.10e-03    138s
  85   2.21165553e+00 -7.82170434e+00  1.75e+00 5.01e-01  3.37e+01 *2.07e+01 1.56e-02  3.37e+03  9.27e-02 1.08e-03    139s
  86   2.02040990e+00 -7.82140576e+00  1.77e+00 5.01e-01  3.36e+01 *2.12e+01 1.56e-02  3.38e+03  9.17e-02 1.05e-03    140s
  87   1.82935186e+00 -7.82111370e+00  1.79e+00 5.00e-01  3.36e+01 *2.16e+01 1.56e-02  3.38e+03  9.08e-02 1.03e-03    141s
  88   1.63849655e+00 -7.82082798e+00  1.81e+00 5.00e-01  3.36e+01 *2.20e+01 1.56e-02  3.38e+03  8.99e-02 1.01e-03    142s
  89   1.44785915e+00 -7.82054845e+00  1.83e+00 4.99e-01  3.35e+01 *2.25e+01 1.56e-02  3.39e+03  8.90e-02 9.88e-04    144s

The solution quality is limited by the precision of the linear system solver.

The II-IPM stopped after 90 iterations in 144.01 seconds.

Primal variables:   [+0.334 +115.464 +0.802 +2.224 +0.223 +0.613 +1.401 +104.181]
Dual slacks:        [+10.613 +0.018 +6.835 +2.702 +11.957 +8.013 +4.444 +0.025]
Dual variables:     [-13.811 +8.310]

Primal objective:   1.44785915e+00 
Dual objective:     -7.82054845e+00

Primal residual:    1.83e+00
Dual residual:      4.99e-01
Complementraty:     3.35e+01

Number of Iter:     90
Run time:           144.01
