
================= Linear optimization problem Information =================
Number of variables:     8
Number of constraints:   2

Norm of primal sol:      3.66e+00
Norm of dual sol:        1.00e+01
Norm of dual slacks:     5.00e+00

Norm of vector b:        2.00e+00
Norm of vector c:        1.11e+01

Norm of matrix A:        1.12e+00
Condition number:        2.00e+00
Seed:                    31

======================= Linear optimization problem =======================
coeff matrix A:          [[-0.428 -0.290 -0.050 -0.410 -0.189 +0.414 -0.202 -0.217]
                          [-0.084 +0.310 +0.007 -0.215 -0.150 +0.445 -0.297 -0.242]]

RHS vector b:            [-1.682 -1.082]
Obj vector c:            [+4.175 +8.187 +0.507 +3.859 +1.731 -3.665 +1.708 +2.267]

============================ Optimal solution =============================
Primal variables:        [+0.657 +0.000 +1.770 +2.268 +0.478 +0.315 +2.087 +0.000]
Dual slacks:             [+0.000 +4.987 +0.000 +0.000 +0.000 +0.000 +0.000 +0.357]
Dual variables:          [-9.948 +1.020]

Optimal objective:       +1.56313435e+01
===========================================================================

Method:             II-QIPM
LO_Precision:       1.00e-01
Stop_Precision:     1.00e-03
LO_Verbosity:       2
Omega:              1.00e+01
num_ancillae:       4

The Quantum Inexact Infeasible Interior-Point Method starts running ...


                  Objective                Residual                      Quantum                    Step-length
Iter      Primal           Dual         Primal    Dual     Compl    ||Resl||   Prob    Cond-Num   a-star   a-hat      Time
   0   8.52211488e+01 -5.29729521e+00  5.29e+00 1.02e+01  3.74e+02  4.77e-03 1.08e-01  4.00e+00  6.84e-01 5.63e-01      1s
   1   7.38143779e+01 -2.62101759e+00  4.35e+00 7.99e+00  3.00e+02 *1.51e+00 1.56e-02  2.98e+01  8.37e-01 2.21e-01      2s
   2   6.01835671e+01  5.98828221e-01  3.26e+00 5.49e+00  2.16e+02 *1.16e+00 1.56e-02  4.22e+01  8.39e-01 3.13e-01      3s
   3   4.26459646e+01  4.29795466e+00  1.87e+00 2.76e+00  1.19e+02 *5.73e-01 1.56e-02  6.56e+01  7.50e-01 4.97e-01      5s
   4   3.23711216e+01  5.52781147e+00  1.01e+00 1.81e+00  8.05e+01 *8.11e-01 1.56e-02  1.18e+02  5.13e-01 3.46e-01      6s
   5   3.17414684e+01  5.55332367e+00  9.53e-01 1.78e+00  7.94e+01 *3.37e+00 1.55e-02  1.43e+02  2.90e-01 1.56e-02      7s
   6   3.12827669e+01  5.57042066e+00  9.16e-01 1.76e+00  7.86e+01 *3.65e+00 1.54e-02  1.45e+02  2.82e-01 1.10e-02      9s
   7   3.08333342e+01  5.58616755e+00  8.81e-01 1.74e+00  7.78e+01 *3.86e+00 1.54e-02  1.46e+02  2.75e-01 1.05e-02     10s
   8   3.03922342e+01  5.60069989e+00  8.48e-01 1.72e+00  7.71e+01 *4.08e+00 1.54e-02  1.47e+02  2.70e-01 9.97e-03     11s
   9   2.99590390e+01  5.61412385e+00  8.17e-01 1.71e+00  7.65e+01 *4.31e+00 1.54e-02  1.48e+02  2.64e-01 9.51e-03     13s
  10   2.95325147e+01  5.62656034e+00  7.87e-01 1.69e+00  7.58e+01 *4.54e+00 1.53e-02  1.49e+02  2.59e-01 9.09e-03     14s
  11   2.91127616e+01  5.63807988e+00  7.60e-01 1.68e+00  7.52e+01 *4.77e+00 1.53e-02  1.50e+02  2.53e-01 8.69e-03     15s
  12   2.86990727e+01  5.64877002e+00  7.35e-01 1.66e+00  7.47e+01 *5.02e+00 1.53e-02  1.50e+02  2.48e-01 8.32e-03     16s
  13   2.82903782e+01  5.65871841e+00  7.13e-01 1.65e+00  7.41e+01 *5.26e+00 1.53e-02  1.51e+02  2.44e-01 7.98e-03     18s
  14   2.78868704e+01  5.66797382e+00  6.93e-01 1.64e+00  7.36e+01 *5.52e+00 1.52e-02  1.52e+02  2.39e-01 7.65e-03     19s
  15   2.74883561e+01  5.67659104e+00  6.75e-01 1.62e+00  7.31e+01 *5.78e+00 1.52e-02  1.53e+02  2.34e-01 7.34e-03     20s
  16   2.70942705e+01  5.68462817e+00  6.61e-01 1.61e+00  7.27e+01 *6.05e+00 1.52e-02  1.53e+02  2.30e-01 7.04e-03     21s
  17   2.67036872e+01  5.69214457e+00  6.50e-01 1.60e+00  7.22e+01 *6.33e+00 1.52e-02  1.54e+02  2.26e-01 6.78e-03     22s
  18   2.63172589e+01  5.69916420e+00  6.41e-01 1.59e+00  7.18e+01 *6.61e+00 1.51e-02  1.55e+02  2.22e-01 6.51e-03     24s
  19   2.59344907e+01  5.70573105e+00  6.36e-01 1.58e+00  7.14e+01 *6.90e+00 1.51e-02  1.55e+02  2.18e-01 6.26e-03     25s
  20   2.55549090e+01  5.71188450e+00  6.34e-01 1.57e+00  7.10e+01 *7.19e+00 1.51e-02  1.56e+02  2.14e-01 6.03e-03     26s
  21   2.51784346e+01  5.71765408e+00  6.35e-01 1.56e+00  7.06e+01 *7.49e+00 1.50e-02  1.56e+02  2.11e-01 5.81e-03     27s
  22   2.48046265e+01  5.72307243e+00  6.40e-01 1.55e+00  7.03e+01 *7.80e+00 1.50e-02  1.57e+02  2.07e-01 5.61e-03     29s
  23   2.44338000e+01  5.72815869e+00  6.47e-01 1.55e+00  6.99e+01 *8.12e+00 1.50e-02  1.57e+02  2.04e-01 5.40e-03     30s
  24   2.40651708e+01  5.73294568e+00  6.58e-01 1.54e+00  6.96e+01 *8.45e+00 1.49e-02  1.58e+02  2.00e-01 5.22e-03     31s
  25   2.36994341e+01  5.73744432e+00  6.71e-01 1.53e+00  6.93e+01 *8.78e+00 1.49e-02  1.58e+02  1.97e-01 5.03e-03     32s
  26   2.33358320e+01  5.74168300e+00  6.87e-01 1.52e+00  6.90e+01 *9.12e+00 1.48e-02  1.59e+02  1.94e-01 4.86e-03     34s
  27   2.29743422e+01  5.74567879e+00  7.06e-01 1.52e+00  6.87e+01 *9.47e+00 1.48e-02  1.59e+02  1.91e-01 4.70e-03     35s
  28   2.26145886e+01  5.74945133e+00  7.27e-01 1.51e+00  6.84e+01 *9.82e+00 1.48e-02  1.60e+02  1.88e-01 4.55e-03     37s
  29   2.22572762e+01  5.75300766e+00  7.50e-01 1.50e+00  6.81e+01 *1.02e+01 1.47e-02  1.60e+02  1.85e-01 4.40e-03     38s
  30   2.19016890e+01  5.75636874e+00  7.74e-01 1.50e+00  6.78e+01 *1.06e+01 1.47e-02  1.60e+02  1.82e-01 4.26e-03     39s
  31   2.15478266e+01  5.75954679e+00  8.01e-01 1.49e+00  6.76e+01 *1.09e+01 1.46e-02  1.61e+02  1.79e-01 4.12e-03     40s
  32   2.11956928e+01  5.76255320e+00  8.29e-01 1.48e+00  6.73e+01 *1.13e+01 1.46e-02  1.61e+02  1.77e-01 3.99e-03     41s
  33   2.08452957e+01  5.76539857e+00  8.58e-01 1.48e+00  6.71e+01 *1.17e+01 1.45e-02  1.62e+02  1.74e-01 3.87e-03     42s
  34   2.04962981e+01  5.76809549e+00  8.89e-01 1.47e+00  6.69e+01 *1.21e+01 1.45e-02  1.62e+02  1.71e-01 3.75e-03     44s
  35   2.01487139e+01  5.77065281e+00  9.21e-01 1.47e+00  6.66e+01 *1.25e+01 1.44e-02  1.62e+02  1.69e-01 3.64e-03     46s
  36   1.98029066e+01  5.77307636e+00  9.54e-01 1.46e+00  6.64e+01 *1.30e+01 1.44e-02  1.62e+02  1.67e-01 3.52e-03     47s
  37   1.94582081e+01  5.77537883e+00  9.87e-01 1.46e+00  6.62e+01 *1.34e+01 1.43e-02  1.63e+02  1.64e-01 3.42e-03     49s
  38   1.91149831e+01  5.77756492e+00  1.02e+00 1.45e+00  6.60e+01 *1.38e+01 1.43e-02  1.63e+02  1.62e-01 3.32e-03     50s
  39   1.87729146e+01  5.77964347e+00  1.06e+00 1.45e+00  6.58e+01 *1.43e+01 1.42e-02  1.63e+02  1.60e-01 3.23e-03     51s
  40   1.84323693e+01  5.78161859e+00  1.09e+00 1.44e+00  6.56e+01 *1.47e+01 1.41e-02  1.64e+02  1.57e-01 3.13e-03     52s
  41   1.80930369e+01  5.78349807e+00  1.13e+00 1.44e+00  6.55e+01 *1.52e+01 1.41e-02  1.64e+02  1.55e-01 3.04e-03     54s
  42   1.77549471e+01  5.78528726e+00  1.17e+00 1.43e+00  6.53e+01 *1.57e+01 1.40e-02  1.64e+02  1.53e-01 2.96e-03     55s
  43   1.74181311e+01  5.78699114e+00  1.21e+00 1.43e+00  6.51e+01 *1.61e+01 1.39e-02  1.64e+02  1.51e-01 2.87e-03     56s
  44   1.70822860e+01  5.78861604e+00  1.24e+00 1.43e+00  6.50e+01 *1.66e+01 1.39e-02  1.65e+02  1.49e-01 2.80e-03     58s
  45   1.67477792e+01  5.79016461e+00  1.28e+00 1.42e+00  6.48e+01 *1.71e+01 1.38e-02  1.65e+02  1.47e-01 2.72e-03     59s
  46   1.64139788e+01  5.79164395e+00  1.32e+00 1.42e+00  6.46e+01 *1.77e+01 1.37e-02  1.65e+02  1.45e-01 2.65e-03     61s
  47   1.60819164e+01  5.79305337e+00  1.36e+00 1.41e+00  6.45e+01 *1.82e+01 1.37e-02  1.65e+02  1.43e-01 2.57e-03     62s
  48   1.57506366e+01  5.79440078e+00  1.40e+00 1.41e+00  6.43e+01 *1.87e+01 1.36e-02  1.65e+02  1.42e-01 2.51e-03     64s
  49   1.54201750e+01  5.79568929e+00  1.44e+00 1.41e+00  6.42e+01 *1.92e+01 1.35e-02  1.66e+02  1.40e-01 2.44e-03     65s
  50   1.50912270e+01  5.79691942e+00  1.48e+00 1.40e+00  6.41e+01 *1.98e+01 1.34e-02  1.66e+02  1.38e-01 2.38e-03     66s
  51   1.47631762e+01  5.79809660e+00  1.52e+00 1.40e+00  6.39e+01 *2.04e+01 1.34e-02  1.66e+02  1.36e-01 2.32e-03     67s
  52   1.44360605e+01  5.79922346e+00  1.57e+00 1.40e+00  6.38e+01 *2.09e+01 1.33e-02  1.66e+02  1.35e-01 2.26e-03     68s
  53   1.41102448e+01  5.80030141e+00  1.61e+00 1.40e+00  6.37e+01 *2.15e+01 1.32e-02  1.66e+02  1.33e-01 2.20e-03     70s
  54   1.37854447e+01  5.80133396e+00  1.65e+00 1.39e+00  6.35e+01 *2.21e+01 1.31e-02  1.66e+02  1.32e-01 2.15e-03     71s
  55   1.34616997e+01  5.80232332e+00  1.69e+00 1.39e+00  6.34e+01 *2.27e+01 1.30e-02  1.67e+02  1.30e-01 2.10e-03     72s
  56   1.31387271e+01  5.80327256e+00  1.73e+00 1.39e+00  6.33e+01 *2.33e+01 1.29e-02  1.67e+02  1.28e-01 2.05e-03     73s
  57   1.28168884e+01  5.80418263e+00  1.78e+00 1.38e+00  6.32e+01 *2.39e+01 1.29e-02  1.67e+02  1.27e-01 2.00e-03     74s
  58   1.24962246e+01  5.80505541e+00  1.82e+00 1.38e+00  6.31e+01 *2.45e+01 1.28e-02  1.67e+02  1.26e-01 1.95e-03     76s
  59   1.21767767e+01  5.80589271e+00  1.86e+00 1.38e+00  6.30e+01 *2.52e+01 1.27e-02  1.67e+02  1.24e-01 1.90e-03     78s
  60   1.18582673e+01  5.80669700e+00  1.91e+00 1.38e+00  6.29e+01 *2.58e+01 1.26e-02  1.67e+02  1.23e-01 1.86e-03     79s
  61   1.15407371e+01  5.80746980e+00  1.95e+00 1.37e+00  6.27e+01 *2.65e+01 1.25e-02  1.67e+02  1.21e-01 1.81e-03     80s
  62   1.12242269e+01  5.80821256e+00  1.99e+00 1.37e+00  6.26e+01 *2.72e+01 1.24e-02  1.67e+02  1.20e-01 1.77e-03     81s
  63   1.09087778e+01  5.80892663e+00  2.04e+00 1.37e+00  6.25e+01 *2.79e+01 1.23e-02  1.68e+02  1.19e-01 1.73e-03     83s
  64   1.05944309e+01  5.80961331e+00  2.08e+00 1.37e+00  6.25e+01 *2.85e+01 1.22e-02  1.68e+02  1.17e-01 1.69e-03     84s
  65   1.02809140e+01  5.81027449e+00  2.12e+00 1.36e+00  6.24e+01 *2.93e+01 1.21e-02  1.68e+02  1.16e-01 1.66e-03     85s
  66   9.96889264e+00  5.81091001e+00  2.17e+00 1.36e+00  6.23e+01 *3.00e+01 1.19e-02  1.68e+02  1.15e-01 1.62e-03     87s
  67   9.65778599e+00  5.81152226e+00  2.21e+00 1.36e+00  6.22e+01 *3.07e+01 1.18e-02  1.68e+02  1.14e-01 1.58e-03     88s
  68   9.34763486e+00  5.81211225e+00  2.26e+00 1.36e+00  6.21e+01 *3.14e+01 1.17e-02  1.68e+02  1.12e-01 1.55e-03     89s
  69   9.03878935e+00  5.81268035e+00  2.30e+00 1.36e+00  6.20e+01 *3.22e+01 1.16e-02  1.68e+02  1.11e-01 1.51e-03     90s
  70   8.73098259e+00  5.81322808e+00  2.35e+00 1.35e+00  6.19e+01 *3.30e+01 1.15e-02  1.68e+02  1.10e-01 1.48e-03     91s
  71   8.42456220e+00  5.81375576e+00  2.39e+00 1.35e+00  6.18e+01 *3.37e+01 1.14e-02  1.68e+02  1.09e-01 1.45e-03     93s
  72   8.11895784e+00  5.81426528e+00  2.44e+00 1.35e+00  6.18e+01 *3.45e+01 1.13e-02  1.69e+02  1.08e-01 1.42e-03     94s
  73   7.81451482e+00  5.81475688e+00  2.48e+00 1.35e+00  6.17e+01 *3.53e+01 1.11e-02  1.69e+02  1.07e-01 1.39e-03     95s
  74   7.51127389e+00  5.81523132e+00  2.53e+00 1.35e+00  6.16e+01 *3.61e+01 1.10e-02  1.69e+02  1.06e-01 1.36e-03     96s
  75   7.20927564e+00  5.81568930e+00  2.57e+00 1.34e+00  6.15e+01 *3.70e+01 1.09e-02  1.69e+02  1.05e-01 1.33e-03     98s
  76   6.90856055e+00  5.81613150e+00  2.62e+00 1.34e+00  6.15e+01 *3.78e+01 1.08e-02  1.69e+02  1.04e-01 1.30e-03     99s
  77   6.60886915e+00  5.81655899e+00  2.66e+00 1.34e+00  6.14e+01 *3.86e+01 1.06e-02  1.69e+02  1.03e-01 1.28e-03    100s
  78   6.31054065e+00  5.81697194e+00  2.71e+00 1.34e+00  6.13e+01 *3.95e+01 1.05e-02  1.69e+02  1.02e-01 1.25e-03    101s
  79   6.01331773e+00  5.81737135e+00  2.76e+00 1.34e+00  6.12e+01 *4.04e+01 1.04e-02  1.69e+02  1.01e-01 1.23e-03    102s
  80   5.71724080e+00  5.81775773e+00  2.80e+00 1.34e+00  6.12e+01 *4.13e+01 1.02e-02  1.69e+02  9.96e-02 1.20e-03    104s
  81   5.42264512e+00  5.81813123e+00  2.85e+00 1.33e+00  6.11e+01 *4.22e+01 1.01e-02  1.69e+02  9.86e-02 1.18e-03    105s
  82   5.12927654e+00  5.81849272e+00  2.90e+00 1.33e+00  6.10e+01 *4.31e+01 9.94e-03  1.69e+02  9.77e-02 1.16e-03    107s
  83   4.83717511e+00  5.81884267e+00  2.94e+00 1.33e+00  6.10e+01 *4.40e+01 9.80e-03  1.69e+02  9.67e-02 1.13e-03    108s
  84   4.54638076e+00  5.81918152e+00  2.99e+00 1.33e+00  6.09e+01 *4.50e+01 9.66e-03  1.69e+02  9.58e-02 1.11e-03    110s
  85   4.25693327e+00  5.81950969e+00  3.04e+00 1.33e+00  6.09e+01 *4.59e+01 9.51e-03  1.70e+02  9.50e-02 1.09e-03    111s
  86   3.96887224e+00  5.81982759e+00  3.08e+00 1.33e+00  6.08e+01 *4.69e+01 9.36e-03  1.70e+02  9.41e-02 1.07e-03    113s
  87   3.68223706e+00  5.82013561e+00  3.13e+00 1.33e+00  6.07e+01 *4.79e+01 9.22e-03  1.70e+02  9.32e-02 1.05e-03    115s
  88   3.39678146e+00  5.82043442e+00  3.18e+00 1.32e+00  6.07e+01 *4.89e+01 9.06e-03  1.70e+02  9.24e-02 1.03e-03    116s
  89   3.11283003e+00  5.82072406e+00  3.22e+00 1.32e+00  6.06e+01 *4.99e+01 8.91e-03  1.70e+02  9.15e-02 1.01e-03    118s
  90   2.83013889e+00  5.82100517e+00  3.27e+00 1.32e+00  6.06e+01 *5.09e+01 8.76e-03  1.70e+02  9.07e-02 9.94e-04    120s

The solution quality is limited by the precision of the linear system solver.

The II-IPM stopped after 91 iterations in 119.66 seconds.

Primal variables:   [+2.146 +0.546 +7.261 +3.192 +6.943 +53.249 +81.000 +8.022]
Dual slacks:        [+4.658 +11.541 +1.202 +3.205 +1.303 +0.073 +0.047 +1.074]
Dual variables:     [+2.049 -8.567]

Primal objective:   2.83013889e+00 
Dual objective:     5.82100517e+00 

Primal residual:    3.27e+00
Dual residual:      1.32e+00
Complementraty:     6.06e+01

Number of Iter:     91
Run time:           119.66
