
================= Linear optimization problem Information =================
Number of variables:     8
Number of constraints:   2

Norm of primal sol:      1.75e+00
Norm of dual sol:        1.00e+01
Norm of dual slacks:     5.00e+00

Norm of vector b:        1.00e+00
Norm of vector c:        7.11e+00

Norm of matrix A:        1.12e+00
Condition number:        2.00e+00
Seed:                    81

======================= Linear optimization problem =======================
coeff matrix A:          [[+0.015 -0.371 -0.097 -0.056 +0.200 +0.451 +0.116 -0.074]
                          [+0.378 -0.138 +0.472 +0.207 +0.390 +0.434 +0.209 -0.157]]

RHS vector b:            [-0.137 +0.991]
Obj vector c:            [+2.033 +2.260 +3.492 +1.636 +0.585 -0.064 +5.101 -0.282]

============================ Optimal solution =============================
Primal variables:        [+0.365 +0.350 +0.959 +0.939 +0.861 +0.000 +0.000 +0.523]
Dual slacks:             [+0.000 +0.000 +0.000 +0.000 +0.000 +1.165 +4.862 +0.000]
Dual variables:          [-8.213 +5.705]

Optimal objective:       +6.77727720e+00
===========================================================================

Method:             II-QIPM
LO_Precision:       1.00e-01
Stop_Precision:     1.00e-03
LO_Verbosity:       2
Omega:              1.00e+01
num_ancillae:       4

The Quantum Inexact Infeasible Interior-Point Method starts running ...


                  Objective                Residual                      Quantum                    Step-length
Iter      Primal           Dual         Primal    Dual     Compl    ||Resl||   Prob    Cond-Num   a-star   a-hat      Time
   0   7.32884970e+01 -1.38151023e+01  6.64e+00 9.16e+00  3.48e+02 *1.44e-02 3.75e-02  4.00e+00  7.37e-01 6.11e-01      1s
   1   5.96863210e+01 -1.43827668e+01  4.90e+00 6.78e+00  2.67e+02  4.23e-02 2.33e-01  6.64e+00  5.21e-01 2.61e-01      2s
   2   5.79792684e+01 -1.40653466e+01  4.67e+00 6.46e+00  2.56e+02  2.99e-02 4.41e-02  8.32e+00  5.08e-01 4.61e-02      4s
   3   5.63740363e+01 -1.37264630e+01  4.46e+00 6.17e+00  2.45e+02  9.52e-02 4.50e-02  8.70e+00  5.15e-01 4.49e-02      5s
   4   5.47538778e+01 -1.33555654e+01  4.25e+00 5.89e+00  2.35e+02  1.87e-01 4.40e-02  9.12e+00  5.21e-01 4.64e-02      7s
   5   5.31081123e+01 -1.29607920e+01  4.04e+00 5.61e+00  2.25e+02  3.13e-01 4.17e-02  9.60e+00  5.27e-01 4.79e-02      8s
   6   5.14259952e+01 -1.25514453e+01  3.84e+00 5.33e+00  2.15e+02  4.76e-01 3.84e-02  1.02e+01  5.31e-01 4.93e-02      9s
   7   4.97047438e+01 -1.21388843e+01  3.63e+00 5.06e+00  2.05e+02  6.78e-01 3.46e-02  1.08e+01  5.35e-01 5.04e-02     11s
   8   4.79375157e+01 -1.17321553e+01  3.43e+00 4.80e+00  1.96e+02  9.17e-01 3.07e-02  1.16e+01  5.37e-01 5.13e-02     12s
   9   4.61246729e+01 -1.13394459e+01  3.23e+00 4.55e+00  1.86e+02  1.19e+00 2.70e-02  1.25e+01  5.37e-01 5.19e-02     13s
  10   4.42709611e+01 -1.09665921e+01  3.04e+00 4.31e+00  1.78e+02  1.48e+00 2.38e-02  1.36e+01  5.36e-01 5.22e-02     15s
  11   4.23851678e+01 -1.06169679e+01  2.86e+00 4.09e+00  1.69e+02  1.80e+00 2.13e-02  1.48e+01  5.33e-01 5.22e-02     16s
  12   4.04751987e+01 -1.02912414e+01  2.69e+00 3.88e+00  1.61e+02  2.13e+00 1.94e-02  1.62e+01  5.30e-01 5.20e-02     18s
  13   3.85541563e+01 -9.98950431e+00  2.53e+00 3.68e+00  1.54e+02  2.48e+00 1.81e-02  1.77e+01  5.24e-01 5.16e-02     19s
  14   3.66409392e+01 -9.71196813e+00  2.38e+00 3.49e+00  1.47e+02  2.84e+00 1.72e-02  1.93e+01  5.18e-01 5.07e-02     21s
  15   3.47473798e+01 -9.45757048e+00  2.25e+00 3.32e+00  1.40e+02  3.23e+00 1.66e-02  2.10e+01  5.09e-01 4.94e-02     22s
  16   3.28943092e+01 -9.22665739e+00  2.15e+00 3.16e+00  1.34e+02  3.65e+00 1.62e-02  2.27e+01  4.98e-01 4.75e-02     24s
  17   3.10972918e+01 -9.01892404e+00  2.07e+00 3.02e+00  1.28e+02  4.12e+00 1.60e-02  2.44e+01  4.85e-01 4.52e-02     25s
  18   2.93682919e+01 -8.83371550e+00  2.02e+00 2.89e+00  1.23e+02  4.63e+00 1.58e-02  2.60e+01  4.70e-01 4.24e-02     26s
  19   2.77147509e+01 -8.66990489e+00  2.00e+00 2.78e+00  1.19e+02  5.19e+00 1.57e-02  2.75e+01  4.47e-01 3.93e-02     27s
  20   2.61431312e+01 -8.52624133e+00  2.01e+00 2.68e+00  1.15e+02  5.82e+00 1.56e-02  2.88e+01  4.21e-01 3.60e-02     29s
  21   2.46507477e+01 -8.40060805e+00  2.05e+00 2.59e+00  1.12e+02  6.50e+00 1.56e-02  2.99e+01  3.97e-01 3.27e-02     31s
  22   2.32340238e+01 -8.29094767e+00  2.10e+00 2.51e+00  1.08e+02  7.24e+00 1.56e-02  3.09e+01  3.75e-01 2.96e-02     32s
  23   2.18876418e+01 -8.19521596e+00  2.18e+00 2.44e+00  1.06e+02  8.05e+00 1.55e-02  3.17e+01  3.55e-01 2.68e-02     34s
  24   2.06076547e+01 -8.11164051e+00  2.27e+00 2.39e+00  1.03e+02  8.91e+00 1.55e-02  3.23e+01  3.37e-01 2.41e-02     35s
  25   1.93840116e+01 -8.03823964e+00  2.38e+00 2.33e+00  1.01e+02  9.82e+00 1.55e-02  3.29e+01  3.21e-01 2.17e-02     36s
  26   1.82144691e+01 -7.97374320e+00  2.49e+00 2.29e+00  9.95e+01  1.08e+01 1.55e-02  3.33e+01  3.06e-01 1.96e-02     37s
  27   1.70898332e+01 -7.91664809e+00  2.61e+00 2.25e+00  9.78e+01  1.18e+01 1.55e-02  3.36e+01  2.92e-01 1.77e-02     39s
  28   1.60056919e+01 -7.86590729e+00  2.74e+00 2.21e+00  9.64e+01  1.29e+01 1.55e-02  3.39e+01  2.79e-01 1.61e-02     40s
  29   1.49585449e+01 -7.82064923e+00  2.88e+00 2.18e+00  9.51e+01  1.40e+01 1.55e-02  3.42e+01  2.68e-01 1.46e-02     41s
  30   1.39435910e+01 -7.78006279e+00  3.01e+00 2.15e+00  9.39e+01  1.51e+01 1.55e-02  3.43e+01  2.57e-01 1.34e-02     42s
  31   1.29567469e+01 -7.74348052e+00  3.15e+00 2.12e+00  9.28e+01  1.63e+01 1.54e-02  3.45e+01  2.47e-01 1.22e-02     44s
  32   1.19964158e+01 -7.71041536e+00  3.29e+00 2.10e+00  9.18e+01  1.76e+01 1.54e-02  3.46e+01  2.38e-01 1.12e-02     46s
  33   1.10575966e+01 -7.68033031e+00  3.44e+00 2.08e+00  9.10e+01  1.89e+01 1.54e-02  3.47e+01  2.30e-01 1.04e-02     47s
  34   1.01403269e+01 -7.65292138e+00  3.58e+00 2.06e+00  9.02e+01  2.02e+01 1.54e-02  3.48e+01  2.22e-01 9.55e-03     49s
  35   9.24122054e+00 -7.62781973e+00  3.73e+00 2.04e+00  8.94e+01  2.16e+01 1.54e-02  3.48e+01  2.15e-01 8.85e-03     51s
  36   8.35892476e+00 -7.60476253e+00  3.87e+00 2.02e+00  8.87e+01  2.30e+01 1.54e-02  3.49e+01  2.08e-01 8.22e-03     52s
  37   7.49137902e+00 -7.58350169e+00  4.02e+00 2.01e+00  8.81e+01  2.45e+01 1.54e-02  3.49e+01  2.02e-01 7.66e-03     54s
  38   6.63752841e+00 -7.56384466e+00  4.16e+00 1.99e+00  8.75e+01  2.60e+01 1.54e-02  3.50e+01  1.96e-01 7.15e-03     56s
  39   5.79642079e+00 -7.54562373e+00  4.31e+00 1.98e+00  8.70e+01  2.75e+01 1.54e-02  3.50e+01  1.90e-01 6.69e-03     57s
  40   4.96718762e+00 -7.52869229e+00  4.46e+00 1.97e+00  8.65e+01  2.91e+01 1.54e-02  3.50e+01  1.85e-01 6.27e-03     58s
  41   4.14738952e+00 -7.51289018e+00  4.60e+00 1.96e+00  8.60e+01  3.07e+01 1.54e-02  3.50e+01  1.80e-01 5.90e-03     60s
  42   3.33871410e+00 -7.49815370e+00  4.75e+00 1.94e+00  8.55e+01  3.24e+01 1.54e-02  3.50e+01  1.76e-01 5.54e-03     61s
  43   2.53805795e+00 -7.48433885e+00  4.90e+00 1.93e+00  8.51e+01  3.41e+01 1.54e-02  3.50e+01  1.71e-01 5.23e-03     63s
  44   1.74634069e+00 -7.47138722e+00  5.04e+00 1.93e+00  8.47e+01  3.58e+01 1.54e-02  3.50e+01  1.67e-01 4.94e-03     64s
  45   9.61357314e-01 -7.45919554e+00  5.19e+00 1.92e+00  8.44e+01  3.76e+01 1.54e-02  3.50e+01  1.63e-01 4.68e-03     65s
  46   1.84824735e-01 -7.44773153e+00  5.34e+00 1.91e+00  8.40e+01  3.94e+01 1.54e-02  3.50e+01  1.59e-01 4.43e-03     67s
  47  -5.86160705e-01 -7.43689817e+00  5.48e+00 1.90e+00  8.37e+01  4.12e+01 1.54e-02  3.50e+01  1.56e-01 4.21e-03     68s
  48  -1.34989056e+00 -7.42667295e+00  5.63e+00 1.89e+00  8.34e+01  4.31e+01 1.54e-02  3.50e+01  1.52e-01 3.99e-03     69s
  49  -2.10844686e+00 -7.41698456e+00  5.77e+00 1.88e+00  8.31e+01  4.50e+01 1.54e-02  3.50e+01  1.49e-01 3.80e-03     71s
  50  -2.86164026e+00 -7.40779806e+00  5.92e+00 1.88e+00  8.28e+01  4.70e+01 1.54e-02  3.50e+01  1.46e-01 3.62e-03     73s
  51  -3.60927651e+00 -7.39908121e+00  6.06e+00 1.87e+00  8.26e+01  4.90e+01 1.54e-02  3.50e+01  1.43e-01 3.46e-03     74s
  52  -4.35264449e+00 -7.39078767e+00  6.21e+00 1.87e+00  8.23e+01  5.10e+01 1.54e-02  3.50e+01  1.40e-01 3.30e-03     76s
  53  -5.09155304e+00 -7.38289195e+00  6.35e+00 1.86e+00  8.21e+01  5.31e+01 1.54e-02  3.50e+01  1.37e-01 3.16e-03     78s
  54  -5.82580915e+00 -7.37537037e+00  6.50e+00 1.85e+00  8.18e+01  5.52e+01 1.54e-02  3.50e+01  1.35e-01 3.02e-03     80s
  55  -6.55594947e+00 -7.36819376e+00  6.64e+00 1.85e+00  8.16e+01  5.74e+01 1.54e-02  3.49e+01  1.32e-01 2.89e-03     81s
  56  -7.28251143e+00 -7.36133564e+00  6.78e+00 1.84e+00  8.14e+01  5.95e+01 1.54e-02  3.49e+01  1.30e-01 2.78e-03     83s
  57  -8.00531109e+00 -7.35477847e+00  6.93e+00 1.84e+00  8.12e+01  6.18e+01 1.54e-02  3.49e+01  1.27e-01 2.66e-03     84s
  58  -8.72416496e+00 -7.34850585e+00  7.07e+00 1.83e+00  8.10e+01  6.40e+01 1.54e-02  3.49e+01  1.25e-01 2.56e-03     86s
  59  -9.44032241e+00 -7.34249044e+00  7.21e+00 1.83e+00  8.08e+01  6.63e+01 1.54e-02  3.49e+01  1.23e-01 2.46e-03     88s
  60  -1.01536130e+01 -7.33671913e+00  7.36e+00 1.82e+00  8.06e+01  6.86e+01 1.54e-02  3.49e+01  1.21e-01 2.37e-03     90s
  61  -1.08631565e+01 -7.33118517e+00  7.50e+00 1.82e+00  8.05e+01  7.10e+01 1.54e-02  3.49e+01  1.19e-01 2.28e-03     91s
  62  -1.15709010e+01 -7.32586049e+00  7.64e+00 1.82e+00  8.03e+01  7.34e+01 1.54e-02  3.49e+01  1.17e-01 2.20e-03     92s
  63  -1.22752813e+01 -7.32074548e+00  7.79e+00 1.81e+00  8.01e+01  7.58e+01 1.54e-02  3.48e+01  1.15e-01 2.12e-03     94s
  64  -1.29775359e+01 -7.31582006e+00  7.93e+00 1.81e+00  8.00e+01  7.83e+01 1.54e-02  3.48e+01  1.13e-01 2.05e-03     96s
  65  -1.36768124e+01 -7.31108024e+00  8.07e+00 1.81e+00  7.98e+01  8.08e+01 1.54e-02  3.48e+01  1.11e-01 1.97e-03     97s
  66  -1.43736510e+01 -7.30651277e+00  8.21e+00 1.80e+00  7.97e+01  8.33e+01 1.54e-02  3.48e+01  1.10e-01 1.91e-03     99s
  67  -1.50685973e+01 -7.30210544e+00  8.35e+00 1.80e+00  7.96e+01  8.59e+01 1.54e-02  3.48e+01  1.08e-01 1.85e-03    101s
  68  -1.57615093e+01 -7.29785129e+00  8.49e+00 1.80e+00  7.94e+01  8.85e+01 1.54e-02  3.48e+01  1.06e-01 1.79e-03    102s
  69  -1.64522464e+01 -7.29374368e+00  8.64e+00 1.79e+00  7.93e+01  9.11e+01 1.54e-02  3.48e+01  1.05e-01 1.73e-03    104s
  70  -1.71413585e+01 -7.28977239e+00  8.78e+00 1.79e+00  7.92e+01  9.38e+01 1.54e-02  3.48e+01  1.03e-01 1.68e-03    105s
