
--------------- Linear optimization problem characteristics ---------------
Seed:                    37
Number of variables:     4
Number of constraints:   2

Norm of primal sol:      5.81e+00
Norm of dual sol:        1.00e+01
Norm of dual slacks:     5.00e+00

Norm of vector b:        2.00e+00
Norm of vector c:        6.23e+00

Norm of matrix A:        1.00e+00
Condition number:        2.00e+00

----------------------- Linear optimization problem -----------------------
Coeff matrix A:          [[+0.222 -0.554 -0.400 +0.078]
                          [+0.096 -0.741 +0.243 +0.331]]

RHS vector b:            [+1.338 +1.486]
Obj vector c:            [+2.019 -4.618 +1.767 +3.201]

---------------------------- Optimal solution -----------------------------
Primal variables:         [+4.950 +0.000 +0.000 +3.050]
Dual slacks:              [+0.000 +4.617 +1.918 +0.000]
Dual variables:           [+5.461 +8.377]

Optimal objective:       +1.97592145e+01
===========================================================================

Method:                  II-QIPM
LO_Precision:            1.00e-02
Stop_Precision:          1.00e-03
LO_Verbosity:            2
Omega:                   1.00e+02

The Quantum Inexact Infeasible Interior-Point Method starts running ...


                  Objective                Residual                                Linear system           Step-length
Iter      Primal           Dual         Primal    Dual     Compl    ||Resl||  Cond-Num  ||M||   ||RHS||    a-star   a-hat      Time
   0   2.93000295e+02  9.35752845e+01  2.52e+01 7.44e+01  1.60e+04  1.78e-14  4.00e+00 1.00e+00 7.72e+01  7.42e-01 6.26e-01      0s
   1   3.07574603e+02  8.71370025e+01  2.24e+01 6.64e+01  1.44e+04 *1.82e+00  6.54e+00 1.56e+00 4.87e+01  6.28e-01 1.07e-01      0s
   2   3.21035016e+02  8.09541845e+01  2.01e+01 5.97e+01  1.31e+04 *1.85e+00  6.66e+00 1.81e+00 6.12e+01  6.63e-01 1.01e-01      0s
   3   3.37452780e+02  7.35030349e+01  1.75e+01 5.22e+01  1.16e+04 *1.06e+00  6.78e+00 2.08e+00 7.29e+01  7.07e-01 1.25e-01      1s
   4   3.58367982e+02  6.43012264e+01  1.46e+01 4.35e+01  9.83e+03 *2.24e-02  6.93e+00 2.49e+00 8.69e+01  7.66e-01 1.67e-01      1s
   5   3.71725889e+02  6.43012264e+01  1.27e+01 4.28e+01  9.68e+03  1.04e+02  7.12e+00 3.15e+00 1.04e+02  3.30e-01 1.65e-02      1s
   6   3.85056750e+02  6.43012264e+01  1.08e+01 4.21e+01  9.55e+03  1.14e+02  7.18e+00 3.28e+00 1.14e+02  3.19e-01 1.52e-02      1s
   7   3.98388248e+02  6.43012264e+01  9.07e+00 4.15e+01  9.43e+03  1.25e+02  7.25e+00 3.41e+00 1.25e+02  3.08e-01 1.41e-02      1s
   8   4.11737781e+02  6.43012264e+01  7.38e+00 4.10e+01  9.31e+03  1.36e+02  7.34e+00 3.55e+00 1.36e+02  2.98e-01 1.31e-02      1s
   9   4.25098347e+02  6.43012264e+01  5.81e+00 4.05e+01  9.21e+03  1.47e+02  7.45e+00 3.69e+00 1.47e+02  2.89e-01 1.22e-02      1s
  10   4.38477380e+02  6.43012264e+01  4.50e+00 4.00e+01  9.12e+03  1.58e+02  7.57e+00 3.84e+00 1.58e+02  2.80e-01 1.14e-02      1s
  11   4.51857084e+02  6.43012264e+01  3.68e+00 3.96e+01  9.03e+03  1.70e+02  7.70e+00 4.00e+00 1.70e+02  2.72e-01 1.06e-02      1s
  12   4.65246889e+02  6.43012264e+01  3.69e+00 3.92e+01  8.95e+03  1.82e+02  7.84e+00 4.16e+00 1.82e+02  2.64e-01 9.95e-03      2s
  13   4.74306230e+02  1.25971100e+01  2.23e-01 2.57e+00  1.05e+03 *2.08e-02  8.00e+00 4.33e+00 1.95e+02  9.75e-01 9.34e-01      2s
  14   3.10090833e+02  1.23588856e+01  1.97e+00 1.62e-15  3.05e+02 *1.97e+00  1.23e+01 6.15e+01 4.95e+01  1.00e+00 1.00e+00      2s
  15   4.78748304e+01  1.24878446e+01  1.60e-01 4.34e-16  3.49e+01  1.51e-01  1.15e+01 8.54e+01 4.92e+00  1.00e+00 9.83e-01      2s
  16   4.03125395e+01  1.26431829e+01  1.28e-01 6.08e-16  2.73e+01  2.56e-02  9.51e+00 8.05e+00 2.24e+00  8.56e-01 2.42e-01      2s
  17   3.61469881e+01  1.27937067e+01  1.06e-01 3.55e-16  2.30e+01  3.98e-04  8.99e+00 5.89e+00 2.12e+00  7.93e-01 1.73e-01      2s
  18   3.33077118e+01  1.29481264e+01  9.24e-02 8.67e-16  2.01e+01  1.25e-02  8.67e+00 4.74e+00 2.05e+00  7.51e-01 1.42e-01      3s
  19   3.12385538e+01  1.31069479e+01  8.44e-02 7.02e-16  1.79e+01  2.67e-02  8.50e+00 4.01e+00 2.00e+00  7.18e-01 1.21e-01      3s
  20   2.96709238e+01  1.32700755e+01  7.86e-02 3.33e-16  1.62e+01  3.00e-02  8.43e+00 3.50e+00 1.97e+00  6.89e-01 1.06e-01      3s
  21   2.84403953e+01  1.34379575e+01  7.42e-02 8.95e-16  1.48e+01  3.15e-02  8.44e+00 3.15e+00 1.94e+00  6.65e-01 9.46e-02      3s
  22   2.74445076e+01  1.36116463e+01  7.04e-02 2.22e-16  1.37e+01  3.07e-02  8.51e+00 2.88e+00 1.92e+00  6.45e-01 8.64e-02      3s
  23   2.66244341e+01  1.37915140e+01  6.66e-02 4.48e-16  1.27e+01  2.25e-02  8.62e+00 2.69e+00 1.91e+00  6.29e-01 7.99e-02      4s
  24   2.59386794e+01  1.39781691e+01  6.22e-02 4.58e-16  1.18e+01  8.01e-03  8.75e+00 2.54e+00 1.89e+00  6.15e-01 7.48e-02      4s
  25   2.53505594e+01  1.41734729e+01  5.76e-02 5.55e-17  1.10e+01  2.01e-03  8.88e+00 2.43e+00 1.88e+00  6.06e-01 7.19e-02      4s
  26   2.48305560e+01  1.43800985e+01  5.35e-02 5.24e-16  1.03e+01  9.37e-04  9.01e+00 2.35e+00 1.87e+00  6.05e-01 7.14e-02      4s
  27   2.43583868e+01  1.46009314e+01  5.07e-02 4.44e-16  9.66e+00  1.50e-02  9.14e+00 2.29e+00 1.87e+00  6.10e-01 7.30e-02      4s
  28   2.39221797e+01  1.48387276e+01  4.93e-02 5.24e-16  9.00e+00  3.22e-02  9.27e+00 2.25e+00 1.86e+00  6.19e-01 7.62e-02      5s
  29   2.35176239e+01  1.50956487e+01  4.88e-02 8.95e-16  8.35e+00  4.25e-02  9.40e+00 2.23e+00 1.85e+00  6.31e-01 8.04e-02      5s
  30   2.31426548e+01  1.53744572e+01  4.81e-02 6.80e-16  7.70e+00  4.11e-02  9.51e+00 2.23e+00 1.85e+00  6.44e-01 8.56e-02      5s
  31   2.27920028e+01  1.56791449e+01  4.69e-02 9.19e-16  7.06e+00  3.52e-02  9.58e+00 2.24e+00 1.84e+00  6.60e-01 9.27e-02      5s
  32   2.24553898e+01  1.60160199e+01  4.57e-02 6.66e-16  6.40e+00  3.50e-02  9.59e+00 2.28e+00 1.84e+00  6.85e-01 1.04e-01      5s
  33   2.21217164e+01  1.63934313e+01  4.51e-02 5.69e-16  5.70e+00  4.13e-02  9.51e+00 2.35e+00 1.83e+00  7.18e-01 1.21e-01      6s
  34   2.17864073e+01  1.68207047e+01  4.45e-02 5.03e-16  4.95e+00  4.07e-02  9.35e+00 2.46e+00 1.83e+00  7.57e-01 1.46e-01      6s
  35   2.14541183e+01  1.73169487e+01  3.73e-02 1.02e-15  4.14e+00  4.99e-03  9.06e+00 2.63e+00 1.83e+00  8.00e-01 1.82e-01      6s
  36   2.10648145e+01  1.78939044e+01  3.73e-02 5.09e-16  3.19e+00  3.75e-02  8.41e+00 2.89e+00 1.82e+00  8.75e-01 2.55e-01      6s
  37   4.92484227e+00  1.78939044e+01  1.53e+00 4.16e-17  7.70e-01  1.82e+00  7.65e+00 3.41e+00 1.82e+00  1.00e+00 8.43e-01      6s
  38   5.35564788e+00  1.81314991e+01  1.49e+00 4.46e-16  7.45e-01  3.08e-02  8.27e+00 8.29e-01 1.96e+00  2.04e-01 2.91e-02      6s
  39   5.35562615e+00  1.81314991e+01  1.49e+00 4.46e-16  7.45e-01  1.95e+00  7.77e+00 9.86e-01 1.95e+00  1.00e+00 4.48e-06      7s

The solution quality is limited by the precision of the linear system solver.

The algorithm stopped after 40 iterations in 6.65 seconds.

Primal variables:   [+1.6631 +0.0332 +0.1002 +0.6164]
Dual slacks:        [+0.1090 +3.8088 +2.1673 +0.3568]
Dual variables:     [+5.4336 +7.3067]

Primal objective:   5.35562615e+00 
Dual objective:     1.81314991e+01 

Primal residual:    1.49e+00
Dual residual:      4.46e-16
Complementraty:     7.45e-01

Number of Iter:     40
Run time:           6.65
