
--------------- Linear optimization problem characteristics ---------------
Seed:                    8
Number of variables:     4
Number of constraints:   2

Norm of primal sol:      7.44e+00
Norm of dual sol:        1.00e+01
Norm of dual slacks:     5.00e+00

Norm of vector b:        2.00e+00
Norm of vector c:        1.01e+01

Norm of matrix A:        1.00e+00
Condition number:        2.00e+00

----------------------- Linear optimization problem -----------------------
Coeff matrix A:          [[-0.121 +0.456 +0.521 -0.432]
                          [+0.247 -0.120 +0.389 -0.586]]

RHS vector b:            [+1.918 +0.568]
Obj vector c:            [-1.589 -1.133 -1.646 +9.815]

---------------------------- Optimal solution -----------------------------
Primal variables:         [+4.983 +5.526 +0.000 +0.000]
Dual slacks:              [+0.000 +0.000 +4.267 +2.606]
Dual variables:           [-4.799 -8.773]

Optimal objective:       -1.41827856e+01
===========================================================================

Method:                  II-QIPM
LO_Precision:            1.00e-02
Stop_Precision:          1.00e-03
LO_Verbosity:            2
Omega:                   1.00e+02

The Quantum Inexact Infeasible Interior-Point Method starts running ...


                  Objective                Residual                                Linear system           Step-length
Iter      Primal           Dual         Primal    Dual     Compl    ||Resl||  Cond-Num  ||M||   ||RHS||    a-star   a-hat      Time
   0   4.98199971e+02  0.00000000e+00  4.99e+01 8.19e+00  2.27e+03  5.03e+01  4.00e+00 1.00e+00 5.03e+01  9.84e-01 9.59e-01      0s
   1   3.68441487e+02  0.00000000e+00  6.25e+01 7.16e+00  2.00e+03  1.70e+02  3.16e+00 2.54e+01 1.70e+02  6.09e-01 1.26e-01      0s
   2   2.86427607e+02  0.00000000e+00  7.21e+01 6.63e+00  1.87e+03  2.08e+02  3.20e+00 3.35e+01 2.08e+02  5.53e-01 7.40e-02      0s
   3   2.13285443e+02  0.00000000e+00  8.17e+01 6.22e+00  1.76e+03  2.39e+02  3.25e+00 4.04e+01 2.39e+02  5.18e-01 6.21e-02      0s
   4   1.47036993e+02  0.00000000e+00  9.10e+01 5.89e+00  1.67e+03  2.71e+02  3.30e+00 4.79e+01 2.71e+02  4.86e-01 5.27e-02      1s
   5   8.62626099e+01  0.00000000e+00  1.00e+02 5.63e+00  1.60e+03  3.05e+02  3.36e+00 5.62e+01 3.05e+02  4.57e-01 4.51e-02      1s
   6   2.98831845e+01  0.00000000e+00  1.09e+02 5.41e+00  1.54e+03  3.40e+02  3.42e+00 6.52e+01 3.40e+02  4.31e-01 3.89e-02      1s
   7  -2.29376878e+01  0.00000000e+00  1.18e+02 5.22e+00  1.49e+03  3.77e+02  3.49e+00 7.48e+01 3.77e+02  4.08e-01 3.39e-02      1s
   8  -7.29131055e+01  0.00000000e+00  1.26e+02 5.07e+00  1.45e+03  4.16e+02  3.55e+00 8.51e+01 4.16e+02  3.88e-01 2.98e-02      1s
   9  -1.20387906e+02  0.00000000e+00  1.35e+02 4.93e+00  1.42e+03  4.56e+02  3.62e+00 9.60e+01 4.56e+02  3.69e-01 2.64e-02      1s
  10  -1.65774804e+02  0.00000000e+00  1.43e+02 4.82e+00  1.38e+03  4.98e+02  3.69e+00 1.08e+02 4.98e+02  3.52e-01 2.35e-02      1s
  11  -2.09465485e+02  0.00000000e+00  1.51e+02 4.72e+00  1.36e+03  5.42e+02  3.76e+00 1.20e+02 5.42e+02  3.36e-01 2.11e-02      1s
  12  -2.51589483e+02  0.00000000e+00  1.59e+02 4.63e+00  1.33e+03  5.87e+02  3.83e+00 1.33e+02 5.87e+02  3.22e-01 1.89e-02      1s
  13  -2.92416176e+02  0.00000000e+00  1.67e+02 4.55e+00  1.31e+03  6.33e+02  3.90e+00 1.46e+02 6.33e+02  3.09e-01 1.72e-02      1s
  14  -3.32027901e+02  0.00000000e+00  1.75e+02 4.48e+00  1.29e+03  6.82e+02  3.98e+00 1.60e+02 6.82e+02  2.97e-01 1.56e-02      1s
  15  -3.62349970e+02 -8.28756334e-01  1.52e+02 3.88e+00  1.13e+03 *1.87e+00  4.05e+00 1.75e+02 7.32e+02  5.37e-01 1.33e-01      2s
  16  -3.88999713e+02 -1.25481764e+00  1.42e+02 3.63e+00  1.06e+03 *1.80e+01  2.22e+00 1.38e+02 5.59e+02  4.82e-01 6.54e-02      2s
  17  -4.05962101e+02 -1.54438151e+00  1.36e+02 3.47e+00  1.01e+03 *2.00e+01  1.72e+00 1.26e+02 5.06e+02  4.53e-01 4.45e-02      2s
  18  -4.20242954e+02 -1.78735085e+00  1.31e+02 3.35e+00  9.79e+02 *1.26e+01  1.61e+00 1.24e+02 4.79e+02  4.18e-01 3.46e-02      2s
  19  -4.32194431e+02 -2.00341951e+00  1.27e+02 3.25e+00  9.53e+02 *1.18e+01  1.65e+00 1.27e+02 4.63e+02  3.94e-01 2.90e-02      2s
  20  -4.42305132e+02 -2.20266631e+00  1.24e+02 3.17e+00  9.30e+02 *9.82e+00  1.76e+00 1.32e+02 4.54e+02  3.77e-01 2.54e-02      2s
  21  -4.50962194e+02 -2.39136390e+00  1.22e+02 3.10e+00  9.11e+02 *4.05e+00  1.89e+00 1.39e+02 4.48e+02  3.64e-01 2.29e-02      2s
  22  -4.58361029e+02 -2.57350143e+00  1.19e+02 3.03e+00  8.93e+02 *1.04e+00  2.04e+00 1.45e+02 4.44e+02  3.55e-01 2.12e-02      2s
  23  -4.64599467e+02 -2.75178731e+00  1.17e+02 2.97e+00  8.77e+02 *2.42e+00  2.18e+00 1.51e+02 4.41e+02  3.48e-01 2.00e-02      2s
  24  -4.69783658e+02 -2.92884600e+00  1.14e+02 2.91e+00  8.61e+02 *1.03e+00  2.33e+00 1.57e+02 4.39e+02  3.44e-01 1.93e-02      2s
  25  -4.73989731e+02 -3.10600826e+00  1.12e+02 2.86e+00  8.46e+02 *4.93e-01  2.47e+00 1.63e+02 4.38e+02  3.42e-01 1.89e-02      2s
  26  -4.77296876e+02 -3.28518305e+00  1.10e+02 2.80e+00  8.32e+02 *5.43e-01  2.61e+00 1.69e+02 4.36e+02  3.42e-01 1.86e-02      2s
  27  -4.79731810e+02 -3.46716110e+00  1.08e+02 2.75e+00  8.18e+02 *4.68e-01  2.74e+00 1.74e+02 4.35e+02  3.42e-01 1.86e-02      2s
  28  -4.81313178e+02 -3.65335826e+00  1.06e+02 2.70e+00  8.04e+02 *1.06e+00  2.87e+00 1.79e+02 4.33e+02  3.44e-01 1.87e-02      3s
  29  -4.82041450e+02 -3.84519674e+00  1.04e+02 2.65e+00  7.90e+02 *1.60e-01  2.99e+00 1.84e+02 4.31e+02  3.47e-01 1.90e-02      3s
  30  -6.46733795e+02 -3.84519674e+00  1.17e+02 2.52e+00  7.49e+02  4.29e+02  3.11e+00 1.89e+02 4.29e+02  2.05e-01 4.80e-02      3s
  31  -6.67333792e+02 -3.84519674e+00  1.18e+02 2.51e+00  7.46e+02  6.05e+02  3.32e+00 2.63e+02 6.05e+02  1.65e-01 4.23e-03      3s
  32  -6.85459304e+02 -3.84519674e+00  1.20e+02 2.50e+00  7.44e+02  6.30e+02  3.34e+00 2.72e+02 6.30e+02  1.62e-01 3.58e-03      3s
  33  -7.03439594e+02 -3.84519674e+00  1.21e+02 2.49e+00  7.42e+02  6.53e+02  3.36e+00 2.80e+02 6.53e+02  1.59e-01 3.44e-03      3s
  34  -7.21290023e+02 -3.84519674e+00  1.23e+02 2.49e+00  7.39e+02  6.77e+02  3.39e+00 2.89e+02 6.77e+02  1.56e-01 3.30e-03      3s
  35  -7.39008097e+02 -3.84519674e+00  1.24e+02 2.48e+00  7.37e+02  7.01e+02  3.41e+00 2.98e+02 7.01e+02  1.53e-01 3.17e-03      3s
  36  -7.56626553e+02 -3.84519674e+00  1.25e+02 2.47e+00  7.35e+02  7.25e+02  3.43e+00 3.06e+02 7.25e+02  1.50e-01 3.05e-03      3s
  37  -7.74107937e+02 -3.84519674e+00  1.27e+02 2.46e+00  7.33e+02  7.51e+02  3.46e+00 3.15e+02 7.51e+02  1.48e-01 2.93e-03      3s
  38  -7.91501946e+02 -3.84519674e+00  1.28e+02 2.46e+00  7.31e+02  7.77e+02  3.48e+00 3.24e+02 7.77e+02  1.45e-01 2.83e-03      3s
  39  -8.08788906e+02 -3.84519674e+00  1.29e+02 2.45e+00  7.29e+02  8.03e+02  3.51e+00 3.33e+02 8.03e+02  1.43e-01 2.73e-03      3s
  40  -8.25983616e+02 -3.84519674e+00  1.31e+02 2.44e+00  7.28e+02  8.30e+02  3.53e+00 3.42e+02 8.30e+02  1.40e-01 2.63e-03      4s
  41  -8.43083733e+02 -3.84519674e+00  1.32e+02 2.44e+00  7.26e+02  8.58e+02  3.56e+00 3.51e+02 8.58e+02  1.38e-01 2.54e-03      4s
  42  -8.60086934e+02 -3.84519674e+00  1.33e+02 2.43e+00  7.24e+02  8.86e+02  3.59e+00 3.61e+02 8.86e+02  1.36e-01 2.45e-03      4s
  43  -8.77007843e+02 -3.84519674e+00  1.35e+02 2.42e+00  7.23e+02  9.15e+02  3.61e+00 3.70e+02 9.15e+02  1.34e-01 2.37e-03      4s
  44  -8.93827390e+02 -3.84519674e+00  1.36e+02 2.42e+00  7.21e+02  9.45e+02  3.64e+00 3.80e+02 9.45e+02  1.32e-01 2.29e-03      4s
  45  -9.10593592e+02 -3.84519674e+00  1.37e+02 2.41e+00  7.20e+02  9.75e+02  3.67e+00 3.89e+02 9.75e+02  1.30e-01 2.22e-03      4s
  46  -9.27270998e+02 -3.84519674e+00  1.39e+02 2.41e+00  7.18e+02  1.01e+03  3.69e+00 3.99e+02 1.01e+03  1.28e-01 2.15e-03      4s
  47  -9.43857452e+02 -3.84519674e+00  1.40e+02 2.40e+00  7.17e+02  1.04e+03  3.72e+00 4.09e+02 1.04e+03  1.26e-01 2.08e-03      4s
  48  -9.60400413e+02 -3.84519674e+00  1.42e+02 2.40e+00  7.16e+02  1.07e+03  3.75e+00 4.19e+02 1.07e+03  1.24e-01 2.02e-03      4s
  49  -9.76848535e+02 -3.84519674e+00  1.43e+02 2.39e+00  7.14e+02  1.10e+03  3.78e+00 4.29e+02 1.10e+03  1.22e-01 1.95e-03      4s
  50  -9.93248911e+02 -3.84519674e+00  1.44e+02 2.39e+00  7.13e+02  1.14e+03  3.81e+00 4.39e+02 1.14e+03  1.21e-01 1.90e-03      4s
  51  -1.00956698e+03 -3.84519674e+00  1.46e+02 2.38e+00  7.12e+02  1.17e+03  3.84e+00 4.50e+02 1.17e+03  1.19e-01 1.84e-03      4s
  52  -1.02583329e+03 -3.84519674e+00  1.47e+02 2.38e+00  7.11e+02  1.20e+03  3.87e+00 4.60e+02 1.20e+03  1.17e-01 1.79e-03      5s
  53  -1.04204598e+03 -3.84519674e+00  1.48e+02 2.38e+00  7.10e+02  1.24e+03  3.90e+00 4.71e+02 1.24e+03  1.16e-01 1.74e-03      5s
  54  -1.05818709e+03 -3.84519674e+00  1.50e+02 2.37e+00  7.08e+02  1.27e+03  3.93e+00 4.82e+02 1.27e+03  1.14e-01 1.69e-03      5s
  55  -1.07427082e+03 -3.84519674e+00  1.51e+02 2.37e+00  7.07e+02  1.31e+03  3.97e+00 4.92e+02 1.31e+03  1.13e-01 1.64e-03      5s
  56  -1.09031145e+03 -3.84519674e+00  1.53e+02 2.36e+00  7.06e+02  1.35e+03  4.00e+00 5.03e+02 1.35e+03  1.11e-01 1.60e-03      5s
  57  -1.06713054e+03 -4.44840064e+00  1.44e+02 2.23e+00  6.68e+02  5.92e+00  4.03e+00 5.14e+02 1.39e+03  2.98e-01 5.69e-02      5s
  58  -1.05981829e+03 -4.63295782e+00  1.42e+02 2.19e+00  6.57e+02  4.92e+01  4.26e+00 5.36e+02 1.33e+03  3.43e-01 1.84e-02      5s
  59  -1.05159576e+03 -4.82819074e+00  1.40e+02 2.15e+00  6.45e+02  5.36e+01  4.30e+00 5.41e+02 1.30e+03  3.55e-01 1.97e-02      5s
  60  -1.04209721e+03 -5.03722275e+00  1.38e+02 2.10e+00  6.32e+02  5.57e+01  4.33e+00 5.47e+02 1.28e+03  3.67e-01 2.13e-02      5s
  61  -1.03103018e+03 -5.26106297e+00  1.36e+02 2.05e+00  6.19e+02  5.60e+01  4.37e+00 5.52e+02 1.25e+03  3.80e-01 2.31e-02      5s
  62  -1.01805613e+03 -5.50170122e+00  1.33e+02 2.00e+00  6.05e+02  5.50e+01  4.39e+00 5.57e+02 1.22e+03  3.94e-01 2.51e-02      6s
  63  -1.00287840e+03 -5.76032667e+00  1.30e+02 1.95e+00  5.90e+02  5.31e+01  4.42e+00 5.61e+02 1.18e+03  4.09e-01 2.74e-02      6s
  64  -9.85125231e+02 -6.03950749e+00  1.27e+02 1.89e+00  5.74e+02  5.05e+01  4.44e+00 5.64e+02 1.14e+03  4.25e-01 3.01e-02      6s
  65  -9.64389706e+02 -6.34211928e+00  1.24e+02 1.82e+00  5.56e+02 *4.75e+01  4.46e+00 5.66e+02 1.10e+03  4.44e-01 3.32e-02      6s
  66  -9.40269564e+02 -6.67070041e+00  1.21e+02 1.76e+00  5.38e+02 *4.42e+01  4.47e+00 5.66e+02 1.05e+03  4.64e-01 3.70e-02      6s
  67  -9.12256034e+02 -7.02898780e+00  1.17e+02 1.68e+00  5.18e+02 *4.09e+01  4.49e+00 5.65e+02 9.94e+02  4.86e-01 4.15e-02      6s
  68  -8.79743215e+02 -7.42146722e+00  1.12e+02 1.61e+00  4.95e+02 *3.74e+01  4.50e+00 5.62e+02 9.35e+02  5.11e-01 4.70e-02      6s
  69  -8.42081361e+02 -7.85258900e+00  1.08e+02 1.52e+00  4.71e+02 *3.40e+01  4.51e+00 5.56e+02 8.71e+02  5.39e-01 5.38e-02      6s
  70  -7.98480990e+02 -8.32785730e+00  1.02e+02 1.42e+00  4.45e+02 *3.05e+01  4.51e+00 5.48e+02 8.00e+02  5.71e-01 6.23e-02      7s
  71  -7.48090650e+02 -8.85282481e+00  9.59e+01 1.32e+00  4.16e+02 *2.71e+01  4.51e+00 5.36e+02 7.24e+02  6.07e-01 7.29e-02      7s
  72  -6.90005165e+02 -9.43308334e+00  8.90e+01 1.21e+00  3.83e+02 *2.36e+01  4.51e+00 5.21e+02 6.41e+02  6.47e-01 8.65e-02      7s
  73  -6.23299729e+02 -1.00740779e+01  8.10e+01 1.08e+00  3.47e+02 *2.00e+01  4.51e+00 5.00e+02 5.54e+02  6.93e-01 1.04e-01      7s
  74  -5.47360123e+02 -1.07783613e+01  7.21e+01 9.43e-01  3.08e+02 *1.64e+01  4.51e+00 4.74e+02 4.62e+02  7.45e-01 1.27e-01      7s
  75  -4.62247203e+02 -1.15433503e+01  6.20e+01 7.94e-01  2.65e+02 *1.29e+01  4.50e+00 4.40e+02 3.69e+02  8.04e-01 1.58e-01      7s
  76  -3.69485717e+02 -1.23561166e+01  5.09e+01 6.36e-01  2.19e+02 *9.50e+00  4.48e+00 3.99e+02 2.76e+02  8.70e-01 1.99e-01      7s
  77  -2.72578700e+02 -1.31916252e+01  3.90e+01 4.74e-01  1.70e+02 *6.40e+00  4.46e+00 3.48e+02 1.90e+02  9.41e-01 2.55e-01      7s
  78  -1.77881563e+02 -1.40080036e+01  2.67e+01 3.16e-01  1.21e+02 *3.76e+00  4.42e+00 2.87e+02 1.16e+02  1.00e+00 3.34e-01      7s
  79  -9.31645459e+01 -1.47605646e+01  1.49e+01 1.70e-01  7.37e+01 *1.75e+00  4.37e+00 2.17e+02 5.83e+01  1.00e+00 4.62e-01      7s
  80  -2.64714648e+01 -1.54107381e+01  4.11e+00 4.38e-02  2.79e+01 *5.16e-01  4.28e+00 1.40e+02 2.05e+01  1.00e+00 7.42e-01      8s
  81  -1.21365428e+01 -1.55576222e+01  5.89e-02 1.28e-15  3.81e+00  5.89e-02  4.18e+00 5.54e+01 2.12e+00  1.00e+00 1.00e+00      8s
  82  -1.37903062e+01 -1.48387747e+01  1.81e-02 1.92e-16  1.01e+00  1.68e-02  5.07e+00 1.24e+01 1.81e+00  8.94e-01 8.23e-01      8s
  83  -6.78134678e+00 -1.48387747e+01  1.02e+00 8.69e-17  5.10e-01  1.87e+00  7.05e+00 2.22e+01 1.87e+00  1.00e+00 5.49e-01      8s
  84  -7.37666364e+00 -1.47367297e+01  9.38e-01 1.87e-16  4.69e-01  2.57e-03  6.96e+00 1.09e+01 1.93e+00  5.11e-01 8.04e-02      8s
  85  -7.37666072e+00 -1.47367297e+01  9.38e-01 1.87e-16  4.69e-01  1.93e+00  7.01e+00 1.40e+01 1.93e+00  1.00e+00 4.28e-07      8s

The solution quality is limited by the precision of the linear system solver.

The algorithm stopped after 86 iterations in 8.28 seconds.

Primal variables:   [+2.6915 +2.9441 +0.0236 +0.0282]
Dual slacks:        [+0.0500 +0.0551 +4.4881 +2.3440]
Dual variables:     [-4.9991 -9.0733]

Primal objective:   -7.37666072e+00
Dual objective:     -1.47367297e+01

Primal residual:    9.38e-01
Dual residual:      1.87e-16
Complementraty:     4.69e-01

Number of Iter:     86
Run time:           8.28
