
--------------- Linear optimization problem characteristics ---------------
Seed:                    73
Number of variables:     4
Number of constraints:   2

Norm of primal sol:      4.23e+00
Norm of dual sol:        1.00e+01
Norm of dual slacks:     5.00e+00

Norm of vector b:        2.00e+00
Norm of vector c:        5.37e+00

Norm of matrix A:        1.00e+00
Condition number:        4.00e+00

----------------------- Linear optimization problem -----------------------
Coeff matrix A:          [[-0.035 +0.641 +0.564 +0.249]
                          [-0.017 +0.449 +0.068 +0.253]]

RHS vector b:            [+1.627 +1.163]
Obj vector c:            [+0.179 -4.642 +2.398 +1.238]

---------------------------- Optimal solution -----------------------------
Primal variables:         [+3.241 +2.716 +0.000 +0.000]
Dual slacks:              [+0.000 +0.000 +3.213 +3.831]
Dual variables:           [-0.245 -9.997]

Optimal objective:       -1.20283737e+01
===========================================================================

Method:                  II-QIPM
LO_Precision:            1.00e-02
Stop_Precision:          1.00e-03
LO_Verbosity:            2
Omega:                   1.00e+02

The Quantum Inexact Infeasible Interior-Point Method starts running ...


                  Objective                Residual                                Linear system           Step-length
Iter      Primal           Dual         Primal    Dual     Compl    ||Resl||  Cond-Num  ||M||   ||RHS||    a-star   a-hat      Time
   0   1.32722980e+02 -2.49019687e+02  4.60e+01 5.81e+01  1.27e+04 *2.84e-14  1.60e+01 1.00e+00 1.77e+02  8.15e-01 7.10e-01      1s
   1   8.04187030e+01 -3.19278204e+02  1.67e+01 2.11e+01  5.07e+03 *4.08e-02  1.02e+01 2.84e-01 1.46e+01  7.84e-01 6.37e-01      1s
   2   8.02255698e+01 -3.12328490e+02  1.57e+01 1.98e+01  4.79e+03  9.41e-04  1.30e+01 1.78e-01 1.06e+01  5.54e-01 6.10e-02      1s
   3   8.03024607e+01 -3.05060903e+02  1.48e+01 1.87e+01  4.54e+03  1.46e-02  1.37e+01 1.87e-01 1.24e+01  5.55e-01 5.67e-02      1s
   4   8.06009985e+01 -2.96988997e+02  1.39e+01 1.76e+01  4.31e+03  2.73e-02  1.44e+01 1.98e-01 1.42e+01  5.58e-01 5.77e-02      2s
   5   8.08980892e+01 -2.96988997e+02  1.33e+01 1.72e+01  4.22e+03  1.62e+01  1.52e+01 2.11e-01 1.62e+01  3.71e-01 2.19e-02      2s
   6   8.12952754e+01 -2.96988997e+02  1.26e+01 1.69e+01  4.14e+03  1.78e+01  1.59e+01 2.17e-01 1.78e+01  3.57e-01 2.00e-02      2s
   7   8.21455844e+01 -2.86219027e+02  1.18e+01 1.58e+01  3.91e+03  2.64e-03  1.67e+01 2.24e-01 1.95e+01  5.77e-01 6.36e-02      2s
   8   8.32247622e+01 -2.74299241e+02  1.10e+01 1.47e+01  3.67e+03  4.46e-04  1.78e+01 2.45e-01 2.21e+01  5.90e-01 6.79e-02      3s
   9   8.45484337e+01 -2.61045551e+02  1.02e+01 1.36e+01  3.42e+03  1.32e-03  1.92e+01 2.72e-01 2.50e+01  6.06e-01 7.37e-02      3s
  10   8.61398104e+01 -2.46236876e+02  9.38e+00 1.25e+01  3.17e+03  7.24e-04  2.08e+01 3.05e-01 2.82e+01  6.26e-01 8.15e-02      3s
  11   8.80305730e+01 -2.29571207e+02  8.52e+00 1.14e+01  2.91e+03  2.70e-05  2.26e+01 3.49e-01 3.20e+01  6.51e-01 9.22e-02      4s
  12   9.02619352e+01 -2.10635772e+02  7.60e+00 1.01e+01  2.62e+03  5.17e-04  2.49e+01 4.07e-01 3.63e+01  6.82e-01 1.07e-01      4s
  13   9.28855535e+01 -1.88927470e+02  6.63e+00 8.84e+00  2.32e+03  1.42e-02  2.76e+01 4.88e-01 4.14e+01  7.19e-01 1.28e-01      5s
  14   9.59437077e+01 -1.63564413e+02  5.56e+00 7.42e+00  1.98e+03  1.16e-02  3.09e+01 6.05e-01 4.75e+01  7.66e-01 1.61e-01      5s
  15   9.94231649e+01 -1.33299142e+02  4.36e+00 5.82e+00  1.59e+03  8.30e-04  3.51e+01 7.86e-01 5.47e+01  8.27e-01 2.15e-01      6s
  16   1.03076275e+02 -9.59965708e+01  2.97e+00 3.96e+00  1.13e+03  1.07e-02  4.05e+01 1.10e+00 6.33e+01  9.07e-01 3.20e-01      6s
  17   1.04658943e+02 -4.65411940e+01  1.22e+00 1.63e+00  5.35e+02  3.44e-03  4.79e+01 1.79e+00 7.31e+01  9.97e-01 5.88e-01      7s
  18   9.20675952e+01 -2.37771921e+01  4.61e-01 6.15e-01  2.51e+02  3.95e-02  5.98e+01 4.41e+00 7.77e+01  9.48e-01 6.23e-01      8s
  19   1.08837837e+02 -2.37771921e+01  5.29e+00 5.51e-01  2.24e+02  5.44e+01  6.37e+01 8.37e+00 5.44e+01  2.88e-01 1.05e-01      8s
  20   8.67840739e+01 -1.94883432e+01  3.56e+00 3.71e-01  1.61e+02  4.38e-02  1.24e+02 1.49e+01 9.77e+01  8.99e-01 3.27e-01      9s
  21   7.29915454e+01 -1.76650918e+01  2.76e+00 2.88e-01  1.30e+02  6.19e-04  1.08e+02 1.50e+01 6.40e+01  9.14e-01 2.24e-01     10s
  22   5.78336218e+01 -1.60997300e+01  2.02e+00 2.10e-01  9.92e+01  9.42e-06  1.02e+02 1.54e+01 4.94e+01  9.62e-01 2.70e-01     11s
  23   3.83962072e+01 -1.46162884e+01  1.21e+00 1.26e-01  6.55e+01  1.30e-02  9.64e+01 1.61e+01 3.61e+01  1.00e+00 3.98e-01     12s
  24   1.18004019e+00 -1.28560487e+01  6.97e-03 9.99e-16  1.41e+01  6.97e-03  9.07e+01 1.77e+01 2.18e+01  1.00e+00 1.00e+00     14s
  25  -1.12418982e+01 -1.27009037e+01  3.07e-03 9.49e-16  1.42e+00  3.07e-03  1.02e+02 2.63e+01 1.49e+00  1.00e+00 1.00e+00     15s
  26  -1.14932177e+01 -1.24576817e+01  1.35e-02 1.14e-15  7.84e-01  2.40e-02  5.06e+02 8.32e+00 1.92e+00  9.83e-01 4.99e-01     19s
  27  -1.18359295e+01 -1.22349305e+01  5.30e-03 4.50e-16  3.38e-01  1.01e-04  1.61e+03 1.31e+01 1.90e+00  8.15e-01 6.12e-01     45s
  28  -1.18881333e+01 -1.21814458e+01  3.84e-03 1.73e-17  2.52e-01  1.17e-05  4.89e+03 3.10e+01 1.89e+00  8.63e-01 2.77e-01    292s
  29  -1.19468346e+01 -1.21178824e+01  2.15e-03 5.53e-16  1.50e-01  8.05e-06  5.20e+03 4.22e+01 1.89e+00  9.51e-01 4.41e-01    536s

The solution quality is limited by the condition number that the linear system solver can handel.

The algorithm stopped after 30 iterations in 535.61 seconds.

Primal variables:   [+3.0658 +2.6983 +0.0067 +0.0112]
Dual slacks:        [+0.0085 +0.0228 +2.8079 +3.9421]
Dual variables:     [+0.6292 -11.2973]

Primal objective:   -1.19468346e+01
Dual objective:     -1.21178824e+01

Primal residual:    2.15e-03
Dual residual:      5.53e-16
Complementraty:     1.50e-01

Number of Iter:     30
Run time:           535.61
