
--------------- Linear optimization problem characteristics ---------------
Seed:                    12
Number of variables:     4
Number of constraints:   2

Norm of primal sol:      1.17e+01
Norm of dual sol:        1.00e+01
Norm of dual slacks:     5.00e+00

Norm of vector b:        2.00e+00
Norm of vector c:        1.01e+01

Norm of matrix A:        1.00e+00
Condition number:        4.00e+00

----------------------- Linear optimization problem -----------------------
Coeff matrix A:          [[-0.487 +0.253 -0.160 +0.210]
                          [+0.574 -0.031 +0.479 -0.364]]

RHS vector b:            [+1.728 +1.007]
Obj vector c:            [+7.434 -2.118 +6.554 +0.518]

---------------------------- Optimal solution -----------------------------
Primal variables:         [+2.381 +11.429 +0.000 +0.000]
Dual slacks:              [+0.000 +0.000 +2.212 +4.484]
Dual variables:           [-7.572 +6.532]

Optimal objective:       -6.50367168e+00
===========================================================================

Method:                  II-QIPM
LO_Precision:            1.00e-02
Stop_Precision:          1.00e-03
LO_Verbosity:            2
Omega:                   1.00e+02

The Quantum Inexact Infeasible Interior-Point Method starts running ...


                  Objective                Residual                                Linear system           Step-length
Iter      Primal           Dual         Primal    Dual     Compl    ||Resl||  Cond-Num  ||M||   ||RHS||    a-star   a-hat      Time
   0   1.25842947e+03  0.00000000e+00  6.63e+01 1.24e+01  3.90e+03  6.62e+01  1.60e+01 1.00e+00 6.62e+01  9.79e-01 9.36e-01      0s
   1   8.05470927e+02 -4.28314626e+01  1.84e+01 3.42e+00  1.52e+03 *1.11e-01  8.78e+00 9.77e+00 3.60e+01  9.29e-01 7.24e-01      1s
   2   3.90493915e+02 -4.44069409e+01  4.97e-03 1.79e-15  4.35e+02 *4.97e-03  2.61e+01 2.17e+01 5.65e+01  1.00e+00 1.00e+00      1s
   3   6.62419557e+01 -4.04181315e+01  2.85e-02 2.55e-15  1.06e+02 *3.48e-02  3.73e+01 2.41e+01 3.70e+00  1.00e+00 8.40e-01      1s
   4   5.94921880e+00 -4.04181315e+01  1.95e+00 0.00e+00  1.06e+01  1.95e+00  1.58e+01 4.12e+00 1.95e+00  1.00e+00 1.00e+00      2s
   5   2.26737693e+00 -2.32919079e+01  1.73e+00 9.16e-16  7.80e+00  2.66e-03  2.55e+01 6.55e-01 1.98e+00  1.42e-01 1.11e-01      2s
   6   1.94408437e+00 -2.28941098e+01  1.71e+00 2.78e-16  7.69e+00  5.18e-02  4.30e+00 5.43e-01 1.92e+00  2.21e-01 1.46e-02      2s
   7   1.76429976e+00 -2.26848513e+01  1.69e+00 1.78e-15  7.63e+00  4.38e-02  4.21e+00 5.56e-01 1.92e+00  2.33e-01 8.28e-03      2s
   8   1.57378674e+00 -2.24690113e+01  1.68e+00 1.79e-15  7.57e+00  4.45e-02  4.20e+00 5.65e-01 1.91e+00  2.40e-01 8.89e-03      2s
   9   1.37104004e+00 -2.22454133e+01  1.66e+00 1.85e-15  7.50e+00  5.17e-02  4.23e+00 5.77e-01 1.91e+00  2.47e-01 9.59e-03      3s
  10   1.15477887e+00 -2.20132045e+01  1.65e+00 1.37e-15  7.43e+00  6.49e-02  4.29e+00 5.91e-01 1.91e+00  2.55e-01 1.04e-02      3s
  11   9.23212125e-01 -2.17704711e+01  1.63e+00 1.28e-15  7.35e+00  7.56e-02  4.39e+00 6.09e-01 1.90e+00  2.63e-01 1.13e-02      3s
  12   6.73177733e-01 -2.15118519e+01  1.61e+00 1.28e-15  7.27e+00  5.98e-02  4.55e+00 6.32e-01 1.90e+00  2.72e-01 1.24e-02      3s
  13   3.99996656e-01 -2.12279618e+01  1.59e+00 9.99e-16  7.17e+00  4.49e-03  4.78e+00 6.59e-01 1.90e+00  2.82e-01 1.39e-02      3s
  14   1.02358412e-01 -2.09222477e+01  1.56e+00 2.06e-15  7.07e+00  2.33e-02  5.10e+00 6.94e-01 1.89e+00  2.93e-01 1.55e-02      3s
  15  -2.21310161e-01 -2.05981751e+01  1.53e+00 1.91e-15  6.95e+00  9.37e-02  5.53e+00 7.36e-01 1.89e+00  3.05e-01 1.73e-02      3s
  16  -5.87687838e-01 -2.02178300e+01  1.50e+00 2.00e-15  6.82e+00  2.88e-02  6.11e+00 7.89e-01 1.88e+00  3.19e-01 2.03e-02      4s
  17  -1.01022895e+00 -1.97607556e+01  1.47e+00 2.02e-15  6.66e+00  9.06e-04  6.93e+00 8.58e-01 1.88e+00  3.34e-01 2.45e-02      4s
  18  -1.50396081e+00 -1.92057340e+01  1.42e+00 2.18e-15  6.46e+00  2.50e-02  8.15e+00 9.49e-01 1.87e+00  3.34e-01 3.02e-02      4s
  19  -2.13642167e+00 -1.84196229e+01  1.36e+00 1.43e-15  6.19e+00  2.32e-03  9.97e+00 1.08e+00 1.86e+00  3.22e-01 4.18e-02      4s
  20  -3.01959714e+00 -1.71815192e+01  1.28e+00 2.22e-15  5.76e+00  4.60e-02  1.32e+01 1.28e+00 1.85e+00  3.20e-01 6.52e-02      4s
  21  -5.87108035e+00 -1.18368244e+01  9.40e-01 1.15e-15  3.20e+00  4.33e-02  1.96e+01 1.65e+00 1.84e+00  3.17e-01 2.66e-01      5s
  22  -6.41764745e+00 -7.40447876e+00  6.70e-01 2.62e-16  1.55e+00  1.65e-01  5.74e+01 5.54e+00 1.78e+00  3.48e-01 3.08e-01      5s
  23  -3.01071930e+00 -7.40447876e+00  1.35e+00 9.64e-17  6.76e-01  1.79e+00  1.52e+01 1.54e+01 1.79e+00  1.00e+00 6.27e-01      5s
  24  -3.15536685e+00 -7.32047066e+00  1.32e+00 5.02e-16  6.59e-01  2.49e-01  1.46e+01 7.31e+00 1.91e+00  2.44e-01 2.55e-02      6s
  25  -3.24934452e+00 -7.22920809e+00  1.28e+00 6.94e-16  6.40e-01  5.32e-03  1.40e+01 8.42e+00 1.90e+00  2.18e-01 2.88e-02      6s
  26  -3.36732864e+00 -7.13784564e+00  1.23e+00 6.05e-16  6.17e-01  1.61e-02  1.31e+01 9.87e+00 1.90e+00  2.43e-01 3.58e-02      6s
  27  -3.52810255e+00 -7.04734253e+00  1.18e+00 4.80e-16  5.89e-01  5.04e-02  1.22e+01 1.19e+01 1.89e+00  2.79e-01 4.57e-02      6s
  28  -3.75060296e+00 -6.95951321e+00  1.11e+00 6.91e-16  5.55e-01  9.32e-02  1.14e+01 1.47e+01 1.88e+00  3.26e-01 5.89e-02      7s
  29  -3.98061306e+00 -6.86851164e+00  1.02e+00 5.40e-16  5.11e-01  2.26e-02  1.08e+01 1.89e+01 1.87e+00  3.52e-01 7.91e-02      7s
  30  -4.26445714e+00 -6.77650094e+00  9.06e-01 8.93e-16  4.53e-01  1.62e-03  1.00e+01 2.58e+01 1.86e+00  4.06e-01 1.14e-01      7s
  31  -4.63051138e+00 -6.70781441e+00  7.83e-01 1.00e-15  3.93e-01  4.99e-02  9.27e+00 3.84e+01 1.84e+00  5.08e-01 1.37e-01      7s
  32  -4.77647969e+00 -6.68148299e+00  7.21e-01 4.96e-16  3.64e-01  9.18e-04  8.85e+00 5.71e+01 1.82e+00  5.77e-01 7.94e-02      7s
  33  -4.99022257e+00 -6.65260488e+00  6.43e-01 7.23e-16  3.27e-01  2.84e-02  8.67e+00 6.91e+01 1.82e+00  6.39e-01 1.08e-01      8s
  34  -5.30223168e+00 -6.62079283e+00  5.44e-01 1.01e-15  2.79e-01  5.40e-02  8.51e+00 8.78e+01 1.80e+00  7.13e-01 1.56e-01      8s
  35  -5.69687917e+00 -6.58744986e+00  4.22e-01 1.29e-15  2.20e-01  5.79e-02  8.39e+00 1.20e+02 1.79e+00  7.93e-01 2.29e-01      8s
  36  -6.13311665e+00 -6.55413002e+00  2.77e-01 6.86e-16  1.47e-01  4.72e-02  8.28e+00 1.83e+02 1.77e+00  8.83e-01 3.53e-01      8s
  37  -6.52932124e+00 -6.52213704e+00  1.09e-01 1.08e-15  6.10e-02  2.87e-02  8.17e+00 3.35e+02 1.74e+00  9.91e-01 6.29e-01      9s
  38  -6.60434667e+00 -6.50593679e+00  1.19e-02 1.48e-15  5.95e-03  1.12e-02  8.08e+00 1.02e+03 1.71e+00  1.00e+00 9.85e-01      9s

The algorithm stopped after 39 iterations in 9.02 seconds.

Primal variables:   [+2.3596 +11.4050 +0.0009 +0.0004]
Dual slacks:        [+0.0005 +0.0001 +2.2127 +4.4837]
Dual variables:     [-7.5725 +6.5306]

Primal objective:   -6.60434667e+00
Dual objective:     -6.50593679e+00

Primal residual:    1.19e-02
Dual residual:      1.48e-15
Complementraty:     5.95e-03

Number of Iter:     39
Run time:           9.02
