
--------------- Linear optimization problem characteristics ---------------
Seed:                    53
Number of variables:     4
Number of constraints:   2

Norm of primal sol:      1.93e+01
Norm of dual sol:        1.00e+01
Norm of dual slacks:     5.00e+00

Norm of vector b:        2.00e+00
Norm of vector c:        5.14e+00

Norm of matrix A:        1.00e+00
Condition number:        8.00e+00

----------------------- Linear optimization problem -----------------------
Coeff matrix A:          [[+0.079 +0.052 +0.021 +0.079]
                          [-0.285 -0.679 +0.036 +0.676]]

RHS vector b:            [+1.998 -0.079]
Obj vector c:            [-0.366 +1.751 +3.478 +3.328]

---------------------------- Optimal solution -----------------------------
Primal variables:         [+17.814 +0.000 +0.000 +7.410]
Dual slacks:              [+0.000 +3.884 +3.148 +0.000]
Dual variables:           [+9.232 +3.844]

Optimal objective:       +1.81431250e+01
===========================================================================

Method:                  II-QIPM
LO_Precision:            1.00e-02
Stop_Precision:          1.00e-03
LO_Verbosity:            2
Omega:                   1.00e+02

The Quantum Inexact Infeasible Interior-Point Method starts running ...


                  Objective                Residual                                Linear system           Step-length
Iter      Primal           Dual         Primal    Dual     Compl    ||Resl||  Cond-Num  ||M||   ||RHS||    a-star   a-hat      Time
   0   4.33334802e+02 -2.28462557e+03  7.22e+00 4.31e+01  1.15e+04 *1.07e-14  6.40e+01 1.00e+00 3.70e+01  8.89e-01 7.80e-01      1s
   1   1.68509366e+02 -2.52667391e+03  6.19e-03 2.13e-14  2.70e+03 *6.19e-03  7.46e+01 3.02e-01 1.50e+00  1.00e+00 1.00e+00      2s
   2   1.58242720e+02 -3.93080129e+02  8.93e-03 1.14e-14  5.51e+02  9.80e-03  5.45e+01 8.13e-02 1.80e+00  1.00e+00 8.87e-01      3s
   3   1.49476108e+02 -2.75226814e+02  5.78e-03 5.96e-15  4.25e+02  3.42e-03  6.06e+01 4.66e-01 1.78e+00  8.73e-01 2.55e-01      3s
   4   1.41372081e+02 -2.05199811e+02  1.21e-03 6.02e-15  3.47e+02  1.66e-02  6.25e+01 6.45e-01 1.77e+00  8.30e-01 2.04e-01      4s
   5   1.03197264e+01 -2.05199811e+02  1.76e+00 0.00e+00  3.47e+01  1.76e+00  6.33e+01 8.31e-01 1.76e+00  1.00e+00 1.00e+00      4s
   6   1.45328009e+01 -2.51451819e+01  1.62e+00 1.33e-15  1.93e+01  2.62e-03  6.09e+01 1.08e-01 1.98e+00  9.59e-02 8.07e-02      5s
   7   1.47011888e+01 -2.25501748e+01  1.61e+00 1.49e-15  1.92e+01  7.46e-04  4.47e+01 5.75e-01 1.95e+00  1.17e-01 8.57e-03      5s
   8   1.47387677e+01 -2.19822717e+01  1.60e+00 1.68e-15  1.91e+01  5.70e-04  4.32e+01 6.19e-01 1.95e+00  1.22e-01 2.09e-03      6s
   9   1.47753064e+01 -2.14323793e+01  1.60e+00 1.66e-15  1.91e+01  2.94e-04  4.28e+01 6.30e-01 1.95e+00  1.23e-01 2.08e-03      6s
  10   1.48118358e+01 -2.08846664e+01  1.60e+00 1.66e-15  1.90e+01  1.52e-03  4.25e+01 6.41e-01 1.94e+00  1.25e-01 2.13e-03      7s
  11   1.48483314e+01 -2.03396794e+01  1.59e+00 1.66e-15  1.90e+01  3.16e-04  4.21e+01 6.52e-01 1.94e+00  1.26e-01 2.17e-03      8s
  12   1.48848488e+01 -1.97964073e+01  1.59e+00 1.66e-15  1.90e+01  4.96e-04  4.18e+01 6.63e-01 1.94e+00  1.27e-01 2.22e-03      8s
  13   1.49213741e+01 -1.92549362e+01  1.59e+00 1.66e-15  1.89e+01  1.46e-03  4.14e+01 6.75e-01 1.94e+00  1.29e-01 2.27e-03      9s
  14   1.49578827e+01 -1.87158181e+01  1.58e+00 2.08e-15  1.89e+01  1.23e-04  4.11e+01 6.87e-01 1.94e+00  1.30e-01 2.32e-03      9s
  15   1.49943872e+01 -1.81786165e+01  1.58e+00 1.84e-15  1.89e+01  7.64e-04  4.07e+01 6.99e-01 1.94e+00  1.32e-01 2.38e-03     10s
  16   1.50309171e+01 -1.76428590e+01  1.57e+00 1.62e-15  1.88e+01  1.32e-03  4.04e+01 7.12e-01 1.94e+00  1.33e-01 2.44e-03     11s
  17   1.50674817e+01 -1.71085769e+01  1.57e+00 1.62e-15  1.88e+01  1.66e-07  4.00e+01 7.25e-01 1.94e+00  1.35e-01 2.50e-03     11s
  18   1.51040144e+01 -1.65764371e+01  1.57e+00 1.83e-15  1.87e+01  1.06e-03  3.96e+01 7.39e-01 1.94e+00  1.37e-01 2.56e-03     12s
  19   1.51405905e+01 -1.60454154e+01  1.56e+00 1.84e-15  1.87e+01  1.08e-03  3.93e+01 7.53e-01 1.94e+00  1.38e-01 2.63e-03     12s
  20   1.51772125e+01 -1.55155707e+01  1.56e+00 1.63e-15  1.86e+01  6.59e-06  3.89e+01 7.68e-01 1.94e+00  1.40e-01 2.70e-03     13s
  21   1.52138479e+01 -1.49870496e+01  1.55e+00 1.55e-15  1.86e+01  1.32e-03  3.86e+01 7.83e-01 1.94e+00  1.42e-01 2.77e-03     14s
  22   1.52505072e+01 -1.44598897e+01  1.55e+00 1.90e-15  1.85e+01  7.66e-04  3.82e+01 7.99e-01 1.94e+00  1.44e-01 2.85e-03     14s
  23   1.52872200e+01 -1.39336476e+01  1.55e+00 1.84e-15  1.85e+01  1.22e-04  3.79e+01 8.16e-01 1.94e+00  1.46e-01 2.93e-03     15s
  24   1.53239555e+01 -1.34084714e+01  1.54e+00 1.80e-15  1.84e+01  1.49e-03  3.75e+01 8.33e-01 1.93e+00  1.48e-01 3.02e-03     15s
  25   1.53607683e+01 -1.28838693e+01  1.54e+00 1.66e-15  1.84e+01  4.55e-04  3.71e+01 8.50e-01 1.93e+00  1.50e-01 3.11e-03     16s
  26   1.53976388e+01 -1.23599726e+01  1.53e+00 1.51e-15  1.83e+01  3.59e-04  3.68e+01 8.69e-01 1.93e+00  1.52e-01 3.21e-03     17s
  27   1.54345423e+01 -1.18369226e+01  1.53e+00 1.77e-15  1.83e+01  1.54e-03  3.64e+01 8.88e-01 1.93e+00  1.54e-01 3.31e-03     17s
  28   1.54715374e+01 -1.13142346e+01  1.52e+00 1.81e-15  1.82e+01  2.05e-04  3.61e+01 9.09e-01 1.93e+00  1.57e-01 3.41e-03     18s
  29   1.55086299e+01 -1.07915526e+01  1.52e+00 1.68e-15  1.82e+01  6.40e-04  3.57e+01 9.30e-01 1.93e+00  1.59e-01 3.53e-03     18s
  30   1.55458039e+01 -1.02690167e+01  1.51e+00 2.12e-15  1.81e+01  1.49e-03  3.54e+01 9.52e-01 1.93e+00  1.62e-01 3.65e-03     19s
  31   1.55831184e+01 -9.74616836e+00  1.50e+00 2.37e-15  1.80e+01  4.97e-05  3.50e+01 9.75e-01 1.93e+00  1.64e-01 3.78e-03     20s
  32   1.56204942e+01 -9.22373731e+00  1.50e+00 2.36e-15  1.80e+01  9.01e-04  3.47e+01 1.00e+00 1.93e+00  1.67e-01 3.91e-03     20s
  33   1.56580015e+01 -8.70079938e+00  1.49e+00 2.31e-15  1.79e+01  1.40e-03  3.43e+01 1.03e+00 1.93e+00  1.70e-01 4.06e-03     21s
  34   1.56956976e+01 -8.17692620e+00  1.49e+00 2.31e-15  1.78e+01  2.10e-05  3.40e+01 1.05e+00 1.93e+00  1.73e-01 4.22e-03     21s
  35   1.57334954e+01 -7.65288404e+00  1.48e+00 2.06e-15  1.78e+01  1.08e-03  3.36e+01 1.08e+00 1.92e+00  1.76e-01 4.38e-03     22s
  36   1.57714741e+01 -7.12775519e+00  1.47e+00 2.06e-15  1.77e+01  1.36e-03  3.33e+01 1.11e+00 1.92e+00  1.79e-01 4.56e-03     23s
  37   1.58096916e+01 -6.60113984e+00  1.47e+00 1.86e-15  1.76e+01  4.34e-05  3.30e+01 1.14e+00 1.92e+00  1.83e-01 4.76e-03     23s
  38   1.58480925e+01 -6.07331411e+00  1.46e+00 2.17e-15  1.75e+01  1.15e-03  3.26e+01 1.18e+00 1.92e+00  1.86e-01 4.97e-03     24s
  39   1.58866841e+01 -5.54444479e+00  1.45e+00 2.17e-15  1.74e+01  1.42e-03  3.23e+01 1.21e+00 1.92e+00  1.90e-01 5.18e-03     24s
  40   1.35158619e+00 -5.54444479e+00  1.92e+00 0.00e+00  1.74e+00  1.92e+00  3.20e+01 1.25e+00 1.92e+00  1.00e+00 1.00e+00     25s
  41   1.87148889e+00  1.29960728e+01  1.86e+00 0.00e+00  1.18e+00  4.67e-03  2.81e+01 1.73e-01 1.99e+00  3.58e-02 2.90e-02     25s
  42   1.92789233e+00  1.32678374e+01  1.86e+00 4.97e-16  1.18e+00  3.39e-02  2.66e+01 1.31e+00 1.97e+00  6.39e-02 3.47e-03     25s
  43   1.93848820e+00  1.33140548e+01  1.85e+00 4.87e-16  1.18e+00  3.44e-02  2.66e+01 1.46e+00 1.97e+00  6.73e-02 6.55e-04     26s

The solution quality is limited by the precision of the linear system solver.

The algorithm stopped after 44 iterations in 25.77 seconds.

Primal variables:   [+1.1946 +0.1100 +0.1315 +0.5184]
Dual slacks:        [+0.1231 +3.8449 +3.2074 +0.3558]
Dual variables:     [+6.8055 +3.6017]

Primal objective:   1.93848820e+00 
Dual objective:     1.33140548e+01 

Primal residual:    1.85e+00
Dual residual:      4.87e-16
Complementraty:     1.18e+00

Number of Iter:     44
Run time:           25.77
