
--------------- Linear optimization problem characteristics ---------------
Seed:                    84
Number of variables:     4
Number of constraints:   2

Norm of primal sol:      2.76e+00
Norm of dual sol:        1.00e+01
Norm of dual slacks:     5.00e+00

Norm of vector b:        2.00e+00
Norm of vector c:        1.17e+01

Norm of matrix A:        1.00e+00
Condition number:        1.00e+00

----------------------- Linear optimization problem -----------------------
Coeff matrix A:          [[+0.792 +0.117 -0.387 +0.458]
                          [+0.531 -0.589 +0.256 -0.552]]

RHS vector b:            [+1.417 -1.411]
Obj vector c:            [+3.124 +8.664 -1.892 +6.980]

---------------------------- Optimal solution -----------------------------
Primal variables:         [+0.201 +0.000 +0.000 +2.748]
Dual slacks:              [+0.000 +4.184 +2.738 +0.000]
Dual variables:           [+7.986 -6.019]

Optimal objective:       +1.98115608e+01
===========================================================================

Method:                  II-QIPM
LO_Precision:            1.00e-02
Stop_Precision:          1.00e-03
LO_Verbosity:            2
Omega:                   1.00e+02

The Quantum Inexact Infeasible Interior-Point Method starts running ...


                  Objective                Residual                                Linear system           Step-length
Iter      Primal           Dual         Primal    Dual     Compl    ||Resl||  Cond-Num  ||M||   ||RHS||    a-star   a-hat      Time
   0   1.17046159e+03 -1.00918557e+02  4.57e+01 8.55e+01  1.91e+04 *0.00e+00  1.00e+00 1.00e+00 1.03e+02  6.77e-01 5.54e-01      0s
   1   1.13972290e+03 -8.90236501e+01  3.93e+01 7.36e+01  1.67e+04  7.91e-02  2.48e+00 2.30e+00 9.95e+01  7.14e-01 1.40e-01      0s
   2   1.11088685e+03 -7.52775477e+01  3.29e+01 6.16e+01  1.42e+04  1.18e-01  2.88e+00 2.94e+00 1.27e+02  7.68e-01 1.63e-01      0s
   3   1.08967654e+03 -7.52775477e+01  2.94e+01 6.04e+01  1.40e+04  1.57e+02  3.36e+00 3.86e+00 1.57e+02  3.51e-01 1.90e-02      0s
   4   1.06920751e+03 -7.52775477e+01  2.60e+01 5.94e+01  1.38e+04  1.74e+02  3.59e+00 4.15e+00 1.74e+02  3.38e-01 1.74e-02      1s
   5   1.04936431e+03 -7.52775477e+01  2.26e+01 5.84e+01  1.36e+04  1.92e+02  3.85e+00 4.45e+00 1.92e+02  3.27e-01 1.61e-02      1s
   6   1.02199882e+03 -4.23348576e+01  1.38e+01 3.58e+01  8.77e+03  2.49e-01  4.11e+00 4.76e+00 2.10e+02  9.36e-01 3.88e-01      1s
   7   9.68516333e+02  1.06737957e+00  2.81e+00 7.58e+00  2.59e+03  6.43e-01  5.16e+00 8.68e+00 2.53e+02  1.00e+00 7.88e-01      1s
   8   9.32947456e+02  1.06737957e+00  2.95e+00 7.39e+00  2.53e+03  2.31e+02  7.37e+00 3.50e+01 2.31e+02  3.82e-01 2.44e-02      1s
   9   6.77712685e+02  1.29863119e+01  4.26e-01 2.09e-15  6.62e+02  4.26e-01  8.13e+00 3.84e+01 2.56e+02  1.00e+00 1.00e+00      1s
  10   7.95346104e+01  1.31046101e+01  3.97e-02 1.54e-15  6.62e+01  3.97e-02  8.23e+00 6.87e+01 5.12e+00  1.00e+00 1.00e+00      1s
  11   3.45134348e+01  1.35891789e+01  9.69e-03 3.14e-16  2.09e+01  2.77e-04  8.96e+00 7.19e+00 2.22e+00  9.57e-01 7.61e-01      1s
  12   2.21024232e+00  1.35891789e+01  2.01e+00 0.00e+00  2.09e+00  2.01e+00  7.76e+00 1.90e+00 2.01e+00  1.00e+00 1.00e+00      2s
  13   4.17507098e+00  1.64694286e+01  1.67e+00 1.33e-15  1.30e+00  1.24e-03  1.10e+01 2.53e-01 2.00e+00  2.05e-01 1.66e-01      2s
  14   4.54110020e+00  1.68467611e+01  1.63e+00 1.04e-15  1.27e+00  2.36e-03  2.21e+01 3.24e-01 1.97e+00  1.65e-01 2.53e-02      2s
  15   5.60118288e+00  1.77480509e+01  1.51e+00 5.09e-16  1.12e+00  2.98e-05  2.80e+01 4.18e-01 1.97e+00  1.80e-01 7.43e-02      2s
  16   7.86945966e+00  1.88442161e+01  1.26e+00 1.05e-15  8.07e-01  2.86e-03  5.51e+01 9.13e-01 1.95e+00  2.34e-01 1.67e-01      3s
  17   8.39230282e+00  1.89413923e+01  1.20e+00 2.12e-15  7.72e-01  2.65e-04  1.96e+02 4.95e+00 1.86e+00  3.82e-01 4.48e-02      5s
  18   8.89366520e+00  1.90239036e+01  1.15e+00 1.38e-15  7.38e-01  1.95e-03  2.12e+02 6.06e+00 1.85e+00  4.16e-01 4.47e-02      6s
  19   9.49645554e+00  1.91129947e+01  1.08e+00 1.86e-15  6.98e-01  2.59e-03  2.25e+02 7.27e+00 1.84e+00  4.49e-01 5.60e-02      8s
  20   1.02395172e+01  1.92102368e+01  1.00e+00 1.69e-15  6.48e-01  2.51e-03  2.38e+02 8.97e+00 1.82e+00  4.90e-01 7.29e-02     10s
  21   1.10485204e+01  1.92962345e+01  9.18e-01 2.12e-15  5.94e-01  1.86e-02  2.51e+02 1.15e+01 1.81e+00  5.39e-01 8.53e-02     12s
  22   1.22960008e+01  1.94212308e+01  7.86e-01 1.67e-15  5.08e-01  1.04e-04  2.68e+02 1.49e+01 1.79e+00  5.89e-01 1.43e-01     16s
  23   1.39526033e+01  1.95519467e+01  6.13e-01 1.18e-15  3.94e-01  8.46e-04  2.75e+02 2.21e+01 1.76e+00  6.52e-01 2.21e-01     19s
  24   1.62386351e+01  1.96861450e+01  3.74e-01 4.24e-16  2.37e-01  5.64e-04  2.75e+02 3.75e+01 1.73e+00  7.39e-01 3.90e-01     23s
  25   1.91764435e+01  1.98005956e+01  6.70e-02 6.45e-16  4.16e-02  6.24e-04  2.57e+02 8.62e+01 1.68e+00  8.74e-01 8.21e-01     27s
  26   1.98013082e+01  1.98095413e+01  8.78e-03 1.01e-15  4.01e-03  8.78e-03  1.05e+02 6.78e+02 1.62e+00  1.00e+00 1.00e+00     28s

The algorithm stopped after 27 iterations in 27.84 seconds.

Primal variables:   [+0.1922 +0.0002 +0.0004 +2.7506]
Dual slacks:        [+0.0057 +4.1822 +2.7371 +0.0003]
Dual variables:     [+7.9808 -6.0225]

Primal objective:   1.98013082e+01 
Dual objective:     1.98095413e+01 

Primal residual:    8.78e-03
Dual residual:      1.01e-15
Complementraty:     4.01e-03

Number of Iter:     27
Run time:           27.84
