
--------------- Linear optimization problem characteristics ---------------
Seed:                    32
Number of variables:     4
Number of constraints:   2

Norm of primal sol:      2.40e+00
Norm of dual sol:        1.00e+01
Norm of dual slacks:     5.00e+00

Norm of vector b:        2.00e+00
Norm of vector c:        1.47e+01

Norm of matrix A:        1.00e+00
Condition number:        1.00e+00

----------------------- Linear optimization problem -----------------------
Coeff matrix A:          [[-0.279 +0.288 +0.401 -0.823]
                          [-0.260 +0.607 +0.512 +0.550]]

RHS vector b:            [-1.919 +0.565]
Obj vector c:            [-3.753 +9.371 +10.654 -0.533]

---------------------------- Optimal solution -----------------------------
Primal variables:         [+1.605 +0.000 +0.000 +1.786]
Dual slacks:              [+0.000 +2.787 +4.151 +0.000]
Dual variables:           [+5.992 +8.006]

Optimal objective:       -6.97676068e+00
===========================================================================

Method:                  II-QIPM
LO_Precision:            1.00e-02
Stop_Precision:          1.00e-03
LO_Verbosity:            2
Omega:                   1.00e+02

The Quantum Inexact Infeasible Interior-Point Method starts running ...


                  Objective                Residual                                Linear system           Step-length
Iter      Primal           Dual         Primal    Dual     Compl    ||Resl||  Cond-Num  ||M||   ||RHS||    a-star   a-hat      Time
   0   6.84688832e+02 -1.22934040e+02  4.63e+01 6.12e+01  1.38e+04  2.93e-14  1.00e+00 1.00e+00 1.52e+02  7.92e-01 6.82e-01      0s
   1   4.71887484e+02 -2.30161887e+02  2.19e+01 2.89e+01  7.03e+03  2.75e-02  8.01e+00 1.91e+00 9.36e+01  6.97e-01 5.28e-01      0s
   2   4.39068800e+02 -2.54302392e+02  1.97e+01 2.60e+01  6.39e+03  1.18e-01  4.42e+01 3.47e+00 1.00e+02  6.56e-01 1.01e-01      1s
   3   4.06759055e+02 -2.78210789e+02  1.77e+01 2.33e+01  5.79e+03  1.79e-02  5.00e+01 3.42e+00 8.92e+01  6.83e-01 1.03e-01      1s
   4   3.69617062e+02 -3.04792882e+02  1.55e+01 2.04e+01  5.14e+03  2.81e-01  5.58e+01 3.34e+00 7.82e+01  7.32e-01 1.26e-01      2s
   5   2.98462164e+02 -3.34138852e+02  1.16e+01 1.42e+01  3.80e+03  2.98e+00  6.24e+01 3.21e+00 6.59e+01  1.00e+00 3.02e-01      3s
   6   2.43031341e+02 -3.66963373e+02  8.84e+00 1.08e+01  3.00e+03  5.32e-02  7.54e+01 3.13e+00 4.51e+01  8.85e-01 2.39e-01      4s
   7   1.71123476e+02 -4.01099124e+02  5.54e+00 6.77e+00  2.02e+03  3.70e-03  8.49e+01 2.77e+00 3.04e+01  1.00e+00 3.74e-01      4s
   8   5.74165414e+01 -4.08135530e+02  8.15e-01 9.96e-01  6.47e+02  7.47e-04  9.73e+01 2.22e+00 1.53e+01  1.00e+00 8.53e-01      5s
   9   3.13595827e+01 -1.60838661e+02  1.24e-01 2.38e-14  1.85e+02 *1.24e-01  1.25e+02 1.20e+00 1.72e+00  1.00e+00 1.00e+00      6s
  10   2.85595900e+01 -7.22682201e+01  5.12e-02 1.18e-14  9.90e+01 *4.55e-02  1.11e+02 1.75e+00 1.66e+00  8.75e-01 5.07e-01      7s
  11   2.71974601e+01 -5.91527293e+01  4.31e-02 1.05e-14  8.51e+01 *3.53e-03  8.68e+01 2.86e+00 1.67e+00  7.65e-01 1.56e-01      8s
  12   2.58484473e+01 -4.96405619e+01  3.72e-02 8.93e-15  7.46e+01 *5.70e-06  7.79e+01 3.11e+00 1.67e+00  7.39e-01 1.37e-01      9s
  13   2.45100706e+01 -4.24548248e+01  3.25e-02 6.42e-15  6.63e+01 *2.46e-03  6.98e+01 3.31e+00 1.67e+00  7.19e-01 1.23e-01     10s
  14   2.12901974e+01 -3.52388336e+01  8.18e-02 6.53e-15  5.63e+01 *4.62e-01  6.23e+01 3.48e+00 1.67e+00  8.16e-01 1.69e-01     10s
  15   2.01302616e+01 -3.11718645e+01  7.83e-02 5.69e-15  5.12e+01 *5.09e-02  5.43e+01 3.62e+00 1.68e+00  6.72e-01 9.94e-02     11s
  16   1.90333401e+01 -2.78642041e+01  7.31e-02 4.87e-15  4.70e+01 *2.46e-02  4.83e+01 3.71e+00 1.68e+00  6.58e-01 9.28e-02     12s
  17   1.79725233e+01 -2.51197316e+01  6.71e-02 3.59e-15  4.32e+01 *6.01e-03  4.28e+01 3.78e+00 1.68e+00  6.47e-01 8.82e-02     12s
  18   1.69066905e+01 -2.27924209e+01  6.18e-02 3.05e-15  3.99e+01 *5.31e-03  3.78e+01 3.82e+00 1.68e+00  6.42e-01 8.58e-02     13s
  19   1.58298845e+01 -2.07949908e+01  5.70e-02 2.22e-15  3.68e+01 *5.60e-03  3.31e+01 3.85e+00 1.68e+00  6.39e-01 8.46e-02     13s
  20   1.47039464e+01 -1.90517096e+01  5.41e-02 2.92e-15  3.40e+01 *2.44e-02  2.89e+01 3.85e+00 1.68e+00  6.42e-01 8.54e-02     14s
  21   1.36021815e+01 -1.75469496e+01  4.97e-02 4.45e-15  3.14e+01 *2.17e-03  2.49e+01 3.84e+00 1.68e+00  6.40e-01 8.48e-02     14s
  22   1.24126858e+01 -1.61985528e+01  4.78e-02 4.12e-15  2.89e+01 *3.07e-02  2.13e+01 3.80e+00 1.68e+00  6.51e-01 8.89e-02     14s
  23   1.12502892e+01 -1.50217144e+01  4.34e-02 3.39e-15  2.65e+01 *9.51e-04  1.80e+01 3.74e+00 1.68e+00  6.54e-01 9.02e-02     15s
  24   1.00165769e+01 -1.39599645e+01  3.99e-02 2.69e-15  2.42e+01 *7.00e-03  1.49e+01 3.67e+00 1.67e+00  6.67e-01 9.62e-02     15s
  25   8.65197393e+00 -1.29859919e+01  3.92e-02 2.43e-15  2.19e+01 *3.47e-02  1.22e+01 3.57e+00 1.67e+00  6.90e-01 1.06e-01     15s
  26   7.23446551e+00 -1.21066446e+01  3.71e-02 3.06e-15  1.96e+01 *2.15e-02  9.70e+00 3.45e+00 1.67e+00  7.08e-01 1.16e-01     15s
  27  -6.03214293e-01 -1.21066446e+01  1.67e+00 0.00e+00  1.96e+00  1.67e+00  7.51e+00 3.29e+00 1.67e+00  1.00e+00 1.00e+00     15s
  28  -1.18313307e+00 -8.60169347e+00  1.51e+00 1.34e-15  1.53e+00 *7.03e-02  4.28e+00 3.50e-01 1.97e+00  1.22e-01 9.36e-02     15s
  29  -1.22803988e+00 -8.55557002e+00  1.50e+00 8.69e-16  1.51e+00 *9.74e-03  1.58e+00 6.57e-01 1.92e+00  1.97e-01 7.82e-03     16s
  30  -1.26097477e+00 -8.52381382e+00  1.49e+00 1.13e-15  1.51e+00 *7.98e-03  1.64e+00 6.97e-01 1.92e+00  2.04e-01 5.76e-03     16s
  31  -1.29585533e+00 -8.49176213e+00  1.48e+00 2.07e-15  1.50e+00 *4.47e-03  1.69e+00 7.29e-01 1.92e+00  2.09e-01 6.09e-03     16s
  32  -1.33291768e+00 -8.45938503e+00  1.47e+00 1.03e-15  1.49e+00 *4.87e-05  1.74e+00 7.63e-01 1.92e+00  2.15e-01 6.45e-03     16s
  33  -1.37234983e+00 -8.42663279e+00  1.46e+00 1.95e-15  1.48e+00 *4.10e-03  1.80e+00 8.01e-01 1.91e+00  2.20e-01 6.85e-03     16s
  34  -1.41408267e+00 -8.39357381e+00  1.45e+00 2.01e-15  1.47e+00 *5.90e-03  1.87e+00 8.43e-01 1.91e+00  2.26e-01 7.28e-03     16s
  35  -1.45797164e+00 -8.36022946e+00  1.44e+00 1.65e-15  1.46e+00 *3.94e-03  1.94e+00 8.90e-01 1.91e+00  2.32e-01 7.73e-03     16s
  36  -1.50365484e+00 -8.32673235e+00  1.43e+00 1.81e-15  1.45e+00 *2.18e-03  2.02e+00 9.41e-01 1.91e+00  2.39e-01 8.19e-03     16s
  37  -1.55091163e+00 -8.29313940e+00  1.42e+00 1.03e-15  1.44e+00 *1.13e-02  2.11e+00 9.97e-01 1.91e+00  2.45e-01 8.68e-03     16s
  38  -1.59986003e+00 -8.25941115e+00  1.40e+00 4.74e-16  1.42e+00 *2.07e-02  2.21e+00 1.06e+00 1.90e+00  2.51e-01 9.22e-03     16s
  39  -1.65104867e+00 -8.22546093e+00  1.39e+00 1.05e-15  1.41e+00 *2.65e-02  2.32e+00 1.13e+00 1.90e+00  2.59e-01 9.84e-03     16s
  40  -1.70575649e+00 -8.19103859e+00  1.38e+00 2.06e-15  1.40e+00 *2.48e-02  2.44e+00 1.20e+00 1.90e+00  2.67e-01 1.06e-02     17s
  41  -1.76604583e+00 -8.15570155e+00  1.36e+00 1.83e-15  1.38e+00 *1.33e-02  2.57e+00 1.29e+00 1.90e+00  2.77e-01 1.15e-02     17s
  42  -1.83352837e+00 -8.11921706e+00  1.34e+00 1.34e-15  1.37e+00 *3.64e-03  2.72e+00 1.38e+00 1.89e+00  2.88e-01 1.26e-02     17s
  43  -1.90724655e+00 -8.08182790e+00  1.32e+00 1.41e-15  1.35e+00 *1.01e-02  2.88e+00 1.49e+00 1.89e+00  2.98e-01 1.38e-02     17s
  44  -1.12346135e+00 -8.08182790e+00  1.58e+00 7.22e-16  7.91e-01  1.89e+00  3.05e+00 1.62e+00 1.89e+00  1.00e+00 4.60e-01     17s
  45  -1.12340005e+00 -8.08182790e+00  1.58e+00 7.22e-16  7.91e-01  1.93e+00  3.31e+00 1.02e+00 1.93e+00  1.00e+00 6.10e-05     17s

The solution quality is limited by the precision of the linear system solver.

The algorithm stopped after 46 iterations in 17.07 seconds.

Primal variables:   [+0.6845 +0.1005 +0.0638 +0.3292]
Dual slacks:        [+0.3280 +2.2829 +3.6118 +0.3239]
Dual variables:     [+6.7121 +8.4951]

Primal objective:   -1.12340005e+00
Dual objective:     -8.08182790e+00

Primal residual:    1.58e+00
Dual residual:      7.22e-16
Complementraty:     7.91e-01

Number of Iter:     46
Run time:           17.07
