
--------------- Linear optimization problem characteristics ---------------
Seed:                    26
Number of variables:     4
Number of constraints:   2

Norm of primal sol:      4.15e+00
Norm of dual sol:        1.00e+01
Norm of dual slacks:     5.00e+00

Norm of vector b:        2.00e+00
Norm of vector c:        1.01e+01

Norm of matrix A:        1.00e+00
Condition number:        2.00e+00

----------------------- Linear optimization problem -----------------------
Coeff matrix A:          [[+0.449 +0.160 -0.162 +0.194]
                          [-0.405 -0.697 -0.108 +0.546]]

RHS vector b:            [-0.184 -1.991]
Obj vector c:            [+7.864 +5.709 -0.539 +2.623]

---------------------------- Optimal solution -----------------------------
Primal variables:         [+0.000 +2.325 +3.439 +0.000]
Dual slacks:              [+1.817 +0.000 +0.000 +4.658]
Dual variables:           [+7.649 -6.442]

Optimal objective:       +1.14184660e+01
===========================================================================

Method:                  II-QIPM
LO_Precision:            1.00e-02
Stop_Precision:          1.00e-03
LO_Verbosity:            2
Omega:                   1.00e+02

The Quantum Inexact Infeasible Interior-Point Method starts running ...


                  Objective                Residual                                Linear system           Step-length
Iter      Primal           Dual         Primal    Dual     Compl    ||Resl||  Cond-Num  ||M||   ||RHS||    a-star   a-hat      Time
   0   8.04660784e+02 -1.58647429e+01  3.17e+01 6.70e+01  1.50e+04 *2.01e-14  4.00e+00 1.00e+00 9.27e+01  7.65e-01 6.52e-01      0s
   1   7.83026293e+02 -1.58647429e+01  3.03e+01 6.41e+01  1.44e+04  3.81e+01  3.48e+00 1.15e+00 3.81e+01  4.25e-01 4.29e-02      0s
   2   7.69627884e+02 -1.58647429e+01  2.96e+01 6.25e+01  1.41e+04  4.66e+01  3.35e+00 1.19e+00 4.66e+01  3.99e-01 2.56e-02      0s
   3   7.57155414e+02 -1.58647429e+01  2.89e+01 6.10e+01  1.38e+04  5.27e+01  3.27e+00 1.22e+00 5.27e+01  3.83e-01 2.33e-02      0s
   4   7.45488051e+02 -1.58647429e+01  2.83e+01 5.97e+01  1.35e+04  5.92e+01  3.21e+00 1.25e+00 5.92e+01  3.68e-01 2.12e-02      1s
   5   7.34510175e+02 -1.58647429e+01  2.79e+01 5.86e+01  1.33e+04  6.59e+01  3.16e+00 1.29e+00 6.59e+01  3.55e-01 1.95e-02      1s
   6   7.24163279e+02 -1.58647429e+01  2.75e+01 5.75e+01  1.31e+04  7.28e+01  3.13e+00 1.32e+00 7.28e+01  3.42e-01 1.79e-02      1s
   7   7.14375346e+02 -1.58647429e+01  2.73e+01 5.66e+01  1.29e+04  8.01e+01  3.11e+00 1.37e+00 8.01e+01  3.30e-01 1.64e-02      1s
   8   7.05064505e+02 -1.58647429e+01  2.71e+01 5.57e+01  1.27e+04  8.76e+01  3.10e+00 1.41e+00 8.76e+01  3.19e-01 1.52e-02      1s
   9   6.96203468e+02 -1.58647429e+01  2.71e+01 5.49e+01  1.25e+04  9.54e+01  3.10e+00 1.46e+00 9.54e+01  3.08e-01 1.41e-02      1s
  10   6.87733481e+02 -1.58647429e+01  2.71e+01 5.42e+01  1.24e+04  1.03e+02  3.11e+00 1.51e+00 1.03e+02  2.98e-01 1.31e-02      1s
  11   6.79610685e+02 -1.58647429e+01  2.72e+01 5.36e+01  1.23e+04  1.12e+02  3.14e+00 1.56e+00 1.12e+02  2.89e-01 1.22e-02      1s
  12   6.71811575e+02 -1.58647429e+01  2.74e+01 5.29e+01  1.21e+04  1.20e+02  3.17e+00 1.61e+00 1.20e+02  2.80e-01 1.14e-02      1s
  13   6.64307451e+02 -1.58647429e+01  2.76e+01 5.24e+01  1.20e+04  1.29e+02  3.22e+00 1.67e+00 1.29e+02  2.72e-01 1.06e-02      1s
  14   6.57058038e+02 -1.58647429e+01  2.79e+01 5.19e+01  1.19e+04  1.38e+02  3.27e+00 1.74e+00 1.38e+02  2.64e-01 9.96e-03      2s
  15   6.50048068e+02 -1.58647429e+01  2.83e+01 5.14e+01  1.18e+04  1.48e+02  3.33e+00 1.80e+00 1.48e+02  2.57e-01 9.35e-03      2s
  16   6.43256934e+02 -1.58647429e+01  2.88e+01 5.09e+01  1.17e+04  1.57e+02  3.40e+00 1.87e+00 1.57e+02  2.50e-01 8.79e-03      2s
  17   6.36665938e+02 -1.58647429e+01  2.93e+01 5.05e+01  1.16e+04  1.67e+02  3.48e+00 1.95e+00 1.67e+02  2.43e-01 8.27e-03      2s
  18   6.30251656e+02 -1.58647429e+01  2.99e+01 5.01e+01  1.15e+04  1.78e+02  3.56e+00 2.02e+00 1.78e+02  2.37e-01 7.81e-03      2s
  19   6.24005114e+02 -1.58647429e+01  3.05e+01 4.97e+01  1.15e+04  1.88e+02  3.65e+00 2.10e+00 1.88e+02  2.31e-01 7.38e-03      2s
  20   6.17912068e+02 -1.58647429e+01  3.12e+01 4.94e+01  1.14e+04  1.99e+02  3.75e+00 2.19e+00 1.99e+02  2.25e-01 6.99e-03      2s
  21   6.11965382e+02 -1.58647429e+01  3.19e+01 4.91e+01  1.13e+04  2.10e+02  3.86e+00 2.27e+00 2.10e+02  2.20e-01 6.62e-03      2s
  22   6.06141117e+02 -1.58647429e+01  3.26e+01 4.88e+01  1.12e+04  2.21e+02  3.97e+00 2.36e+00 2.21e+02  2.15e-01 6.29e-03      2s
  23   5.75148025e+02 -4.39619023e+01  9.51e+00 1.51e+01  4.01e+03  1.28e+00  4.08e+00 2.45e+00 2.33e+02  7.80e-01 6.90e-01      2s
  24   4.93288605e+02 -4.39619023e+01  1.96e+01 1.21e+01  3.10e+03  8.43e+01  7.32e+00 9.90e+00 8.43e+01  3.41e-01 2.02e-01      2s
  25   4.89460871e+02 -4.39619023e+01  2.08e+01 1.20e+01  3.09e+03  3.06e+02  7.68e+00 2.18e+01 3.06e+02  1.74e-01 4.18e-03      3s
  26   4.85755860e+02 -4.39619023e+01  2.20e+01 1.20e+01  3.08e+03  3.21e+02  7.72e+00 2.24e+01 3.21e+02  1.71e-01 3.89e-03      3s
  27   4.82059335e+02 -4.39619023e+01  2.31e+01 1.19e+01  3.07e+03  3.37e+02  7.75e+00 2.30e+01 3.37e+02  1.68e-01 3.73e-03      3s
  28   4.78371788e+02 -4.39619023e+01  2.43e+01 1.19e+01  3.06e+03  3.52e+02  7.79e+00 2.37e+01 3.52e+02  1.64e-01 3.58e-03      3s
  29   4.74693801e+02 -4.39619023e+01  2.55e+01 1.18e+01  3.05e+03  3.68e+02  7.83e+00 2.43e+01 3.68e+02  1.61e-01 3.44e-03      3s
  30   4.71018688e+02 -4.39619023e+01  2.67e+01 1.18e+01  3.04e+03  3.85e+02  7.88e+00 2.49e+01 3.85e+02  1.59e-01 3.31e-03      3s
  31   4.67350734e+02 -4.39619023e+01  2.79e+01 1.18e+01  3.03e+03  4.01e+02  7.93e+00 2.56e+01 4.01e+02  1.56e-01 3.19e-03      3s
  32   4.63687008e+02 -4.39619023e+01  2.91e+01 1.17e+01  3.02e+03  4.18e+02  7.98e+00 2.63e+01 4.18e+02  1.53e-01 3.07e-03      3s
  33   4.91472047e+02 -1.07474075e+00  7.56e-01 4.23e-15  4.95e+02  7.56e-01  8.03e+00 2.69e+01 4.36e+02  1.00e+00 1.00e+00      4s
  34   4.83687524e+01 -9.22218082e-01  1.84e-02 1.26e-15  4.94e+01 *1.84e-02  5.70e+00 3.69e+01 2.24e+00  1.00e+00 1.00e+00      4s
  35   2.21924399e+01  3.02451424e-01  2.16e-02 1.11e-16  2.21e+01 *2.36e-02  4.12e+00 2.90e+00 2.00e+00  8.25e-01 6.15e-01      4s
  36   2.10273705e+01  7.14894956e-01  2.28e-02 5.09e-16  2.05e+01 *3.77e-02  2.55e+00 9.53e-01 1.94e+00  6.17e-01 7.88e-02      4s
  37   2.00403011e+01  1.12372294e+00  2.65e-02 6.38e-16  1.91e+01 *7.29e-02  2.39e+00 8.75e-01 1.93e+00  6.14e-01 7.40e-02      4s
  38   1.91649106e+01  1.55443146e+00  3.00e-02 6.66e-16  1.79e+01 *7.34e-02  2.26e+00 8.18e-01 1.91e+00  6.14e-01 7.41e-02      4s
  39   1.83946368e+01  2.01363356e+00  3.15e-02 2.22e-16  1.66e+01 *5.04e-02  2.14e+00 7.73e-01 1.90e+00  6.18e-01 7.56e-02      4s
  40   1.77175995e+01  2.50923735e+00  3.02e-02 4.58e-16  1.55e+01 *1.51e-02  2.04e+00 7.38e-01 1.89e+00  6.26e-01 7.88e-02      4s
  41   1.71219016e+01  3.04741513e+00  2.59e-02 4.97e-16  1.43e+01 *2.16e-02  1.94e+00 7.11e-01 1.89e+00  6.39e-01 8.39e-02      4s
  42   1.65896472e+01  3.63546477e+00  1.91e-02 7.69e-16  1.31e+01 *4.91e-02  1.85e+00 6.92e-01 1.88e+00  6.57e-01 9.13e-02      4s
  43   1.60984625e+01  4.28115397e+00  1.10e-02 1.11e-16  1.19e+01 *6.01e-02  1.77e+00 6.82e-01 1.87e+00  6.80e-01 1.02e-01      4s
  44   1.56251995e+01  4.99228570e+00  3.50e-03 4.97e-16  1.07e+01 *5.49e-02  1.70e+00 6.83e-01 1.87e+00  7.09e-01 1.16e-01      4s
  45   1.51479139e+01  5.78300544e+00  3.19e-03 6.30e-16  9.34e+00 *4.23e-02  1.65e+00 7.00e-01 1.86e+00  7.45e-01 1.38e-01      4s
  46   1.46494884e+01  6.67232433e+00  7.89e-03 9.93e-16  7.91e+00 *3.15e-02  1.64e+00 7.42e-01 1.85e+00  7.90e-01 1.70e-01      5s
  47   1.41019440e+01  7.68524071e+00  1.12e-02 4.44e-16  6.32e+00 *2.27e-02  1.69e+00 8.30e-01 1.85e+00  8.47e-01 2.23e-01      5s
  48   1.34192113e+01  8.84910978e+00  8.76e-03 5.00e-16  4.49e+00 *3.67e-03  1.86e+00 1.02e+00 1.84e+00  9.05e-01 3.21e-01      5s
  49   1.25918421e+01  1.02047978e+01  1.27e-02 3.60e-16  2.28e+00 *1.59e-02  2.34e+00 1.50e+00 1.84e+00  8.94e-01 5.48e-01      5s
  50   1.19301041e+01  1.11188086e+01  3.02e-02 4.85e-16  5.55e-01 *3.35e-02  4.44e+00 3.86e+00 1.82e+00  9.45e-01 8.43e-01      5s
  51   1.14671924e+01  1.13842039e+01  3.43e-03 9.99e-16  5.41e-02 *3.08e-03  2.21e+01 3.83e+01 1.67e+00  1.00e+00 9.87e-01      5s
  52   1.17122976e+01  1.14073834e+01  3.50e-02 9.74e-16  1.75e-02 *4.48e-02  1.16e+01 2.11e+02 1.81e+00  1.00e+00 7.63e-01      5s
  53   1.17124441e+01  1.14073908e+01  3.50e-02 9.06e-16  1.75e-02 *5.98e-02  1.37e+01 7.08e+02 1.80e+00  1.00e+00 7.44e-04      6s

The solution quality is limited by the precision of the linear system solver.

The algorithm stopped after 54 iterations in 5.66 seconds.

Primal variables:   [+0.0015 +2.3569 +3.2599 +0.0009]
Dual slacks:        [+1.8150 +0.0017 +0.0021 +4.6536]
Dual variables:     [+7.6585 -6.4370]

Primal objective:   1.17124441e+01 
Dual objective:     1.14073908e+01 

Primal residual:    3.50e-02
Dual residual:      9.06e-16
Complementraty:     1.75e-02

Number of Iter:     54
Run time:           5.66
