
--------------- Linear optimization problem characteristics ---------------
Seed:                    43
Number of variables:     4
Number of constraints:   2

Norm of primal sol:      3.35e+00
Norm of dual sol:        1.00e+01
Norm of dual slacks:     5.00e+00

Norm of vector b:        2.00e+00
Norm of vector c:        1.02e+01

Norm of matrix A:        1.00e+00
Condition number:        1.60e+01

----------------------- Linear optimization problem -----------------------
Coeff matrix A:          [[+0.289 +0.059 -0.336 -0.190]
                          [-0.580 -0.080 +0.610 +0.231]]

RHS vector b:            [-1.102 +1.669]
Obj vector c:            [-5.550 +3.933 +6.952 +2.905]

---------------------------- Optimal solution -----------------------------
Primal variables:         [+0.000 +0.000 +1.626 +2.932]
Dual slacks:              [+0.928 +4.913 +0.000 +0.000]
Dual variables:           [-4.337 +9.011]

Optimal objective:       +1.98176863e+01
===========================================================================

Method:                  II-QIPM
LO_Precision:            1.00e-02
Stop_Precision:          1.00e-03
LO_Verbosity:            2
Omega:                   1.00e+02

The Quantum Inexact Infeasible Interior-Point Method starts running ...


                  Objective                Residual                                Linear system           Step-length
Iter      Primal           Dual         Primal    Dual     Compl    ||Resl||  Cond-Num  ||M||   ||RHS||    a-star   a-hat      Time
   0   7.65397212e+02 -2.37669486e+02  6.85e+00 5.75e+01  1.31e+04  1.15e-13  2.56e+02 1.00e+00 1.76e+01  8.16e-01 7.07e-01      4s
   1   8.04362009e+02 -2.23718849e+02  6.02e+00 5.05e+01  1.17e+04 *4.34e-03  5.40e+02 1.85e+00 1.34e+01  6.85e-01 1.22e-01     13s
   2   8.39027924e+02 -2.18184651e+02  5.60e+00 4.71e+01  1.09e+04 *1.12e+00  5.00e+02 2.03e+00 1.76e+01  5.87e-01 6.76e-02     16s
   3   8.82025348e+02 -1.97259695e+02  4.74e+00 3.99e+01  9.44e+03 *2.13e-02  4.71e+02 2.14e+00 2.08e+01  7.71e-01 1.53e-01     20s
   4   9.30486748e+02 -1.69972906e+02  3.77e+00 3.17e+01  7.72e+03 *3.23e-02  4.35e+02 2.44e+00 2.56e+01  8.39e-01 2.04e-01     24s
   5   9.81632061e+02 -1.32172825e+02  2.60e+00 2.19e+01  5.59e+03 *2.99e-02  3.98e+02 2.93e+00 3.11e+01  9.44e-01 3.12e-01     28s
   6   1.00354068e+03 -7.21835285e+01  9.37e-01 7.89e+00  2.58e+03 *2.18e-02  3.60e+02 3.94e+00 3.67e+01  1.00e+00 6.39e-01     32s
   7   7.02072266e+02 -3.34575832e+01  5.96e-03 1.47e-14  7.34e+02 *5.96e-03  3.25e+02 7.70e+00 3.39e+01  1.00e+00 1.00e+00     35s
   8   1.36066016e+02 -3.21395564e+01  4.08e-03 1.76e-14  1.67e+02 *3.77e-03  3.95e+02 1.38e+01 2.44e+00  1.00e+00 8.58e-01     39s
   9   1.12157189e+02 -3.11082065e+01  3.44e-03 2.74e-14  1.42e+02 *2.12e-04  5.42e+02 3.26e+00 2.04e+00  7.77e-01 1.65e-01     48s
  10   9.63392910e+01 -3.00903838e+01  3.05e-03 2.36e-14  1.26e+02 *4.29e-04  6.11e+02 2.86e+00 1.99e+00  7.34e-01 1.30e-01     57s
  11   8.47120521e+01 -2.90519810e+01  2.77e-03 2.39e-14  1.13e+02 *5.67e-04  6.80e+02 2.60e+00 1.96e+00  7.00e-01 1.11e-01     66s
  12   7.57750804e+01 -2.79870996e+01  2.54e-03 2.38e-14  1.03e+02 *3.99e-04  7.52e+02 2.42e+00 1.94e+00  6.72e-01 9.76e-02     75s
  13   6.86740233e+01 -2.68914483e+01  2.35e-03 8.22e-15  9.50e+01 *3.11e-04  8.26e+02 2.29e+00 1.92e+00  6.49e-01 8.76e-02     83s
  14   6.27846223e+01 -2.57508013e+01  2.42e-03 1.31e-14  8.80e+01 *3.26e-03  9.01e+02 2.20e+00 1.91e+00  6.36e-01 8.23e-02     92s
  15   5.79130193e+01 -2.45701329e+01  2.40e-03 1.18e-14  8.19e+01 *2.18e-03  9.77e+02 2.12e+00 1.90e+00  6.20e-01 7.62e-02    101s
  16   5.38182927e+01 -2.33439767e+01  2.24e-03 1.89e-14  7.67e+01 *1.15e-04  1.05e+03 2.07e+00 1.89e+00  6.06e-01 7.14e-02    124s
  17   5.02765437e+01 -2.20583267e+01  2.10e-03 7.46e-15  7.19e+01 *2.76e-04  1.13e+03 2.03e+00 1.88e+00  6.00e-01 6.93e-02    147s
  18   4.71741218e+01 -2.07035852e+01  1.97e-03 1.83e-15  6.75e+01 *2.23e-04  1.20e+03 2.01e+00 1.87e+00  5.97e-01 6.82e-02    170s
  19   4.44310774e+01 -1.92713357e+01  1.84e-03 8.53e-15  6.33e+01 *8.54e-06  1.27e+03 2.00e+00 1.86e+00  5.96e-01 6.81e-02    193s
  20   4.19672453e+01 -1.77442366e+01  1.74e-03 1.31e-14  5.94e+01 *4.24e-04  1.34e+03 2.00e+00 1.86e+00  6.00e-01 6.94e-02    216s
  21   3.97429840e+01 -1.61091137e+01  1.62e-03 1.49e-14  5.56e+01 *9.80e-05  1.41e+03 2.02e+00 1.85e+00  6.06e-01 7.15e-02    240s
  22   3.77151736e+01 -1.43473116e+01  1.51e-03 1.54e-14  5.18e+01 *7.53e-05  1.47e+03 2.04e+00 1.85e+00  6.16e-01 7.51e-02    263s
  23   3.58514256e+01 -1.24366887e+01  1.40e-03 1.74e-14  4.81e+01 *1.28e-04  1.52e+03 2.08e+00 1.85e+00  6.30e-01 8.02e-02    287s
  24   3.41222730e+01 -1.03465067e+01  1.30e-03 1.31e-14  4.43e+01 *2.49e-04  1.57e+03 2.13e+00 1.84e+00  6.48e-01 8.76e-02    311s
  25   3.25042998e+01 -8.04241587e+00  1.24e-03 9.56e-15  4.04e+01 *7.49e-04  1.62e+03 2.20e+00 1.84e+00  6.72e-01 9.78e-02    335s
  26   3.09880063e+01 -5.48098695e+00  1.11e-03 1.89e-14  3.63e+01 *1.42e-05  1.65e+03 2.30e+00 1.84e+00  6.99e-01 1.11e-01    360s
  27   2.95474566e+01 -2.60260249e+00  9.74e-04 2.03e-14  3.20e+01 *9.54e-05  1.67e+03 2.43e+00 1.83e+00  7.34e-01 1.31e-01    384s
  28   2.81615317e+01  6.64459410e-01  9.35e-04 1.50e-14  2.74e+01 *7.33e-04  1.68e+03 2.62e+00 1.83e+00  7.78e-01 1.61e-01    408s
  29   2.68126753e+01  4.43641326e+00  7.51e-04 1.85e-14  2.23e+01 *3.98e-05  1.67e+03 2.89e+00 1.83e+00  8.30e-01 2.06e-01    432s
  30   2.54530251e+01  8.82625229e+00  7.70e-04 1.21e-14  1.66e+01 *8.20e-04  1.62e+03 3.30e+00 1.83e+00  8.98e-01 2.85e-01    454s
  31   2.39654278e+01  1.40803972e+01  6.64e-04 5.47e-15  9.87e+00 *5.33e-04  1.50e+03 4.00e+00 1.82e+00  9.00e-01 4.50e-01    477s
  32   2.23858611e+01  1.85266426e+01  2.58e-04 1.02e-15  3.86e+00 *6.33e-05  1.17e+03 5.45e+00 1.82e+00  8.02e-01 6.76e-01    500s
  33   2.20225125e+01  1.87142776e+01  3.20e-04 1.44e-15  3.31e+00 *6.51e-04  3.35e+02 8.05e+00 1.78e+00  7.69e-01 1.59e-01    503s
  34   2.16247027e+01  1.88932579e+01  3.31e-04 9.84e-16  2.73e+00 *3.73e-04  2.59e+02 7.91e+00 1.78e+00  8.18e-01 1.94e-01    507s
  35   2.11573148e+01  1.90819782e+01  4.45e-04 1.16e-15  2.07e+00 *7.58e-04  1.97e+02 7.86e+00 1.77e+00  8.84e-01 2.67e-01    509s
  36   2.06004602e+01  1.92991893e+01  5.22e-04 6.84e-16  1.30e+00 *6.30e-04  1.49e+02 8.09e+00 1.77e+00  9.50e-01 4.14e-01    510s
  37   1.99161331e+01  1.96154212e+01  3.81e-04 1.05e-15  3.00e-01 *3.57e-04  1.18e+02 9.57e+00 1.76e+00  9.21e-01 8.54e-01    511s
  38   1.98394062e+01  1.97750322e+01  1.31e-05 3.01e-16  6.44e-02 *7.00e-05  1.42e+02 2.79e+01 1.78e+00  1.00e+00 8.74e-01    513s
  39   1.97888611e+01  1.98001151e+01  2.68e-02 1.16e-15  2.49e-02 *3.86e-02  1.25e+02 1.09e+02 1.82e+00  9.13e-01 6.94e-01    514s
  40   1.98130981e+01  1.98161621e+01  4.92e-03 7.81e-16  3.56e-03 *2.35e-03  1.95e+02 4.08e+02 1.75e+00  9.23e-01 8.95e-01    516s

The algorithm stopped after 41 iterations in 515.86 seconds.

Primal variables:   [+0.0010 +0.0002 +1.5884 +3.0207]
Dual slacks:        [+0.9280 +4.9130 +0.0003 +0.0004]
Dual variables:     [-4.3329 +9.0124]

Primal objective:   1.98130981e+01 
Dual objective:     1.98161621e+01 

Primal residual:    4.92e-03
Dual residual:      7.81e-16
Complementraty:     3.56e-03

Number of Iter:     41
Run time:           515.86
