
--------------- Linear optimization problem characteristics ---------------
Seed:                    18
Number of variables:     4
Number of constraints:   2

Norm of primal sol:      2.12e+00
Norm of dual sol:        1.00e+01
Norm of dual slacks:     5.00e+00

Norm of vector b:        2.00e+00
Norm of vector c:        8.39e+00

Norm of matrix A:        1.00e+00
Condition number:        8.00e+00

----------------------- Linear optimization problem -----------------------
Coeff matrix A:          [[+0.090 +0.499 +0.768 -0.298]
                          [+0.016 -0.029 -0.249 +0.127]]

RHS vector b:            [+1.939 -0.488]
Obj vector c:            [+5.642 +3.902 +4.823 -0.344]

---------------------------- Optimal solution -----------------------------
Primal variables:         [+0.000 +1.057 +1.837 +0.000]
Dual slacks:              [+4.815 +0.000 +0.000 +1.346]
Dual variables:           [+8.153 +5.790]

Optimal objective:       +1.29853615e+01
===========================================================================

Method:                  II-QIPM
LO_Precision:            1.00e-02
Stop_Precision:          1.00e-03
LO_Verbosity:            2
Omega:                   1.00e+02

The Quantum Inexact Infeasible Interior-Point Method starts running ...


                  Objective                Residual                                Linear system           Step-length
Iter      Primal           Dual         Primal    Dual     Compl    ||Resl||  Cond-Num  ||M||   ||RHS||    a-star   a-hat      Time
   0   8.33262883e+02 -1.38150189e+02  4.36e+01 8.04e+01  1.79e+04 *1.10e-13  6.40e+01 1.00e+00 1.09e+02  7.04e-01 5.84e-01      1s
   1   7.58619753e+02 -1.56354768e+02  3.93e+01 7.24e+01  1.63e+04 *7.98e-02  1.68e+02 9.79e-01 1.66e+01  6.37e-01 9.87e-02      3s
   2   6.88171400e+02 -1.74154842e+02  3.54e+01 6.52e+01  1.48e+04 *8.33e-02  1.86e+02 9.44e-01 1.30e+01  6.64e-01 1.01e-01      5s
   3   6.13386218e+02 -1.93758828e+02  3.13e+01 5.76e+01  1.32e+04 *7.06e-02  2.02e+02 9.04e-01 1.01e+01  6.93e-01 1.16e-01      7s
   4   5.31633878e+02 -2.15844535e+02  2.68e+01 4.94e+01  1.15e+04 *1.42e-01  2.21e+02 8.53e-01 7.51e+00  7.36e-01 1.42e-01      9s
   5   4.43538988e+02 -2.40798335e+02  2.21e+01 4.08e+01  9.68e+03 *9.92e-02  2.41e+02 7.87e-01 5.15e+00  7.78e-01 1.75e-01     10s
   6   3.48983452e+02 -2.69505688e+02  1.72e+01 3.17e+01  7.71e+03 *1.14e-03  2.64e+02 7.02e-01 3.16e+00  8.21e-01 2.23e-01     14s
   7   2.42279395e+02 -3.03566093e+02  1.16e+01 2.15e+01  5.43e+03 *4.81e-03  2.90e+02 5.92e-01 1.59e+00  8.93e-01 3.22e-01     18s
   8   1.16830318e+02 -3.44051549e+02  5.12e+00 9.43e+00  2.65e+03 *1.60e-04  3.23e+02 4.45e-01 6.16e-01  9.87e-01 5.61e-01     22s
   9   2.00745397e+01 -3.50273422e+02  2.98e-04 8.07e-14  3.71e+02  2.98e-04  3.76e+02 2.40e-01 1.24e+00  1.00e+00 1.00e+00     26s
  10   1.99207175e+01 -1.85265920e+01  4.78e-04 7.34e-14  3.84e+01  4.78e-04  6.12e+02 5.06e-02 1.90e+00  1.00e+00 1.00e+00     36s
  11   1.85872883e+01  3.63886455e+00  1.34e-02 1.44e-14  1.44e+01  1.79e-02  9.81e+02 6.49e-01 1.81e+00  1.00e+00 7.40e-01     45s
  12   1.84842722e+01  4.72789017e+00  1.23e-02 1.23e-14  1.34e+01  4.67e-05  1.09e+03 1.71e+00 1.79e+00  6.22e-01 8.18e-02     72s
  13   1.83694227e+01  5.63818488e+00  1.14e-02 1.13e-14  1.24e+01  2.37e-05  1.03e+03 1.83e+00 1.79e+00  6.12e-01 7.72e-02    102s
  14   1.82086708e+01  6.47744867e+00  1.09e-02 9.85e-15  1.15e+01  6.17e-03  9.73e+02 1.95e+00 1.79e+00  6.34e-01 8.34e-02    112s
  15   1.80643986e+01  7.15044545e+00  1.03e-02 9.28e-15  1.07e+01  2.08e-03  9.17e+02 2.07e+00 1.79e+00  6.06e-01 7.35e-02    122s
  16   1.79111777e+01  7.73560615e+00  9.68e-03 8.42e-15  1.00e+01  1.96e-03  8.60e+02 2.19e+00 1.78e+00  6.02e-01 7.18e-02    132s
  17   1.77546500e+01  8.24280112e+00  9.05e-03 6.99e-15  9.40e+00  6.52e-04  8.02e+02 2.30e+00 1.78e+00  5.95e-01 6.94e-02    141s
  18   1.75876257e+01  8.69517984e+00  8.46e-03 6.53e-15  8.81e+00  5.54e-04  7.44e+02 2.40e+00 1.78e+00  5.96e-01 6.96e-02    154s
  19   1.74085284e+01  9.10374995e+00  7.89e-03 5.74e-15  8.25e+00  5.15e-04  6.86e+02 2.50e+00 1.78e+00  6.01e-01 7.10e-02    165s
  20   1.72168276e+01  9.47576544e+00  7.34e-03 5.32e-15  7.70e+00  2.84e-04  6.28e+02 2.61e+00 1.78e+00  6.08e-01 7.32e-02    176s
  21   1.70094052e+01  9.81900822e+00  6.79e-03 5.09e-15  7.17e+00  2.78e-04  5.70e+02 2.72e+00 1.78e+00  6.19e-01 7.71e-02    186s
  22   1.67841781e+01  1.01390559e+01  6.25e-03 4.99e-15  6.63e+00  1.46e-04  5.14e+02 2.83e+00 1.78e+00  6.33e-01 8.25e-02    196s
  23   1.65007939e+01  1.04670848e+01  6.10e-03 4.82e-15  6.03e+00  4.78e-03  4.58e+02 2.95e+00 1.78e+00  6.78e-01 1.01e-01    200s
  24   1.62174526e+01  1.07615897e+01  5.63e-03 3.60e-15  5.46e+00  1.65e-03  4.03e+02 3.10e+00 1.78e+00  6.85e-01 1.05e-01    204s
  25   1.59149176e+01  1.10399827e+01  5.00e-03 4.00e-15  4.89e+00  1.87e-04  3.50e+02 3.26e+00 1.77e+00  7.08e-01 1.17e-01    209s
  26   1.55706823e+01  1.13177005e+01  4.35e-03 3.22e-15  4.27e+00  3.69e-04  3.01e+02 3.46e+00 1.77e+00  7.47e-01 1.40e-01    213s
  27   1.51531310e+01  1.16125028e+01  3.91e-03 3.51e-15  3.56e+00  1.97e-03  2.54e+02 3.72e+00 1.77e+00  8.07e-01 1.85e-01    215s
  28   1.46651765e+01  1.19242771e+01  3.45e-03 1.91e-15  2.76e+00  2.07e-03  2.10e+02 4.14e+00 1.77e+00  8.69e-01 2.49e-01    217s
  29   1.41382719e+01  1.22446031e+01  2.28e-03 1.23e-15  1.91e+00  2.82e-05  1.69e+02 4.87e+00 1.77e+00  9.31e-01 3.43e-01    219s
  30   1.34753966e+01  1.26366515e+01  1.18e-03 1.09e-15  8.48e-01  5.05e-04  1.33e+02 6.33e+00 1.77e+00  1.00e+00 6.17e-01    221s
  31   1.30151306e+01  1.29372814e+01  8.99e-04 1.19e-15  8.47e-02  8.99e-04  1.00e+02 1.21e+01 1.77e+00  1.00e+00 1.00e+00    222s
  32   1.29888243e+01  1.29811054e+01  9.58e-05 5.28e-16  8.45e-03  9.58e-05  9.51e+01 8.53e+01 1.83e+00  1.00e+00 1.00e+00    223s

The algorithm stopped after 33 iterations in 223.13 seconds.

Primal variables:   [+0.0004 +1.0558 +1.8388 +0.0015]
Dual slacks:        [+4.8158 +0.0019 +0.0012 +1.3461]
Dual variables:     [+8.1490 +5.7819]

Primal objective:   1.29888243e+01 
Dual objective:     1.29811054e+01 

Primal residual:    9.58e-05
Dual residual:      5.28e-16
Complementraty:     8.45e-03

Number of Iter:     33
Run time:           223.13
