
--------------- Linear optimization problem characteristics ---------------
Seed:                    43
Number of variables:     4
Number of constraints:   2

Norm of primal sol:      2.06e+00
Norm of dual sol:        1.00e+01
Norm of dual slacks:     5.00e+00

Norm of vector b:        2.00e+00
Norm of vector c:        1.02e+01

Norm of matrix A:        1.00e+00
Condition number:        1.00e+00

----------------------- Linear optimization problem -----------------------
Coeff matrix A:          [[-0.063 +0.232 -0.333 -0.911]
                          [-0.774 +0.015 +0.611 -0.166]]

RHS vector b:            [-1.976 +0.311]
Obj vector c:            [-5.770 +4.041 +6.954 +2.455]

---------------------------- Optimal solution -----------------------------
Primal variables:         [+0.000 +0.000 +0.999 +1.802]
Dual slacks:              [+0.928 +4.913 +0.000 +0.000]
Dual variables:           [-4.337 +9.011]

Optimal objective:       +1.13706715e+01
===========================================================================

Method:                  II-QIPM
LO_Precision:            1.00e-02
Stop_Precision:          1.00e-03
LO_Verbosity:            2
Omega:                   1.00e+02

The Quantum Inexact Infeasible Interior-Point Method starts running ...


                  Objective                Residual                                Linear system           Step-length
Iter      Primal           Dual         Primal    Dual     Compl    ||Resl||  Cond-Num  ||M||   ||RHS||    a-star   a-hat      Time
   0   7.44099931e+02 -1.48078346e+02  3.25e+01 5.79e+01  1.31e+04  2.84e-14  1.00e+00 1.00e+00 1.21e+02  8.14e-01 7.05e-01      0s
   1   7.87994441e+02 -1.39291129e+02  2.84e+01 5.06e+01  1.16e+04 *6.14e-01  2.17e+00 1.86e+00 3.29e+01  6.77e-01 1.26e-01      0s
   2   8.28296704e+02 -1.29304583e+02  2.48e+01 4.42e+01  1.03e+04 *1.56e-01  1.97e+00 2.04e+00 4.52e+01  7.27e-01 1.26e-01      0s
   3   8.72619320e+02 -1.16194480e+02  2.08e+01 3.71e+01  8.80e+03 *1.17e+00  1.81e+00 2.25e+00 5.67e+01  7.83e-01 1.61e-01      1s
   4   9.21334203e+02 -9.86916047e+01  1.63e+01 2.89e+01  7.06e+03 *1.57e+00  1.65e+00 2.58e+00 6.98e+01  8.61e-01 2.22e-01      1s
   5   9.74194660e+02 -7.42174182e+01  1.06e+01 1.87e+01  4.87e+03 *2.30e-01  1.51e+00 3.15e+00 8.46e+01  9.77e-01 3.51e-01      1s
   6   9.40740610e+02 -3.22410846e+01  3.90e+00 3.16e+00  1.58e+03 *3.77e+00  1.41e+00 4.48e+00 9.80e+01  1.00e+00 8.31e-01      1s
   7   4.00158526e+02 -2.19534366e+01  3.40e+00 1.62e-15  4.59e+02 *3.40e+00  1.36e+00 1.20e+01 5.92e+01  1.00e+00 1.00e+00      1s
   8   9.48345494e+01 -2.11250549e+01  7.36e-01 8.88e-16  1.24e+02 *1.14e-01  1.42e+00 8.41e+00 3.43e+00  1.00e+00 8.10e-01      1s
   9   7.48221702e+01 -2.04845935e+01  6.01e-01 1.02e-15  1.02e+02 *5.34e-02  1.88e+00 2.34e+00 2.28e+00  8.19e-01 1.98e-01      1s
  10   6.21562101e+01 -1.98371535e+01  4.96e-01 1.88e-15  8.75e+01 *6.38e-02  2.15e+00 1.98e+00 2.17e+00  7.75e-01 1.58e-01      1s
  11   5.33459288e+01 -1.91776079e+01  4.21e-01 1.28e-15  7.72e+01 *7.93e-02  2.43e+00 1.75e+00 2.10e+00  7.36e-01 1.31e-01      1s
  12   4.69019899e+01 -1.85125410e+01  3.76e-01 1.83e-15  6.96e+01 *1.17e-02  2.73e+00 1.60e+00 2.05e+00  6.97e-01 1.10e-01      1s
  13   7.19747362e+00 -1.85125410e+01  2.02e+00 0.00e+00  6.96e+00  2.02e+00  3.03e+00 1.50e+00 2.02e+00  1.00e+00 1.00e+00      1s
  14   3.38397658e+00 -1.18191778e+01  1.73e+00 9.93e-16  5.08e+00 *7.54e-02  1.71e+00 1.27e-01 2.00e+00  1.85e-01 1.44e-01      1s
  15   3.38860878e+00 -1.10670882e+01  1.72e+00 1.33e-15  5.04e+00 *7.99e-02  5.56e+00 1.71e-01 1.98e+00  1.40e-01 7.20e-03      1s
  16   3.39370369e+00 -1.06256313e+01  1.71e+00 1.88e-15  5.02e+00 *2.36e-02  5.76e+00 1.80e-01 1.98e+00  1.47e-01 4.26e-03      2s
  17   3.40118400e+00 -1.01375901e+01  1.70e+00 4.44e-16  4.99e+00 *6.03e-04  5.87e+00 1.86e-01 1.98e+00  1.51e-01 4.75e-03      2s
  18   3.41301407e+00 -9.58489121e+00  1.69e+00 1.88e-15  4.97e+00 *2.68e-03  5.98e+00 1.92e-01 1.98e+00  1.57e-01 5.47e-03      2s
  19   3.43282304e+00 -8.93773593e+00  1.68e+00 2.59e-15  4.93e+00 *1.92e-02  6.09e+00 2.00e-01 1.98e+00  1.65e-01 6.59e-03      2s
  20   3.46712431e+00 -8.14292713e+00  1.67e+00 2.26e-15  4.89e+00 *6.22e-02  6.21e+00 2.10e-01 1.98e+00  1.76e-01 8.43e-03      2s
  21   3.52903836e+00 -7.08173288e+00  1.65e+00 3.41e-15  4.83e+00 *1.09e-01  6.34e+00 2.24e-01 1.98e+00  1.91e-01 1.19e-02      2s
  22   3.65628845e+00 -5.37061915e+00  1.61e+00 2.31e-15  4.71e+00 *1.28e-01  6.50e+00 2.44e-01 1.97e+00  2.12e-01 2.05e-02      2s
  23   4.53039248e+00  4.21553612e+00  1.41e+00 1.72e-15  3.20e+00 *7.65e-02  6.69e+00 2.82e-01 1.97e+00  2.21e-01 1.28e-01      3s
  24   6.40230832e+00  1.00477129e+01  1.10e+00 1.14e-15  1.70e+00 *7.39e-02  6.70e+00 7.62e-01 1.95e+00  2.57e-01 2.17e-01      3s
  25   3.01401417e+00  1.00477129e+01  1.57e+00 4.61e-16  7.86e-01  1.89e+00  3.20e+00 2.47e+00 1.89e+00  1.00e+00 5.97e-01      3s
  26   3.19416434e+00  1.02139742e+01  1.54e+00 2.99e-16  7.68e-01 *2.66e-02  2.86e+00 1.11e+00 1.95e+00  1.35e-01 2.10e-02      3s
  27   3.34744869e+00  1.03141905e+01  1.51e+00 4.61e-16  7.56e-01 *9.05e-02  2.40e+00 1.20e+00 1.94e+00  1.54e-01 1.67e-02      3s
  28   3.52074326e+00  1.04143556e+01  1.48e+00 1.08e-15  7.41e-01 *6.23e-02  2.14e+00 1.26e+00 1.94e+00  1.64e-01 1.98e-02      3s
  29   3.69905520e+00  1.05128903e+01  1.45e+00 5.12e-16  7.23e-01 *4.99e-02  1.89e+00 1.35e+00 1.93e+00  1.71e-01 2.33e-02      3s
  30   3.91058984e+00  1.06110832e+01  1.40e+00 3.72e-16  7.02e-01 *6.60e-02  1.66e+00 1.45e+00 1.93e+00  1.87e-01 2.90e-02      3s
  31   4.19758781e+00  1.07108890e+01  1.35e+00 1.36e-15  6.75e-01 *8.42e-03  1.52e+00 1.62e+00 1.92e+00  2.13e-01 3.84e-02      3s
  32   4.56520455e+00  1.08108612e+01  1.28e+00 1.72e-15  6.41e-01 *1.22e-02  1.58e+00 2.00e+00 1.91e+00  2.42e-01 5.17e-02      3s
  33   4.86324381e+00  1.08707148e+01  1.23e+00 2.10e-15  6.14e-01 *4.16e-03  1.94e+00 2.77e+00 1.89e+00  2.85e-01 4.36e-02      3s
  34   4.96263774e+00  1.08879186e+01  1.21e+00 3.08e-15  6.05e-01 *2.80e-02  2.33e+00 3.56e+00 1.88e+00  3.16e-01 1.59e-02      3s
  35   5.06918809e+00  1.09052493e+01  1.19e+00 2.32e-15  5.95e-01 *2.32e-02  2.48e+00 3.87e+00 1.88e+00  3.29e-01 1.72e-02      4s
  36   5.18971129e+00  1.09233608e+01  1.16e+00 2.10e-15  5.85e-01 *4.04e-03  2.65e+00 4.21e+00 1.87e+00  3.44e-01 1.93e-02      4s
  37   5.32564824e+00  1.09422909e+01  1.14e+00 1.37e-15  5.73e-01 *1.12e-02  2.84e+00 4.62e+00 1.87e+00  3.61e-01 2.18e-02      4s
  38   5.30130758e+00  1.09422909e+01  1.14e+00 1.37e-15  5.70e-01  1.86e+00  3.06e+00 5.10e+00 1.86e+00  1.00e+00 5.21e-03      4s
  39   5.30128842e+00  1.09422909e+01  1.14e+00 1.37e-15  5.70e-01  1.86e+00  3.06e+00 5.08e+00 1.86e+00  1.00e+00 4.12e-06      4s

The solution quality is limited by the precision of the linear system solver.

The algorithm stopped after 40 iterations in 4.22 seconds.

Primal variables:   [+0.2944 +0.0228 +0.7694 +0.6346]
Dual slacks:        [+0.7262 +4.8769 +0.2260 +0.1124]
Dual variables:     [-4.1635 +8.7354]

Primal objective:   5.30128842e+00 
Dual objective:     1.09422909e+01 

Primal residual:    1.14e+00
Dual residual:      1.37e-15
Complementraty:     5.70e-01

Number of Iter:     40
Run time:           4.22
