
--------------- Linear optimization problem characteristics ---------------
Seed:                    84
Number of variables:     4
Number of constraints:   2

Norm of primal sol:      5.00e+00
Norm of dual sol:        1.00e+01
Norm of dual slacks:     5.00e+00

Norm of vector b:        3.63e+00
Norm of vector c:        1.17e+01

Norm of matrix A:        1.00e+00
Condition number:        1.00e+00

----------------------- Linear optimization problem -----------------------
Coeff matrix A:          [[+0.792 +0.117 -0.387 +0.458]
                          [+0.531 -0.589 +0.256 -0.552]]

RHS vector b:            [+2.572 -2.561]
Obj vector c:            [+3.124 +8.664 -1.892 +6.980]

---------------------------- Optimal solution -----------------------------
Primal variables:         [+0.365 +0.000 +0.000 +4.987]
Dual slacks:              [+0.000 +4.184 +2.738 +0.000]
Dual variables:           [+7.986 -6.019]

Optimal objective:       +3.59485860e+01
===========================================================================

Method:                  II-QIPM
LO_Precision:            1.00e-02
Stop_Precision:          1.00e-03
LO_Verbosity:            2
Omega:                   1.00e+02

The Quantum Inexact Infeasible Interior-Point Method starts running ...


                  Objective                Residual                                Linear system           Step-length
Iter      Primal           Dual         Primal    Dual     Compl    ||Resl||  Cond-Num  ||M||   ||RHS||    a-star   a-hat      Time
   0   1.17760249e+03 -1.80750712e+02  4.47e+01 8.50e+01  1.91e+04 *3.55e-15  1.00e+00 1.00e+00 1.02e+02  6.80e-01 5.57e-01      0s
   1   1.14523332e+03 -1.57477433e+02  3.80e+01 7.22e+01  1.64e+04  1.07e-01  2.47e+00 2.31e+00 9.94e+01  7.20e-01 1.51e-01      0s
   2   1.11635507e+03 -1.31601976e+02  3.15e+01 5.98e+01  1.39e+04  1.21e-01  2.90e+00 3.01e+00 1.29e+02  7.78e-01 1.71e-01      0s
   3   1.09506710e+03 -1.31601976e+02  2.80e+01 5.86e+01  1.36e+04  1.58e+02  3.39e+00 3.99e+00 1.58e+02  3.52e-01 1.90e-02      0s
   4   1.07446267e+03 -1.31601976e+02  2.45e+01 5.76e+01  1.34e+04  1.76e+02  3.63e+00 4.29e+00 1.76e+02  3.39e-01 1.75e-02      1s
   5   1.05448859e+03 -1.31601976e+02  2.12e+01 5.67e+01  1.32e+04  1.94e+02  3.88e+00 4.60e+00 1.94e+02  3.27e-01 1.61e-02      1s
   6   1.02777900e+03 -6.81280218e+01  1.22e+01 3.28e+01  8.15e+03  3.83e-01  4.15e+00 4.92e+00 2.12e+02  9.51e-01 4.22e-01      1s
   7   9.66685774e+02  1.60446693e+01  1.23e+00 2.76e+00  1.53e+03  1.20e+00  5.26e+00 9.46e+00 2.55e+02  1.00e+00 9.16e-01      1s
   8   4.69944396e+02  2.36229220e+01  9.60e-01 1.40e-15  4.40e+02  9.60e-01  8.33e+00 6.06e+01 1.46e+02  1.00e+00 1.00e+00      1s
   9   8.18531902e+01  2.39805116e+01  5.14e-02 1.05e-15  5.76e+01  1.91e-02  1.01e+01 5.24e+01 6.26e+00  1.00e+00 9.66e-01      1s
  10   7.19592110e+01  2.44626091e+01  4.12e-02 1.39e-15  4.72e+01  2.44e-05  8.84e+00 5.85e+00 3.84e+00  8.08e-01 1.99e-01      1s
  11   6.58848313e+01  2.49131788e+01  3.45e-02 8.88e-16  4.08e+01  2.97e-03  8.44e+00 4.58e+00 3.72e+00  7.68e-01 1.53e-01      2s
  12   6.13764134e+01  2.53717388e+01  2.99e-02 1.40e-15  3.58e+01  6.52e-04  8.27e+00 3.87e+00 3.63e+00  7.41e-01 1.35e-01      2s
  13   5.78605188e+01  2.58409208e+01  2.67e-02 9.22e-16  3.18e+01  3.69e-03  8.27e+00 3.40e+00 3.58e+00  7.21e-01 1.23e-01      2s
  14   5.50042938e+01  2.63248062e+01  2.45e-02 2.32e-15  2.85e+01  8.19e-03  8.43e+00 3.08e+00 3.53e+00  7.09e-01 1.16e-01      2s
  15   5.26181020e+01  2.68240365e+01  2.20e-02 4.97e-16  2.57e+01  2.11e-03  8.76e+00 2.88e+00 3.50e+00  7.01e-01 1.12e-01      2s
  16   5.05457091e+01  2.73489963e+01  2.09e-02 1.20e-15  2.31e+01  1.20e-02  9.27e+00 2.75e+00 3.47e+00  7.01e-01 1.12e-01      3s
  17   4.87240460e+01  2.78964338e+01  1.85e-02 1.09e-15  2.07e+01  2.02e-04  1.00e+01 2.70e+00 3.44e+00  7.04e-01 1.13e-01      3s
  18   4.70706797e+01  2.84765970e+01  1.63e-02 1.26e-15  1.85e+01  1.23e-04  1.10e+01 2.71e+00 3.42e+00  7.14e-01 1.19e-01      3s
  19   4.55004115e+01  2.91110425e+01  1.83e-02 7.11e-16  1.63e+01  3.19e-02  1.23e+01 2.78e+00 3.40e+00  7.38e-01 1.33e-01      3s
  20   4.39750997e+01  2.98095143e+01  2.51e-02 8.01e-16  1.40e+01  6.30e-02  1.43e+01 2.95e+00 3.39e+00  7.70e-01 1.53e-01      3s
  21   4.25731223e+01  3.05309348e+01  2.34e-02 1.32e-15  1.19e+01  1.49e-02  1.74e+01 3.24e+00 3.37e+00  7.86e-01 1.67e-01      4s
  22   4.12049314e+01  3.13109654e+01  2.24e-02 2.22e-16  9.80e+00  1.88e-02  2.16e+01 3.68e+00 3.36e+00  8.23e-01 1.99e-01      4s
  23   3.99030425e+01  3.21365378e+01  1.71e-02 1.39e-15  7.70e+00  9.33e-05  2.80e+01 4.40e+00 3.35e+00  8.58e-01 2.37e-01      4s
  24   3.86519797e+01  3.30211058e+01  1.47e-02 1.05e-15  5.59e+00  9.15e-03  3.76e+01 5.59e+00 3.34e+00  9.09e-01 3.05e-01      5s
  25   3.75024218e+01  3.39503063e+01  1.84e-02 1.71e-15  3.52e+00  2.38e-02  5.37e+01 7.80e+00 3.32e+00  9.69e-01 4.12e-01      5s
  26   3.65498203e+01  3.49539820e+01  7.58e-03 5.59e-16  1.59e+00  4.66e-04  8.29e+01 1.28e+01 3.31e+00  9.69e-01 6.04e-01      6s
  27   3.59691413e+01  3.57335278e+01  3.61e-02 9.93e-16  2.70e-01  3.77e-02  1.23e+02 2.92e+01 3.30e+00  1.00e+00 9.46e-01      7s
  28   3.59585269e+01  3.59342283e+01  4.46e-03 5.75e-16  3.03e-02  2.07e-03  3.13e+02 2.18e+02 3.22e+00  9.53e-01 9.30e-01     10s
  29   3.59394393e+01  3.59470269e+01  7.08e-03 1.08e-15  3.05e-03  7.08e-03  3.96e+01 1.22e+03 3.36e+00  1.00e+00 1.00e+00     11s

The algorithm stopped after 30 iterations in 10.69 seconds.

Primal variables:   [+0.3580 +0.0002 +0.0003 +4.9885]
Dual slacks:        [+0.0022 +4.1831 +2.7377 +0.0002]
Dual variables:     [+7.9838 -6.0204]

Primal objective:   3.59394393e+01 
Dual objective:     3.59470269e+01 

Primal residual:    7.08e-03
Dual residual:      1.08e-15
Complementraty:     3.05e-03

Number of Iter:     30
Run time:           10.69
