
--------------- Linear optimization problem characteristics ---------------
Seed:                    24
Number of variables:     4
Number of constraints:   2

Norm of primal sol:      5.00e+00
Norm of dual sol:        1.00e+01
Norm of dual slacks:     5.00e+00

Norm of vector b:        4.41e+00
Norm of vector c:        1.18e+01

Norm of matrix A:        1.00e+00
Condition number:        1.00e+00

----------------------- Linear optimization problem -----------------------
Coeff matrix A:          [[+0.248 -0.434 +0.180 -0.847]
                          [+0.351 -0.235 +0.815 +0.397]]

RHS vector b:            [-0.031 +4.407]
Obj vector c:            [+5.830 +3.088 +6.151 +7.677]

---------------------------- Optimal solution -----------------------------
Primal variables:         [+0.000 +0.000 +4.883 +1.075]
Dual slacks:              [+4.041 +2.944 +0.000 +0.000]
Dual variables:           [-5.013 +8.653]

Optimal objective:       +3.82893990e+01
===========================================================================

Method:                  II-QIPM
LO_Precision:            1.00e-02
Stop_Precision:          1.00e-03
LO_Verbosity:            2
Omega:                   1.00e+02

The Quantum Inexact Infeasible Interior-Point Method starts running ...


                  Objective                Residual                                Linear system           Step-length
Iter      Primal           Dual         Primal    Dual     Compl    ||Resl||  Cond-Num  ||M||   ||RHS||    a-star   a-hat      Time
   0   1.16153717e+03 -4.02084418e+02  4.83e+01 5.91e+01  1.40e+04  4.02e-14  1.00e+00 1.00e+00 1.59e+02  8.00e-01 6.87e-01      0s
   1   1.04053493e+03 -4.49258378e+02  4.11e+01 5.04e+01  1.21e+04  7.77e-02  4.77e+00 1.09e+00 2.83e+01  7.30e-01 1.48e-01      0s
   2   9.17981020e+02 -4.96215110e+02  3.45e+01 4.20e+01  1.03e+04  1.06e+00  5.44e+00 1.02e+00 2.17e+01  7.83e-01 1.65e-01      1s
   3   7.79533810e+02 -5.49412099e+02  2.74e+01 3.34e+01  8.41e+03  3.08e-01  6.14e+00 9.42e-01 1.60e+01  8.30e-01 2.05e-01      1s
   4   6.17021910e+02 -6.09312250e+02  1.99e+01 2.42e+01  6.33e+03  1.31e-02  6.96e+00 8.40e-01 1.07e+01  8.98e-01 2.76e-01      1s
   5   2.33676083e+02 -6.09312250e+02  6.04e+00 0.00e+00  1.58e+03  6.04e+00  7.94e+00 7.02e-01 6.04e+00  1.00e+00 1.00e+00      1s
   6   9.78289226e+01 -3.43829870e+02  2.19e-01 2.16e-14  4.23e+02  2.19e-01  1.26e+01 4.52e-01 3.94e+00  1.00e+00 1.00e+00      1s
   7   9.39048075e+01 -1.66544270e+01  1.05e-01 5.18e-15  1.10e+02  7.65e-02  1.07e+01 2.25e-01 4.09e+00  9.22e-01 7.98e-01      1s
   8   8.48038321e+01  6.79108249e+00  1.03e-01 3.97e-15  7.75e+01  9.87e-02  6.77e+00 7.12e-01 3.95e+00  6.96e-01 3.25e-01      1s
   9   8.15552465e+01  1.09414630e+01  1.01e-01 3.97e-15  7.02e+01  8.06e-02  5.70e+00 9.05e-01 3.86e+00  6.81e-01 1.05e-01      1s
  10   7.82554809e+01  1.45205411e+01  9.78e-02 4.00e-15  6.34e+01  7.52e-02  5.70e+00 9.87e-01 3.84e+00  6.91e-01 1.07e-01      2s
  11   7.49295730e+01  1.77059674e+01  8.63e-02 3.32e-15  5.70e+01  4.58e-03  5.90e+00 1.10e+00 3.81e+00  6.99e-01 1.12e-01      2s
  12   7.11009342e+01  2.06512275e+01  9.38e-02 3.50e-15  5.03e+01  1.44e-01  6.30e+00 1.25e+00 3.79e+00  7.37e-01 1.31e-01      2s
  13   7.97215008e+00  2.06512275e+01  3.76e+00 0.00e+00  5.03e+00  3.76e+00  7.15e+00 1.47e+00 3.76e+00  1.00e+00 1.00e+00      2s
  14   1.12200321e+01  3.25483969e+01  3.38e+00 7.69e-16  3.56e+00 *3.51e-03  8.81e+00 2.47e-01 4.34e+00  1.28e-01 1.01e-01      2s
  15   1.17280713e+01  3.29571486e+01  3.32e+00 8.01e-16  3.50e+00 *7.99e-02  2.67e+01 1.86e+00 4.22e+00  2.22e-01 1.87e-02      2s
  16   1.19784156e+01  3.31354069e+01  3.28e+00 9.95e-16  3.46e+00 *1.14e-01  2.83e+01 2.17e+00 4.20e+00  2.38e-01 9.46e-03      3s
  17   1.22748150e+01  3.33461202e+01  3.25e+00 1.05e-15  3.43e+00 *3.09e-03  2.90e+01 2.33e+00 4.20e+00  2.48e-01 1.11e-02      3s
  18   1.25348292e+01  3.35021039e+01  3.21e+00 8.01e-16  3.40e+00 *2.45e-01  2.96e+01 2.53e+00 4.19e+00  2.55e-01 1.03e-02      3s
  19   1.27923006e+01  3.36410538e+01  3.18e+00 1.28e-15  3.36e+00 *3.56e-01  3.06e+01 2.72e+00 4.18e+00  2.62e-01 1.06e-02      4s
  20   7.39447632e+00  3.36410538e+01  3.68e+00 6.38e-16  1.84e+00  4.18e+00  3.19e+01 2.92e+00 4.18e+00  1.00e+00 5.02e-01      4s
  21   7.76960206e+00  3.39853934e+01  3.64e+00 4.58e-16  1.82e+00 *1.02e-02  3.47e+01 1.75e+00 4.28e+00  1.61e-01 1.20e-02      5s
  22   8.04754492e+00  3.42103851e+01  3.60e+00 7.69e-16  1.80e+00 *2.00e-02  3.53e+01 2.01e+00 4.27e+00  1.72e-01 9.03e-03      5s
  23   8.34925694e+00  3.44349175e+01  3.57e+00 1.35e-15  1.78e+00 *1.92e-02  3.56e+01 2.21e+00 4.27e+00  1.79e-01 9.89e-03      6s
  24   8.67056504e+00  3.46558621e+01  3.53e+00 5.55e-16  1.77e+00 *4.65e-04  3.59e+01 2.45e+00 4.26e+00  1.83e-01 1.06e-02      6s
  25   9.02534953e+00  3.48778808e+01  3.49e+00 1.02e-15  1.74e+00 *4.57e-03  3.61e+01 2.71e+00 4.25e+00  1.91e-01 1.19e-02      7s
  26   9.42171343e+00  3.51017127e+01  3.44e+00 6.34e-16  1.72e+00 *1.57e-02  3.62e+01 3.03e+00 4.25e+00  2.02e-01 1.34e-02      7s
  27   9.86689094e+00  3.53272967e+01  3.39e+00 6.09e-16  1.69e+00 *2.52e-02  3.64e+01 3.40e+00 4.24e+00  2.14e-01 1.53e-02      8s
  28   1.03658960e+01  3.55534298e+01  3.33e+00 1.62e-15  1.66e+00 *2.69e-02  3.65e+01 3.86e+00 4.23e+00  2.25e-01 1.75e-02      8s
  29   1.09252010e+01  3.57788723e+01  3.26e+00 1.51e-15  1.63e+00 *2.40e-02  3.66e+01 4.41e+00 4.22e+00  2.37e-01 1.99e-02      9s
  30   1.15610170e+01  3.60045625e+01  3.19e+00 9.26e-16  1.59e+00 *2.49e-02  3.65e+01 5.09e+00 4.20e+00  2.52e-01 2.31e-02      9s
  31   1.22917386e+01  3.62306135e+01  3.10e+00 1.12e-15  1.55e+00 *2.71e-02  3.65e+01 5.95e+00 4.19e+00  2.69e-01 2.73e-02     10s
  32   1.31317254e+01  3.64554414e+01  3.00e+00 1.32e-15  1.50e+00 *2.04e-02  3.63e+01 7.04e+00 4.18e+00  2.87e-01 3.22e-02     10s
  33   1.40885830e+01  3.66756871e+01  2.89e+00 1.34e-15  1.44e+00 *4.92e-04  3.60e+01 8.46e+00 4.16e+00  3.04e-01 3.78e-02     11s
  34   1.52672673e+01  3.69012297e+01  2.75e+00 2.09e-15  1.37e+00 *2.34e-02  3.54e+01 1.03e+01 4.14e+00  3.39e-01 4.86e-02     11s
  35   1.66543604e+01  3.71216813e+01  2.58e+00 2.48e-15  1.29e+00 *1.23e-03  3.49e+01 1.30e+01 4.11e+00  3.64e-01 5.99e-02     12s
  36   1.83711523e+01  3.73416606e+01  2.38e+00 3.06e-15  1.19e+00 *5.73e-04  3.40e+01 1.67e+01 4.08e+00  4.04e-01 7.89e-02     12s
  37   2.05673286e+01  3.75617310e+01  2.12e+00 2.90e-15  1.06e+00 *6.83e-05  3.29e+01 2.26e+01 4.04e+00  4.56e-01 1.10e-01     13s
  38   2.05672589e+01  3.75617310e+01  2.12e+00 2.90e-15  1.06e+00  3.99e+00  3.16e+01 3.25e+01 3.99e+00  1.00e+00 4.08e-06     13s

The solution quality is limited by the precision of the linear system solver.

The algorithm stopped after 39 iterations in 13.31 seconds.

Primal variables:   [+0.0872 +0.1116 +2.5461 +0.5278]
Dual slacks:        [+3.9911 +3.0932 +0.0547 +0.4287]
Dual variables:     [-4.5825 +8.4908]

Primal objective:   2.05672589e+01 
Dual objective:     3.75617310e+01 

Primal residual:    2.12e+00
Dual residual:      2.90e-15
Complementraty:     1.06e+00

Number of Iter:     39
Run time:           13.31
