
--------------- Linear optimization problem characteristics ---------------
Seed:                    85
Number of variables:     4
Number of constraints:   2

Norm of primal sol:      5.00e+00
Norm of dual sol:        1.00e+01
Norm of dual slacks:     5.00e+00

Norm of vector b:        4.10e+00
Norm of vector c:        1.27e+01

Norm of matrix A:        1.00e+00
Condition number:        1.00e+00

----------------------- Linear optimization problem -----------------------
Coeff matrix A:          [[+0.435 +0.744 -0.419 -0.285]
                          [+0.336 -0.626 -0.348 -0.611]]

RHS vector b:            [+4.043 -0.686]
Obj vector c:            [-3.988 -8.039 +5.893 +6.759]

---------------------------- Optimal solution -----------------------------
Primal variables:         [+3.866 +3.171 +0.000 +0.000]
Dual slacks:              [+0.000 +0.000 +2.075 +4.549]
Dual variables:           [-9.948 +1.016]

Optimal objective:       -4.09131308e+01
===========================================================================

Method:                  II-QIPM
LO_Precision:            1.00e-02
Stop_Precision:          1.00e-03
LO_Verbosity:            2
Omega:                   1.00e+02

The Quantum Inexact Infeasible Interior-Point Method starts running ...


                  Objective                Residual                                Linear system           Step-length
Iter      Primal           Dual         Primal    Dual     Compl    ||Resl||  Cond-Num  ||M||   ||RHS||    a-star   a-hat      Time
   0   2.34361718e+02 -2.37916564e+02  3.85e+01 5.85e+01  1.28e+04 *7.11e-15  1.00e+00 1.00e+00 1.47e+02  8.14e-01 7.08e-01      0s
   1   1.81589718e+02 -2.37916564e+02  3.58e+01 5.56e+01  1.23e+04  1.26e+02  1.56e+01 3.65e+00 1.26e+02  4.30e-01 5.00e-02      0s
   2   2.19916616e+02 -4.30082098e+02  1.42e+01 2.14e+01  5.35e+03 *7.27e-01  1.85e+01 4.28e+00 1.54e+02  7.99e-01 6.15e-01      1s
   3   1.94193362e+02 -4.92715363e+02  8.67e+00 1.30e+01  3.50e+03 *8.41e-02  8.76e+01 7.36e+00 9.23e+01  9.86e-01 3.92e-01      2s
   4   1.43116479e+02 -5.37168158e+02  1.99e+00 2.98e+00  1.27e+03 *3.68e-03  1.62e+02 8.89e+00 6.11e+01  1.00e+00 7.71e-01      3s
   5   8.11462065e+01 -2.94887828e+02  2.97e-03 7.94e-15  3.76e+02 *2.97e-03  5.88e+02 1.38e+01 1.52e+01  1.00e+00 1.00e+00     11s
   6   5.96050073e+01 -1.37964134e+02  3.56e-03 8.89e-15  1.97e+02  5.44e-03  6.96e+02 1.95e+01 3.02e+00  8.44e-01 5.27e-01     19s
   7   5.20984822e+01 -1.19822867e+02  4.60e-03 8.06e-15  1.72e+02  1.10e-02  3.30e+02 2.17e+01 3.19e+00  7.50e-01 1.44e-01     22s
   8   4.53464684e+01 -1.06166165e+02  4.85e-03 7.87e-15  1.51e+02  6.56e-03  2.63e+02 2.09e+01 3.22e+00  7.36e-01 1.32e-01     26s
   9   3.89062123e+01 -9.52018026e+01  9.77e-03 5.04e-15  1.34e+02  4.34e-02  2.10e+02 2.00e+01 3.26e+00  7.31e-01 1.28e-01     27s
  10   3.31439486e+01 -8.65736295e+01  8.76e-03 6.23e-15  1.20e+02  1.31e-03  1.68e+02 1.91e+01 3.28e+00  7.14e-01 1.19e-01     29s
  11   2.77594186e+01 -7.95552628e+01  7.98e-03 4.94e-15  1.07e+02  1.94e-03  1.35e+02 1.82e+01 3.31e+00  7.07e-01 1.15e-01     30s
  12   2.26526974e+01 -7.37419111e+01  7.73e-03 5.77e-15  9.64e+01  5.79e-03  1.08e+02 1.72e+01 3.33e+00  7.03e-01 1.13e-01     31s
  13   1.77285408e+01 -6.88558825e+01  8.98e-03 4.88e-15  8.66e+01  1.88e-02  8.62e+01 1.63e+01 3.35e+00  7.03e-01 1.13e-01     32s
  14   1.29853604e+01 -6.47316765e+01  9.82e-03 6.04e-15  7.77e+01  1.63e-02  6.82e+01 1.53e+01 3.36e+00  7.05e-01 1.14e-01     33s
  15   7.64575799e+00 -6.09006789e+01  3.16e-02 4.83e-15  6.85e+01  1.75e-01  5.35e+01 1.44e+01 3.38e+00  7.40e-01 1.32e-01     33s
  16   2.93562045e+00 -5.78319500e+01  3.50e-02 5.48e-15  6.07e+01  5.84e-02  4.04e+01 1.34e+01 3.39e+00  7.27e-01 1.26e-01     34s
  17  -9.64628206e+00 -5.25824529e+01  3.16e-01 4.16e-15  4.25e+01  8.61e-01  3.05e+01 1.24e+01 3.40e+00  9.63e-01 3.40e-01     34s
  18  -4.03375073e+00 -5.25824529e+01  3.45e+00 0.00e+00  4.25e+00  3.45e+00  1.60e+01 9.97e+00 3.45e+00  1.00e+00 1.00e+00     34s
  19  -7.49192162e+00 -4.49236529e+01  3.12e+00 7.69e-16  3.28e+00  1.28e-01  8.36e+00 9.81e-01 4.04e+00  1.23e-01 9.51e-02     34s
  20  -7.73901377e+00 -4.48204460e+01  3.10e+00 1.27e-15  3.26e+00  1.39e-01  1.79e+00 1.41e+00 3.96e+00  1.95e-01 7.34e-03     34s
  21  -7.93052145e+00 -4.47444318e+01  3.08e+00 1.34e-15  3.24e+00  1.37e-01  1.72e+00 1.44e+00 3.95e+00  2.02e-01 5.73e-03     34s
  22  -8.13334427e+00 -4.46670217e+01  3.07e+00 2.78e-16  3.22e+00  1.22e-01  1.68e+00 1.47e+00 3.95e+00  2.07e-01 6.10e-03     34s
  23  -8.34949034e+00 -4.45878062e+01  3.05e+00 1.18e-15  3.20e+00  9.99e-02  1.64e+00 1.50e+00 3.95e+00  2.14e-01 6.53e-03     35s
  24  -8.58079570e+00 -4.45064884e+01  3.02e+00 4.00e-16  3.18e+00  7.50e-02  1.60e+00 1.54e+00 3.94e+00  2.20e-01 7.03e-03     35s
  25  -8.82836980e+00 -4.44230621e+01  3.00e+00 1.22e-15  3.16e+00  5.10e-02  1.57e+00 1.58e+00 3.94e+00  2.28e-01 7.57e-03     35s
  26  -9.09399067e+00 -4.43373180e+01  2.98e+00 2.29e-15  3.14e+00  3.11e-02  1.55e+00 1.63e+00 3.94e+00  2.35e-01 8.18e-03     35s
  27  -9.37812077e+00 -4.42495143e+01  2.95e+00 2.00e-15  3.11e+00  1.67e-02  1.53e+00 1.68e+00 3.93e+00  2.43e-01 8.82e-03     35s
  28  -9.68170489e+00 -4.41597642e+01  2.92e+00 1.25e-15  3.08e+00  8.21e-03  1.51e+00 1.75e+00 3.93e+00  2.51e-01 9.51e-03     35s
  29  -1.00061157e+01 -4.40680897e+01  2.89e+00 1.53e-15  3.05e+00  4.55e-03  1.51e+00 1.82e+00 3.92e+00  2.59e-01 1.03e-02     35s
  30  -1.03530207e+01 -4.39744853e+01  2.86e+00 2.05e-15  3.02e+00  3.54e-03  1.51e+00 1.91e+00 3.92e+00  2.68e-01 1.11e-02     35s
  31  -1.07252531e+01 -4.38787041e+01  2.83e+00 1.93e-15  2.99e+00  2.34e-03  1.52e+00 2.02e+00 3.91e+00  2.77e-01 1.20e-02     35s
  32  -1.11259572e+01 -4.37805248e+01  2.79e+00 1.52e-15  2.95e+00  2.08e-03  1.55e+00 2.14e+00 3.91e+00  2.87e-01 1.31e-02     35s
  33  -1.15611387e+01 -4.36791543e+01  2.75e+00 7.11e-16  2.91e+00  1.21e-02  1.58e+00 2.29e+00 3.90e+00  2.99e-01 1.44e-02     36s
  34  -1.20375898e+01 -4.35738340e+01  2.70e+00 1.15e-15  2.87e+00  2.85e-02  1.62e+00 2.46e+00 3.89e+00  3.12e-01 1.61e-02     36s
  35  -1.25631059e+01 -4.34638183e+01  2.66e+00 1.17e-15  2.82e+00  4.88e-02  1.67e+00 2.66e+00 3.89e+00  3.26e-01 1.80e-02     36s
  36  -1.31454280e+01 -4.33486372e+01  2.60e+00 2.02e-15  2.77e+00  6.67e-02  1.73e+00 2.90e+00 3.88e+00  3.42e-01 2.03e-02     36s
  37  -1.37880197e+01 -4.32289030e+01  2.54e+00 1.69e-15  2.71e+00  7.24e-02  1.80e+00 3.18e+00 3.87e+00  3.58e-01 2.29e-02     36s
  38  -1.44879159e+01 -4.31064815e+01  2.48e+00 2.54e-15  2.65e+00  5.58e-02  1.88e+00 3.53e+00 3.86e+00  3.74e-01 2.56e-02     36s
  39  -1.52371030e+01 -4.29839148e+01  2.41e+00 2.48e-15  2.58e+00  1.31e-02  1.98e+00 3.94e+00 3.85e+00  3.89e-01 2.81e-02     36s
  40  -1.60298656e+01 -4.28629684e+01  2.33e+00 1.93e-15  2.50e+00  4.80e-02  2.08e+00 4.43e+00 3.84e+00  4.04e-01 3.07e-02     36s
  41  -1.68746232e+01 -4.27429622e+01  2.25e+00 2.45e-15  2.42e+00  1.06e-01  2.21e+00 5.02e+00 3.83e+00  4.21e-01 3.39e-02     36s
  42  -1.78044222e+01 -4.26199139e+01  2.17e+00 3.57e-15  2.34e+00  1.30e-01  2.35e+00 5.72e+00 3.81e+00  4.43e-01 3.87e-02     36s
  43  -1.88977997e+01 -4.24848385e+01  2.06e+00 2.57e-15  2.24e+00  8.85e-02  2.51e+00 6.59e+00 3.80e+00  4.75e-01 4.72e-02     36s
  44  -2.02754614e+01 -4.23262147e+01  1.94e+00 2.91e-15  2.10e+00  3.71e-03  2.69e+00 7.74e+00 3.78e+00  5.19e-01 6.24e-02     36s
  45  -2.19612892e+01 -4.21487084e+01  1.78e+00 1.99e-15  1.94e+00  3.96e-02  2.88e+00 9.39e+00 3.76e+00  5.65e-01 8.14e-02     37s
  46  -1.48209665e+01 -4.21487084e+01  2.53e+00 1.41e-15  1.27e+00  3.74e+00  3.09e+00 1.18e+01 3.74e+00  1.00e+00 3.87e-01     37s
  47  -1.48172230e+01 -4.21487084e+01  2.53e+00 1.41e-15  1.27e+00  3.86e+00  3.29e+00 8.14e+00 3.86e+00  1.00e+00 2.98e-04     37s

The solution quality is limited by the precision of the linear system solver.

The algorithm stopped after 48 iterations in 36.82 seconds.

Primal variables:   [+1.7557 +1.1884 +0.1969 +0.0856]
Dual slacks:        [+0.2038 +0.1412 +1.8748 +4.3483]
Dual variables:     [-10.2832 +0.8433]

Primal objective:   -1.48172230e+01
Dual objective:     -4.21487084e+01

Primal residual:    2.53e+00
Dual residual:      1.41e-15
Complementraty:     1.27e+00

Number of Iter:     48
Run time:           36.82
