
--------------- Linear optimization problem characteristics ---------------
Seed:                    26
Number of variables:     4
Number of constraints:   2

Norm of primal sol:      5.00e+00
Norm of dual sol:        1.00e+01
Norm of dual slacks:     5.00e+00

Norm of vector b:        2.76e+00
Norm of vector c:        1.24e+01

Norm of matrix A:        1.00e+00
Condition number:        1.00e+00

----------------------- Linear optimization problem -----------------------
Coeff matrix A:          [[+0.782 +0.153 -0.339 +0.500]
                          [-0.326 -0.698 -0.151 +0.619]]

RHS vector b:            [-0.976 -2.580]
Obj vector c:            [+9.895 +5.666 -1.621 +4.496]

---------------------------- Optimal solution -----------------------------
Primal variables:         [+0.000 +2.800 +4.142 +0.000]
Dual slacks:              [+1.817 +0.000 +0.000 +4.658]
Dual variables:           [+7.649 -6.442]

Optimal objective:       +9.15146530e+00
===========================================================================

Method:                  II-QIPM
LO_Precision:            1.00e-02
Stop_Precision:          1.00e-03
LO_Verbosity:            2
Omega:                   1.00e+02

The Quantum Inexact Infeasible Interior-Point Method starts running ...


                  Objective                Residual                                Linear system           Step-length
Iter      Primal           Dual         Primal    Dual     Compl    ||Resl||  Cond-Num  ||M||   ||RHS||    a-star   a-hat      Time
   0   8.99814477e+02 -2.12482900e+01  4.28e+01 6.66e+01  1.51e+04 *1.42e-14  1.00e+00 1.00e+00 1.23e+02  7.65e-01 6.51e-01      0s
   1   8.72008782e+02 -2.12482900e+01  4.00e+01 6.44e+01  1.46e+04  7.12e+01  3.45e+00 2.28e+00 7.12e+01  4.19e-01 3.42e-02      0s
   2   8.50043891e+02 -2.12482900e+01  3.78e+01 6.27e+01  1.42e+04  8.48e+01  3.66e+00 2.46e+00 8.48e+01  3.99e-01 2.56e-02      0s
   3   8.29176054e+02 -2.12482900e+01  3.58e+01 6.13e+01  1.39e+04  9.67e+01  3.85e+00 2.61e+00 9.67e+01  3.83e-01 2.32e-02      0s
   4   7.88561269e+02 -2.82590935e+01  3.08e+01 5.27e+01  1.22e+04  2.24e-01  4.04e+00 2.77e+00 1.09e+02  7.32e-01 1.40e-01      1s
   5   7.49611116e+02 -3.35177932e+01  2.56e+01 4.38e+01  1.03e+04  5.68e-02  4.79e+00 3.54e+00 1.29e+02  7.72e-01 1.69e-01      1s
   6   7.11769827e+02 -3.67028926e+01  2.01e+01 3.48e+01  8.38e+03  1.42e+00  5.71e+00 4.73e+00 1.53e+02  8.13e-01 2.06e-01      1s
   7   6.75097439e+02 -3.58153244e+01  1.42e+01 2.49e+01  6.21e+03  6.11e-01  6.86e+00 6.69e+00 1.81e+02  8.82e-01 2.84e-01      1s
   8   6.35596380e+02 -3.03651577e+01  7.64e+00 1.46e+01  3.90e+03  2.21e+00  8.25e+00 1.06e+01 2.13e+02  9.43e-01 4.12e-01      1s
   9   5.61457193e+02 -9.99449135e+00  8.58e-02 4.62e-15  5.71e+02  8.58e-02  9.98e+00 2.01e+01 2.42e+02  1.00e+00 1.00e+00      1s
  10   6.04442863e+01 -9.43298508e+00  1.03e-01 1.36e-15  6.94e+01  1.06e-01  1.23e+01 1.80e+02 5.80e+00  1.00e+00 9.76e-01      2s
  11   4.89210913e+01 -8.99701609e+00  7.61e-02 0.00e+00  5.76e+01 *7.80e-02  1.12e+01 1.70e+01 2.75e+00  8.12e-01 1.89e-01      2s
  12   4.16290733e+01 -8.56425028e+00  6.50e-02 3.14e-16  4.99e+01 *2.69e-03  1.09e+01 1.32e+01 2.68e+00  7.60e-01 1.48e-01      2s
  13   3.62933206e+01 -8.13144134e+00  5.41e-02 1.27e-15  4.42e+01 *6.50e-02  1.07e+01 1.07e+01 2.63e+00  7.28e-01 1.27e-01      2s
  14   3.22220059e+01 -7.69473918e+00  4.69e-02 1.02e-15  3.98e+01 *1.08e-01  1.05e+01 9.07e+00 2.59e+00  7.00e-01 1.11e-01      2s
  15   2.90875461e+01 -7.25091167e+00  4.35e-02 1.84e-15  3.63e+01 *9.16e-02  1.03e+01 7.87e+00 2.56e+00  6.73e-01 9.81e-02      3s
  16   2.66327329e+01 -6.79783734e+00  4.10e-02 2.00e-15  3.34e+01 *5.05e-02  1.02e+01 6.98e+00 2.54e+00  6.50e-01 8.79e-02      3s
  17   2.46560249e+01 -6.33234671e+00  3.80e-02 2.22e-15  3.10e+01 *1.09e-02  1.01e+01 6.30e+00 2.53e+00  6.31e-01 8.07e-02      3s
  18   2.30050281e+01 -5.85114621e+00  3.50e-02 2.58e-15  2.89e+01 *3.84e-03  9.93e+00 5.77e+00 2.51e+00  6.19e-01 7.62e-02      3s
  19   2.15690366e+01 -5.35105110e+00  3.28e-02 1.33e-15  2.70e+01 *1.66e-02  9.79e+00 5.34e+00 2.50e+00  6.13e-01 7.40e-02      3s
  20   2.02834421e+01 -4.82829092e+00  3.22e-02 2.01e-15  2.52e+01 *5.43e-02  9.65e+00 5.00e+00 2.49e+00  6.12e-01 7.34e-02      4s
  21   1.91239551e+01 -4.27896907e+00  3.34e-02 8.88e-16  2.35e+01 *8.30e-02  9.53e+00 4.72e+00 2.49e+00  6.13e-01 7.37e-02      4s
  22   1.80846655e+01 -3.69840437e+00  3.56e-02 1.31e-15  2.19e+01 *8.91e-02  9.41e+00 4.50e+00 2.48e+00  6.16e-01 7.46e-02      4s
  23   1.71658813e+01 -3.07971146e+00  3.69e-02 6.38e-16  2.04e+01 *6.74e-02  9.27e+00 4.33e+00 2.47e+00  6.20e-01 7.63e-02      4s
  24   1.63698818e+01 -2.41588618e+00  3.53e-02 1.11e-15  1.90e+01 *2.09e-02  9.10e+00 4.19e+00 2.47e+00  6.27e-01 7.90e-02      4s
  25   1.56575956e+01 -1.69680637e+00  3.20e-02 1.84e-15  1.75e+01 *4.21e-03  8.88e+00 4.09e+00 2.46e+00  6.39e-01 8.42e-02      5s
  26   1.49377283e+01 -9.16897313e-01  3.32e-02 1.96e-15  1.61e+01 *5.26e-02  8.61e+00 4.02e+00 2.46e+00  6.62e-01 9.33e-02      5s
  27   1.42314330e+01 -6.21736845e-02  3.68e-02 1.55e-15  1.45e+01 *7.52e-02  8.34e+00 3.99e+00 2.46e+00  6.88e-01 1.05e-01      5s
  28   1.36374139e+01  8.95248963e-01  3.29e-02 2.11e-15  1.30e+01 *4.69e-03  8.03e+00 4.01e+00 2.46e+00  7.13e-01 1.19e-01      5s
  29   1.66702358e-01  8.95248963e-01  2.45e+00 0.00e+00  1.30e+00  2.45e+00  7.58e+00 4.07e+00 2.45e+00  1.00e+00 1.00e+00      5s
  30   3.47329218e-01  3.68475528e+00  2.39e+00 6.87e-16  1.19e+00 *3.89e-02  1.66e+01 6.53e-01 2.73e+00  7.43e-02 2.79e-02      6s
  31   3.67548350e-01  3.82342532e+00  2.38e+00 7.77e-16  1.19e+00 *1.96e-02  1.08e+01 7.69e-01 2.72e+00  8.29e-02 2.41e-03      6s
  32   3.85922388e-01  3.95405121e+00  2.37e+00 1.64e-15  1.19e+00 *1.13e-01  1.05e+01 7.81e-01 2.72e+00  8.72e-02 2.44e-03      6s
  33   4.06337933e-01  4.08524901e+00  2.37e+00 4.97e-16  1.18e+00 *5.32e-02  1.02e+01 7.94e-01 2.72e+00  8.66e-02 2.51e-03      6s
  34   4.28685002e-01  4.21615562e+00  2.36e+00 1.02e-15  1.18e+00 *1.19e-03  9.88e+00 8.06e-01 2.72e+00  8.64e-02 2.58e-03      7s
  35   4.50528942e-01  4.34725169e+00  2.36e+00 1.10e-15  1.18e+00 *8.25e-02  9.57e+00 8.19e-01 2.72e+00  9.06e-02 2.77e-03      7s
  36   4.73647010e-01  4.47844907e+00  2.35e+00 6.71e-16  1.17e+00 *7.47e-02  9.27e+00 8.33e-01 2.72e+00  9.20e-02 2.90e-03      7s
  37   4.99601714e-01  4.60949434e+00  2.34e+00 6.71e-16  1.17e+00 *3.77e-03  8.97e+00 8.49e-01 2.72e+00  9.12e-02 2.97e-03      7s
  38   5.25830710e-01  4.74071474e+00  2.33e+00 1.23e-15  1.17e+00 *4.61e-02  8.66e+00 8.64e-01 2.72e+00  9.47e-02 3.17e-03      7s
  39   5.52482965e-01  4.87180782e+00  2.33e+00 1.68e-15  1.16e+00 *8.53e-02  8.35e+00 8.80e-01 2.72e+00  9.80e-02 3.38e-03      8s
  40   5.82532133e-01  5.00316520e+00  2.32e+00 1.12e-15  1.16e+00 *1.21e-02  8.06e+00 8.98e-01 2.72e+00  9.76e-02 3.50e-03      8s
  41   5.82532077e-01  5.00316520e+00  2.32e+00 1.12e-15  1.16e+00  2.71e+00  7.75e+00 9.17e-01 2.71e+00  1.00e+00 1.12e-07      8s

The solution quality is limited by the precision of the linear system solver.

The algorithm stopped after 42 iterations in 8.35 seconds.

Primal variables:   [+0.1215 +0.2281 +1.4019 +0.0802]
Dual slacks:        [+2.4191 +1.1588 +0.2181 +3.6850]
Dual variables:     [+7.5624 -4.8011]

Primal objective:   5.82532077e-01 
Dual objective:     5.00316520e+00 

Primal residual:    2.32e+00
Dual residual:      1.12e-15
Complementraty:     1.16e+00

Number of Iter:     42
Run time:           8.35
