
--------------- Linear optimization problem characteristics ---------------
Seed:                    94
Number of variables:     4
Number of constraints:   2

Norm of primal sol:      5.00e+00
Norm of dual sol:        1.00e+01
Norm of dual slacks:     5.00e+00

Norm of vector b:        4.45e+00
Norm of vector c:        1.28e+01

Norm of matrix A:        1.00e+00
Condition number:        1.00e+00

----------------------- Linear optimization problem -----------------------
Coeff matrix A:          [[+0.549 -0.093 +0.553 +0.620]
                          [+0.761 -0.272 -0.170 -0.564]]

RHS vector b:            [+3.895 +2.157]
Obj vector c:            [-9.207 +6.965 -0.751 +5.403]

---------------------------- Optimal solution -----------------------------
Primal variables:         [+3.609 +0.000 +3.461 +0.000]
Dual slacks:              [+0.000 +4.101 +0.000 +2.860]
Dual variables:           [-4.163 -9.092]

Optimal objective:       -3.58264749e+01
===========================================================================

Method:                  IR-II-QIPM
IR_Precision:            1.00e-02
LO_Precision:            1.00e-01
Stop_Precision:          1.00e-03
LO_Verbosity:            2
Omega:                   1.00e+02

The Iterative Refinement algorithm starts running ...


The Quantum Inexact Infeasible Interior-Point Method starts running ...


                  Objective                Residual                                Linear system           Step-length
Iter      Primal           Dual         Primal    Dual     Compl    ||Resl||  Cond-Num  ||M||   ||RHS||    a-star   a-hat      Time
   0   3.57050300e+02 -5.05895017e+02  3.69e+01 4.56e+01  1.05e+04 *4.62e-14  1.00e+00 1.00e+00 1.79e+02  8.66e-01 7.71e-01      0s
   1   3.36013149e+02 -5.26212400e+02  2.92e+01 3.59e+01  8.47e+03 *9.45e-01  5.63e+00 1.01e+00 2.97e+01  8.32e-01 2.13e-01      0s
   2   6.18306526e+02 -5.26212400e+02  2.16e+01 6.15e+00  2.69e+03  2.48e+01  7.65e+00 1.03e+00 2.48e+01  1.00e+00 8.29e-01      0s
   3   3.03765970e+02 -5.01760918e+02  1.07e+01 3.03e+00  1.52e+03  5.38e-03  4.52e+01 3.46e+00 3.95e+01  1.00e+00 5.07e-01      1s
   4   1.82819831e+02 -4.56616653e+02  6.65e+00 1.89e+00  1.03e+03  1.18e-02  3.71e+01 1.79e+00 1.36e+01  1.00e+00 3.76e-01      2s
   5   1.08985648e+02 -3.98510519e+02  4.24e+00 1.21e+00  7.19e+02  1.47e-02  2.90e+01 1.16e+00 8.16e+00  1.00e+00 3.63e-01      2s
   6   5.69686150e+01 -3.26096788e+02  2.55e+00 7.26e-01  4.81e+02  1.25e-03  2.20e+01 8.06e-01 6.02e+00  1.00e+00 3.98e-01      2s
   7   1.63928450e+01 -2.34765229e+02  1.26e+00 3.59e-01  2.81e+02  3.47e-03  1.60e+01 5.87e-01 5.02e+00  1.00e+00 5.06e-01      2s
   8  -1.11522588e+01 -1.46857112e+02  4.02e-01 1.38e-01  1.38e+02  1.52e-01  1.13e+01 4.67e-01 4.50e+00  1.00e+00 6.16e-01      3s
   9  -2.86657107e+01 -4.82693630e+01  4.84e-03 2.89e-15  1.96e+01  4.84e-03  9.02e+00 4.97e-01 4.27e+00  1.00e+00 1.00e+00      3s
  10  -8.87931606e-01 -4.82693630e+01  4.09e+00 0.00e+00  2.05e+00  4.11e+00  3.18e+00 1.85e+00 4.11e+00  1.00e+00 9.95e-01      3s
  11  -1.12270253e+00 -4.72803612e+01  4.07e+00 1.42e-15  2.03e+00  6.48e-02  1.60e+00 1.35e-01 4.42e+00  6.87e-02 6.48e-03      3s
  12  -1.18413611e+00 -4.70561024e+01  4.06e+00 1.42e-15  2.03e+00  5.25e-02  1.63e+00 1.55e-01 4.41e+00  7.44e-02 1.73e-03      3s
  13  -1.24722397e+00 -4.68337821e+01  4.05e+00 1.88e-15  2.03e+00  4.95e-02  1.63e+00 1.60e-01 4.41e+00  7.60e-02 1.78e-03      3s
  14  -1.31255105e+00 -4.66116271e+01  4.04e+00 1.55e-15  2.02e+00  4.62e-02  1.64e+00 1.66e-01 4.41e+00  7.76e-02 1.85e-03      3s
  15  -1.38036164e+00 -4.63892382e+01  4.04e+00 1.60e-15  2.02e+00  4.24e-02  1.66e+00 1.72e-01 4.41e+00  7.93e-02 1.93e-03      4s
  16  -1.45078318e+00 -4.61666679e+01  4.03e+00 2.11e-15  2.01e+00  3.81e-02  1.67e+00 1.79e-01 4.41e+00  8.10e-02 2.01e-03      4s
  17  -1.52387757e+00 -4.59441913e+01  4.02e+00 1.33e-15  2.01e+00  3.32e-02  1.68e+00 1.86e-01 4.41e+00  8.29e-02 2.10e-03      4s
  18  -1.59985698e+00 -4.57216364e+01  4.01e+00 1.62e-15  2.01e+00  2.77e-02  1.70e+00 1.94e-01 4.41e+00  8.49e-02 2.19e-03      4s
  19  -1.67895220e+00 -4.54988403e+01  4.00e+00 1.02e-15  2.00e+00  2.18e-02  1.72e+00 2.02e-01 4.41e+00  8.69e-02 2.29e-03      4s
  20  -1.76124993e+00 -4.52760989e+01  3.99e+00 1.11e-15  2.00e+00  1.56e-02  1.73e+00 2.11e-01 4.41e+00  8.90e-02 2.39e-03      4s
  21  -1.84700716e+00 -4.50532694e+01  3.98e+00 2.11e-15  1.99e+00  9.26e-03  1.75e+00 2.21e-01 4.41e+00  9.13e-02 2.51e-03      4s
  22  -1.93632522e+00 -4.48306743e+01  3.97e+00 1.57e-15  1.99e+00  3.13e-03  1.78e+00 2.31e-01 4.41e+00  9.37e-02 2.62e-03      4s
  23  -2.02967702e+00 -4.46077580e+01  3.96e+00 2.14e-15  1.98e+00  2.48e-03  1.80e+00 2.42e-01 4.40e+00  9.61e-02 2.76e-03      5s
  24  -2.12720067e+00 -4.43848909e+01  3.95e+00 1.75e-15  1.97e+00  7.23e-03  1.82e+00 2.55e-01 4.40e+00  9.87e-02 2.89e-03      5s
  25  -2.22923818e+00 -4.41620143e+01  3.94e+00 2.26e-15  1.97e+00  1.08e-02  1.85e+00 2.68e-01 4.40e+00  1.01e-01 3.04e-03      5s
  26  -2.33616339e+00 -4.39390950e+01  3.92e+00 1.71e-15  1.96e+00  1.27e-02  1.88e+00 2.82e-01 4.40e+00  1.04e-01 3.20e-03      5s
  27  -2.44838536e+00 -4.37161251e+01  3.91e+00 1.69e-15  1.96e+00  1.29e-02  1.90e+00 2.97e-01 4.40e+00  1.07e-01 3.37e-03      5s
  28  -2.56647032e+00 -4.34928951e+01  3.90e+00 2.01e-15  1.95e+00  1.10e-02  1.93e+00 3.14e-01 4.40e+00  1.10e-01 3.56e-03      5s
  29  -2.69092551e+00 -4.32694430e+01  3.88e+00 2.30e-15  1.94e+00  7.02e-03  1.96e+00 3.33e-01 4.40e+00  1.13e-01 3.77e-03      5s
  30  -2.82244041e+00 -4.30455969e+01  3.87e+00 2.22e-15  1.93e+00  8.71e-04  2.00e+00 3.53e-01 4.40e+00  1.16e-01 3.99e-03      5s
  31  -2.96164844e+00 -4.28214226e+01  3.85e+00 2.13e-15  1.93e+00  7.31e-03  2.03e+00 3.75e-01 4.39e+00  1.20e-01 4.24e-03      6s
  32  -3.10924949e+00 -4.25969875e+01  3.83e+00 2.00e-15  1.92e+00  1.72e-02  2.07e+00 3.99e-01 4.39e+00  1.23e-01 4.51e-03      6s
  33  -3.26617512e+00 -4.23721271e+01  3.82e+00 2.12e-15  1.91e+00  2.85e-02  2.10e+00 4.26e-01 4.39e+00  1.27e-01 4.80e-03      6s
  34  -3.43347637e+00 -4.21466680e+01  3.80e+00 2.78e-15  1.90e+00  4.05e-02  2.14e+00 4.55e-01 4.39e+00  1.31e-01 5.14e-03      6s
  35  -3.61216379e+00 -4.19206437e+01  3.77e+00 2.26e-15  1.89e+00  5.24e-02  2.19e+00 4.88e-01 4.39e+00  1.35e-01 5.50e-03      6s
  36  -3.80317372e+00 -4.16942792e+01  3.75e+00 2.20e-15  1.88e+00  6.34e-02  2.23e+00 5.25e-01 4.38e+00  1.40e-01 5.90e-03      6s
  37  -4.00773279e+00 -4.14675204e+01  3.73e+00 3.21e-15  1.86e+00  7.21e-02  2.28e+00 5.66e-01 4.38e+00  1.45e-01 6.35e-03      6s
  38  -4.22699261e+00 -4.12404900e+01  3.70e+00 3.81e-15  1.85e+00  7.73e-02  2.33e+00 6.12e-01 4.38e+00  1.50e-01 6.85e-03      7s
  39  -4.46244709e+00 -4.10130287e+01  3.68e+00 3.87e-15  1.84e+00  7.79e-02  2.38e+00 6.64e-01 4.38e+00  1.56e-01 7.40e-03      7s
  40  -4.71525958e+00 -4.07854067e+01  3.65e+00 4.04e-15  1.82e+00  7.29e-02  2.44e+00 7.23e-01 4.37e+00  1.63e-01 8.02e-03      7s
  41  -4.98692771e+00 -4.05576684e+01  3.61e+00 4.40e-15  1.81e+00  6.21e-02  2.49e+00 7.90e-01 4.37e+00  1.70e-01 8.70e-03      7s
  42  -5.27849173e+00 -4.03303924e+01  3.58e+00 3.93e-15  1.79e+00  4.62e-02  2.55e+00 8.66e-01 4.37e+00  1.78e-01 9.45e-03      7s
  43  -5.59222334e+00 -4.01033881e+01  3.54e+00 3.17e-15  1.77e+00  2.71e-02  2.61e+00 9.52e-01 4.36e+00  1.87e-01 1.03e-02      7s
  44  -5.93067670e+00 -3.98767043e+01  3.50e+00 3.05e-15  1.75e+00  7.57e-03  2.66e+00 1.05e+00 4.36e+00  1.97e-01 1.13e-02      7s
  45  -6.29635798e+00 -3.96508700e+01  3.46e+00 2.65e-15  1.73e+00  9.72e-03  2.71e+00 1.16e+00 4.36e+00  2.07e-01 1.24e-02      7s
  46  -6.69401157e+00 -3.94254881e+01  3.41e+00 3.75e-15  1.71e+00  2.26e-02  2.76e+00 1.30e+00 4.35e+00  2.18e-01 1.36e-02      7s
  47  -7.12926543e+00 -3.92003597e+01  3.36e+00 2.80e-15  1.68e+00  2.97e-02  2.81e+00 1.45e+00 4.35e+00  2.30e-01 1.52e-02      8s
  48  -7.60931125e+00 -3.89752078e+01  3.30e+00 3.47e-15  1.65e+00  3.08e-02  2.86e+00 1.63e+00 4.34e+00  2.42e-01 1.70e-02      8s
  49  -8.14338217e+00 -3.87496645e+01  3.24e+00 4.21e-15  1.62e+00  2.58e-02  2.91e+00 1.85e+00 4.34e+00  2.56e-01 1.92e-02      8s
  50  -8.74280371e+00 -3.85235145e+01  3.17e+00 3.99e-15  1.58e+00  1.51e-02  2.95e+00 2.11e+00 4.33e+00  2.71e-01 2.19e-02      8s
  51  -8.74278986e+00 -3.85235145e+01  3.17e+00 3.99e-15  1.58e+00  4.32e+00  3.00e+00 2.43e+00 4.32e+00  1.00e+00 1.76e-06      8s

The solution quality is limited by the precision of the linear system solver.

The algorithm stopped after 52 iterations in 8.26 seconds.

Primal variables:   [+1.013 +0.100 +1.030 +0.123]
Dual slacks:        [+0.391 +4.031 +0.372 +3.268]
Dual variables:     [-4.843 -9.115]

Primal objective:   -8.74278986e+00
Dual objective:     -3.85235145e+01

Primal residual:    3.17e+00
Dual residual:      3.99e-15
Complementraty:     1.58e+00

Number of Iter:     52
Run time:           8.26

-------------------------------------------------------------------------------------------------------
                  Objective                Residual                        Step-length       
Iter      Primal           Dual         Primal    Dual     Compl    r error   r-bar    nabla     Time
   0  -8.74278986e+00 -3.85235145e+01  3.17e+00 0.00e+00  1.58e+00  2.70e+00 2.70e+00 5.00e-01     8s

The Quantum Inexact Infeasible Interior-Point Method starts running ...


                  Objective                Residual                                Linear system           Step-length
Iter      Primal           Dual         Primal    Dual     Compl    ||Resl||  Cond-Num  ||M||   ||RHS||    a-star   a-hat      Time
   0   2.60503369e+02 -2.42541015e+02  3.72e+01 4.52e+01  1.01e+04 *5.68e-14  1.00e+00 1.00e+00 1.78e+02  8.63e-01 7.72e-01      0s
   1   2.41130695e+02 -2.53235199e+02  3.03e+01 3.67e+01  8.42e+03  2.30e-01  6.06e+00 1.05e+00 3.62e+01  7.73e-01 1.87e-01      0s
   2   2.18835491e+02 -2.64795226e+02  2.45e+01 2.97e+01  6.96e+03  2.70e-01  8.14e+00 1.08e+00 3.11e+01  8.00e-01 1.91e-01      0s
   3   1.90411702e+02 -2.77899705e+02  1.90e+01 2.28e+01  5.50e+03  6.61e-01  1.05e+01 1.07e+00 2.56e+01  8.48e-01 2.33e-01      1s
   4   1.53407762e+02 -2.92314230e+02  1.34e+01 1.58e+01  3.99e+03  8.39e-01  1.34e+01 1.01e+00 1.94e+01  9.02e-01 3.06e-01      1s
   5   1.08409337e+02 -3.10833159e+02  8.21e+00 9.67e+00  2.59e+03  4.81e-03  1.70e+01 8.99e-01 1.26e+01  9.13e-01 3.89e-01      1s
   6   4.58534899e+01 -3.24377714e+02  2.40e+00 2.82e+00  9.85e+02  7.86e-04  2.09e+01 6.88e-01 6.78e+00  1.00e+00 7.08e-01      1s
   7   1.10255122e+01 -2.52760221e+02  8.37e-02 2.01e-14  2.48e+02  8.37e-02  2.65e+01 3.36e-01 2.63e+00  1.00e+00 1.00e+00      2s
   8   1.04669977e+01 -2.71169492e+01  7.10e-02 2.51e-14  3.64e+01  7.03e-02  2.88e+01 1.41e-01 2.17e+00  1.00e+00 9.32e-01      2s
   9   9.69290469e+00 -2.07274167e+01  5.90e-02 1.81e-14  2.97e+01  1.20e-02  2.38e+01 8.42e-01 2.09e+00  7.78e-01 2.02e-01      2s
  10   8.78016419e+00 -1.58002914e+01  4.75e-02 1.44e-14  2.42e+01  2.93e-03  2.00e+01 9.40e-01 2.08e+00  7.68e-01 2.06e-01      2s
  11   7.51588914e+00 -1.13330302e+01  4.11e-02 1.07e-14  1.86e+01  2.24e-02  1.62e+01 1.03e+00 2.07e+00  7.90e-01 2.54e-01      3s
  12   5.56375980e+00 -6.60438341e+00  4.02e-02 6.35e-15  1.21e+01  3.88e-02  1.22e+01 1.14e+00 2.07e+00  8.20e-01 3.91e-01      3s
  13   5.23340561e-01 -6.60438341e+00  2.06e+00 0.00e+00  1.21e+00  2.06e+00  7.51e+00 1.33e+00 2.06e+00  1.00e+00 1.00e+00      3s
  14   5.15567286e-01 -2.82811564e+00  1.95e+00 6.66e-16  9.74e-01  3.37e-02  2.57e+00 8.23e-02 2.21e+00  8.60e-02 5.21e-02      3s
  15   5.18828887e-01 -2.66332717e+00  1.93e+00 7.11e-16  9.67e-01  6.58e-02  4.44e+00 2.98e-01 2.19e+00  1.28e-01 6.91e-03      3s
  16   5.21477204e-01 -2.54515087e+00  1.92e+00 9.16e-16  9.62e-01  4.25e-02  4.60e+00 3.29e-01 2.19e+00  1.35e-01 5.35e-03      3s
  17   5.24343824e-01 -2.42849985e+00  1.91e+00 8.31e-16  9.57e-01  1.84e-02  4.70e+00 3.54e-01 2.19e+00  1.41e-01 5.57e-03      3s
  18   5.27412985e-01 -2.31309367e+00  1.90e+00 7.11e-16  9.51e-01  1.24e-04  4.80e+00 3.81e-01 2.19e+00  1.47e-01 5.84e-03      4s
  19   5.30665644e-01 -2.19822377e+00  1.89e+00 7.69e-16  9.45e-01  7.72e-03  4.89e+00 4.10e-01 2.19e+00  1.53e-01 6.19e-03      4s
  20   5.34092037e-01 -2.08295836e+00  1.88e+00 4.71e-16  9.39e-01  3.58e-03  4.97e+00 4.42e-01 2.18e+00  1.58e-01 6.66e-03      4s
  21   5.37687782e-01 -1.96644058e+00  1.86e+00 5.55e-16  9.32e-01  1.13e-02  5.06e+00 4.78e-01 2.18e+00  1.63e-01 7.26e-03      4s
  22   5.41444712e-01 -1.84824233e+00  1.85e+00 5.55e-16  9.25e-01  3.48e-02  5.15e+00 5.18e-01 2.18e+00  1.69e-01 8.02e-03      4s
  23   5.45372353e-01 -1.72807062e+00  1.83e+00 5.55e-16  9.17e-01  6.15e-02  5.26e+00 5.66e-01 2.18e+00  1.74e-01 8.93e-03      4s
  24   5.49498654e-01 -1.60675052e+00  1.82e+00 7.39e-16  9.08e-01  7.99e-02  5.39e+00 6.22e-01 2.18e+00  1.81e-01 9.88e-03      4s
  25   5.53909097e-01 -1.48560580e+00  1.80e+00 7.39e-16  8.98e-01  7.52e-02  5.53e+00 6.87e-01 2.17e+00  1.90e-01 1.08e-02      5s
  26   5.58680781e-01 -1.36592758e+00  1.77e+00 7.11e-16  8.87e-01  4.74e-02  5.67e+00 7.62e-01 2.17e+00  2.02e-01 1.15e-02      5s
  27   5.63782901e-01 -1.24849518e+00  1.75e+00 1.07e-15  8.77e-01  1.86e-02  5.78e+00 8.45e-01 2.17e+00  2.13e-01 1.23e-02      5s
  28   5.69189254e-01 -1.13238671e+00  1.73e+00 8.18e-16  8.65e-01  2.42e-03  5.85e+00 9.38e-01 2.17e+00  2.17e-01 1.33e-02      5s
  29   5.74897091e-01 -1.01671704e+00  1.70e+00 7.11e-16  8.52e-01  3.44e-03  5.91e+00 1.04e+00 2.16e+00  2.24e-01 1.47e-02      5s
  30   5.80908701e-01 -9.01123983e-01  1.68e+00 7.39e-16  8.38e-01  3.57e-03  5.96e+00 1.17e+00 2.16e+00  2.33e-01 1.63e-02      5s
  31   5.87249576e-01 -7.85165197e-01  1.65e+00 8.38e-16  8.23e-01  9.55e-04  5.99e+00 1.31e+00 2.16e+00  2.43e-01 1.85e-02      5s
  32   5.93934409e-01 -6.68856730e-01  1.61e+00 1.12e-15  8.05e-01  2.47e-03  6.02e+00 1.48e+00 2.15e+00  2.56e-01 2.11e-02      6s
  33   6.00976054e-01 -5.52408728e-01  1.57e+00 8.10e-16  7.86e-01  5.16e-03  6.03e+00 1.70e+00 2.15e+00  2.69e-01 2.42e-02      6s
  34   6.08413171e-01 -4.35761752e-01  1.53e+00 7.85e-16  7.64e-01  5.66e-03  6.04e+00 1.96e+00 2.14e+00  2.84e-01 2.81e-02      6s
  35   6.16256900e-01 -3.19442288e-01  1.48e+00 7.85e-16  7.39e-01  2.86e-03  6.02e+00 2.29e+00 2.14e+00  3.01e-01 3.30e-02      6s
  36   6.24523933e-01 -2.03727493e-01  1.42e+00 7.74e-16  7.10e-01  2.32e-03  5.98e+00 2.71e+00 2.13e+00  3.20e-01 3.91e-02      6s
  37   6.33211763e-01 -8.81286101e-02  1.35e+00 4.87e-16  6.76e-01  2.43e-03  5.90e+00 3.26e+00 2.12e+00  3.44e-01 4.77e-02      6s
  38   6.42280624e-01  2.94940686e-02  1.27e+00 5.93e-16  6.34e-01  1.46e-02  5.79e+00 4.00e+00 2.11e+00  3.80e-01 6.13e-02      7s
  39   6.51575273e-01  1.49919261e-01  1.16e+00 5.80e-16  5.82e-01  4.08e-02  5.68e+00 5.10e+00 2.10e+00  4.28e-01 8.25e-02      7s
  40   6.60940174e-01  2.72096260e-01  1.03e+00 3.85e-16  5.15e-01  5.84e-02  5.60e+00 6.86e+00 2.09e+00  4.85e-01 1.16e-01      7s
  41   6.69970148e-01  3.94749778e-01  8.51e-01 5.18e-16  4.25e-01  6.92e-02  5.52e+00 9.96e+00 2.07e+00  5.56e-01 1.73e-01      7s
  42   6.77613605e-01  5.15402550e-01  6.08e-01 2.93e-16  3.04e-01  7.30e-02  5.43e+00 1.63e+01 2.04e+00  6.48e-01 2.85e-01      7s
  43   6.82786134e-01  6.26323044e-01  2.76e-01 8.47e-17  1.38e-01  4.71e-02  5.23e+00 3.29e+01 2.00e+00  7.58e-01 5.49e-01      7s
  44   6.77503100e-01  6.64614594e-01  6.27e-02 3.82e-17  3.38e-02  3.47e-02  4.20e+00 1.18e+02 1.90e+00  9.86e-01 8.09e-01      7s

The algorithm stopped after 45 iterations in 7.22 seconds.

Primal variables:   [+1.794 +0.006 +1.619 +0.009]
Dual slacks:        [+0.003 +2.050 +0.003 +1.433]
Dual variables:     [+0.335 +0.011]

Primal objective:   6.77503100e-01 
Dual objective:     6.64614594e-01 

Primal residual:    6.27e-02
Dual residual:      3.82e-17
Complementraty:     3.38e-02

Number of Iter:     45
Run time:           7.22

-------------------------------------------------------------------------------------------------------
                  Objective                Residual                        Step-length       
Iter      Primal           Dual         Primal    Dual     Compl    r error   r-bar    nabla     Time
   1  -3.52866260e+01 -3.58650561e+01  1.25e-01 0.00e+00  1.35e-01  1.35e-01 2.00e-01 8.00e+00    15s

The Quantum Inexact Infeasible Interior-Point Method starts running ...


                  Objective                Residual                                Linear system           Step-length
Iter      Primal           Dual         Primal    Dual     Compl    ||Resl||  Cond-Num  ||M||   ||RHS||    a-star   a-hat      Time
   0   3.21343915e+03 -2.99651700e+03  3.13e+01 3.96e+01  1.36e+04 *4.26e-14  1.00e+00 1.00e+00 1.39e+02  9.07e-01 7.73e-01      0s
   1   1.40075185e+03 -2.99651700e+03  1.60e+01 0.00e+00  3.77e+03  1.60e+01  3.71e+00 9.93e-01 1.60e+01  1.00e+00 1.00e+00      0s
   2   2.13651415e+02 -1.87131277e+02  2.38e+00 2.25e-14  3.91e+02  9.08e-02  4.95e+00 6.28e-01 3.37e+01  8.90e-01 8.53e-01      0s
   3   1.56165238e+02 -1.26285173e+02  1.66e+00 1.51e-14  2.78e+02  2.09e-01  2.85e+00 6.64e+00 3.20e+01  8.66e-01 3.20e-01      0s
   4   8.66473979e+01 -6.36117343e+01  7.33e-01 1.04e-14  1.49e+02  3.46e-01  2.49e+00 9.62e+00 3.18e+01  9.92e-01 5.11e-01      0s
   5   1.27334715e+01 -4.83691190e+00  2.19e-01 2.78e-17  1.76e+01  2.32e-01  2.25e+00 1.88e+01 3.16e+01  1.00e+00 9.72e-01      0s
   6   3.35346266e+00  1.59807036e+00  2.18e-02 1.25e-17  1.75e+00  2.18e-02  2.07e+00 1.73e+02 3.13e+01  1.00e+00 1.00e+00      1s
   7   2.56353097e+00  2.38331129e+00  1.89e-01 0.00e+00  1.74e-01  1.89e-01  2.90e+00 1.62e+03 3.21e+01  1.00e+00 1.00e+00      1s
   8   2.54270467e+00  2.38331129e+00  3.45e-01 0.00e+00  1.73e-01  3.21e+01  3.05e+00 1.68e+04 3.21e+01  1.00e+00 9.04e-03      1s
   9   2.54269879e+00  2.38331129e+00  3.45e-01 0.00e+00  1.73e-01  3.21e+01  3.05e+00 1.67e+04 3.21e+01  1.00e+00 2.57e-06      1s

The solution quality is limited by the precision of the linear system solver.

The algorithm stopped after 10 iterations in 0.96 seconds.

Primal variables:   [+28.490 +0.001 +27.769 +0.002]
Dual slacks:        [+0.002 +32.810 +0.001 +22.881]
Dual variables:     [+0.074 +0.004]

Primal objective:   2.54269879e+00 
Dual objective:     2.38331129e+00 

Primal residual:    3.45e-01
Dual residual:      0.00e+00
Complementraty:     1.73e-01

Number of Iter:     10
Run time:           0.96

-------------------------------------------------------------------------------------------------------
                  Objective                Residual                        Step-length       
Iter      Primal           Dual         Primal    Dual     Compl    r error   r-bar    nabla     Time
   2  -3.53942873e+01 -3.58278168e+01  4.32e-02 0.00e+00  2.70e-03  3.81e-02 3.81e-02 3.20e+01    16s

The Quantum Inexact Infeasible Interior-Point Method starts running ...


                  Objective                Residual                                Linear system           Step-length
Iter      Primal           Dual         Primal    Dual     Compl    ||Resl||  Cond-Num  ||M||   ||RHS||    a-star   a-hat      Time
   0   4.45642881e+03 -4.70016547e+02  2.78e+01 3.99e+01  1.09e+04 *5.02e-15  1.00e+00 1.00e+00 1.32e+01  8.15e-01 7.25e-01      0s
   1   9.14474563e+02 -4.70016547e+02  2.83e+00 4.14e+00  1.97e+03  6.20e+00  3.28e+00 3.72e+00 6.20e+00  9.71e-01 8.96e-01      0s
   2   1.44052149e+02 -9.15413611e+01  7.17e+00 1.42e-14  2.31e+02 *7.17e+00  1.44e+01 5.20e+01 6.91e+01  1.00e+00 1.00e+00      0s
   3   1.31289400e+01 -6.20620015e+00  1.26e+00 6.94e-18  1.93e+01  1.26e+00  2.51e+00 2.17e+02 1.25e+02  1.00e+00 1.00e+00      0s
   4   2.33403842e+00  4.00140686e-01  1.49e+00 2.84e-14  1.93e+00  1.49e+00  2.40e+00 2.76e+03 1.25e+02  1.00e+00 1.00e+00      0s
   5   2.27771505e+00  4.00140686e-01  3.78e+00 2.84e-14  1.89e+00  1.28e+02  3.81e+00 2.62e+04 1.28e+02  1.00e+00 2.68e-02      1s
   6   2.27771130e+00  4.00140686e-01  3.78e+00 2.84e-14  1.89e+00  1.29e+02  3.81e+00 2.56e+04 1.29e+02  1.00e+00 1.83e-06      1s

The solution quality is limited by the precision of the linear system solver.

The algorithm stopped after 7 iterations in 0.79 seconds.

Primal variables:   [+113.798 +0.004 +105.622 +0.005]
Dual slacks:        [+0.004 +131.241 +0.005 +91.524]
Dual variables:     [+0.003 +0.001]

Primal objective:   2.27771130e+00 
Dual objective:     4.00140686e-01 

Primal residual:    3.78e+00
Dual residual:      2.84e-14
Complementraty:     1.89e+00

Number of Iter:     7
Run time:           0.79

The Iterative Refinement algorithm stopped after 4 iterations in 16.44 seconds.

Primal objective:   -3.53942873e+01
Dual objective:     -3.58278168e+01

Primal residual:    4.32e-02
Dual residual:      8.80e-05
Complementraty:     2.31e-03

Primal variables:   [+3.5613 +0.0002 +3.4712 +0.0002]
Dual slacks:        [+0.0001 +4.1013 +0.0001 +2.8601]
Dual variables:     [-4.1634 -9.0923]

Number of Iter:     3
Run time:           16.44
