
--------------- Linear optimization problem characteristics ---------------
Seed:                    52
Number of variables:     4
Number of constraints:   2

Norm of primal sol:      5.00e+00
Norm of dual sol:        1.00e+01
Norm of dual slacks:     5.00e+00

Norm of vector b:        7.39e-01
Norm of vector c:        1.24e+01

Norm of matrix A:        1.00e+00
Condition number:        1.00e+00

----------------------- Linear optimization problem -----------------------
Coeff matrix A:          [[-0.529 -0.683 -0.414 +0.288]
                          [-0.832 +0.534 +0.116 -0.094]]

RHS vector b:            [+0.692 -0.259]
Obj vector c:            [+7.677 +8.231 +4.302 -3.025]

---------------------------- Optimal solution -----------------------------
Primal variables:         [+0.000 +0.000 +1.613 +4.733]
Dual slacks:              [+4.997 +0.159 +0.000 +0.000]
Dual variables:           [-9.581 +2.865]

Optimal objective:       -7.37458795e+00
===========================================================================

Method:                  II-QIPM
LO_Precision:            1.00e-02
Stop_Precision:          1.00e-03
LO_Verbosity:            2
Omega:                   1.00e+02

The Quantum Inexact Infeasible Interior-Point Method starts running ...


                  Objective                Residual                                Linear system           Step-length
Iter      Primal           Dual         Primal    Dual     Compl    ||Resl||  Cond-Num  ||M||   ||RHS||    a-star   a-hat      Time
   0   7.03677351e+02  5.19076288e+01  5.48e+01 7.65e+01  1.69e+04  2.84e-14  1.00e+00 1.00e+00 1.39e+02  7.18e-01 6.01e-01      0s
   1   6.67032838e+02  5.19076288e+01  5.17e+01 7.42e+01  1.64e+04  6.23e+01  3.00e+00 1.33e+00 6.23e+01  3.97e-01 3.02e-02      0s
   2   6.37795127e+02  5.19076288e+01  4.93e+01 7.25e+01  1.61e+04  7.40e+01  3.24e+00 1.43e+00 7.40e+01  3.78e-01 2.25e-02      0s
   3   6.09503470e+02  5.19076288e+01  4.70e+01 7.10e+01  1.58e+04  8.41e+01  3.46e+00 1.52e+00 8.41e+01  3.64e-01 2.05e-02      0s
   4   5.82075866e+02  5.19076288e+01  4.48e+01 6.97e+01  1.55e+04  9.46e+01  3.68e+00 1.61e+00 9.46e+01  3.50e-01 1.88e-02      1s
   5   5.55386943e+02  5.19076288e+01  4.26e+01 6.85e+01  1.53e+04  1.05e+02  3.92e+00 1.71e+00 1.05e+02  3.38e-01 1.73e-02      1s
   6   5.01448615e+02  4.64208390e+01  3.77e+01 6.06e+01  1.37e+04 *3.83e-01  4.17e+00 1.81e+00 1.17e+02  6.85e-01 1.15e-01      1s
   7   4.46002396e+02  4.02461482e+01  3.27e+01 5.24e+01  1.20e+04 *2.72e-01  5.24e+00 2.25e+00 1.39e+02  7.16e-01 1.35e-01      1s
   8   3.88967082e+02  3.33707610e+01  2.74e+01 4.39e+01  1.02e+04 *1.62e-02  6.71e+00 2.88e+00 1.65e+02  7.50e-01 1.62e-01      1s
   9   3.30704144e+02  2.57868361e+01  2.19e+01 3.51e+01  8.34e+03 *4.52e-02  8.77e+00 3.86e+00 1.97e+02  7.90e-01 2.01e-01      1s
  10   2.71374102e+02  1.75608263e+01  1.61e+01 2.60e+01  6.34e+03 *6.29e-01  1.17e+01 5.51e+00 2.36e+02  8.35e-01 2.59e-01      1s
  11   2.47883195e+02  1.75608263e+01  1.43e+01 2.58e+01  6.30e+03  2.85e+02  1.57e+01 8.62e+00 2.85e+02  2.34e-01 7.63e-03      2s
  12   1.87520027e+02  6.86925023e+00  7.95e+00 1.47e+01  3.75e+03 *5.80e-01  1.65e+01 9.03e+00 3.02e+02  8.82e-01 4.32e-01      2s
  13   1.27948672e+02 -4.97118514e+00  1.39e+00 2.59e+00  8.01e+02 *2.96e-02  2.30e+01 1.90e+01 3.67e+02  9.44e-01 8.23e-01      2s
  14   9.86059132e+01 -6.41330437e+00  7.27e+00 1.07e+00  3.74e+02 *1.30e+01  3.07e+01 1.27e+02 3.95e+02  8.79e-01 5.87e-01      3s
  15   6.87951976e+01 -7.24946750e+00  1.53e+00 2.30e-01  1.29e+02 *3.61e-02  3.40e+01 3.58e+02 4.16e+02  9.18e-01 7.85e-01      3s
  16   5.89738753e+01 -7.27507987e+00  1.33e+00 1.92e-01  1.09e+02 *3.09e-01  4.43e+01 5.19e+02 1.06e+02  7.86e-01 1.67e-01      4s
  17   5.01872537e+01 -7.29395790e+00  1.18e+00 1.60e-01  9.34e+01 *4.24e-01  5.24e+01 5.82e+02 9.30e+01  7.88e-01 1.63e-01      4s
  18  -3.52596032e+02 -7.29395790e+00  3.79e+01 8.67e-02  5.25e+01  8.25e+01  6.33e+01 6.68e+02 8.25e+01  6.75e-01 4.59e-01      4s
  19  -1.99854701e+02 -7.33338919e+00  2.13e+01 4.88e-02  3.17e+01 *7.31e-01  2.54e+02 2.03e+03 2.51e+02  7.77e-01 4.37e-01      6s
  20  -1.64447813e+02 -7.34150101e+00  1.74e+01 3.99e-02  2.64e+01 *1.20e-02  3.48e+02 2.63e+03 1.30e+02  7.90e-01 1.82e-01      9s
  21  -1.28013665e+02 -7.35012398e+00  1.34e+01 3.08e-02  2.09e+01 *6.15e-03  4.13e+02 3.18e+03 1.13e+02  8.37e-01 2.29e-01     13s
  22  -9.93967960e+01 -7.35619994e+00  1.03e+01 2.36e-02  1.65e+01 *1.11e+00  5.04e+02 4.12e+03 9.42e+01  8.41e-01 2.33e-01     16s
  23  -3.22338573e+01 -7.37614507e+00  2.90e+00 6.65e-03  5.77e+00 *3.17e-03  6.39e+02 5.52e+03 7.99e+01  9.72e-01 7.18e-01     24s
  24  -7.28681930e+00 -7.38600265e+00  2.21e-01 3.31e-04  1.38e+00 *1.98e-01  9.78e+02 1.50e+04 2.43e+01  1.00e+00 9.50e-01     32s
  25  -7.20621702e+00 -7.38676039e+00  3.01e-04 1.19e-15  1.83e-01  3.01e-04  1.11e+03 1.92e+04 3.81e-01  1.00e+00 1.00e+00     54s
  26  -7.36419231e+00 -7.38600963e+00  4.37e-05 2.30e-15  2.19e-02  4.86e-05  1.12e+03 2.56e+03 8.78e-01  1.00e+00 9.78e-01     76s
  27  -7.36651822e+00 -7.38453777e+00  6.16e-05 4.57e-16  1.81e-02  1.36e-04  1.95e+03 4.79e+02 7.45e-01  7.08e-01 1.93e-01     99s
  28  -7.36775565e+00 -7.38350746e+00  5.51e-05 1.68e-15  1.58e-02  1.56e-05  2.13e+03 5.22e+02 7.39e-01  7.48e-01 1.40e-01    172s
  29  -7.36895316e+00 -7.38235843e+00  4.78e-05 1.69e-15  1.35e-02  1.06e-05  2.22e+03 5.68e+02 7.36e-01  7.85e-01 1.65e-01    245s
  30  -7.37014214e+00 -7.38105577e+00  4.44e-05 4.45e-16  1.10e-02  3.16e-05  2.32e+03 6.37e+02 7.34e-01  8.31e-01 2.06e-01    318s
  31  -7.37134318e+00 -7.37955870e+00  4.11e-05 5.36e-16  8.25e-03  3.25e-05  2.40e+03 7.49e+02 7.31e-01  8.89e-01 2.74e-01    391s

The algorithm stopped after 32 iterations in 391.08 seconds.

Primal variables:   [+0.0004 +0.0083 +1.7218 +4.9100]
Dual slacks:        [+5.1026 +0.1242 +0.0011 +0.0007]
Dual variables:     [-9.5485 +2.9709]

Primal objective:   -7.37134318e+00
Dual objective:     -7.37955870e+00

Primal residual:    4.11e-05
Dual residual:      5.36e-16
Complementraty:     8.25e-03

Number of Iter:     32
Run time:           391.08
