
================= Linear optimization problem Information =================
Number of variables:     8
Number of constraints:   2

Norm of primal sol:      5.00e+00
Norm of dual sol:        1.00e+01
Norm of dual slacks:     5.00e+00

Norm of vector b:        5.45e-01
Norm of vector c:        9.85e+00

Norm of matrix A:        1.00e+00
Condition number:        2.00e+00
Seed:                    46

======================= Linear optimization problem =======================
coeff matrix A:          [[+0.267 -0.183 -0.402 +0.356 -0.113 +0.087 -0.472 -0.185]
                          [-0.341 -0.141 -0.272 +0.481 -0.109 -0.150 -0.320 -0.037]]

RHS vector b:            [+0.424 +0.343]
Obj vector c:            [+6.908 +1.483 -3.705 +3.017 -1.010 +1.030 -4.343 -1.802]

============================ Optimal solution =============================
Primal variables:        [+0.000 +0.000 +0.926 +2.818 +1.164 +3.484 +0.159 +1.639]
Dual slacks:             [+3.885 +3.147 +0.000 +0.000 +0.000 +0.000 +0.000 +0.000]
Dual variables:          [+9.941 -1.084]

Optimal objective:       +3.84070073e+00
===========================================================================

Method:                  II-QIPM
LO_Precision:            1.00e-01
Stop_Precision:          1.00e-03
LO_Verbosity:            2
Omega:                   5.00e+00
num_ancillae:            4

The Quantum Inexact Infeasible Interior-Point Method starts running ...


                  Objective                Residual                      Quantum             Linear system           Step-length
Iter      Primal           Dual         Primal    Dual     Compl    ||Resl||   Prob    Cond-Num  ||M||   ||RHS||    a-star   a-hat      Time
   0   6.01828909e+01  3.78450221e+00  2.29e+00 1.60e+01  1.47e+02  1.45e+02 2.29e-02  4.00e+00 1.00e+00 1.25e+01  5.51e-02 4.35e-02      2s
   1   5.41779767e+01  3.50844857e+00  5.36e+00 7.06e+00  5.80e+01 *8.60e+00 9.54e-02  4.94e+00 2.05e+00 3.47e+00  6.66e-01 5.60e-01      4s
   2   5.48726874e+01  3.60894399e+00  5.31e+00 7.01e+00  5.76e+01  1.21e+01 2.84e-01  5.00e+00 3.04e+00 4.02e+00  1.42e-01 7.58e-03      6s
   3   5.50951591e+01  3.64328579e+00  5.29e+00 6.99e+00  5.74e+01  1.10e+01 2.68e-01  4.89e+00 3.07e+00 3.85e+00  1.51e-01 2.92e-03      7s
   4   5.53095332e+01  3.67749592e+00  5.27e+00 6.97e+00  5.72e+01  1.05e+01 2.62e-01  4.85e+00 3.08e+00 3.79e+00  1.54e-01 3.04e-03      8s
   5   5.55156312e+01  3.71175911e+00  5.25e+00 6.95e+00  5.71e+01  1.01e+01 2.56e-01  4.80e+00 3.09e+00 3.72e+00  1.58e-01 3.19e-03     10s
   6   5.57119445e+01  3.74611679e+00  5.23e+00 6.92e+00  5.69e+01  9.71e+00 2.50e-01  4.74e+00 3.10e+00 3.66e+00  1.62e-01 3.36e-03     12s
   7   5.58964813e+01  3.78060691e+00  5.20e+00 6.90e+00  5.67e+01  9.29e+00 2.45e-01  4.68e+00 3.11e+00 3.59e+00  1.66e-01 3.54e-03     14s
   8   5.60666645e+01  3.81526349e+00  5.18e+00 6.87e+00  5.65e+01  8.86e+00 2.40e-01  4.61e+00 3.12e+00 3.52e+00  1.71e-01 3.75e-03     16s
   9   5.62192152e+01  3.85011600e+00  5.15e+00 6.84e+00  5.63e+01  8.42e+00 2.36e-01  4.53e+00 3.12e+00 3.44e+00  1.76e-01 3.99e-03     18s
  10   5.63500311e+01  3.88518860e+00  5.13e+00 6.82e+00  5.61e+01  7.98e+00 2.34e-01  4.45e+00 3.13e+00 3.37e+00  1.81e-01 4.25e-03     20s
  11   5.64541723e+01  3.92053442e+00  5.10e+00 6.78e+00  5.59e+01  7.53e+00 2.33e-01  4.36e+00 3.13e+00 3.29e+00  1.87e-01 4.56e-03     22s
  12   5.65255237e+01  3.95619879e+00  5.07e+00 6.75e+00  5.56e+01  7.07e+00 2.34e-01  4.27e+00 3.13e+00 3.21e+00  1.94e-01 4.92e-03     23s
  13   5.65567047e+01  3.99225368e+00  5.03e+00 6.71e+00  5.53e+01  6.60e+00 2.36e-01  4.16e+00 3.13e+00 3.12e+00  2.01e-01 5.33e-03     25s
  14   5.65387430e+01  4.02879623e+00  4.99e+00 6.68e+00  5.50e+01  6.13e+00 2.39e-01  4.05e+00 3.13e+00 3.03e+00  2.10e-01 5.84e-03     27s
  15   5.64605740e+01  4.06598446e+00  4.95e+00 6.63e+00  5.47e+01  5.66e+00 2.43e-01  3.93e+00 3.12e+00 2.93e+00  2.20e-01 6.46e-03     29s
  16   5.63085277e+01  4.10392329e+00  4.91e+00 6.58e+00  5.44e+01  5.19e+00 2.44e-01  3.79e+00 3.11e+00 2.83e+00  2.31e-01 7.22e-03     31s
  17   5.60655777e+01  4.14273728e+00  4.85e+00 6.53e+00  5.40e+01  4.74e+00 2.38e-01  3.65e+00 3.10e+00 2.73e+00  2.43e-01 8.16e-03     33s
  18   5.57112296e+01  4.18236850e+00  4.79e+00 6.47e+00  5.35e+01  4.32e+00 2.19e-01  3.49e+00 3.08e+00 2.64e+00  2.57e-01 9.26e-03     35s
  19   5.52194253e+01  4.22264052e+00  4.72e+00 6.40e+00  5.30e+01  3.98e+00 1.86e-01  3.32e+00 3.05e+00 2.56e+00  2.71e-01 1.05e-02     37s
  20   5.45566475e+01  4.26307014e+00  4.64e+00 6.33e+00  5.24e+01  3.76e+00 1.44e-01  3.14e+00 3.01e+00 2.50e+00  2.83e-01 1.18e-02     38s
  21   5.36921170e+01  4.30293374e+00  4.54e+00 6.25e+00  5.18e+01  3.74e+00 1.05e-01  2.94e+00 2.97e+00 2.50e+00  2.94e-01 1.29e-02     39s
  22   5.26709534e+01  4.34097407e+00  4.44e+00 6.16e+00  5.12e+01  3.99e+00 8.03e-02  2.74e+00 2.91e+00 2.56e+00  2.99e-01 1.35e-02     40s
  23   5.16106537e+01  4.37558737e+00  4.33e+00 6.08e+00  5.06e+01  4.56e+00 6.25e-02  2.55e+00 2.85e+00 2.69e+00  2.93e-01 1.29e-02     42s
  24   5.04597837e+01  4.40692476e+00  4.22e+00 6.01e+00  5.00e+01  5.39e+00 4.31e-02  2.37e+00 2.78e+00 2.87e+00  2.87e-01 1.24e-02     44s
  25   4.90439114e+01  4.43597103e+00  4.08e+00 5.93e+00  4.94e+01  6.42e+00 2.75e-02  2.21e+00 2.72e+00 3.08e+00  2.90e-01 1.29e-02     45s
  26   4.73858191e+01  4.46226792e+00  3.93e+00 5.85e+00  4.88e+01 *7.70e+00 2.00e-02  2.05e+00 2.65e+00 3.32e+00  2.67e-01 1.32e-02     47s
  27   4.55399952e+01  4.48551323e+00  3.76e+00 5.77e+00  4.82e+01 *9.08e+00 1.67e-02  1.92e+00 2.58e+00 3.56e+00  2.39e-01 1.32e-02     49s
  28   4.31691070e+01  4.50640619e+00  3.54e+00 5.68e+00  4.75e+01 *1.04e+01 1.56e-02  1.81e+00 2.52e+00 3.76e+00  2.14e-01 1.53e-02     51s
  29   3.98762341e+01  4.52404079e+00  3.25e+00 5.57e+00  4.66e+01 *1.15e+01 1.71e-02  1.74e+00 2.47e+00 3.93e+00  1.94e-01 1.96e-02     52s
  30   3.36535146e+01  4.53336400e+00  2.70e+00 5.38e+00  4.50e+01 *1.22e+01 2.29e-02  1.77e+00 2.47e+00 4.03e+00  1.78e-01 3.54e-02     54s
  31   1.81647343e+01  4.48640674e+00  1.34e+00 4.83e+00  3.97e+01 *1.13e+01 4.23e-02  2.14e+00 2.61e+00 3.90e+00  1.78e-01 1.01e-01     55s
  32   1.74090160e+01  4.47049736e+00  1.28e+00 4.77e+00  3.92e+01 *3.74e+00 3.22e-01  5.08e+00 3.53e+00 2.50e+00  2.78e-01 1.37e-02     58s
  33   1.67787825e+01  4.45629907e+00  1.23e+00 4.71e+00  3.87e+01 *3.23e+00 3.96e-01  5.37e+00 3.59e+00 2.37e+00  2.99e-01 1.28e-02     59s
  34   1.61219491e+01  4.44066022e+00  1.18e+00 4.64e+00  3.82e+01 *2.86e+00 4.75e-01  5.62e+00 3.65e+00 2.26e+00  3.17e-01 1.47e-02     61s
  35   1.54361254e+01  4.42337730e+00  1.13e+00 4.56e+00  3.76e+01 *2.50e+00 5.69e-01  5.90e+00 3.71e+00 2.16e+00  3.38e-01 1.71e-02     63s
  36   1.47198238e+01  4.40422640e+00  1.08e+00 4.47e+00  3.69e+01 *2.15e+00 6.74e-01  6.21e+00 3.79e+00 2.05e+00  3.62e-01 2.01e-02     65s
  37   1.39717538e+01  4.38293211e+00  1.03e+00 4.36e+00  3.61e+01 *1.83e+00 7.81e-01  6.55e+00 3.88e+00 1.94e+00  3.89e-01 2.40e-02     67s
  38   1.31908586e+01  4.35914901e+00  9.72e-01 4.23e+00  3.52e+01 *1.53e+00 8.79e-01  6.94e+00 3.99e+00 1.84e+00  4.21e-01 2.90e-02     68s
  39   1.23747292e+01  4.33238606e+00  9.12e-01 4.08e+00  3.40e+01 *1.26e+00 9.54e-01  7.37e+00 4.13e+00 1.73e+00  4.57e-01 3.58e-02     70s
  40   1.15210451e+01  4.30201077e+00  8.49e-01 3.90e+00  3.26e+01 *1.01e+00 9.93e-01  7.85e+00 4.31e+00 1.62e+00  4.98e-01 4.49e-02     72s
  41   1.06242371e+01  4.26709982e+00  7.80e-01 3.67e+00  3.09e+01 *7.91e-01 9.86e-01  8.41e+00 4.56e+00 1.52e+00  5.45e-01 5.76e-02     74s
  42   9.67265636e+00  4.22629381e+00  7.05e-01 3.39e+00  2.88e+01 *6.00e-01 9.30e-01  9.03e+00 4.89e+00 1.42e+00  5.99e-01 7.61e-02     76s
  43   8.64318053e+00  4.17757885e+00  6.23e-01 3.04e+00  2.61e+01 *4.40e-01 8.34e-01  9.71e+00 5.37e+00 1.33e+00  6.63e-01 1.04e-01     77s
  44   7.48860522e+00  4.11763596e+00  5.38e-01 2.58e+00  2.25e+01 *3.17e-01 7.17e-01  1.04e+01 6.09e+00 1.25e+00  7.38e-01 1.51e-01     79s
  45   6.13995535e+00  4.04127827e+00  4.49e-01 1.96e+00  1.75e+01 *2.54e-01 6.10e-01  1.11e+01 7.29e+00 1.18e+00  8.29e-01 2.42e-01     81s
  46   4.46629425e+00  3.93855221e+00  3.30e-01 1.06e+00  1.00e+01 *2.13e-01 5.56e-01  1.15e+01 9.71e+00 1.14e+00  9.36e-01 4.59e-01     83s
  47   3.51010228e+00  3.84366742e+00  8.77e-02 9.71e-02  1.27e+00 *8.27e-02 5.72e-01  1.15e+01 1.79e+01 1.08e+00  9.89e-01 9.08e-01     84s
  48   5.29442325e+00  3.84343202e+00  1.52e-01 3.48e-02  4.95e-01  2.80e-01 2.27e-01  1.20e+01 1.82e+02 8.23e-01  8.06e-01 6.42e-01     85s
  49   4.60643088e+00  3.84322893e+00  5.81e-02 3.41e-02  4.87e-01 *6.89e+00 5.26e-01  6.25e+00 5.06e+02 3.17e+00  2.72e-01 1.80e-02     87s
  50   3.79899160e+00  3.84293154e+00  1.48e-01 3.29e-02  4.71e-01 *4.17e+00 6.81e-01  7.12e+00 5.22e+02 2.60e+00  4.46e-01 3.60e-02     89s
  51   1.62200518e+00  3.84155398e+00  6.79e-01 2.32e-02  3.40e-01 *1.96e+00 6.98e-01  8.41e+00 5.54e+02 1.98e+00  8.53e-01 2.95e-01     91s
  52   2.13693241e+00  3.84156065e+00  4.59e-01 1.72e-02  2.58e-01  1.91e-01 3.49e-02  1.62e+01 9.14e+02 2.51e-01  6.76e-01 2.60e-01     92s
  53   2.80642238e+00  3.84153395e+00  3.95e-01 1.49e-02  2.28e-01  3.52e-01 2.84e-01  1.17e+01 1.16e+03 1.06e+00  7.12e-01 1.31e-01     94s
  54   3.18814991e+00  3.84146302e+00  4.09e-01 1.32e-02  2.04e-01 *6.32e-01 4.42e-01  1.05e+01 1.34e+03 1.38e+00  9.27e-01 1.12e-01     96s
  55   3.18820949e+00  3.84146300e+00  4.09e-01 1.32e-02  2.04e-01 *7.21e-01 4.88e-01  1.04e+01 1.55e+03 1.43e+00  9.64e-01 2.46e-05     98s

The solution quality is limited by the precision of the linear system solver.

The II-IPM stopped after 56 iterations in 97.81 seconds.

Primal variables:   [+0.006 +0.021 +2.311 +8.039 +5.334 +7.894 +1.746 +4.294]
Dual slacks:        [+3.880 +3.150 +0.008 +0.002 +0.005 +0.002 +0.009 +0.006]
Dual variables:     [+9.948 -1.090]

Primal objective:   3.18820949e+00 
Dual objective:     3.84146300e+00 

Primal residual:    4.09e-01
Dual residual:      1.32e-02
Complementraty:     2.04e-01

Number of Iter:     56
Run time:           97.81
