
================= Linear optimization problem Information =================
Number of variables:     8
Number of constraints:   2

Norm of primal sol:      5.00e+00
Norm of dual sol:        1.00e+01
Norm of dual slacks:     5.00e+00

Norm of vector b:        3.31e+00
Norm of vector c:        7.74e+00

Norm of matrix A:        1.00e+00
Condition number:        2.00e+00
Seed:                    28

======================= Linear optimization problem =======================
coeff matrix A:          [[-0.195 -0.316 -0.096 +0.014 -0.182 -0.062 +0.305 +0.053]
                          [+0.326 +0.490 -0.163 -0.401 +0.270 -0.343 +0.217 +0.445]]

RHS vector b:            [-1.374 +3.010]
Obj vector c:            [+1.040 +1.408 -1.842 -2.823 +0.725 +1.787 +5.356 +3.609]

============================ Optimal solution =============================
Primal variables:        [+2.373 +1.827 +0.407 +1.294 +2.543 +0.000 +0.000 +2.778]
Dual slacks:             [+0.000 +0.000 +0.000 +0.000 +0.000 +4.708 +1.683 +0.000]
Dual variables:          [+6.851 +7.285]

Optimal objective:       +1.25113822e+01
===========================================================================

Method:                  II-QIPM
LO_Precision:            1.00e-01
Stop_Precision:          1.00e-03
LO_Verbosity:            2
Omega:                   5.00e+00
num_ancillae:            4

The Quantum Inexact Infeasible Interior-Point Method starts running ...


                  Objective                Residual                      Quantum             Linear system           Step-length
Iter      Primal           Dual         Primal    Dual     Compl    ||Resl||   Prob    Cond-Num  ||M||   ||RHS||    a-star   a-hat      Time
   0   6.56978164e+01 -5.82716625e-02  3.19e+00 9.96e+00  1.39e+02  1.16e+01 1.44e-01  4.00e+00 1.00e+00 3.95e+00  2.95e-01 2.30e-01      2s
   1   4.37478185e+01  6.78485257e-01  1.57e+00 2.51e+00  5.06e+01  1.08e+00 2.16e-02  2.40e+00 1.65e+00 1.65e+00  8.64e-01 7.48e-01      3s
   2   4.56856966e+01  1.14292385e+00  1.85e+00 2.49e+00  5.01e+01 *3.25e+01 2.43e-02  3.94e+00 3.50e+00 6.22e+00  1.71e-01 1.03e-02      5s
   3   4.71488955e+01  1.52768895e+00  2.08e+00 2.46e+00  4.96e+01 *2.50e+01 2.47e-02  3.93e+00 3.54e+00 5.52e+00  2.20e-01 1.08e-02      7s
   4   4.97711556e+01  2.27527888e+00  2.51e+00 2.40e+00  4.84e+01 *2.02e+01 2.49e-02  3.97e+00 3.61e+00 5.02e+00  2.55e-01 2.59e-02      8s
   5   6.30132162e+01  7.06222360e+00  5.17e+00 1.79e+00  3.38e+01 *1.32e+01 2.52e-02  4.15e+00 3.84e+00 4.17e+00  3.41e-01 2.55e-01     10s
   6   4.75051016e+01  6.88066302e+00  3.44e+00 1.50e+00  2.89e+01 *5.75e+00 2.27e-02  1.25e+01 1.33e+01 2.95e+00  6.71e-01 1.59e-01     12s
   7   3.93450302e+01  7.02199575e+00  2.59e+00 1.13e+00  2.26e+01 *2.46e-01 5.97e-01  1.11e+01 1.02e+01 6.27e-01  7.51e-01 2.46e-01     14s
   8   3.69964273e+01  7.19108550e+00  2.35e+00 9.83e-01  2.00e+01 *8.81e-01 1.34e-01  1.47e+01 1.20e+01 1.34e+00  7.50e-01 1.31e-01     16s
   9   3.58428500e+01  7.36279992e+00  2.23e+00 8.52e-01  1.76e+01 *1.59e+00 6.27e-02  1.79e+01 1.40e+01 1.66e+00  7.50e-01 1.33e-01     17s
  10   3.56943017e+01  7.49104387e+00  2.20e+00 7.48e-01  1.57e+01  2.22e+00 3.06e-02  2.26e+01 1.73e+01 1.84e+00  7.25e-01 1.22e-01     19s
  11   3.60599033e+01  7.57126940e+00  2.23e+00 6.72e-01  1.42e+01  2.68e+00 1.65e-02  2.91e+01 2.18e+01 1.94e+00  6.81e-01 1.02e-01     21s
  12   3.66550333e+01  7.62254741e+00  2.29e+00 6.15e-01  1.31e+01  3.06e+00 1.05e-02  3.67e+01 2.71e+01 2.01e+00  6.37e-01 8.46e-02     22s
  13   3.73719446e+01  7.65780098e+00  2.36e+00 5.71e-01  1.23e+01  3.43e+00 7.68e-03  4.48e+01 3.27e+01 2.09e+00  5.97e-01 7.12e-02     23s
  14   3.81650960e+01  7.68360103e+00  2.44e+00 5.36e-01  1.16e+01  3.82e+00 6.21e-03  5.34e+01 3.88e+01 2.17e+00  5.63e-01 6.08e-02     24s
  15   3.90139485e+01  7.70346838e+00  2.53e+00 5.08e-01  1.11e+01  4.23e+00 5.35e-03  6.23e+01 4.52e+01 2.25e+00  5.33e-01 5.26e-02     27s
  16   3.99083779e+01  7.71937900e+00  2.62e+00 4.85e-01  1.06e+01  4.67e+00 4.81e-03  7.14e+01 5.20e+01 2.35e+00  5.06e-01 4.61e-02     29s
  17   4.08429091e+01  7.73251059e+00  2.72e+00 4.65e-01  1.02e+01  5.15e+00 4.47e-03  8.05e+01 5.92e+01 2.45e+00  4.82e-01 4.07e-02     30s
  18   4.18167426e+01  7.74363374e+00  2.83e+00 4.48e-01  9.87e+00  5.68e+00 4.25e-03  8.97e+01 6.68e+01 2.56e+00  4.60e-01 3.63e-02     32s
  19   4.28277411e+01  7.75322594e+00  2.94e+00 4.34e-01  9.57e+00  6.25e+00 4.10e-03  9.89e+01 7.49e+01 2.68e+00  4.40e-01 3.26e-02     33s
  20   4.38780692e+01  7.76164844e+00  3.05e+00 4.21e-01  9.32e+00  6.87e+00 4.01e-03  1.08e+02 8.34e+01 2.80e+00  4.22e-01 2.95e-02     35s
  21   4.49691140e+01  7.76914440e+00  3.17e+00 4.09e-01  9.09e+00  7.55e+00 3.95e-03  1.17e+02 9.24e+01 2.93e+00  4.06e-01 2.68e-02     36s
  22   4.61007214e+01  7.77587992e+00  3.30e+00 3.99e-01  8.89e+00  8.30e+00 3.91e-03  1.26e+02 1.02e+02 3.07e+00  3.91e-01 2.45e-02     37s
  23   4.72740315e+01  7.78198735e+00  3.43e+00 3.91e-01  8.71e+00  9.11e+00 3.89e-03  1.34e+02 1.12e+02 3.21e+00  3.77e-01 2.24e-02     39s
  24   4.84904429e+01  7.78756860e+00  3.56e+00 3.82e-01  8.54e+00  9.99e+00 3.86e-03  1.43e+02 1.23e+02 3.35e+00  3.64e-01 2.06e-02     40s
  25   4.97503198e+01  7.79269833e+00  3.70e+00 3.75e-01  8.39e+00  1.09e+01 3.83e-03  1.51e+02 1.34e+02 3.50e+00  3.51e-01 1.91e-02     42s
  26   5.10553246e+01  7.79744102e+00  3.85e+00 3.69e-01  8.26e+00  1.20e+01 3.80e-03  1.59e+02 1.46e+02 3.65e+00  3.40e-01 1.77e-02     44s
  27   5.24033239e+01  7.80183557e+00  4.00e+00 3.62e-01  8.14e+00  1.31e+01 3.75e-03  1.67e+02 1.59e+02 3.81e+00  3.29e-01 1.64e-02     46s
  28   5.37959536e+01  7.80592694e+00  4.16e+00 3.57e-01  8.02e+00  1.43e+01 3.68e-03  1.74e+02 1.73e+02 3.97e+00  3.19e-01 1.53e-02     47s
  29   5.52308794e+01  7.80974102e+00  4.32e+00 3.52e-01  7.92e+00  1.55e+01 3.61e-03  1.82e+02 1.87e+02 4.13e+00  3.09e-01 1.43e-02     48s
  30   5.67099092e+01  7.81331105e+00  4.49e+00 3.47e-01  7.82e+00  1.69e+01 3.51e-03  1.89e+02 2.02e+02 4.30e+00  3.00e-01 1.34e-02     50s
  31   5.82292132e+01  7.81665196e+00  4.66e+00 3.43e-01  7.73e+00  1.83e+01 3.40e-03  1.95e+02 2.18e+02 4.47e+00  2.92e-01 1.25e-02     51s
  32   5.97908169e+01  7.81979010e+00  4.84e+00 3.39e-01  7.65e+00  1.98e+01 3.27e-03  2.02e+02 2.34e+02 4.64e+00  2.84e-01 1.18e-02     53s
  33   6.13924866e+01  7.82273946e+00  5.02e+00 3.35e-01  7.57e+00  2.14e+01 3.13e-03  2.09e+02 2.52e+02 4.81e+00  2.76e-01 1.11e-02     55s
  34   6.30335729e+01  7.82551572e+00  5.21e+00 3.32e-01  7.50e+00  2.31e+01 2.97e-03  2.15e+02 2.70e+02 4.98e+00  2.68e-01 1.04e-02     56s
  35   6.47153406e+01  7.82813577e+00  5.40e+00 3.28e-01  7.43e+00  2.48e+01 2.79e-03  2.21e+02 2.89e+02 5.16e+00  2.60e-01 9.82e-03     58s
  36   6.64329897e+01  7.83060534e+00  5.60e+00 3.25e-01  7.37e+00  2.67e+01 2.61e-03  2.26e+02 3.10e+02 5.33e+00  2.52e-01 9.26e-03     60s
  37   6.81918462e+01  7.83294426e+00  5.80e+00 3.22e-01  7.31e+00  2.87e+01 2.41e-03  2.32e+02 3.31e+02 5.51e+00  2.43e-01 8.77e-03     62s
  38   6.99872961e+01  7.83515658e+00  6.00e+00 3.20e-01  7.25e+00  3.07e+01 2.19e-03  2.37e+02 3.53e+02 5.70e+00  2.35e-01 8.30e-03     63s
  39   7.18217621e+01  7.83725505e+00  6.21e+00 3.17e-01  7.20e+00  3.29e+01 1.97e-03  2.43e+02 3.76e+02 5.88e+00  2.28e-01 7.87e-03     65s
  40   7.36962768e+01  7.83924915e+00  6.43e+00 3.15e-01  7.15e+00  3.52e+01 1.75e-03  2.48e+02 4.00e+02 6.07e+00  2.21e-01 7.47e-03     67s
  41   7.56121885e+01  7.84114763e+00  6.65e+00 3.13e-01  7.11e+00  3.77e+01 1.51e-03  2.53e+02 4.26e+02 6.26e+00  2.14e-01 7.10e-03     69s
  42   7.75731548e+01  7.84296044e+00  6.88e+00 3.10e-01  7.06e+00  4.02e+01 1.28e-03  2.57e+02 4.52e+02 6.45e+00  2.08e-01 6.77e-03     70s
  43   7.95774224e+01  7.84469159e+00  7.11e+00 3.08e-01  7.02e+00  4.30e+01 1.04e-03  2.62e+02 4.80e+02 6.65e+00  2.01e-01 6.45e-03     72s
  44   8.16355848e+01  7.84635539e+00  7.35e+00 3.07e-01  6.98e+00  4.59e+01 8.15e-04  2.67e+02 5.09e+02 6.86e+00  1.95e-01 6.17e-03     74s
  45   8.37470704e+01  7.84795563e+00  7.59e+00 3.05e-01  6.94e+00  4.91e+01 5.97e-04  2.71e+02 5.39e+02 7.07e+00  1.89e-01 5.89e-03     76s
  46   8.59245488e+01  7.84950667e+00  7.85e+00 3.03e-01  6.91e+00  5.25e+01 3.97e-04  2.75e+02 5.70e+02 7.29e+00  1.83e-01 5.66e-03     78s
  47   8.81782956e+01  7.85102193e+00  8.11e+00 3.01e-01  6.87e+00  5.63e+01 2.23e-04  2.80e+02 6.04e+02 7.53e+00  1.77e-01 5.45e-03     79s
  48   9.05254682e+01  7.85252888e+00  8.38e+00 3.00e-01  6.84e+00  6.04e+01 8.88e-05  2.84e+02 6.38e+02 7.78e+00  1.71e-01 5.26e-03     80s
  49   9.30219361e+01  7.85418738e+00  8.67e+00 2.98e-01  6.81e+00  6.51e+01 1.08e-05  2.89e+02 6.75e+02 8.05e+00  1.66e-01 5.17e-03     82s
  50   9.19997391e+01  7.85375960e+00  8.54e+00 2.98e-01  6.80e+00  7.02e+01 1.76e-05  2.94e+02 7.15e+02 8.36e+00  1.22e-01 1.76e-03     83s
  51   9.47381164e+01  7.85527985e+00  8.86e+00 2.96e-01  6.77e+00  7.31e+01 2.94e-04  2.88e+02 7.15e+02 8.59e+00  1.54e-01 5.00e-03     84s
  52   9.75780554e+01  7.85679646e+00  9.20e+00 2.95e-01  6.74e+00  7.83e+01 6.60e-05  2.93e+02 7.58e+02 8.85e+00  1.49e-01 4.83e-03     86s
  53   9.65034780e+01  7.85647578e+00  9.06e+00 2.94e-01  6.73e+00  8.46e+01 3.48e-06  2.99e+02 8.05e+02 9.17e+00  1.15e-01 1.54e-03     87s
  54   9.97041277e+01  7.85803529e+00  9.44e+00 2.93e-01  6.70e+00  8.82e+01 3.66e-04  2.93e+02 8.04e+02 9.45e+00  1.39e-01 4.79e-03     88s
  55   1.02998822e+02  7.85959002e+00  9.83e+00 2.92e-01  6.67e+00  9.43e+01 4.87e-05  2.99e+02 8.56e+02 9.72e+00  1.35e-01 4.61e-03     89s
  56   1.01908311e+02  7.85920606e+00  9.69e+00 2.91e-01  6.66e+00  1.02e+02 3.56e-05  3.05e+02 9.11e+02 1.01e+01  1.06e-01 1.31e-03     91s
  57   1.05582724e+02  7.86078135e+00  1.01e+01 2.90e-01  6.63e+00  1.06e+02 2.02e-04  3.00e+02 9.09e+02 1.03e+01  1.26e-01 4.56e-03     92s
  58   1.04432579e+02  7.86053790e+00  9.97e+00 2.89e-01  6.62e+00  1.14e+02 2.01e-06  3.06e+02 9.71e+02 1.06e+01  1.03e-01 1.24e-03     93s
  59   1.08591990e+02  7.86219397e+00  1.05e+01 2.88e-01  6.60e+00  1.19e+02 3.57e-04  3.01e+02 9.69e+02 1.09e+01  1.18e-01 4.57e-03     94s
  60   1.14119477e+02  7.86649928e+00  1.11e+01 2.87e-01  6.56e+00  1.27e+02 7.97e-07  3.09e+02 1.04e+03 1.13e+01  1.18e-01 5.69e-03     95s
  61   1.12943132e+02  7.86613485e+00  1.10e+01 2.86e-01  6.56e+00 *1.44e+02 7.20e-04  3.19e+02 1.13e+03 1.21e+01  9.32e-02 1.01e-03     97s
  62   1.11787105e+02  7.86579460e+00  1.08e+01 2.86e-01  6.55e+00  1.44e+02 6.07e-05  3.14e+02 1.13e+03 1.20e+01  9.27e-02 9.95e-04     98s

The solution quality is limited by the precision of the linear system solver.

The II-IPM stopped after 63 iterations in 98.12 seconds.

Primal variables:   [+1.504 +1.012 +2.280 +20.019 +1.590 +0.202 +0.714 +45.485]
Dual slacks:        [+0.719 +1.090 +0.369 +0.020 +0.672 +4.853 +0.895 +0.009]
Dual variables:     [+9.612 +7.002]

Primal objective:   1.11787105e+02 
Dual objective:     7.86579460e+00 

Primal residual:    1.08e+01
Dual residual:      2.86e-01
Complementraty:     6.55e+00

Number of Iter:     63
Run time:           98.12
