
================= Linear optimization problem Information =================
Number of variables:     8
Number of constraints:   2

Norm of primal sol:      5.00e+00
Norm of dual sol:        1.00e+01
Norm of dual slacks:     5.00e+00

Norm of vector b:        1.11e+00
Norm of vector c:        1.06e+01

Norm of matrix A:        1.00e+00
Condition number:        2.00e+00
Seed:                    71

======================= Linear optimization problem =======================
coeff matrix A:          [[+0.375 +0.190 -0.359 -0.142 +0.211 +0.167 -0.179 -0.363]
                          [-0.174 +0.392 +0.181 +0.299 -0.384 -0.260 +0.327 +0.244]]

RHS vector b:            [-0.569 +0.956]
Obj vector c:            [+4.029 -0.891 -0.320 -2.953 +4.011 +6.352 -3.418 -4.364]

============================ Optimal solution =============================
Primal variables:        [+0.578 +1.204 +0.000 +0.619 +2.855 +0.000 +2.251 +3.101]
Dual slacks:             [+0.000 +0.000 +3.629 +0.000 +0.000 +3.439 +0.000 +0.000]
Dual variables:          [+7.920 -6.106]

Optimal objective:       -1.03472240e+01
===========================================================================

Method:                  II-QIPM
LO_Precision:            1.00e-01
Stop_Precision:          1.00e-03
LO_Verbosity:            2
Omega:                   5.00e+01
num_ancillae:            4

The Quantum Inexact Infeasible Interior-Point Method starts running ...


                  Objective                Residual                      Quantum             Linear system           Step-length
Iter      Primal           Dual         Primal    Dual     Compl    ||Resl||   Prob    Cond-Num  ||M||   ||RHS||    a-star   a-hat      Time
   0   5.28020763e+02 -5.97131565e+01  1.55e+01 1.37e+02  1.64e+04  1.75e+03 5.80e-02  4.00e+00 1.00e+00 4.23e+01  3.35e-02 2.57e-02      2s
   1   9.22661129e+01 -1.74834182e+01  2.44e+01 1.36e+02  1.48e+04 *3.35e+03 4.48e-02  1.06e+01 1.27e+00 5.83e+01  1.70e-02 1.19e-02      4s
   2   1.15837739e+02 -2.13050303e+01  2.20e+01 1.35e+02  1.47e+04  7.51e+02 2.64e-02  7.52e+00 8.28e-01 2.79e+01  7.54e-02 3.06e-03      6s
   3   1.24398324e+02 -2.26648916e+01  2.12e+01 1.35e+02  1.47e+04  5.03e+02 2.58e-02  7.60e+00 8.27e-01 2.29e+01  1.04e-01 1.62e-03      7s
   4   1.33824116e+02 -2.41465748e+01  2.03e+01 1.35e+02  1.47e+04  4.26e+02 2.55e-02  7.63e+00 8.28e-01 2.11e+01  1.18e-01 2.09e-03      8s
   5   1.44421340e+02 -2.57894430e+01  1.92e+01 1.34e+02  1.46e+04  3.48e+02 2.51e-02  7.66e+00 8.29e-01 1.92e+01  1.38e-01 2.83e-03     10s
   6   1.56632812e+02 -2.76459522e+01  1.81e+01 1.34e+02  1.46e+04  2.71e+02 2.46e-02  7.70e+00 8.32e-01 1.70e+01  1.67e-01 4.12e-03     12s
   7   1.71236734e+02 -2.97999471e+01  1.66e+01 1.33e+02  1.45e+04  1.94e+02 2.38e-02  7.75e+00 8.37e-01 1.44e+01  2.12e-01 6.71e-03     14s
   8   1.89501211e+02 -3.23464733e+01  1.49e+01 1.31e+02  1.43e+04  1.18e+02 2.25e-02  7.80e+00 8.45e-01 1.14e+01  2.90e-01 1.30e-02     15s
   9   2.13130900e+02 -3.51748653e+01  1.27e+01 1.27e+02  1.39e+04  4.98e+01 1.99e-02  7.87e+00 8.61e-01 7.57e+00  4.46e-01 3.46e-02     17s
  10   2.36810602e+02 -3.60386883e+01  1.07e+01 1.11e+02  1.23e+04  4.14e+00 1.87e-02  7.97e+00 9.02e-01 2.60e+00  7.03e-01 1.24e-01     19s
  11   2.54816401e+02 -3.17435831e+01  9.16e+00 8.03e+01  9.17e+03 *5.27e+00 2.18e-01  8.15e+00 1.05e+00 2.85e+00  8.58e-01 2.77e-01     20s
  12   1.19015541e+02 -1.27709254e+01  2.11e+01 5.69e+01  6.53e+03 *5.01e+01 1.04e-01  8.29e+00 1.51e+00 7.59e+00  6.33e-01 2.92e-01     22s
  13   1.28931560e+02 -1.35998820e+01  2.01e+01 5.68e+01  6.52e+03  4.86e+02 8.85e-02  6.88e+00 1.96e+00 2.25e+01  8.83e-02 1.90e-03     24s
  14   1.37686142e+02 -1.43276187e+01  1.93e+01 5.67e+01  6.51e+03  4.03e+02 8.96e-02  6.99e+00 1.96e+00 2.06e+01  1.02e-01 1.99e-03     25s
  15   1.48911546e+02 -1.52540307e+01  1.82e+01 5.65e+01  6.49e+03  3.36e+02 9.02e-02  7.09e+00 1.97e+00 1.88e+01  1.16e-01 3.03e-03     26s
  16   1.65103799e+02 -1.65735182e+01  1.67e+01 5.62e+01  6.45e+03  2.60e+02 9.07e-02  7.21e+00 1.98e+00 1.66e+01  1.41e-01 5.56e-03     28s
  17   1.97266850e+02 -1.91235362e+01  1.36e+01 5.52e+01  6.35e+03  1.66e+02 9.05e-02  7.39e+00 1.99e+00 1.34e+01  1.94e-01 1.67e-02     29s
  18   2.77277969e+02 -2.45951149e+01  5.98e+00 4.74e+01  5.50e+03  4.02e+01 8.77e-02  7.72e+00 2.05e+00 6.86e+00  4.23e-01 1.42e-01     30s
  19   2.56113660e+02 -2.32764713e+01  7.87e+00 4.68e+01  5.44e+03 *1.57e+02 7.68e-02  8.63e+00 2.57e+00 1.31e+01  2.70e-01 1.25e-02     32s
  20   1.43238115e+02 -1.49867658e+01  1.77e+01 3.83e+01  4.47e+03 *6.20e+01 9.00e-02  8.47e+00 2.55e+00 8.39e+00  5.98e-01 1.82e-01     34s
  21   1.80183242e+02 -1.69997299e+01  1.41e+01 3.77e+01  4.40e+03  2.07e+02 7.23e-02  7.58e+00 2.87e+00 1.49e+01  1.64e-01 1.60e-02     36s
  22   2.24195009e+02 -1.91131170e+01  9.71e+00 3.49e+01  4.10e+03  4.54e+01 6.79e-02  7.90e+00 2.95e+00 7.25e+00  3.96e-01 7.41e-02     38s
  23   2.21187618e+02 -1.79554351e+01  9.14e+00 2.72e+01  3.28e+03 *7.12e+00 9.16e-02  8.32e+00 3.29e+00 3.22e+00  8.34e-01 2.20e-01     40s
  24   1.19314717e+02 -1.23563666e+01  1.64e+01 1.59e+01  2.01e+03 *2.68e+01 1.35e-01  8.53e+00 4.29e+00 5.70e+00  8.50e-01 4.15e-01     41s
  25   1.52048116e+02 -1.31778513e+01  1.31e+01 1.57e+01  1.98e+03  2.03e+02 8.24e-02  7.72e+00 6.72e+00 1.48e+01  1.59e-01 1.54e-02     42s
  26   2.31001998e+02 -1.51048111e+01  4.06e+00 1.33e+01  1.70e+03  4.81e+01 7.97e-02  8.05e+00 6.93e+00 7.45e+00  3.73e-01 1.49e-01     43s
  27   2.23291843e+02 -1.49776159e+01  4.78e+00 1.33e+01  1.70e+03 *3.38e+02 6.13e-02  9.26e+00 9.19e+00 1.89e+01  1.12e-01 2.23e-03     45s
  28   2.15816095e+02 -1.48504837e+01  5.48e+00 1.33e+01  1.70e+03 *2.65e+02 6.52e-02  9.19e+00 9.09e+00 1.68e+01  1.45e-01 2.76e-03     47s
  29   2.05110203e+02 -1.46627490e+01  6.48e+00 1.32e+01  1.69e+03 *2.04e+02 6.95e-02  9.11e+00 9.00e+00 1.48e+01  1.91e-01 5.11e-03     49s
  30   1.83496514e+02 -1.42650669e+01  8.45e+00 1.30e+01  1.66e+03 *1.33e+02 7.70e-02  9.02e+00 8.89e+00 1.20e+01  3.09e-01 1.58e-02     51s
  31   4.79770211e+01 -1.13835299e+01  1.87e+01 8.77e+00  1.15e+03 *4.00e+01 1.04e-01  8.84e+00 8.77e+00 6.84e+00  7.90e-01 3.26e-01     52s
  32   9.66540533e+01 -1.20289134e+01  1.37e+01 8.66e+00  1.14e+03  3.96e+02 4.78e-02  8.14e+00 1.17e+01 2.04e+01  9.87e-02 1.23e-02     54s
  33   1.70340198e+02 -1.30024843e+01  5.48e+00 7.84e+00  1.04e+03  7.69e+01 4.39e-02  8.42e+00 1.20e+01 9.28e+00  2.98e-01 9.45e-02     56s
  34   1.54871342e+02 -1.28435551e+01  6.85e+00 7.78e+00  1.03e+03 *1.86e+02 5.15e-02  9.27e+00 1.47e+01 1.41e+01  2.21e-01 8.23e-03     58s
  35   9.62983406e+01 -1.22024604e+01  1.20e+01 7.29e+00  9.68e+02 *9.18e+01 6.07e-02  9.14e+00 1.45e+01 1.01e+01  5.11e-01 6.19e-02     60s
  36   1.01549819e+02 -1.22535000e+01  1.07e+01 6.83e+00  9.12e+02  8.22e+00 1.75e-02  8.81e+00 1.44e+01 3.41e+00  5.85e-01 6.41e-02     62s
  37   1.00463518e+02 -1.22355236e+01  9.76e+00 6.22e+00  8.39e+02  1.95e-01 9.28e-01  9.01e+00 1.58e+01 1.17e+00  6.54e-01 8.89e-02     64s
  38   3.21555359e+01 -1.12178097e+01  1.12e+01 2.95e+00  4.41e+02 *1.25e+01 3.41e-01  9.31e+00 1.79e+01 4.07e+00  9.25e-01 5.26e-01     65s
  39   3.72495240e+01 -1.11134756e+01  9.37e+00 2.37e+00  3.63e+02  8.13e+00 7.99e-01  9.75e+00 3.91e+01 3.39e+00  8.10e-01 1.96e-01     66s
  40  -1.13076940e+02 -1.04382638e+01  2.29e+01 1.60e+00  2.46e+02 *5.10e+01 2.12e-01  9.90e+00 5.09e+01 7.65e+00  6.70e-01 3.27e-01     68s
  41  -1.02302019e+02 -1.04653466e+01  2.18e+01 1.59e+00  2.46e+02  1.02e+03 5.87e-02  8.16e+00 6.51e+01 3.24e+01  4.46e-02 1.10e-03     70s
  42  -9.07609171e+01 -1.04944846e+01  2.06e+01 1.59e+00  2.45e+02  8.61e+02 5.92e-02  8.22e+00 6.49e+01 2.98e+01  5.07e-02 1.39e-03     71s
  43  -7.60904530e+01 -1.05316319e+01  1.91e+01 1.59e+00  2.45e+02  7.07e+02 5.96e-02  8.28e+00 6.49e+01 2.71e+01  5.91e-02 2.16e-03     72s
  44  -5.51374545e+01 -1.05847463e+01  1.70e+01 1.58e+00  2.44e+02  5.31e+02 6.01e-02  8.37e+00 6.50e+01 2.36e+01  7.39e-02 4.09e-03     74s
  45  -1.43977098e+01 -1.06877418e+01  1.30e+01 1.56e+00  2.40e+02  3.20e+02 6.06e-02  8.51e+00 6.56e+01 1.84e+01  1.09e-01 1.32e-02     75s
  46   2.72623721e+01 -1.07950325e+01  8.45e+00 1.43e+00  2.22e+02  5.11e+01 6.32e-02  8.84e+00 6.82e+01 7.67e+00  3.43e-01 8.28e-02     77s
  47  -1.93180409e+02 -1.03129626e+01  2.70e+01 8.75e-01  1.36e+02 *5.87e+01 8.36e-02  9.70e+00 8.20e+01 8.18e+00  6.61e-01 3.88e-01     79s
  48   5.62527819e+01 -1.05501958e+01  9.72e+00 8.69e-01  1.31e+02  3.37e+03 2.07e-02  9.84e+00 1.34e+02 5.85e+01  1.94e-02 7.45e-03     81s
  49   4.79057022e+01 -1.05533299e+01  8.64e+00 7.94e-01  1.20e+02 *4.46e+00 4.87e-01  8.74e+00 1.11e+02 2.67e+00  6.31e-01 8.57e-02     82s
  50   3.74803502e+01 -1.05447470e+01  7.65e+00 6.93e-01  1.07e+02 *3.21e+00 8.62e-02  9.37e+00 1.28e+02 2.36e+00  7.16e-01 1.27e-01     84s
  51  -5.99116361e+01 -1.03497937e+01  1.21e+01 2.04e-01  3.52e+01  1.48e+01 5.09e-01  1.00e+01 1.57e+02 4.36e+00  8.73e-01 7.06e-01     85s
  52  -3.85448022e+01 -1.03533873e+01  1.10e+01 2.04e-01  3.52e+01  2.26e+03 1.66e-02  1.07e+01 6.07e+02 4.80e+01  2.20e-02 9.48e-04     87s

The solution quality is limited by the precision of the linear system solver.

The II-IPM stopped after 53 iterations in 86.87 seconds.

Primal variables:   [+56.825 +13.900 +2.295 +34.044 +48.997 +2.034 +32.361 +57.907]
Dual slacks:        [+0.118 +0.159 +3.654 +0.086 +0.061 +3.503 +0.082 +0.038]
Dual variables:     [+7.725 -6.228]

Primal objective:   -3.85448022e+01
Dual objective:     -1.03533873e+01

Primal residual:    1.10e+01
Dual residual:      2.04e-01
Complementraty:     3.52e+01

Number of Iter:     53
Run time:           86.87
