
================= Linear optimization problem Information =================
Number of variables:     8
Number of constraints:   2

Norm of primal sol:      5.00e+00
Norm of dual sol:        1.00e+01
Norm of dual slacks:     5.00e+00

Norm of vector b:        9.31e-01
Norm of vector c:        8.13e+00

Norm of matrix A:        1.00e+00
Condition number:        2.00e+00
Seed:                    14

======================= Linear optimization problem =======================
coeff matrix A:          [[-0.255 -0.261 -0.210 -0.131 +0.444 -0.188 +0.415 -0.341]
                          [-0.220 +0.260 +0.346 +0.042 -0.361 -0.270 -0.228 +0.207]]

RHS vector b:            [-0.501 -0.785]
Obj vector c:            [+4.364 -2.933 +0.589 -0.594 +4.189 +2.413 +2.839 -2.526]

============================ Optimal solution =============================
Primal variables:        [+0.000 +2.751 +0.000 +0.029 +1.102 +3.407 +1.825 +1.132]
Dual slacks:             [+2.542 +0.000 +4.305 +0.000 +0.000 +0.000 +0.000 +0.000]
Dual variables:          [+1.393 -9.903]

Optimal objective:       +7.07395643e+00
===========================================================================

Method:                  II-QIPM
LO_Precision:            1.00e-01
Stop_Precision:          1.00e-03
LO_Verbosity:            2
Omega:                   5.00e+00
num_ancillae:            4

The Quantum Inexact Infeasible Interior-Point Method starts running ...


                  Objective                Residual                      Quantum             Linear system           Step-length
Iter      Primal           Dual         Primal    Dual     Compl    ||Resl||   Prob    Cond-Num  ||M||   ||RHS||    a-star   a-hat      Time
   0   7.03121142e+01  1.01977777e+00  4.69e+00 1.17e+01  1.41e+02  4.22e+01 1.57e-02  4.00e+00 1.00e+00 7.02e+00  1.73e-01 1.36e-01      2s
   1   6.63954593e+01  1.03528214e+00  4.21e+00 1.14e+01  1.39e+02 *2.08e+01 1.61e-02  1.54e+01 3.81e+00 5.09e+00  2.66e-01 2.02e-02      4s
   2   6.35424253e+01  1.05445050e+00  3.87e+00 1.12e+01  1.36e+02 *1.34e+01 1.66e-02  1.40e+01 3.43e+00 4.20e+00  3.63e-01 2.05e-02      5s
   3   5.94212870e+01  1.09382336e+00  3.40e+00 1.08e+01  1.31e+02 *9.30e+00 1.73e-02  1.31e+01 3.20e+00 3.59e+00  4.65e-01 3.81e-02      6s
   4   5.07986234e+01  1.22349276e+00  2.52e+00 9.54e+00  1.18e+02 *4.95e+00 1.96e-02  1.20e+01 2.91e+00 2.78e+00  6.84e-01 1.15e-01      7s
   5   2.26539022e+01  1.97217704e+00  4.16e-01 2.55e+00  4.05e+01 *4.62e-01 5.38e-02  1.04e+01 2.51e+00 1.34e+00  8.45e-01 7.32e-01      9s
   6   4.18362381e+01  3.09350762e+00  3.44e+00 2.02e+00  3.02e+01  1.57e+01 3.21e-02  1.42e+01 3.90e+00 4.48e+00  3.09e-01 2.07e-01     11s
   7   3.64684956e+01  3.10809178e+00  2.74e+00 1.92e+00  2.88e+01 *1.03e+01 1.53e-02  3.14e+01 1.11e+01 3.72e+00  4.97e-01 5.11e-02     12s
   8   3.31931167e+01  3.12389183e+00  2.38e+00 1.81e+00  2.73e+01 *3.70e+00 1.61e-02  2.84e+01 9.69e+00 2.40e+00  5.46e-01 5.69e-02     14s
   9   3.07023607e+01  3.13884960e+00  2.13e+00 1.71e+00  2.59e+01  2.00e+00 1.70e-02  2.79e+01 9.35e+00 1.79e+00  5.53e-01 5.76e-02     16s
  10   2.86446155e+01  3.15346962e+00  1.95e+00 1.61e+00  2.46e+01  1.54e+00 1.72e-02  2.83e+01 9.37e+00 1.46e+00  5.45e-01 5.49e-02     17s
  11   2.68343617e+01  3.17186989e+00  1.78e+00 1.53e+00  2.34e+01  1.52e+00 1.63e-02  2.91e+01 9.56e+00 1.28e+00  5.31e-01 5.12e-02     19s
  12   2.49597968e+01  3.23803123e+00  1.61e+00 1.45e+00  2.22e+01  1.56e+00 1.48e-02  2.98e+01 9.81e+00 1.24e+00  5.52e-01 5.62e-02     20s
  13   2.39475815e+01  3.27746578e+00  1.59e+00 1.35e+00  2.10e+01  1.79e+00 1.42e-02  3.01e+01 1.01e+01 1.33e+00  5.75e-01 6.41e-02     21s
  14   2.31344533e+01  3.30004987e+00  1.60e+00 1.28e+00  1.99e+01  2.07e+00 1.09e-02  3.24e+01 1.11e+01 1.47e+00  5.44e-01 5.54e-02     23s
  15   2.24898270e+01  3.31579418e+00  1.62e+00 1.21e+00  1.90e+01  2.40e+00 8.90e-03  3.48e+01 1.21e+01 1.62e+00  5.21e-01 4.99e-02     25s
  16   2.19974225e+01  3.32777939e+00  1.66e+00 1.16e+00  1.82e+01  2.78e+00 7.70e-03  3.71e+01 1.33e+01 1.77e+00  5.03e-01 4.56e-02     28s
  17   2.16455290e+01  3.33735656e+00  1.71e+00 1.11e+00  1.75e+01  3.23e+00 6.92e-03  3.95e+01 1.46e+01 1.93e+00  4.86e-01 4.21e-02     29s
  18   2.14244518e+01  3.34523141e+00  1.78e+00 1.07e+00  1.69e+01  3.74e+00 6.35e-03  4.19e+01 1.61e+01 2.08e+00  4.70e-01 3.89e-02     30s
  19   2.13244000e+01  3.35183716e+00  1.87e+00 1.03e+00  1.63e+01  4.32e+00 5.88e-03  4.44e+01 1.78e+01 2.24e+00  4.55e-01 3.60e-02     32s
  20   2.13356369e+01  3.35747049e+00  1.97e+00 9.94e-01  1.58e+01  4.96e+00 5.45e-03  4.68e+01 1.97e+01 2.39e+00  4.41e-01 3.34e-02     33s
  21   2.14489007e+01  3.36233901e+00  2.08e+00 9.63e-01  1.54e+01  5.66e+00 5.01e-03  4.93e+01 2.18e+01 2.54e+00  4.26e-01 3.09e-02     35s
  22   2.16557670e+01  3.36661374e+00  2.20e+00 9.35e-01  1.50e+01  6.42e+00 4.57e-03  5.17e+01 2.41e+01 2.70e+00  4.12e-01 2.86e-02     36s
  23   2.19490881e+01  3.37042777e+00  2.33e+00 9.11e-01  1.46e+01  7.26e+00 4.10e-03  5.41e+01 2.67e+01 2.85e+00  3.95e-01 2.65e-02     38s
  24   2.23230608e+01  3.37389301e+00  2.48e+00 8.88e-01  1.43e+01  8.17e+00 3.61e-03  5.64e+01 2.96e+01 3.00e+00  3.73e-01 2.45e-02     40s
  25   2.27742428e+01  3.37711587e+00  2.63e+00 8.68e-01  1.40e+01  9.18e+00 3.09e-03  5.87e+01 3.28e+01 3.16e+00  3.53e-01 2.27e-02     42s
  26   2.33026964e+01  3.38020691e+00  2.79e+00 8.50e-01  1.37e+01  1.03e+01 2.57e-03  6.09e+01 3.63e+01 3.32e+00  3.34e-01 2.12e-02     43s
  27   2.39114202e+01  3.38328800e+00  2.96e+00 8.33e-01  1.35e+01  1.15e+01 2.04e-03  6.31e+01 4.01e+01 3.49e+00  3.17e-01 1.98e-02     44s
  28   2.46103844e+01  3.38654458e+00  3.15e+00 8.17e-01  1.33e+01  1.29e+01 1.53e-03  6.53e+01 4.43e+01 3.66e+00  3.01e-01 1.87e-02     46s
  29   2.54233777e+01  3.39034910e+00  3.35e+00 8.03e-01  1.30e+01  1.45e+01 1.04e-03  6.75e+01 4.90e+01 3.85e+00  2.86e-01 1.79e-02     48s
  30   2.64241266e+01  3.39593664e+00  3.59e+00 7.88e-01  1.28e+01  1.64e+01 6.11e-04  6.98e+01 5.43e+01 4.06e+00  2.72e-01 1.80e-02     50s
  31   2.86542790e+01  3.42674501e+00  4.05e+00 7.64e-01  1.25e+01  1.88e+01 3.11e-04  7.23e+01 6.05e+01 4.32e+00  2.73e-01 3.06e-02     52s
  32   2.78848340e+01  3.42735840e+00  3.96e+00 7.61e-01  1.24e+01  2.30e+01 9.36e-04  7.77e+01 7.26e+01 4.86e+00  1.76e-01 3.84e-03     53s
  33   2.70332610e+01  3.42952348e+00  3.85e+00 7.58e-01  1.24e+01  2.37e+01 3.10e-04  7.58e+01 7.25e+01 4.87e+00  1.83e-01 4.21e-03     54s
  34   2.90455553e+01  3.43870192e+00  4.26e+00 7.43e-01  1.21e+01  2.49e+01 3.83e-04  7.38e+01 7.25e+01 4.99e+00  2.20e-01 1.96e-02     56s
  35   2.82464639e+01  3.43969516e+00  4.16e+00 7.41e-01  1.21e+01  2.94e+01 4.35e-04  7.81e+01 8.40e+01 5.44e+00  1.63e-01 3.27e-03     58s
  36   4.29042277e+01  3.62255677e+00  6.77e+00 6.67e-01  1.09e+01  3.05e+01 2.36e-04  7.62e+01 8.38e+01 5.52e+00  2.25e-01 9.97e-02     59s
  37   4.17176420e+01  3.62259870e+00  6.58e+00 6.67e-01  1.09e+01 *3.67e+02 1.37e-02  1.25e+02 1.85e+02 1.96e+01  3.37e-02 5.00e-04     60s

The solution quality is limited by the precision of the linear system solver.

The II-IPM stopped after 38 iterations in 60.42 seconds.

Primal variables:   [+0.556 +9.677 +0.459 +3.907 +2.454 +1.683 +21.987 +2.787]
Dual slacks:        [+3.762 +0.071 +3.832 +0.396 +0.327 +1.346 +0.031 +0.372]
Dual variables:     [+3.319 -6.735]

Primal objective:   4.17176420e+01 
Dual objective:     3.62259870e+00 

Primal residual:    6.58e+00
Dual residual:      6.67e-01
Complementraty:     1.09e+01

Number of Iter:     38
Run time:           60.42
