
================= Linear optimization problem Information =================
Number of variables:     8
Number of constraints:   2

Norm of primal sol:      5.00e+00
Norm of dual sol:        1.00e+01
Norm of dual slacks:     5.00e+00

Norm of vector b:        9.11e-01
Norm of vector c:        5.75e+00

Norm of matrix A:        1.00e+00
Condition number:        2.00e+00
Seed:                    60

======================= Linear optimization problem =======================
coeff matrix A:          [[-0.319 -0.056 -0.142 -0.313 -0.006 +0.036 +0.136 -0.351]
                          [+0.155 +0.389 -0.202 +0.606 +0.054 +0.504 -0.187 +0.090]]

RHS vector b:            [-0.459 +0.787]
Obj vector c:            [+0.936 -1.205 +2.457 +2.313 -0.364 -4.033 +0.512 +1.635]

============================ Optimal solution =============================
Primal variables:        [+1.662 +0.000 +1.785 +0.000 +3.132 +2.200 +2.096 +0.058]
Dual slacks:             [+0.000 +1.352 +0.000 +4.814 +0.000 +0.000 +0.000 +0.000]
Dual variables:          [-6.586 -7.525]

Optimal objective:       -2.90298892e+00
===========================================================================

Method:                  II-QIPM
LO_Precision:            1.00e-01
Stop_Precision:          1.00e-03
LO_Verbosity:            2
Omega:                   1.00e+01
num_ancillae:            4

The Quantum Inexact Infeasible Interior-Point Method starts running ...


                  Objective                Residual                      Quantum             Linear system           Step-length
Iter      Primal           Dual         Primal    Dual     Compl    ||Resl||   Prob    Cond-Num  ||M||   ||RHS||    a-star   a-hat      Time
   0   1.80416564e+01 -1.02380445e+01  5.89e+00 2.72e+01  6.62e+02  3.18e+02 1.75e-02  4.00e+00 1.00e+00 1.83e+01  4.25e-02 3.23e-02      2s
   1   1.38594413e+01 -1.71369535e+01  2.39e+00 1.96e+01  4.72e+02  6.78e+00 2.96e-02  2.65e+00 3.96e-01 3.15e+00  4.41e-01 2.78e-01      4s
   2   7.36030774e+00 -9.00544083e+00  6.36e+00 1.73e+01  3.89e+02 *3.72e+01 2.67e-02  4.15e+00 6.00e-01 6.62e+00  1.77e-01 1.16e-01      6s
   3   7.70107394e+00 -9.59802710e+00  6.04e+00 1.71e+01  3.83e+02  1.25e+01 2.38e-02  2.78e+00 5.03e-01 4.07e+00  2.70e-01 1.70e-02      7s
   4   7.87848572e+00 -9.94400038e+00  5.85e+00 1.68e+01  3.79e+02  8.63e+00 2.37e-02  2.79e+00 4.97e-01 3.48e+00  3.03e-01 1.34e-02      9s
   5   8.03050540e+00 -1.02684941e+01  5.66e+00 1.66e+01  3.73e+02  6.55e+00 2.34e-02  2.81e+00 4.96e-01 3.11e+00  3.28e-01 1.59e-02     11s
   6   8.15105014e+00 -1.05636894e+01  5.47e+00 1.62e+01  3.67e+02  4.70e+00 2.28e-02  2.82e+00 4.98e-01 2.73e+00  3.57e-01 1.89e-02     13s
   7   8.23142374e+00 -1.08204511e+01  5.27e+00 1.59e+01  3.59e+02  3.11e+00 2.19e-02  2.84e+00 5.03e-01 2.33e+00  3.89e-01 2.29e-02     15s
   8   8.25851549e+00 -1.10259018e+01  5.08e+00 1.54e+01  3.50e+02  1.78e+00 2.05e-02  2.87e+00 5.11e-01 1.93e+00  4.23e-01 2.79e-02     16s
   9   8.21701505e+00 -1.11671041e+01  4.89e+00 1.49e+01  3.39e+02  7.49e-01 1.84e-02  2.91e+00 5.25e-01 1.50e+00  4.57e-01 3.36e-02     18s
  10   8.09717671e+00 -1.12398744e+01  4.69e+00 1.43e+01  3.27e+02  6.50e-02 1.58e-02  2.96e+00 5.44e-01 1.06e+00  4.83e-01 3.88e-02     20s
  11   7.91214842e+00 -1.12594448e+01  4.51e+00 1.37e+01  3.15e+02 *2.31e-01 2.36e-02  3.03e+00 5.71e-01 6.39e-01  4.95e-01 4.13e-02     22s
  12   7.72059552e+00 -1.12555012e+01  4.33e+00 1.32e+01  3.04e+02 *2.43e-01 1.29e-01  3.10e+00 6.03e-01 4.17e-01  4.88e-01 3.99e-02     24s
  13   7.59379836e+00 -1.12243380e+01  4.15e+00 1.27e+01  2.93e+02 *2.14e-01 1.30e-01  3.19e+00 6.39e-01 6.90e-01  4.89e-01 4.01e-02     25s
  14   7.55355364e+00 -1.11122061e+01  3.95e+00 1.20e+01  2.80e+02 *2.21e-01 9.42e-02  3.28e+00 6.80e-01 1.18e+00  5.26e-01 4.87e-02     27s
  15   7.68014608e+00 -1.06756294e+01  3.73e+00 1.10e+01  2.58e+02 *1.44e+00 7.56e-02  3.38e+00 7.33e-01 1.80e+00  6.48e-01 8.93e-02     29s
  16   9.68182966e+00 -3.09243296e+00  4.18e+00 1.66e+00  4.44e+01 *4.26e+00 6.15e-02  3.50e+00 8.34e-01 2.62e+00  9.14e-01 8.49e-01     31s
  17   5.01986850e+00 -3.28118488e+00  3.01e+00 1.42e+00  3.84e+01  4.64e+00 4.42e-02  1.77e+00 4.43e+00 2.71e+00  5.35e-01 1.42e-01     32s
  18   3.05776869e+00 -3.30770985e+00  1.25e+00 5.51e-01  1.70e+01  2.40e-01 9.19e-02  2.32e+00 5.05e+00 5.98e-01  7.53e-01 6.12e-01     33s
  19   2.61461016e+00 -3.28836157e+00  1.53e+00 5.47e-01  1.69e+01 *4.15e+01 3.73e-02  3.95e+00 1.81e+01 6.96e+00  1.12e-01 7.17e-03     34s
  20   2.49383316e+00 -3.28050699e+00  1.63e+00 5.45e-01  1.69e+01 *2.66e+01 4.30e-02  3.68e+00 1.70e+01 5.68e+00  1.74e-01 4.00e-03     36s
  21   2.35547904e+00 -3.27022641e+00  1.76e+00 5.42e-01  1.68e+01 *2.23e+01 4.46e-02  3.59e+00 1.67e+01 5.25e+00  2.08e-01 5.95e-03     38s
  22   2.17401039e+00 -3.25471799e+00  1.92e+00 5.36e-01  1.66e+01 *1.77e+01 4.62e-02  3.49e+00 1.63e+01 4.74e+00  2.68e-01 1.07e-02     39s
  23   1.82688049e+00 -3.22093711e+00  2.24e+00 5.20e-01  1.61e+01 *1.24e+01 4.77e-02  3.36e+00 1.59e+01 4.06e+00  4.06e-01 3.03e-02     41s
  24  -1.05171396e+00 -2.92258994e+00  3.82e+00 2.58e-01  8.21e+00 *5.37e+00 5.05e-02  3.15e+00 1.55e+01 2.87e+00  7.40e-01 5.03e-01     43s
  25   4.12879015e+00 -2.97703973e+00  2.43e+00 2.34e-01  7.47e+00  1.30e+01 2.51e-02  2.61e+00 3.22e+01 4.14e+00  3.27e-01 9.16e-02     45s
  26   1.41823024e+00 -2.98402680e+00  1.62e+00 1.52e-01  5.05e+00  1.84e-01 1.97e-02  2.58e+00 2.94e+01 7.57e-01  6.73e-01 3.53e-01     47s
  27   3.18132517e+00 -2.92214132e+00  1.71e+00 4.30e-02  1.63e+00 *1.76e+00 1.29e-01  3.27e+00 5.29e+01 1.92e+00  9.62e-01 7.16e-01     48s
  28   1.14188182e+00 -2.91894060e+00  1.14e+00 2.67e-02  1.06e+00 *2.05e-01 1.02e-01  2.96e+00 1.93e+02 1.17e+00  7.34e-01 3.79e-01     50s
  29   2.32427113e+00 -2.91598553e+00  1.76e+00 2.50e-02  9.94e-01 *1.11e+01 1.13e-01  3.60e+00 3.79e+02 3.87e+00  4.62e-01 6.24e-02     52s
  30   2.56858526e+00 -2.91445557e+00  1.77e+00 2.20e-02  8.86e-01 *1.90e+00 1.21e-01  3.19e+00 3.65e+02 1.97e+00  9.90e-01 1.20e-01     54s
  31   2.56880021e+00 -2.91445436e+00  1.77e+00 2.20e-02  8.86e-01 *2.12e+00 1.16e-01  3.19e+00 4.22e+02 2.04e+00  9.75e-01 1.02e-04     56s

The solution quality is limited by the precision of the linear system solver.

The II-IPM stopped after 32 iterations in 56.48 seconds.

Primal variables:   [+4.098 +0.181 +10.605 +0.032 +13.729 +8.851 +13.937 +3.905]
Dual slacks:        [+0.015 +1.362 +0.010 +4.828 +0.008 +0.010 +0.004 +0.016]
Dual variables:     [-6.561 -7.524]

Primal objective:   2.56880021e+00 
Dual objective:     -2.91445436e+00

Primal residual:    1.77e+00
Dual residual:      2.20e-02
Complementraty:     8.86e-01

Number of Iter:     32
Run time:           56.48
