
================= Linear optimization problem Information =================
Number of variables:     8
Number of constraints:   2

Norm of primal sol:      5.00e+00
Norm of dual sol:        1.00e+01
Norm of dual slacks:     5.00e+00

Norm of vector b:        2.01e+00
Norm of vector c:        1.09e+01

Norm of matrix A:        1.12e+00
Condition number:        2.00e+00
Seed:                    1

======================= Linear optimization problem =======================
coeff matrix A:          [[-0.240 +0.076 +0.308 -0.077 -0.092 +0.289 +0.236 +0.216]
                          [+0.335 -0.410 -0.033 +0.369 +0.337 +0.275 -0.260 -0.466]]

RHS vector b:            [+0.914 -1.787]
Obj vector c:            [+8.422 -2.152 -2.996 +2.018 +2.048 -1.734 -3.129 -3.660]

============================ Optimal solution =============================
Primal variables:        [+0.000 +4.041 +0.000 +1.696 +0.823 +0.518 +1.045 +1.938]
Dual slacks:             [+5.000 +0.000 +0.001 +0.000 +0.000 +0.000 +0.000 +0.000]
Dual variables:          [-9.360 +3.520]

Optimal objective:       -1.48484511e+01
===========================================================================

Method:             II-QIPM
LO_Precision:       6.00e-02
Stop_Precision:     1.00e-03
LO_Verbosity:       2
Omega:              1.00e+01
num_ancillae:       4

The Quantum Inexact Infeasible Interior-Point Method starts running ...


                  Objective                Residual                      Quantum                    Step-length
Iter      Primal           Dual         Primal    Dual     Compl    ||Resl||   Prob    Cond-Num   a-star   a-hat      Time
   0   1.98954083e+01 -1.62454316e+01  2.10e+00 9.27e+00  2.86e+02 *5.32e-02 1.54e-01  4.00e+00  8.18e-01 6.98e-01      2s
   1   1.89807257e+01 -1.74545159e+01  1.84e+00 7.90e+00  2.48e+02 *3.07e-01 1.56e-02  1.95e+01  7.37e-01 1.47e-01      4s
   2   1.82365807e+01 -1.83363122e+01  1.62e+00 6.95e+00  2.21e+02 *3.54e-02 1.56e-02  2.23e+01  7.32e-01 1.21e-01      6s
   3   1.75237724e+01 -1.91471066e+01  1.40e+00 6.11e+00  1.97e+02 *1.81e-01 1.56e-02  2.54e+01  7.31e-01 1.21e-01      8s
   4   1.68429819e+01 -1.99033499e+01  1.18e+00 5.35e+00  1.76e+02 *3.86e-01 1.56e-02  2.95e+01  7.31e-01 1.24e-01      9s
   5   1.61828246e+01 -2.06142707e+01  9.59e-01 4.67e+00  1.55e+02 *5.78e-01 1.56e-02  3.51e+01  7.33e-01 1.27e-01     11s
   6   1.55235060e+01 -2.12842479e+01  7.38e-01 4.06e+00  1.37e+02 *7.54e-01 1.56e-02  4.28e+01  7.35e-01 1.32e-01     13s
   7   1.48491647e+01 -2.19088051e+01  5.20e-01 3.50e+00  1.20e+02 *9.17e-01 1.56e-02  5.37e+01  7.35e-01 1.36e-01     15s
   8   1.41597431e+01 -2.24765537e+01  3.16e-01 3.02e+00  1.05e+02 *1.07e+00 1.56e-02  6.93e+01  7.00e-01 1.39e-01     17s
   9   1.34880982e+01 -2.29699331e+01  1.64e-01 2.60e+00  9.18e+01 *1.23e+00 1.56e-02  9.17e+01  6.45e-01 1.37e-01     18s
  10   1.29031144e+01 -2.33724801e+01  1.88e-01 2.27e+00  8.10e+01 *1.40e+00 1.56e-02  1.23e+02  5.84e-01 1.28e-01     20s
  11   1.24811285e+01 -2.36792027e+01  3.20e-01 2.02e+00  7.26e+01 *1.62e+00 1.56e-02  1.64e+02  5.22e-01 1.12e-01     22s
  12   1.22609593e+01 -2.39002487e+01  4.54e-01 1.83e+00  6.65e+01 *1.88e+00 1.56e-02  2.13e+02  4.63e-01 9.10e-02     24s
  13   1.22265826e+01 -2.40564027e+01  5.75e-01 1.70e+00  6.20e+01 *2.19e+00 1.56e-02  2.64e+02  4.12e-01 7.16e-02     26s
  14   1.23354182e+01 -2.41674399e+01  6.84e-01 1.61e+00  5.88e+01 *2.56e+00 1.56e-02  3.13e+02  3.69e-01 5.57e-02     28s
  15   1.25448431e+01 -2.42485032e+01  7.83e-01 1.54e+00  5.64e+01 *2.96e+00 1.56e-02  3.57e+02  3.35e-01 4.39e-02     29s
  16   1.28224352e+01 -2.43094168e+01  8.74e-01 1.48e+00  5.45e+01 *3.40e+00 1.56e-02  3.95e+02  3.07e-01 3.51e-02     31s
  17   1.31456615e+01 -2.43564900e+01  9.60e-01 1.44e+00  5.30e+01 *3.86e+00 1.56e-02  4.26e+02  2.84e-01 2.86e-02     33s
  18   1.35001996e+01 -2.43938832e+01  1.04e+00 1.41e+00  5.19e+01 *4.35e+00 1.56e-02  4.53e+02  2.65e-01 2.38e-02     34s
  19   1.38756641e+01 -2.44242002e+01  1.12e+00 1.38e+00  5.09e+01 *4.85e+00 1.56e-02  4.75e+02  2.48e-01 2.01e-02     36s
  20   1.42654606e+01 -2.44492605e+01  1.19e+00 1.35e+00  5.01e+01 *5.38e+00 1.56e-02  4.93e+02  2.34e-01 1.72e-02     38s
  21   1.46655378e+01 -2.44703425e+01  1.26e+00 1.33e+00  4.94e+01 *5.92e+00 1.56e-02  5.08e+02  2.22e-01 1.50e-02     40s
  22   1.50720641e+01 -2.44882934e+01  1.33e+00 1.32e+00  4.88e+01 *6.47e+00 1.56e-02  5.21e+02  2.12e-01 1.31e-02     42s
  23   1.54831960e+01 -2.45037802e+01  1.39e+00 1.30e+00  4.82e+01 *7.04e+00 1.56e-02  5.32e+02  2.02e-01 1.16e-02     44s
  24   1.58972439e+01 -2.45172782e+01  1.46e+00 1.29e+00  4.78e+01 *7.63e+00 1.56e-02  5.41e+02  1.94e-01 1.04e-02     46s
  25   1.63132015e+01 -2.45291553e+01  1.52e+00 1.27e+00  4.74e+01 *8.23e+00 1.56e-02  5.49e+02  1.87e-01 9.34e-03     48s
  26   1.67301850e+01 -2.45396893e+01  1.58e+00 1.26e+00  4.70e+01 *8.84e+00 1.56e-02  5.56e+02  1.80e-01 8.45e-03     50s
  27   1.71472966e+01 -2.45490927e+01  1.64e+00 1.25e+00  4.67e+01 *9.47e+00 1.56e-02  5.62e+02  1.73e-01 7.69e-03     51s
  28   1.75647793e+01 -2.45575551e+01  1.70e+00 1.25e+00  4.63e+01 *1.01e+01 1.56e-02  5.67e+02  1.68e-01 7.05e-03     53s
  29   1.79815001e+01 -2.45651989e+01  1.76e+00 1.24e+00  4.61e+01 *1.08e+01 1.55e-02  5.71e+02  1.62e-01 6.47e-03     54s
  30   1.83973268e+01 -2.45721414e+01  1.82e+00 1.23e+00  4.58e+01 *1.14e+01 1.55e-02  5.75e+02  1.58e-01 5.97e-03     55s
  31   1.88127194e+01 -2.45784866e+01  1.88e+00 1.22e+00  4.56e+01 *1.21e+01 1.55e-02  5.78e+02  1.53e-01 5.54e-03     57s
  32   1.92270582e+01 -2.45843030e+01  1.93e+00 1.22e+00  4.54e+01 *1.28e+01 1.55e-02  5.81e+02  1.49e-01 5.15e-03     59s
  33   1.96402345e+01 -2.45896554e+01  1.99e+00 1.21e+00  4.52e+01 *1.35e+01 1.55e-02  5.84e+02  1.45e-01 4.80e-03     61s
  34   2.00522378e+01 -2.45945989e+01  2.04e+00 1.21e+00  4.50e+01 *1.42e+01 1.55e-02  5.86e+02  1.41e-01 4.49e-03     63s
  35   2.04631426e+01 -2.45991811e+01  2.10e+00 1.20e+00  4.48e+01 *1.49e+01 1.55e-02  5.88e+02  1.38e-01 4.21e-03     65s
  36   2.08726878e+01 -2.46034387e+01  2.15e+00 1.20e+00  4.46e+01 *1.57e+01 1.55e-02  5.90e+02  1.34e-01 3.96e-03     66s
  37   2.12810762e+01 -2.46074078e+01  2.20e+00 1.19e+00  4.45e+01 *1.64e+01 1.55e-02  5.91e+02  1.31e-01 3.73e-03     68s
  38   2.16881614e+01 -2.46111162e+01  2.26e+00 1.19e+00  4.43e+01 *1.72e+01 1.55e-02  5.93e+02  1.28e-01 3.52e-03     70s
  39   2.20942463e+01 -2.46145919e+01  2.31e+00 1.18e+00  4.42e+01 *1.79e+01 1.55e-02  5.94e+02  1.26e-01 3.33e-03     72s
  40   2.24988703e+01 -2.46178530e+01  2.36e+00 1.18e+00  4.41e+01 *1.87e+01 1.55e-02  5.95e+02  1.23e-01 3.16e-03     74s
  41   2.29024068e+01 -2.46209219e+01  2.41e+00 1.18e+00  4.39e+01 *1.95e+01 1.55e-02  5.96e+02  1.20e-01 3.00e-03     76s
  42   2.33048649e+01 -2.46238155e+01  2.46e+00 1.17e+00  4.38e+01 *2.03e+01 1.55e-02  5.97e+02  1.18e-01 2.85e-03     77s
  43   2.37058803e+01 -2.46265462e+01  2.51e+00 1.17e+00  4.37e+01 *2.11e+01 1.55e-02  5.98e+02  1.16e-01 2.71e-03     79s
  44   2.41059074e+01 -2.46291304e+01  2.57e+00 1.17e+00  4.36e+01 *2.20e+01 1.55e-02  5.98e+02  1.14e-01 2.59e-03     81s
  45   2.45050316e+01 -2.46315804e+01  2.62e+00 1.16e+00  4.35e+01 *2.28e+01 1.55e-02  5.99e+02  1.11e-01 2.47e-03     83s
  46   2.49029611e+01 -2.46339047e+01  2.66e+00 1.16e+00  4.34e+01 *2.37e+01 1.55e-02  6.00e+02  1.09e-01 2.37e-03     85s
  47   2.52994173e+01 -2.46361114e+01  2.71e+00 1.16e+00  4.33e+01 *2.45e+01 1.55e-02  6.00e+02  1.08e-01 2.26e-03     87s
  48   2.56953216e+01 -2.46382140e+01  2.76e+00 1.16e+00  4.32e+01 *2.54e+01 1.55e-02  6.01e+02  1.06e-01 2.17e-03     89s
  49   2.60896492e+01 -2.46402148e+01  2.81e+00 1.15e+00  4.32e+01 *2.63e+01 1.55e-02  6.01e+02  1.04e-01 2.08e-03     90s
  50   2.64833432e+01 -2.46421255e+01  2.86e+00 1.15e+00  4.31e+01 *2.72e+01 1.55e-02  6.01e+02  1.02e-01 2.00e-03     92s
  51   2.68761938e+01 -2.46439512e+01  2.91e+00 1.15e+00  4.30e+01 *2.81e+01 1.55e-02  6.02e+02  1.01e-01 1.92e-03     94s
  52   2.72676071e+01 -2.46456947e+01  2.96e+00 1.15e+00  4.29e+01 *2.90e+01 1.55e-02  6.02e+02  9.91e-02 1.85e-03     96s
  53   2.76585555e+01 -2.46473658e+01  3.01e+00 1.14e+00  4.29e+01 *2.99e+01 1.55e-02  6.02e+02  9.75e-02 1.78e-03     98s
  54   2.80484732e+01 -2.46489666e+01  3.05e+00 1.14e+00  4.28e+01 *3.09e+01 1.55e-02  6.02e+02  9.61e-02 1.72e-03    100s
  55   2.84371852e+01 -2.46505006e+01  3.10e+00 1.14e+00  4.27e+01 *3.18e+01 1.55e-02  6.03e+02  9.46e-02 1.65e-03    102s
  56   2.88252986e+01 -2.46519744e+01  3.15e+00 1.14e+00  4.27e+01 *3.28e+01 1.55e-02  6.03e+02  9.33e-02 1.60e-03    104s
  57   2.92126608e+01 -2.46533909e+01  3.20e+00 1.14e+00  4.26e+01 *3.37e+01 1.55e-02  6.03e+02  9.19e-02 1.54e-03    106s
  58   2.95991237e+01 -2.46547528e+01  3.24e+00 1.14e+00  4.25e+01 *3.47e+01 1.55e-02  6.03e+02  9.07e-02 1.49e-03    108s
  59   2.99845442e+01 -2.46560628e+01  3.29e+00 1.13e+00  4.25e+01 *3.57e+01 1.55e-02  6.03e+02  8.94e-02 1.44e-03    110s
  60   3.03691684e+01 -2.46573246e+01  3.34e+00 1.13e+00  4.24e+01 *3.67e+01 1.55e-02  6.03e+02  8.82e-02 1.40e-03    112s
  61   3.07532507e+01 -2.46585416e+01  3.38e+00 1.13e+00  4.24e+01 *3.77e+01 1.55e-02  6.03e+02  8.70e-02 1.35e-03    114s
  62   3.11366701e+01 -2.46597158e+01  3.43e+00 1.13e+00  4.23e+01 *3.88e+01 1.55e-02  6.03e+02  8.59e-02 1.31e-03    115s
  63   3.15189261e+01 -2.46608479e+01  3.48e+00 1.13e+00  4.23e+01 *3.98e+01 1.55e-02  6.03e+02  8.48e-02 1.27e-03    116s
  64   3.19006636e+01 -2.46619420e+01  3.52e+00 1.13e+00  4.22e+01 *4.09e+01 1.55e-02  6.03e+02  8.37e-02 1.23e-03    118s
  65   3.22817759e+01 -2.46629998e+01  3.57e+00 1.13e+00  4.22e+01 *4.19e+01 1.55e-02  6.03e+02  8.27e-02 1.20e-03    119s
  66   3.26621590e+01 -2.46640226e+01  3.61e+00 1.12e+00  4.21e+01 *4.30e+01 1.55e-02  6.03e+02  8.17e-02 1.16e-03    121s
  67   3.30420918e+01 -2.46650130e+01  3.66e+00 1.12e+00  4.21e+01 *4.41e+01 1.55e-02  6.03e+02  8.07e-02 1.13e-03    123s
  68   3.34211004e+01 -2.46659713e+01  3.70e+00 1.12e+00  4.20e+01 *4.51e+01 1.55e-02  6.03e+02  7.97e-02 1.10e-03    124s
  69   3.37994672e+01 -2.46668996e+01  3.75e+00 1.12e+00  4.20e+01 *4.62e+01 1.55e-02  6.03e+02  7.88e-02 1.07e-03    126s
  70   3.41771027e+01 -2.46677992e+01  3.80e+00 1.12e+00  4.20e+01 *4.74e+01 1.55e-02  6.03e+02  7.79e-02 1.04e-03    128s
  71   3.45542964e+01 -2.46686720e+01  3.84e+00 1.12e+00  4.19e+01 *4.85e+01 1.55e-02  6.03e+02  7.70e-02 1.01e-03    130s
  72   3.49309669e+01 -2.46695191e+01  3.89e+00 1.12e+00  4.19e+01 *4.96e+01 1.55e-02  6.03e+02  7.61e-02 9.86e-04    132s

The solution quality is limited by the precision of the linear system solver.

The II-IPM stopped after 73 iterations in 132.23 seconds.

Primal variables:   [+3.201 +119.113 +0.947 +11.666 +126.169 +0.584 +1.738 +2.292]
Dual slacks:        [+1.856 +0.022 +6.456 +0.495 +0.033 +7.469 +3.964 +2.607]
Dual variables:     [-29.282 -1.176]

Primal objective:   3.49309669e+01 
Dual objective:     -2.46695191e+01

Primal residual:    3.89e+00
Dual residual:      1.12e+00
Complementraty:     4.19e+01

Number of Iter:     73
Run time:           132.23
