
================= Linear optimization problem Information =================
Number of variables:     8
Number of constraints:   2

Norm of primal sol:      5.00e+00
Norm of dual sol:        1.00e+01
Norm of dual slacks:     5.00e+00

Norm of vector b:        1.59e+00
Norm of vector c:        7.56e+00

Norm of matrix A:        1.12e+00
Condition number:        2.00e+00
Seed:                    91

======================= Linear optimization problem =======================
coeff matrix A:          [[-0.201 -0.018 +0.058 +0.057 +0.180 +0.110 -0.419 -0.391]
                          [-0.428 +0.164 +0.300 +0.358 +0.290 +0.088 +0.179 -0.528]]

RHS vector b:            [-0.995 +1.236]
Obj vector c:            [-3.108 +0.271 +1.379 +1.528 +5.281 +1.294 -3.537 -1.031]

============================ Optimal solution =============================
Primal variables:        [+0.919 +1.504 +1.355 +0.427 +0.000 +3.315 +2.982 +0.000]
Dual slacks:             [+0.000 +0.000 +0.000 +0.000 +2.754 +0.000 +0.000 +4.174]
Dual variables:          [+9.618 +2.739]

Optimal objective:       -6.18327213e+00
===========================================================================

Method:             II-QIPM
LO_Precision:       4.00e-02
Stop_Precision:     1.00e-03
LO_Verbosity:       2
Omega:              1.00e+01
num_ancillae:       4

The Quantum Inexact Infeasible Interior-Point Method starts running ...


                  Objective                Residual                      Quantum                    Step-length
Iter      Primal           Dual         Primal    Dual     Compl    ||Resl||   Prob    Cond-Num   a-star   a-hat      Time
   0   3.48873484e+01 -3.33755456e+01  1.58e+00 7.54e+00  2.73e+02  4.40e-02 1.86e-01  4.00e+00  8.59e-01 7.36e-01      1s
   1   3.09723872e+01 -3.27137221e+01  1.09e+00 5.86e+00  2.18e+02  5.96e-01 1.57e-02  2.43e+01  6.50e-01 2.22e-01      3s
   2   2.79212636e+01 -3.20197645e+01  4.72e-01 4.35e+00  1.67e+02  1.33e+00 1.57e-02  2.78e+01  5.44e-01 2.58e-01      5s
   3   2.79339255e+01 -3.19631799e+01  3.92e-01 4.24e+00  1.64e+02  2.87e+00 1.57e-02  2.86e+01  3.91e-01 2.46e-02      6s
   4   2.79855254e+01 -3.19142612e+01  3.21e-01 4.15e+00  1.60e+02  3.12e+00 1.58e-02  2.82e+01  3.77e-01 2.13e-02      8s
   5   2.80700969e+01 -3.18686991e+01  2.53e-01 4.07e+00  1.58e+02  3.36e+00 1.59e-02  2.79e+01  3.66e-01 1.97e-02      9s
   6   2.81842993e+01 -3.18259700e+01  1.92e-01 4.00e+00  1.55e+02  3.61e+00 1.60e-02  2.75e+01  3.55e-01 1.84e-02     11s
   7   2.83257091e+01 -3.17855443e+01  1.40e-01 3.93e+00  1.53e+02  3.87e+00 1.62e-02  2.71e+01  3.45e-01 1.72e-02     12s
   8   2.84919866e+01 -3.17471200e+01  1.11e-01 3.86e+00  1.50e+02  4.13e+00 1.65e-02  2.67e+01  3.35e-01 1.61e-02     13s
   9   2.86814213e+01 -3.17103566e+01  1.20e-01 3.81e+00  1.48e+02  4.40e+00 1.68e-02  2.63e+01  3.26e-01 1.52e-02     14s
  10   2.88929191e+01 -3.16749166e+01  1.60e-01 3.75e+00  1.46e+02  4.68e+00 1.73e-02  2.59e+01  3.18e-01 1.43e-02     17s
  11   2.91251394e+01 -3.16405991e+01  2.13e-01 3.70e+00  1.45e+02  4.96e+00 1.78e-02  2.55e+01  3.11e-01 1.35e-02     18s
  12   2.93771395e+01 -3.16071856e+01  2.71e-01 3.65e+00  1.43e+02  5.26e+00 1.85e-02  2.51e+01  3.03e-01 1.28e-02     19s
  13   2.96490071e+01 -3.15743734e+01  3.32e-01 3.61e+00  1.41e+02  5.56e+00 1.94e-02  2.47e+01  2.97e-01 1.22e-02     20s
  14   2.99398262e+01 -3.15420331e+01  3.95e-01 3.57e+00  1.40e+02  5.87e+00 2.04e-02  2.44e+01  2.90e-01 1.16e-02     22s
  15   3.02499373e+01 -3.15099069e+01  4.58e-01 3.53e+00  1.38e+02  6.19e+00 2.17e-02  2.40e+01  2.84e-01 1.11e-02     23s
  16   3.05787098e+01 -3.14778599e+01  5.21e-01 3.49e+00  1.37e+02  6.53e+00 2.32e-02  2.37e+01  2.79e-01 1.06e-02     24s
  17   3.09272597e+01 -3.14455861e+01  5.85e-01 3.45e+00  1.36e+02  6.87e+00 2.50e-02  2.33e+01  2.74e-01 1.02e-02     25s
  18   3.12956626e+01 -3.14128827e+01  6.50e-01 3.42e+00  1.35e+02  7.22e+00 2.71e-02  2.30e+01  2.69e-01 9.77e-03     28s
  19   3.16848653e+01 -3.13794478e+01  7.15e-01 3.39e+00  1.33e+02  7.59e+00 2.96e-02  2.27e+01  2.65e-01 9.43e-03     29s
  20   3.20960963e+01 -3.13449232e+01  7.81e-01 3.36e+00  1.32e+02  7.97e+00 3.25e-02  2.24e+01  2.61e-01 9.12e-03     30s
  21   3.25308898e+01 -3.13088657e+01  8.49e-01 3.33e+00  1.31e+02  8.36e+00 3.59e-02  2.21e+01  2.57e-01 8.86e-03     32s
  22   3.29915785e+01 -3.12706655e+01  9.17e-01 3.30e+00  1.30e+02  8.77e+00 3.97e-02  2.18e+01  2.55e-01 8.65e-03     34s
  23   3.34805073e+01 -3.12295419e+01  9.87e-01 3.27e+00  1.29e+02  9.18e+00 4.41e-02  2.15e+01  2.53e-01 8.49e-03     35s
  24   3.40030818e+01 -3.11841607e+01  1.06e+00 3.24e+00  1.28e+02  9.60e+00 4.90e-02  2.12e+01  2.52e-01 8.43e-03     37s
  25   3.45659951e+01 -3.11325074e+01  1.13e+00 3.22e+00  1.27e+02  1.00e+01 5.44e-02  2.09e+01  2.52e-01 8.47e-03     39s
  26   3.51800113e+01 -3.10710226e+01  1.21e+00 3.19e+00  1.26e+02  1.04e+01 6.04e-02  2.06e+01  2.55e-01 8.70e-03     41s
  27   3.58676887e+01 -3.09920877e+01  1.30e+00 3.16e+00  1.25e+02  1.07e+01 6.69e-02  2.04e+01  2.63e-01 9.31e-03     43s
  28   3.66766671e+01 -3.08758721e+01  1.40e+00 3.12e+00  1.24e+02  1.08e+01 7.41e-02  2.01e+01  2.82e-01 1.08e-02     44s
  29   3.77746723e+01 -3.06330007e+01  1.53e+00 3.07e+00  1.22e+02  1.02e+01 8.21e-02  1.98e+01  3.37e-01 1.64e-02     46s
  30   4.08782768e+01 -2.67822430e+01  2.12e+00 2.59e+00  1.05e+02 *5.98e+00 9.21e-02  1.93e+01  7.60e-01 1.58e-01     48s
  31   3.96787534e+01 -2.65491880e+01  2.05e+00 2.52e+00  1.02e+02  1.13e+01 1.18e-01  1.75e+01  3.38e-01 2.57e-02     49s
  32   3.84225804e+01 -2.63152638e+01  2.03e+00 2.46e+00  9.99e+01  1.24e+01 1.12e-01  1.79e+01  3.30e-01 2.50e-02     50s
  33   3.70092550e+01 -2.60638233e+01  2.05e+00 2.39e+00  9.75e+01  1.36e+01 1.07e-01  1.82e+01  3.25e-01 2.56e-02     52s
  34   3.51907794e+01 -2.57541016e+01  2.13e+00 2.33e+00  9.49e+01  1.47e+01 1.01e-01  1.86e+01  3.28e-01 2.89e-02     54s
  35   3.16722507e+01 -2.51629876e+01  2.36e+00 2.22e+00  9.09e+01  1.51e+01 9.49e-02  1.91e+01  3.54e-01 4.65e-02     55s
  36  -1.74822991e+01 -8.93912648e+00  4.02e+00 5.09e-01  2.52e+01 *5.03e+00 8.27e-02  1.99e+01  9.11e-01 7.70e-01     56s
  37  -3.69328683e+00 -8.85552783e+00  3.16e+00 3.50e-01  1.75e+01  4.08e+00 1.54e-02  4.50e+01  4.42e-01 3.12e-01     58s
  38  -2.00438158e+00 -8.84967581e+00  3.16e+00 3.45e-01  1.73e+01  1.26e+01 2.97e-02  2.31e+01  2.32e-01 1.47e-02     60s
  39  -1.13692569e+00 -8.84642645e+00  3.16e+00 3.43e-01  1.72e+01  1.37e+01 3.70e-02  2.24e+01  2.28e-01 6.82e-03     61s
  40  -2.37766384e-01 -8.84286288e+00  3.16e+00 3.41e-01  1.71e+01  1.43e+01 4.13e-02  2.20e+01  2.27e-01 6.74e-03     64s
  41   7.06665345e-01 -8.83883303e+00  3.16e+00 3.38e-01  1.70e+01  1.49e+01 4.62e-02  2.17e+01  2.28e-01 6.77e-03     65s
  42   1.71217098e+00 -8.83409895e+00  3.16e+00 3.36e-01  1.69e+01  1.55e+01 5.16e-02  2.14e+01  2.30e-01 6.91e-03     66s
  43   2.80827923e+00 -8.82819298e+00  3.16e+00 3.34e-01  1.68e+01  1.60e+01 5.75e-02  2.10e+01  2.35e-01 7.27e-03     67s
  44   4.05449451e+00 -8.82002857e+00  3.15e+00 3.31e-01  1.66e+01  1.63e+01 6.41e-02  2.07e+01  2.47e-01 8.10e-03     68s
  45   5.63689928e+00 -8.80580869e+00  3.13e+00 3.27e-01  1.65e+01  1.60e+01 7.14e-02  2.04e+01  2.78e-01 1.06e-02     70s
  46   8.86214883e+00 -8.74813325e+00  3.04e+00 3.18e-01  1.61e+01 *1.32e+01 7.99e-02  2.00e+01  4.15e-01 2.75e-02     72s
  47  -2.23824452e+01 -7.31460237e+00  5.56e+00 1.47e-01  7.94e+00 *8.37e+00 9.36e-02  1.93e+01  7.87e-01 5.38e-01     74s
  48  -8.49865403e+00 -7.30596484e+00  5.51e+00 1.30e-01  7.01e+00  1.31e+01 1.48e-02  3.84e+01  2.33e-01 1.13e-01     75s
  49  -7.01990401e+00 -7.30526643e+00  5.53e+00 1.30e-01  6.98e+00  2.85e+01 2.21e-02  2.53e+01  1.55e-01 5.61e-03     76s
  50  -6.21809433e+00 -7.30487960e+00  5.54e+00 1.29e-01  6.96e+00  3.01e+01 2.44e-02  2.48e+01  1.53e-01 2.86e-03     77s
  51  -5.40639213e+00 -7.30448190e+00  5.56e+00 1.29e-01  6.94e+00  3.10e+01 2.58e-02  2.45e+01  1.51e-01 2.80e-03     79s
  52  -4.57923713e+00 -7.30406896e+00  5.57e+00 1.28e-01  6.93e+00  3.20e+01 2.73e-02  2.43e+01  1.50e-01 2.76e-03     80s
  53  -3.73650423e+00 -7.30363859e+00  5.58e+00 1.28e-01  6.91e+00  3.29e+01 2.90e-02  2.40e+01  1.49e-01 2.72e-03     82s
  54  -2.87631448e+00 -7.30318723e+00  5.59e+00 1.28e-01  6.89e+00  3.39e+01 3.08e-02  2.38e+01  1.48e-01 2.68e-03     83s
  55  -1.99481904e+00 -7.30270950e+00  5.60e+00 1.27e-01  6.87e+00  3.49e+01 3.27e-02  2.35e+01  1.48e-01 2.66e-03     84s
  56  -1.08952564e+00 -7.30219962e+00  5.62e+00 1.27e-01  6.86e+00  3.59e+01 3.49e-02  2.33e+01  1.47e-01 2.65e-03     85s
  57  -1.57580786e-01 -7.30165005e+00  5.63e+00 1.27e-01  6.84e+00  3.69e+01 3.71e-02  2.31e+01  1.47e-01 2.64e-03     86s
  58   8.07235503e-01 -7.30104895e+00  5.64e+00 1.26e-01  6.83e+00  3.79e+01 3.96e-02  2.29e+01  1.48e-01 2.65e-03     87s
  59   1.81223229e+00 -7.30037984e+00  5.66e+00 1.26e-01  6.81e+00  3.89e+01 4.22e-02  2.26e+01  1.48e-01 2.68e-03     88s
  60   2.86732065e+00 -7.29961795e+00  5.67e+00 1.26e-01  6.79e+00  3.98e+01 4.49e-02  2.24e+01  1.50e-01 2.74e-03     90s
  61   3.99056320e+00 -7.29872040e+00  5.68e+00 1.25e-01  6.77e+00  4.06e+01 4.78e-02  2.22e+01  1.53e-01 2.85e-03     92s
  62   5.21058590e+00 -7.29760976e+00  5.69e+00 1.25e-01  6.76e+00  4.12e+01 5.10e-02  2.20e+01  1.58e-01 3.04e-03     93s
  63   6.58456982e+00 -7.29611767e+00  5.69e+00 1.25e-01  6.73e+00  4.13e+01 5.43e-02  2.18e+01  1.66e-01 3.42e-03     95s
  64   8.26822316e+00 -7.29374376e+00  5.69e+00 1.24e-01  6.71e+00  4.03e+01 5.80e-02  2.15e+01  1.85e-01 4.31e-03     97s
  65   1.09668532e+01 -7.28762814e+00  5.66e+00 1.23e-01  6.66e+00 *3.58e+01 6.22e-02  2.13e+01  2.46e-01 7.99e-03     98s
  66   5.04413950e+01 -6.53970882e+00  5.66e+00 4.89e-02  2.83e+00 *9.94e+00 6.82e-02  2.09e+01  8.96e-01 6.02e-01     99s
  67   5.02104330e+01 -6.53841998e+00  5.61e+00 4.84e-02  2.80e+00 *1.16e+01 7.18e-02  1.50e+01  3.48e-01 1.08e-02    100s
  68   5.02102459e+01 -6.53841889e+00  5.61e+00 4.84e-02  2.80e+00 *1.21e+01 7.19e-02  1.51e+01  3.42e-01 9.33e-06    102s

The solution quality is limited by the precision of the linear system solver.

The II-IPM stopped after 69 iterations in 101.75 seconds.

Primal variables:   [+20.313 +7.314 +7.511 +6.414 +0.211 +73.634 +1.422 +0.164]
Dual slacks:        [+0.011 +0.040 +0.040 +0.047 +2.760 +0.003 +0.130 +4.207]
Dual variables:     [+9.822 +2.616]

Primal objective:   5.02102459e+01 
Dual objective:     -6.53841889e+00

Primal residual:    5.61e+00
Dual residual:      4.84e-02
Complementraty:     2.80e+00

Number of Iter:     69
Run time:           101.75
