
================= Linear optimization problem Information =================
Number of variables:     8
Number of constraints:   2

Norm of primal sol:      5.00e+00
Norm of dual sol:        1.00e+01
Norm of dual slacks:     5.00e+00

Norm of vector b:        1.73e+00
Norm of vector c:        1.20e+01

Norm of matrix A:        1.12e+00
Condition number:        2.00e+00
Seed:                    53

======================= Linear optimization problem =======================
coeff matrix A:          [[-0.112 +0.054 +0.335 -0.304 -0.084 +0.148 +0.075 +0.048]
                          [+0.026 +0.139 -0.457 -0.408 -0.078 +0.466 +0.507 -0.342]]

RHS vector b:            [+0.104 +1.730]
Obj vector c:            [+4.305 -1.452 +6.421 +4.466 +0.894 -4.823 -5.127 +3.318]

============================ Optimal solution =============================
Primal variables:        [+0.000 +2.078 +0.000 +1.304 +2.169 +1.984 +3.064 +0.979]
Dual slacks:             [+4.405 +0.000 +2.366 +0.000 +0.000 +0.000 +0.000 +0.000]
Dual variables:          [-1.406 -9.901]

Optimal objective:       -1.72784125e+01
===========================================================================

Method:             II-QIPM
LO_Precision:       6.00e-02
Stop_Precision:     1.00e-03
LO_Verbosity:       2
Omega:              1.00e+01
num_ancillae:       4

The Quantum Inexact Infeasible Interior-Point Method starts running ...


                  Objective                Residual                      Quantum                    Step-length
Iter      Primal           Dual         Primal    Dual     Compl    ||Resl||   Prob    Cond-Num   a-star   a-hat      Time
   0   3.70712432e+01 -1.06566771e+01  6.39e-01 5.03e+00  1.83e+02 *6.90e-03 2.61e-02  4.00e+00  9.10e-01 8.20e-01      2s
   1   2.31880742e+01 -1.26648126e+01  5.29e-01 3.29e+00  1.25e+02 *1.85e+00 3.57e-02  1.17e+01  7.03e-01 3.46e-01      4s
   2   1.75154859e+01 -1.33190594e+01  1.09e+00 2.70e+00  1.04e+02 *3.97e+00 4.96e-02  1.31e+01  6.06e-01 1.80e-01      6s
   3   1.43254298e+01 -1.36625909e+01  1.64e+00 2.37e+00  9.27e+01 *5.78e+00 5.80e-02  1.39e+01  5.47e-01 1.20e-01      8s
   4   1.23550109e+01 -1.38741612e+01  2.14e+00 2.17e+00  8.53e+01 *7.54e+00 6.40e-02  1.45e+01  5.03e-01 8.65e-02     10s
   5   1.10744486e+01 -1.40186618e+01  2.62e+00 2.03e+00  8.01e+01 *9.28e+00 6.85e-02  1.49e+01  4.68e-01 6.63e-02     12s
   6   1.02301124e+01 -1.41243391e+01  3.06e+00 1.92e+00  7.62e+01 *1.10e+01 7.20e-02  1.52e+01  4.39e-01 5.30e-02     14s
   7   9.68387188e+00 -1.42054662e+01  3.49e+00 1.83e+00  7.32e+01 *1.28e+01 7.47e-02  1.54e+01  4.15e-01 4.36e-02     16s
   8   9.35307048e+00 -1.42700898e+01  3.90e+00 1.77e+00  7.07e+01 *1.46e+01 7.71e-02  1.57e+01  3.94e-01 3.68e-02     18s
   9   9.18554049e+00 -1.43230053e+01  4.30e+00 1.71e+00  6.86e+01 *1.65e+01 7.90e-02  1.58e+01  3.75e-01 3.16e-02     20s
  10   9.14614151e+00 -1.43672371e+01  4.69e+00 1.66e+00  6.69e+01 *1.84e+01 8.08e-02  1.60e+01  3.59e-01 2.75e-02     22s
  11   9.20986133e+00 -1.44049429e+01  5.07e+00 1.62e+00  6.54e+01 *2.04e+01 8.23e-02  1.61e+01  3.44e-01 2.43e-02     24s
  12   9.35864725e+00 -1.44375035e+01  5.44e+00 1.59e+00  6.41e+01 *2.24e+01 8.36e-02  1.62e+01  3.31e-01 2.16e-02     26s
  13   9.57892128e+00 -1.44659844e+01  5.81e+00 1.56e+00  6.30e+01 *2.45e+01 8.48e-02  1.63e+01  3.18e-01 1.94e-02     28s
  14   9.86042553e+00 -1.44911695e+01  6.18e+00 1.53e+00  6.20e+01 *2.67e+01 8.58e-02  1.64e+01  3.07e-01 1.75e-02     30s
  15   1.01945251e+01 -1.45135992e+01  6.54e+00 1.51e+00  6.11e+01 *2.89e+01 8.68e-02  1.65e+01  2.97e-01 1.59e-02     31s
  16   1.05748593e+01 -1.45337483e+01  6.90e+00 1.48e+00  6.02e+01 *3.12e+01 8.77e-02  1.65e+01  2.87e-01 1.46e-02     33s
  17   1.09958683e+01 -1.45519595e+01  7.26e+00 1.46e+00  5.95e+01 *3.35e+01 8.85e-02  1.66e+01  2.78e-01 1.34e-02     35s
  18   1.14530286e+01 -1.45685140e+01  7.61e+00 1.45e+00  5.88e+01 *3.60e+01 8.93e-02  1.66e+01  2.70e-01 1.24e-02     37s
  19   1.19427057e+01 -1.45836444e+01  7.96e+00 1.43e+00  5.82e+01 *3.85e+01 9.00e-02  1.67e+01  2.62e-01 1.15e-02     39s
  20   1.24620319e+01 -1.45975445e+01  8.31e+00 1.41e+00  5.76e+01 *4.10e+01 9.06e-02  1.67e+01  2.54e-01 1.06e-02     41s
  21   1.30077139e+01 -1.46103513e+01  8.66e+00 1.40e+00  5.71e+01 *4.37e+01 9.12e-02  1.68e+01  2.47e-01 9.92e-03     43s
  22   1.35773719e+01 -1.46221952e+01  9.01e+00 1.39e+00  5.66e+01 *4.64e+01 9.17e-02  1.68e+01  2.41e-01 9.27e-03     45s
  23   1.41690481e+01 -1.46331877e+01  9.36e+00 1.38e+00  5.62e+01 *4.91e+01 9.22e-02  1.68e+01  2.35e-01 8.68e-03     47s
  24   1.47817737e+01 -1.46434354e+01  9.71e+00 1.36e+00  5.58e+01 *5.20e+01 9.27e-02  1.69e+01  2.29e-01 8.17e-03     48s
  25   1.54124883e+01 -1.46529911e+01  1.01e+01 1.35e+00  5.54e+01 *5.49e+01 9.32e-02  1.69e+01  2.23e-01 7.68e-03     50s
  26   1.60607467e+01 -1.46619394e+01  1.04e+01 1.34e+00  5.50e+01 *5.79e+01 9.36e-02  1.69e+01  2.18e-01 7.24e-03     52s
  27   1.67251470e+01 -1.46703362e+01  1.07e+01 1.33e+00  5.47e+01 *6.10e+01 9.40e-02  1.69e+01  2.13e-01 6.84e-03     53s
  28   1.74044580e+01 -1.46782314e+01  1.11e+01 1.33e+00  5.43e+01 *6.41e+01 9.44e-02  1.70e+01  2.08e-01 6.48e-03     55s
  29   1.80976061e+01 -1.46856694e+01  1.14e+01 1.32e+00  5.40e+01 *6.73e+01 9.47e-02  1.70e+01  2.03e-01 6.14e-03     56s
  30   1.88036627e+01 -1.46926898e+01  1.18e+01 1.31e+00  5.37e+01 *7.06e+01 9.50e-02  1.70e+01  1.99e-01 5.83e-03     58s
  31   1.95218329e+01 -1.46993280e+01  1.21e+01 1.30e+00  5.35e+01 *7.40e+01 9.53e-02  1.70e+01  1.95e-01 5.54e-03     59s
  32   2.02514456e+01 -1.47056159e+01  1.25e+01 1.30e+00  5.32e+01 *7.74e+01 9.56e-02  1.70e+01  1.91e-01 5.27e-03     61s
  33   2.09912037e+01 -1.47115762e+01  1.28e+01 1.29e+00  5.30e+01 *8.10e+01 9.59e-02  1.70e+01  1.87e-01 5.02e-03     63s
  34   2.17413570e+01 -1.47172412e+01  1.32e+01 1.28e+00  5.27e+01 *8.46e+01 9.62e-02  1.70e+01  1.83e-01 4.80e-03     65s
  35   2.25007949e+01 -1.47226287e+01  1.35e+01 1.28e+00  5.25e+01 *8.82e+01 9.64e-02  1.71e+01  1.79e-01 4.58e-03     66s
  36   2.32692122e+01 -1.47277607e+01  1.38e+01 1.27e+00  5.23e+01 *9.20e+01 9.66e-02  1.71e+01  1.76e-01 4.38e-03     68s
  37   2.40456147e+01 -1.47326519e+01  1.42e+01 1.27e+00  5.21e+01 *9.58e+01 9.69e-02  1.71e+01  1.72e-01 4.19e-03     70s
  38   2.48298246e+01 -1.47373209e+01  1.45e+01 1.26e+00  5.19e+01 *9.97e+01 9.71e-02  1.71e+01  1.69e-01 4.02e-03     71s
  39   2.56217435e+01 -1.47417844e+01  1.49e+01 1.26e+00  5.17e+01 *1.04e+02 9.73e-02  1.71e+01  1.66e-01 3.85e-03     72s
  40   2.64205471e+01 -1.47460536e+01  1.52e+01 1.25e+00  5.16e+01 *1.08e+02 9.75e-02  1.71e+01  1.63e-01 3.70e-03     74s
  41   2.72262415e+01 -1.47501429e+01  1.56e+01 1.25e+00  5.14e+01 *1.12e+02 9.76e-02  1.71e+01  1.60e-01 3.55e-03     75s
  42   2.80380869e+01 -1.47540615e+01  1.59e+01 1.24e+00  5.12e+01 *1.16e+02 9.78e-02  1.71e+01  1.58e-01 3.42e-03     77s
  43   2.88561827e+01 -1.47578219e+01  1.62e+01 1.24e+00  5.11e+01 *1.20e+02 9.80e-02  1.71e+01  1.55e-01 3.29e-03     79s
  44   2.96790410e+01 -1.47614283e+01  1.66e+01 1.24e+00  5.09e+01 *1.25e+02 9.81e-02  1.71e+01  1.52e-01 3.16e-03     80s
  45   3.05084699e+01 -1.47648989e+01  1.69e+01 1.23e+00  5.08e+01 *1.29e+02 9.83e-02  1.71e+01  1.50e-01 3.05e-03     82s
  46   3.13422366e+01 -1.47682331e+01  1.73e+01 1.23e+00  5.06e+01 *1.34e+02 9.84e-02  1.71e+01  1.47e-01 2.94e-03     84s
  47   3.21814074e+01 -1.47714441e+01  1.76e+01 1.22e+00  5.05e+01 *1.38e+02 9.85e-02  1.72e+01  1.45e-01 2.84e-03     86s
  48   3.30246027e+01 -1.47745341e+01  1.80e+01 1.22e+00  5.04e+01 *1.43e+02 9.87e-02  1.72e+01  1.43e-01 2.74e-03     87s
  49   3.38729676e+01 -1.47775148e+01  1.83e+01 1.22e+00  5.03e+01 *1.48e+02 9.88e-02  1.72e+01  1.40e-01 2.65e-03     89s
  50   3.47251688e+01 -1.47803880e+01  1.86e+01 1.21e+00  5.02e+01 *1.53e+02 9.89e-02  1.72e+01  1.38e-01 2.56e-03     91s
  51   3.55815659e+01 -1.47831613e+01  1.90e+01 1.21e+00  5.00e+01 *1.57e+02 9.90e-02  1.72e+01  1.36e-01 2.47e-03     93s
  52   3.64417010e+01 -1.47858388e+01  1.93e+01 1.21e+00  4.99e+01 *1.62e+02 9.91e-02  1.72e+01  1.34e-01 2.39e-03     95s
  53   3.73051266e+01 -1.47884246e+01  1.97e+01 1.21e+00  4.98e+01 *1.68e+02 9.92e-02  1.72e+01  1.32e-01 2.32e-03     97s
  54   3.81722736e+01 -1.47909251e+01  2.00e+01 1.20e+00  4.97e+01 *1.73e+02 9.93e-02  1.72e+01  1.30e-01 2.25e-03     99s
  55   3.90427400e+01 -1.47933436e+01  2.03e+01 1.20e+00  4.96e+01 *1.78e+02 9.94e-02  1.72e+01  1.28e-01 2.18e-03    101s
  56   3.99170072e+01 -1.47956859e+01  2.07e+01 1.20e+00  4.95e+01 *1.83e+02 9.95e-02  1.72e+01  1.27e-01 2.11e-03    102s
  57   4.07938367e+01 -1.47979525e+01  2.10e+01 1.20e+00  4.94e+01 *1.89e+02 9.96e-02  1.72e+01  1.25e-01 2.05e-03    104s
  58   4.16737326e+01 -1.48001487e+01  2.14e+01 1.19e+00  4.93e+01 *1.94e+02 9.97e-02  1.72e+01  1.23e-01 1.99e-03    106s
  59   4.25563492e+01 -1.48022772e+01  2.17e+01 1.19e+00  4.93e+01 *2.00e+02 9.98e-02  1.72e+01  1.22e-01 1.93e-03    108s
  60   4.34413480e+01 -1.48043404e+01  2.21e+01 1.19e+00  4.92e+01 *2.05e+02 9.99e-02  1.72e+01  1.20e-01 1.87e-03    109s
  61   4.43292859e+01 -1.48063429e+01  2.24e+01 1.19e+00  4.91e+01 *2.11e+02 9.99e-02  1.72e+01  1.18e-01 1.82e-03    111s
  62   4.52198592e+01 -1.48082868e+01  2.28e+01 1.18e+00  4.90e+01 *2.17e+02 1.00e-01  1.72e+01  1.17e-01 1.77e-03    112s
  63   4.61127702e+01 -1.48101743e+01  2.31e+01 1.18e+00  4.89e+01 *2.22e+02 1.00e-01  1.72e+01  1.15e-01 1.72e-03    114s
  64   4.70077267e+01 -1.48120072e+01  2.34e+01 1.18e+00  4.89e+01 *2.28e+02 1.00e-01  1.72e+01  1.14e-01 1.67e-03    116s
  65   4.79053403e+01 -1.48137895e+01  2.38e+01 1.18e+00  4.88e+01 *2.34e+02 1.00e-01  1.72e+01  1.12e-01 1.63e-03    118s
  66   4.88044495e+01 -1.48155209e+01  2.41e+01 1.18e+00  4.87e+01 *2.40e+02 1.00e-01  1.72e+01  1.11e-01 1.59e-03    120s
  67   4.97065824e+01 -1.48172067e+01  2.45e+01 1.17e+00  4.86e+01 *2.47e+02 1.00e-01  1.72e+01  1.10e-01 1.55e-03    122s
  68   5.06096976e+01 -1.48188451e+01  2.48e+01 1.17e+00  4.86e+01 *2.53e+02 1.00e-01  1.72e+01  1.08e-01 1.51e-03    123s
  69   5.15144351e+01 -1.48204393e+01  2.52e+01 1.17e+00  4.85e+01 *2.59e+02 1.00e-01  1.72e+01  1.07e-01 1.47e-03    124s
  70   5.24223675e+01 -1.48219938e+01  2.55e+01 1.17e+00  4.84e+01 *2.66e+02 1.00e-01  1.72e+01  1.06e-01 1.43e-03    127s
  71   5.33305624e+01 -1.48235054e+01  2.58e+01 1.17e+00  4.84e+01 *2.72e+02 1.01e-01  1.72e+01  1.05e-01 1.39e-03    128s
  72   5.42415011e+01 -1.48249798e+01  2.62e+01 1.17e+00  4.83e+01 *2.79e+02 1.01e-01  1.72e+01  1.03e-01 1.36e-03    129s
  73   5.51531615e+01 -1.48264154e+01  2.65e+01 1.16e+00  4.83e+01 *2.85e+02 1.01e-01  1.72e+01  1.02e-01 1.33e-03    131s
  74   5.60671451e+01 -1.48278162e+01  2.69e+01 1.16e+00  4.82e+01 *2.92e+02 1.01e-01  1.72e+01  1.01e-01 1.30e-03    133s
  75   5.69823459e+01 -1.48291818e+01  2.72e+01 1.16e+00  4.82e+01 *2.99e+02 1.01e-01  1.72e+01  9.98e-02 1.27e-03    135s
  76   5.78985606e+01 -1.48305134e+01  2.76e+01 1.16e+00  4.81e+01 *3.06e+02 1.01e-01  1.72e+01  9.87e-02 1.24e-03    137s
  77   5.88165074e+01 -1.48318132e+01  2.79e+01 1.16e+00  4.80e+01 *3.13e+02 1.01e-01  1.72e+01  9.77e-02 1.21e-03    139s
  78   5.97360053e+01 -1.48330823e+01  2.82e+01 1.16e+00  4.80e+01 *3.20e+02 1.01e-01  1.72e+01  9.66e-02 1.18e-03    141s
  79   6.06568754e+01 -1.48343215e+01  2.86e+01 1.16e+00  4.79e+01 *3.27e+02 1.01e-01  1.72e+01  9.56e-02 1.15e-03    143s
  80   6.15789419e+01 -1.48355316e+01  2.89e+01 1.16e+00  4.79e+01 *3.34e+02 1.01e-01  1.72e+01  9.45e-02 1.13e-03    145s
  81   6.25020315e+01 -1.48367135e+01  2.93e+01 1.15e+00  4.78e+01 *3.41e+02 1.01e-01  1.73e+01  9.36e-02 1.10e-03    147s
  82   6.34259740e+01 -1.48378681e+01  2.96e+01 1.15e+00  4.78e+01 *3.48e+02 1.01e-01  1.73e+01  9.26e-02 1.08e-03    149s
  83   6.43515270e+01 -1.48389972e+01  3.00e+01 1.15e+00  4.78e+01 *3.56e+02 1.01e-01  1.73e+01  9.16e-02 1.05e-03    150s
  84   6.52776121e+01 -1.48401003e+01  3.03e+01 1.15e+00  4.77e+01 *3.63e+02 1.01e-01  1.73e+01  9.07e-02 1.03e-03    151s
  85   6.62059226e+01 -1.48411805e+01  3.06e+01 1.15e+00  4.77e+01 *3.71e+02 1.01e-01  1.73e+01  8.98e-02 1.01e-03    152s
  86   6.71335375e+01 -1.48422351e+01  3.10e+01 1.15e+00  4.76e+01 *3.79e+02 1.01e-01  1.73e+01  8.89e-02 9.88e-04    154s

The solution quality is limited by the precision of the linear system solver.

The II-IPM stopped after 87 iterations in 154.19 seconds.

Primal variables:   [+2.260 +12.738 +2.522 +133.529 +17.191 +15.639 +97.944 +7.735]
Dual slacks:        [+4.286 +0.401 +4.164 +0.023 +0.264 +0.286 +0.030 +0.946]
Dual variables:     [-4.186 -8.327]

Primal objective:   6.71335375e+01 
Dual objective:     -1.48422351e+01

Primal residual:    3.10e+01
Dual residual:      1.15e+00
Complementraty:     4.76e+01

Number of Iter:     87
Run time:           154.19
