
================= Linear optimization problem Information =================
Number of variables:     8
Number of constraints:   2

Norm of primal sol:      5.00e+00
Norm of dual sol:        1.00e+01
Norm of dual slacks:     5.00e+00

Norm of vector b:        3.31e+00
Norm of vector c:        7.74e+00

Norm of matrix A:        1.12e+00
Condition number:        2.00e+00
Seed:                    28

======================= Linear optimization problem =======================
coeff matrix A:          [[-0.195 -0.316 -0.096 +0.014 -0.182 -0.062 +0.305 +0.053]
                          [+0.326 +0.490 -0.163 -0.401 +0.270 -0.343 +0.217 +0.445]]

RHS vector b:            [-1.374 +3.010]
Obj vector c:            [+1.040 +1.408 -1.842 -2.823 +0.725 +1.787 +5.356 +3.609]

============================ Optimal solution =============================
Primal variables:        [+2.373 +1.827 +0.407 +1.294 +2.543 +0.000 +0.000 +2.778]
Dual slacks:             [+0.000 +0.000 +0.000 +0.000 +0.000 +4.708 +1.683 +0.000]
Dual variables:          [+6.851 +7.285]

Optimal objective:       +1.25113822e+01
===========================================================================

Method:             II-QIPM
LO_Precision:       1.00e-01
Stop_Precision:     1.00e-03
LO_Verbosity:       2
Omega:              1.00e+01
num_ancillae:       4

The Quantum Inexact Infeasible Interior-Point Method starts running ...


                  Objective                Residual                      Quantum                    Step-length
Iter      Primal           Dual         Primal    Dual     Compl    ||Resl||   Prob    Cond-Num   a-star   a-hat      Time
   0   7.62956994e+01 -1.41971404e+01  2.16e+00 8.70e+00  3.25e+02  2.89e-02 1.99e-01  4.00e+00  7.96e-01 6.65e-01      1s
   1   7.09705233e+01 -1.17353560e+01  1.83e+00 7.37e+00  2.81e+02  2.66e-02 1.58e-02  4.41e+00  7.43e-01 1.52e-01      3s
   2   6.58306423e+01 -9.28828708e+00  1.54e+00 6.22e+00  2.41e+02 *5.71e-02 1.61e-02  4.80e+00  7.79e-01 1.56e-01      4s
   3   5.99595002e+01 -6.48047267e+00  1.24e+00 5.04e+00  2.00e+02 *3.58e-02 1.65e-02  5.28e+00  8.23e-01 1.90e-01      6s
   4   5.28330267e+01 -3.18185610e+00  9.39e-01 3.79e+00  1.56e+02 *5.18e-02 1.71e-02  5.96e+00  8.82e-01 2.48e-01      8s
   5   4.39750107e+01  6.56605962e-01  6.26e-01 2.46e+00  1.07e+02 *9.02e-02 1.77e-02  7.09e+00  9.02e-01 3.51e-01     10s
   6   3.48780533e+01  4.42747152e+00  2.67e-01 1.21e+00  5.94e+01 *2.06e-01 1.74e-02  9.33e+00  8.23e-01 5.09e-01     12s
   7   3.23366836e+01  5.82773542e+00  4.97e-01 7.06e-01  3.75e+01 *1.22e+00 1.66e-02  1.54e+01  6.52e-01 4.15e-01     14s
   8   3.29136112e+01  5.96658352e+00  7.29e-01 6.36e-01  3.42e+01  2.93e+00 1.56e-02  2.97e+01  4.68e-01 9.84e-02     15s
   9   3.35473814e+01  6.03978258e+00  9.13e-01 5.96e-01  3.22e+01  3.63e+00 1.54e-02  3.76e+01  4.28e-01 6.43e-02     17s
  10   3.41832804e+01  6.08737763e+00  1.07e+00 5.67e-01  3.07e+01  4.22e+00 1.53e-02  4.47e+01  4.00e-01 4.81e-02     19s
  11   3.48110785e+01  6.12153290e+00  1.21e+00 5.45e-01  2.97e+01  4.78e+00 1.52e-02  5.12e+01  3.77e-01 3.83e-02     21s
  12   3.54299346e+01  6.14760058e+00  1.34e+00 5.28e-01  2.88e+01  5.32e+00 1.52e-02  5.72e+01  3.59e-01 3.17e-02     23s
  13   3.60394344e+01  6.16829456e+00  1.46e+00 5.14e-01  2.81e+01  5.85e+00 1.52e-02  6.29e+01  3.42e-01 2.69e-02     25s
  14   3.66419513e+01  6.18526193e+00  1.58e+00 5.02e-01  2.75e+01  6.39e+00 1.51e-02  6.82e+01  3.28e-01 2.33e-02     26s
  15   3.72380348e+01  6.19947926e+00  1.69e+00 4.92e-01  2.70e+01  6.94e+00 1.51e-02  7.32e+01  3.15e-01 2.05e-02     28s
  16   3.78278356e+01  6.21159117e+00  1.79e+00 4.83e-01  2.65e+01  7.49e+00 1.51e-02  7.79e+01  3.03e-01 1.82e-02     30s
  17   3.84129919e+01  6.22207639e+00  1.89e+00 4.75e-01  2.61e+01  8.05e+00 1.51e-02  8.24e+01  2.92e-01 1.63e-02     32s
  18   3.89935069e+01  6.23125151e+00  1.99e+00 4.68e-01  2.58e+01  8.63e+00 1.51e-02  8.65e+01  2.82e-01 1.47e-02     35s
  19   3.95698350e+01  6.23936029e+00  2.09e+00 4.61e-01  2.55e+01  9.21e+00 1.51e-02  9.04e+01  2.73e-01 1.34e-02     36s
  20   4.01433616e+01  6.24660034e+00  2.18e+00 4.56e-01  2.52e+01  9.81e+00 1.51e-02  9.41e+01  2.65e-01 1.23e-02     38s
  21   4.07140701e+01  6.25310737e+00  2.28e+00 4.51e-01  2.49e+01  1.04e+01 1.51e-02  9.75e+01  2.57e-01 1.13e-02     41s
  22   4.12815800e+01  6.25898587e+00  2.37e+00 4.46e-01  2.47e+01  1.11e+01 1.51e-02  1.01e+02  2.49e-01 1.04e-02     43s
  23   4.18467981e+01  6.26433312e+00  2.46e+00 4.42e-01  2.45e+01  1.17e+01 1.51e-02  1.04e+02  2.42e-01 9.63e-03     45s
  24   4.24102346e+01  6.26922391e+00  2.54e+00 4.38e-01  2.43e+01  1.24e+01 1.51e-02  1.07e+02  2.35e-01 8.96e-03     47s
  25   4.29714045e+01  6.27371160e+00  2.63e+00 4.34e-01  2.41e+01  1.30e+01 1.51e-02  1.09e+02  2.29e-01 8.36e-03     49s
  26   4.35310247e+01  6.27785024e+00  2.72e+00 4.31e-01  2.39e+01  1.37e+01 1.51e-02  1.12e+02  2.23e-01 7.82e-03     51s
  27   4.40887979e+01  6.28167776e+00  2.80e+00 4.28e-01  2.38e+01  1.44e+01 1.51e-02  1.14e+02  2.17e-01 7.33e-03     54s
  28   4.46450459e+01  6.28523060e+00  2.89e+00 4.25e-01  2.36e+01  1.51e+01 1.51e-02  1.17e+02  2.12e-01 6.89e-03     55s
  29   4.52001603e+01  6.28854015e+00  2.97e+00 4.22e-01  2.35e+01  1.59e+01 1.51e-02  1.19e+02  2.07e-01 6.50e-03     58s
  30   4.57540419e+01  6.29163042e+00  3.06e+00 4.19e-01  2.33e+01  1.66e+01 1.51e-02  1.21e+02  2.02e-01 6.13e-03     60s
  31   4.63071887e+01  6.29452548e+00  3.14e+00 4.17e-01  2.32e+01  1.74e+01 1.51e-02  1.23e+02  1.98e-01 5.80e-03     62s
  32   4.68590475e+01  6.29724082e+00  3.22e+00 4.15e-01  2.31e+01  1.82e+01 1.51e-02  1.24e+02  1.93e-01 5.50e-03     64s
  33   4.74101911e+01  6.29979558e+00  3.31e+00 4.12e-01  2.30e+01  1.90e+01 1.51e-02  1.26e+02  1.89e-01 5.22e-03     66s
  34   4.79601378e+01  6.30220169e+00  3.39e+00 4.10e-01  2.29e+01  1.98e+01 1.51e-02  1.28e+02  1.85e-01 4.95e-03     68s
  35   4.85095236e+01  6.30447457e+00  3.47e+00 4.08e-01  2.28e+01  2.06e+01 1.51e-02  1.29e+02  1.81e-01 4.72e-03     70s
  36   4.90579283e+01  6.30662350e+00  3.55e+00 4.07e-01  2.27e+01  2.15e+01 1.51e-02  1.31e+02  1.77e-01 4.49e-03     72s
  37   4.96060425e+01  6.30866104e+00  3.63e+00 4.05e-01  2.26e+01  2.23e+01 1.51e-02  1.32e+02  1.74e-01 4.29e-03     74s
  38   5.01534988e+01  6.31059445e+00  3.71e+00 4.03e-01  2.25e+01  2.32e+01 1.51e-02  1.33e+02  1.70e-01 4.10e-03     76s
  39   5.06999416e+01  6.31243043e+00  3.79e+00 4.02e-01  2.24e+01  2.41e+01 1.51e-02  1.35e+02  1.67e-01 3.92e-03     78s
  40   5.12461191e+01  6.31417864e+00  3.87e+00 4.00e-01  2.23e+01  2.50e+01 1.51e-02  1.36e+02  1.64e-01 3.75e-03     81s
  41   5.17917202e+01  6.31584435e+00  3.95e+00 3.99e-01  2.23e+01  2.60e+01 1.51e-02  1.37e+02  1.61e-01 3.60e-03     83s
  42   5.23369883e+01  6.31743405e+00  4.03e+00 3.97e-01  2.22e+01  2.69e+01 1.51e-02  1.38e+02  1.58e-01 3.45e-03     85s
  43   5.28816408e+01  6.31895209e+00  4.11e+00 3.96e-01  2.21e+01  2.79e+01 1.51e-02  1.39e+02  1.55e-01 3.31e-03     87s
  44   5.34259472e+01  6.32040399e+00  4.19e+00 3.95e-01  2.21e+01  2.88e+01 1.51e-02  1.40e+02  1.53e-01 3.18e-03     89s
  45   5.39701947e+01  6.32179475e+00  4.27e+00 3.93e-01  2.20e+01  2.98e+01 1.51e-02  1.41e+02  1.50e-01 3.06e-03     92s
  46   5.45135989e+01  6.32312628e+00  4.34e+00 3.92e-01  2.20e+01  3.09e+01 1.51e-02  1.42e+02  1.47e-01 2.95e-03     94s
  47   5.50570026e+01  6.32440430e+00  4.42e+00 3.91e-01  2.19e+01  3.19e+01 1.51e-02  1.42e+02  1.45e-01 2.84e-03     96s
  48   5.56001871e+01  6.32563151e+00  4.50e+00 3.90e-01  2.18e+01  3.29e+01 1.51e-02  1.43e+02  1.43e-01 2.74e-03     98s
  49   5.61423960e+01  6.32680927e+00  4.58e+00 3.89e-01  2.18e+01  3.40e+01 1.51e-02  1.44e+02  1.40e-01 2.64e-03     99s
  50   5.66850387e+01  6.32794348e+00  4.66e+00 3.88e-01  2.17e+01  3.51e+01 1.51e-02  1.45e+02  1.38e-01 2.55e-03    101s
  51   5.72273880e+01  6.32903507e+00  4.73e+00 3.87e-01  2.17e+01  3.62e+01 1.51e-02  1.45e+02  1.36e-01 2.46e-03    103s
  52   5.77692535e+01  6.33008605e+00  4.81e+00 3.86e-01  2.16e+01  3.73e+01 1.51e-02  1.46e+02  1.34e-01 2.38e-03    106s
  53   5.83104488e+01  6.33109831e+00  4.89e+00 3.85e-01  2.16e+01  3.84e+01 1.51e-02  1.47e+02  1.32e-01 2.30e-03    108s
  54   5.88518746e+01  6.33207560e+00  4.97e+00 3.84e-01  2.16e+01  3.96e+01 1.51e-02  1.47e+02  1.30e-01 2.23e-03    110s
  55   5.93933701e+01  6.33301943e+00  5.04e+00 3.84e-01  2.15e+01  4.07e+01 1.51e-02  1.48e+02  1.28e-01 2.16e-03    112s
  56   5.99342358e+01  6.33393033e+00  5.12e+00 3.83e-01  2.15e+01  4.19e+01 1.51e-02  1.48e+02  1.26e-01 2.09e-03    114s
  57   6.04748493e+01  6.33481062e+00  5.20e+00 3.82e-01  2.14e+01  4.31e+01 1.51e-02  1.49e+02  1.24e-01 2.03e-03    117s
  58   6.10155995e+01  6.33566244e+00  5.27e+00 3.81e-01  2.14e+01  4.43e+01 1.51e-02  1.49e+02  1.23e-01 1.97e-03    119s
  59   6.15563455e+01  6.33648695e+00  5.35e+00 3.81e-01  2.14e+01  4.55e+01 1.51e-02  1.50e+02  1.21e-01 1.91e-03    120s
  60   6.20964084e+01  6.33728445e+00  5.43e+00 3.80e-01  2.13e+01  4.68e+01 1.51e-02  1.50e+02  1.19e-01 1.85e-03    122s
  61   6.26367249e+01  6.33805758e+00  5.50e+00 3.79e-01  2.13e+01  4.80e+01 1.51e-02  1.51e+02  1.18e-01 1.80e-03    124s
  62   6.31766292e+01  6.33880655e+00  5.58e+00 3.79e-01  2.12e+01  4.93e+01 1.51e-02  1.51e+02  1.16e-01 1.75e-03    126s
  63   6.37165300e+01  6.33953301e+00  5.66e+00 3.78e-01  2.12e+01  5.06e+01 1.51e-02  1.52e+02  1.15e-01 1.70e-03    128s
  64   6.42563060e+01  6.34023781e+00  5.73e+00 3.77e-01  2.12e+01  5.19e+01 1.51e-02  1.52e+02  1.13e-01 1.65e-03    130s
  65   6.47958377e+01  6.34092178e+00  5.81e+00 3.77e-01  2.12e+01  5.33e+01 1.51e-02  1.52e+02  1.12e-01 1.61e-03    132s
  66   6.53355473e+01  6.34158633e+00  5.88e+00 3.76e-01  2.11e+01  5.46e+01 1.51e-02  1.53e+02  1.10e-01 1.56e-03    134s
  67   6.58747870e+01  6.34223152e+00  5.96e+00 3.76e-01  2.11e+01  5.60e+01 1.51e-02  1.53e+02  1.09e-01 1.52e-03    136s
  68   6.64145219e+01  6.34285931e+00  6.04e+00 3.75e-01  2.11e+01  5.74e+01 1.51e-02  1.53e+02  1.08e-01 1.48e-03    138s
  69   6.69535752e+01  6.34346907e+00  6.11e+00 3.74e-01  2.10e+01  5.88e+01 1.51e-02  1.54e+02  1.06e-01 1.44e-03    140s
  70   6.74929151e+01  6.34406262e+00  6.19e+00 3.74e-01  2.10e+01  6.02e+01 1.51e-02  1.54e+02  1.05e-01 1.41e-03    142s
  71   6.80319075e+01  6.34463994e+00  6.27e+00 3.73e-01  2.10e+01  6.16e+01 1.51e-02  1.54e+02  1.04e-01 1.37e-03    145s
  72   6.85709911e+01  6.34520213e+00  6.34e+00 3.73e-01  2.10e+01  6.30e+01 1.51e-02  1.55e+02  1.03e-01 1.34e-03    147s
  73   6.91095346e+01  6.34574916e+00  6.42e+00 3.72e-01  2.09e+01  6.45e+01 1.51e-02  1.55e+02  1.01e-01 1.30e-03    149s
  74   6.96485185e+01  6.34628259e+00  6.49e+00 3.72e-01  2.09e+01  6.60e+01 1.51e-02  1.55e+02  1.00e-01 1.27e-03    150s
  75   7.01873208e+01  6.34680233e+00  6.57e+00 3.71e-01  2.09e+01  6.75e+01 1.51e-02  1.55e+02  9.91e-02 1.24e-03    152s
  76   7.07258532e+01  6.34730882e+00  6.64e+00 3.71e-01  2.09e+01  6.90e+01 1.51e-02  1.56e+02  9.80e-02 1.21e-03    154s
  77   7.12645672e+01  6.34780298e+00  6.72e+00 3.71e-01  2.08e+01  7.05e+01 1.51e-02  1.56e+02  9.69e-02 1.19e-03    156s
  78   7.18028444e+01  6.34828470e+00  6.80e+00 3.70e-01  2.08e+01  7.21e+01 1.51e-02  1.56e+02  9.59e-02 1.16e-03    159s
  79   7.23411386e+01  6.34875484e+00  6.87e+00 3.70e-01  2.08e+01  7.37e+01 1.51e-02  1.56e+02  9.48e-02 1.13e-03    161s
  80   7.28799109e+01  6.34921421e+00  6.95e+00 3.69e-01  2.08e+01  7.52e+01 1.51e-02  1.57e+02  9.38e-02 1.11e-03    163s
  81   7.34180135e+01  6.34966223e+00  7.02e+00 3.69e-01  2.08e+01  7.68e+01 1.51e-02  1.57e+02  9.28e-02 1.08e-03    166s
  82   7.39564417e+01  6.35010011e+00  7.10e+00 3.69e-01  2.07e+01  7.85e+01 1.51e-02  1.57e+02  9.19e-02 1.06e-03    168s
  83   7.44945884e+01  6.35052772e+00  7.17e+00 3.68e-01  2.07e+01  8.01e+01 1.51e-02  1.57e+02  9.09e-02 1.03e-03    170s
  84   7.50329182e+01  6.35094578e+00  7.25e+00 3.68e-01  2.07e+01  8.17e+01 1.51e-02  1.58e+02  9.00e-02 1.01e-03    173s
  85   7.55713642e+01  6.35135455e+00  7.32e+00 3.67e-01  2.07e+01  8.34e+01 1.51e-02  1.58e+02  8.91e-02 9.91e-04    174s

The solution quality is limited by the precision of the linear system solver.

The II-IPM stopped after 86 iterations in 174.30 seconds.

Primal variables:   [+3.376 +2.277 +5.401 +116.197 +3.573 +0.577 +4.013 +105.750]
Dual slacks:        [+0.973 +1.479 +0.489 +0.011 +0.908 +4.964 +0.638 +0.013]
Dual variables:     [+10.701 +6.996]

Primal objective:   7.55713642e+01 
Dual objective:     6.35135455e+00 

Primal residual:    7.32e+00
Dual residual:      3.67e-01
Complementraty:     2.07e+01

Number of Iter:     86
Run time:           174.30
