
--------------- Linear optimization problem characteristics ---------------
Seed:                    79
Number of variables:     4
Number of constraints:   2

Norm of primal sol:      5.00e+00
Norm of dual sol:        1.00e+01
Norm of dual slacks:     5.00e+00

Norm of vector b:        3.69e+00
Norm of vector c:        6.37e+00

Norm of matrix A:        1.00e+00
Condition number:        1.00e+00

----------------------- Linear optimization problem -----------------------
Coeff matrix A:          [[-0.570 -0.459 +0.404 +0.549]
                          [+0.810 -0.244 +0.424 +0.325]]

RHS vector b:            [+2.718 +2.494]
Obj vector c:            [-5.269 +0.590 +1.462 +3.209]

---------------------------- Optimal solution -----------------------------
Primal variables:         [+0.000 +0.000 +4.792 +1.427]
Dual slacks:              [+3.652 +3.415 +0.000 +0.000]
Dual variables:           [+8.733 -4.871]

Optimal objective:       +1.15887784e+01
===========================================================================

Method:                  IR-II-QIPM
IR_Precision:            1.00e-04
LO_Precision:            1.00e-02
Stop_Precision:          1.00e-03
LO_Verbosity:            2
Omega:                   1.00e+03

The Iterative Refinement algorithm starts running ...


The Quantum Inexact Infeasible Interior-Point Method starts running ...


                  Objective                Residual                                Linear system           Step-length
Iter      Primal           Dual         Primal    Dual     Compl    ||Resl||  Cond-Num  ||M||   ||RHS||    a-star   a-hat      Time
   0   2.85845630e+03 -2.18699649e+03  4.58e+02 6.97e+02  1.49e+06  3.98e-13  1.00e+00 1.00e+00 1.45e+03  7.64e-01 6.51e-01      0s
   1   3.83739520e+03 -1.83840227e+03  1.99e+02 3.00e+02  6.80e+05  2.96e+00  1.21e+01 3.14e+00 1.20e+03  7.25e-01 5.70e-01      0s
   2   3.77620592e+03 -1.87595233e+03  1.80e+02 2.71e+02  6.21e+05  3.07e+00  9.25e+01 6.92e+00 1.32e+03  6.40e-01 9.55e-02      1s
   3   3.69814876e+03 -1.92147315e+03  1.62e+02 2.44e+02  5.65e+05  4.15e+00  1.10e+02 7.11e+00 1.22e+03  6.62e-01 1.00e-01      2s
   4   3.60235668e+03 -1.98093596e+03  1.46e+02 2.19e+02  5.12e+05  1.02e-03  1.31e+02 7.28e+00 1.11e+03  6.63e-01 1.02e-01      4s
   5   3.48231272e+03 -2.05355425e+03  1.29e+02 1.94e+02  4.59e+05  7.41e-01  1.55e+02 7.41e+00 1.01e+03  6.86e-01 1.15e-01      6s
   6   3.33349453e+03 -2.14195306e+03  1.13e+02 1.69e+02  4.05e+05  1.04e+00  1.87e+02 7.51e+00 8.91e+02  7.10e-01 1.29e-01      8s
   7   3.14275437e+03 -2.24738380e+03  9.55e+01 1.43e+02  3.47e+05  3.28e+00  2.27e+02 7.57e+00 7.69e+02  7.52e-01 1.56e-01      9s
   8   2.91828071e+03 -2.37916393e+03  7.99e+01 1.19e+02  2.95e+05  1.80e-01  2.81e+02 7.60e+00 6.39e+02  7.55e-01 1.64e-01     13s
   9   2.64379276e+03 -2.53838244e+03  6.48e+01 9.67e+01  2.44e+05  1.58e-01  3.49e+02 7.47e+00 5.14e+02  7.82e-01 1.88e-01     17s
  10   2.30493376e+03 -2.73041914e+03  5.03e+01 7.49e+01  1.94e+05  4.18e-01  4.35e+02 7.17e+00 3.92e+02  8.17e-01 2.25e-01     21s
  11   1.89290879e+03 -2.96655429e+03  3.66e+01 5.46e+01  1.45e+05  3.18e-04  5.46e+02 6.62e+00 2.75e+02  8.48e-01 2.72e-01     29s
  12   1.37912007e+03 -3.26174335e+03  2.33e+01 3.47e+01  9.63e+04  8.03e-03  6.80e+02 5.71e+00 1.71e+02  8.65e-01 3.64e-01     38s
  13   7.15593955e+02 -3.64562770e+03  9.78e+00 1.46e+01  4.42e+04  4.36e-04  8.43e+02 4.32e+00 8.45e+01  9.07e-01 5.80e-01     47s
  14   1.05744601e+02 -3.90987351e+03  2.70e-01 4.02e-01  5.13e+03  1.05e-04  1.06e+03 2.28e+00 2.36e+01  1.00e+00 9.72e-01     70s
  15   7.96924244e+01 -1.19473571e+03  8.51e-06 3.35e-13  1.27e+03  8.51e-06  1.30e+03 3.13e-01 4.38e+00  1.00e+00 1.00e+00     93s
  16   7.60642497e+01 -2.12175211e+02  7.06e-04 3.99e-14  2.88e+02  8.19e-04  1.15e+03 6.57e-01 3.86e+00  1.00e+00 8.61e-01    116s
  17   7.20801849e+01 -1.40502522e+02  3.86e-03 2.90e-14  2.12e+02  1.14e-02  9.57e+02 2.45e+00 3.67e+00  8.85e-01 2.95e-01    125s
  18   6.81538192e+01 -9.98823636e+01  4.13e-03 3.92e-14  1.68e+02  5.02e-03  8.27e+02 2.96e+00 3.64e+00  8.23e-01 2.33e-01    134s
  19   6.39696503e+01 -7.29571590e+01  3.77e-03 3.26e-14  1.37e+02  2.40e-03  6.98e+02 3.31e+00 3.61e+00  7.86e-01 2.05e-01    142s
  20   5.93272066e+01 -5.33047411e+01  3.41e-03 2.36e-14  1.12e+02  1.95e-03  5.71e+02 3.53e+00 3.58e+00  7.65e-01 1.97e-01    151s
  21   5.39946877e+01 -3.79562170e+01  3.46e-03 1.79e-14  9.18e+01  3.62e-03  4.47e+02 3.64e+00 3.55e+00  7.58e-01 2.04e-01    155s
  22   4.77448914e+01 -2.53521832e+01  2.93e-03 1.25e-14  7.30e+01  1.16e-03  3.29e+02 3.62e+00 3.52e+00  7.59e-01 2.27e-01    159s
  23   3.89083166e+01 -1.33431380e+01  9.58e-03 9.53e-15  5.20e+01  2.37e-02  2.20e+02 3.48e+00 3.49e+00  8.06e-01 3.21e-01    160s
  24   2.66545908e+01 -2.79524238e+00  4.93e-02 5.22e-15  2.87e+01  8.79e-02  1.17e+02 3.11e+00 3.45e+00  9.49e-01 5.07e-01    161s
  25   2.18494054e+01  1.34561740e+00  3.60e-02 2.86e-15  2.01e+01  9.34e-03  4.38e+01 2.44e+00 3.42e+00  9.11e-01 3.32e-01    162s
  26   1.44538784e+01  8.26656286e+00  2.48e-02 2.21e-15  6.00e+00  2.16e-02  2.58e+01 2.34e+00 3.40e+00  8.76e-01 7.76e-01    162s
  27   1.41062592e+01  9.10060950e+00  2.22e-02 1.09e-15  4.85e+00  1.25e-02  1.07e+01 3.45e+00 3.40e+00  6.92e-01 2.14e-01    162s
  28   1.39613354e+01  9.36029013e+00  2.11e-02 1.28e-15  4.45e+00  9.96e-03  1.28e+01 4.51e+00 3.36e+00  6.55e-01 9.07e-02    163s
  29   1.38197215e+01  9.57959779e+00  1.98e-02 5.00e-16  4.10e+00  7.00e-03  1.41e+01 5.08e+00 3.35e+00  6.49e-01 8.78e-02    163s
  30   3.88075531e+00  9.57959779e+00  2.55e+00 1.11e-16  1.28e+00  3.34e+00  1.59e+01 5.74e+00 3.34e+00  1.00e+00 7.65e-01    163s
  31   3.87770651e+00  9.57959779e+00  2.55e+00 1.11e-16  1.28e+00  3.58e+00  1.52e+01 1.94e+00 3.58e+00  1.00e+00 8.41e-04    163s

The solution quality is limited by the precision of the linear system solver.

The algorithm stopped after 32 iterations in 163.20 seconds.

Primal variables:   [+0.1436 +0.0716 +0.8703 +1.0342]
Dual slacks:        [+1.4740 +2.8406 +0.2283 +0.6410]
Dual variables:     [+6.7842 -3.5524]

Primal objective:   3.87770651e+00 
Dual objective:     9.57959779e+00 

Primal residual:    2.55e+00
Dual residual:      1.11e-16
Complementraty:     1.28e+00

Number of Iter:     32
Run time:           163.20

-------------------------------------------------------------------------------------------------------
                  Objective                Residual                        Step-length       
Iter      Primal           Dual         Primal    Dual     Compl    r error   r-bar    nabla     Time
   0   3.87770651e+00  9.57959779e+00  2.55e+00 0.00e+00  1.28e+00  2.55e+00 2.55e+00 5.00e-01   163s

The Quantum Inexact Infeasible Interior-Point Method starts running ...


                  Objective                Residual                                Linear system           Step-length
Iter      Primal           Dual         Primal    Dual     Compl    ||Resl||  Cond-Num  ||M||   ||RHS||    a-star   a-hat      Time
   0   2.33295436e+03 -1.09668684e+03  4.60e+02 6.99e+02  1.49e+06  3.98e-13  1.00e+00 1.00e+00 1.45e+03  7.62e-01 6.50e-01      0s
   1   2.31362207e+03 -9.24620033e+02  2.00e+02 3.02e+02  6.83e+05  1.30e+00  1.20e+01 3.14e+00 1.20e+03  7.21e-01 5.67e-01      0s
   2   2.24657924e+03 -9.43961410e+02  1.81e+02 2.73e+02  6.24e+05  2.83e+00  9.26e+01 6.92e+00 1.33e+03  6.35e-01 9.60e-02      1s
   3   2.17378452e+03 -9.66514188e+02  1.63e+02 2.46e+02  5.67e+05  5.64e+00  1.11e+02 7.12e+00 1.23e+03  6.65e-01 1.01e-01      2s
   4   2.09441773e+03 -9.96460301e+02  1.47e+02 2.21e+02  5.14e+05  1.03e-01  1.32e+02 7.31e+00 1.12e+03  6.60e-01 1.01e-01      4s
   5   2.00346855e+03 -1.03303001e+03  1.30e+02 1.96e+02  4.62e+05  6.63e-01  1.56e+02 7.44e+00 1.02e+03  6.82e-01 1.13e-01      6s
   6   1.89887579e+03 -1.07747823e+03  1.14e+02 1.71e+02  4.08e+05  9.78e-01  1.87e+02 7.55e+00 9.04e+02  7.05e-01 1.27e-01      7s
   7   1.77663393e+03 -1.13115679e+03  9.74e+01 1.46e+02  3.54e+05  1.75e+00  2.27e+02 7.62e+00 7.84e+02  7.34e-01 1.46e-01      9s
   8   1.63842917e+03 -1.19697817e+03  8.20e+01 1.23e+02  3.03e+05  5.65e-02  2.80e+02 7.63e+00 6.58e+02  7.46e-01 1.58e-01     13s
   9   1.47715535e+03 -1.27637005e+03  6.72e+01 1.01e+02  2.53e+05  2.06e-01  3.46e+02 7.52e+00 5.35e+02  7.72e-01 1.82e-01     17s
  10   1.28662464e+03 -1.37193832e+03  5.28e+01 7.91e+01  2.03e+05  5.26e-01  4.30e+02 7.25e+00 4.13e+02  8.06e-01 2.15e-01     20s
  11   1.06372438e+03 -1.48954992e+03  3.94e+01 5.89e+01  1.55e+05  3.83e-02  5.38e+02 6.75e+00 2.95e+02  8.33e-01 2.55e-01     29s
  12   7.96404805e+02 -1.63641409e+03  2.63e+01 3.94e+01  1.07e+05  4.70e-02  6.69e+02 5.91e+00 1.90e+02  8.49e-01 3.31e-01     38s
  13   4.65649366e+02 -1.83008530e+03  1.34e+01 1.99e+01  5.76e+04  4.03e-02  8.24e+02 4.64e+00 1.01e+02  8.80e-01 4.93e-01     47s
  14   8.51183335e+01 -1.94944011e+03  1.33e+00 5.70e-01  7.94e+03  1.00e+00  1.02e+03 2.79e+00 3.40e+01  1.00e+00 9.71e-01     56s
  15   1.64055050e+01 -1.65741912e+03  7.43e-04 4.76e-13  1.67e+03  7.43e-04  1.41e+03 5.47e-01 3.09e+00  1.00e+00 1.00e+00     79s
  16   1.59702470e+01 -1.49005929e+02  1.18e-04 1.86e-13  1.65e+02  1.18e-04  1.14e+03 1.26e-01 2.06e+00  1.00e+00 1.00e+00    102s
  17   1.47049731e+01 -2.16747291e+01  3.88e-04 5.32e-14  3.64e+01  4.29e-04  1.05e+03 1.11e+00 1.74e+00  1.00e+00 8.67e-01    125s
  18   1.36236512e+01 -1.66790670e+01  3.86e-04 4.41e-14  3.03e+01  3.80e-04  6.77e+02 3.78e+00 1.70e+00  7.60e-01 1.86e-01    133s
  19   1.24602788e+01 -1.29769199e+01  3.57e-04 4.71e-14  2.54e+01  2.22e-04  5.49e+02 3.95e+00 1.70e+00  7.47e-01 1.78e-01    142s
  20   1.13564463e+01 -1.05615941e+01  1.54e-03 3.62e-14  2.19e+01  7.96e-03  4.29e+02 4.00e+00 1.69e+00  7.63e-01 1.55e-01    146s
  21   1.03287700e+01 -8.74117380e+00  1.47e-03 3.25e-14  1.90e+01  1.07e-03  3.39e+02 3.95e+00 1.69e+00  7.55e-01 1.44e-01    150s
  22   9.22380412e+00 -7.16512206e+00  1.52e-03 2.70e-14  1.64e+01  1.80e-03  2.66e+02 3.85e+00 1.68e+00  7.73e-01 1.56e-01    153s
  23   8.05472587e+00 -5.79276841e+00  1.37e-03 2.34e-14  1.38e+01  6.46e-04  2.01e+02 3.70e+00 1.68e+00  7.93e-01 1.72e-01    155s
  24   6.75615801e+00 -4.53365873e+00  1.75e-03 1.62e-14  1.13e+01  3.20e-03  1.47e+02 3.50e+00 1.68e+00  8.31e-01 2.05e-01    157s
  25   5.16462301e+00 -3.25298859e+00  4.79e-03 1.17e-14  8.39e+00  1.24e-02  1.01e+02 3.26e+00 1.67e+00  9.02e-01 2.85e-01    158s
  26   1.27875810e+00 -1.11482403e+00  8.84e-02 1.37e-15  2.26e+00  1.03e-01  6.13e+01 2.95e+00 1.67e+00  9.29e-01 8.50e-01    158s
  27   1.06495508e+00 -6.37653320e-02  4.13e-02 6.78e-16  1.12e+00  1.84e-05  2.40e+01 2.44e+00 1.73e+00  7.36e-01 5.32e-01    159s
  28   1.03298788e+00 -1.66904363e-03  3.78e-02 5.70e-16  1.03e+00  2.91e-03  1.82e+01 4.99e+00 1.68e+00  6.29e-01 9.11e-02    159s
  29   1.00424683e+00  4.58596482e-02  3.51e-02 7.07e-16  9.51e-01  3.82e-03  1.96e+01 5.61e+00 1.67e+00  6.31e-01 8.09e-02    159s
  30   9.74870419e-01  8.80643934e-02  3.24e-02 5.62e-16  8.80e-01  2.74e-03  2.13e+01 6.26e+00 1.67e+00  6.34e-01 8.22e-02    160s
  31   9.44192715e-01  1.26320868e-01  2.99e-02 4.51e-16  8.12e-01  3.61e-03  2.35e+01 7.05e+00 1.66e+00  6.44e-01 8.59e-02    160s
  32   9.11815235e-01  1.61429623e-01  2.75e-02 4.47e-16  7.45e-01  3.14e-03  2.64e+01 8.02e+00 1.65e+00  6.57e-01 9.14e-02    160s
  33   8.77382478e-01  1.93961945e-01  2.49e-02 4.49e-16  6.79e-01  1.77e-03  3.05e+01 9.25e+00 1.65e+00  6.75e-01 9.91e-02    161s
  34   8.40257670e-01  2.24647085e-01  2.22e-02 3.35e-16  6.12e-01  1.12e-04  3.61e+01 1.08e+01 1.64e+00  6.98e-01 1.10e-01    161s
  35   7.99530880e-01  2.54353523e-01  1.92e-02 3.36e-16  5.41e-01  9.26e-04  4.43e+01 1.30e+01 1.63e+00  7.30e-01 1.28e-01    162s
  36   7.55471791e-01  2.82830256e-01  1.53e-02 2.25e-16  4.69e-01  7.54e-03  5.66e+01 1.60e+01 1.62e+00  7.64e-01 1.48e-01    163s
  37   7.03098537e-01  3.14762297e-01  1.22e-02 2.52e-16  3.85e-01  3.32e-05  7.59e+01 2.04e+01 1.61e+00  8.28e-01 2.00e-01    163s
  38   6.45932416e-01  3.47888305e-01  6.94e-03 3.15e-16  2.96e-01  8.15e-03  1.11e+02 2.79e+01 1.59e+00  8.73e-01 2.59e-01    165s
  39   5.72075314e-01  3.98041540e-01  3.48e-03 2.26e-16  1.72e-01  4.67e-04  1.78e+02 4.14e+01 1.58e+00  8.17e-01 4.66e-01    168s
  40   5.32078150e-01  4.41953748e-01  1.16e-03 2.23e-16  8.92e-02  8.32e-04  3.52e+02 8.29e+01 1.56e+00  8.49e-01 5.39e-01    175s
  41   5.12156279e-01  4.63130768e-01  6.08e-03 6.94e-18  5.45e-02  1.52e-02  4.84e+02 1.63e+02 1.57e+00  1.00e+00 4.43e-01    179s
  42   5.04472093e-01  4.97186357e-01  4.96e-04 3.69e-17  7.84e-03  5.47e-05  5.83e+02 2.73e+02 1.57e+00  1.00e+00 9.27e-01    189s

The algorithm stopped after 43 iterations in 188.52 seconds.

Primal variables:   [+0.0005 +0.0010 +2.3955 +0.7149]
Dual slacks:        [+1.8052 +1.7031 +0.0008 +0.0046]
Dual variables:     [+0.9578 -0.6452]

Primal objective:   5.04472093e-01 
Dual objective:     4.97186357e-01 

Primal residual:    4.96e-04
Dual residual:      3.69e-17
Complementraty:     7.84e-03

Number of Iter:     43
Run time:           188.52

-------------------------------------------------------------------------------------------------------
                  Objective                Residual                        Step-length       
Iter      Primal           Dual         Primal    Dual     Compl    r error   r-bar    nabla     Time
   1   1.15903355e+01  1.15683432e+01  9.92e-04 0.00e+00  3.14e-02  3.14e-02 2.00e-01 8.00e+00   352s

The Quantum Inexact Infeasible Interior-Point Method starts running ...


                  Objective                Residual                                Linear system           Step-length
Iter      Primal           Dual         Primal    Dual     Compl    ||Resl||  Cond-Num  ||M||   ||RHS||    a-star   a-hat      Time
   0   4.16196544e+04 -1.76855057e+04  4.30e+02 6.53e+02  1.44e+06  1.71e-13  1.00e+00 1.00e+00 1.41e+03  7.81e-01 6.69e-01      0s
   1   3.74704521e+04 -1.52256569e+04  1.89e+02 2.87e+02  6.83e+05  1.16e-01  1.29e+01 3.19e+00 1.13e+03  7.28e-01 5.61e-01      0s
   2   3.58506463e+04 -1.55148069e+04  1.68e+02 2.55e+02  6.14e+05  1.45e+00  8.43e+01 6.25e+00 1.10e+03  6.75e-01 1.11e-01      1s
   3   3.41207906e+04 -1.58593437e+04  1.48e+02 2.25e+02  5.48e+05  3.12e+00  1.02e+02 6.39e+00 9.94e+02  7.07e-01 1.18e-01      2s
   4   3.20004727e+04 -1.62570612e+04  1.27e+02 1.91e+02  4.75e+05  7.70e+00  1.22e+02 6.50e+00 8.85e+02  7.65e-01 1.49e-01      3s
   5   2.97568143e+04 -1.68353844e+04  1.08e+02 1.63e+02  4.11e+05  4.83e-02  1.50e+02 6.63e+00 7.58e+02  7.54e-01 1.48e-01      5s
   6   2.71329844e+04 -1.75402302e+04  8.95e+01 1.34e+02  3.46e+05  1.62e-01  1.83e+02 6.63e+00 6.38e+02  7.92e-01 1.75e-01      7s
   7   2.40155579e+04 -1.83930592e+04  7.06e+01 1.06e+02  2.80e+05  8.56e-03  2.27e+02 6.55e+00 5.12e+02  8.36e-01 2.12e-01      8s
   8   2.01904405e+04 -1.93893853e+04  5.15e+01 7.71e+01  2.12e+05  1.04e-01  2.88e+02 6.34e+00 3.85e+02  8.96e-01 2.71e-01     12s
   9   1.52658599e+04 -2.04627036e+04  3.19e+01 4.79e+01  1.41e+05  2.27e-03  3.73e+02 5.91e+00 2.60e+02  9.80e-01 3.79e-01     16s
  10   7.85773580e+03 -2.08861792e+04  9.73e+00 1.45e+01  5.83e+04  1.09e-01  4.97e+02 5.05e+00 1.44e+02  1.00e+00 6.98e-01     20s
  11   2.78969506e+03 -1.39799155e+04  2.36e-02 8.04e-14  1.67e+04  2.36e-02  7.15e+02 3.20e+00 5.04e+01  1.00e+00 1.00e+00     29s
  12   2.34412170e+03 -4.28253147e+03  1.25e-02 1.32e-13  6.62e+03  7.08e-03  6.19e+02 1.78e+00 3.10e+01  9.25e-01 6.70e-01     37s
  13   2.08706469e+03 -3.41476551e+03  1.81e-02 7.76e-14  5.50e+03  4.20e-02  3.24e+02 2.84e+00 2.95e+01  8.10e-01 1.89e-01     41s
  14   1.83297251e+03 -2.75980302e+03  2.06e-02 4.77e-14  4.59e+03  3.17e-02  2.49e+02 2.79e+00 2.92e+01  8.07e-01 1.84e-01     43s
  15   1.56217873e+03 -2.21842908e+03  3.84e-02 3.62e-14  3.77e+03  1.11e-01  1.87e+02 2.69e+00 2.89e+01  8.25e-01 1.98e-01     44s
  16   1.31071657e+03 -1.79454704e+03  3.14e-02 2.91e-14  3.10e+03  2.78e-03  1.36e+02 2.53e+00 2.86e+01  8.22e-01 1.98e-01     46s
  17   1.05581131e+03 -1.43018644e+03  2.44e-02 3.64e-14  2.48e+03  3.05e-04  9.70e+01 2.36e+00 2.83e+01  8.45e-01 2.21e-01     47s
  18   7.87574527e+02 -1.09227902e+03  2.50e-02 1.59e-14  1.88e+03  2.69e-02  6.68e+01 2.18e+00 2.81e+01  8.87e-01 2.71e-01     48s
  19   4.40205435e+02 -6.85048088e+02  9.58e-02 7.54e-15  1.12e+03  1.83e-01  4.34e+01 2.01e+00 2.78e+01  8.99e-01 4.48e-01     48s
  20   1.52080175e+02 -2.48906949e+02  4.81e-02 1.99e-15  4.02e+02  2.89e-02  2.39e+01 1.95e+00 2.76e+01  8.68e-01 7.13e-01     49s
  21   9.47370371e+01 -8.64930906e+01  8.69e-02 4.09e-15  1.83e+02  1.12e-01  1.49e+01 3.25e+00 2.75e+01  8.03e-01 6.06e-01     49s
  22   1.50996518e+01 -8.64930906e+01  2.64e+01 0.00e+00  1.83e+01  2.64e+01  3.18e+01 9.77e+00 2.64e+01  1.00e+00 1.00e+00     49s
  23   1.18506143e+01 -3.69580220e+01  2.45e+01 1.34e-15  1.37e+01  6.13e-02  4.45e+01 1.41e+00 2.92e+01  9.43e-02 7.37e-02     50s
  24   1.16358434e+01 -3.58406187e+01  2.43e+01 1.53e-15  1.36e+01  1.09e-02  3.32e+02 1.04e+01 2.86e+01  1.70e-01 6.04e-03     54s
  25   1.14160025e+01 -3.46843700e+01  2.42e+01 4.04e-15  1.35e+01  1.72e-02  3.52e+02 1.11e+01 2.86e+01  1.76e-01 6.46e-03     57s
  26   1.11747511e+01 -3.34006718e+01  2.40e+01 3.81e-15  1.34e+01  7.31e-03  3.73e+02 1.19e+01 2.85e+01  1.83e-01 7.40e-03     61s
  27   1.09186584e+01 -3.20155616e+01  2.38e+01 3.83e-15  1.33e+01  2.80e-02  3.96e+02 1.28e+01 2.85e+01  1.91e-01 8.37e-03     65s
  28   1.06268043e+01 -3.04109509e+01  2.36e+01 3.68e-15  1.32e+01  5.01e-03  4.19e+02 1.39e+01 2.85e+01  2.00e-01 1.01e-02     69s
  29   1.03273417e+01 -2.87277434e+01  2.33e+01 5.40e-15  1.30e+01  5.18e-02  4.44e+02 1.52e+01 2.84e+01  2.10e-01 1.14e-02     72s
  30   9.96048876e+00 -2.66228856e+01  2.29e+01 5.24e-15  1.28e+01  3.16e-03  4.68e+02 1.68e+01 2.84e+01  2.10e-01 1.49e-02     76s
  31   9.56244075e+00 -2.42809940e+01  2.25e+01 5.21e-15  1.26e+01  2.41e-02  4.92e+02 1.90e+01 2.83e+01  2.14e-01 1.84e-02     80s
  32   8.74136187e+00 -2.42809940e+01  2.31e+01 5.16e-15  1.15e+01  2.82e+01  5.12e+02 2.19e+01 2.82e+01  1.00e+00 9.38e-02     83s
  33   8.53856869e+00 -2.28929579e+01  2.28e+01 5.16e-15  1.14e+01  5.35e-03  5.17e+02 2.02e+01 2.83e+01  1.98e-01 1.12e-02     91s
  34   8.35119923e+00 -2.15972250e+01  2.25e+01 5.11e-15  1.13e+01  3.21e-03  5.24e+02 2.20e+01 2.83e+01  2.01e-01 1.13e-02    100s
  35   8.16470136e+00 -2.03005805e+01  2.23e+01 5.14e-15  1.11e+01  5.49e-03  5.26e+02 2.39e+01 2.83e+01  2.06e-01 1.23e-02    109s
  36   7.97839430e+00 -1.90041703e+01  2.20e+01 1.01e-14  1.10e+01  5.29e-03  5.27e+02 2.61e+01 2.82e+01  2.12e-01 1.34e-02    117s
  37   7.79160248e+00 -1.77098893e+01  2.16e+01 8.04e-15  1.08e+01  1.11e-03  5.24e+02 2.85e+01 2.82e+01  2.18e-01 1.48e-02    126s
  38   7.60245295e+00 -1.64142859e+01  2.13e+01 7.99e-15  1.06e+01  4.48e-03  5.18e+02 3.13e+01 2.81e+01  2.27e-01 1.65e-02    135s
  39   7.33769760e+00 -1.53220929e+01  2.04e+01 7.99e-15  1.02e+01  1.63e+00  5.10e+02 3.45e+01 2.80e+01  2.50e-01 3.99e-02    138s
  40   7.05709007e+00 -1.34891238e+01  1.99e+01 1.01e-14  9.93e+00  6.74e-03  6.66e+02 4.61e+01 2.79e+01  2.35e-01 2.80e-02    147s
  41   6.85767926e+00 -1.22412121e+01  1.94e+01 7.98e-15  9.70e+00  5.60e-03  6.29e+02 5.29e+01 2.78e+01  2.53e-01 2.31e-02    155s
  42   6.64956378e+00 -1.09943319e+01  1.89e+01 7.99e-15  9.44e+00  7.86e-04  6.01e+02 5.88e+01 2.77e+01  2.67e-01 2.67e-02    164s
  43   6.42848005e+00 -9.74514275e+00  1.83e+01 7.97e-15  9.15e+00  7.56e-04  5.71e+02 6.60e+01 2.76e+01  2.86e-01 3.15e-02    174s
  44   6.18938297e+00 -8.49213727e+00  1.76e+01 7.97e-15  8.80e+00  1.84e-03  5.39e+02 7.50e+01 2.75e+01  3.07e-01 3.78e-02    186s
  45   5.82166405e+00 -7.42398837e+00  1.64e+01 7.96e-15  8.21e+00  1.16e+00  5.06e+02 8.67e+01 2.74e+01  3.93e-01 7.01e-02    190s
  46   5.44055906e+00 -5.69004947e+00  1.52e+01 7.12e-15  7.58e+00  1.22e-04  6.17e+02 1.18e+02 2.71e+01  3.39e-01 7.40e-02    198s
  47   5.11923550e+00 -4.49109028e+00  1.40e+01 7.12e-15  7.02e+00  5.35e-03  5.32e+02 1.48e+02 2.69e+01  3.92e-01 7.34e-02    207s
  48   4.73158333e+00 -3.28032715e+00  1.26e+01 3.56e-15  6.32e+00  1.05e-02  4.76e+02 1.81e+02 2.67e+01  4.41e-01 1.00e-01    211s
  49   4.23904554e+00 -2.04971654e+00  1.08e+01 3.56e-15  5.39e+00  2.23e-02  4.20e+02 2.34e+02 2.65e+01  5.07e-01 1.47e-01    214s
  50   3.59222213e+00 -8.18808333e-01  8.28e+00 3.56e-15  4.14e+00  1.27e-02  3.65e+02 3.29e+02 2.62e+01  5.90e-01 2.32e-01    218s
  51   2.65985955e+00  4.19255777e-01  4.64e+00 3.56e-15  2.32e+00  4.28e-03  3.06e+02 5.35e+02 2.58e+01  7.08e-01 4.39e-01    222s
  52   1.67672422e+00  1.15044676e+00  9.97e-01 4.29e-17  5.79e-01  2.54e-02  2.29e+02 1.28e+03 2.51e+01  9.17e-01 7.85e-01    223s
  53   1.33626476e+00  1.28414918e+00  9.96e-04 3.55e-15  5.25e-02  9.96e-04  1.51e+02 6.64e+03 2.42e+01  1.00e+00 1.00e+00    225s
  54   1.31051526e+00  1.30523089e+00  1.21e-04 3.55e-15  5.24e-03  1.21e-04  1.42e+02 4.46e+04 2.63e+01  1.00e+00 1.00e+00    227s

The algorithm stopped after 55 iterations in 226.73 seconds.

Primal variables:   [+0.0000 +0.0000 +38.3342 +11.4207]
Dual slacks:        [+29.2191 +27.3169 +0.0000 +0.0001]
Dual variables:     [+0.2677 -0.2263]

Primal objective:   1.31051526e+00 
Dual objective:     1.30523089e+00 

Primal residual:    1.21e-04
Dual residual:      3.55e-15
Complementraty:     5.24e-03

Number of Iter:     55
Run time:           226.73

-------------------------------------------------------------------------------------------------------
                  Objective                Residual                        Step-length       
Iter      Primal           Dual         Primal    Dual     Compl    r error   r-bar    nabla     Time
   2   1.15889628e+01  1.15887374e+01  1.51e-05 0.00e+00  8.19e-05  8.19e-05 1.25e-02 1.28e+02   578s

The Iterative Refinement algorithm stopped after 3 iterations in 578.44 seconds.

Primal objective:   1.15889628e+01 
Dual objective:     1.15887374e+01 

Primal residual:    1.51e-05
Dual residual:      0.00e+00
Complementraty:     8.19e-05

Primal variables:   [+0.000006 +0.000006 +4.791776 +1.427586]
Dual slacks:        [+3.652393 +3.414607 +0.000004 +0.000014]
Dual variables:     [+8.733367 -4.871053]

Number of Iter:     2
Run time:           578.44
