
--------------- Linear optimization problem characteristics ---------------
Seed:                    58
Number of variables:     4
Number of constraints:   2

Norm of primal sol:      5.00e+00
Norm of dual sol:        1.00e+01
Norm of dual slacks:     5.00e+00

Norm of vector b:        2.68e+00
Norm of vector c:        7.36e+00

Norm of matrix A:        1.00e+00
Condition number:        1.00e+00

----------------------- Linear optimization problem -----------------------
Coeff matrix A:          [[-0.298 -0.553 -0.193 +0.754]
                          [+0.603 +0.515 -0.267 +0.547]]

RHS vector b:            [-2.574 +0.743]
Obj vector c:            [-1.774 -6.657 +1.908 -1.733]

---------------------------- Optimal solution -----------------------------
Primal variables:         [+0.000 +3.364 +3.699 +0.000]
Dual slacks:              [+4.896 +0.000 +0.000 +1.014]
Dual variables:           [+3.229 -9.464]

Optimal objective:       -1.53391539e+01
===========================================================================

Method:                  IR-II-QIPM
IR_Precision:            1.00e-04
IncScalLim:              1.00e+02
LO_Precision:            1.00e-02
Stop_Precision:          1.00e-03
LO_Verbosity:            2
Omega:                   1.00e+03

The Iterative Refinement algorithm starts running ...


The Quantum Inexact Infeasible Interior-Point Method starts running ...


                  Objective                Residual                                Linear system           Step-length
Iter      Primal           Dual         Primal    Dual     Compl    ||Resl||  Cond-Num  ||M||   ||RHS||    a-star   a-hat      Time
   0  -2.54922418e+03 -1.23090243e+03  5.34e+02 7.50e+02  1.59e+06  5.60e-13  1.00e+00 1.00e+00 1.58e+03  7.41e-01 6.26e-01      0s
   1  -2.28512215e+03 -1.23090243e+03  4.99e+02 7.19e+02  1.53e+06  6.86e+02  3.51e+00 1.67e+00 6.86e+02  4.17e-01 4.11e-02      0s
   2  -2.11197151e+03 -1.23090243e+03  4.77e+02 7.01e+02  1.50e+06  8.38e+02  3.87e+00 1.83e+00 8.38e+02  3.92e-01 2.45e-02      0s
   3  -1.68632088e+03 -1.32802952e+03  4.25e+02 6.24e+02  1.35e+06  2.52e+00  4.12e+00 1.95e+00 9.47e+02  6.77e-01 1.10e-01      0s
   4  -1.26301286e+03 -1.40018077e+03  3.73e+02 5.49e+02  1.20e+06  5.91e-01  5.13e+00 2.41e+00 1.12e+03  6.93e-01 1.20e-01      1s
   5  -8.39514533e+02 -1.44324225e+03  3.24e+02 4.77e+02  1.05e+06  5.06e+00  6.41e+00 3.04e+00 1.33e+03  7.10e-01 1.32e-01      1s
   6  -4.19118020e+02 -1.44309140e+03  2.76e+02 4.06e+02  9.12e+05  4.92e-01  8.04e+00 3.92e+00 1.57e+03  7.32e-01 1.48e-01      1s
   7   5.70141030e+00 -1.39520261e+03  2.29e+02 3.38e+02  7.71e+05  3.85e-01  1.00e+01 5.21e+00 1.85e+03  7.57e-01 1.69e-01      1s
   8   4.47540895e+02 -1.31540375e+03  1.83e+02 2.74e+02  6.38e+05  2.41e+01  1.24e+01 7.16e+00 2.18e+03  7.72e-01 1.88e-01      1s
   9   5.95264107e+02 -1.31540375e+03  1.67e+02 2.72e+02  6.32e+05  2.58e+03  1.53e+01 1.02e+01 2.58e+03  2.54e-01 9.29e-03      2s
  10   1.08183694e+03 -1.10550527e+03  1.19e+02 1.94e+02  4.65e+05  1.66e-01  1.60e+01 1.07e+01 2.76e+03  8.20e-01 2.85e-01      2s
  11   1.60954052e+03 -8.28863626e+02  7.12e+01 1.24e+02  3.07e+05  1.54e+01  1.96e+01 1.78e+01 3.30e+03  8.32e-01 3.63e-01      2s
  12   2.20295541e+03 -5.13612315e+02  2.47e+01 6.41e+01  1.67e+05  3.83e+01  2.34e+01 3.42e+01 3.97e+03  8.50e-01 4.82e-01      2s
  13   2.83375805e+03 -1.04129300e+02  2.89e+01 8.21e+00  2.50e+04  3.46e+01  2.72e+01 8.36e+01 4.80e+03  9.33e-01 8.72e-01      3s
  14   3.26537662e+03 -9.43849853e+01  7.71e+01 6.96e+00  2.15e+04  3.47e+02  2.95e+01 9.15e+02 3.71e+03  6.95e-01 1.52e-01      3s
  15   5.75427773e+03 -9.43849853e+01  3.55e+02 6.39e+00  1.95e+04  4.21e+03  3.11e+01 1.26e+03 4.21e+03  2.10e-01 8.17e-02      3s
  16   2.62743893e+03 -2.04615360e+01  3.58e+01 6.22e-01  3.93e+03  4.06e+00  3.59e+01 2.16e+03 1.03e+04  9.63e-01 9.03e-01      4s
  17   1.05489098e+03 -1.77899284e+01  5.17e+00 1.33e-15  1.03e+03  5.17e+00  1.62e+01 2.62e+03 9.17e+02  1.00e+00 1.00e+00      4s
  18   8.52870103e+01 -1.79037879e+01  2.36e-02 9.95e-16  1.03e+02  2.36e-02  9.81e+00 3.14e+03 1.59e+01  1.00e+00 1.00e+00      4s
  19  -7.31410547e+00 -1.78501210e+01  2.13e-02 4.52e-16  1.03e+01 *2.13e-02  9.17e+00 3.38e+02 1.60e+00  1.00e+00 1.00e+00      4s
  20  -1.30589879e+01 -1.71491741e+01  3.00e-02 1.96e-15  3.82e+00 *3.48e-02  4.68e+00 2.57e+01 2.53e+00  8.65e-01 6.99e-01      4s
  21  -1.35807857e+01 -1.69469914e+01  1.10e-02 1.04e-15  3.26e+00 *8.84e-02  1.28e+00 6.99e+00 2.54e+00  7.66e-01 1.64e-01      4s
  22  -1.38690876e+01 -1.67741094e+01  9.16e-03 1.23e-15  2.82e+00 *1.21e-03  1.12e+00 6.55e+00 2.53e+00  7.65e-01 1.51e-01      5s
  23  -1.38972071e+01 -1.66167764e+01  3.20e-02 9.51e-16  2.44e+00 *1.66e-01  1.27e+00 7.16e+00 2.52e+00  7.59e-01 1.47e-01      5s
  24  -1.40806639e+01 -1.64423578e+01  3.61e-02 1.37e-15  2.05e+00 *5.57e-02  1.45e+00 8.01e+00 2.51e+00  7.98e-01 1.77e-01      5s
  25  -1.41890412e+01 -1.62631377e+01  4.70e-02 1.31e-15  1.68e+00 *9.01e-02  1.68e+00 9.35e+00 2.50e+00  8.26e-01 2.02e-01      5s
  26  -1.43929136e+01 -1.60666592e+01  4.59e-02 3.60e-16  1.29e+00 *4.28e-02  1.92e+00 1.13e+01 2.50e+00  8.76e-01 2.57e-01      5s
  27  -1.50314451e+01 -1.58435149e+01  8.54e-03 1.56e-15  8.65e-01 *1.01e-01  2.23e+00 1.46e+01 2.49e+00  9.53e-01 3.69e-01      5s
  28  -1.50448655e+01 -1.56144361e+01  1.23e-02 9.84e-16  4.64e-01 *3.15e-02  2.86e+00 2.22e+01 2.48e+00  1.00e+00 5.14e-01      5s
  29  -1.11220900e+01 -1.56144361e+01  6.93e-01 9.33e-16  3.47e-01  2.48e+00  3.22e+00 4.18e+01 2.48e+00  1.00e+00 2.80e-01      5s
  30  -1.11192887e+01 -1.56144361e+01  6.94e-01 9.33e-16  3.47e-01  2.53e+00  3.20e+00 3.10e+01 2.53e+00  1.00e+00 2.70e-04      5s

The solution quality is limited by the precision of the linear system solver.

The algorithm stopped after 31 iterations in 5.29 seconds.

Primal variables:   [+0.0187 +2.4919 +2.9290 +0.0497]
Dual slacks:        [+4.9092 +0.0462 +0.0324 +0.9057]
Dual variables:     [+3.3460 -9.4282]

Primal objective:   -1.11192887e+01
Dual objective:     -1.56144361e+01

Primal residual:    6.94e-01
Dual residual:      9.33e-16
Complementraty:     3.47e-01

Number of Iter:     31
Run time:           5.29

-------------------------------------------------------------------------------------------------------
                  Objective                Residual                        Step-length       
Iter      Primal           Dual         Primal    Dual     Compl    r error   r-bar    nabla     Time
   0  -1.11192887e+01 -1.56144361e+01  6.94e-01 0.00e+00  3.47e-01  6.94e-01 6.94e-01 2.00e+00     5s

The Quantum Inexact Infeasible Interior-Point Method starts running ...


                  Objective                Residual                                Linear system           Step-length
Iter      Primal           Dual         Primal    Dual     Compl    ||Resl||  Cond-Num  ||M||   ||RHS||    a-star   a-hat      Time
   0   5.49672180e+03 -2.42834367e+03  5.33e+02 7.46e+02  1.59e+06  9.37e-13  1.00e+00 1.00e+00 1.56e+03  7.41e-01 6.26e-01      0s
   1   5.39100946e+03 -2.42834367e+03  4.99e+02 7.16e+02  1.53e+06  6.88e+02  3.50e+00 1.67e+00 6.88e+02  4.16e-01 3.98e-02      0s
   2   5.32649821e+03 -2.42834367e+03  4.77e+02 6.98e+02  1.50e+06  8.35e+02  3.84e+00 1.83e+00 8.35e+02  3.92e-01 2.45e-02      0s
   3   5.13144691e+03 -2.61993785e+03  4.24e+02 6.21e+02  1.35e+06  1.83e+00  4.10e+00 1.94e+00 9.44e+02  6.77e-01 1.10e-01      0s
   4   4.95802817e+03 -2.76177227e+03  3.73e+02 5.47e+02  1.20e+06  3.32e-01  5.09e+00 2.40e+00 1.12e+03  6.94e-01 1.20e-01      0s
   5   4.80802488e+03 -2.84555424e+03  3.23e+02 4.74e+02  1.06e+06  5.01e+00  6.37e+00 3.02e+00 1.32e+03  7.11e-01 1.32e-01      1s
   6   4.77338269e+03 -2.84555424e+03  3.06e+02 4.67e+02  1.04e+06  1.56e+03  7.98e+00 3.90e+00 1.56e+03  3.12e-01 1.45e-02      1s
   7   4.64856358e+03 -2.84640559e+03  2.54e+02 3.90e+02  8.83e+05  6.13e+00  8.44e+00 4.12e+00 1.70e+03  7.54e-01 1.66e-01      1s
   8   4.56794718e+03 -2.72264216e+03  2.05e+02 3.15e+02  7.29e+05  4.97e+00  1.07e+01 5.65e+00 2.01e+03  7.79e-01 1.91e-01      1s
   9   4.52287865e+03 -2.53630635e+03  1.56e+02 2.50e+02  5.89e+05  3.80e+01  1.35e+01 8.06e+00 2.37e+03  7.83e-01 2.08e-01      1s
  10   4.55903637e+03 -2.07036233e+03  1.10e+02 1.76e+02  4.29e+05  1.38e+00  1.68e+01 1.19e+01 2.82e+03  8.35e-01 2.94e-01      2s
  11   4.66657077e+03 -1.47920068e+03  6.24e+01 1.08e+02  2.74e+05  1.67e+01  2.03e+01 2.01e+01 3.36e+03  8.48e-01 3.87e-01      2s
  12   4.95774741e+03 -4.08910835e+02  1.09e+01 2.16e+01  6.22e+04  2.84e+00  2.41e+01 3.99e+01 4.05e+03  9.22e-01 8.01e-01      2s
  13   5.02395388e+03 -4.07907585e+01  3.22e+01 1.16e+00  8.05e+03  3.44e+01  2.78e+01 2.70e+02 4.41e+03  1.00e+00 9.46e-01      3s
  14   2.45383356e+03 -1.99100519e+01  7.77e+01 3.66e-15  2.18e+03  7.77e+01  2.76e+01 2.63e+03 1.32e+03  1.00e+00 1.00e+00      3s
  15   1.85505835e+02 -1.90119997e+01  3.20e-01 4.48e-16  2.04e+02 *3.20e-01  2.69e+01 3.31e+03 3.34e+01  1.00e+00 1.00e+00      3s
  16   6.02395096e+01 -1.73254947e+01  1.07e-01 1.78e-15  7.74e+01 *1.08e-02  2.00e+01 2.41e+02 7.48e+00  9.78e-01 6.89e-01      3s
  17   4.67349454e+01 -1.62977251e+01  2.43e-01 1.78e-15  6.28e+01 *7.59e-01  1.45e+01 6.69e+01 5.89e+00  8.33e-01 2.10e-01      4s
  18   3.79243209e+01 -1.52639428e+01  2.48e-01 1.83e-15  5.30e+01 *2.71e-01  1.24e+01 4.85e+01 5.65e+00  7.95e-01 1.74e-01      4s
  19   3.14175461e+01 -1.42282568e+01  2.39e-01 4.44e-16  4.55e+01 *1.92e-01  1.04e+01 3.69e+01 5.50e+00  7.73e-01 1.57e-01      4s
  20   2.63731525e+01 -1.31825147e+01  2.12e-01 1.84e-15  3.94e+01 *5.87e-02  8.69e+00 2.88e+01 5.39e+00  7.59e-01 1.48e-01      4s
  21   3.83899146e+00 -1.31825147e+01  5.30e+00 0.00e+00  3.94e+00  5.30e+00  7.16e+00 2.30e+01 5.30e+00  1.00e+00 1.00e+00      4s
  22   1.97715056e+00 -3.36736075e+00  4.70e+00 1.79e-15  2.43e+00 *1.16e-02  1.50e+01 3.93e+00 5.35e+00  1.38e-01 1.13e-01      4s
  23   1.95020229e+00 -3.18012542e+00  4.66e+00 1.79e-15  2.41e+00 *2.73e-01  1.24e+00 1.56e+00 5.24e+00  1.51e-01 9.61e-03      5s
  24   1.94097483e+00 -3.11710504e+00  4.64e+00 3.56e-15  2.40e+00 *2.65e-01  1.38e+00 1.76e+00 5.24e+00  1.58e-01 3.52e-03      5s
  25   1.93207117e+00 -3.05568930e+00  4.62e+00 3.56e-15  2.39e+00 *1.39e-01  1.44e+00 1.83e+00 5.23e+00  1.59e-01 3.54e-03      5s
  26   1.92345608e+00 -2.99578149e+00  4.61e+00 3.56e-15  2.38e+00 *1.58e-02  1.49e+00 1.91e+00 5.23e+00  1.60e-01 3.58e-03      5s
  27   1.91449904e+00 -2.93431412e+00  4.59e+00 3.56e-15  2.38e+00 *6.53e-02  1.55e+00 1.99e+00 5.23e+00  1.64e-01 3.77e-03      5s
  28   1.90512555e+00 -2.87087698e+00  4.57e+00 3.56e-15  2.37e+00 *1.28e-01  1.61e+00 2.07e+00 5.22e+00  1.68e-01 4.01e-03      5s
  29   1.89539554e+00 -2.80574739e+00  4.55e+00 1.83e-15  2.36e+00 *1.74e-01  1.67e+00 2.16e+00 5.22e+00  1.72e-01 4.23e-03      5s
  30   1.88539229e+00 -2.73927067e+00  4.53e+00 3.56e-15  2.35e+00 *1.92e-01  1.74e+00 2.26e+00 5.22e+00  1.76e-01 4.46e-03      5s
  31   1.87527292e+00 -2.67224026e+00  4.51e+00 3.56e-15  2.34e+00 *1.74e-01  1.81e+00 2.37e+00 5.21e+00  1.79e-01 4.65e-03      5s
  32   1.86517597e+00 -2.60535818e+00  4.49e+00 3.56e-15  2.33e+00 *1.21e-01  1.89e+00 2.49e+00 5.21e+00  1.82e-01 4.81e-03      5s
  33   1.85521361e+00 -2.53925951e+00  4.47e+00 1.79e-15  2.32e+00 *3.93e-02  1.97e+00 2.61e+00 5.21e+00  1.85e-01 4.94e-03      5s
  34   1.84542338e+00 -2.47422160e+00  4.45e+00 1.79e-15  2.31e+00 *5.46e-02  2.05e+00 2.74e+00 5.20e+00  1.87e-01 5.07e-03      5s
  35   1.83574796e+00 -2.41000416e+00  4.42e+00 1.83e-15  2.29e+00 *1.42e-01  2.14e+00 2.88e+00 5.20e+00  1.90e-01 5.22e-03      6s
  36   1.82607400e+00 -2.34605794e+00  4.40e+00 1.83e-15  2.28e+00 *2.04e-01  2.23e+00 3.03e+00 5.19e+00  1.93e-01 5.41e-03      6s
  37   1.81624079e+00 -2.28153764e+00  4.37e+00 1.83e-15  2.27e+00 *2.26e-01  2.33e+00 3.19e+00 5.19e+00  1.97e-01 5.67e-03      6s
  38   1.80603709e+00 -2.21525196e+00  4.35e+00 1.79e-15  2.26e+00 *1.98e-01  2.43e+00 3.36e+00 5.18e+00  2.03e-01 6.03e-03      6s
  39   1.79525371e+00 -2.14597827e+00  4.32e+00 1.79e-15  2.24e+00 *1.24e-01  2.54e+00 3.55e+00 5.18e+00  2.09e-01 6.50e-03      6s
  40   1.78372478e+00 -2.07267194e+00  4.29e+00 1.78e-15  2.23e+00 *2.37e-02  2.65e+00 3.76e+00 5.17e+00  2.16e-01 7.09e-03      6s
  41   1.77148993e+00 -1.99542897e+00  4.25e+00 1.78e-15  2.21e+00 *5.42e-02  2.78e+00 3.99e+00 5.17e+00  2.23e-01 7.73e-03      6s
  42   1.75892822e+00 -1.91637544e+00  4.22e+00 1.79e-15  2.20e+00 *5.43e-02  2.91e+00 4.25e+00 5.16e+00  2.29e-01 8.26e-03      6s
  43   1.70242215e+00 -1.91637544e+00  4.25e+00 1.79e-15  2.13e+00  5.16e+00  3.04e+00 4.53e+00 5.16e+00  1.00e+00 3.57e-02      6s
  44   1.70239211e+00 -1.91637544e+00  4.25e+00 1.79e-15  2.13e+00  5.16e+00  3.06e+00 4.40e+00 5.16e+00  1.00e+00 1.96e-05      6s

The solution quality is limited by the precision of the linear system solver.

The algorithm stopped after 45 iterations in 6.50 seconds.

Primal variables:   [+0.0791 +1.4287 +2.7186 +0.3412]
Dual slacks:        [+9.7667 +0.1867 +0.2381 +1.2907]
Dual variables:     [+0.4628 +0.3140]

Primal objective:   1.70239211e+00 
Dual objective:     -1.91637544e+00

Primal residual:    4.25e+00
Dual residual:      1.79e-15
Complementraty:     2.13e+00

Number of Iter:     45
Run time:           6.50
The iterative refinement algorithm stopped because of inexact solution returned by IPM.

The Iterative Refinement algorithm stopped after 2 iterations in 5.29 seconds.

Primal objective:   -1.11192887e+01
Dual objective:     -1.56144361e+01

Primal residual:    6.94e-01
Dual residual:      0.00e+00
Complementraty:     3.47e-01

Primal variables:   [+0.018715 +2.491915 +2.929036 +0.049665]
Dual slacks:        [+4.909167 +0.046243 +0.032363 +0.905741]
Dual variables:     [+3.345986 -9.428198]

Number of Iter:     1
Run time:           5.29
