
--------------- Linear optimization problem characteristics ---------------
Seed:                    85
Number of variables:     4
Number of constraints:   2

Norm of primal sol:      5.00e+00
Norm of dual sol:        1.00e+01
Norm of dual slacks:     5.00e+00

Norm of vector b:        4.10e+00
Norm of vector c:        1.27e+01

Norm of matrix A:        1.00e+00
Condition number:        1.00e+00

----------------------- Linear optimization problem -----------------------
Coeff matrix A:          [[+0.435 +0.744 -0.419 -0.285]
                          [+0.336 -0.626 -0.348 -0.611]]

RHS vector b:            [+4.043 -0.686]
Obj vector c:            [-3.988 -8.039 +5.893 +6.759]

---------------------------- Optimal solution -----------------------------
Primal variables:         [+3.866 +3.171 +0.000 +0.000]
Dual slacks:              [+0.000 +0.000 +2.075 +4.549]
Dual variables:           [-9.948 +1.016]

Optimal objective:       -4.09131308e+01
===========================================================================

Method:                  IR-II-QIPM
IR_Precision:            1.00e-04
IncScalLim:              1.00e+00
LO_Precision:            1.00e-02
Stop_Precision:          1.00e-03
LO_Verbosity:            2
Omega:                   1.00e+03

The Iterative Refinement algorithm starts running ...


The Quantum Inexact Infeasible Interior-Point Method starts running ...


                  Objective                Residual                                Linear system           Step-length
Iter      Primal           Dual         Primal    Dual     Compl    ||Resl||  Cond-Num  ||M||   ||RHS||    a-star   a-hat      Time
   0   2.69519154e+03 -2.18455271e+03  3.90e+02 5.85e+02  1.26e+06 *1.14e-13  1.00e+00 1.00e+00 1.47e+03  8.11e-01 7.07e-01      0s
   1   2.75526463e+03 -4.07006268e+03  1.96e+02 2.90e+02  6.59e+05 *4.76e+00  1.77e+01 3.77e+00 1.24e+03  7.10e-01 5.04e-01      1s
   2   2.60165016e+03 -4.65947843e+03  1.61e+02 2.38e+02  5.50e+05 *3.13e-03  6.89e+01 6.01e+00 9.53e+02  7.64e-01 1.81e-01      2s
   3   2.42099204e+03 -5.29424335e+03  1.26e+02 1.86e+02  4.41e+05 *2.03e+00  9.66e+01 6.55e+00 8.18e+02  8.10e-01 2.16e-01      2s
   4   2.21691767e+03 -5.98585302e+03  9.51e+01 1.40e+02  3.41e+05 *4.37e-01  1.44e+02 7.27e+00 6.74e+02  8.34e-01 2.48e-01      4s
   5   1.98044078e+03 -6.73365152e+03  6.79e+01 9.95e+01  2.50e+05 *1.34e+00  2.30e+02 8.12e+00 5.28e+02  8.69e-01 2.90e-01      6s
   6   1.72101995e+03 -7.52095729e+03  4.74e+01 6.94e+01  1.81e+05 *2.24e-01  3.87e+02 9.05e+00 3.86e+02  8.62e-01 3.03e-01     10s
   7   1.42451345e+03 -8.35395585e+03  3.19e+01 4.66e+01  1.27e+05 *4.74e-02  6.31e+02 9.56e+00 2.66e+02  8.54e-01 3.28e-01     18s
   8   1.05900430e+03 -9.22415734e+03  1.89e+01 2.74e+01  7.96e+04 *3.46e-01  9.64e+02 9.35e+00 1.66e+02  8.90e-01 4.12e-01     27s
   9   5.75692445e+02 -1.00322800e+04  6.95e+00 1.01e+01  3.54e+04 *6.28e-03  1.40e+03 8.14e+00 8.31e+01  9.69e-01 6.32e-01     50s
  10   1.73165596e+02 -8.57533021e+03  1.11e-03 1.41e-13  8.75e+03 *1.11e-03  1.99e+03 5.31e+00 2.08e+01  1.00e+00 1.00e+00     73s
  11   1.66486349e+02 -7.05178143e+02  7.57e-08 2.45e-13  8.72e+02  7.57e-08  2.29e+03 2.43e+00 2.76e+00  1.00e+00 1.00e+00    150s
  12   1.55097606e+02 -4.53316352e+02  1.24e-04 1.61e-13  6.08e+02  3.70e-04  1.76e+03 1.95e+01 3.36e+00  8.80e-01 3.36e-01    182s
  13   1.46078893e+02 -3.56890179e+02  3.17e-04 1.37e-13  5.03e+02  1.13e-03  1.48e+03 2.46e+01 3.39e+00  8.17e-01 1.93e-01    205s
  14   1.36999603e+02 -2.90877281e+02  4.22e-04 1.18e-13  4.28e+02  9.52e-04  1.29e+03 2.68e+01 3.41e+00  7.85e-01 1.66e-01    228s
  15   1.27830814e+02 -2.42713365e+02  7.38e-04 9.99e-14  3.71e+02  2.54e-03  1.11e+03 2.83e+01 3.42e+00  7.62e-01 1.49e-01    251s
  16   1.18332697e+02 -2.05735205e+02  5.44e-03 7.51e-14  3.24e+02  3.44e-02  9.48e+02 2.92e+01 3.44e+00  7.50e-01 1.40e-01    259s
  17   1.09022897e+02 -1.77085225e+02  6.56e-03 7.09e-14  2.86e+02  1.40e-02  7.97e+02 2.96e+01 3.46e+00  7.34e-01 1.30e-01    268s
  18   9.97773481e+01 -1.54235546e+02  6.67e-03 6.04e-14  2.54e+02  7.38e-03  6.63e+02 2.94e+01 3.47e+00  7.24e-01 1.25e-01    282s
  19   9.05924389e+01 -1.35650590e+02  6.06e-03 4.93e-14  2.26e+02  1.70e-03  5.45e+02 2.90e+01 3.49e+00  7.18e-01 1.21e-01    290s
  20   8.09734803e+01 -1.19919923e+02  1.31e-02 4.51e-14  2.01e+02  6.20e-02  4.44e+02 2.82e+01 3.50e+00  7.27e-01 1.25e-01    294s
  21   7.18961689e+01 -1.07187225e+02  1.35e-02 3.65e-14  1.79e+02  1.69e-02  3.54e+02 2.70e+01 3.51e+00  7.17e-01 1.21e-01    298s
  22   6.30174129e+01 -9.65686007e+01  1.30e-02 3.44e-14  1.59e+02  9.51e-03  2.81e+02 2.58e+01 3.53e+00  7.17e-01 1.21e-01    301s
  23   5.40446807e+01 -8.74903865e+01  1.69e-02 2.93e-14  1.41e+02  4.34e-02  2.21e+02 2.44e+01 3.53e+00  7.27e-01 1.26e-01    303s
  24   4.55820459e+01 -7.99995502e+01  1.54e-02 2.46e-14  1.25e+02  5.48e-03  1.70e+02 2.28e+01 3.54e+00  7.25e-01 1.25e-01    305s
  25   3.73084348e+01 -7.36495556e+01  1.36e-02 2.40e-14  1.11e+02  8.45e-04  1.30e+02 2.12e+01 3.55e+00  7.32e-01 1.29e-01    306s
  26   2.86110953e+01 -6.80028178e+01  2.17e-02 2.00e-14  9.65e+01  7.03e-02  9.75e+01 1.95e+01 3.55e+00  7.56e-01 1.44e-01    307s
  27   2.04062140e+01 -6.33186845e+01  2.28e-02 1.58e-14  8.37e+01  2.92e-02  7.05e+01 1.77e+01 3.56e+00  7.61e-01 1.48e-01    308s
  28   1.24003910e+01 -5.93356018e+01  2.01e-02 1.36e-14  7.17e+01  5.53e-03  5.01e+01 1.59e+01 3.56e+00  7.76e-01 1.59e-01    309s
  29   3.91605347e+00 -5.57512998e+01  2.54e-02 1.10e-14  5.96e+01  4.86e-02  3.44e+01 1.41e+01 3.55e+00  8.11e-01 1.87e-01    309s
  30  -4.56120193e+00 -5.26576174e+01  2.58e-02 9.96e-15  4.81e+01  2.71e-02  2.21e+01 1.23e+01 3.55e+00  8.40e-01 2.15e-01    310s
  31  -1.57546901e+01 -4.93567001e+01  8.80e-02 5.39e-15  3.36e+01  2.11e-01  1.33e+01 1.04e+01 3.54e+00  9.34e-01 3.36e-01    310s
  32  -2.52645282e+01 -4.68140277e+01  9.28e-02 3.05e-15  2.16e+01  1.00e-01  6.17e+00 7.90e+00 3.54e+00  9.60e-01 3.97e-01    310s
  33  -3.50215163e+01 -4.43492027e+01  8.15e-02 9.68e-16  9.37e+00  7.48e-02  2.57e+00 5.92e+00 3.53e+00  9.48e-01 6.28e-01    310s
  34  -4.00143864e+01 -4.24950931e+01  1.09e-02 1.55e-15  2.47e+00  3.13e-02  2.05e+00 7.16e+00 3.53e+00  9.14e-01 8.19e-01    310s
  35  -1.84865827e+01 -4.24950931e+01  2.20e+00 5.84e-16  1.10e+00  3.57e+00  7.44e+00 2.80e+01 3.57e+00  1.00e+00 6.17e-01    310s
  36  -1.99172837e+01 -4.22811526e+01  2.06e+00 1.01e-15  1.03e+00  7.12e-03  8.94e+00 1.39e+01 3.86e+00  4.55e-01 6.36e-02    310s
  37  -2.14554197e+01 -4.20872051e+01  1.91e+00 3.62e-16  9.54e-01  5.86e-02  8.65e+00 1.68e+01 3.84e+00  5.05e-01 7.33e-02    310s
  38  -2.32801766e+01 -4.18914125e+01  1.73e+00 1.68e-15  8.65e-01  1.05e-01  8.47e+00 2.06e+01 3.83e+00  5.54e-01 9.40e-02    311s
  39  -2.54089299e+01 -4.16970130e+01  1.52e+00 1.30e-15  7.61e-01  1.00e-01  8.34e+00 2.63e+01 3.80e+00  5.98e-01 1.21e-01    311s
  40  -2.78672868e+01 -4.15066961e+01  1.28e+00 1.56e-15  6.40e-01  4.61e-02  8.15e+00 3.51e+01 3.78e+00  6.36e-01 1.59e-01    311s
  41  -2.78672051e+01 -4.15066961e+01  1.28e+00 1.56e-15  6.40e-01  3.75e+00  7.76e+00 4.88e+01 3.75e+00  1.00e+00 3.34e-06    311s

The solution quality is limited by the precision of the linear system solver.

The algorithm stopped after 42 iterations in 311.41 seconds.

Primal variables:   [+2.5713 +2.2544 +0.0507 +0.0315]
Dual slacks:        [+0.1175 +0.0440 +1.9589 +4.4211]
Dual variables:     [-10.1173 +0.8852]

Primal objective:   -2.78672051e+01
Dual objective:     -4.15066961e+01

Primal residual:    1.28e+00
Dual residual:      1.56e-15
Complementraty:     6.40e-01

Number of Iter:     42
Run time:           311.41

-------------------------------------------------------------------------------------------------------
                  Objective                Residual                        Step-length       
Iter      Primal           Dual         Primal    Dual     Compl    r error   r-bar    nabla     Time
   0  -2.78672051e+01 -4.15066961e+01  1.28e+00 0.00e+00  6.40e-01  1.28e+00 1.28e+00 1.00e+00   311s

The Quantum Inexact Infeasible Interior-Point Method starts running ...


                  Objective                Residual                                Linear system           Step-length
Iter      Primal           Dual         Primal    Dual     Compl    ||Resl||  Cond-Num  ||M||   ||RHS||    a-star   a-hat      Time
   0   4.45582711e+03 -2.15519020e+03  3.90e+02 5.84e+02  1.26e+06 *0.00e+00  1.00e+00 1.00e+00 1.47e+03  8.11e-01 7.07e-01      0s
   1   3.66361611e+03 -4.03460566e+03  1.96e+02 2.90e+02  6.59e+05 *4.75e+00  1.77e+01 3.77e+00 1.24e+03  7.10e-01 5.04e-01      0s
   2   3.35326523e+03 -4.62294152e+03  1.61e+02 2.37e+02  5.50e+05 *1.89e-03  6.89e+01 6.01e+00 9.46e+02  7.64e-01 1.81e-01      1s
   3   3.02188775e+03 -5.25663392e+03  1.26e+02 1.86e+02  4.41e+05 *2.03e+00  9.66e+01 6.55e+00 8.12e+02  8.10e-01 2.16e-01      2s
   4   2.67996005e+03 -5.94730712e+03  9.51e+01 1.40e+02  3.41e+05 *4.36e-01  1.44e+02 7.27e+00 6.69e+02  8.34e-01 2.48e-01      4s
   5   2.32338117e+03 -6.69463222e+03  6.79e+01 9.93e+01  2.50e+05 *1.36e+00  2.30e+02 8.12e+00 5.24e+02  8.69e-01 2.91e-01      6s
   6   1.97312015e+03 -7.48085557e+03  4.74e+01 6.92e+01  1.81e+05 *2.37e-01  3.88e+02 9.05e+00 3.82e+02  8.62e-01 3.03e-01      9s
   7   1.60818675e+03 -8.31361689e+03  3.19e+01 4.66e+01  1.27e+05 *4.66e-03  6.31e+02 9.56e+00 2.63e+02  8.54e-01 3.27e-01     18s
   8   1.19225158e+03 -9.19542484e+03  1.91e+01 2.79e+01  8.07e+04 *7.99e-02  9.63e+02 9.35e+00 1.65e+02  8.82e-01 4.01e-01     27s
   9   6.60845266e+02 -1.00123037e+04  7.20e+00 1.05e+01  3.65e+04 *7.19e-03  1.39e+03 8.14e+00 8.38e+01  9.66e-01 6.24e-01     55s
  10   2.11738452e+02 -8.72915407e+03  6.31e-02 5.12e-14  8.76e+03 *6.31e-02  1.98e+03 5.37e+00 2.17e+01  1.00e+00 1.00e+00     77s
  11   2.09560285e+02 -6.51451121e+02  1.24e-03 2.12e-13  8.61e+02  3.05e-04  2.31e+03 2.35e+00 2.77e+00  1.00e+00 9.81e-01    154s
  12   2.00110639e+02 -4.53488099e+02  6.16e-03 1.47e-13  6.53e+02  2.03e-02  1.77e+03 1.99e+01 3.38e+00  8.79e-01 2.68e-01    177s
  13   1.91207661e+02 -3.43121986e+02  5.44e-03 1.11e-13  5.34e+02  2.61e-03  1.56e+03 2.37e+01 3.40e+00  8.27e-01 2.03e-01    200s
  14   1.82207377e+02 -2.69286852e+02  5.25e-03 8.75e-14  4.51e+02  4.37e-03  1.36e+03 2.62e+01 3.42e+00  7.93e-01 1.72e-01    223s
  15   1.73159185e+02 -2.16343655e+02  4.46e-03 6.63e-14  3.89e+02  1.68e-05  1.18e+03 2.80e+01 3.44e+00  7.67e-01 1.52e-01    245s
  16   1.27113453e+02 -1.29441620e+02  5.61e-01 3.93e-14  2.40e+02  1.21e+00  1.01e+03 2.91e+01 3.45e+00  1.00e+00 4.61e-01    254s
  17   1.22825158e+02 -1.12823333e+02  5.16e-01 4.20e-14  2.22e+02  8.09e-04  6.37e+02 2.55e+01 3.55e+00  6.10e-01 8.00e-02    262s
  18   1.18193349e+02 -9.83680979e+01  4.75e-01 3.94e-14  2.06e+02  4.03e-05  5.50e+02 2.55e+01 3.55e+00  6.15e-01 8.08e-02    271s
  19   1.13042582e+02 -8.54639608e+01  4.38e-01 3.45e-14  1.90e+02  4.59e-02  4.71e+02 2.53e+01 3.56e+00  6.29e-01 8.48e-02    275s
  20   1.07816831e+02 -7.43537024e+01  4.01e-01 3.27e-14  1.76e+02  2.26e-03  3.98e+02 2.49e+01 3.56e+00  6.28e-01 8.44e-02    278s
  21   1.02358476e+02 -6.45762949e+01  3.67e-01 2.87e-14  1.62e+02  8.05e-05  3.34e+02 2.43e+01 3.57e+00  6.36e-01 8.67e-02    282s
  22   9.66569246e+01 -5.59321729e+01  3.34e-01 2.85e-14  1.49e+02  9.24e-03  2.77e+02 2.36e+01 3.57e+00  6.45e-01 9.01e-02    286s
  23   9.02023141e+01 -4.79172119e+01  3.13e-01 2.53e-14  1.35e+02  1.21e-01  2.28e+02 2.27e+01 3.57e+00  6.74e-01 1.01e-01    287s
  24   8.41530402e+01 -4.12244993e+01  2.85e-01 2.27e-14  1.23e+02  3.03e-02  1.82e+02 2.16e+01 3.58e+00  6.66e-01 9.84e-02    289s
  25   7.80801262e+01 -3.53818515e+01  2.57e-01 1.87e-14  1.12e+02  1.30e-02  1.46e+02 2.05e+01 3.58e+00  6.74e-01 1.02e-01    291s
  26   7.14946552e+01 -3.00330825e+01  2.38e-01 1.69e-14  1.00e+02  8.52e-02  1.15e+02 1.93e+01 3.58e+00  7.01e-01 1.14e-01    292s
  27   6.53045228e+01 -2.55438691e+01  2.10e-01 1.43e-14  8.99e+01  2.02e-04  8.80e+01 1.80e+01 3.58e+00  6.99e-01 1.14e-01    293s
  28   5.89307970e+01 -2.15445488e+01  1.85e-01 1.29e-14  7.98e+01  3.52e-03  6.68e+01 1.67e+01 3.58e+00  7.19e-01 1.24e-01    294s
  29   5.16857491e+01 -1.77514520e+01  1.73e-01 1.02e-14  6.90e+01  1.09e-01  4.94e+01 1.53e+01 3.57e+00  7.63e-01 1.51e-01    294s
  30   4.46643680e+01 -1.45238977e+01  1.53e-01 8.78e-15  5.89e+01  5.04e-02  3.44e+01 1.37e+01 3.57e+00  7.78e-01 1.62e-01    295s
  31   3.70903341e+01 -1.15636817e+01  1.39e-01 6.93e-15  4.85e+01  7.84e-02  2.32e+01 1.22e+01 3.56e+00  8.19e-01 1.96e-01    295s
  32   2.23811100e+01 -7.30622110e+00  2.97e-01 3.72e-15  2.96e+01  5.02e-01  1.45e+01 1.05e+01 3.56e+00  9.89e-01 4.36e-01    295s
  33   1.48375548e+01 -5.11237591e+00  2.60e-01 2.60e-15  2.00e+01  1.94e-01  5.40e+00 7.26e+00 3.56e+00  9.40e-01 3.61e-01    295s
  34   7.50353757e+00 -3.07514826e+00  1.88e-01 1.58e-15  1.06e+01  1.21e-01  2.50e+00 5.76e+00 3.55e+00  9.44e-01 5.18e-01    295s
  35   1.57368172e+00 -1.04661766e+00  7.27e-02 3.14e-16  2.64e+00  5.02e-02  1.65e+00 6.08e+00 3.53e+00  9.20e-01 8.36e-01    295s
  36   1.00540867e+00 -2.00555201e-01  2.91e-02 1.12e-16  1.21e+00  8.94e-04  7.00e+00 2.63e+01 3.55e+00  1.00e+00 6.07e-01    296s
  37   6.28758102e-01 -2.00555201e-01  1.50e+00 6.21e-17  7.52e-01  3.58e+00  7.53e+00 5.46e+01 3.58e+00  1.00e+00 4.20e-01    296s
  38   6.23839042e-01  6.25915142e-03  1.24e+00 2.26e-16  6.19e-01  6.30e-02  8.20e+00 3.57e+01 3.77e+00  6.65e-01 1.76e-01    296s
  39   6.20834557e-01  2.00329102e-01  9.38e-01 5.00e-17  4.69e-01  9.99e-03  8.04e+00 5.22e+01 3.74e+00  7.16e-01 2.42e-01    296s
  40   6.20832850e-01  2.00329102e-01  9.38e-01 5.00e-17  4.69e-01  3.71e+00  7.56e+00 8.22e+01 3.71e+00  1.00e+00 3.04e-06    296s

The solution quality is limited by the precision of the linear system solver.

The algorithm stopped after 41 iterations in 296.34 seconds.

Primal variables:   [+2.9558 +2.4780 +0.0341 +0.0221]
Dual slacks:        [+0.0781 +0.0287 +1.9978 +4.4638]
Dual variables:     [+0.0569 +0.0433]

Primal objective:   6.20832850e-01 
Dual objective:     2.00329102e-01 

Primal residual:    9.38e-01
Dual residual:      5.00e-17
Complementraty:     4.69e-01

Number of Iter:     41
Run time:           296.34

-------------------------------------------------------------------------------------------------------
                  Objective                Residual                        Step-length       
Iter      Primal           Dual         Primal    Dual     Compl    r error   r-bar    nabla     Time
   1  -3.13596488e+01 -4.13063670e+01  9.38e-01 0.00e+00  4.69e-01  9.38e-01 1.00e+00 1.00e+00   608s

The Quantum Inexact Infeasible Interior-Point Method starts running ...


                  Objective                Residual                                Linear system           Step-length
Iter      Primal           Dual         Primal    Dual     Compl    ||Resl||  Cond-Num  ||M||   ||RHS||    a-star   a-hat      Time
   0   4.46358959e+03 -2.15533192e+03  3.90e+02 5.84e+02  1.26e+06 *2.27e-13  1.00e+00 1.00e+00 1.47e+03  8.11e-01 7.07e-01      0s
   1   3.66738576e+03 -4.03477686e+03  1.96e+02 2.90e+02  6.59e+05 *4.75e+00  1.77e+01 3.77e+00 1.24e+03  7.10e-01 5.04e-01      0s
   2   3.35631706e+03 -4.62311797e+03  1.61e+02 2.37e+02  5.50e+05 *1.89e-03  6.89e+01 6.01e+00 9.46e+02  7.64e-01 1.81e-01      1s
   3   3.02423762e+03 -5.25681563e+03  1.26e+02 1.86e+02  4.41e+05 *2.03e+00  9.66e+01 6.55e+00 8.12e+02  8.10e-01 2.16e-01      2s
   4   2.68167853e+03 -5.94749343e+03  9.51e+01 1.40e+02  3.41e+05 *4.36e-01  1.44e+02 7.27e+00 6.69e+02  8.34e-01 2.48e-01      4s
   5   2.32454311e+03 -6.69482390e+03  6.79e+01 9.93e+01  2.50e+05 *1.36e+00  2.30e+02 8.12e+00 5.24e+02  8.69e-01 2.91e-01      6s
   6   1.97387000e+03 -7.48104995e+03  4.74e+01 6.92e+01  1.81e+05 *2.37e-01  3.88e+02 9.05e+00 3.82e+02  8.62e-01 3.03e-01      9s
   7   1.60862561e+03 -8.31381358e+03  3.19e+01 4.66e+01  1.27e+05 *4.66e-03  6.31e+02 9.56e+00 2.63e+02  8.54e-01 3.27e-01     18s
   8   1.19243391e+03 -9.19562618e+03  1.91e+01 2.79e+01  8.07e+04 *7.99e-02  9.63e+02 9.35e+00 1.65e+02  8.82e-01 4.01e-01     26s
   9   6.60789063e+02 -1.00125075e+04  7.20e+00 1.05e+01  3.65e+04 *7.19e-03  1.39e+03 8.14e+00 8.38e+01  9.66e-01 6.24e-01     60s
  10   2.11535871e+02 -8.72940597e+03  6.32e-02 4.55e-13  8.76e+03 *6.32e-02  1.98e+03 5.37e+00 2.17e+01  1.00e+00 1.00e+00     83s
  11   2.09360325e+02 -6.51531250e+02  1.24e-03 4.29e-13  8.61e+02  3.09e-04  2.31e+03 2.35e+00 2.77e+00  1.00e+00 9.81e-01    155s
  12   1.99932289e+02 -4.53802907e+02  5.86e-03 3.14e-13  6.53e+02  1.92e-02  1.77e+03 1.99e+01 3.38e+00  8.79e-01 2.68e-01    178s
  13   1.90992847e+02 -3.43408685e+02  5.99e-03 2.29e-13  5.34e+02  6.54e-03  1.56e+03 2.37e+01 3.40e+00  8.28e-01 2.03e-01    201s
  14   1.82012150e+02 -2.69554861e+02  5.39e-03 2.00e-13  4.51e+02  2.48e-03  1.36e+03 2.62e+01 3.42e+00  7.93e-01 1.72e-01    224s
  15   1.72952159e+02 -2.16545214e+02  4.68e-03 1.57e-13  3.89e+02  7.61e-04  1.18e+03 2.80e+01 3.44e+00  7.67e-01 1.53e-01    247s
  16   1.25765182e+02 -1.28415221e+02  5.78e-01 9.99e-14  2.37e+02  1.22e+00  1.01e+03 2.91e+01 3.45e+00  1.00e+00 4.70e-01    255s
  17   1.21581520e+02 -1.12137742e+02  5.33e-01 9.27e-14  2.20e+02  6.04e-03  6.31e+02 2.53e+01 3.55e+00  6.07e-01 7.88e-02    264s
  18   1.17058461e+02 -9.79271585e+01  4.91e-01 8.57e-14  2.04e+02  2.47e-03  5.45e+02 2.53e+01 3.56e+00  6.12e-01 7.97e-02    272s
  19   1.11945396e+02 -8.51219856e+01  4.55e-01 7.50e-14  1.88e+02  6.41e-02  4.67e+02 2.51e+01 3.56e+00  6.28e-01 8.47e-02    276s
  20   1.06818521e+02 -7.41612842e+01  4.17e-01 7.14e-14  1.74e+02  8.27e-03  3.95e+02 2.47e+01 3.57e+00  6.26e-01 8.35e-02    284s
  21   1.01443258e+02 -6.44856739e+01  3.82e-01 6.07e-14  1.61e+02  8.71e-03  3.32e+02 2.41e+01 3.57e+00  6.34e-01 8.60e-02    292s
  22   9.58811699e+01 -5.59676406e+01  3.49e-01 5.72e-14  1.48e+02  5.42e-03  2.76e+02 2.34e+01 3.57e+00  6.42e-01 8.87e-02    300s
  23   8.97648524e+01 -4.81829508e+01  3.23e-01 5.19e-14  1.35e+02  8.09e-02  2.27e+02 2.26e+01 3.58e+00  6.63e-01 9.72e-02    302s
  24   8.38908240e+01 -4.15806439e+01  2.93e-01 4.83e-14  1.23e+02  1.26e-02  1.83e+02 2.16e+01 3.58e+00  6.61e-01 9.61e-02    304s
  25   7.78501199e+01 -3.57262096e+01  2.65e-01 4.11e-14  1.12e+02  1.91e-02  1.47e+02 2.05e+01 3.58e+00  6.74e-01 1.02e-01    305s
  26   7.00936109e+01 -2.97970141e+01  2.66e-01 3.57e-14  9.85e+01  2.70e-01  1.16e+02 1.93e+01 3.58e+00  7.36e-01 1.32e-01    306s
  27   6.41238982e+01 -2.54348308e+01  2.36e-01 3.22e-14  8.85e+01  3.30e-04  8.59e+01 1.78e+01 3.58e+00  6.95e-01 1.12e-01    307s
  28   5.78229377e+01 -2.14833708e+01  2.10e-01 2.86e-14  7.86e+01  2.84e-02  6.55e+01 1.65e+01 3.58e+00  7.19e-01 1.24e-01    308s
  29   5.09068934e+01 -1.78186624e+01  1.93e-01 2.42e-14  6.82e+01  9.54e-02  4.84e+01 1.51e+01 3.58e+00  7.56e-01 1.46e-01    309s
  30   4.43830552e+01 -1.47479696e+01  1.64e-01 2.02e-14  5.88e+01  1.92e-04  3.40e+01 1.36e+01 3.57e+00  7.63e-01 1.53e-01    309s
  31   3.66046719e+01 -1.17230129e+01  1.55e-01 1.62e-14  4.82e+01  1.18e-01  2.33e+01 1.21e+01 3.56e+00  8.25e-01 2.02e-01    310s
  32   2.28389532e+01 -7.67531403e+00  2.89e-01 9.66e-15  3.04e+01  4.80e-01  1.44e+01 1.04e+01 3.56e+00  9.77e-01 4.12e-01    310s
  33   1.61639893e+01 -5.67908409e+00  2.28e-01 6.54e-15  2.19e+01  9.29e-02  5.70e+00 7.41e+00 3.56e+00  9.10e-01 3.12e-01    310s
  34   1.00830167e+01 -3.97296486e+00  1.18e-01 4.03e-15  1.41e+01  4.97e-02  2.87e+00 6.04e+00 3.54e+00  9.53e-01 3.94e-01    310s
  35   2.50261863e+00 -1.80379629e+00  1.91e-02 9.23e-16  4.31e+00  1.05e-02  1.52e+00 5.30e+00 3.52e+00  9.31e-01 7.70e-01    310s
  36   8.06363582e-01 -4.64438354e-01  3.94e-02 2.83e-16  1.27e+00  5.50e-02  5.12e+00 1.67e+01 3.53e+00  9.40e-01 7.89e-01    310s
  37   4.99883457e-01 -4.64438354e-01  1.55e+00 2.44e-16  7.75e-01  3.59e+00  7.94e+00 5.19e+01 3.59e+00  1.00e+00 4.31e-01    310s
  38   4.84897852e-01 -2.63336340e-01  1.31e+00 9.22e-16  6.56e-01  6.05e-02  8.64e+00 3.33e+01 3.79e+00  6.35e-01 1.52e-01    310s
  39   4.67260903e-01 -6.91847133e-02  1.03e+00 8.93e-16  5.17e-01  9.83e-02  8.33e+00 4.61e+01 3.76e+00  7.09e-01 2.13e-01    311s
  40   4.49479411e-01  1.16400516e-01  7.11e-01 5.72e-17  3.56e-01  1.61e-02  8.06e+00 7.01e+01 3.73e+00  7.54e-01 3.13e-01    311s
  41   4.49477448e-01  1.16400516e-01  7.11e-01 5.72e-17  3.56e-01  3.69e+00  7.22e+00 1.20e+02 3.69e+00  1.00e+00 4.82e-06    311s

The solution quality is limited by the precision of the linear system solver.

The algorithm stopped after 42 iterations in 311.12 seconds.

Primal variables:   [+3.1254 +2.6719 +0.0271 +0.0166]
Dual slacks:        [+0.0541 +0.0213 +2.0216 +4.4904]
Dual variables:     [+0.0335 +0.0280]

Primal objective:   4.49477448e-01 
Dual objective:     1.16400516e-01 

Primal residual:    7.11e-01
Dual residual:      5.72e-17
Complementraty:     3.56e-01

Number of Iter:     42
Run time:           311.12

-------------------------------------------------------------------------------------------------------
                  Objective                Residual                        Step-length       
Iter      Primal           Dual         Primal    Dual     Compl    r error   r-bar    nabla     Time
   2  -3.36737156e+01 -4.11899664e+01  7.11e-01 0.00e+00  3.56e-01  7.11e-01 1.00e+00 1.00e+00   919s

The Quantum Inexact Infeasible Interior-Point Method starts running ...


                  Objective                Residual                                Linear system           Step-length
Iter      Primal           Dual         Primal    Dual     Compl    ||Resl||  Cond-Num  ||M||   ||RHS||    a-star   a-hat      Time
   0   4.46905459e+03 -2.15541426e+03  3.90e+02 5.84e+02  1.26e+06 *0.00e+00  1.00e+00 1.00e+00 1.47e+03  8.11e-01 7.07e-01      0s
   1   3.67005481e+03 -4.03487633e+03  1.96e+02 2.90e+02  6.59e+05 *4.75e+00  1.77e+01 3.77e+00 1.24e+03  7.10e-01 5.04e-01      0s
   2   3.35848247e+03 -4.62322051e+03  1.61e+02 2.37e+02  5.50e+05 *1.90e-03  6.89e+01 6.01e+00 9.46e+02  7.64e-01 1.81e-01      1s
   3   3.02591123e+03 -5.25692122e+03  1.26e+02 1.86e+02  4.41e+05 *2.03e+00  9.66e+01 6.55e+00 8.12e+02  8.10e-01 2.16e-01      2s
   4   2.68290914e+03 -5.94760170e+03  9.51e+01 1.40e+02  3.41e+05 *4.36e-01  1.44e+02 7.27e+00 6.69e+02  8.34e-01 2.48e-01      4s
   5   2.32538371e+03 -6.69493526e+03  6.79e+01 9.93e+01  2.50e+05 *1.36e+00  2.30e+02 8.12e+00 5.24e+02  8.69e-01 2.91e-01      6s
   6   1.97442123e+03 -7.48116289e+03  4.74e+01 6.92e+01  1.81e+05 *2.37e-01  3.88e+02 9.05e+00 3.82e+02  8.62e-01 3.03e-01      9s
   7   1.60895833e+03 -8.31392787e+03  3.19e+01 4.66e+01  1.27e+05 *4.67e-03  6.31e+02 9.56e+00 2.63e+02  8.54e-01 3.27e-01     18s
   8   1.19258643e+03 -9.19574304e+03  1.91e+01 2.79e+01  8.07e+04 *7.99e-02  9.63e+02 9.35e+00 1.65e+02  8.82e-01 4.01e-01     27s
   9   6.60773952e+02 -1.00126258e+04  7.20e+00 1.05e+01  3.65e+04 *7.19e-03  1.39e+03 8.14e+00 8.38e+01  9.66e-01 6.24e-01     49s
  10   2.11418074e+02 -8.72955175e+03  6.32e-02 4.77e-13  8.76e+03 *6.32e-02  1.98e+03 5.37e+00 2.17e+01  1.00e+00 1.00e+00     72s
  11   2.09244133e+02 -6.51578860e+02  1.25e-03 3.38e-13  8.61e+02  3.10e-04  2.31e+03 2.35e+00 2.77e+00  1.00e+00 9.81e-01    149s
  12   1.99838668e+02 -4.54069255e+02  5.54e-03 2.49e-13  6.53e+02  1.81e-02  1.77e+03 1.99e+01 3.38e+00  8.79e-01 2.68e-01    172s
  13   1.90892203e+02 -3.43638305e+02  5.86e-03 1.84e-13  5.34e+02  7.13e-03  1.56e+03 2.37e+01 3.40e+00  8.28e-01 2.03e-01    195s
  14   1.81929161e+02 -2.69759968e+02  4.86e-03 1.49e-13  4.51e+02  5.22e-05  1.36e+03 2.62e+01 3.42e+00  7.93e-01 1.72e-01    217s
  15   1.72851809e+02 -2.16732656e+02  4.59e-03 1.32e-13  3.89e+02  3.06e-03  1.18e+03 2.80e+01 3.44e+00  7.68e-01 1.53e-01    240s
  16   1.41767065e+02 -1.46895153e+02  3.34e-01 8.15e-14  2.78e+02  9.90e-01  1.01e+03 2.91e+01 3.45e+00  1.00e+00 3.35e-01    249s
  17   1.35778034e+02 -1.25454207e+02  3.02e-01 7.37e-14  2.53e+02  6.36e-03  7.21e+02 2.74e+01 3.51e+00  6.61e-01 9.86e-02    257s
  18   1.29458416e+02 -1.07334624e+02  2.73e-01 6.60e-14  2.30e+02  4.27e-03  6.15e+02 2.74e+01 3.52e+00  6.62e-01 9.81e-02    266s
  19   1.22856414e+02 -9.18946663e+01  2.46e-01 5.92e-14  2.10e+02  4.90e-03  5.18e+02 2.71e+01 3.53e+00  6.65e-01 9.85e-02    275s
  20   1.15755642e+02 -7.84035167e+01  2.26e-01 5.32e-14  1.90e+02  5.06e-02  4.32e+02 2.66e+01 3.54e+00  6.76e-01 1.03e-01    278s
  21   1.08773300e+02 -6.70708006e+01  2.04e-01 4.95e-14  1.73e+02  8.99e-03  3.55e+02 2.58e+01 3.54e+00  6.73e-01 1.01e-01    282s
  22   1.01686692e+02 -5.73109849e+01  1.84e-01 4.24e-14  1.57e+02  7.70e-03  2.90e+02 2.49e+01 3.55e+00  6.79e-01 1.03e-01    286s
  23   9.32408861e+01 -4.80666736e+01  1.85e-01 3.92e-14  1.40e+02  1.93e-01  2.33e+02 2.38e+01 3.56e+00  7.20e-01 1.22e-01    287s
  24   8.62210634e+01 -4.09660299e+01  1.66e-01 3.37e-14  1.26e+02  7.76e-03  1.81e+02 2.23e+01 3.56e+00  6.90e-01 1.09e-01    289s
  25   7.91365729e+01 -3.47808913e+01  1.48e-01 3.02e-14  1.13e+02  1.16e-02  1.42e+02 2.10e+01 3.57e+00  7.01e-01 1.14e-01    291s
  26   7.17857314e+01 -2.92933584e+01  1.36e-01 2.72e-14  1.00e+02  4.81e-02  1.10e+02 1.96e+01 3.57e+00  7.20e-01 1.24e-01    291s
  27   6.45194852e+01 -2.45680732e+01  1.22e-01 2.28e-14  8.86e+01  3.27e-02  8.26e+01 1.81e+01 3.57e+00  7.31e-01 1.30e-01    292s
  28   5.52866833e+01 -1.97763760e+01  1.47e-01 1.91e-14  7.47e+01  2.61e-01  6.08e+01 1.66e+01 3.57e+00  8.01e-01 1.75e-01    293s
  29   4.83300309e+01 -1.63703599e+01  1.25e-01 1.64e-14  6.44e+01  5.20e-03  4.09e+01 1.46e+01 3.57e+00  7.63e-01 1.52e-01    294s
  30   3.90764554e+01 -1.27618059e+01  1.49e-01 1.28e-14  5.17e+01  2.33e-01  2.83e+01 1.30e+01 3.56e+00  8.48e-01 2.21e-01    294s
  31   3.19324821e+01 -1.01814102e+01  1.18e-01 1.01e-14  4.20e+01  3.48e-03  1.69e+01 1.10e+01 3.56e+00  8.28e-01 2.07e-01    294s
  32   2.29837293e+01 -7.51271455e+00  1.18e-01 7.32e-15  3.05e+01  1.17e-01  1.03e+01 9.36e+00 3.55e+00  9.11e-01 3.05e-01    294s
  33   1.42831135e+01 -5.19518410e+00  9.12e-02 4.60e-15  1.95e+01  5.17e-02  5.11e+00 7.40e+00 3.54e+00  9.60e-01 4.00e-01    294s
  34   3.20367260e+00 -2.40505259e+00  1.13e-01 9.24e-16  5.67e+00  1.19e-01  2.16e+00 5.64e+00 3.53e+00  9.39e-01 7.89e-01    295s
  35   8.65139370e-01 -2.40505259e+00  2.92e+00 0.00e+00  1.46e+00  3.54e+00  3.86e+00 1.20e+01 3.54e+00  1.00e+00 8.24e-01    295s
  36   8.30117104e-01 -2.13147649e+00  2.82e+00 8.92e-16  1.41e+00  3.18e-02  5.79e+00 4.05e+00 3.95e+00  3.21e-01 3.30e-02    295s
  37   8.05038834e-01 -1.93759561e+00  2.75e+00 8.88e-16  1.37e+00  4.16e-03  5.86e+00 4.82e+00 3.94e+00  3.36e-01 2.75e-02    295s
  38   7.79532306e-01 -1.74381668e+00  2.66e+00 8.90e-16  1.33e+00  2.29e-03  5.86e+00 5.50e+00 3.93e+00  3.52e-01 3.14e-02    295s
  39   7.53303569e-01 -1.54995302e+00  2.56e+00 2.24e-16  1.28e+00  6.71e-03  5.85e+00 6.33e+00 3.92e+00  3.71e-01 3.64e-02    295s
  40   7.25930271e-01 -1.35555560e+00  2.45e+00 9.16e-16  1.23e+00  1.80e-02  5.82e+00 7.38e+00 3.91e+00  3.95e-01 4.30e-02    295s
  41   6.96893306e-01 -1.16045463e+00  2.33e+00 5.55e-17  1.16e+00  3.63e-02  5.78e+00 8.73e+00 3.90e+00  4.24e-01 5.17e-02    295s
  42   6.65561124e-01 -9.64838681e-01  2.18e+00 8.90e-16  1.09e+00  5.84e-02  5.74e+00 1.05e+01 3.88e+00  4.59e-01 6.34e-02    296s
  43   6.31069814e-01 -7.68755970e-01  2.01e+00 5.55e-17  1.00e+00  7.98e-02  5.70e+00 1.31e+01 3.86e+00  4.99e-01 7.99e-02    296s
  44   5.92293498e-01 -5.72674745e-01  1.80e+00 5.55e-17  8.99e-01  9.83e-02  5.67e+00 1.67e+01 3.84e+00  5.46e-01 1.04e-01    296s
  45   5.47731140e-01 -3.77887604e-01  1.55e+00 5.93e-17  7.74e-01  1.15e-01  5.64e+00 2.24e+01 3.82e+00  6.03e-01 1.40e-01    296s
  46   4.95289494e-01 -1.86771320e-01  1.24e+00 8.89e-16  6.22e-01  1.30e-01  5.61e+00 3.18e+01 3.78e+00  6.71e-01 1.98e-01    296s
  47   4.33437634e-01 -7.56066539e-03  8.81e-01 4.45e-16  4.41e-01  1.47e-01  5.56e+00 4.97e+01 3.74e+00  7.56e-01 2.95e-01    296s
  48   3.72555786e-01  1.24674213e-01  5.39e-01 1.73e-17  2.69e-01  1.65e-01  5.49e+00 8.98e+01 3.69e+00  8.58e-01 4.04e-01    296s
  49   3.56162715e-01  1.51772525e-01  4.54e-01 1.10e-17  2.27e-01  1.63e-01  5.38e+00 1.82e+02 3.64e+00  9.50e-01 1.72e-01    296s
  50   3.56157193e-01  1.51781311e-01  4.54e-01 4.44e-16  2.27e-01  1.49e-01  5.32e+00 2.25e+02 3.63e+00  9.68e-01 6.95e-05    297s

The solution quality is limited by the precision of the linear system solver.

The algorithm stopped after 51 iterations in 296.68 seconds.

Primal variables:   [+3.2661 +2.9412 +0.0278 +0.0135]
Dual slacks:        [+0.0221 +0.0125 +2.0534 +4.5264]
Dual variables:     [+0.0440 +0.0383]

Primal objective:   3.56157193e-01 
Dual objective:     1.51781311e-01 

Primal residual:    4.54e-01
Dual residual:      4.44e-16
Complementraty:     2.27e-01

Number of Iter:     51
Run time:           296.68

-------------------------------------------------------------------------------------------------------
                  Objective                Residual                        Step-length       
Iter      Primal           Dual         Primal    Dual     Compl    r error   r-bar    nabla     Time
   3  -3.64173364e+01 -4.10381851e+01  4.54e-01 0.00e+00  2.27e-01  4.54e-01 1.00e+00 1.00e+00  1216s

The Quantum Inexact Infeasible Interior-Point Method starts running ...


                  Objective                Residual                                Linear system           Step-length
Iter      Primal           Dual         Primal    Dual     Compl    ||Resl||  Cond-Num  ||M||   ||RHS||    a-star   a-hat      Time
   0   4.47681661e+03 -2.15552163e+03  3.90e+02 5.84e+02  1.26e+06 *2.54e-13  1.00e+00 1.00e+00 1.47e+03  8.11e-01 7.07e-01      0s
   1   3.67385400e+03 -4.03500605e+03  1.96e+02 2.90e+02  6.59e+05 *4.75e+00  1.77e+01 3.77e+00 1.24e+03  7.10e-01 5.04e-01      0s
   2   3.36156727e+03 -4.62335421e+03  1.61e+02 2.37e+02  5.50e+05 *1.90e-03  6.89e+01 6.01e+00 9.46e+02  7.64e-01 1.81e-01      1s
   3   3.02829887e+03 -5.25705892e+03  1.26e+02 1.86e+02  4.41e+05 *2.03e+00  9.66e+01 6.55e+00 8.12e+02  8.10e-01 2.16e-01      2s
   4   2.68466841e+03 -5.94774290e+03  9.51e+01 1.40e+02  3.41e+05 *4.36e-01  1.44e+02 7.27e+00 6.69e+02  8.34e-01 2.48e-01      4s
   5   2.32659003e+03 -6.69508045e+03  6.79e+01 9.93e+01  2.50e+05 *1.36e+00  2.30e+02 8.12e+00 5.24e+02  8.69e-01 2.91e-01      6s
   6   1.97521697e+03 -7.48131016e+03  4.74e+01 6.92e+01  1.81e+05 *2.37e-01  3.88e+02 9.05e+00 3.82e+02  8.62e-01 3.03e-01      9s
   7   1.60944396e+03 -8.31407689e+03  3.19e+01 4.66e+01  1.27e+05 *4.67e-03  6.31e+02 9.56e+00 2.63e+02  8.54e-01 3.27e-01     18s
   8   1.19281635e+03 -9.19589532e+03  1.91e+01 2.79e+01  8.07e+04 *7.99e-02  9.63e+02 9.35e+00 1.65e+02  8.82e-01 4.01e-01     33s
   9   6.60765934e+02 -1.00127799e+04  7.20e+00 1.05e+01  3.65e+04 *7.19e-03  1.39e+03 8.14e+00 8.38e+01  9.66e-01 6.24e-01     64s
  10   2.11264411e+02 -8.72974144e+03  6.32e-02 1.45e-13  8.76e+03 *6.32e-02  1.98e+03 5.37e+00 2.17e+01  1.00e+00 1.00e+00     88s
  11   2.09092619e+02 -6.51641628e+02  1.25e-03 3.37e-13  8.60e+02  3.12e-04  2.31e+03 2.35e+00 2.77e+00  1.00e+00 9.81e-01    161s
  12   1.99728537e+02 -4.54553993e+02  5.01e-03 2.33e-13  6.54e+02  1.61e-02  1.77e+03 1.99e+01 3.38e+00  8.78e-01 2.67e-01    184s
  13   1.90850385e+02 -3.44152182e+02  4.01e-03 1.67e-13  5.35e+02  7.56e-05  1.56e+03 2.37e+01 3.40e+00  8.27e-01 2.02e-01    207s
  14   1.81836308e+02 -2.70047106e+02  3.82e-03 1.31e-13  4.52e+02  2.90e-03  1.36e+03 2.62e+01 3.42e+00  7.93e-01 1.73e-01    230s
  15   1.72762944e+02 -2.16992916e+02  3.44e-03 1.08e-13  3.90e+02  1.37e-03  1.18e+03 2.80e+01 3.44e+00  7.67e-01 1.53e-01    253s
  16   1.63013755e+02 -1.76114110e+02  1.25e-02 9.17e-14  3.39e+02  6.57e-02  1.01e+03 2.91e+01 3.45e+00  7.60e-01 1.45e-01    262s
  17   1.53815060e+02 -1.45319352e+02  1.25e-02 8.36e-14  2.99e+02  1.24e-02  8.51e+02 2.96e+01 3.47e+00  7.35e-01 1.31e-01    271s
  18   1.44601378e+02 -1.20780791e+02  1.21e-02 6.79e-14  2.65e+02  9.29e-03  7.12e+02 2.96e+01 3.48e+00  7.25e-01 1.25e-01    279s
  19   1.35418782e+02 -1.00899027e+02  1.12e-02 6.11e-14  2.36e+02  4.56e-03  5.88e+02 2.93e+01 3.50e+00  7.18e-01 1.22e-01    288s
  20   1.26280141e+02 -8.45565939e+01  1.01e-02 5.78e-14  2.11e+02  2.60e-03  4.81e+02 2.86e+01 3.51e+00  7.15e-01 1.20e-01    292s
  21   1.17124415e+02 -7.09159121e+01  1.06e-02 4.72e-14  1.88e+02  1.39e-02  3.89e+02 2.76e+01 3.52e+00  7.16e-01 1.20e-01    295s
  22   1.08174071e+02 -5.95679760e+01  9.50e-03 4.19e-14  1.68e+02  1.46e-03  3.10e+02 2.64e+01 3.53e+00  7.15e-01 1.20e-01    299s
  23   9.30512108e+01 -4.64572961e+01  1.11e-01 3.31e-14  1.39e+02  5.28e-01  2.45e+02 2.50e+01 3.54e+00  8.40e-01 1.95e-01    301s
  24   8.53967276e+01 -3.93116287e+01  9.90e-02 2.90e-14  1.24e+02  1.11e-02  1.71e+02 2.23e+01 3.56e+00  7.07e-01 1.16e-01    303s
  25   7.78200755e+01 -3.31782737e+01  8.76e-02 2.62e-14  1.10e+02  4.32e-03  1.32e+02 2.09e+01 3.56e+00  7.15e-01 1.21e-01    304s
  26   6.97267413e+01 -2.76522332e+01  8.67e-02 2.34e-14  9.70e+01  8.09e-02  1.01e+02 1.94e+01 3.57e+00  7.42e-01 1.36e-01    305s
  27   6.22622532e+01 -2.31146795e+01  7.52e-02 1.95e-14  8.51e+01  2.30e-03  7.39e+01 1.77e+01 3.57e+00  7.41e-01 1.36e-01    306s
  28   5.35221717e+01 -1.87528589e+01  8.87e-02 1.56e-14  7.21e+01  1.54e-01  5.36e+01 1.61e+01 3.57e+00  7.93e-01 1.71e-01    307s
  29   4.59244870e+01 -1.53320995e+01  7.70e-02 1.25e-14  6.11e+01  1.95e-02  3.62e+01 1.42e+01 3.56e+00  7.87e-01 1.68e-01    307s
  30   3.79087602e+01 -1.22518301e+01  6.89e-02 1.08e-14  5.01e+01  3.63e-02  2.41e+01 1.25e+01 3.56e+00  8.24e-01 2.00e-01    307s
  31   2.97639529e+01 -9.55088189e+00  5.44e-02 7.47e-15  3.93e+01  8.50e-03  1.50e+01 1.07e+01 3.55e+00  8.61e-01 2.39e-01    308s
  32   1.97877790e+01 -6.79366423e+00  7.44e-02 4.47e-15  2.66e+01  1.10e-01  8.49e+00 8.87e+00 3.54e+00  9.43e-01 3.60e-01    308s
  33   1.74808971e+00 -6.79366423e+00  3.53e+00 0.00e+00  2.66e+00  3.53e+00  3.75e+00 6.71e+00 3.53e+00  1.00e+00 1.00e+00    308s
  34   1.37079062e+00 -2.42833575e+00  3.09e+00 3.33e-16  1.89e+00  1.02e-01  1.63e+00 5.44e-01 4.04e+00  1.59e-01 1.25e-01    308s
  35   1.16654842e+00 -2.42833575e+00  3.23e+00 2.78e-16  1.61e+00  3.93e+00  3.50e+00 2.97e+00 3.93e+00  1.00e+00 1.63e-01    308s
  36   1.16647925e+00 -2.42833575e+00  3.23e+00 2.78e-16  1.61e+00  3.95e+00  3.57e+00 2.58e+00 3.95e+00  1.00e+00 6.48e-05    308s

The solution quality is limited by the precision of the linear system solver.

The algorithm stopped after 37 iterations in 308.28 seconds.

Primal variables:   [+1.0106 +0.7430 +0.2842 +0.1218]
Dual slacks:        [+0.4332 +0.2771 +1.6487 +4.1147]
Dual variables:     [-0.6626 -0.3649]

Primal objective:   1.16647925e+00 
Dual objective:     -2.42833575e+00

Primal residual:    3.23e+00
Dual residual:      2.78e-16
Complementraty:     1.61e+00

Number of Iter:     37
Run time:           308.28
The iterative refinement algorithm stopped because of inexact solution returned by IPM.

The Iterative Refinement algorithm stopped after 5 iterations in 1215.55 seconds.

Primal objective:   -3.64173364e+01
Dual objective:     -4.10381851e+01

Primal residual:    4.54e-01
Dual residual:      0.00e+00
Complementraty:     2.27e-01

Primal variables:   [+3.266070 +2.941236 +0.027831 +0.013455]
Dual slacks:        [+0.022091 +0.012506 +2.053371 +4.526364]
Dual variables:     [-9.982782 +0.994738]

Number of Iter:     4
Run time:           1215.55
