
--------------- Linear optimization problem characteristics ---------------
Seed:                    73
Number of variables:     4
Number of constraints:   2

Norm of primal sol:      5.00e+00
Norm of dual sol:        1.00e+01
Norm of dual slacks:     5.00e+00

Norm of vector b:        2.65e+00
Norm of vector c:        1.06e+01

Norm of matrix A:        1.00e+00
Condition number:        1.00e+00

----------------------- Linear optimization problem -----------------------
Coeff matrix A:          [[-0.037 +0.508 +0.855 +0.099]
                          [-0.013 +0.698 -0.477 +0.534]]

RHS vector b:            [+1.489 +2.191]
Obj vector c:            [+0.141 -7.101 +7.773 -1.533]

---------------------------- Optimal solution -----------------------------
Primal variables:         [+3.832 +3.212 +0.000 +0.000]
Dual slacks:              [+0.000 +0.000 +3.213 +3.831]
Dual variables:           [-0.245 -9.997]

Optimal objective:       -2.22641381e+01
===========================================================================

Method:                  IR-II-QIPM
IR_Precision:            1.00e-04
LO_Precision:            1.00e-02
Stop_Precision:          1.00e-03
LO_Verbosity:            2
Omega:                   1.00e+03

The Iterative Refinement algorithm starts running ...


The Quantum Inexact Infeasible Interior-Point Method starts running ...


                  Objective                Residual                                Linear system           Step-length
Iter      Primal           Dual         Primal    Dual     Compl    ||Resl||  Cond-Num  ||M||   ||RHS||    a-star   a-hat      Time
   0   1.41733100e+03 -2.83298539e+03  5.04e+02 6.28e+02  1.35e+06 *3.22e-13  1.00e+00 1.00e+00 1.77e+03  7.93e-01 6.86e-01      0s
   1   8.17771998e+02 -3.92649391e+03  1.73e+02 2.15e+02  4.94e+05 *3.61e-01  1.62e+00 4.76e-01 1.95e+02  7.88e-01 6.57e-01      0s
   2   8.14959445e+02 -3.85779232e+03  1.64e+02 2.04e+02  4.70e+05  5.54e+00  1.37e+00 2.21e-01 9.95e+01  5.19e-01 5.27e-02      0s
   3   8.14098358e+02 -3.78554849e+03  1.56e+02 1.94e+02  4.50e+05  7.69e+00  1.34e+00 2.23e-01 1.18e+02  5.19e-01 4.80e-02      0s
   4   8.14742976e+02 -3.70443430e+03  1.48e+02 1.85e+02  4.30e+05  9.43e+00  1.32e+00 2.27e-01 1.36e+02  5.21e-01 4.85e-02      0s
   5   8.16930282e+02 -3.61415868e+03  1.41e+02 1.76e+02  4.11e+05  1.09e+01  1.31e+00 2.34e-01 1.55e+02  5.25e-01 4.96e-02      1s
   6   8.20760170e+02 -3.51406489e+03  1.34e+02 1.67e+02  3.92e+05  1.20e+01  1.31e+00 2.43e-01 1.77e+02  5.31e-01 5.14e-02      1s
   7   8.26552903e+02 -3.40381070e+03  1.27e+02 1.58e+02  3.73e+05  1.23e+01  1.33e+00 2.57e-01 2.01e+02  5.40e-01 5.37e-02      1s
   8   8.35263018e+02 -3.28353649e+03  1.20e+02 1.49e+02  3.53e+05  1.06e+01  1.37e+00 2.74e-01 2.27e+02  5.50e-01 5.68e-02      1s
   9   8.48588194e+02 -3.15407268e+03  1.13e+02 1.40e+02  3.34e+05  5.41e+00  1.43e+00 2.98e-01 2.57e+02  5.62e-01 6.05e-02      1s
  10   8.66722922e+02 -3.01374226e+03  1.05e+02 1.31e+02  3.14e+05  7.90e-01  1.51e+00 3.29e-01 2.91e+02  5.76e-01 6.54e-02      1s
  11   8.85922430e+02 -2.85389534e+03  9.76e+01 1.21e+02  2.93e+05  4.60e+00  1.62e+00 3.68e-01 3.29e+02  5.97e-01 7.27e-02      1s
  12   9.07599176e+02 -2.67316879e+03  8.97e+01 1.11e+02  2.72e+05  6.29e+00  1.75e+00 4.19e-01 3.74e+02  6.20e-01 8.21e-02      1s
  13   9.35323433e+02 -2.47207348e+03  8.13e+01 1.01e+02  2.48e+05  3.47e+00  1.90e+00 4.87e-01 4.25e+02  6.47e-01 9.41e-02      1s
  14   9.73278487e+02 -2.25076777e+03  7.23e+01 8.96e+01  2.24e+05  2.92e+00  2.09e+00 5.79e-01 4.86e+02  6.76e-01 1.10e-01      1s
  15   1.02225530e+03 -2.00168976e+03  6.26e+01 7.78e+01  1.97e+05  7.20e+00  2.31e+00 7.09e-01 5.59e+02  7.11e-01 1.32e-01      1s
  16   1.07556371e+03 -1.70284319e+03  5.19e+01 6.46e+01  1.66e+05  2.77e+00  2.59e+00 9.02e-01 6.47e+02  7.58e-01 1.69e-01      1s
  17   1.13431744e+03 -1.33706437e+03  3.99e+01 4.96e+01  1.31e+05  1.76e+00  2.92e+00 1.21e+00 7.56e+02  8.17e-01 2.33e-01      2s
  18   1.14353033e+03 -1.33706437e+03  3.62e+01 4.94e+01  1.30e+05  8.95e+02  3.34e+00 1.80e+00 8.95e+02  1.70e-01 4.07e-03      2s
  19   1.15226580e+03 -1.33706437e+03  3.27e+01 4.92e+01  1.30e+05  9.33e+02  3.46e+00 1.86e+00 9.33e+02  1.67e-01 3.65e-03      2s
  20   1.16107605e+03 -1.33706437e+03  2.92e+01 4.90e+01  1.29e+05  9.69e+02  3.58e+00 1.92e+00 9.69e+02  1.64e-01 3.51e-03      2s
  21   1.16996984e+03 -1.33706437e+03  2.58e+01 4.89e+01  1.29e+05  1.01e+03  3.70e+00 1.98e+00 1.01e+03  1.61e-01 3.38e-03      2s
  22   1.17893032e+03 -1.33706437e+03  2.25e+01 4.87e+01  1.28e+05  1.04e+03  3.83e+00 2.05e+00 1.04e+03  1.58e-01 3.25e-03      2s
  23   1.18795855e+03 -1.33706437e+03  1.92e+01 4.86e+01  1.28e+05  1.08e+03  3.95e+00 2.11e+00 1.08e+03  1.55e-01 3.13e-03      2s
  24   1.37242700e+03 -1.93226726e+02  2.26e+00 5.43e+00  1.67e+04  1.94e+00  4.08e+00 2.18e+00 1.12e+03  9.67e-01 8.88e-01      2s
  25   1.49640545e+03 -4.48118589e+01  1.49e+01 6.91e-01  3.33e+03  1.69e+01  4.45e+00 2.38e+01 1.34e+03  1.00e+00 8.73e-01      2s
  26   1.73456228e+03 -4.48118589e+01  1.19e+02 5.76e-01  2.71e+03  7.13e+02  3.66e+00 1.18e+02 7.13e+02  2.93e-01 1.65e-01      2s
  27   1.21678392e+03 -3.37643237e+01  5.97e+01 2.89e-01  1.60e+03  2.99e+00  9.11e+00 2.96e+02 1.99e+03  1.00e+00 4.98e-01      2s
  28   8.93840651e+02 -2.97605493e+01  3.67e+01 1.78e-01  1.08e+03  2.57e-01  6.91e+00 2.49e+02 8.10e+02  1.00e+00 3.86e-01      3s
  29   3.94541204e+02 -2.53044169e+01  8.51e+00 3.95e-02  4.12e+02  1.96e+00  6.15e+00 2.24e+02 4.35e+02  1.00e+00 7.78e-01      3s
  30   4.89753435e+01 -2.44591393e+01  9.55e-03 6.66e-16  7.33e+01  9.55e-03  4.73e+00 1.83e+02 7.07e+01  1.00e+00 1.00e+00      3s
  31  -1.65295743e+01 -2.43320129e+01  5.30e-02 1.94e-15  7.33e+00  5.30e-02  4.56e+00 7.98e+01 2.43e+00  1.00e+00 1.00e+00      3s
  32  -2.03204226e+01 -2.35737860e+01  5.57e-02 1.08e-15  2.82e+00  5.71e-02  5.28e+00 8.03e+00 2.60e+00  9.12e-01 6.84e-01      3s
  33  -2.14737355e+01 -2.29645801e+01  2.37e-02 9.09e-16  1.31e+00  1.44e-03  1.81e+01 7.26e+00 2.55e+00  8.85e-01 5.90e-01      3s
  34  -2.16602365e+01 -2.28280937e+01  1.85e-02 4.44e-16  1.03e+00  1.83e-03  8.37e+01 1.34e+01 2.52e+00  8.53e-01 2.37e-01      4s
  35  -2.17992269e+01 -2.27186797e+01  1.46e-02 8.48e-16  8.15e-01  1.64e-03  1.26e+02 1.70e+01 2.52e+00  8.51e-01 2.33e-01      5s
  36  -2.19101110e+01 -2.26256646e+01  1.11e-02 1.02e-15  6.38e-01  2.77e-04  1.77e+02 2.16e+01 2.51e+00  8.57e-01 2.41e-01      7s
  37  -2.20046842e+01 -2.25395428e+01  8.18e-03 1.01e-15  4.79e-01  3.57e-04  2.33e+02 2.77e+01 2.51e+00  8.83e-01 2.75e-01      9s
  38  -2.20899571e+01 -2.24552248e+01  5.49e-03 1.09e-15  3.29e-01  4.22e-04  2.94e+02 3.73e+01 2.51e+00  9.28e-01 3.46e-01     12s
  39  -2.21720954e+01 -2.23685264e+01  2.74e-03 1.03e-15  1.79e-01  3.88e-05  3.61e+02 5.53e+01 2.50e+00  9.94e-01 5.04e-01     16s
  40  -2.22542931e+01 -2.22759094e+01  7.59e-05 8.98e-16  2.12e-02  5.63e-06  4.40e+02 1.05e+02 2.50e+00  1.00e+00 9.74e-01     20s
  41  -2.22158803e+01 -2.22658072e+01  8.69e-03 1.31e-15  2.60e-03  8.69e-03  9.71e+02 1.25e+03 2.42e+00  1.00e+00 1.00e+00     29s

The algorithm stopped after 42 iterations in 28.69 seconds.

Primal variables:   [+3.4465 +3.1973 +0.0002 +0.0001]
Dual slacks:        [+0.0003 +0.0002 +3.2003 +3.8340]
Dual variables:     [-0.2348 -10.0050]

Primal objective:   -2.22158803e+01
Dual objective:     -2.22658072e+01

Primal residual:    8.69e-03
Dual residual:      1.31e-15
Complementraty:     2.60e-03

Number of Iter:     42
Run time:           28.69

-------------------------------------------------------------------------------------------------------
                  Objective                Residual                        Step-length       
Iter      Primal           Dual         Primal    Dual     Compl    r error   r-bar    nabla     Time
   0  -2.22158803e+01 -2.22658072e+01  8.69e-03 0.00e+00  2.60e-03  8.69e-03 8.69e-03 1.28e+02    29s

The Quantum Inexact Infeasible Interior-Point Method starts running ...


                  Objective                Residual                                Linear system           Step-length
Iter      Primal           Dual         Primal    Dual     Compl    ||Resl||  Cond-Num  ||M||   ||RHS||    a-star   a-hat      Time
   0   2.68307219e+05 -2.71444967e+05  1.92e+02 2.35e+02  9.82e+05 *2.54e-13  1.00e+00 1.00e+00 1.08e+03  9.59e-01 8.54e-01      0s
   1   2.34803755e+05 -2.24621511e+05  1.49e+02 1.83e+02  7.88e+05  2.48e-01  2.02e+00 4.53e-01 2.79e+02  8.80e-01 2.24e-01      0s
   2   2.05112767e+05 -1.80496964e+05  1.15e+02 1.41e+02  6.30e+05  1.55e+00  2.53e+00 5.17e-01 2.97e+02  8.85e-01 2.27e-01      0s
   3   1.85084625e+05 -1.80496964e+05  7.30e+01 1.25e+02  5.65e+05  3.12e+02  3.23e+00 6.13e-01 3.12e+02  6.95e-01 1.15e-01      0s
   4   1.69701398e+05 -1.80496964e+05  4.72e+01 1.13e+02  5.15e+05  3.35e+02  3.25e+00 5.75e-01 3.35e+02  6.55e-01 9.69e-02      0s
   5   1.57652672e+05 -1.80496964e+05  4.27e+01 1.04e+02  4.77e+05  3.56e+02  3.26e+00 5.47e-01 3.56e+02  6.18e-01 8.23e-02      0s
   6   1.48045017e+05 -1.80496964e+05  5.39e+01 9.64e+01  4.46e+05  3.76e+02  3.26e+00 5.26e-01 3.76e+02  5.84e-01 7.03e-02      0s
   7   1.40257402e+05 -1.80496964e+05  6.95e+01 9.06e+01  4.22e+05  3.94e+02  3.25e+00 5.12e-01 3.94e+02  5.52e-01 6.05e-02      1s
   8   1.33837061e+05 -1.80496964e+05  8.50e+01 8.58e+01  4.01e+05  4.12e+02  3.25e+00 5.03e-01 4.12e+02  5.23e-01 5.25e-02      1s
   9   1.28472006e+05 -1.80496964e+05  9.93e+01 8.19e+01  3.85e+05  4.31e+02  3.26e+00 4.99e-01 4.31e+02  4.97e-01 4.59e-02      1s
  10   1.23937295e+05 -1.80496964e+05  1.12e+02 7.86e+01  3.70e+05  4.50e+02  3.28e+00 5.00e-01 4.50e+02  4.73e-01 4.03e-02      1s
  11   1.20055977e+05 -1.80496964e+05  1.24e+02 7.58e+01  3.58e+05  4.69e+02  3.31e+00 5.03e-01 4.69e+02  4.51e-01 3.57e-02      1s
  12   1.16701745e+05 -1.80496964e+05  1.35e+02 7.34e+01  3.48e+05  4.89e+02  3.36e+00 5.10e-01 4.89e+02  4.30e-01 3.18e-02      1s
  13   1.13779799e+05 -1.80496964e+05  1.46e+02 7.13e+01  3.39e+05  5.10e+02  3.42e+00 5.21e-01 5.10e+02  4.11e-01 2.85e-02      1s
  14   1.11212777e+05 -1.80496964e+05  1.55e+02 6.94e+01  3.31e+05  5.31e+02  3.50e+00 5.33e-01 5.31e+02  3.94e-01 2.57e-02      1s
  15   1.08939575e+05 -1.80496964e+05  1.64e+02 6.78e+01  3.24e+05  5.54e+02  3.59e+00 5.49e-01 5.54e+02  3.78e-01 2.32e-02      1s
  16   1.06917526e+05 -1.80496964e+05  1.72e+02 6.64e+01  3.18e+05  5.77e+02  3.70e+00 5.67e-01 5.77e+02  3.63e-01 2.11e-02      1s
  17   1.05103995e+05 -1.80496964e+05  1.80e+02 6.51e+01  3.12e+05  6.01e+02  3.82e+00 5.88e-01 6.01e+02  3.50e-01 1.93e-02      1s
  18   1.03469658e+05 -1.80496964e+05  1.88e+02 6.40e+01  3.07e+05  6.26e+02  3.96e+00 6.10e-01 6.26e+02  3.37e-01 1.77e-02      1s
  19   8.73033362e+04 -1.42555080e+04  9.62e+01 3.27e+01  1.44e+05  7.67e-01  4.12e+00 6.35e-01 6.53e+02  5.59e-01 4.88e-01      2s
  20   7.77805171e+04 -1.08534074e+04  8.36e+01 2.85e+01  1.26e+05  1.95e+00  1.97e+01 3.43e+00 3.39e+02  6.78e-01 1.30e-01      2s
  21   6.78651474e+04 -8.26584521e+03  7.10e+01 2.42e+01  1.09e+05  8.94e-01  2.49e+01 4.54e+00 3.20e+02  7.49e-01 1.51e-01      2s
  22   4.18092701e+04 -8.26584521e+03  1.67e+02 1.40e+01  6.44e+04  2.99e+02  3.14e+01 6.08e+00 2.99e+02  6.23e-01 4.20e-01      2s
  23   4.09095381e+04 -8.26584521e+03  1.75e+02 1.37e+01  6.30e+04  5.32e+02  1.55e+01 6.57e+00 5.32e+02  3.50e-01 2.35e-02      3s
  24   3.02437894e+04 -2.70767270e+03  1.20e+02 9.45e+00  4.46e+04  2.99e+01  1.45e+01 6.65e+00 5.63e+02  5.88e-01 3.09e-01      3s
  25   2.47013028e+04 -1.96081424e+03  9.43e+01 7.43e+00  3.60e+04  1.75e+01  2.76e+01 1.60e+01 4.44e+02  8.37e-01 2.14e-01      3s
  26   1.52849525e+04 -1.43019584e+03  5.19e+01 4.09e+00  2.16e+04  2.03e+00  3.77e+01 2.28e+01 3.75e+02  9.90e-01 4.50e-01      4s
  27   3.43718993e+03 -1.07528687e+03  4.99e+00 3.89e-01  4.91e+03  3.70e-01  8.48e+01 4.32e+01 2.42e+02  1.00e+00 9.05e-01      5s
  28   3.15084587e+02 -4.92113390e+02  2.36e-01 1.94e-02  8.20e+02  4.06e-02  7.27e+02 2.10e+02 2.16e+02  9.97e-01 9.50e-01     13s
  29   6.32509263e+01 -2.08241053e+01  6.80e-03 8.04e-14  8.41e+01  6.80e-03  2.57e+03 8.26e+02 2.81e+02  1.00e+00 1.00e+00     86s
  30   3.14999737e+01  2.31027365e+01  7.45e-03 5.68e-14  8.41e+00  7.45e-03  1.44e+03 6.16e+03 3.04e+02  1.00e+00 1.00e+00    110s
  31   2.77587964e+01  2.69257996e+01  4.30e-03 6.97e-17  8.40e-01  4.30e-03  1.08e+03 6.00e+04 3.05e+02  1.00e+00 1.00e+00    133s
  32   2.73671070e+01  2.73041459e+01  1.24e-02 5.68e-14  8.42e-02  1.24e-02  1.06e+03 6.00e+05 3.05e+02  1.00e+00 1.00e+00    161s
  33   2.73488461e+01  2.73421495e+01  9.94e-04 5.68e-14  8.40e-03  9.94e-04  1.07e+03 6.00e+06 3.05e+02  1.00e+00 1.00e+00    184s

The algorithm stopped after 34 iterations in 184.08 seconds.

Primal variables:   [+490.4718 +411.0868 +0.0000 +0.0000]
Dual slacks:        [+0.0000 +0.0000 +411.3044 +490.3352]
Dual variables:     [-1.3684 +1.0275]

Primal objective:   2.73488461e+01 
Dual objective:     2.73421495e+01 

Primal residual:    9.94e-04
Dual residual:      5.68e-14
Complementraty:     8.40e-03

Number of Iter:     34
Run time:           184.08

-------------------------------------------------------------------------------------------------------
                  Objective                Residual                        Step-length       
Iter      Primal           Dual         Primal    Dual     Compl    r error   r-bar    nabla     Time
   1  -2.22640958e+01 -2.22641384e+01  7.77e-06 0.00e+00  5.12e-07  7.77e-06 7.81e-04 2.05e+03   213s

The solution quality is limited by the precision of the linear system solver.

The Iterative Refinement algorithm stopped after 2 iterations in 212.77 seconds.

Primal objective:   -2.22640958e+01
Dual objective:     -2.22641384e+01

Primal residual:    7.77e-06
Dual residual:      0.00e+00
Complementraty:     5.12e-07

Primal variables:   [+3.831811 +3.211615 +0.000000 +0.000000]
Dual slacks:        [+0.000000 +0.000000 +3.213315 +3.830744]
Dual variables:     [-0.245462 -9.996988]

Number of Iter:     1
Run time:           212.77
