
--------------- Linear optimization problem characteristics ---------------
Seed:                    52
Number of variables:     16
Number of constraints:   2

Norm of primal sol:      4.12e+00
Norm of dual sol:        1.00e+01
Norm of dual slacks:     5.00e+00

Norm of vector b:        2.00e+00
Norm of vector c:        8.83e+00

Norm of matrix A:        1.00e+00
Condition number:        2.00e+00

----------------------- Linear optimization problem -----------------------
Coeff matrix A:          [[+0.207 +0.015 +0.283 +0.373 +0.147 -0.009 -0.035 +0.107 +0.114 +0.458
 -0.033 +0.085 -0.081 +0.153 -0.004 +0.240]
                          [+0.082 +0.138 -0.031 -0.249 +0.186 +0.286 +0.080 +0.121 -0.161 -0.447
 -0.069 -0.162 +0.026 -0.013 -0.113 -0.370]]

RHS vector b:            [+1.751 -0.967]
Obj vector c:            [+2.224 +0.684 +2.484 +2.456 +6.466 +1.042 +2.393 +1.465 +0.418 +2.458
 -0.577 +0.148 -0.642 +1.354 -0.477 +0.757]

---------------------------- Optimal solution -----------------------------
Primal variables:         [+1.366 +0.043 +0.350 +1.027 +0.000 +1.029 +0.000 +1.595 +1.628 +0.865
 +1.057 +1.270 +1.270 +0.693 +1.276 +0.703]
Dual slacks:              [+0.000 +0.000 +0.000 +0.000 +4.384 +0.000 +2.404 +0.000 +0.000 +0.000
 +0.000 +0.000 +0.000 +0.000 +0.000 +0.000]
Dual variables:           [+9.197 +3.927]

Optimal objective:       +1.23007113e+01
===========================================================================

Method:                  II-IPM
LO_Precision:            1.00e-01
Stop_Precision:          1.00e-08
LO_Verbosity:            2
Omega:                   1.00e+01

The Inexact Infeasible Interior-Point Method starts running ...


                  Objective                Residual                                               Step-length
Iter      Primal           Dual         Primal    Dual     Compl    Cond-Num  ||M||   ||RHS||    a-star   a-hat      Time
   0   9.67460957e+01 -2.98509177e+01  6.65e+00 1.20e+01  6.16e+02  4.00e+00 1.00e+00 1.71e+01  7.77e-01 6.57e-01      0s
   1   9.37601882e+01 -2.96743002e+01  6.34e+00 1.14e+01  5.90e+02  3.22e+00 7.03e-01 2.50e+00  4.58e-01 4.68e-02      0s
   2   9.17991610e+01 -2.94663446e+01  6.14e+00 1.11e+01  5.73e+02  3.14e+00 7.17e-01 2.59e+00  4.51e-01 3.20e-02      0s
   3   8.99280450e+01 -2.92063198e+01  5.94e+00 1.07e+01  5.57e+02  3.08e+00 7.28e-01 2.72e+00  4.48e-01 3.13e-02      0s
   4   8.81269443e+01 -2.88967323e+01  5.76e+00 1.04e+01  5.42e+02  3.02e+00 7.40e-01 2.91e+00  4.46e-01 3.09e-02      0s
   5   8.63853427e+01 -2.85400261e+01  5.58e+00 1.01e+01  5.27e+02  2.96e+00 7.54e-01 3.14e+00  4.44e-01 3.07e-02      0s
   6   8.46920736e+01 -2.81376649e+01  5.41e+00 9.76e+00  5.12e+02  2.91e+00 7.70e-01 3.42e+00  4.43e-01 3.06e-02      0s
   7   8.30369913e+01 -2.76904264e+01  5.25e+00 9.46e+00  4.98e+02  2.85e+00 7.87e-01 3.75e+00  4.43e-01 3.06e-02      0s
   8   8.14123763e+01 -2.71989634e+01  5.08e+00 9.17e+00  4.84e+02  2.79e+00 8.06e-01 4.12e+00  4.44e-01 3.08e-02      0s
   9   7.98078175e+01 -2.66624681e+01  4.93e+00 8.89e+00  4.71e+02  2.73e+00 8.27e-01 4.54e+00  4.46e-01 3.11e-02      1s
  10   7.82134540e+01 -2.60794306e+01  4.77e+00 8.60e+00  4.57e+02  2.67e+00 8.51e-01 5.00e+00  4.49e-01 3.16e-02      1s
  11   7.66245429e+01 -2.54495611e+01  4.62e+00 8.33e+00  4.44e+02  2.62e+00 8.77e-01 5.51e+00  4.52e-01 3.23e-02      1s
  12   7.50300984e+01 -2.47697577e+01  4.46e+00 8.05e+00  4.31e+02  2.56e+00 9.06e-01 6.07e+00  4.57e-01 3.31e-02      1s
  13   7.34208146e+01 -2.40368244e+01  4.31e+00 7.78e+00  4.18e+02  2.51e+00 9.40e-01 6.69e+00  4.62e-01 3.43e-02      1s
  14   7.17889184e+01 -2.32477256e+01  4.16e+00 7.50e+00  4.04e+02  2.46e+00 9.78e-01 7.38e+00  4.69e-01 3.56e-02      1s
  15   7.01248085e+01 -2.23981719e+01  4.00e+00 7.22e+00  3.91e+02  2.41e+00 1.02e+00 8.14e+00  4.77e-01 3.72e-02      1s
  16   6.84185403e+01 -2.14832764e+01  3.85e+00 6.94e+00  3.77e+02  2.36e+00 1.07e+00 8.99e+00  4.86e-01 3.92e-02      1s
  17   6.66544214e+01 -2.04946222e+01  3.69e+00 6.65e+00  3.63e+02  2.32e+00 1.13e+00 9.93e+00  4.97e-01 4.17e-02      1s
  18   6.48229522e+01 -1.94267361e+01  3.52e+00 6.35e+00  3.48e+02  2.29e+00 1.20e+00 1.10e+01  5.09e-01 4.45e-02      1s
  19   6.29045548e+01 -1.82682058e+01  3.35e+00 6.05e+00  3.33e+02  2.27e+00 1.28e+00 1.22e+01  5.23e-01 4.81e-02      1s
  20   6.08838509e+01 -1.70098340e+01  3.18e+00 5.73e+00  3.17e+02  2.25e+00 1.38e+00 1.35e+01  5.39e-01 5.24e-02      1s
  21   5.87379084e+01 -1.56379426e+01  2.99e+00 5.40e+00  3.01e+02  2.25e+00 1.50e+00 1.50e+01  5.58e-01 5.77e-02      1s
  22   5.64369662e+01 -1.41347506e+01  2.80e+00 5.05e+00  2.83e+02  2.26e+00 1.66e+00 1.68e+01  5.79e-01 6.44e-02      1s
  23   5.39505110e+01 -1.24827410e+01  2.60e+00 4.68e+00  2.65e+02  2.29e+00 1.85e+00 1.88e+01  6.03e-01 7.28e-02      1s
  24   5.12375341e+01 -1.06591326e+01  2.38e+00 4.29e+00  2.45e+02  2.34e+00 2.10e+00 2.12e+01  6.30e-01 8.36e-02      1s
  25   4.82388559e+01 -8.63175139e+00  2.15e+00 3.87e+00  2.23e+02  2.42e+00 2.44e+00 2.39e+01  6.61e-01 9.80e-02      1s
  26   4.48868726e+01 -6.36765623e+00  1.89e+00 3.42e+00  1.99e+02  2.52e+00 2.91e+00 2.71e+01  6.97e-01 1.18e-01      1s
  27   4.10834513e+01 -3.82201154e+00  1.62e+00 2.92e+00  1.73e+02  2.66e+00 3.58e+00 3.10e+01  7.39e-01 1.46e-01      1s
  28   3.67002212e+01 -9.45294707e-01  1.32e+00 2.37e+00  1.43e+02  2.83e+00 4.60e+00 3.57e+01  7.87e-01 1.87e-01      1s
  29   3.15533989e+01  2.31970584e+00  9.80e-01 1.77e+00  1.10e+02  3.05e+00 6.31e+00 4.16e+01  8.42e-01 2.55e-01      1s
  30   2.53856033e+01  6.01973747e+00  6.10e-01 1.10e+00  7.13e+01  3.31e+00 9.58e+00 4.89e+01  9.06e-01 3.78e-01      1s
  31   1.79240200e+01  1.00836511e+01  2.12e-01 3.82e-01  2.71e+01  3.61e+00 1.78e+01 5.83e+01  9.46e-01 6.52e-01      1s
  32   1.31577338e+01  1.21403342e+01  1.57e-02 2.84e-02  2.60e+00  3.81e+00 5.99e+01 7.01e+01  9.67e-01 9.26e-01      1s
  33   1.23768480e+01  1.22929009e+01  8.02e-04 1.45e-03  1.76e-01  2.36e+00 6.66e+02 5.18e+01  9.85e-01 9.49e-01      1s
  34   1.23101227e+01  1.22999260e+01  7.82e-05 1.41e-04  2.05e-02  3.07e+00 1.49e+04 5.96e+01  9.58e-01 9.03e-01      1s

The algorithm stopped after 35 iterations in 1.40 seconds.

Primal variables:   [+6.599 +16.952 +4.970 +3.856 +0.001 +18.962 +0.002 +10.241 +10.952 +3.002
 +30.006 +12.394 +115.937 +8.894 +21.454 +7.327]
Dual slacks:        [+0.000 +0.000 +0.000 +0.000 +4.384 +0.000 +2.404 +0.000 +0.000 +0.000
 +0.000 +0.000 +0.000 +0.000 +0.000 +0.000]
Dual variables:     [+9.196 +3.927]

Primal objective:   1.23101227e+01 
Dual objective:     1.22999260e+01 

Primal residual:    7.82e-05
Dual residual:      1.41e-04
Complementraty:     2.05e-02

Number of Iter:     35
Run time:           1.40
