
--------------- Linear optimization problem characteristics ---------------
Seed:                    30
Number of variables:     16
Number of constraints:   2

Norm of primal sol:      6.99e+00
Norm of dual sol:        1.00e+01
Norm of dual slacks:     5.00e+00

Norm of vector b:        2.00e+00
Norm of vector c:        9.95e+00

Norm of matrix A:        1.00e+00
Condition number:        2.00e+00

----------------------- Linear optimization problem -----------------------
Coeff matrix A:          [[+0.235 -0.084 +0.004 -0.028 -0.072 +0.161 -0.115 +0.071 -0.119 -0.104
 -0.166 +0.132 -0.204 -0.163 -0.086 +0.053]
                          [+0.356 +0.264 -0.282 -0.399 +0.236 -0.192 -0.138 +0.265 +0.254 -0.008
 +0.284 -0.109 -0.384 -0.202 -0.033 +0.163]]

RHS vector b:            [-1.838 -0.788]
Obj vector c:            [+5.615 +2.691 -2.417 -3.248 +2.385 -2.479 -0.569 +1.884 +2.782 +0.476
 +3.290 +1.609 -2.199 -0.867 +0.174 +1.110]

---------------------------- Optimal solution -----------------------------
Primal variables:         [+0.000 +1.195 +2.082 +0.514 +3.022 +1.088 +3.114 +0.738 +1.839 +1.277
 +0.428 +0.000 +1.627 +2.408 +2.932 +0.282]
Dual slacks:              [+3.820 +0.000 +0.000 +0.000 +0.000 +0.000 +0.000 +0.000 +0.000 +0.000
 +0.000 +3.227 +0.000 +0.000 +0.000 +0.000]
Dual variables:           [-5.242 +8.516]

Optimal objective:       +2.93146998e+00
===========================================================================

Method:                  II-IPM
LO_Precision:            1.00e-01
Stop_Precision:          1.00e-08
LO_Verbosity:            2
Omega:                   1.00e+01

The Inexact Infeasible Interior-Point Method starts running ...


                  Objective                Residual                                               Step-length
Iter      Primal           Dual         Primal    Dual     Compl    Cond-Num  ||M||   ||RHS||    a-star   a-hat      Time
   0   8.78403990e+01 -1.87299130e+01  1.32e+00 1.50e+01  7.02e+02  4.00e+00 1.00e+00 8.46e+00  7.37e-01 6.11e-01      0s
   1   8.41465685e+01 -1.79937472e+01  1.20e+00 1.38e+01  6.47e+02  3.75e+00 2.45e+00 1.33e+01  6.40e-01 8.62e-02      0s
   2   8.02913642e+01 -1.72082205e+01  1.10e+00 1.26e+01  5.97e+02  3.70e+00 2.67e+00 1.40e+01  6.42e-01 8.65e-02      0s
   3   7.62153894e+01 -1.63636080e+01  1.00e+00 1.14e+01  5.49e+02  3.64e+00 2.92e+00 1.49e+01  6.46e-01 8.88e-02      0s
   4   7.18964654e+01 -1.54548919e+01  9.10e-01 1.04e+01  5.03e+02  3.60e+00 3.21e+00 1.59e+01  6.53e-01 9.22e-02      0s
   5   6.72945310e+01 -1.44708859e+01  8.22e-01 9.38e+00  4.59e+02  3.58e+00 3.56e+00 1.71e+01  6.63e-01 9.73e-02      0s
   6   6.23641029e+01 -1.33963967e+01  7.36e-01 8.40e+00  4.15e+02  3.57e+00 4.00e+00 1.85e+01  6.76e-01 1.05e-01      0s
   7   5.70470807e+01 -1.22098079e+01  6.51e-01 7.43e+00  3.72e+02  3.58e+00 4.56e+00 2.01e+01  6.94e-01 1.15e-01      0s
   8   5.12651712e+01 -1.08797017e+01  5.67e-01 6.47e+00  3.28e+02  3.63e+00 5.30e+00 2.21e+01  7.16e-01 1.30e-01      0s
   9   4.49208777e+01 -9.36213489e+00  4.81e-01 5.49e+00  2.83e+02  3.71e+00 6.34e+00 2.46e+01  7.44e-01 1.51e-01      0s
  10   3.78762502e+01 -7.59070971e+00  3.92e-01 4.48e+00  2.35e+02  3.83e+00 7.88e+00 2.76e+01  7.81e-01 1.85e-01      0s
  11   2.99573390e+01 -5.46917500e+00  2.97e-01 3.39e+00  1.83e+02  3.98e+00 1.04e+01 3.14e+01  8.26e-01 2.42e-01      0s
  12   2.09751384e+01 -2.86564861e+00  1.94e-01 2.21e+00  1.24e+02  4.15e+00 1.50e+01 3.62e+01  8.61e-01 3.49e-01      0s
  13   1.08041261e+01  3.69030842e-01  7.92e-02 9.04e-01  5.39e+01  4.33e+00 2.60e+01 4.26e+01  9.07e-01 5.91e-01      0s
  14   4.09162277e+00  2.68916977e+00  7.09e-03 8.09e-02  5.69e+00  4.44e+00 7.49e+01 5.11e+01  9.73e-01 9.11e-01      0s
  15   3.03886634e+00  2.92727535e+00  2.52e-04 2.87e-03  2.81e-01  4.04e+00 8.64e+02 3.85e+01  9.85e-01 9.64e-01      0s
  16   2.94585154e+00  2.93065681e+00  2.63e-05 3.00e-04  3.52e-02  4.08e+00 1.97e+04 3.20e+01  9.44e-01 8.95e-01      0s

The algorithm stopped after 17 iterations in 0.32 seconds.

Primal variables:   [+0.002 +15.410 +16.400 +14.101 +15.883 +53.296 +12.400 +32.811 +13.814
 +13.263 +12.215 +0.002 +9.586 +10.911 +13.825 +26.662]
Dual slacks:        [+3.820 +0.000 +0.000 +0.000 +0.000 +0.000 +0.000 +0.000 +0.000 +0.000
 +0.000 +3.227 +0.000 +0.000 +0.000 +0.000]
Dual variables:     [-5.242 +8.516]

Primal objective:   2.94585154e+00 
Dual objective:     2.93065681e+00 

Primal residual:    2.63e-05
Dual residual:      3.00e-04
Complementraty:     3.52e-02

Number of Iter:     17
Run time:           0.32
