
--------------- Linear optimization problem characteristics ---------------
Seed:                    60
Number of variables:     12
Number of constraints:   2

Norm of primal sol:      5.76e+00
Norm of dual sol:        1.00e+01
Norm of dual slacks:     5.00e+00

Norm of vector b:        2.00e+00
Norm of vector c:        1.00e+01

Norm of matrix A:        1.00e+00
Condition number:        2.00e+00

----------------------- Linear optimization problem -----------------------
Coeff matrix A:          [[-0.320 -0.007 -0.337 +0.312 -0.231 +0.185 -0.103 -0.405 -0.267 +0.148
 -0.084 +0.014]
                          [+0.326 +0.083 +0.062 +0.120 +0.226 -0.069 +0.016 +0.408 +0.296 +0.303
 +0.188 -0.072]]

RHS vector b:            [-0.983 +1.742]
Obj vector c:            [+4.096 +0.813 +1.644 +0.158 +2.871 +3.543 +0.472 +5.146 +3.651 +3.897
 +2.049 -0.727]

---------------------------- Optimal solution -----------------------------
Primal variables:         [+1.117 +0.694 +1.199 +2.471 +2.104 +0.000 +1.408 +0.039 +0.632 +0.000
 +2.569 +3.245]
Dual slacks:              [+0.000 +0.000 +0.000 +0.000 +0.000 +4.776 +0.000 +0.000 +0.000 +1.480
 +0.000 +0.000]
Dual variables:           [-3.135 +9.496]

Optimal objective:       +1.96205238e+01
===========================================================================

Method:                  II-IPM
LO_Precision:            1.00e-01
Stop_Precision:          1.00e-08
LO_Verbosity:            2
Omega:                   1.00e+01

The Inexact Infeasible Interior-Point Method starts running ...


                  Objective                Residual                                               Step-length
Iter      Primal           Dual         Primal    Dual     Compl    Cond-Num  ||M||   ||RHS||    a-star   a-hat      Time
   0   1.28209160e+02 -2.57398432e+01  6.30e+00 8.70e+00  4.53e+02  4.00e+00 1.00e+00 1.39e+01  8.05e-01 6.82e-01      0s
   1   1.20312366e+02 -2.54584123e+01  5.70e+00 7.87e+00  4.14e+02  3.14e+00 6.51e-01 9.53e-01  4.83e-01 9.45e-02      0s
   2   1.17647153e+02 -2.51959770e+01  5.51e+00 7.61e+00  4.02e+02  2.97e+00 6.54e-01 1.37e+00  4.63e-01 3.38e-02      0s
   3   1.15110542e+02 -2.48873927e+01  5.33e+00 7.36e+00  3.90e+02  2.89e+00 6.57e-01 1.63e+00  4.59e-01 3.28e-02      0s
   4   1.12664888e+02 -2.45336901e+01  5.16e+00 7.12e+00  3.78e+02  2.81e+00 6.60e-01 1.92e+00  4.55e-01 3.23e-02      0s
   5   1.10296223e+02 -2.41369538e+01  4.99e+00 6.89e+00  3.68e+02  2.73e+00 6.64e-01 2.24e+00  4.53e-01 3.18e-02      0s
   6   1.07989732e+02 -2.36983029e+01  4.84e+00 6.68e+00  3.57e+02  2.65e+00 6.69e-01 2.58e+00  4.51e-01 3.16e-02      0s
   7   1.05727499e+02 -2.32172692e+01  4.68e+00 6.47e+00  3.47e+02  2.57e+00 6.75e-01 2.94e+00  4.51e-01 3.15e-02      0s
   8   1.03499710e+02 -2.26940561e+01  4.54e+00 6.26e+00  3.37e+02  2.48e+00 6.82e-01 3.34e+00  4.51e-01 3.16e-02      0s
   9   1.01295045e+02 -2.21279564e+01  4.39e+00 6.06e+00  3.28e+02  2.40e+00 6.90e-01 3.76e+00  4.52e-01 3.18e-02      0s
  10   9.91006535e+01 -2.15171690e+01  4.25e+00 5.87e+00  3.18e+02  2.31e+00 6.99e-01 4.21e+00  4.54e-01 3.23e-02      0s
  11   9.69064139e+01 -2.08599144e+01  4.11e+00 5.67e+00  3.09e+02  2.22e+00 7.10e-01 4.70e+00  4.57e-01 3.29e-02      0s
  12   9.47025426e+01 -2.01539674e+01  3.97e+00 5.48e+00  2.99e+02  2.14e+00 7.24e-01 5.23e+00  4.61e-01 3.37e-02      0s
  13   9.24750402e+01 -1.93951530e+01  3.83e+00 5.29e+00  2.90e+02  2.06e+00 7.39e-01 5.81e+00  4.66e-01 3.47e-02      1s
  14   9.02121763e+01 -1.85792792e+01  3.70e+00 5.10e+00  2.81e+02  1.98e+00 7.57e-01 6.44e+00  4.73e-01 3.61e-02      1s
  15   8.79067726e+01 -1.77032624e+01  3.56e+00 4.91e+00  2.71e+02  1.90e+00 7.79e-01 7.13e+00  4.80e-01 3.76e-02      1s
  16   8.55399933e+01 -1.67591251e+01  3.42e+00 4.72e+00  2.61e+02  1.84e+00 8.06e-01 7.89e+00  4.89e-01 3.96e-02      1s
  17   8.31020767e+01 -1.57415718e+01  3.27e+00 4.52e+00  2.52e+02  1.78e+00 8.39e-01 8.74e+00  4.99e-01 4.19e-02      1s
  18   8.05757575e+01 -1.46416515e+01  3.13e+00 4.32e+00  2.41e+02  1.73e+00 8.80e-01 9.68e+00  5.11e-01 4.47e-02      1s
  19   7.79405697e+01 -1.34480510e+01  2.98e+00 4.11e+00  2.31e+02  1.70e+00 9.32e-01 1.07e+01  5.24e-01 4.82e-02      1s
  20   7.51835092e+01 -1.21518599e+01  2.82e+00 3.89e+00  2.20e+02  1.68e+00 9.98e-01 1.19e+01  5.40e-01 5.23e-02      1s
  21   7.22747501e+01 -1.07354032e+01  2.66e+00 3.67e+00  2.09e+02  1.68e+00 1.08e+00 1.33e+01  5.57e-01 5.75e-02      1s
  22   6.91923680e+01 -9.18325887e+00  2.49e+00 3.44e+00  1.97e+02  1.70e+00 1.19e+00 1.48e+01  5.77e-01 6.39e-02      1s
  23   6.59023430e+01 -7.47250792e+00  2.31e+00 3.19e+00  1.84e+02  1.74e+00 1.34e+00 1.66e+01  6.00e-01 7.21e-02      1s
  24   6.23676869e+01 -5.57657483e+00  2.12e+00 2.92e+00  1.70e+02  1.81e+00 1.53e+00 1.86e+01  6.27e-01 8.26e-02      1s
  25   5.85352645e+01 -3.45763671e+00  1.91e+00 2.64e+00  1.55e+02  1.91e+00 1.80e+00 2.10e+01  6.57e-01 9.66e-02      1s
  26   5.43525154e+01 -1.07476784e+00  1.69e+00 2.34e+00  1.39e+02  2.03e+00 2.16e+00 2.38e+01  6.93e-01 1.16e-01      1s
  27   4.97404648e+01  1.63159498e+00  1.45e+00 2.00e+00  1.21e+02  2.17e+00 2.69e+00 2.72e+01  7.34e-01 1.43e-01      1s
  28   4.45973270e+01  4.73851701e+00  1.18e+00 1.63e+00  1.00e+02  2.33e+00 3.50e+00 3.14e+01  7.82e-01 1.85e-01      1s
  29   3.87795878e+01  8.34932693e+00  8.81e-01 1.22e+00  7.69e+01  2.50e+00 4.86e+00 3.64e+01  8.40e-01 2.55e-01      1s
  30   3.20840968e+01  1.25883086e+01  5.39e-01 7.45e-01  4.93e+01  2.66e+00 7.48e+00 4.29e+01  8.68e-01 3.87e-01      1s
  31   2.42444962e+01  1.75090772e+01  1.57e-01 2.17e-01  1.61e+01  2.74e+00 1.42e+01 5.10e+01  8.98e-01 7.08e-01      1s
  32   2.06147316e+01  1.93637657e+01  1.97e-02 2.72e-02  2.55e+00  2.25e+00 5.66e+01 5.97e+01  9.58e-01 8.75e-01      1s
  33   1.97686688e+01  1.95952961e+01  2.00e-03 2.76e-03  3.24e-01  1.22e+00 3.71e+02 4.52e+01  9.90e-01 8.99e-01      1s
  34   1.96456680e+01  1.96170316e+01  2.74e-04 3.79e-04  5.25e-02  1.50e+00 3.83e+03 4.80e+01  9.91e-01 8.63e-01      1s

The algorithm stopped after 35 iterations in 1.06 seconds.

Primal variables:   [+3.557 +12.091 +7.847 +21.035 +5.520 +0.002 +13.613 +2.193 +4.162 +0.009
 +7.222 +116.356]
Dual slacks:        [+0.001 +0.000 +0.000 +0.000 +0.001 +4.776 +0.000 +0.001 +0.001 +1.480
 +0.000 +0.000]
Dual variables:     [-3.135 +9.494]

Primal objective:   1.96456680e+01 
Dual objective:     1.96170316e+01 

Primal residual:    2.74e-04
Dual residual:      3.79e-04
Complementraty:     5.25e-02

Number of Iter:     35
Run time:           1.06
