
--------------- Linear optimization problem characteristics ---------------
Seed:                    94
Number of variables:     14
Number of constraints:   2

Norm of primal sol:      2.47e+00
Norm of dual sol:        1.00e+01
Norm of dual slacks:     5.00e+00

Norm of vector b:        2.00e+00
Norm of vector c:        1.13e+01

Norm of matrix A:        1.00e+00
Condition number:        2.00e+00

----------------------- Linear optimization problem -----------------------
Coeff matrix A:          [[-0.353 -0.210 +0.048 +0.185 -0.041 +0.157 -0.210 -0.316 -0.273 -0.026
 -0.237 -0.194 -0.329 -0.196]
                          [+0.281 -0.109 +0.251 +0.219 -0.114 -0.059 +0.145 +0.076 +0.286 +0.078
 +0.295 +0.298 +0.129 +0.183]]

RHS vector b:            [-1.398 +1.430]
Obj vector c:            [+4.344 +4.453 +1.751 +3.544 -0.688 -1.394 +2.405 +2.466 +3.915 +0.783
 +3.782 +3.553 +2.973 +2.633]

---------------------------- Optimal solution -----------------------------
Primal variables:         [+0.837 +0.000 +0.802 +0.000 +0.524 +0.456 +0.595 +0.131 +1.133 +0.576
 +1.109 +0.357 +0.900 +0.364]
Dual slacks:              [+0.000 +4.101 +0.000 +2.860 +0.000 +0.000 +0.000 +0.000 +0.000 +0.000
 +0.000 +0.000 +0.000 +0.000]
Dual variables:           [-5.863 +8.101]

Optimal objective:       +1.97824136e+01
===========================================================================

Method:                  II-IPM
LO_Precision:            1.00e-01
Stop_Precision:          1.00e-08
LO_Verbosity:            2
Omega:                   1.00e+01

The Inexact Infeasible Interior-Point Method starts running ...


                  Objective                Residual                                               Step-length
Iter      Primal           Dual         Primal    Dual     Compl    Cond-Num  ||M||   ||RHS||    a-star   a-hat      Time
   0   1.78162436e+02 -2.26134284e+01  1.07e+01 1.19e+01  6.44e+02  4.00e+00 1.00e+00 1.87e+01  7.17e-01 5.89e-01      0s
   1   1.74134578e+02 -2.24289389e+01  1.03e+01 1.15e+01  6.27e+02  2.35e+00 6.79e-01 2.25e+00  4.32e-01 3.01e-02      0s
   2   1.70437696e+02 -2.22022870e+01  1.01e+01 1.12e+01  6.11e+02  2.40e+00 7.03e-01 2.95e+00  4.31e-01 2.84e-02      0s
   3   1.66827155e+02 -2.19270163e+01  9.77e+00 1.09e+01  5.95e+02  2.45e+00 7.29e-01 3.65e+00  4.31e-01 2.84e-02      0s
   4   1.63282349e+02 -2.16029978e+01  9.49e+00 1.06e+01  5.80e+02  2.51e+00 7.58e-01 4.38e+00  4.32e-01 2.87e-02      0s
   5   1.59784013e+02 -2.12294734e+01  9.21e+00 1.03e+01  5.64e+02  2.57e+00 7.93e-01 5.16e+00  4.35e-01 2.91e-02      0s
   6   1.56310415e+02 -2.08046518e+01  8.94e+00 9.96e+00  5.49e+02  2.65e+00 8.32e-01 5.99e+00  4.38e-01 2.96e-02      0s
   7   1.52840612e+02 -2.03259375e+01  8.67e+00 9.66e+00  5.34e+02  2.73e+00 8.77e-01 6.87e+00  4.42e-01 3.04e-02      0s
   8   1.49354057e+02 -1.97899142e+01  8.40e+00 9.36e+00  5.19e+02  2.82e+00 9.28e-01 7.83e+00  4.48e-01 3.14e-02      0s
   9   1.45830239e+02 -1.91923151e+01  8.12e+00 9.05e+00  5.04e+02  2.93e+00 9.87e-01 8.86e+00  4.55e-01 3.27e-02      0s
  10   1.42244774e+02 -1.85273187e+01  7.84e+00 8.74e+00  4.88e+02  3.04e+00 1.06e+00 9.99e+00  4.63e-01 3.42e-02      0s
  11   1.38576164e+02 -1.77886375e+01  7.56e+00 8.43e+00  4.73e+02  3.17e+00 1.14e+00 1.12e+01  4.72e-01 3.61e-02      0s
  12   1.34798226e+02 -1.69681668e+01  7.27e+00 8.10e+00  4.56e+02  3.31e+00 1.23e+00 1.26e+01  4.83e-01 3.84e-02      0s
  13   1.30879390e+02 -1.60555417e+01  6.97e+00 7.77e+00  4.39e+02  3.46e+00 1.34e+00 1.41e+01  4.96e-01 4.11e-02      0s
  14   1.26785851e+02 -1.50386323e+01  6.66e+00 7.42e+00  4.22e+02  3.63e+00 1.47e+00 1.58e+01  5.10e-01 4.45e-02      0s
  15   1.22476902e+02 -1.39023351e+01  6.34e+00 7.06e+00  4.03e+02  3.82e+00 1.63e+00 1.76e+01  5.27e-01 4.86e-02      0s
  16   1.17908371e+02 -1.26292812e+01  6.00e+00 6.68e+00  3.84e+02  4.02e+00 1.82e+00 1.98e+01  5.46e-01 5.37e-02      1s
  17   1.13027741e+02 -1.11985464e+01  5.64e+00 6.28e+00  3.63e+02  4.23e+00 2.05e+00 2.22e+01  5.67e-01 6.00e-02      1s
  18   1.07757627e+02 -9.58054242e+00  5.25e+00 5.85e+00  3.41e+02  4.46e+00 2.35e+00 2.49e+01  5.91e-01 6.81e-02      1s
  19   1.02024782e+02 -7.74545223e+00  4.84e+00 5.40e+00  3.17e+02  4.70e+00 2.73e+00 2.81e+01  6.19e-01 7.83e-02      1s
  20   9.57290735e+01 -5.65452755e+00  4.40e+00 4.90e+00  2.90e+02  4.94e+00 3.23e+00 3.19e+01  6.50e-01 9.16e-02      1s
  21   8.87482055e+01 -3.26208642e+00  3.92e+00 4.37e+00  2.62e+02  5.19e+00 3.91e+00 3.63e+01  6.86e-01 1.10e-01      1s
  22   8.09307736e+01 -5.15183031e-01  3.39e+00 3.78e+00  2.30e+02  5.43e+00 4.86e+00 4.15e+01  7.17e-01 1.34e-01      1s
  23   7.21068078e+01  2.63832923e+00  2.82e+00 3.14e+00  1.94e+02  5.64e+00 6.27e+00 4.77e+01  7.52e-01 1.70e-01      1s
  24   6.20668180e+01  6.24815615e+00  2.19e+00 2.44e+00  1.55e+02  5.82e+00 8.54e+00 5.54e+01  7.97e-01 2.24e-01      1s
  25   5.06146895e+01  1.03242245e+01  1.50e+00 1.68e+00  1.10e+02  5.96e+00 1.26e+01 6.48e+01  8.54e-01 3.12e-01      1s
  26   3.77020455e+01  1.47501941e+01  7.89e-01 8.79e-01  6.15e+01  6.06e+00 2.12e+01 7.65e+01  9.23e-01 4.75e-01      1s
  27   2.39974514e+01  1.90108356e+01  1.21e-01 1.35e-01  1.15e+01  6.12e+00 4.73e+01 9.12e+01  9.97e-01 8.46e-01      1s
  28   2.01901414e+01  1.97523453e+01  5.77e-03 6.43e-03  7.89e-01  5.98e+00 3.41e+02 1.01e+02  9.91e-01 9.52e-01      1s
  29   1.98408220e+01  1.97782450e+01  6.83e-04 7.61e-04  1.11e-01  5.33e+00 4.39e+03 5.33e+01  9.50e-01 8.82e-01      1s
  30   1.97886709e+01  1.97820899e+01  5.61e-05 6.25e-05  1.13e-02  5.28e+00 6.19e+04 1.00e+02  9.95e-01 9.18e-01      1s

The algorithm stopped after 31 iterations in 0.71 seconds.

Primal variables:   [+4.974 +0.001 +9.067 +0.001 +60.994 +103.379 +9.138 +9.891 +5.550 +14.261
 +5.681 +5.986 +8.249 +8.305]
Dual slacks:        [+0.000 +4.101 +0.000 +2.860 +0.000 +0.000 +0.000 +0.000 +0.000 +0.000
 +0.000 +0.000 +0.000 +0.000]
Dual variables:     [-5.863 +8.101]

Primal objective:   1.97886709e+01 
Dual objective:     1.97820899e+01 

Primal residual:    5.61e-05
Dual residual:      6.25e-05
Complementraty:     1.13e-02

Number of Iter:     31
Run time:           0.71
