
--------------- Linear optimization problem characteristics ---------------
Seed:                    34
Number of variables:     10
Number of constraints:   2

Norm of primal sol:      5.48e+00
Norm of dual sol:        1.00e+01
Norm of dual slacks:     5.00e+00

Norm of vector b:        2.00e+00
Norm of vector c:        8.10e+00

Norm of matrix A:        1.00e+00
Condition number:        2.00e+00

----------------------- Linear optimization problem -----------------------
Coeff matrix A:          [[-0.067 -0.032 -0.140 +0.188 -0.133 -0.032 -0.080 +0.293 +0.097 -0.336]
                          [+0.047 -0.262 +0.345 +0.315 +0.371 -0.211 +0.411 +0.064 +0.280 +0.483]]

RHS vector b:            [-0.030 +2.000]
Obj vector c:            [+0.777 +4.538 +2.342 -0.882 +2.443 -0.309 +1.965 -2.613 -0.113 +4.625]

---------------------------- Optimal solution -----------------------------
Primal variables:         [+0.160 +0.000 +0.385 +2.630 +0.000 +3.890 +1.773 +1.052 +0.789 +1.724]
Dual slacks:              [+0.000 +4.999 +0.000 +0.000 +0.089 +0.000 +0.000 +0.000 +0.000 +0.000]
Dual variables:           [-9.565 +2.919]

Optimal objective:       +6.12349615e+00
===========================================================================

Method:                  II-IPM
LO_Precision:            1.00e-01
Stop_Precision:          1.00e-08
LO_Verbosity:            2
Omega:                   1.00e+01

The Inexact Infeasible Interior-Point Method starts running ...


                  Objective                Residual                                               Step-length
Iter      Primal           Dual         Primal    Dual     Compl    Cond-Num  ||M||   ||RHS||    a-star   a-hat      Time
   0   9.30536551e+01 -2.00317516e+01  7.43e+00 1.27e+01  5.03e+02  4.00e+00 1.00e+00 1.51e+01  6.84e-01 5.53e-01      0s
   1   9.08007075e+01 -1.98139185e+01  7.13e+00 1.22e+01  4.85e+02  3.85e+00 1.10e+00 3.05e+00  4.74e-01 3.95e-02      0s
   2   8.87020149e+01 -1.95719945e+01  6.88e+00 1.18e+01  4.69e+02  3.90e+00 1.15e+00 3.87e+00  4.72e-01 3.59e-02      0s
   3   8.65675163e+01 -1.92929232e+01  6.63e+00 1.14e+01  4.54e+02  3.96e+00 1.20e+00 4.67e+00  4.71e-01 3.57e-02      0s
   4   8.43895309e+01 -1.89770228e+01  6.39e+00 1.10e+01  4.40e+02  4.04e+00 1.25e+00 5.52e+00  4.71e-01 3.59e-02      0s
   5   8.21581194e+01 -1.86235181e+01  6.16e+00 1.06e+01  4.25e+02  4.12e+00 1.32e+00 6.42e+00  4.73e-01 3.63e-02      0s
   6   7.98676438e+01 -1.82315982e+01  5.94e+00 1.02e+01  4.11e+02  4.22e+00 1.39e+00 7.39e+00  4.75e-01 3.69e-02      0s
   7   7.75055267e+01 -1.77986853e+01  5.71e+00 9.79e+00  3.97e+02  4.34e+00 1.47e+00 8.45e+00  4.79e-01 3.78e-02      0s
   8   7.50635095e+01 -1.73222416e+01  5.49e+00 9.41e+00  3.83e+02  4.47e+00 1.57e+00 9.60e+00  4.85e-01 3.91e-02      0s
   9   7.25257485e+01 -1.67975868e+01  5.26e+00 9.02e+00  3.69e+02  4.63e+00 1.68e+00 1.09e+01  4.92e-01 4.07e-02      0s
  10   6.98835228e+01 -1.62206584e+01  5.04e+00 8.64e+00  3.55e+02  4.81e+00 1.82e+00 1.23e+01  5.00e-01 4.28e-02      1s
  11   6.71146940e+01 -1.55836795e+01  4.81e+00 8.24e+00  3.40e+02  5.01e+00 1.98e+00 1.38e+01  5.11e-01 4.56e-02      1s
  12   6.42046028e+01 -1.48793584e+01  4.57e+00 7.84e+00  3.25e+02  5.25e+00 2.17e+00 1.56e+01  5.24e-01 4.90e-02      1s
  13   6.11267855e+01 -1.40963395e+01  4.33e+00 7.42e+00  3.09e+02  5.52e+00 2.39e+00 1.76e+01  5.39e-01 5.34e-02      1s
  14   5.78605798e+01 -1.32230118e+01  4.07e+00 6.98e+00  2.93e+02  5.83e+00 2.68e+00 1.98e+01  5.58e-01 5.89e-02      1s
  15   5.43730187e+01 -1.22425835e+01  3.81e+00 6.52e+00  2.75e+02  6.20e+00 3.03e+00 2.24e+01  5.79e-01 6.60e-02      1s
  16   5.06248844e+01 -1.11336963e+01  3.52e+00 6.03e+00  2.57e+02  6.63e+00 3.49e+00 2.54e+01  6.04e-01 7.54e-02      1s
  17   4.65721825e+01 -9.86992114e+00  3.21e+00 5.50e+00  2.36e+02  7.12e+00 4.08e+00 2.90e+01  6.33e-01 8.80e-02      1s
  18   4.21614137e+01 -8.41712578e+00  2.87e+00 4.92e+00  2.13e+02  7.70e+00 4.89e+00 3.32e+01  6.68e-01 1.05e-01      1s
  19   3.73266265e+01 -6.73066072e+00  2.50e+00 4.28e+00  1.88e+02  8.38e+00 6.04e+00 3.82e+01  7.08e-01 1.30e-01      1s
  20   3.19775349e+01 -4.74847347e+00  2.08e+00 3.56e+00  1.59e+02  9.18e+00 7.77e+00 4.44e+01  7.56e-01 1.68e-01      1s
  21   2.60092685e+01 -2.39069768e+00  1.60e+00 2.74e+00  1.25e+02  1.01e+01 1.06e+01 5.21e+01  8.12e-01 2.30e-01      1s
  22   1.92925804e+01  4.46935566e-01  1.05e+00 1.79e+00  8.49e+01  1.12e+01 1.59e+01 6.21e+01  8.79e-01 3.45e-01      1s
  23   1.16827008e+01  3.88432988e+00  4.04e-01 6.93e-01  3.51e+01  1.24e+01 2.86e+01 7.52e+01  9.51e-01 6.14e-01      1s
  24   6.98128002e+00  6.08371453e+00  1.02e-02 1.74e-02  1.65e+00  1.34e+01 8.97e+01 9.32e+01  9.95e-01 9.75e-01      1s
  25   6.64810265e+00  6.10171693e+00  5.71e-03 9.80e-03  9.89e-01  5.00e+00 1.54e+03 2.83e+01  9.26e-01 4.37e-01      1s
  26   6.39686485e+00  6.11310409e+00  2.74e-03 4.69e-03  5.10e-01  5.22e+00 2.84e+03 2.86e+01  9.62e-01 5.21e-01      1s
  27   6.20440771e+00  6.12071524e+00  6.91e-04 1.18e-03  1.47e-01  5.50e+00 6.45e+03 3.10e+01  9.59e-01 7.48e-01      1s
  28   6.13703413e+00  6.12306773e+00  9.04e-05 1.55e-04  2.36e-02  6.38e+00 3.14e+04 4.11e+01  9.54e-01 8.69e-01      1s

The algorithm stopped after 29 iterations in 1.11 seconds.

Primal variables:   [+19.803 +0.001 +10.821 +11.508 +0.091 +90.960 +9.633 +20.508 +12.308
 +8.545]
Dual slacks:        [+0.000 +4.999 +0.000 +0.000 +0.089 +0.000 +0.000 +0.000 +0.000 +0.000]
Dual variables:     [-9.565 +2.918]

Primal objective:   6.13703413e+00 
Dual objective:     6.12306773e+00 

Primal residual:    9.04e-05
Dual residual:      1.55e-04
Complementraty:     2.36e-02

Number of Iter:     29
Run time:           1.11
