
--------------- Linear optimization problem characteristics ---------------
Seed:                    32
Number of variables:     16
Number of constraints:   2

Norm of primal sol:      6.72e+00
Norm of dual sol:        1.00e+01
Norm of dual slacks:     5.00e+00

Norm of vector b:        2.00e+00
Norm of vector c:        9.58e+00

Norm of matrix A:        1.00e+00
Condition number:        2.00e+00

----------------------- Linear optimization problem -----------------------
Coeff matrix A:          [[+0.156 +0.150 +0.295 -0.057 -0.169 -0.042 +0.160 +0.090 -0.092 -0.335
 +0.286 +0.210 +0.055 +0.038 +0.090 -0.126]
                          [-0.156 -0.008 -0.124 +0.256 -0.080 +0.254 -0.307 -0.035 -0.013 +0.357
 -0.213 -0.029 +0.324 -0.263 +0.089 +0.384]]

RHS vector b:            [+1.199 +1.601]
Obj vector c:            [+1.829 +0.372 +1.790 -2.619 +4.343 -2.570 +3.318 +0.524 -0.047 -1.006
 +2.646 +0.693 -3.070 +2.654 -0.695 -4.015]

---------------------------- Optimal solution -----------------------------
Primal variables:         [+2.446 +1.062 +1.581 +2.722 +0.000 +2.325 +0.288 +2.645 +1.735 +0.000
 +0.261 +0.983 +1.888 +1.258 +1.571 +2.004]
Dual slacks:              [+0.000 +0.000 +0.000 +0.000 +3.886 +0.000 +0.000 +0.000 +0.000 +3.147
 +0.000 +0.000 +0.000 +0.000 +0.000 +0.000]
Dual variables:           [+1.948 -9.808]

Optimal objective:       -1.33679717e+01
===========================================================================

Method:                  II-IPM
LO_Precision:            1.00e-01
Stop_Precision:          1.00e-08
LO_Verbosity:            2
Omega:                   1.00e+01

The Inexact Infeasible Interior-Point Method starts running ...


                  Objective                Residual                                               Step-length
Iter      Primal           Dual         Primal    Dual     Compl    Cond-Num  ||M||   ||RHS||    a-star   a-hat      Time
   0   6.31402269e+01 -4.67670178e+01  2.37e+00 1.46e+01  6.81e+02  4.00e+00 1.00e+00 1.14e+01  7.65e-01 6.35e-01      0s
   1   6.10970422e+01 -4.55410972e+01  2.10e+00 1.30e+01  6.12e+02  4.40e+00 2.48e+00 5.36e+00  5.97e-01 1.12e-01      0s
   2   5.79883266e+01 -4.40951387e+01  1.85e+00 1.14e+01  5.47e+02  4.53e+00 2.79e+00 5.56e+00  5.70e-01 1.18e-01      0s
   3   5.34012728e+01 -4.22773025e+01  1.60e+00 9.90e+00  4.81e+02  4.67e+00 3.17e+00 5.96e+00  5.42e-01 1.35e-01      0s
   4   4.93570782e+01 -4.08393373e+01  1.45e+00 8.94e+00  4.38e+02  4.76e+00 3.66e+00 6.81e+00  5.12e-01 9.73e-02      0s
   5   4.74661971e+01 -4.01943420e+01  1.39e+00 8.57e+00  4.22e+02  4.75e+00 4.02e+00 7.73e+00  4.95e-01 4.14e-02      0s
   6   4.55656596e+01 -3.95523909e+01  1.33e+00 8.22e+00  4.07e+02  4.71e+00 4.17e+00 8.20e+00  4.91e-01 4.04e-02      0s
   7   4.36461033e+01 -3.89081070e+01  1.28e+00 7.90e+00  3.92e+02  4.65e+00 4.32e+00 8.72e+00  4.88e-01 3.99e-02      0s
   8   4.17044449e+01 -3.82585204e+01  1.23e+00 7.58e+00  3.78e+02  4.58e+00 4.47e+00 9.28e+00  4.86e-01 3.96e-02      0s
   9   3.97348324e+01 -3.75998485e+01  1.18e+00 7.28e+00  3.65e+02  4.49e+00 4.61e+00 9.91e+00  4.86e-01 3.97e-02      0s
  10   3.77307487e+01 -3.69280946e+01  1.13e+00 6.99e+00  3.51e+02  4.38e+00 4.76e+00 1.06e+01  4.87e-01 4.00e-02      0s
  11   3.56831659e+01 -3.62383178e+01  1.09e+00 6.71e+00  3.38e+02  4.25e+00 4.91e+00 1.14e+01  4.90e-01 4.08e-02      1s
  12   3.35826268e+01 -3.55252040e+01  1.04e+00 6.42e+00  3.26e+02  4.11e+00 5.06e+00 1.22e+01  4.95e-01 4.20e-02      1s
  13   3.14172740e+01 -3.47822550e+01  9.95e-01 6.14e+00  3.13e+02  3.95e+00 5.22e+00 1.32e+01  5.01e-01 4.36e-02      1s
  14   2.91728172e+01 -3.40015715e+01  9.49e-01 5.86e+00  3.00e+02  3.78e+00 5.40e+00 1.43e+01  5.10e-01 4.59e-02      1s
  15   2.68325384e+01 -3.31735793e+01  9.02e-01 5.57e+00  2.86e+02  3.59e+00 5.58e+00 1.55e+01  5.21e-01 4.90e-02      1s
  16   2.43749737e+01 -3.22858124e+01  8.54e-01 5.28e+00  2.73e+02  3.39e+00 5.79e+00 1.69e+01  5.36e-01 5.32e-02      1s
  17   2.17764293e+01 -3.13232090e+01  8.04e-01 4.97e+00  2.58e+02  3.19e+00 6.02e+00 1.85e+01  5.53e-01 5.87e-02      1s
  18   1.90064303e+01 -3.02655855e+01  7.51e-01 4.64e+00  2.43e+02  2.97e+00 6.30e+00 2.05e+01  5.75e-01 6.62e-02      1s
  19   1.60284879e+01 -2.90864742e+01  6.94e-01 4.28e+00  2.26e+02  2.74e+00 6.64e+00 2.27e+01  6.02e-01 7.65e-02      1s
  20   1.27899495e+01 -2.77467300e+01  6.30e-01 3.89e+00  2.07e+02  2.51e+00 7.08e+00 2.54e+01  6.35e-01 9.13e-02      1s
  21   9.23951505e+00 -2.61975332e+01  5.59e-01 3.45e+00  1.86e+02  2.27e+00 7.68e+00 2.87e+01  6.76e-01 1.13e-01      1s
  22   5.29376972e+00 -2.43596216e+01  4.76e-01 2.94e+00  1.60e+02  2.04e+00 8.56e+00 3.28e+01  7.25e-01 1.48e-01      1s
  23   8.62787378e-01 -2.21210538e+01  3.78e-01 2.33e+00  1.30e+02  1.81e+00 9.97e+00 3.80e+01  7.86e-01 2.07e-01      1s
  24  -4.15496237e+00 -1.93137044e+01  2.56e-01 1.58e+00  9.07e+01  1.60e+00 1.26e+01 4.48e+01  8.60e-01 3.22e-01      1s
  25  -9.82341106e+00 -1.57110569e+01  1.02e-01 6.29e-01  3.81e+01  1.41e+00 1.91e+01 5.43e+01  9.48e-01 6.03e-01      1s
  26  -1.29668557e+01 -1.34357743e+01  3.90e-03 2.41e-02  1.83e+00  1.30e+00 5.21e+01 6.85e+01  9.83e-01 9.62e-01      1s
  27  -1.33153143e+01 -1.33748806e+01  3.14e-04 1.94e-03  1.81e-01  2.36e+00 1.57e+03 4.10e+01  9.62e-01 9.19e-01      1s
  28  -1.33630371e+01 -1.33682781e+01  1.67e-05 1.03e-04  1.25e-02  1.64e+00 1.97e+04 5.55e+01  9.82e-01 9.47e-01      1s

The algorithm stopped after 29 iterations in 0.89 seconds.

Primal variables:   [+11.501 +9.899 +7.106 +16.770 +0.001 +15.534 +13.375 +12.851 +108.195
 +0.001 +8.041 +8.316 +9.095 +28.572 +10.962 +19.994]
Dual slacks:        [+0.000 +0.000 +0.000 +0.000 +3.886 +0.000 +0.000 +0.000 +0.000 +3.147
 +0.000 +0.000 +0.000 +0.000 +0.000 +0.000]
Dual variables:     [+1.948 -9.808]

Primal objective:   -1.33630371e+01
Dual objective:     -1.33682781e+01

Primal residual:    1.67e-05
Dual residual:      1.03e-04
Complementraty:     1.25e-02

Number of Iter:     29
Run time:           0.89
