
--------------- Linear optimization problem characteristics ---------------
Seed:                    2
Number of variables:     8
Number of constraints:   2

Norm of primal sol:      6.46e+00
Norm of dual sol:        1.00e+01
Norm of dual slacks:     5.00e+00

Norm of vector b:        2.00e+00
Norm of vector c:        8.09e+00

Norm of matrix A:        1.00e+00
Condition number:        2.00e+00

----------------------- Linear optimization problem -----------------------
Coeff matrix A:          [[-0.306 +0.359 +0.423 -0.023 +0.398 -0.355 +0.054 -0.412]
                          [+0.003 -0.344 -0.334 +0.071 -0.260 -0.212 -0.205 -0.033]]

RHS vector b:            [-1.327 -1.496]
Obj vector c:            [+5.077 +0.270 +3.693 -0.393 -0.618 +3.927 +1.197 +2.938]

---------------------------- Optimal solution -----------------------------
Primal variables:         [+0.000 +0.176 +0.000 +2.964 +2.862 +2.249 +1.393 +4.216]
Dual slacks:              [+3.107 +0.000 +3.917 +0.000 +0.000 +0.000 +0.000 +0.000]
Dual variables:           [-6.517 -7.585]

Optimal objective:       +1.99974892e+01
===========================================================================

Method:                  II-IPM
LO_Precision:            1.00e-01
Stop_Precision:          1.00e-08
LO_Verbosity:            2
Omega:                   1.00e+01

The Inexact Infeasible Interior-Point Method starts running ...


                  Objective                Residual                                               Step-length
Iter      Primal           Dual         Primal    Dual     Compl    Cond-Num  ||M||   ||RHS||    a-star   a-hat      Time
   0   7.30979938e+01 -3.36710192e+01  3.88e+00 7.58e+00  3.14e+02  4.00e+00 1.00e+00 1.19e+01  8.03e-01 6.75e-01      0s
   1   7.04662734e+01 -3.25295299e+01  3.63e+00 7.08e+00  2.96e+02  4.21e+00 6.24e-01 1.53e+00  5.38e-01 6.64e-02      0s
   2   6.86641015e+01 -3.15387273e+01  3.45e+00 6.73e+00  2.83e+02  4.08e+00 6.30e-01 1.69e+00  5.35e-01 4.87e-02      0s
   3   6.69522331e+01 -3.04500035e+01  3.28e+00 6.41e+00  2.70e+02  3.97e+00 6.37e-01 1.87e+00  5.34e-01 4.86e-02      0s
   4   6.53102133e+01 -2.92634658e+01  3.12e+00 6.09e+00  2.59e+02  3.87e+00 6.46e-01 2.11e+00  5.35e-01 4.89e-02      0s
   5   6.37200483e+01 -2.79767580e+01  2.97e+00 5.79e+00  2.47e+02  3.76e+00 6.58e-01 2.39e+00  5.38e-01 4.97e-02      0s
   6   6.21654986e+01 -2.65853800e+01  2.82e+00 5.49e+00  2.36e+02  3.64e+00 6.73e-01 2.71e+00  5.42e-01 5.10e-02      0s
   7   6.06345644e+01 -2.50859446e+01  2.67e+00 5.20e+00  2.25e+02  3.53e+00 6.91e-01 3.08e+00  5.49e-01 5.27e-02      0s
   8   5.91081520e+01 -2.34661647e+01  2.52e+00 4.92e+00  2.13e+02  3.42e+00 7.13e-01 3.49e+00  5.57e-01 5.51e-02      0s
   9   5.75737365e+01 -2.17180153e+01  2.37e+00 4.63e+00  2.02e+02  3.30e+00 7.40e-01 3.95e+00  5.67e-01 5.81e-02      0s
  10   5.60123827e+01 -1.98253357e+01  2.23e+00 4.34e+00  1.91e+02  3.19e+00 7.73e-01 4.47e+00  5.80e-01 6.21e-02      0s
  11   5.44044054e+01 -1.77698733e+01  2.08e+00 4.05e+00  1.79e+02  3.09e+00 8.14e-01 5.05e+00  5.96e-01 6.73e-02      0s
  12   5.27270227e+01 -1.55297096e+01  1.92e+00 3.75e+00  1.68e+02  2.99e+00 8.66e-01 5.71e+00  6.14e-01 7.39e-02      0s
  13   5.09516264e+01 -1.30771992e+01  1.76e+00 3.44e+00  1.55e+02  2.90e+00 9.32e-01 6.46e+00  6.37e-01 8.25e-02      0s
  14   4.90440897e+01 -1.03819557e+01  1.60e+00 3.12e+00  1.42e+02  2.82e+00 1.02e+00 7.33e+00  6.63e-01 9.39e-02      0s
  15   4.69550778e+01 -7.40186455e+00  1.42e+00 2.78e+00  1.28e+02  2.76e+00 1.13e+00 8.33e+00  6.94e-01 1.09e-01      0s
  16   4.46201756e+01 -4.09122112e+00  1.24e+00 2.42e+00  1.13e+02  2.72e+00 1.30e+00 9.50e+00  7.30e-01 1.31e-01      1s
  17   4.19462935e+01 -3.96701888e-01  1.04e+00 2.03e+00  9.65e+01  2.70e+00 1.53e+00 1.09e+01  7.73e-01 1.61e-01      1s
  18   3.88000081e+01  3.73037337e+00  8.22e-01 1.60e+00  7.83e+01  2.72e+00 1.91e+00 1.25e+01  8.23e-01 2.08e-01      1s
  19   3.49883516e+01  8.30724284e+00  5.88e-01 1.15e+00  5.81e+01  2.77e+00 2.54e+00 1.45e+01  8.81e-01 2.85e-01      1s
  20   3.02497616e+01  1.32394304e+01  3.40e-01 6.64e-01  3.57e+01  2.85e+00 3.81e+00 1.68e+01  9.46e-01 4.22e-01      1s
  21   2.45018378e+01  1.79622254e+01  1.03e-01 2.02e-01  1.25e+01  2.95e+00 7.18e+00 1.95e+01  9.94e-01 6.96e-01      1s
  22   2.07632184e+01  1.98590602e+01  6.78e-03 1.32e-02  1.34e+00  2.98e+00 2.56e+01 2.15e+01  9.78e-01 9.34e-01      1s
  23   2.02124048e+01  1.99616958e+01  1.66e-03 3.24e-03  3.76e-01  3.26e+00 3.74e+02 1.38e+01  9.53e-01 7.55e-01      1s
  24   2.00807066e+01  1.99844619e+01  5.96e-04 1.16e-03  1.48e-01  3.49e+00 1.85e+03 1.94e+01  9.76e-01 6.41e-01      1s
  25   2.00259627e+01  1.99933816e+01  1.86e-04 3.62e-04  5.09e-02  3.65e+00 5.92e+03 2.32e+01  9.84e-01 6.89e-01      1s

The algorithm stopped after 26 iterations in 0.58 seconds.

Primal variables:   [+0.004 +6.435 +0.003 +87.809 +9.696 +4.731 +8.241 +10.330]
Dual slacks:        [+3.108 +0.001 +3.918 +0.000 +0.000 +0.001 +0.001 +0.001]
Dual variables:     [-6.516 -7.583]

Primal objective:   2.00259627e+01 
Dual objective:     1.99933816e+01 

Primal residual:    1.86e-04
Dual residual:      3.62e-04
Complementraty:     5.09e-02

Number of Iter:     26
Run time:           0.58
