
--------------- Linear optimization problem characteristics ---------------
Seed:                    18
Number of variables:     12
Number of constraints:   2

Norm of primal sol:      9.22e+00
Norm of dual sol:        1.00e+01
Norm of dual slacks:     5.00e+00

Norm of vector b:        2.00e+00
Norm of vector c:        5.09e+00

Norm of matrix A:        1.00e+00
Condition number:        2.00e+00

----------------------- Linear optimization problem -----------------------
Coeff matrix A:          [[+0.131 -0.059 +0.263 +0.208 -0.218 +0.420 -0.013 +0.160 -0.355 +0.309
 -0.149 -0.269]
                          [-0.113 +0.226 +0.103 -0.175 +0.104 +0.205 +0.021 +0.092 -0.444 +0.218
 -0.011 -0.374]]

RHS vector b:            [+1.822 -0.825]
Obj vector c:            [+1.594 +0.266 +0.242 +2.488 +2.408 +0.018 -0.248 -0.119 +2.414 -0.594
 -0.561 +2.166]

---------------------------- Optimal solution -----------------------------
Primal variables:         [+2.859 +0.000 +3.862 +0.799 +0.000 +3.298 +2.928 +4.343 +1.130 +0.124
 +2.795 +3.725]
Dual slacks:              [+0.000 +2.551 +0.000 +0.000 +4.301 +0.000 +0.000 +0.000 +0.000 +0.000
 +0.000 +0.000]
Dual variables:           [+4.421 -8.970]

Optimal objective:       +1.54522778e+01
===========================================================================

Method:                  II-IPM
LO_Precision:            1.00e-01
Stop_Precision:          1.00e-08
LO_Verbosity:            2
Omega:                   1.00e+01

The Inexact Infeasible Interior-Point Method starts running ...


                  Objective                Residual                                               Step-length
Iter      Primal           Dual         Primal    Dual     Compl    Cond-Num  ||M||   ||RHS||    a-star   a-hat      Time
   0   9.23320818e+01 -1.08172135e+01  6.50e-01 8.13e+00  3.85e+02  4.00e+00 1.00e+00 4.46e+00  8.63e-01 7.46e-01      0s
   1   8.81689000e+01 -9.75094787e+00  5.83e-01 7.29e+00  3.50e+02  3.91e+00 2.93e+00 4.21e+00  6.29e-01 1.03e-01      0s
   2   8.52169302e+01 -9.03106008e+00  5.42e-01 6.78e+00  3.28e+02  4.02e+00 3.16e+00 4.48e+00  6.05e-01 6.96e-02      0s
   3   8.23741806e+01 -8.35290377e+00  5.07e-01 6.34e+00  3.09e+02  4.09e+00 3.33e+00 4.74e+00  5.91e-01 6.52e-02      0s
   4   7.96175164e+01 -7.70376878e+00  4.76e-01 5.95e+00  2.91e+02  4.16e+00 3.50e+00 5.04e+00  5.79e-01 6.18e-02      0s
   5   7.69320002e+01 -7.07476523e+00  4.47e-01 5.60e+00  2.76e+02  4.23e+00 3.66e+00 5.41e+00  5.69e-01 5.91e-02      0s
   6   7.43027050e+01 -6.45816662e+00  4.22e-01 5.28e+00  2.62e+02  4.29e+00 3.84e+00 5.83e+00  5.61e-01 5.70e-02      0s
   7   7.17124638e+01 -5.84645018e+00  3.98e-01 4.98e+00  2.49e+02  4.36e+00 4.02e+00 6.33e+00  5.55e-01 5.57e-02      0s
   8   6.91447265e+01 -5.23262306e+00  3.77e-01 4.71e+00  2.36e+02  4.42e+00 4.21e+00 6.91e+00  5.51e-01 5.49e-02      0s
   9   6.65835918e+01 -4.60995539e+00  3.56e-01 4.45e+00  2.25e+02  4.49e+00 4.42e+00 7.58e+00  5.49e-01 5.47e-02      0s
  10   6.40112610e+01 -3.97111990e+00  3.36e-01 4.21e+00  2.13e+02  4.56e+00 4.66e+00 8.34e+00  5.50e-01 5.52e-02      0s
  11   6.14106254e+01 -3.30856217e+00  3.17e-01 3.97e+00  2.03e+02  4.64e+00 4.93e+00 9.21e+00  5.53e-01 5.65e-02      0s
  12   5.87574246e+01 -2.61220916e+00  2.99e-01 3.74e+00  1.92e+02  4.73e+00 5.23e+00 1.02e+01  5.59e-01 5.86e-02      0s
  13   5.60334401e+01 -1.87243513e+00  2.80e-01 3.50e+00  1.81e+02  4.83e+00 5.60e+00 1.13e+01  5.68e-01 6.17e-02      0s
  14   5.32106501e+01 -1.07545418e+00  2.62e-01 3.27e+00  1.70e+02  4.95e+00 6.03e+00 1.27e+01  5.80e-01 6.62e-02      1s
  15   5.02595499e+01 -2.04657205e-01  2.43e-01 3.04e+00  1.59e+02  5.09e+00 6.57e+00 1.42e+01  5.96e-01 7.25e-02      1s
  16   4.71473776e+01  7.60942516e-01  2.23e-01 2.79e+00  1.47e+02  5.27e+00 7.25e+00 1.60e+01  6.17e-01 8.12e-02      1s
  17   4.38272432e+01  1.85188942e+00  2.02e-01 2.53e+00  1.35e+02  5.49e+00 8.14e+00 1.81e+01  6.43e-01 9.37e-02      1s
  18   4.02440375e+01  3.10988646e+00  1.79e-01 2.24e+00  1.21e+02  5.77e+00 9.35e+00 2.07e+01  6.76e-01 1.12e-01      1s
  19   3.63361833e+01  4.59225492e+00  1.54e-01 1.93e+00  1.06e+02  6.12e+00 1.11e+01 2.38e+01  7.17e-01 1.40e-01      1s
  20   3.20157222e+01  6.38839882e+00  1.26e-01 1.57e+00  8.76e+01  6.57e+00 1.37e+01 2.77e+01  7.68e-01 1.85e-01      1s
  21   2.72054940e+01  8.62167348e+00  9.24e-02 1.16e+00  6.60e+01  7.14e+00 1.83e+01 3.27e+01  8.31e-01 2.66e-01      1s
  22   2.18812698e+01  1.14498165e+01  5.25e-02 6.56e-01  3.90e+01  7.89e+00 2.78e+01 3.93e+01  9.06e-01 4.32e-01      1s
  23   1.63924785e+01  1.48781931e+01  6.92e-03 8.66e-02  5.71e+00  8.87e+00 5.63e+01 4.85e+01  9.62e-01 8.68e-01      1s
  24   1.55627138e+01  1.54409986e+01  2.22e-04 2.77e-03  2.72e-01  1.05e+01 5.30e+02 5.89e+01  9.85e-01 9.68e-01      1s
  25   1.54689073e+01  1.54503990e+01  2.54e-05 3.17e-04  3.79e-02  6.90e+00 1.11e+04 1.86e+01  9.37e-01 8.86e-01      1s

The algorithm stopped after 26 iterations in 0.71 seconds.

Primal variables:   [+9.136 +0.003 +12.918 +7.119 +0.002 +12.372 +24.183 +16.921 +9.257
 +18.611 +78.660 +9.540]
Dual slacks:        [+0.000 +2.550 +0.000 +0.000 +4.300 +0.000 +0.000 +0.000 +0.000 +0.000
 +0.000 +0.000]
Dual variables:     [+4.420 -8.969]

Primal objective:   1.54689073e+01 
Dual objective:     1.54503990e+01 

Primal residual:    2.54e-05
Dual residual:      3.17e-04
Complementraty:     3.79e-02

Number of Iter:     26
Run time:           0.71
