
--------------- Linear optimization problem characteristics ---------------
Seed:                    62
Number of variables:     12
Number of constraints:   2

Norm of primal sol:      9.14e+00
Norm of dual sol:        1.00e+01
Norm of dual slacks:     5.00e+00

Norm of vector b:        2.00e+00
Norm of vector c:        1.07e+01

Norm of matrix A:        1.00e+00
Condition number:        2.00e+00

----------------------- Linear optimization problem -----------------------
Coeff matrix A:          [[+0.005 -0.318 -0.182 +0.281 -0.286 -0.181 +0.033 -0.312 -0.297 +0.211
 +0.133 -0.096]
                          [+0.324 -0.176 -0.206 +0.390 -0.265 -0.111 -0.052 +0.146 -0.330 +0.243
 -0.243 -0.026]]

RHS vector b:            [-1.874 -0.699]
Obj vector c:            [+1.437 -3.623 -2.527 +4.208 -3.722 -2.112 +0.073 -2.191 -4.095 +2.950
 +5.157 -0.837]

---------------------------- Optimal solution -----------------------------
Primal variables:         [+0.181 +2.616 +4.525 +2.200 +3.377 +1.556 +2.903 +1.220 +1.285 +5.100
 +0.000 +0.000]
Dual slacks:              [+0.000 +0.000 +0.000 +0.000 +0.000 +0.000 +0.000 +0.000 +0.000 +0.000
 +4.998 +0.138]
Dual variables:           [+9.036 +4.284]

Optimal objective:       -1.99266618e+01
===========================================================================

Method:                  II-IPM
LO_Precision:            1.00e-01
Stop_Precision:          1.00e-08
LO_Verbosity:            2
Omega:                   1.00e+01

The Inexact Infeasible Interior-Point Method starts running ...


                  Objective                Residual                                               Step-length
Iter      Primal           Dual         Primal    Dual     Compl    Cond-Num  ||M||   ||RHS||    a-star   a-hat      Time
   0   1.17322617e+01 -3.92830484e+01  2.67e+00 1.18e+01  4.47e+02  4.00e+00 1.00e+00 1.84e+01  8.11e-01 6.87e-01      0s
   1   1.42525470e+01 -3.86354549e+01  2.04e+00 9.02e+00  3.54e+02  7.88e+00 3.70e+00 4.38e+00  7.07e-01 2.34e-01      0s
   2   1.31048848e+01 -3.77878040e+01  1.59e+00 7.02e+00  2.84e+02  9.24e+00 4.78e+00 5.51e+00  6.35e-01 2.22e-01      0s
   3   8.42879801e+00 -3.66005745e+01  1.19e+00 5.24e+00  2.19e+02  1.09e+01 5.94e+00 6.24e+00  5.55e-01 2.54e-01      0s
   4   3.19514423e+00 -3.55594095e+01  9.96e-01 4.40e+00  1.87e+02  1.32e+01 7.59e+00 6.96e+00  4.62e-01 1.61e-01      0s
   5   2.02257702e+00 -3.52945885e+01  9.64e-01 4.26e+00  1.81e+02  1.39e+01 8.81e+00 7.61e+00  4.39e-01 3.14e-02      0s
   6   8.36266255e-01 -3.50130163e+01  9.34e-01 4.12e+00  1.76e+02  1.39e+01 9.07e+00 7.79e+00  4.44e-01 3.19e-02      0s
   7  -3.87839637e-01 -3.47058558e+01  9.02e-01 3.98e+00  1.71e+02  1.39e+01 9.35e+00 8.00e+00  4.51e-01 3.34e-02      0s
   8  -1.65597471e+00 -3.43669651e+01  8.70e-01 3.84e+00  1.65e+02  1.38e+01 9.65e+00 8.26e+00  4.60e-01 3.55e-02      0s
   9  -2.97730719e+00 -3.39877679e+01  8.37e-01 3.69e+00  1.60e+02  1.36e+01 9.99e+00 8.58e+00  4.74e-01 3.84e-02      0s
  10  -4.36371850e+00 -3.35562924e+01  8.01e-01 3.54e+00  1.53e+02  1.33e+01 1.04e+01 8.97e+00  4.90e-01 4.25e-02      0s
  11  -5.82619444e+00 -3.30567634e+01  7.63e-01 3.37e+00  1.47e+02  1.29e+01 1.08e+01 9.46e+00  5.12e-01 4.82e-02      0s
  12  -7.37723425e+00 -3.24666047e+01  7.20e-01 3.18e+00  1.39e+02  1.25e+01 1.14e+01 1.01e+01  5.40e-01 5.62e-02      0s
  13  -9.03087602e+00 -3.17521283e+01  6.71e-01 2.96e+00  1.31e+02  1.20e+01 1.21e+01 1.08e+01  5.74e-01 6.80e-02      0s
  14  -1.07993298e+01 -3.08618459e+01  6.13e-01 2.71e+00  1.20e+02  1.13e+01 1.30e+01 1.18e+01  6.07e-01 8.61e-02      0s
  15  -1.26865336e+01 -2.97139782e+01  5.42e-01 2.39e+00  1.08e+02  1.06e+01 1.43e+01 1.31e+01  6.32e-01 1.15e-01      0s
  16  -1.46685431e+01 -2.81761114e+01  4.52e-01 2.00e+00  9.10e+01  9.72e+00 1.64e+01 1.48e+01  6.72e-01 1.67e-01      0s
  17  -1.66584851e+01 -2.60239288e+01  3.31e-01 1.46e+00  6.82e+01  8.78e+00 1.99e+01 1.71e+01  7.35e-01 2.68e-01      0s
  18  -1.84181916e+01 -2.28823480e+01  1.60e-01 7.05e-01  3.46e+01  7.76e+00 2.78e+01 2.04e+01  8.36e-01 5.17e-01      0s
  19  -1.90692490e+01 -2.00128071e+01  7.17e-03 3.17e-02  2.41e+00  6.64e+00 5.93e+01 2.53e+01  9.82e-01 9.55e-01      0s
  20  -1.97316944e+01 -1.99362632e+01  7.88e-04 3.48e-03  3.78e-01  8.31e+00 1.04e+03 1.65e+01  9.72e-01 8.90e-01      0s
  21  -1.98818397e+01 -1.99288234e+01  1.55e-04 6.83e-04  8.57e-02  1.10e+01 1.17e+04 1.18e+01  9.49e-01 8.04e-01      0s

The algorithm stopped after 22 iterations in 0.44 seconds.

Primal variables:   [+6.985 +7.768 +16.078 +17.675 +11.384 +11.103 +84.141 +4.032 +13.794
 +30.390 +0.002 +0.273]
Dual slacks:        [+0.001 +0.001 +0.000 +0.000 +0.000 +0.000 +0.000 +0.001 +0.000 +0.000
 +4.998 +0.139]
Dual variables:     [+9.038 +4.282]

Primal objective:   -1.98818397e+01
Dual objective:     -1.99288234e+01

Primal residual:    1.55e-04
Dual residual:      6.83e-04
Complementraty:     8.57e-02

Number of Iter:     22
Run time:           0.44
