
--------------- Linear optimization problem characteristics ---------------
Seed:                    66
Number of variables:     12
Number of constraints:   2

Norm of primal sol:      4.50e+00
Norm of dual sol:        1.00e+01
Norm of dual slacks:     5.00e+00

Norm of vector b:        2.00e+00
Norm of vector c:        6.73e+00

Norm of matrix A:        1.00e+00
Condition number:        2.00e+00

----------------------- Linear optimization problem -----------------------
Coeff matrix A:          [[-0.416 +0.046 +0.217 -0.261 -0.000 +0.239 -0.202 -0.411 +0.015 -0.372
 -0.455 -0.181]
                          [+0.006 -0.138 -0.183 -0.055 -0.044 +0.110 +0.124 +0.007 -0.204 -0.094
 +0.407 +0.110]]

RHS vector b:            [-1.943 -0.473]
Obj vector c:            [+1.590 +1.087 +0.828 +1.535 +0.404 -1.958 +4.623 +1.559 +1.821 +2.334
 -1.370 -0.293]

---------------------------- Optimal solution -----------------------------
Primal variables:         [+0.466 +0.404 +1.096 +2.053 +0.588 +0.759 +0.000 +1.686 +1.556 +1.414
 +0.000 +2.506]
Dual slacks:              [+0.000 +0.000 +0.000 +0.000 +0.000 +0.000 +4.967 +0.000 +0.000 +0.000
 +0.571 +0.000]
Dual variables:           [-3.948 -9.188]

Optimal objective:       +1.20185646e+01
===========================================================================

Method:                  II-IPM
LO_Precision:            1.00e-01
Stop_Precision:          1.00e-08
LO_Verbosity:            2
Omega:                   1.00e+01

The Inexact Infeasible Interior-Point Method starts running ...


                  Objective                Residual                                               Step-length
Iter      Primal           Dual         Primal    Dual     Compl    Cond-Num  ||M||   ||RHS||    a-star   a-hat      Time
   0   7.86232495e+01 -1.65783635e+01  8.16e+00 1.62e+01  6.61e+02  4.00e+00 1.00e+00 1.48e+01  6.11e-01 4.87e-01      0s
   1   7.57658024e+01 -1.57314370e+01  7.68e+00 1.53e+01  6.27e+02  2.75e+00 1.27e+00 6.10e+00  5.21e-01 5.83e-02      0s
   2   7.33146853e+01 -1.48853114e+01  7.28e+00 1.45e+01  5.97e+02  2.69e+00 1.37e+00 7.78e+00  5.39e-01 5.26e-02      0s
   3   7.07392610e+01 -1.38987944e+01  6.86e+00 1.36e+01  5.66e+02  2.65e+00 1.47e+00 9.35e+00  5.57e-01 5.79e-02      0s
   4   6.80061383e+01 -1.27542055e+01  6.42e+00 1.28e+01  5.33e+02  2.63e+00 1.60e+00 1.11e+01  5.78e-01 6.45e-02      0s
   5   6.50816604e+01 -1.14326353e+01  5.95e+00 1.18e+01  4.98e+02  2.63e+00 1.76e+00 1.31e+01  6.02e-01 7.29e-02      0s
   6   6.19106047e+01 -9.90524732e+00  5.45e+00 1.08e+01  4.60e+02  2.66e+00 1.98e+00 1.55e+01  6.30e-01 8.38e-02      0s
   7   5.84417976e+01 -8.14561847e+00  4.92e+00 9.78e+00  4.19e+02  2.71e+00 2.27e+00 1.81e+01  6.61e-01 9.81e-02      0s
   8   5.45872781e+01 -6.11260583e+00  4.34e+00 8.63e+00  3.74e+02  2.80e+00 2.68e+00 2.13e+01  6.97e-01 1.18e-01      0s
   9   5.02429590e+01 -3.76427888e+00  3.71e+00 7.38e+00  3.25e+02  2.93e+00 3.26e+00 2.50e+01  7.39e-01 1.45e-01      0s
  10   4.52657490e+01 -1.05569985e+00  3.02e+00 6.01e+00  2.70e+02  3.12e+00 4.16e+00 2.94e+01  7.86e-01 1.86e-01      0s
  11   3.94610664e+01  2.04856553e+00  2.27e+00 4.51e+00  2.08e+02  3.37e+00 5.64e+00 3.47e+01  8.41e-01 2.49e-01      0s
  12   3.26191980e+01  5.51457368e+00  1.46e+00 2.91e+00  1.40e+02  3.73e+00 8.41e+00 4.13e+01  9.02e-01 3.54e-01      0s
  13   2.47281312e+01  9.05763003e+00  6.72e-01 1.34e+00  6.97e+01  4.27e+00 1.48e+01 4.92e+01  9.67e-01 5.41e-01      0s
  14   1.72968401e+01  1.15363886e+01  1.28e-01 2.55e-01  1.66e+01  5.32e+00 3.68e+01 5.77e+01  9.28e-01 8.09e-01      0s
  15   1.47213731e+01  1.18176903e+01  5.83e-02 1.16e-01  8.12e+00  8.27e+00 2.05e+02 5.76e+01  8.13e-01 5.45e-01      0s
  16   1.37705850e+01  1.18933613e+01  3.70e-02 7.37e-02  5.36e+00  9.48e+00 5.11e+02 6.19e+01  8.90e-01 3.65e-01      0s
  17   1.27376085e+01  1.19710455e+01  1.44e-02 2.87e-02  2.23e+00  9.54e+00 8.61e+02 6.50e+01  9.60e-01 6.11e-01      0s
  18   1.20775775e+01  1.20165785e+01  5.79e-04 1.15e-03  1.27e-01  9.30e+00 2.39e+03 6.79e+01  9.80e-01 9.60e-01      0s
  19   1.20268513e+01  1.20183351e+01  6.26e-05 1.24e-04  1.67e-02  6.03e+00 4.19e+04 4.25e+01  9.61e-01 8.92e-01      0s

The algorithm stopped after 20 iterations in 0.40 seconds.

Primal variables:   [+13.397 +16.392 +17.899 +14.011 +19.083 +70.184 +0.001 +13.516 +14.126
 +11.465 +0.007 +24.858]
Dual slacks:        [+0.000 +0.000 +0.000 +0.000 +0.000 +0.000 +4.967 +0.000 +0.000 +0.000
 +0.571 +0.000]
Dual variables:     [-3.948 -9.188]

Primal objective:   1.20268513e+01 
Dual objective:     1.20183351e+01 

Primal residual:    6.26e-05
Dual residual:      1.24e-04
Complementraty:     1.67e-02

Number of Iter:     20
Run time:           0.40
