
--------------- Linear optimization problem characteristics ---------------
Seed:                    6
Number of variables:     10
Number of constraints:   2

Norm of primal sol:      3.63e+00
Norm of dual sol:        1.00e+01
Norm of dual slacks:     5.00e+00

Norm of vector b:        2.00e+00
Norm of vector c:        9.07e+00

Norm of matrix A:        1.00e+00
Condition number:        2.00e+00

----------------------- Linear optimization problem -----------------------
Coeff matrix A:          [[+0.301 -0.039 +0.174 -0.353 -0.141 +0.119 -0.056 +0.079 -0.414 -0.276]
                          [-0.280 +0.326 -0.038 +0.043 +0.287 +0.241 +0.220 +0.299 +0.379 +0.320]]

RHS vector b:            [-0.303 +1.977]
Obj vector c:            [+1.492 +3.250 -0.814 +1.313 +3.731 +2.030 +2.269 +2.690 +4.717 +3.792]

---------------------------- Optimal solution -----------------------------
Primal variables:         [+0.000 +0.831 +2.056 +0.104 +0.000 +1.490 +1.327 +1.049 +0.840 +1.559]
Dual slacks:              [+4.964 +0.000 +0.000 +0.000 +0.599 +0.000 +0.000 +0.000 +0.000 +0.000]
Dual variables:           [-2.537 +9.673]

Optimal objective:       +1.98913780e+01
===========================================================================

Method:                  II-IPM
LO_Precision:            1.00e-01
Stop_Precision:          1.00e-08
LO_Verbosity:            2
Omega:                   1.00e+01

The Inexact Infeasible Interior-Point Method starts running ...


                  Objective                Residual                                               Step-length
Iter      Primal           Dual         Primal    Dual     Compl    Cond-Num  ||M||   ||RHS||    a-star   a-hat      Time
   0   1.27188996e+02 -2.69548081e+01  4.55e+00 6.52e+00  3.52e+02  4.00e+00 1.00e+00 1.15e+01  8.59e-01 7.32e-01      0s
   1   9.06773172e+01 -1.87746016e+01  1.62e+00 2.32e+00  1.69e+02  6.89e+00 2.30e+00 5.87e+00  8.67e-01 6.43e-01      0s
   2   8.53614661e+01 -1.81033383e+01  1.50e+00 2.15e+00  1.57e+02  7.45e+00 4.19e+00 5.27e+00  6.29e-01 7.68e-02      0s
   3   8.05744171e+01 -1.75085844e+01  1.39e+00 1.99e+00  1.47e+02  7.54e+00 4.22e+00 5.09e+00  6.15e-01 7.07e-02      0s
   4   7.60933983e+01 -1.69517011e+01  1.30e+00 1.86e+00  1.38e+02  7.76e+00 4.28e+00 5.02e+00  6.04e-01 6.78e-02      0s
   5   7.18690620e+01 -1.64176984e+01  1.21e+00 1.74e+00  1.30e+02  8.12e+00 4.39e+00 5.05e+00  5.96e-01 6.57e-02      0s
   6   6.78723648e+01 -1.58945000e+01  1.13e+00 1.63e+00  1.23e+02  8.67e+00 4.56e+00 5.17e+00  5.89e-01 6.41e-02      0s
   7   6.40717651e+01 -1.53694702e+01  1.06e+00 1.52e+00  1.16e+02  9.45e+00 4.79e+00 5.39e+00  5.85e-01 6.32e-02      0s
   8   6.04383128e+01 -1.48293264e+01  9.96e-01 1.43e+00  1.09e+02  1.05e+01 5.10e+00 5.71e+00  5.82e-01 6.29e-02      0s
   9   5.69564080e+01 -1.42610264e+01  9.33e-01 1.34e+00  1.03e+02  1.19e+01 5.50e+00 6.13e+00  5.81e-01 6.31e-02      0s
  10   5.36119656e+01 -1.36495482e+01  8.73e-01 1.25e+00  9.70e+01  1.38e+01 6.02e+00 6.66e+00  5.83e-01 6.40e-02      0s
  11   5.03930879e+01 -1.29770423e+01  8.16e-01 1.17e+00  9.13e+01  1.63e+01 6.66e+00 7.29e+00  5.86e-01 6.56e-02      0s
  12   4.72925804e+01 -1.22221900e+01  7.60e-01 1.09e+00  8.57e+01  1.95e+01 7.48e+00 8.05e+00  5.75e-01 6.79e-02      0s
  13   4.43056276e+01 -1.13583950e+01  7.06e-01 1.01e+00  8.02e+01  2.37e+01 8.51e+00 8.95e+00  5.54e-01 7.13e-02      0s
  14   4.14335298e+01 -1.03531446e+01  6.53e-01 9.35e-01  7.47e+01  2.91e+01 9.82e+00 9.99e+00  5.39e-01 7.60e-02      0s
  15   3.86727178e+01 -9.16227422e+00  5.99e-01 8.58e-01  6.91e+01  3.61e+01 1.15e+01 1.12e+01  5.29e-01 8.25e-02      0s
  16   3.60302888e+01 -7.73219518e+00  5.44e-01 7.80e-01  6.34e+01  4.48e+01 1.37e+01 1.26e+01  5.26e-01 9.16e-02      0s
  17   3.35141846e+01 -5.99473386e+00  4.87e-01 6.98e-01  5.74e+01  5.57e+01 1.66e+01 1.42e+01  5.31e-01 1.04e-01      0s
  18   3.11431216e+01 -3.87399944e+00  4.28e-01 6.13e-01  5.10e+01  6.89e+01 2.07e+01 1.62e+01  5.48e-01 1.22e-01      0s
  19   2.89383057e+01 -1.29210849e+00  3.65e-01 5.23e-01  4.42e+01  8.45e+01 2.66e+01 1.84e+01  5.80e-01 1.47e-01      0s
  20   2.69241138e+01  1.80681943e+00  2.98e-01 4.28e-01  3.69e+01  1.02e+02 3.55e+01 2.11e+01  6.29e-01 1.82e-01      0s
  21   2.55605990e+01  4.54084344e+00  2.46e-01 3.53e-01  3.10e+01  1.22e+02 4.99e+01 2.43e+01  6.99e-01 1.76e-01      1s
  22   2.46008041e+01  6.83754552e+00  2.05e-01 2.94e-01  2.63e+01  1.38e+02 6.78e+01 2.70e+01  7.68e-01 1.67e-01      1s
  23   2.35675951e+01  9.61159694e+00  1.58e-01 2.26e-01  2.08e+01  1.50e+02 8.89e+01 2.93e+01  8.30e-01 2.30e-01      1s
  24   2.23866319e+01  1.31529081e+01  1.01e-01 1.44e-01  1.39e+01  1.65e+02 1.29e+02 3.23e+01  8.99e-01 3.63e-01      1s
  25   2.10581505e+01  1.74827421e+01  3.45e-02 4.95e-02  5.33e+00  1.83e+02 2.33e+02 3.65e+01  9.42e-01 6.57e-01      1s
  26   2.02827393e+01  1.95813154e+01  4.70e-03 6.74e-03  9.75e-01  2.09e+02 8.44e+02 4.20e+01  9.92e-01 8.64e-01      1s
  27   2.00333802e+01  1.97991667e+01  1.39e-03 2.00e-03  3.28e-01  1.96e+02 6.21e+03 3.61e+01  9.96e-01 7.04e-01      1s
  28   1.99516119e+01  1.98548878e+01  5.39e-04 7.73e-04  1.38e-01  2.04e+02 2.41e+04 4.13e+01  9.73e-01 6.13e-01      1s
  29   1.99162490e+01  1.98771613e+01  2.06e-04 2.95e-04  5.74e-02  2.18e+02 7.40e+04 4.89e+01  9.71e-01 6.19e-01      1s

The algorithm stopped after 30 iterations in 0.56 seconds.

Primal variables:   [+0.001 +1.877 +106.405 +49.882 +0.028 +2.468 +3.061 +1.950 +1.920 +2.269]
Dual slacks:        [+4.962 +0.002 +0.000 +0.000 +0.601 +0.002 +0.002 +0.002 +0.002 +0.002]
Dual variables:     [-2.538 +9.666]

Primal objective:   1.99162490e+01 
Dual objective:     1.98771613e+01 

Primal residual:    2.06e-04
Dual residual:      2.95e-04
Complementraty:     5.74e-02

Number of Iter:     30
Run time:           0.56
