
--------------- Linear optimization problem characteristics ---------------
Seed:                    52
Number of variables:     12
Number of constraints:   2

Norm of primal sol:      6.37e+00
Norm of dual sol:        1.00e+01
Norm of dual slacks:     5.00e+00

Norm of vector b:        2.00e+00
Norm of vector c:        7.74e+00

Norm of matrix A:        1.00e+00
Condition number:        2.00e+00

----------------------- Linear optimization problem -----------------------
Coeff matrix A:          [[+0.147 +0.085 -0.167 +0.167 +0.175 -0.088 +0.006 +0.202 -0.042 +0.171
 -0.280 -0.025]
                          [-0.046 -0.219 +0.308 -0.413 -0.029 -0.409 -0.001 +0.335 -0.150 +0.371
 -0.358 -0.306]]

RHS vector b:            [+0.362 -1.967]
Obj vector c:            [+6.382 +1.460 -1.264 +2.817 +1.758 +0.374 +0.066 +0.931 +0.043 +0.532
 -1.612 +0.670]

---------------------------- Optimal solution -----------------------------
Primal variables:         [+0.000 +0.084 +0.000 +1.989 +0.316 +1.994 +0.173 +3.090 +3.153 +1.676
 +2.047 +2.460]
Dual slacks:              [+4.844 +0.000 +1.240 +0.000 +0.000 +0.000 +0.000 +0.000 +0.000 +0.000
 +0.000 +0.000]
Dual variables:           [+9.550 -2.967]

Optimal objective:       +9.28847038e+00
===========================================================================

Method:                  II-IPM
LO_Precision:            1.00e-01
Stop_Precision:          1.00e-08
LO_Verbosity:            2
Omega:                   1.00e+01

The Inexact Infeasible Interior-Point Method starts running ...


                  Objective                Residual                                               Step-length
Iter      Primal           Dual         Primal    Dual     Compl    Cond-Num  ||M||   ||RHS||    a-star   a-hat      Time
   0   7.89810358e+01 -9.65291184e+00  3.50e+00 1.42e+01  5.83e+02  4.00e+00 1.00e+00 6.68e+00  6.80e-01 5.55e-01      0s
   1   7.14556333e+01 -7.00910131e+00  2.71e+00 1.10e+01  4.64e+02  3.56e+00 2.37e+00 9.47e+00  8.37e-01 2.26e-01      0s
   2   5.78576604e+01 -2.13614667e+00  1.46e+00 5.93e+00  2.70e+02  3.49e+00 3.22e+00 1.21e+01  9.20e-01 4.61e-01      0s
   3   3.93914464e+01  2.97409468e+00  3.73e-01 1.51e+00  8.97e+01  3.47e+00 6.40e+00 1.55e+01  8.94e-01 7.45e-01      0s
   4   3.68508997e+01  3.20223337e+00  3.36e-01 1.36e+00  8.15e+01  5.97e+00 2.94e+01 1.04e+01  6.08e-01 1.01e-01      0s
   5   3.49943077e+01  3.36422355e+00  3.11e-01 1.26e+00  7.61e+01  7.35e+00 3.58e+01 9.40e+00  5.84e-01 7.40e-02      0s
   6   3.33499239e+01  3.50739367e+00  2.90e-01 1.18e+00  7.16e+01  8.78e+00 4.19e+01 8.80e+00  5.67e-01 6.57e-02      0s
   7   3.18640745e+01  3.63870202e+00  2.73e-01 1.11e+00  6.77e+01  1.04e+01 4.87e+01 8.41e+00  5.53e-01 5.95e-02      0s
   8   3.04974043e+01  3.76313184e+00  2.58e-01 1.05e+00  6.44e+01  1.24e+01 5.63e+01 8.22e+00  5.43e-01 5.49e-02      0s
   9   2.92187615e+01  3.88467733e+00  2.45e-01 9.91e-01  6.14e+01  1.46e+01 6.48e+01 8.20e+00  5.31e-01 5.17e-02      0s
  10   2.80023650e+01  4.00688364e+00  2.33e-01 9.42e-01  5.86e+01  1.70e+01 7.43e+01 8.33e+00  5.22e-01 4.97e-02      0s
  11   2.68250461e+01  4.13334386e+00  2.21e-01 8.96e-01  5.60e+01  1.98e+01 8.51e+01 8.60e+00  5.18e-01 4.90e-02      0s
  12   2.56647186e+01  4.26812507e+00  2.10e-01 8.52e-01  5.35e+01  2.29e+01 9.76e+01 9.00e+00  5.18e-01 4.95e-02      0s
  13   2.45018540e+01  4.41593304e+00  1.99e-01 8.08e-01  5.10e+01  2.64e+01 1.12e+02 9.52e+00  5.23e-01 5.14e-02      0s
  14   2.33106036e+01  4.58372413e+00  1.88e-01 7.63e-01  4.84e+01  3.02e+01 1.29e+02 1.02e+01  5.35e-01 5.53e-02      0s
  15   2.20597454e+01  4.78181377e+00  1.77e-01 7.16e-01  4.57e+01  3.44e+01 1.51e+02 1.10e+01  5.26e-01 6.21e-02      1s
  16   2.07093389e+01  5.02648379e+00  1.64e-01 6.63e-01  4.26e+01  3.89e+01 1.77e+02 1.19e+01  5.17e-01 7.37e-02      1s
  17   1.91927450e+01  5.34774607e+00  1.48e-01 6.00e-01  3.89e+01  4.37e+01 2.13e+02 1.31e+01  5.19e-01 9.44e-02      1s
  18   1.74059601e+01  5.80317948e+00  1.28e-01 5.20e-01  3.41e+01  4.86e+01 2.65e+02 1.46e+01  5.37e-01 1.34e-01      1s
  19   1.51577730e+01  6.51948399e+00  9.97e-02 4.04e-01  2.70e+01  5.35e+01 3.51e+02 1.65e+01  5.84e-01 2.23e-01      1s
  20   1.26159494e+01  7.58176426e+00  6.05e-02 2.45e-01  1.69e+01  5.80e+01 5.32e+02 1.92e+01  6.86e-01 3.94e-01      1s
  21   1.14236331e+01  8.21734180e+00  3.81e-02 1.54e-01  1.11e+01  6.08e+01 1.03e+03 2.23e+01  8.89e-01 3.70e-01      1s
  22   9.46903545e+00  9.27701954e+00  8.36e-04 3.39e-03  3.86e-01  6.12e+01 1.72e+03 2.33e+01  9.90e-01 9.78e-01      1s
  23   9.31559852e+00  9.28601065e+00  9.92e-05 4.02e-04  5.58e-02  3.85e+01 3.29e+04 6.67e+00  9.34e-01 8.81e-01      1s

The algorithm stopped after 24 iterations in 0.67 seconds.

Primal variables:   [+0.004 +7.394 +0.004 +4.685 +8.002 +8.641 +18.906 +21.694 +13.936 +63.914
 +58.213 +8.676]
Dual slacks:        [+4.844 +0.000 +1.240 +0.001 +0.000 +0.000 +0.000 +0.000 +0.000 +0.000
 +0.000 +0.000]
Dual variables:     [+9.548 -2.966]

Primal objective:   9.31559852e+00 
Dual objective:     9.28601065e+00 

Primal residual:    9.92e-05
Dual residual:      4.02e-04
Complementraty:     5.58e-02

Number of Iter:     24
Run time:           0.67
