
--------------- Linear optimization problem characteristics ---------------
Seed:                    74
Number of variables:     16
Number of constraints:   2

Norm of primal sol:      1.58e+01
Norm of dual sol:        1.00e+01
Norm of dual slacks:     5.00e+00

Norm of vector b:        2.00e+00
Norm of vector c:        5.39e+00

Norm of matrix A:        1.00e+00
Condition number:        2.00e+00

----------------------- Linear optimization problem -----------------------
Coeff matrix A:          [[+0.294 -0.050 +0.075 +0.160 -0.047 -0.366 -0.271 -0.281 +0.314 +0.059
 +0.163 -0.154 -0.263 +0.123 +0.403 -0.342]
                          [+0.040 -0.199 +0.062 +0.185 +0.066 -0.183 +0.118 +0.154 +0.134 +0.025
 +0.200 -0.073 +0.120 +0.178 +0.246 -0.011]]

RHS vector b:            [+0.003 +2.000]
Obj vector c:            [+2.410 +1.556 -0.222 -0.943 -0.800 +0.004 -2.269 +2.150 +0.203 +0.040
 -1.057 -0.035 -2.248 -1.042 -0.400 -1.428]

---------------------------- Optimal solution -----------------------------
Primal variables:         [+0.000 +5.954 +6.531 +2.482 +1.889 +6.150 +5.414 +0.000 +5.392 +0.857
 +6.602 +3.616 +0.609 +1.129 +2.459 +0.051]
Dual slacks:              [+1.462 +0.000 +0.000 +0.000 +0.000 +0.000 +0.000 +4.781 +0.000 +0.000
 +0.000 +0.000 +0.000 +0.000 +0.000 +0.000]
Dual variables:           [+4.463 -8.949]

Optimal objective:       -1.78830046e+01
===========================================================================

Method:                  II-IPM
LO_Precision:            1.00e-01
Stop_Precision:          1.00e-08
LO_Verbosity:            2
Omega:                   1.00e+01

The Inexact Infeasible Interior-Point Method starts running ...


                  Objective                Residual                                               Step-length
Iter      Primal           Dual         Primal    Dual     Compl    Cond-Num  ||M||   ||RHS||    a-star   a-hat      Time
   0  -2.55944243e+01 -4.20424613e+01  4.49e+00 2.11e+01  8.73e+02  4.00e+00 1.00e+00 1.13e+01  6.15e-01 4.91e-01      0s
   1  -2.35870081e+01 -4.18950064e+01  4.21e+00 1.97e+01  8.23e+02  4.60e+00 1.71e+00 5.29e+00  5.14e-01 6.30e-02      0s
   2  -2.21089350e+01 -4.16023169e+01  4.00e+00 1.87e+01  7.86e+02  4.45e+00 1.84e+00 5.89e+00  5.29e-01 4.98e-02      0s
   3  -2.06134771e+01 -4.11705996e+01  3.78e+00 1.77e+01  7.48e+02  4.33e+00 1.95e+00 6.46e+00  5.43e-01 5.34e-02      0s
   4  -1.90953582e+01 -4.05916673e+01  3.56e+00 1.67e+01  7.09e+02  4.21e+00 2.08e+00 7.14e+00  5.59e-01 5.81e-02      0s
   5  -1.75570717e+01 -3.98564898e+01  3.34e+00 1.57e+01  6.68e+02  4.08e+00 2.23e+00 7.96e+00  5.77e-01 6.38e-02      0s
   6  -1.59979781e+01 -3.89508483e+01  3.10e+00 1.45e+01  6.25e+02  3.96e+00 2.41e+00 8.92e+00  5.98e-01 7.10e-02      0s
   7  -1.44278274e+01 -3.78598242e+01  2.85e+00 1.34e+01  5.80e+02  3.84e+00 2.64e+00 1.01e+01  6.21e-01 8.01e-02      0s
   8  -1.28595253e+01 -3.65620203e+01  2.59e+00 1.21e+01  5.32e+02  3.72e+00 2.93e+00 1.14e+01  6.49e-01 9.19e-02      0s
   9  -1.13256544e+01 -3.50366029e+01  2.31e+00 1.08e+01  4.80e+02  3.62e+00 3.30e+00 1.30e+01  6.80e-01 1.07e-01      0s
  10  -9.87822646e+00 -3.32565904e+01  2.02e+00 9.45e+00  4.24e+02  3.53e+00 3.80e+00 1.48e+01  7.15e-01 1.28e-01      0s
  11  -8.61221473e+00 -3.11948817e+01  1.70e+00 7.96e+00  3.64e+02  3.48e+00 4.52e+00 1.71e+01  7.56e-01 1.57e-01      0s
  12  -7.69683713e+00 -2.88310235e+01  1.36e+00 6.37e+00  2.97e+02  3.47e+00 5.62e+00 1.98e+01  8.01e-01 2.00e-01      0s
  13  -7.42744852e+00 -2.61624100e+01  1.00e+00 4.69e+00  2.25e+02  3.51e+00 7.44e+00 2.30e+01  8.53e-01 2.64e-01      0s
  14  -8.31230218e+00 -2.32284962e+01  6.27e-01 2.94e+00  1.48e+02  3.63e+00 1.09e+01 2.69e+01  9.09e-01 3.73e-01      0s
  15  -1.11883038e+01 -2.01764391e+01  2.60e-01 1.22e+00  6.64e+01  3.85e+00 1.91e+01 3.15e+01  9.31e-01 5.86e-01      0s
  16  -1.57895750e+01 -1.81287124e+01  2.76e-02 1.29e-01  8.92e+00  4.13e+00 5.23e+01 3.62e+01  9.58e-01 8.94e-01      0s
  17  -1.76468228e+01 -1.78929511e+01  1.52e-03 7.12e-03  6.48e-01  4.25e+00 5.45e+02 2.65e+01  9.76e-01 9.45e-01      0s
  18  -1.78549358e+01 -1.78841060e+01  1.32e-04 6.19e-04  6.86e-02  3.78e+00 8.44e+03 2.41e+01  9.70e-01 9.13e-01      0s

The algorithm stopped after 19 iterations in 0.27 seconds.

Primal variables:   [+0.010 +62.322 +17.084 +13.370 +13.871 +16.863 +9.253 +0.003 +21.214
 +18.902 +12.883 +17.597 +9.300 +12.945 +16.366 +11.408]
Dual slacks:        [+1.462 +0.000 +0.000 +0.000 +0.000 +0.000 +0.000 +4.782 +0.000 +0.000
 +0.000 +0.000 +0.000 +0.000 +0.000 +0.000]
Dual variables:     [+4.463 -8.950]

Primal objective:   -1.78549358e+01
Dual objective:     -1.78841060e+01

Primal residual:    1.32e-04
Dual residual:      6.19e-04
Complementraty:     6.86e-02

Number of Iter:     19
Run time:           0.27
