
--------------- Linear optimization problem characteristics ---------------
Seed:                    72
Number of variables:     8
Number of constraints:   2

Norm of primal sol:      4.10e+00
Norm of dual sol:        1.00e+01
Norm of dual slacks:     5.00e+00

Norm of vector b:        2.00e+00
Norm of vector c:        9.14e+00

Norm of matrix A:        1.00e+00
Condition number:        2.00e+00

----------------------- Linear optimization problem -----------------------
Coeff matrix A:          [[-0.466 -0.033 -0.358 +0.270 +0.177 -0.441 -0.313 +0.400]
                          [+0.260 -0.011 -0.339 -0.249 -0.143 +0.153 +0.235 -0.043]]

RHS vector b:            [-2.000 +0.017]
Obj vector c:            [+4.664 +0.332 +3.579 -2.708 +2.836 +4.416 +3.133 -2.066]

---------------------------- Optimal solution -----------------------------
Primal variables:         [+0.330 +2.113 +1.651 +1.140 +0.000 +1.815 +2.211 +0.000]
Dual slacks:              [+0.000 +0.000 +0.000 +0.000 +4.610 +0.000 +0.000 +1.937]
Dual variables:           [-10.000 +0.016]

Optimal objective:       +1.99995283e+01
===========================================================================

Method:                  II-IPM
LO_Precision:            1.00e-01
Stop_Precision:          1.00e-08
LO_Verbosity:            2
Omega:                   1.00e+01

The Inexact Infeasible Interior-Point Method starts running ...


                  Objective                Residual                                               Step-length
Iter      Primal           Dual         Primal    Dual     Compl    Cond-Num  ||M||   ||RHS||    a-star   a-hat      Time
   0   9.80789951e+01 -2.40120378e+00  1.84e+00 7.76e+00  3.09e+02  4.00e+00 1.00e+00 3.45e+00  8.11e-01 6.83e-01      0s
   1   7.49851621e+01  4.79832392e+00  7.60e-01 3.20e+00  1.52e+02  8.97e+00 2.90e+00 1.46e+01  9.79e-01 5.87e-01      0s
   2   4.90785041e+01  9.76541392e+00  1.70e-01 7.16e-01  5.49e+01  1.00e+01 6.23e+00 1.58e+01  1.00e+00 7.76e-01      0s
   3   2.51189204e+01  1.14728681e+01  9.42e-03 3.97e-02  1.42e+01  1.26e+01 1.43e+01 9.81e+00  1.00e+00 9.45e-01      0s
   4   2.47417564e+01  1.16090759e+01  9.01e-03 3.80e-02  1.36e+01  5.49e+01 2.52e+01 2.70e+00  5.01e-01 4.32e-02      0s
   5   2.44140266e+01  1.17449519e+01  8.65e-03 3.65e-02  1.31e+01  5.84e+01 2.51e+01 2.65e+00  4.96e-01 4.04e-02      0s
   6   2.41141863e+01  1.18862434e+01  8.30e-03 3.50e-02  1.26e+01  6.17e+01 2.51e+01 2.62e+00  4.93e-01 3.98e-02      0s
   7   2.38372236e+01  1.20340278e+01  7.98e-03 3.36e-02  1.22e+01  6.49e+01 2.52e+01 2.58e+00  4.92e-01 3.96e-02      0s
   8   2.35801200e+01  1.21889275e+01  7.66e-03 3.23e-02  1.18e+01  6.81e+01 2.53e+01 2.55e+00  4.92e-01 3.97e-02      0s
   9   2.33398470e+01  1.23519559e+01  7.35e-03 3.10e-02  1.13e+01  7.13e+01 2.54e+01 2.53e+00  4.95e-01 4.02e-02      0s
  10   2.31141120e+01  1.25240898e+01  7.05e-03 2.97e-02  1.09e+01  7.44e+01 2.56e+01 2.50e+00  4.98e-01 4.11e-02      0s
  11   2.29007660e+01  1.27066015e+01  6.75e-03 2.85e-02  1.05e+01  7.74e+01 2.59e+01 2.48e+00  5.04e-01 4.23e-02      0s
  12   2.26980034e+01  1.29009260e+01  6.45e-03 2.72e-02  1.01e+01  8.03e+01 2.63e+01 2.46e+00  5.12e-01 4.40e-02      0s
  13   2.25041080e+01  1.31088829e+01  6.15e-03 2.59e-02  9.67e+00  8.31e+01 2.67e+01 2.44e+00  5.21e-01 4.63e-02      0s
  14   2.23178259e+01  1.33323087e+01  5.85e-03 2.47e-02  9.24e+00  8.58e+01 2.73e+01 2.42e+00  5.33e-01 4.92e-02      1s
  15   2.21379221e+01  1.35734772e+01  5.54e-03 2.34e-02  8.80e+00  8.84e+01 2.79e+01 2.40e+00  5.46e-01 5.28e-02      1s
  16   2.19631952e+01  1.38351765e+01  5.22e-03 2.20e-02  8.35e+00  9.09e+01 2.87e+01 2.38e+00  5.63e-01 5.73e-02      1s
  17   2.17924897e+01  1.41207890e+01  4.90e-03 2.06e-02  7.87e+00  9.32e+01 2.97e+01 2.36e+00  5.82e-01 6.31e-02      1s
  18   2.16245449e+01  1.44346757e+01  4.55e-03 1.92e-02  7.37e+00  9.54e+01 3.09e+01 2.35e+00  6.05e-01 7.05e-02      1s
  19   2.14583775e+01  1.47816518e+01  4.19e-03 1.76e-02  6.84e+00  9.75e+01 3.24e+01 2.33e+00  6.31e-01 8.00e-02      1s
  20   2.12926412e+01  1.51683342e+01  3.80e-03 1.60e-02  6.27e+00  9.94e+01 3.43e+01 2.32e+00  6.62e-01 9.27e-02      1s
  21   2.11259301e+01  1.56029799e+01  3.38e-03 1.43e-02  5.65e+00  1.01e+02 3.68e+01 2.30e+00  6.98e-01 1.10e-01      1s
  22   2.09566262e+01  1.60962279e+01  2.93e-03 1.23e-02  4.97e+00  1.03e+02 4.03e+01 2.28e+00  7.41e-01 1.34e-01      1s
  23   2.07829274e+01  1.66615302e+01  2.43e-03 1.02e-02  4.21e+00  1.04e+02 4.51e+01 2.26e+00  7.91e-01 1.70e-01      1s
  24   2.06022037e+01  1.73178827e+01  1.88e-03 7.92e-03  3.35e+00  1.06e+02 5.25e+01 2.24e+00  8.52e-01 2.27e-01      1s
  25   2.04110884e+01  1.80908396e+01  1.26e-03 5.33e-03  2.37e+00  1.07e+02 6.52e+01 2.22e+00  9.25e-01 3.27e-01      1s
  26   2.02045993e+01  1.90166173e+01  5.77e-04 2.43e-03  1.21e+00  1.08e+02 9.14e+01 2.19e+00  1.00e+00 5.44e-01      1s
  27   2.00238401e+01  1.99029951e+01  1.60e-15 1.04e-15  1.21e-01  1.10e+02 1.78e+02 2.13e+00  1.00e+00 1.00e+00      1s
  28   2.00024878e+01  1.99904033e+01  1.34e-15 5.98e-16  1.21e-02  1.11e+02 1.83e+03 1.79e+00  1.00e+00 1.00e+00      1s

The algorithm stopped after 29 iterations in 0.81 seconds.

Primal variables:   [+2.554 +6.313 +0.479 +9.886 +0.000 +1.622 +7.626 +0.001]
Dual slacks:        [+0.001 +0.000 +0.004 +0.000 +4.610 +0.001 +0.000 +1.935]
Dual variables:     [-9.995 +0.021]

Primal objective:   2.00024878e+01 
Dual objective:     1.99904033e+01 

Primal residual:    1.34e-15
Dual residual:      5.98e-16
Complementraty:     1.21e-02

Number of Iter:     29
Run time:           0.81
