
--------------- Linear optimization problem characteristics ---------------
Seed:                    92
Number of variables:     12
Number of constraints:   2

Norm of primal sol:      3.73e+00
Norm of dual sol:        1.00e+01
Norm of dual slacks:     5.00e+00

Norm of vector b:        2.00e+00
Norm of vector c:        1.18e+01

Norm of matrix A:        1.00e+00
Condition number:        2.00e+00

----------------------- Linear optimization problem -----------------------
Coeff matrix A:          [[+0.345 +0.227 +0.059 +0.414 -0.230 +0.268 +0.185 +0.064 -0.302 +0.037
 -0.072 +0.202]
                          [-0.129 -0.052 -0.299 -0.377 -0.174 -0.219 -0.260 -0.137 +0.278 +0.273
 +0.169 +0.083]]

RHS vector b:            [+1.901 -0.620]
Obj vector c:            [-2.911 -1.642 -2.851 -5.387 -0.262 -3.274 -3.187 -1.505 +3.952 +2.127
 +6.815 -0.363]

---------------------------- Optimal solution -----------------------------
Primal variables:         [+1.525 +1.358 +0.731 +0.824 +0.000 +1.474 +0.608 +0.838 +0.760 +1.616
 +0.000 +1.447]
Dual slacks:              [+0.000 +0.000 +0.000 +0.000 +0.002 +0.000 +0.000 +0.000 +0.000 +0.000
 +5.000 +0.000]
Dual variables:           [-5.281 +8.492]

Optimal objective:       -1.53077787e+01
===========================================================================

Method:                  II-IPM
LO_Precision:            1.00e-01
Stop_Precision:          1.00e-08
LO_Verbosity:            2
Omega:                   1.00e+01

The Inexact Infeasible Interior-Point Method starts running ...


                  Objective                Residual                                               Step-length
Iter      Primal           Dual         Primal    Dual     Compl    Cond-Num  ||M||   ||RHS||    a-star   a-hat      Time
   0  -3.02197144e+01 -2.27031314e+01  6.45e+00 1.97e+01  6.55e+02  4.00e+00 1.00e+00 2.47e+01  6.19e-01 4.94e-01      0s
   1  -2.81822660e+01 -2.27156257e+01  6.06e+00 1.85e+01  6.19e+02  3.86e+00 1.99e+00 3.21e+00  5.57e-01 6.05e-02      0s
   2  -2.62971650e+01 -2.26445770e+01  5.68e+00 1.73e+01  5.83e+02  4.05e+00 2.24e+00 2.17e+00  5.75e-01 6.35e-02      0s
   3  -2.44722078e+01 -2.24903437e+01  5.28e+00 1.61e+01  5.46e+02  4.27e+00 2.55e+00 1.58e+00  5.94e-01 7.03e-02      0s
   4  -2.27066132e+01 -2.22475175e+01  4.86e+00 1.48e+01  5.07e+02  4.52e+00 2.93e+00 2.13e+00  6.16e-01 7.89e-02      0s
   5  -2.10034103e+01 -2.19087644e+01  4.42e+00 1.35e+01  4.66e+02  4.82e+00 3.43e+00 3.52e+00  6.42e-01 9.02e-02      0s
   6  -1.93674490e+01 -2.14635877e+01  3.96e+00 1.21e+01  4.21e+02  5.17e+00 4.10e+00 5.36e+00  6.72e-01 1.05e-01      0s
   7  -1.78162081e+01 -2.08992898e+01  3.46e+00 1.05e+01  3.73e+02  5.58e+00 5.02e+00 7.57e+00  7.07e-01 1.26e-01      0s
   8  -1.63795989e+01 -2.01998997e+01  2.92e+00 8.88e+00  3.20e+02  6.08e+00 6.36e+00 1.02e+01  7.48e-01 1.56e-01      0s
   9  -1.51063146e+01 -1.93432594e+01  2.33e+00 7.09e+00  2.60e+02  6.67e+00 8.43e+00 1.34e+01  7.95e-01 2.03e-01      0s
  10  -1.40951415e+01 -1.83054208e+01  1.67e+00 5.10e+00  1.93e+02  7.39e+00 1.20e+01 1.73e+01  8.51e-01 2.80e-01      0s
  11  -1.35406342e+01 -1.70593668e+01  9.52e-01 2.90e+00  1.15e+02  8.27e+00 1.92e+01 2.23e+01  9.16e-01 4.32e-01      0s
  12  -1.39354426e+01 -1.56154123e+01  1.65e-01 5.02e-01  2.24e+01  9.32e+00 4.00e+01 2.88e+01  9.92e-01 8.27e-01      0s
  13  -1.50322313e+01 -1.53134553e+01  4.77e-03 1.45e-02  9.38e-01  1.03e+01 2.77e+02 3.65e+01  9.90e-01 9.71e-01      0s
  14  -1.51238151e+01 -1.53128147e+01  2.91e-03 8.87e-03  6.02e-01  5.65e+00 4.54e+03 5.44e+00  8.78e-01 3.89e-01      0s
  15  -1.51568671e+01 -1.53124193e+01  2.30e-03 6.99e-03  4.86e-01  7.06e+00 8.25e+03 4.89e+00  8.16e-01 2.12e-01      0s
  16  -1.51810827e+01 -1.53120528e+01  1.87e-03 5.69e-03  4.03e-01  8.02e+00 1.11e+04 4.97e+00  7.91e-01 1.87e-01      0s
  17  -1.52004753e+01 -1.53116933e+01  1.54e-03 4.69e-03  3.39e-01  8.96e+00 1.45e+04 5.27e+00  7.77e-01 1.75e-01      0s
  18  -1.52170247e+01 -1.53113250e+01  1.28e-03 3.88e-03  2.86e-01  9.84e+00 1.86e+04 5.76e+00  7.72e-01 1.73e-01      0s
  19  -1.52318797e+01 -1.53109344e+01  1.05e-03 3.19e-03  2.39e-01  1.06e+01 2.39e+04 6.47e+00  7.78e-01 1.79e-01      0s
  20  -1.52458456e+01 -1.53105059e+01  8.39e-04 2.56e-03  1.96e-01  1.14e+01 3.10e+04 7.39e+00  7.94e-01 1.98e-01      0s
  21  -1.52594821e+01 -1.53100233e+01  6.43e-04 1.96e-03  1.54e-01  1.20e+01 4.14e+04 8.59e+00  8.22e-01 2.33e-01      1s
  22  -1.52732670e+01 -1.53094660e+01  4.50e-04 1.37e-03  1.11e-01  1.24e+01 5.86e+04 1.01e+01  8.63e-01 3.00e-01      1s
  23  -1.52874906e+01 -1.53088157e+01  2.56e-04 7.81e-04  6.64e-02  1.28e+01 9.25e+04 1.20e+01  9.16e-01 4.31e-01      1s

The algorithm stopped after 24 iterations in 0.52 seconds.

Primal variables:   [+10.336 +12.374 +29.868 +10.183 +2.456 +12.582 +16.114 +20.186 +68.149
 +15.886 +0.003 +12.260]
Dual slacks:        [+0.000 +0.000 +0.000 +0.000 +0.002 +0.000 +0.000 +0.000 +0.000 +0.000
 +5.000 +0.000]
Dual variables:     [-5.282 +8.491]

Primal objective:   -1.52874906e+01
Dual objective:     -1.53088157e+01

Primal residual:    2.56e-04
Dual residual:      7.81e-04
Complementraty:     6.64e-02

Number of Iter:     24
Run time:           0.52
