
matrix A:
[[-0.2 +0.4 -0.5 -0.5 +0.1 +0.1 +0.2 +0.5]
 [+0.0 +0.0 +0.1 -0.0 -0.0 -0.1 -0.0 +0.0]]
b: [+0.0 +0.1]
c: [-0.2 -0.7 +0.3 +1.0 +0.2 +2.4 +4.7 -1.0] 

Primal variables:   [+2.5 +1.0 +0.8 +2.0 +2.6 +0.0 +0.0 +2.5]
Dual slacks:        [+0.0 +0.0 +0.0 +0.0 +0.0 +2.0 +4.6 +0.0]
Dual variables:     [-1.7 -9.8]
Optimal objective:  -8.79164225e-01

Method:             IR-II-QIPM
IR_Precision:       1.00e-04
LO_Precision:       1.00e-01
LO_Verbosity:       2
Omega:              1.00e+03
num_ancillae:       10

The Iterative Refinement algorithm starts running ...


The Quantum Inexact Infeasible Interior-Point Method starts running ...


                  Objective                Residual                      Quantum                    Step-length
Iter      Primal           Dual         Primal    Dual     Compl    ||Diff||   Prob    Cond-Num   a-star   a-hat      Time
   0   6.55753400e+03  1.53151511e+02  1.37e+01 5.29e+02  1.62e+06 *1.81e+02 2.59e-03  1.00e+02  8.89e-01 8.13e-01     59s
   1   7.35026653e+03 -1.42115347e+01  1.30e+01 4.84e+01  1.64e+05  2.17e+02 1.30e-03  1.21e+02  9.46e-01 9.09e-01    118s
   2   6.34804503e+03 -1.06633546e+00  3.25e+00 4.25e+00  2.09e+04  6.17e+00 1.04e-03  9.77e+01  9.52e-01 9.12e-01    177s
   3   4.54132834e+03 -1.57826328e+00  4.50e-01 1.97e+00  1.10e+04 *6.25e-01 6.98e-04  1.52e+02  7.92e-01 5.36e-01    237s
   4   4.11291454e+03 -1.56355319e+00  4.45e-01 1.73e+00  9.82e+03 *4.71e-02 7.34e-05  1.76e+02  7.03e-01 1.22e-01    296s
   5   3.73186505e+03 -1.53994530e+00  4.96e-01 1.53e+00  8.80e+03 *8.86e-02 2.42e-04  1.80e+02  7.02e-01 1.15e-01    356s
   6   3.36283353e+03 -1.50804220e+00  6.04e-01 1.35e+00  7.85e+03 *1.20e-01 5.02e-04  1.82e+02  7.06e-01 1.19e-01    415s
   7   2.99914945e+03 -1.46793072e+00  7.63e-01 1.18e+00  6.95e+03 *1.35e-01 8.70e-04  1.82e+02  7.16e-01 1.26e-01    475s
   8   2.63326757e+03 -1.41895687e+00  9.42e-01 1.01e+00  6.08e+03 *1.26e-01 1.35e-03  1.80e+02  7.33e-01 1.39e-01    533s
   9   2.25063055e+03 -1.35866995e+00  1.01e+00 8.51e-01  5.19e+03 *6.92e-02 1.97e-03  1.76e+02  7.60e-01 1.61e-01    592s
  10   1.81471065e+03 -1.27965751e+00  5.19e-01 6.74e-01  4.20e+03 *5.40e-02 2.75e-03  1.71e+02  8.06e-01 2.08e-01    652s
  11   1.23722676e+03 -1.16283176e+00  1.89e+00 4.54e-01  2.94e+03 *2.02e-01 3.69e-03  1.65e+02  8.81e-01 3.26e-01    711s
  12   4.13814745e+02 -9.85765602e-01  8.44e+00 1.65e-01  1.16e+03 *2.17e-01 4.56e-03  1.57e+02  9.73e-01 6.38e-01    770s
  13  -4.36015942e+01 -8.86529335e-01  1.08e+01 1.27e-02  1.21e+02 *6.15e-02 5.37e-03  1.50e+02  9.84e-01 9.23e-01    830s
  14  -1.07486281e+01 -8.81218506e-01  2.92e+00 3.28e-03  3.53e+01 *3.70e-05 1.05e-01  1.63e+02  9.67e-01 7.42e-01    889s
  15  -2.48609645e+01 -8.79288309e-01  4.37e+00 2.95e-04  4.19e+00 *1.80e-04 8.21e-02  1.54e+02  9.85e-01 9.10e-01    977s
  16   2.27915554e+01 -8.79200217e-01  2.33e+00 7.26e-05  1.17e+00 *3.23e-05 1.34e-02  1.78e+02  9.65e-01 7.54e-01   1066s
  17   2.27796210e+01 -8.79200178e-01  2.33e+00 7.25e-05  1.17e+00 *1.96e-06 4.08e-02  1.73e+02  9.94e-01 1.05e-03   1155s
  18   2.27796103e+01 -8.79200178e-01  2.33e+00 7.25e-05  1.17e+00 *1.97e-06 4.08e-02  1.73e+02  9.94e-01 9.51e-07   1244s
  19   2.27796103e+01 -8.79200178e-01  2.33e+00 7.25e-05  1.17e+00 *1.97e-06 4.08e-02  1.73e+02  9.94e-01 8.17e-10   1334s
  20   2.27796103e+01 -8.79200178e-01  2.33e+00 7.25e-05  1.17e+00 *1.97e-06 4.08e-02  1.73e+02  9.94e-01 3.18e-13   1424s
  21   2.27796103e+01 -8.79200178e-01  2.33e+00 7.25e-05  1.17e+00 *1.97e-06 4.08e-02  1.73e+02  9.94e-01 1.05e-14   1514s
  22   2.27796103e+01 -8.79200178e-01  2.33e+00 7.25e-05  1.17e+00 *1.97e-06 4.08e-02  1.73e+02  9.94e-01 1.96e-14   1602s
  23   2.27796103e+01 -8.79200178e-01  2.33e+00 7.25e-05  1.17e+00 *1.97e-06 4.08e-02  1.73e+02  9.94e-01 2.32e-14   1689s
  24   2.27796103e+01 -8.79200178e-01  2.33e+00 7.25e-05  1.17e+00 *1.97e-06 4.08e-02  1.73e+02  9.94e-01 1.78e-14   1775s
